[ 0 30]
[32 51]
[52 71]
[ 73 116]
[118 202]
[203 459]
[460 519]
[520 545]
[546 575]
[576 609]
[610 646]
[647 679]
[680 709]
[710 737]
[738 770]
[771 807]
[808 838]
[839 865]
[866 892]
[893 942]
[ 943 1276]
[1277 1343]
[1344 1419]
[1420 1506]
[1507 1573]
[1574 1638]
[1639 1714]
[1715 1774]
[1775 1806]
[1807 1898]
[1899 1959]
[1960 2026]
[2027 2083]
[2084 2128]
[2129 2160]
[2161 2206]
[2207 2239]
[2240 2282]
[2283 2687]
[2688 2750]
[2751 2820]
[2821 2894]
[2895 2956]
[2957 3033]
[3034 3097]
[3098 3167]
[3168 3228]
[3229 3283]
[3284 3294]
[3295 3316]
[3317 3552]
[3553 3672]
[3673 3744]
[3745 3812]
[3813 3873]
[3874 3930]
[3931 3979]
[3980 4033]
[4034 4089]
[4090 4148]
[4149 4201]
[4202 4299]
[4300 4360]
[4361 4414]
[4415 4460]
[4461 4515]
[4516 4567]
[4568 4634]
[4635 4671]
[4672 4711]
[4712 5100]
[5101 5159]
[5160 5210]
[5211 5369]
[5370 5430]
[5431 5476]
[5477 5523]
[5524 5572]
[5573 5617]
[5618 5664]
[5665 5752]
[5753 5788]
[5789 5842]
[5843 5884]
[5885 5984]
[5985 6090]
[6091 6141]
[6142 6197]
[6198 6297]
[6298 6387]
[6388 6447]
[6448 6517]
[6518 6548]
[6549 6606]
[6607 6683]
[6684 6990]
[6991 7063]
[7064 7140]
[7141 7176]
[7177 7228]
[7229 7277]
[7278 7401]
[7402 7490]
[7491 7548]
[7549 7596]
[7597 7665]
[7666 7743]
[7744 7824]
[7825 7967]
[7968 8037]
[8038 8158]
[8159 8232]
[8233 8303]
[8304 8368]
[8369 8456]
[8457 8533]
[8534 8610]
[8611 9015]
[9017 9085]
[9086 9133]
[9134 9265]
[9266 9546]
[9547 9606]
[9607 9649]
[9650 9691]
[9692 9735]
[9736 9769]
[9770 9884]
[9885 9910]
[9911 9965]
[ 9966 10011]
[10012 10067]
[10068 10154]
[10155 10288]
[10289 10336]
[10337 10386]
[10387 10429]
[10430 10476]
[10477 10780]
[10781 10911]
[10912 10980]
[10981 11060]
[11061 11111]
[11112 11183]
[11184 11275]
[11276 11342]
[11343 11409]
[11410 11535]
[11536 11604]
[11605 11624]
[11625 11679]
[11680 11743]
[11744 11815]
[11816 11881]
[11882 11942]
[11943 12012]
[12013 12083]
[12084 12147]
[12148 12216]
[12217 12285]
[12286 12750]
[12751 12795]
[12796 12835]
[12836 12852]
[12853 12877]
[12878 12917]
[12918 12976]
[12977 13037]
[13038 13118]
[13119 13227]
[13228 13366]
[13367 13408]
[13409 13510]
[13511 13591]
[13592 13628]
[13629 13700]
[13701 13815]
[13816 13885]
[13887 13930]
[13931 14058]
[14059 14137]
[14138 14463]
[14464 14609]
[14610 14942]
[14943 15088]
[15089 15403]
[15404 15606]
[15607 15826]
[15827 15970]
[15971 16007]
[16008 16054]
[16055 16079]
[16080 16104]
[16105 16131]
[16132 16154]
[16155 16179]
[16180 16224]
[16225 16241]
[16242 16258]
[16259 16273]
[16274 16296]
[16297 16347]
[16348 16365]
[16366 16392]
[16393 16435]
[16436 16478]
[16479 16558]
[16559 16643]
[16644 16674]
[16675 16697]
[16698 16717]
[16718 16736]
[16737 16746]
[16747 16797]
[16798 16819]
[16820 16842]
[16843 16875]
[16876 16894]
[16895 16919]
[16920 16935]
[16936 16972]
[16973 17002]
[17003 17019]
[17020 17030]
[17031 17537]
[17538 17620]
[17621 17696]
[17697 17778]
[17779 17859]
[17860 17943]
[17944 18020]
[18021 18096]
[18097 18198]
[18199 18278]
[18279 18364]
[18365 18413]
[18414 18493]
[18494 18565]
[18566 18618]
[18619 18682]
[18683 18744]
[18745 18817]
[18818 18857]
[18858 19272]
[19273 19362]
[19363 19446]
[19447 19533]
[19534 19600]
[19601 19680]
[19681 19761]
[19762 19843]
[19844 19985]
[19986 20085]
[20086 20155]
[20156 20235]
[20236 20290]
[20291 20560]
[20561 21474]
[21475 21817]
[21818 21869]
[21870 21924]
[21925 22002]
[22003 22053]
[22054 22101]
[22102 22148]
[22149 22185]
[22186 22228]
[22229 22295]
[22296 22392]
[22393 22572]
[22573 22638]
[22639 22657]
[22658 22714]
[22715 22898]
[22899 22952]
[22953 23080]
[23081 23094]
[23095 23129]
[23130 23195]
[23196 23239]
[23240 23270]
[23271 23302]
[23303 23357]
[23358 23395]
[23396 23426]
[23427 23463]
[23464 23900]
[23901 23952]
[23953 23999]
[24000 24038]
[24039 24089]
[24090 24125]
[24126 24181]
[24182 24222]
[24223 24269]
[24270 24421]
[24422 24527]
[24528 24573]
[24574 24647]
[24648 24805]
[24806 24925]
[24926 24969]
[24970 25077]
[25078 25139]
[25140 25223]
[25224 25254]
[25255 25282]
[25283 25306]
[25307 25331]
[25332 25365]
[25366 25403]
[25404 25468]
[25469 25508]
[25509 25564]
[25565 25663]
[25664 25666]
[25667 26150]
[26151 26338]
[26339 26564]
[26565 26794]
[26795 26824]
[26825 27221]
[27222 27273]
[27274 27367]
[27368 27432]
[27433 27462]
[27463 27526]
[27527 27606]
[27607 27682]
[27683 27815]
[27816 27911]
[27912 27982]
[27983 28037]
[28038 28300]
[28301 28399]
