[ 0 27]
[29 48]
[49 68]
[ 70 113]
[115 205]
[206 468]
[469 525]
[526 553]
[554 587]
[588 618]
[619 652]
[653 683]
[684 717]
[718 746]
[747 772]
[773 819]
[820 856]
[857 886]
[887 998]
[ 999 1490]
[1491 1575]
[1576 1628]
[1629 1703]
[1704 1749]
[1750 1859]
[1860 1888]
[1889 1950]
[1951 2030]
[2031 2115]
[2116 2174]
[2175 2213]
[2214 2243]
[2244 2325]
[2326 2997]
[2999 3053]
[3054 3101]
[3102 3133]
[3134 3188]
[3189 3307]
[3308 3371]
[3372 3409]
[3410 3447]
[3448 3471]
[3472 3537]
[3538 3564]
[3565 3591]
[3592 3622]
[3623 3675]
[3676 3723]
[3724 3773]
[3774 3813]
[3814 3893]
[3894 3928]
[3929 4004]
[4005 4039]
[4040 4125]
[4126 4185]
[4186 4232]
[4233 4267]
[4268 4308]
[4309 4460]
[4461 4531]
[4532 4587]
[4588 4694]
[4695 5109]
[5110 5164]
[5165 5211]
[5212 5243]
[5244 5288]
[5289 5333]
[5334 5397]
[5398 5443]
[5444 5467]
[5468 5519]
[5520 5570]
[5571 5608]
[5609 5631]
[5632 5715]
[5716 5767]
[5768 5811]
[5812 5882]
[5883 5904]
[5905 5963]
[5964 6024]
[6025 6098]
[6099 6169]
[6170 6207]
[6208 6253]
[6254 6309]
[6310 6353]
[6354 6399]
[6400 6458]
[6459 6501]
[6502 6536]
[6537 6582]
[6583 6627]
[6628 6699]
[6700 7244]
[7245 8234]
[8235 8516]
[8517 8557]
[8558 8607]
[8608 8668]
[8669 8692]
[8693 8734]
[8735 8769]
[8770 8927]
[8928 8954]
[8955 8990]
[8991 9036]
[9037 9162]
[9163 9194]
[9195 9228]
[9229 9264]
[9265 9299]
[9300 9326]
[9327 9371]
[9372 9408]
[9409 9477]
[9478 9599]
[9600 9612]
[9613 9670]
[9671 9694]
[9695 9706]
[9707 9764]
[9765 9803]
[9804 9850]
[9851 9900]
[9901 9932]
[9933 9979]
[ 9980 10375]
[10376 10395]
[10396 10430]
[10431 10483]
[10484 10517]
[10518 10556]
[10557 10615]
[10616 10645]
[10646 10728]
[10729 10774]
[10775 10822]
[10823 10873]
[10874 10916]
[10917 10972]
[10973 11033]
[11034 11072]
[11073 11139]
[11140 11663]
[11665 11699]
[11700 11749]
[11750 11801]
[11802 11849]
[11850 11892]
[11893 12010]
[12011 12045]
[12046 12257]
[12258 12301]
[12302 12337]
[12338 12399]
[12400 12543]
[12544 12591]
[12592 12638]
[12639 12688]
[12689 12733]
[12734 12797]
[12798 12861]
[12862 12908]
[12909 12990]
[12991 13052]
[13053 13523]
[13524 13639]
[13640 13856]
[13857 13916]
[13917 13983]
[13984 14168]
[14169 14324]
[14325 14380]
[14381 14468]
[14469 14550]
[14551 14627]
[14628 14713]
[14714 15069]
[15070 15126]
[15127 15216]
[15217 15317]
[15318 15427]
[15428 15508]
[15509 15571]
[15572 15656]
[15657 15716]
[15717 15802]
[15803 15878]
[15879 15937]
[15938 16062]
[16063 16122]
[16123 16159]
[16160 16477]
[16478 16556]
[16557 16593]
[16594 16645]
[16646 16771]
[16772 16854]
[16855 16928]
[16929 16985]
[16986 17030]
[17031 17088]
[17089 17131]
[17132 17175]
[17176 17246]
[17247 17285]
[17286 17331]
[17332 17380]
[17381 17429]
[17430 17461]
[17462 17504]
[17505 17884]
[17886 17982]
[17983 18090]
[18091 18182]
[18183 18248]
[18249 18459]
[18460 18535]
[18536 18600]
[18601 18679]
[18680 18819]
[18820 18915]
[18916 18999]
[19000 19053]
[19054 19092]
[19093 19130]
[19131 19165]
[19166 19260]
[19261 19529]
[19530 19682]
[19683 19749]
[19750 19838]
[19839 19928]
[19929 19995]
[19996 20059]
[20060 20123]
[20124 20216]
[20217 20309]
[20310 20612]
[20613 20888]
[20889 21068]
[21069 21246]
[21247 21305]
[21306 21360]
[21361 21419]
[21420 21681]
[21682 21744]
[21745 21883]
[21884 21978]
[21979 22079]
[22080 22201]
[22202 22277]
[22278 22376]
[22377 22617]
[22618 22678]
[22679 22772]
[22773 22823]
[22824 22920]
[22921 22980]
[22981 23050]
[23051 23119]
[23120 23187]
[23188 23251]
[23252 23306]
[23307 23362]
[23363 23381]
[23382 23447]
[23448 24091]
[24092 24166]
[24167 24253]
[24254 24315]
[24316 24378]
[24379 24476]
[24477 24611]
[24612 24716]
[24717 24838]
[24839 24960]
[24961 25069]
[25070 25184]
[25186 25223]
[25224 25341]
[25342 25700]
[25701 25799]
