[ 0 26]
[28 47]
[48 67]
[ 69 112]
[114 215]
[216 486]
[487 555]
[556 586]
[587 616]
[617 682]
[683 713]
[714 743]
[744 771]
[772 806]
[807 839]
[840 870]
[871 901]
[902 930]
[931 989]
[ 990 1435]
[1436 1546]
[1547 1570]
[1571 1597]
[1598 1683]
[1684 1688]
[1689 1759]
[1760 1787]
[1788 1827]
[1828 1866]
[1867 1976]
[1977 2021]
[2022 2068]
[2069 2100]
[2101 2195]
[2196 2294]
[2296 2338]
[2339 2424]
[2425 2733]
[2734 2768]
[2769 2816]
[2817 2867]
[2868 2907]
[2908 2941]
[2942 2986]
[2987 3077]
[3078 3112]
[3113 3138]
[3139 3176]
[3177 3218]
[3219 3280]
[3281 3330]
[3331 3398]
[3399 3447]
[3448 3487]
[3488 3522]
[3523 3563]
[3564 3609]
[3610 3682]
[3683 3719]
[3720 3766]
[3767 3838]
[3839 3888]
[3889 3932]
[3933 3972]
[3973 4012]
[4013 4259]
[4260 4298]
[4299 4330]
[4331 4369]
[4370 4411]
[4412 4469]
[4470 4539]
[4540 4639]
[4640 4709]
[4710 4834]
[4835 4936]
[4937 5037]
[5038 5079]
[5080 5158]
[5159 5284]
[5285 5353]
[5354 5446]
[5447 5505]
[5506 5951]
[5952 6000]
[6001 6042]
[6043 6098]
[6099 6214]
[6215 6253]
[6254 6292]
[6293 6329]
[6330 6372]
[6373 6450]
[6451 6596]
[6597 6683]
[6684 6758]
[6759 6829]
[6830 6878]
[6879 6941]
[6942 7001]
[7002 7071]
[7072 7168]
[7169 7227]
[7228 7518]
[7519 7603]
[7604 7689]
[7690 7765]
[7766 7857]
[7858 7933]
[7934 8000]
[8001 8073]
[8074 8110]
[8111 8440]
[8441 8485]
[8486 8556]
[8557 8622]
[8623 8674]
[8675 8714]
[8715 8785]
[8786 8857]
[8858 9011]
[9012 9057]
[9058 9118]
[9119 9190]
[9191 9248]
[9249 9291]
[9292 9337]
[9338 9375]
[9376 9411]
[9412 9494]
[9495 9581]
[9582 9650]
[9651 9713]
[9714 9747]
[9748 9795]
[ 9796 10213]
[10214 10296]
[10297 10356]
[10357 10456]
[10457 10521]
[10522 10600]
[10601 10688]
[10689 10768]
[10769 10846]
[10847 10960]
[10961 11095]
[11096 11184]
[11185 11262]
[11263 11326]
[11327 11403]
[11404 11440]
[11441 11543]
[11544 11930]
[11931 12007]
[12008 12063]
[12064 12144]
[12145 12240]
[12241 12310]
[12311 12427]
[12428 12578]
[12579 12687]
[12688 12789]
[12790 12943]
[12944 13431]
[13432 13495]
[13496 13551]
[13552 13635]
[13636 13705]
[13706 13812]
[13813 13862]
[13863 13912]
[13913 13952]
[13953 14048]
[14049 14098]
[14099 14138]
[14139 14188]
[14189 14296]
[14297 14346]
[14347 14396]
[14397 14458]
[14459 14781]
[14782 14827]
[14828 14864]
[14865 14909]
[14910 14952]
[14953 14974]
[14975 15002]
[15003 15056]
[15057 15123]
[15124 15150]
[15151 15222]
[15223 15256]
[15257 15310]
[15311 15368]
[15369 15453]
[15454 15513]
[15514 15578]
[15579 15631]
[15632 15665]
[15666 15686]
[15687 15734]
[15735 16082]
[16083 16145]
[16146 16210]
[16211 16268]
[16269 16366]
[16367 16449]
[16450 16501]
[16502 16557]
[16558 16614]
[16615 16710]
[16711 16810]
[16811 16911]
[16912 16948]
[16949 17137]
[17138 17210]
[17211 17295]
[17296 17356]
[17357 17419]
[17420 17522]
[17523 17588]
[17589 17632]
[17633 17677]
[17678 17720]
[17721 17768]
[17769 18028]
[18029 18295]
[18296 18355]
[18356 18410]
[18411 18467]
[18468 18530]
[18531 18597]
[18598 18715]
[18716 18810]
[18811 19092]
[19093 19462]
[19463 19513]
[19514 19599]
[19600 19640]
[19641 19679]
[19680 19718]
[19719 19753]
[19754 19804]
[19805 19862]
[19863 19927]
[19928 19979]
[19980 20026]
[20027 20071]
[20072 20116]
[20117 20155]
[20156 20491]
[20492 20561]
[20562 20612]
[20613 20735]
[20736 20769]
[20770 20820]
[20821 20871]
[20872 20900]
[20901 20936]
[20937 20969]
[20970 21005]
[21006 21048]
[21049 21087]
[21088 21130]
[21131 21173]
[21174 21215]
[21216 21261]
[21262 21297]
[21298 21357]
[21358 21599]
[21600 22650]
[22651 22949]
[22950 23668]
[23669 23767]
[23768 24201]
[24202 24254]
[24255 24304]
[24305 24354]
[24355 24404]
[24405 24434]
[24435 24484]
[24485 24554]
[24555 24604]
[24605 24634]
[24635 24699]
[24700 24759]
[24760 24829]
[24830 24931]
[24932 25114]
[25115 25193]
[25194 25331]
[25332 25371]
[25372 25415]
[25416 25447]
[25448 25512]
[25513 25592]
[25593 25788]
[25789 25899]
