[ 0 26]
[28 47]
[48 67]
[ 69 112]
[114 176]
[178 450]
[451 508]
[509 546]
[547 575]
[576 602]
[603 635]
[636 663]
[664 680]
[681 702]
[703 729]
[730 759]
[760 804]
[805 834]
[835 882]
[883 958]
[ 959 1330]
[1332 1445]
[1446 1492]
[1493 1550]
[1551 1609]
[1610 1772]
[1773 1860]
[1861 1944]
[1945 1984]
[1985 2029]
[2030 2097]
[2098 2159]
[2160 2203]
[2204 2379]
[2380 2436]
[2437 2503]
[2504 2569]
[2570 2606]
[2607 2663]
[2664 2955]
[2957 3003]
[3004 3032]
[3033 3051]
[3052 3070]
[3071 3099]
[3100 3226]
[3227 3289]
[3290 3362]
[3363 3406]
[3407 3458]
[3459 3481]
[3482 3500]
[3501 3544]
[3545 3600]
[3601 3656]
[3657 3720]
[3721 3769]
[3770 3856]
[3857 3910]
[3911 3973]
[3974 4035]
[4036 4073]
[4074 4138]
[4139 4170]
[4171 4261]
[4262 4301]
[4302 4348]
[4349 4942]
[4943 5004]
[5005 5100]
[5101 5196]
[5197 5277]
[5278 5373]
[5374 5451]
[5452 5516]
[5517 5545]
[5546 5596]
[5597 5660]
[5661 5749]
[5750 5769]
[5770 5879]
[5880 5958]
[5959 6038]
[6039 6109]
[6110 6220]
[6221 6701]
[6702 6904]
[6905 7138]
[7139 7183]
[7184 7237]
[7238 7518]
[7519 7664]
[7665 7809]
[7810 8010]
[8011 8143]
[8144 8226]
[8227 8534]
[8535 8594]
[8595 8625]
[8626 8683]
[8684 8740]
[8741 8884]
[8885 9083]
[9084 9208]
[9209 9226]
[9227 9271]
[9272 9359]
[9360 9466]
[9467 9550]
[9551 9664]
[9665 9733]
[9734 9836]
[9837 9859]
[ 9860 10040]
[10041 10159]
[10160 10230]
[10231 10289]
[10290 10407]
[10408 10553]
[10555 10605]
[10606 10657]
[10658 10764]
[10765 10821]
[10822 10857]
[10858 10898]
[10899 10989]
[10990 11099]
[11100 11151]
[11152 11193]
[11194 11259]
[11260 11369]
[11370 11447]
[11448 11474]
[11475 11525]
[11526 11577]
[11578 11633]
[11634 11699]
[11700 11761]
[11762 11812]
[11813 11861]
[11862 11900]
[11901 11949]
[11950 12010]
[12011 12140]
[12141 12291]
[12292 12320]
[12321 12430]
[12431 12455]
[12456 12486]
[12487 12582]
[12583 12860]
[12861 13551]
[13552 13653]
[13654 13819]
[13820 14010]
[14012 14088]
[14089 14188]
[14189 14344]
[14345 14412]
[14413 14508]
[14509 14607]
[14608 14831]
[14832 14966]
[14967 15098]
[15099 15236]
[15237 15372]
[15373 15714]
[15716 15735]
[15736 15786]
[15787 15840]
[15841 15900]
[15901 15956]
[15957 16034]
[16035 16095]
[16096 16245]
[16246 16311]
[16312 16383]
[16384 16437]
[16438 16472]
[16473 16521]
[16522 16576]
[16577 16607]
[16608 16649]
[16650 16687]
[16688 16732]
[16733 16782]
[16783 17092]
[17093 17267]
[17268 17327]
[17328 17409]
[17410 17460]
[17461 17509]
[17510 17635]
[17636 17712]
[17713 17795]
[17796 17852]
[17853 18159]
[18160 18223]
[18224 18300]
[18301 18350]
[18351 18485]
[18486 18549]
[18550 18632]
[18633 19024]
[19025 19187]
[19188 19237]
[19238 19439]
[19440 19467]
[19468 19491]
[19492 19553]
[19554 19608]
[19609 19759]
[19760 19864]
[19865 20035]
[20036 20061]
[20062 20092]
[20093 20131]
[20132 20330]
[20331 20493]
[20494 20536]
[20537 20589]
[20590 20612]
[20613 20673]
[20674 20732]
[20733 20783]
[20784 20818]
[20819 20937]
[20938 21406]
[21407 21452]
[21453 21482]
[21483 21529]
[21530 21577]
[21578 21626]
[21627 21678]
[21679 21723]
[21724 21768]
[21769 21811]
[21812 21856]
[21857 21903]
[21904 21942]
[21943 21992]
[21993 22039]
[22040 22112]
[22113 22170]
[22171 22234]
[22235 22311]
[22312 22405]
[22406 22750]
[22751 22820]
[22821 22873]
[22874 22897]
[22898 22937]
[22938 22972]
[22973 23012]
[23013 23059]
[23060 23128]
[23129 23208]
[23209 23285]
[23286 23349]
[23350 23415]
[23416 23493]
[23494 23570]
[23571 23685]
[23686 23744]
[23745 24146]
[24147 24222]
[24223 24287]
[24288 24396]
[24397 24508]
[24509 24630]
[24631 24736]
[24737 24850]
[24851 24939]
[24940 25016]
[25017 25153]
[25154 25524]
[25525 25678]
[25679 25720]
[25721 25781]
[25782 25887]
[25888 25966]
[25967 26059]
[26060 26117]
[26118 26267]
[26268 26333]
[26334 26391]
[26392 26736]
[26737 26778]
[26779 26855]
[26856 26942]
[26943 26987]
[26988 27331]
[27332 27985]
[27986 28090]
[28091 28211]
[28212 28259]
[28260 28307]
[28308 28540]
[28541 28838]
[28839 29067]
[29068 29220]
[29221 29365]
[29366 29505]
[29506 29585]
[29586 29630]
[29631 29692]
[29693 29739]
[29740 29785]
[29786 29847]
[29848 29904]
[29905 30001]
[30002 30171]
[30172 30208]
[30209 30363]
[30364 30459]
[30460 30518]
[30519 30568]
[30569 30620]
[30621 30664]
[30665 30679]
[30680 30728]
[30729 30838]
[30839 30912]
[30913 30956]
[30957 31023]
[31024 31092]
[31093 31125]
[31126 31212]
[31213 31283]
[31284 31362]
[31363 31420]
[31421 31511]
[31512 31599]
[31600 31685]
[31686 31972]
[31973 32145]
[32146 32238]
[32239 32440]
[32441 32570]
[32571 32674]
[32675 32759]
[32760 32899]
[32900 33029]
[33030 33287]
[33289 33505]
[33506 33704]
[33706 33799]
