[ 0 33]
[35 54]
[55 74]
[ 76 119]
[121 204]
[206 461]
[462 517]
[518 553]
[554 566]
[567 583]
[584 611]
[612 644]
[645 680]
[681 710]
[711 738]
[739 768]
[769 801]
[802 832]
[833 863]
[864 893]
[894 927]
[928 961]
[962 999]
[1000 1097]
[1098 1365]
[1366 1430]
[1431 1470]
[1471 1516]
[1517 1565]
[1566 1633]
[1634 1688]
[1689 1768]
[1769 1804]
[1805 2223]
[2224 2272]
[2273 2331]
[2332 2392]
[2393 2457]
[2458 2522]
[2523 2590]
[2591 2649]
[2650 2701]
[2702 2771]
[2772 2805]
[2806 2841]
[2842 2901]
[2902 2966]
[2967 3006]
[3007 3338]
[3339 3611]
[3612 3905]
[3906 3988]
[3989 4089]
[4090 4140]
[4141 4226]
[4227 4301]
[4302 4376]
[4377 4521]
[4522 4563]
[4564 4888]
[4889 4943]
[4944 5014]
[5015 5079]
[5080 5141]
[5142 5241]
[5242 5282]
[5283 5320]
[5321 5501]
[5502 5568]
[5569 5648]
[5649 5681]
[5682 5699]
[5700 5743]
[5744 5794]
[5795 5833]
[5834 5882]
[5883 5934]
[5935 5998]
[5999 6116]
[6117 6363]
[6364 6457]
[6458 6537]
[6538 6631]
[6632 6717]
[6718 6755]
[6756 6793]
[6794 6825]
[6826 6897]
[6898 7006]
[7007 7104]
[7105 7190]
[7191 7293]
[7294 7375]
[7376 7429]
[7430 7539]
[7540 7565]
[7566 7607]
[7608 7656]
[7657 7732]
[7733 7767]
[7768 7846]
[7847 7884]
[7885 7927]
[7928 7967]
[7968 8072]
[8073 8215]
[8216 8295]
[8296 8486]
[8487 8678]
[8679 8706]
[8707 8790]
[8791 8868]
[8869 8942]
[8943 8969]
[8970 9014]
[9015 9178]
[9179 9197]
[9198 9213]
[9214 9255]
[9256 9299]
[9300 9344]
[9345 9371]
[9372 9430]
[9431 9453]
[9454 9508]
[9509 9541]
[9542 9612]
[9613 9639]
[9640 9673]
[9674 9749]
[9750 9782]
[9783 9827]
[9828 9876]
[9877 9921]
[9922 9968]
[ 9969 10001]
[10002 10031]
[10032 10085]
[10086 10129]
[10130 10174]
[10175 10217]
[10218 10265]
[10266 10309]
[10310 10351]
[10352 10395]
[10396 10440]
[10441 10519]
[10520 10827]
[10828 10884]
[10885 10964]
[10965 11047]
[11048 11102]
[11103 11153]
[11154 11204]
[11205 11253]
[11254 11307]
[11308 11501]
[11502 11573]
[11574 11623]
[11624 11688]
[11689 11728]
[11729 11817]
[11818 11921]
[11922 11983]
[11984 12061]
[12062 12120]
[12121 12206]
[12207 12275]
[12276 12645]
[12646 12685]
[12686 12812]
[12813 12925]
[12926 13020]
[13021 13100]
[13101 13172]
[13173 13254]
[13255 13340]
[13341 13432]
[13433 13662]
[13663 13794]
[13795 13928]
[13929 14292]
[14293 14348]
[14349 14407]
[14408 14463]
[14464 14589]
[14590 14665]
[14666 14707]
[14708 14752]
[14753 14901]
[14902 14948]
[14949 14990]
[14991 15046]
[15047 15072]
[15073 15114]
[15115 15156]
[15157 15197]
[15198 15259]
[15260 15331]
[15332 15386]
[15387 15438]
[15439 15473]
[15474 15514]
[15515 15560]
[15561 15837]
[15838 15935]
[15936 16019]
[16020 16117]
[16118 16232]
[16233 16323]
[16324 16416]
[16417 16446]
[16447 16519]
[16520 16630]
[16631 16681]
[16682 16741]
[16742 16796]
[16797 16851]
[16852 16901]
[16902 16953]
[16954 17027]
[17028 17079]
[17080 17128]
[17129 17211]
[17212 17607]
[17608 17659]
[17660 17686]
[17687 17731]
[17732 17778]
[17779 17828]
[17829 17875]
[17876 17930]
[17931 17977]
[17978 18020]
[18021 18069]
[18070 18153]
[18154 18420]
[18421 18465]
[18466 18506]
[18507 18535]
[18536 18581]
[18582 18629]
[18630 18682]
[18683 18708]
[18709 18765]
[18766 18818]
[18819 19208]
[19209 19258]
[19259 19356]
[19357 19609]
[19610 19685]
[19686 19770]
[19771 19859]
[19860 19902]
[19903 19947]
[19949 20009]
[20010 20083]
[20084 20119]
[20120 20201]
[20202 20249]
[20250 20346]
[20347 20404]
[20405 20448]
[20449 20493]
[20494 20536]
[20537 20584]
[20585 20625]
[20626 20659]
[20660 20695]
[20696 20734]
[20735 20770]
[20771 20843]
[20844 21151]
[21152 21333]
[21334 21605]
[21606 21852]
[21853 22177]
[22178 22456]
[22457 22528]
[22529 22586]
[22587 22676]
[22677 22731]
[22732 22809]
[22810 22972]
[22973 23060]
[23061 23103]
[23104 23224]
[23225 23412]
[23413 23493]
[23494 23586]
[23587 23638]
[23639 23720]
[23721 23782]
[23783 23993]
[23994 24058]
[24059 24104]
[24105 24163]
[24164 24186]
[24187 24599]
[24600 24622]
[24623 24770]
[24771 24852]
[24853 24874]
[24875 24915]
[24916 24947]
[24948 24983]
[24984 25019]
[25020 25067]
[25068 25101]
[25102 25140]
[25141 25162]
[25163 25217]
[25218 25259]
[25260 25314]
[25315 25348]
[25349 25391]
[25392 25426]
[25427 25458]
[25459 25569]
[25570 25915]
[25916 25989]
[25990 26065]
[26066 26117]
[26118 26244]
[26245 26364]
[26365 26422]
[26423 26550]
[26551 26657]
[26658 26707]
[26708 26760]
[26761 26800]
[26801 27232]
[27233 27281]
[27282 27327]
[27328 27361]
[27362 27397]
[27398 27445]
[27446 27561]
[27562 27651]
[27652 27733]
[27734 27805]
[27806 27892]
[27893 27939]
[27940 27989]
[27990 28019]
[28020 28088]
[28089 28188]
[28189 28266]
[28267 28336]
[28337 28436]
[28437 28477]
[28479 28563]
[28564 28730]
[28731 28814]
[28815 29218]
[29219 29428]
[29429 29597]
[29598 29652]
[29653 29889]
[29890 29977]
[29978 30348]
[30349 30399]
