[ 0 29]
[31 50]
[51 70]
[ 72 115]
[117 195]
[196 645]
[646 687]
[688 750]
[751 771]
[772 852]
[853 896]
[897 950]
[951 982]
[ 983 1021]
[1022 1098]
[1099 1570]
[1572 1634]
[1635 1720]
[1721 1847]
[1848 1907]
[1908 1970]
[1971 2043]
[2044 2099]
[2100 2155]
[2156 2197]
[2198 2238]
[2239 2294]
[2295 2350]
[2351 2395]
[2396 2443]
[2444 2520]
[2521 2580]
[2581 2644]
[2645 2703]
[2704 2759]
[2760 2819]
[2820 2845]
[2846 3431]
[3433 3479]
[3480 3549]
[3550 3622]
[3623 3691]
[3692 3695]
[3696 3782]
[3783 3868]
[3869 3960]
[3961 4044]
[4045 4150]
[4151 4219]
[4220 4292]
[4293 4355]
[4356 4431]
[4432 4469]
[4470 4527]
[4528 4562]
[4563 4682]
[4683 4723]
[4724 4748]
[4749 4780]
[4781 4822]
[4823 4869]
[4870 5516]
[5517 5600]
[5601 5738]
[5739 5855]
[5856 5950]
[5951 6026]
[6027 6079]
[6080 6133]
[6134 6217]
[6218 6301]
[6302 6385]
[6386 6454]
[6455 6477]
[6478 6521]
[6522 6613]
[6614 6733]
[6734 6811]
[6812 6881]
[6882 7366]
[7367 7450]
[7451 7529]
[7530 7613]
[7614 7664]
[7665 7722]
[7723 7773]
[7774 7921]
[7922 7975]
[7976 8028]
[8029 8179]
[8180 8258]
[8259 8313]
[8314 8410]
[8411 8439]
[8440 8489]
[8490 8520]
[8521 8551]
[8552 8591]
[8592 8708]
[8709 8767]
[8768 8812]
[8813 8890]
[8891 8938]
[8939 8986]
[8987 9027]
[9028 9061]
[9062 9774]
[9775 9938]
[ 9939 10014]
[10015 10194]
[10195 10475]
[10476 10732]
[10733 10898]
[10899 11039]
[11040 11162]
[11163 11601]
[11602 11781]
[11782 11865]
[11866 11915]
[11916 12014]
[12015 12161]
[12162 12278]
[12280 12350]
[12351 12424]
[12425 12482]
[12483 12545]
[12546 12608]
[12609 12662]
[12663 12794]
[12795 12878]
[12879 12948]
[12949 12991]
[12992 13040]
[13041 13103]
[13104 13186]
[13187 13258]
[13259 13324]
[13325 13381]
[13382 13417]
[13418 13523]
[13524 13561]
[13562 13630]
[13631 13724]
[13725 13817]
[13818 14270]
[14271 14307]
[14308 14378]
[14379 14451]
[14452 14557]
[14558 14611]
[14613 14806]
[14807 14878]
[14879 14928]
[14929 14993]
[14994 15037]
[15038 15114]
[15115 15165]
[15166 15215]
[15216 15249]
[15250 15283]
[15284 15335]
[15336 15360]
[15361 15681]
[15682 15740]
[15741 15926]
[15927 16027]
[16028 16113]
[16114 16236]
[16237 16420]
[16421 16555]
[16556 16688]
[16689 17102]
[17103 17196]
[17197 17288]
[17289 17382]
[17383 17476]
[17477 17610]
[17611 17804]
[17805 17901]
[17902 18179]
[18180 18273]
[18274 18366]
[18367 18466]
[18467 18546]
[18547 18626]
[18628 18950]
[18951 18998]
[18999 19097]
[19098 19152]
[19153 19198]
[19199 19245]
[19246 19286]
[19287 19310]
[19311 19344]
[19345 19392]
[19393 19433]
[19434 19472]
[19473 19520]
[19521 19564]
[19565 19625]
[19626 19673]
[19674 19727]
[19728 19794]
[19795 19861]
[19862 19924]
[19925 19982]
[19983 20031]
[20032 20080]
[20081 20126]
[20127 20167]
[20168 20198]
[20199 20225]
[20226 20289]
[20290 20323]
[20324 20365]
[20366 20392]
[20393 20416]
[20417 20724]
[20725 20826]
[20827 20926]
[20927 21021]
[21022 21121]
[21122 21221]
[21222 21313]
[21314 21415]
[21416 21509]
[21510 21609]
[21610 21709]
[21710 21790]
[21791 21844]
[21845 22024]
[22025 22098]
[22099 22194]
[22195 22285]
[22286 22651]
[22652 22931]
[22932 23053]
[23054 23142]
[23143 23641]
[23642 23739]
[23740 23840]
[23841 23937]
[23938 24031]
[24032 24107]
[24108 24209]
[24210 24319]
[24320 24409]
[24410 24513]
[24514 24558]
[24559 24676]
[24677 24720]
[24721 24862]
[24863 25361]
[25362 25430]
[25431 25509]
[25510 25641]
[25642 25707]
[25708 25814]
[25815 25884]
[25885 26154]
[26155 26234]
[26235 26338]
[26339 26489]
[26490 26543]
[26544 26998]
[26999 27106]
[27107 27203]
[27204 27306]
[27307 27410]
[27411 27506]
[27507 27604]
[27605 27617]
[27618 27706]
[27707 27794]
[27795 27901]
[27902 27966]
[27967 28069]
[28070 28414]
[28415 28518]
[28519 28610]
[28611 28692]
[28693 28981]
[28982 29060]
[29061 29135]
[29136 29211]
[29212 29310]
[29311 29385]
[29386 29460]
[29461 29535]
[29536 29610]
[29611 29685]
[29686 29760]
[29761 29835]
[29836 29910]
[29911 29985]
[29986 30063]
[30064 30135]
[30136 30200]
[30201 30266]
[30267 30328]
[30329 30391]
[30392 30791]
[30792 30940]
[30941 31123]
[31124 31174]
[31175 31245]
[31246 31348]
[31349 31447]
[31448 31497]
[31498 31621]
[31622 31732]
[31733 31780]
[31781 31831]
[31832 31891]
[31892 32176]
[32177 32249]
[32250 32317]
[32318 32378]
[32379 32452]
[32453 32527]
[32528 32602]
[32603 32677]
[32678 32747]
[32748 33136]
[33137 33249]
