[ 0 17]
[19 38]
[39 58]
[ 60 103]
[105 193]
[195 449]
[450 509]
[510 554]
[555 574]
[575 635]
[636 671]
[672 719]
[720 760]
[761 886]
[887 944]
[945 998]
[ 999 1088]
[1089 1571]
[1572 1623]
[1624 1674]
[1675 1718]
[1719 1763]
[1764 1803]
[1804 1852]
[1853 1907]
[1908 1953]
[1954 2070]
[2071 2183]
[2184 2236]
[2237 2273]
[2274 2328]
[2329 2393]
[2394 2430]
[2431 2482]
[2483 2553]
[2554 2601]
[2602 2647]
[2648 2681]
[2682 2709]
[2710 2754]
[2755 2896]
[2897 2947]
[2948 2984]
[2985 3035]
[3036 3066]
[3067 3098]
[3099 3175]
[3176 3807]
[3808 3902]
[3903 3942]
[3943 3969]
[3970 4032]
[4033 4118]
[4119 4160]
[4161 4213]
[4214 4335]
[4336 4425]
[4426 4501]
[4502 4619]
[4620 4672]
[4673 4731]
[4732 4798]
[4799 4858]
[4859 4913]
[4914 4991]
[4992 5025]
[5026 5170]
[5171 5300]
[5301 5348]
[5349 5713]
[5714 5781]
[5782 5829]
[5830 5906]
[5907 6067]
[6068 6161]
[6162 6255]
[6256 6328]
[6329 6409]
[6410 6462]
[6463 6507]
[6508 6788]
[6789 6937]
[6938 7046]
[7047 7155]
[7156 7228]
[7229 7707]
[7708 7759]
[7760 7824]
[7825 7897]
[7898 7977]
[7978 8056]
[8057 8093]
[8095 8568]
[8569 9033]
[9034 9073]
[9074 9100]
[9101 9130]
[9131 9163]
[9164 9193]
[9194 9237]
[9238 9451]
[9452 9580]
[9581 9607]
[9608 9629]
[9630 9665]
[9666 9758]
[9759 9872]
[9873 9995]
[ 9996 10054]
[10055 10119]
[10120 10139]
[10140 10569]
[10570 10646]
[10647 10712]
[10713 10788]
[10789 10850]
[10851 10911]
[10912 11177]
[11178 11262]
[11263 11338]
[11339 11402]
[11403 11508]
[11509 11602]
[11603 11717]
[11718 11797]
[11798 11853]
[11854 11903]
[11904 11983]
[11984 12036]
[12037 12099]
[12100 12419]
[12420 12551]
[12552 12675]
[12676 12762]
[12763 12840]
[12841 12914]
[12915 12995]
[12996 13054]
[13055 13096]
[13097 13126]
[13127 13288]
[13289 13326]
[13327 13359]
[13360 13716]
[13717 13817]
[13818 13908]
[13909 13957]
[13958 14037]
[14038 14153]
[14154 14196]
[14197 14287]
[14288 14586]
[14587 14807]
[14808 14852]
[14853 14907]
[14908 14941]
[14942 15009]
[15010 15049]
[15050 15087]
[15088 15128]
[15129 15226]
[15227 15347]
[15348 15680]
[15681 15773]
[15774 15859]
[15860 15985]
[15986 16053]
[16054 16124]
[16125 16364]
[16365 16399]
[16400 16468]
[16469 16537]
[16538 16654]
[16655 16725]
[16726 16853]
[16854 17109]
[17110 17185]
[17186 17253]
[17254 17325]
[17326 17397]
[17398 17471]
[17472 17566]
[17567 17608]
[17609 17692]
[17694 17760]
[17761 17836]
[17837 17913]
[17914 17985]
[17986 18028]
[18029 18102]
[18103 18188]
[18189 18235]
[18236 18440]
[18441 18509]
[18510 18821]
[18822 18951]
[18952 19063]
[19064 19119]
[19120 19183]
[19184 19222]
[19223 19244]
[19245 19472]
[19473 19674]
[19675 19792]
[19793 19812]
[19813 19848]
[19849 19887]
[19888 19936]
[19937 19971]
[19972 19985]
[19986 20112]
[20113 20182]
[20183 20233]
[20234 20517]
[20518 20581]
[20582 20635]
[20636 20733]
[20734 20818]
[20819 20907]
[20908 20984]
[20985 21009]
[21010 21102]
[21103 21152]
[21153 21203]
[21204 21263]
[21264 21298]
[21299 21447]
[21448 21506]
[21507 21574]
[21575 21666]
[21667 21742]
[21743 22176]
[22178 22204]
[22205 22261]
[22262 22311]
[22312 22346]
[22347 22379]
[22380 22417]
[22418 22484]
[22485 22508]
[22509 22570]
[22571 22615]
[22616 22688]
[22689 22722]
[22723 22767]
[22768 22843]
[22844 22887]
[22888 22939]
[22940 22954]
[22955 23006]
[23007 23096]
[23097 23152]
[23153 23210]
[23211 23254]
[23255 23293]
[23294 23330]
[23331 23645]
[23646 23844]
[23845 24506]
[24507 24739]
[24740 24898]
[24899 25060]
[25061 25208]
[25209 25355]
[25356 25473]
[25474 25543]
[25544 25837]
[25838 25928]
[25929 26017]
[26018 26128]
[26129 26222]
[26223 26271]
[26272 26351]
[26352 26418]
[26419 26504]
[26505 26562]
[26563 26629]
[26630 26725]
[26726 27108]
[27109 27156]
[27157 27288]
[27289 27339]
[27340 27430]
[27431 27500]
[27501 27565]
[27566 27615]
[27616 27671]
[27672 27722]
[27723 27762]
[27763 27787]
[27788 27841]
[27842 27909]
[27910 27948]
[27949 28011]
[28012 28157]
[28158 28235]
[28236 28302]
[28303 28340]
[28341 28399]
[28400 28455]
[28456 28495]
[28496 28556]
[28557 28615]
[28616 28693]
[28694 28741]
[28742 28792]
[28793 28833]
[28834 28877]
[28878 29193]
[29194 29249]
