[ 0 18]
[20 39]
[40 59]
[ 61 104]
[106 196]
[198 570]
[571 628]
[629 664]
[665 694]
[695 722]
[723 755]
[756 781]
[782 845]
[846 879]
[880 916]
[917 947]
[948 974]
[ 975 1004]
[1005 1048]
[1049 1083]
[1084 1112]
[1113 1210]
[1211 1807]
[1808 1857]
[1858 1908]
[1909 1964]
[1965 2016]
[2017 2039]
[2040 2181]
[2182 2222]
[2223 2357]
[2358 2410]
[2411 2454]
[2455 2509]
[2510 2553]
[2554 2599]
[2600 2630]
[2631 2666]
[2667 2742]
[2743 2789]
[2790 2830]
[2831 2867]
[2868 2892]
[2893 2928]
[2929 2956]
[2957 2996]
[2997 3035]
[3036 3079]
[3080 3118]
[3119 3157]
[3158 3192]
[3193 3237]
[3238 3263]
[3264 3294]
[3295 3348]
[3349 3767]
[3769 3826]
[3827 3895]
[3896 4055]
[4056 4130]
[4131 4190]
[4191 4231]
[4232 4517]
[4518 4632]
[4633 4703]
[4704 4974]
[4975 5096]
[5097 5181]
[5182 5428]
[5429 5474]
[5475 5507]
[5508 5556]
[5557 5620]
[5621 5681]
[5682 5746]
[5747 5853]
[5854 5913]
[5914 5938]
[5939 5965]
[5967 6830]
[6831 6879]
[6880 6919]
[6920 6949]
[6950 6983]
[6984 7028]
[7029 7081]
[7082 7132]
[7133 7250]
[7251 7305]
[7306 7360]
[7361 7407]
[7408 7447]
[7448 7461]
[7462 7502]
[7503 7530]
[7531 7602]
[7603 7624]
[7625 7667]
[7668 7705]
[7706 7733]
[7734 7773]
[7774 7794]
[7795 7971]
[7972 8008]
[8009 8067]
[8068 8124]
[8125 8176]
[8177 8205]
[8206 8235]
[8236 8283]
[8284 8332]
[8333 8356]
[8357 8398]
[8399 8446]
[8447 8755]
[8756 9343]
[9344 9399]
[9400 9502]
[9503 9550]
[9551 9673]
[9674 9777]
[9778 9900]
[9901 9976]
[ 9977 10059]
[10060 10144]
[10145 10226]
[10227 10526]
[10528 10569]
[10570 10604]
[10605 10635]
[10636 10681]
[10682 10732]
[10733 10759]
[10760 10783]
[10784 10859]
[10860 10914]
[10915 10988]
[10989 11054]
[11055 11159]
[11160 11233]
[11234 11266]
[11267 11325]
[11326 11404]
[11405 11436]
[11437 11605]
[11606 11656]
[11657 11693]
[11694 11732]
[11733 11763]
[11764 11785]
[11786 11849]
[11850 11879]
[11880 11903]
[11904 11954]
[11955 12057]
[12058 12501]
[12502 12577]
[12578 12640]
[12641 12725]
[12726 12813]
[12814 12884]
[12885 12955]
[12956 13047]
[13048 13075]
[13076 13141]
[13142 13191]
[13192 13249]
[13250 13339]
[13340 13413]
[13414 13486]
[13487 13548]
[13549 13583]
[13584 13874]
[13876 14178]
[14179 14518]
[14519 14719]
[14720 14775]
[14776 14865]
[14866 14948]
[14949 14988]
[14989 15065]
[15066 15274]
[15275 15312]
[15313 15405]
[15406 15436]
[15437 15480]
[15481 15809]
[15810 15866]
[15867 15932]
[15933 15964]
[15965 16076]
[16077 16147]
[16148 16195]
[16196 16241]
[16242 16283]
[16284 16341]
[16342 16395]
[16396 16419]
[16420 16450]
[16451 16526]
[16527 16595]
[16596 16690]
[16691 17190]
[17191 17236]
[17237 17340]
[17341 17358]
[17359 17417]
[17418 17488]
[17489 17555]
[17556 17583]
[17584 17657]
[17658 17727]
[17728 17780]
[17781 17851]
[17852 17896]
[17897 18001]
[18002 18090]
[18091 18128]
[18129 18238]
[18239 18302]
[18303 18416]
[18417 18497]
[18498 18632]
[18633 18672]
[18673 18734]
[18735 18792]
[18793 19144]
[19145 19237]
[19238 19461]
[19462 19505]
[19506 19553]
[19554 19658]
[19659 19736]
[19737 19768]
[19769 19815]
[19816 19882]
[19883 19912]
[19913 19946]
[19947 20006]
[20007 20143]
[20144 20202]
[20203 20338]
[20339 20374]
[20375 20404]
[20405 20584]
[20585 21019]
[21021 21128]
[21129 21158]
[21159 21182]
[21183 21254]
[21255 21306]
[21307 21361]
[21362 21394]
[21395 21522]
[21523 21549]
[21550 21609]
[21610 21683]
[21684 21718]
[21719 21831]
[21832 21859]
[21860 21910]
[21911 21942]
[21943 22038]
[22039 22084]
[22085 22135]
[22136 22213]
[22214 22260]
[22261 22706]
[22707 22816]
[22817 22929]
[22930 22972]
[22973 23113]
[23114 23172]
[23173 23267]
[23268 23318]
[23319 23497]
[23498 23563]
[23564 23615]
[23616 23894]
[23895 23984]
[23985 24046]
[24047 24086]
[24087 24179]
[24180 24233]
[24234 24301]
[24302 24335]
[24336 24359]
[24360 24396]
[24397 24506]
[24507 24545]
[24546 24617]
[24618 24975]
[24976 25029]
[25030 25057]
[25058 25079]
[25080 25115]
[25116 25176]
[25177 25221]
[25222 25306]
[25307 25346]
[25347 25388]
[25389 25459]
[25460 25512]
[25513 25550]
[25551 25589]
[25590 25673]
[25674 25725]
[25726 25779]
[25780 25848]
[25849 26071]
[26072 26139]
[26140 26198]
[26199 26271]
[26272 26424]
[26425 26502]
[26503 26595]
[26596 26736]
[26737 26803]
[26804 26853]
[26854 26893]
[26894 26943]
[26944 27305]
[27306 27390]
[27391 27426]
[27427 27496]
[27497 27521]
[27522 27599]
[27600 27859]
[27860 27937]
[27938 28016]
[28017 28094]
[28095 28172]
[28173 28249]
[28250 28287]
[28288 28634]
[28635 28727]
[28728 28831]
[28832 28957]
[28958 29115]
[29116 29200]
[29201 29349]
[29350 29417]
[29418 29469]
[29470 29574]
[29575 29622]
[29623 29688]
[29689 29999]
