[0 125]
[126 254]
[255 268]
[269 283]
[284 297]
[298 312]
[313 381]
[382 928]
[929 968]
[969 982]
[983 996]
[997 1094]
[1095 1111]
[1112 1177]
[1178 1215]
[1216 1298]
[1299 1382]
[1383 1506]
[1507 1546]
[1547 1691]
[1692 1710]
[1711 1734]
[1735 1770]
[1771 1787]
[1788 1806]
[1807 1887]
[1888 1952]
[1953 2001]
[2002 2031]
[2032 2118]
[2120 2148]
[2149 2168]
[2169 2187]
[2188 2216]
[2217 2236]
[2237 2251]
[2252 2283]
[2284 2311]
[2312 2439]
[2440 2481]
[2482 2577]
[2578 2666]
[2667 2693]
[2694 2734]
[2735 2772]
[2773 2822]
[2823 2851]
[2852 2892]
[2893 2912]
[2913 2952]
[2953 2975]
[2976 3011]
[3012 3048]
[3049 3266]
[3267 3323]
[3324 3565]
[3566 3582]
[3583 3662]
[3665 3923]
[3924 3951]
[3952 4044]
[4045 4080]
[4081 4113]
[4114 4153]
[4154 4187]
[4188 4220]
[4221 4251]
[4252 4289]
[4290 4321]
[4322 4374]
[4375 4425]
[4426 4496]
[4497 4535]
[4536 4563]
[4564 4590]
[4591 4625]
[4626 4667]
[4668 4707]
[4708 4775]
[4776 4812]
[4813 4849]
[4850 4882]
[4883 4930]
[4931 5020]
[5021 5049]
[5050 5077]
[5078 5104]
[5105 5151]
[5152 5275]
[5276 5308]
[5309 5346]
[5347 5384]
[5385 5426]
[5427 5466]
[5467 5508]
[5509 5541]
[5542 5573]
[5574 5616]
[5617 5641]
[5642 5670]
[5671 5688]
[5689 5725]
[5726 5758]
[5759 5815]
[5816 5956]
[5957 6074]
[6075 6175]
[6176 6266]
[6267 6330]
[6331 6397]
[6398 6529]
[6530 6735]
[6736 6860]
[6861 6937]
[6938 7048]
[7049 7191]
[7193 7714]
[7715 7773]
[7774 7825]
[7826 7956]
[7957 8108]
[8109 8173]
[8174 8304]
[8305 8352]
[8353 8408]
[8409 8489]
[8491 8578]
[8579 8658]
[8660 8769]
[8770 9080]
[9081 9223]
[9224 9286]
[9287 9346]
[9347 9556]
[9557 9647]
[9649 10665]
[10666 10988]
[10989 11079]
[11080 11205]
