[0 125]
[126 255]
[256 265]
[266 274]
[275 352]
[353 372]
[373 479]
[480 1160]
[1161 1489]
[1490 1508]
[1509 1534]
[1535 1553]
[1554 1571]
[1572 1603]
[1604 1667]
[1668 1689]
[1690 1745]
[1746 1804]
[1805 1810]
[1811 1867]
[1868 1901]
[1902 1937]
[1938 1975]
[1976 2011]
[2012 2042]
[2043 2068]
[2069 2102]
[2103 2162]
[2163 2232]
[2233 2367]
[2368 2487]
[2488 2567]
[2568 2682]
[2683 2707]
[2708 2781]
[2782 2842]
[2843 2933]
[2934 2967]
[2968 3117]
[3118 3143]
[3144 3169]
[3170 3201]
[3202 3244]
[3245 3335]
[3336 3354]
[3355 3387]
[3388 3501]
[3502 3571]
[3572 3596]
[3597 3620]
[3621 3647]
[3648 3667]
[3668 3711]
[3712 3735]
[3736 3759]
[3760 3780]
[3781 3817]
[3818 3850]
[3851 3884]
[3885 3910]
[3911 3942]
[3943 3973]
[3974 3995]
[3996 4020]
[4021 4043]
[4044 4062]
[4063 4083]
[4084 4104]
[4105 4135]
[4136 4161]
[4162 4209]
[4210 4274]
[4275 4338]
[4339 4416]
[4417 4452]
[4453 4612]
[4613 4818]
[4819 4859]
[4860 4900]
[4901 4945]
[4946 5122]
[5123 5173]
[5174 5225]
[5226 5299]
[5300 5351]
[5352 5396]
[5397 5436]
[5437 5487]
[5488 5531]
[5532 5556]
[5557 5584]
[5585 5608]
[5609 5632]
[5633 5654]
[5655 5708]
[5709 5743]
[5744 5774]
[5775 5807]
[5808 5835]
[5836 5860]
[5861 5892]
[5893 5918]
[5919 5946]
[5947 5978]
[5979 6020]
[6021 6121]
[6122 6161]
[6162 6216]
[6217 6362]
[6363 6457]
[6459 6487]
[6488 6514]
[6515 6546]
[6547 6575]
[6576 6607]
[6608 6621]
[6622 6776]
[6777 6839]
[6840 6879]
[6880 7005]
[7006 7143]
[7144 7220]
[7221 7765]
[7767 7806]
[7807 7979]
[7981 8010]
[8011 8044]
[8045 8105]
[8106 8317]
[8318 8387]
[8388 8409]
[8410 8463]
[8464 8700]
[8701 8769]
[8770 8932]
[8933 9001]
[9002 9076]
[9077 9128]
[9129 9182]
[9183 9587]
[9588 9638]
[9639 9742]
[9743 9889]
[9890 9978]
[9979 10119]
[10120 10164]
[10165 10179]
[10180 10277]
[10279 10314]
[10315 10348]
[10349 10375]
[10376 10424]
[10425 10474]
[10475 10573]
[10574 10618]
[10619 10723]
[10724 10776]
[10777 10804]
[10805 10822]
[10823 10870]
[10871 10939]
[10940 11017]
[11018 11090]
[11091 11262]
[11263 11967]
[11968 12191]
[12192 12300]
[12301 12426]
