[0 125]
[126 250]
[251 260]
[261 269]
[270 347]
[348 367]
[368 474]
[475 1421]
[1422 1454]
[1455 1473]
[1474 1497]
[1498 1517]
[1518 1540]
[1541 1565]
[1566 1587]
[1588 1611]
[1612 1674]
[1675 1718]
[1719 2032]
[2033 2144]
[2145 2228]
[2229 2297]
[2298 2337]
[2338 2374]
[2375 2407]
[2408 2451]
[2452 2480]
[2481 2508]
[2509 2556]
[2557 2607]
[2608 2661]
[2662 2701]
[2702 2741]
[2742 2792]
[2793 2841]
[2842 2879]
[2880 2912]
[2913 2956]
[2957 3023]
[3024 3076]
[3077 3136]
[3137 3184]
[3185 3227]
[3228 3301]
[3302 3555]
[3556 3722]
[3723 3862]
[3863 3930]
[3931 4001]
[4002 4068]
[4069 4126]
[4127 4403]
[4404 4552]
[4553 4694]
[4695 4881]
[4882 5041]
[5042 5072]
[5073 5111]
[5112 5198]
[5199 5214]
[5215 5248]
[5249 5309]
[5311 5351]
[5352 5392]
[5393 5478]
[5479 5506]
[5507 5547]
[5548 5585]
[5586 5623]
[5624 5647]
[5648 5676]
[5677 5845]
[5846 6082]
[6083 6147]
[6148 6354]
[6355 6441]
[6443 6589]
[6590 6629]
[6630 6663]
[6664 6705]
[6706 6747]
[6748 6798]
[6799 6973]
[6974 7090]
[7093 7111]
[7112 7140]
[7141 7271]
[7272 7298]
[7299 7335]
[7336 7356]
[7357 7387]
[7388 7452]
[7454 7509]
[7510 7586]
[7587 7762]
[7763 7784]
[7785 7809]
[7811 8065]
[8066 8166]
[8167 8201]
[8202 8241]
[8242 8277]
[8278 8371]
[8372 8419]
[8420 8610]
[8611 8660]
[8661 8676]
[8677 8770]
[8771 8790]
[8791 8806]
[8807 8963]
[8964 9147]
[9148 9205]
[9206 9311]
[9312 9429]
[9430 9515]
[9516 9579]
[9580 9629]
[9630 9674]
[9675 9704]
[9705 9724]
[9726 9821]
[9822 10603]
[10604 10749]
[10750 10858]
[10859 10984]
