[0 125]
[126 255]
[256 265]
[266 274]
[275 352]
[353 372]
[373 488]
[489 1310]
[1311 1364]
[1365 1418]
[1419 1465]
[1466 1507]
[1508 1565]
[1566 1614]
[1615 1656]
[1657 1682]
[1683 1755]
[1756 1808]
[1809 1957]
[1958 2026]
[2030 2377]
[2378 2471]
[2473 2525]
[2526 2598]
[2599 2632]
[2633 2655]
[2656 2717]
[2718 2739]
[2740 2849]
[2850 2949]
[2950 2990]
[2991 3034]
[3035 3072]
[3073 3176]
[3177 3211]
[3212 3230]
[3231 3272]
[3274 3331]
[3332 3383]
[3384 3672]
[3673 3715]
[3716 3772]
[3773 3848]
[3849 3890]
[3891 3927]
[3928 3972]
[3973 4064]
[4065 4141]
[4142 4298]
[4299 4466]
[4467 4484]
[4485 4497]
[4498 4522]
[4523 4576]
[4577 4606]
[4607 4633]
[4634 4664]
[4665 4697]
[4698 4892]
[4893 4943]
[4944 5002]
[5003 5041]
[5042 5257]
[5258 5315]
[5316 5404]
[5405 5439]
[5440 5459]
[5460 5488]
[5489 5521]
[5522 5599]
[5600 5678]
[5679 5704]
[5705 5726]
[5727 5750]
[5751 5813]
[5814 5898]
[5899 5911]
[5912 5923]
[5924 5938]
[5939 5975]
[5976 6058]
[6059 6077]
[6078 6111]
[6112 6204]
[6205 6314]
[6315 6374]
[6375 6400]
[6401 6437]
[6438 6502]
[6503 6545]
[6546 6682]
[6683 6706]
[6707 6733]
[6734 6801]
[6802 6937]
[6938 7030]
[7031 7075]
[7076 7160]
[7161 7284]
[7286 7347]
[7348 7372]
[7373 7402]
[7403 7439]
[7440 7611]
[7612 7936]
[7937 8097]
[8098 8232]
[8233 8389]
[8391 8514]
[8515 8642]
[8643 8704]
[8705 8757]
[8758 8823]
[8824 8918]
[8919 8923]
[8924 9249]
[9250 10013]
[10014 10307]
[10308 10430]
[10431 10556]
