[0 125]
[126 254]
[255 268]
[269 283]
[284 297]
[298 312]
[313 381]
[382 416]
[417 443]
[444 479]
[480 519]
[520 554]
[555 588]
[589 1377]
[1378 1402]
[1403 1427]
[1428 1450]
[1451 1475]
[1476 1506]
[1507 1538]
[1539 1571]
[1572 1686]
[1687 1725]
[1726 1756]
[1757 1780]
[1781 1811]
[1812 1850]
[1851 1879]
[1880 1909]
[1910 1937]
[1938 1979]
[1980 2015]
[2016 2045]
[2046 2086]
[2087 2116]
[2117 2158]
[2159 2200]
[2201 2232]
[2233 2262]
[2263 2323]
[2324 2362]
[2363 2401]
[2402 2440]
[2441 2472]
[2473 2513]
[2514 2556]
[2557 2616]
[2617 2664]
[2665 2713]
[2714 2854]
[2855 2990]
[2991 3174]
[3175 3226]
[3227 3298]
[3299 3412]
[3413 3454]
[3455 3524]
[3525 3902]
[3903 4082]
[4083 4159]
[4160 4317]
[4318 4362]
[4363 4400]
[4401 4525]
[4526 4546]
[4547 4566]
[4567 4713]
[4714 4756]
[4757 4775]
[4776 4830]
[4831 4863]
[4864 4908]
[4909 4934]
[4935 5094]
[5095 5219]
[5220 5312]
[5313 5496]
[5497 5752]
[5753 5929]
[5930 5989]
[5991 6033]
[6034 6055]
[6056 6075]
[6076 6099]
[6100 6138]
[6139 6256]
[6257 6593]
[6594 6674]
[6675 6712]
[6713 6764]
[6765 6820]
[6821 6896]
[6897 6917]
[6918 6943]
[6944 6968]
[6969 6995]
[6996 7074]
[7076 7118]
[7119 7161]
[7162 7210]
[7211 7484]
[7486 7547]
[7548 7587]
[7588 7623]
[7624 7677]
[7678 7723]
[7724 7785]
[7786 7837]
[7838 7946]
[7947 8298]
[8299 8342]
[8343 8399]
[8400 8431]
[8432 8683]
[8684 8793]
[8794 8867]
[8868 8921]
[8922 8989]
[8990 9146]
[9147 9221]
[9222 9270]
[9271 9313]
[9314 9412]
[9413 9462]
[9463 9556]
[9557 9706]
[9707 9768]
[9769 9820]
[9821 9874]
[9875 9937]
[9938 9967]
[9968 10000]
[10001 10073]
[10074 10103]
[10104 10131]
[10132 10169]
[10170 10242]
[10243 10424]
[10425 10681]
[10683 10731]
[10733 10756]
[10757 10939]
[10942 11060]
[11061 11188]
[11189 11405]
[11406 11538]
[11539 11779]
[11780 11860]
[11861 12049]
[12050 12164]
[12165 12290]
