[0 125]
[126 250]
[251 260]
[261 269]
[270 347]
[348 367]
[368 474]
[475 1490]
[1491 1511]
[1512 1533]
[1534 1550]
[1551 1566]
[1567 1583]
[1584 1606]
[1607 1630]
[1631 1653]
[1654 1678]
[1679 1709]
[1710 1741]
[1742 1772]
[1773 1857]
[1858 1930]
[1931 2010]
[2011 2083]
[2084 2145]
[2146 2212]
[2213 2233]
[2234 2253]
[2254 2273]
[2274 2301]
[2302 2320]
[2321 2492]
[2493 2546]
[2547 2631]
[2632 2714]
[2715 2833]
[2834 2927]
[2928 3027]
[3028 3088]
[3089 3148]
[3149 3250]
[3251 3394]
[3395 3484]
[3485 3553]
[3554 3681]
[3682 3732]
[3733 3826]
[3827 3887]
[3888 3960]
[3961 4019]
[4020 4090]
[4091 4159]
[4160 4432]
[4433 4569]
[4570 4673]
[4674 4760]
[4761 4874]
[4875 4928]
[4929 5073]
[5074 5160]
[5161 5255]
[5256 5290]
[5291 5319]
[5320 5391]
[5392 5445]
[5446 5514]
[5515 5594]
[5595 5651]
[5652 5730]
[5731 5836]
[5837 5884]
[5885 5941]
[5942 5998]
[5999 6034]
[6035 6073]
[6074 6135]
[6136 6182]
[6183 6226]
[6227 6258]
[6259 6308]
[6309 6406]
[6407 6422]
[6423 6456]
[6457 6491]
[6492 6512]
[6513 6537]
[6538 6565]
[6566 6634]
[6635 6796]
[6798 6886]
[6887 6909]
[6910 6965]
[6966 7019]
[7020 7057]
[7058 7091]
[7092 7173]
[7174 7199]
[7200 7225]
[7226 7349]
[7351 7392]
[7394 7523]
[7524 7644]
[7645 7709]
[7710 7891]
[7892 7959]
[7960 8040]
[8041 8066]
[8067 8107]
[8108 8171]
[8172 8270]
[8271 8333]
[8334 8401]
[8403 8447]
[8448 8495]
[8496 8538]
[8539 8590]
[8591 8990]
[8992 9134]
[9135 9190]
[9191 9248]
[9249 9303]
[9304 9361]
[9362 9445]
[9446 9566]
[9567 9583]
[9584 9602]
[9603 9659]
[9660 10037]
[10038 10117]
[10118 10160]
[10161 10296]
[10297 10315]
[10316 10343]
[10344 10485]
[10486 10772]
[10773 10802]
[10803 10823]
[10824 10995]
[10996 11085]
[11086 11150]
[11151 11173]
[11174 11204]
[11206 11270]
[11271 11379]
[11380 12259]
[12260 12403]
[12404 12512]
[12513 12638]
