[0 125]
[126 250]
[251 260]
[261 269]
[270 347]
[348 367]
[368 474]
[475 1085]
[1086 1105]
[1106 1122]
[1123 1138]
[1139 1183]
[1184 1224]
[1225 1240]
[1241 1254]
[1255 1274]
[1275 1289]
[1290 1387]
[1389 1604]
[1606 1636]
[1637 1660]
[1661 1742]
[1745 1817]
[1818 1882]
[1883 1913]
[1914 1954]
[1955 1985]
[1986 2018]
[2020 2161]
[2162 2203]
[2205 2256]
[2257 2311]
[2312 2411]
[2412 2528]
[2529 2582]
[2583 3012]
[3013 3093]
[3094 3171]
[3173 3242]
[3243 3275]
[3276 3326]
[3327 3380]
[3381 3450]
[3451 3598]
[3599 3644]
[3645 3671]
[3672 3681]
[3682 3692]
[3693 3828]
[3829 3870]
[3871 3902]
[3903 4074]
[4075 4154]
[4155 4181]
[4182 4248]
[4249 4286]
[4287 4358]
[4360 4483]
[4484 4618]
[4619 4687]
[4688 4735]
[4736 4793]
[4794 4839]
[4840 4884]
[4885 4913]
[4914 4979]
[4980 5048]
[5049 5116]
[5117 5165]
[5166 5223]
[5224 5255]
[5256 5275]
[5276 5307]
[5308 5641]
[5642 5723]
[5724 5793]
[5794 5887]
[5888 5905]
[5906 5922]
[5923 5956]
[5957 6088]
[6089 6112]
[6113 6138]
[6139 6206]
[6207 6222]
[6223 6256]
[6257 6401]
[6402 6924]
[6926 6991]
[6992 7081]
[7082 7140]
[7141 7200]
[7201 7236]
[7238 7283]
[7284 7370]
[7371 7420]
[7421 7659]
[7660 7815]
[7816 7970]
[7971 8017]
[8018 8079]
[8080 8274]
[8275 8317]
[8319 8389]
[8392 8507]
[8508 8644]
[8645 8687]
[8688 8740]
[8741 8793]
[8794 8911]
[8912 8971]
[8972 9045]
[9046 9101]
[9102 9162]
[9163 9229]
[9230 9282]
[9283 9343]
[9344 9379]
[9380 9421]
[9422 9479]
[9480 9609]
[9610 9642]
[9643 9732]
[9733 10004]
[10005 10064]
[10065 10100]
[10101 10467]
[10468 10539]
[10540 10631]
[10632 10787]
[10788 11152]
[11153 11209]
[11210 11247]
[11248 11292]
[11294 11324]
[11325 11354]
[11355 11405]
[11406 11421]
[11422 11448]
[11449 11466]
[11467 11493]
[11494 11528]
[11529 11594]
[11595 11688]
[11689 11713]
[11714 11740]
[11741 11766]
[11767 11786]
[11787 11814]
[11815 11850]
[11851 12267]
[12268 12411]
[12412 12520]
[12521 12646]
