[0 125]
[126 254]
[255 268]
[269 283]
[284 297]
[298 312]
[313 381]
[382 1302]
[1303 1354]
[1355 1430]
[1431 1506]
[1507 1578]
[1579 1681]
[1682 1733]
[1734 1756]
[1757 1830]
[1831 1859]
[1860 1885]
[1886 1912]
[1913 1934]
[1935 1958]
[1959 1982]
[1983 2017]
[2018 2083]
[2084 2171]
[2172 2289]
[2290 2423]
[2424 2518]
[2519 2578]
[2579 2782]
[2783 2923]
[2924 2976]
[2977 3009]
[3010 3066]
[3067 3141]
[3142 3205]
[3206 3270]
[3271 3317]
[3318 3386]
[3387 3460]
[3461 3517]
[3518 3599]
[3600 3646]
[3647 3687]
[3688 3724]
[3725 3766]
[3767 3806]
[3807 3864]
[3865 3952]
[3953 4067]
[4068 4124]
[4125 4192]
[4193 4221]
[4222 4363]
[4364 4383]
[4384 4417]
[4418 4548]
[4549 4567]
[4568 4596]
[4597 4642]
[4643 4773]
[4774 4825]
[4826 4969]
[4970 5010]
[5011 5093]
[5094 5142]
[5143 5157]
[5158 5173]
[5174 5187]
[5188 5391]
[5392 5422]
[5423 5479]
[5480 5517]
[5518 5546]
[5547 5568]
[5569 5664]
[5665 5700]
[5702 5757]
[5758 5779]
[5780 5803]
[5804 5823]
[5824 6015]
[6017 6099]
[6100 6138]
[6140 6283]
[6284 6504]
[6505 6572]
[6573 6626]
[6627 6735]
[6736 6775]
[6776 6891]
[6892 6951]
[6952 6985]
[6986 7038]
[7039 7137]
[7139 7140]
[7141 7386]
[7387 7459]
[7460 7490]
[7491 7510]
[7511 7539]
[7541 7573]
[7574 7629]
[7630 7679]
[7680 7754]
[7755 7777]
[7778 7813]
[7814 7844]
[7845 7885]
[7886 7918]
[7919 7956]
[7957 8014]
[8015 8056]
[8057 8124]
[8125 8177]
[8178 8225]
[8226 8407]
[8408 8502]
[8503 8620]
[8621 8819]
[8820 8904]
[8905 8952]
[8953 9022]
[9023 9074]
[9075 9133]
[9134 9541]
[9542 9591]
[9592 9630]
[9631 9680]
[9681 9727]
[9728 9785]
[9786 9918]
[9919 9952]
[9953 9977]
[9978 10018]
[10019 10058]
[10059 10104]
[10105 10151]
[10152 10189]
[10190 10236]
[10237 10275]
[10276 10303]
[10304 11092]
[11093 11324]
[11325 11415]
[11416 11541]
