[0 125]
[126 250]
[251 260]
[261 269]
[270 347]
[348 367]
[368 474]
[475 1136]
[1138 1170]
[1171 1201]
[1202 1241]
[1242 1437]
[1439 1524]
[1526 1581]
[1582 1606]
[1607 1676]
[1677 1747]
[1748 1785]
[1786 1830]
[1831 1857]
[1858 1924]
[1925 1959]
[1960 1984]
[1985 2050]
[2051 2153]
[2154 2171]
[2172 2191]
[2192 2214]
[2215 2264]
[2265 2293]
[2294 2412]
[2413 2653]
[2654 2695]
[2696 2753]
[2754 2810]
[2811 2931]
[2932 2984]
[2985 3042]
[3043 3130]
[3131 3411]
[3412 3437]
[3438 3570]
[3571 3620]
[3621 3662]
[3663 3704]
[3705 3926]
[3927 4026]
[4027 4124]
[4125 4152]
[4153 4165]
[4166 4198]
[4199 4212]
[4213 4263]
[4264 4307]
[4308 4358]
[4359 4382]
[4383 4425]
[4427 4475]
[4477 4509]
[4510 4542]
[4543 4568]
[4569 4596]
[4597 4625]
[4626 4655]
[4656 4987]
[4988 5000]
[5001 5022]
[5023 5065]
[5067 5495]
[5496 5526]
[5527 5573]
[5574 5612]
[5613 5684]
[5685 5733]
[5734 5768]
[5769 5790]
[5791 5871]
[5872 5932]
[5933 6006]
[6007 6021]
[6022 6045]
[6046 6071]
[6072 6105]
[6106 6125]
[6126 6159]
[6161 6241]
[6242 6257]
[6258 6291]
[6292 6315]
[6316 6354]
[6355 6383]
[6384 6422]
[6423 6445]
[6446 6468]
[6469 6491]
[6492 6512]
[6513 6539]
[6540 6557]
[6558 6584]
[6585 6608]
[6609 6634]
[6635 6665]
[6666 6688]
[6689 6721]
[6722 6779]
[6780 6804]
[6805 6821]
[6823 6890]
[6891 6945]
[6946 6976]
[6977 7004]
[7005 7057]
[7058 7085]
[7086 7120]
[7121 7146]
[7147 7184]
[7185 7203]
[7204 7253]
[7254 7321]
[7323 7400]
[7401 7423]
[7424 7448]
[7449 7498]
[7499 7545]
[7546 7587]
[7588 7687]
[7688 7797]
[7798 7812]
[7813 7842]
[7843 7876]
[7877 7922]
[7923 8058]
[8059 8131]
[8132 8224]
[8225 8226]
[8227 8349]
[8350 8420]
[8421 8575]
[8576 8678]
[8679 8773]
[8774 8893]
[8894 9093]
[9094 9142]
[9143 9175]
[9176 9216]
[9217 9248]
[9249 9296]
[9297 9327]
[9328 9355]
[9356 9383]
[9384 9413]
[9414 9442]
[9443 9482]
[9483 9572]
[9573 9640]
[9641 9756]
[9757 9816]
[9817 9874]
[9875 9897]
[9898 9985]
[9986 10188]
[10189 10427]
[10428 10488]
[10489 10512]
[10513 10538]
[10539 10568]
[10569 10689]
[10690 10783]
[10784 10820]
[10821 10898]
[10899 10950]
[10951 10975]
[10976 10995]
[10996 11019]
[11020 11041]
[11042 11053]
[11054 11068]
[11069 11134]
[11135 11182]
[11183 11245]
[11246 11378]
[11379 12262]
[12263 12386]
[12387 12495]
[12496 12621]
