[0 125]
[126 254]
[255 268]
[269 283]
[284 297]
[298 312]
[313 381]
[382 1112]
[1114 1163]
[1164 1202]
[1203 1227]
[1228 1244]
[1245 1263]
[1264 1315]
[1316 1344]
[1345 1363]
[1364 1405]
[1406 1441]
[1442 1461]
[1462 1487]
[1488 1544]
[1545 1647]
[1648 1785]
[1786 1868]
[1869 1933]
[1934 2041]
[2042 2132]
[2133 2281]
[2282 2351]
[2352 2417]
[2418 2518]
[2519 2557]
[2558 2612]
[2613 2657]
[2658 2731]
[2732 2819]
[2820 2933]
[2934 3041]
[3042 3079]
[3080 3113]
[3114 3141]
[3142 3179]
[3180 3244]
[3245 3326]
[3327 3429]
[3430 3519]
[3520 3619]
[3620 3756]
[3757 3798]
[3799 3950]
[3951 3994]
[3995 4035]
[4036 4092]
[4093 4133]
[4134 4322]
[4323 4391]
[4392 4438]
[4439 4490]
[4492 4544]
[4545 4583]
[4584 4598]
[4599 4615]
[4616 4641]
[4642 4666]
[4667 4697]
[4698 4743]
[4744 4877]
[4878 4915]
[4916 4993]
[4994 5009]
[5010 5034]
[5035 5062]
[5063 5096]
[5097 5207]
[5208 5286]
[5287 5322]
[5323 5370]
[5372 5535]
[5536 5573]
[5574 5657]
[5659 5756]
[5757 5862]
[5863 5967]
[5968 6046]
[6047 6206]
[6207 6228]
[6229 6254]
[6255 6286]
[6287 6358]
[6360 6578]
[6579 6868]
[6869 7060]
[7061 7151]
[7152 7420]
[7421 7461]
[7463 7557]
[7559 7651]
[7652 7709]
[7710 7766]
[7767 7792]
[7793 7910]
[7911 7981]
[7982 8021]
[8022 8056]
[8057 8089]
[8090 8120]
[8121 8179]
[8180 8236]
[8237 8282]
[8283 8348]
[8349 8461]
[8462 8644]
[8645 8699]
[8700 8739]
[8740 8784]
[8785 8821]
[8822 8838]
[8839 8855]
[8856 8883]
[8884 8958]
[8959 8991]
[8992 9016]
[9017 9061]
[9062 9080]
[9081 9111]
[9112 9251]
[9253 9310]
[9311 9379]
[9380 9462]
[9463 9532]
[9533 9598]
[9599 9648]
[9649 9710]
[9711 9749]
[9750 9810]
[9811 9886]
[9888 10033]
[10034 10129]
[10130 10178]
[10179 10203]
[10204 10357]
[10358 10418]
[10419 10544]
[10545 10699]
[10700 10714]
[10715 10752]
[10753 11806]
[11807 12008]
[12009 12123]
[12124 12249]
