[0 125]
[126 254]
[255 268]
[269 283]
[284 297]
[298 312]
[313 381]
[382 423]
[425 476]
[478 530]
[531 1129]
[1130 1256]
[1257 1371]
[1372 1400]
[1401 1432]
[1433 1519]
[1520 1552]
[1553 1862]
[1863 1991]
[1992 2049]
[2050 2173]
[2174 2206]
[2207 2227]
[2228 2306]
[2307 2377]
[2378 2402]
[2403 2436]
[2437 2481]
[2482 2509]
[2510 2570]
[2571 2607]
[2608 2811]
[2812 2864]
[2865 3004]
[3005 3111]
[3112 3281]
[3282 3363]
[3364 3640]
[3641 3692]
[3693 3787]
[3788 3875]
[3876 4055]
[4056 4098]
[4099 4138]
[4139 4208]
[4209 4248]
[4249 4294]
[4295 4372]
[4373 4402]
[4403 4437]
[4438 4459]
[4460 4527]
[4528 4567]
[4568 4616]
[4617 4703]
[4704 4787]
[4788 4820]
[4821 4862]
[4864 4888]
[4889 4905]
[4906 4931]
[4932 4963]
[4964 4982]
[4983 5009]
[5010 5035]
[5036 5069]
[5070 5095]
[5096 5139]
[5140 5203]
[5204 5252]
[5253 5277]
[5279 5294]
[5295 5325]
[5326 5531]
[5532 5573]
[5575 5587]
[5588 5600]
[5601 5659]
[5660 5676]
[5677 5694]
[5695 5715]
[5716 5740]
[5741 5763]
[5764 5839]
[5840 5902]
[5903 6005]
[6006 6035]
[6036 6122]
[6123 6143]
[6144 6170]
[6171 6203]
[6204 6299]
[6300 6502]
[6503 6555]
[6556 6582]
[6583 6601]
[6602 6634]
[6635 6695]
[6696 6796]
[6798 6847]
[6848 6861]
[6862 6901]
[6902 6943]
[6944 6973]
[6974 6991]
[6992 7044]
[7045 7056]
[7057 7068]
[7069 7084]
[7085 7100]
[7101 7150]
[7151 7181]
[7182 7392]
[7393 7598]
[7599 8270]
[8271 8309]
[8310 8353]
[8354 8391]
[8392 8612]
[8613 8673]
[8674 8707]
[8708 8755]
[8756 8789]
[8790 8830]
[8831 8898]
[8899 8973]
[8974 9054]
[9055 9114]
[9115 9244]
[9245 9315]
[9316 9396]
[9397 9428]
[9429 9591]
[9592 9704]
[9705 9763]
[9764 9823]
[9824 9896]
[9897 10001]
[10002 10061]
[10062 10082]
[10083 10124]
[10125 10153]
[10154 10195]
[10196 10403]
[10404 10499]
[10500 10596]
[10597 10712]
[10713 10840]
[10841 10950]
[10951 11011]
[11012 11451]
[11452 11547]
[11548 11762]
[11763 11994]
[11995 12085]
[12086 12211]
