[0 125]
[126 250]
[251 260]
[261 269]
[270 347]
[348 367]
[368 474]
[475 1257]
[1258 1273]
[1274 1307]
[1308 1340]
[1341 1359]
[1360 1408]
[1409 1443]
[1444 1494]
[1495 1510]
[1511 1553]
[1554 1574]
[1575 1606]
[1607 1704]
[1705 1915]
[1916 1964]
[1965 1992]
[1993 2093]
[2095 2173]
[2174 2220]
[2221 2247]
[2248 2281]
[2282 2303]
[2304 2366]
[2367 2400]
[2401 2443]
[2444 2519]
[2520 2540]
[2541 2883]
[2885 2969]
[2970 3008]
[3009 3047]
[3048 3163]
[3164 3534]
[3535 4123]
[4124 4207]
[4209 4251]
[4252 4336]
[4337 4362]
[4363 4387]
[4388 4494]
[4495 5142]
[5143 5382]
[5383 5467]
[5469 5504]
[5505 5550]
[5551 5565]
[5566 5775]
[5776 5829]
[5831 5895]
[5896 5911]
[5912 5945]
[5946 6047]
[6048 6315]
[6316 6343]
[6344 6365]
[6366 6422]
[6423 6453]
[6454 6510]
[6511 6560]
[6561 6607]
[6608 6644]
[6645 6669]
[6670 6786]
[6787 6843]
[6844 6906]
[6907 6932]
[6933 6966]
[6967 7032]
[7033 7075]
[7076 7140]
[7141 7168]
[7169 7224]
[7225 7328]
[7329 7380]
[7381 7496]
[7497 7589]
[7590 7675]
[7676 7737]
[7738 7787]
[7788 7943]
[7944 7979]
[7980 8225]
[8226 8299]
[8300 8534]
[8535 8593]
[8594 8641]
[8642 8699]
[8700 8748]
[8749 8804]
[8805 8852]
[8853 9028]
[9029 9119]
[9120 9181]
[9182 9226]
[9227 9274]
[9275 9299]
[9300 9329]
[9330 9443]
[9444 9483]
[9484 9537]
[9538 9595]
[9596 9630]
[9631 9668]
[9669 9747]
[9748 9820]
[9821 9836]
[9837 9861]
[9862 9898]
[9899 10008]
[10010 10106]
[10107 10144]
[10145 10291]
[10292 10602]
[10603 10675]
[10676 10737]
[10738 10774]
[10775 10809]
[10810 10903]
[10904 11024]
[11025 11849]
[11850 12056]
[12057 12165]
[12166 12291]
