[0 125]
[126 250]
[251 260]
[261 269]
[270 347]
[348 367]
[368 474]
[475 1264]
[1265 1363]
[1365 1397]
[1398 1422]
[1423 1458]
[1459 1498]
[1499 1519]
[1520 1538]
[1539 1554]
[1555 1565]
[1566 1603]
[1604 1616]
[1617 1633]
[1634 1652]
[1653 1696]
[1697 1723]
[1724 1790]
[1791 1828]
[1829 1853]
[1854 1890]
[1891 1912]
[1913 1930]
[1931 2208]
[2209 2386]
[2387 2407]
[2408 2419]
[2420 2432]
[2433 2448]
[2449 2479]
[2480 2515]
[2516 2559]
[2560 2579]
[2580 2602]
[2603 2638]
[2639 2681]
[2682 2712]
[2713 2749]
[2750 2838]
[2839 2947]
[2948 2979]
[2980 3026]
[3027 3070]
[3071 3081]
[3082 3098]
[3099 3137]
[3138 3202]
[3203 3213]
[3214 3228]
[3229 3330]
[3332 3403]
[3404 3442]
[3443 3482]
[3483 3513]
[3514 3575]
[3576 3605]
[3606 3700]
[3701 3959]
[3960 3990]
[3991 4122]
[4123 4134]
[4135 4185]
[4186 4205]
[4206 4233]
[4234 4260]
[4261 4293]
[4294 4322]
[4323 4343]
[4344 4376]
[4377 4417]
[4418 4484]
[4485 4554]
[4555 4651]
[4652 4696]
[4697 4726]
[4727 4783]
[4785 4835]
[4836 4902]
[4903 5103]
[5105 5179]
[5181 5221]
[5222 5276]
[5278 5373]
[5374 5419]
[5420 5525]
[5526 5561]
[5562 5627]
[5628 5639]
[5640 5669]
[5670 5700]
[5701 5711]
[5712 5737]
[5738 5824]
[5825 5874]
[5875 5890]
[5891 5924]
[5925 6230]
[6231 6257]
[6258 6329]
[6330 6368]
[6369 6402]
[6403 6439]
[6440 6598]
[6599 6623]
[6624 6651]
[6652 6680]
[6681 6708]
[6709 6728]
[6729 6745]
[6746 6769]
[6770 6875]
[6876 6909]
[6910 7077]
[7078 7124]
[7125 7155]
[7156 7240]
[7241 7324]
[7325 7359]
[7360 7393]
[7394 7427]
[7428 7465]
[7466 7499]
[7500 7545]
[7546 7590]
[7591 7703]
[7704 7736]
[7737 7768]
[7769 7804]
[7805 7880]
[7881 7917]
[7918 7968]
[7969 8095]
[8096 8138]
[8139 8178]
[8179 8221]
[8222 8259]
[8260 8292]
[8293 8337]
[8338 8396]
[8397 8448]
[8449 8500]
[8501 8561]
[8562 8630]
[8631 8698]
[8699 8796]
[8797 8842]
[8843 8877]
[8878 9067]
[9068 9102]
[9103 9244]
[9245 9298]
[9299 9338]
[9339 9375]
[9376 9412]
[9413 9481]
[9482 9666]
[9667 9709]
[9710 9783]
[9784 9801]
[9802 9878]
[9879 9917]
[9918 9954]
[9955 9987]
[9988 10025]
[10026 10056]
[10057 10186]
[10187 10254]
[10255 10301]
[10302 10412]
[10413 10532]
[10533 10597]
[10598 10636]
[10637 10673]
[10674 10735]
[10736 10793]
[10794 10828]
[10829 10857]
[10858 10900]
[10901 10945]
[10946 10978]
[10979 11029]
[11030 11076]
[11077 11119]
[11120 11151]
[11152 11192]
[11193 11236]
[11237 12109]
[12110 12228]
[12229 12337]
[12338 12463]
