[0 125]
[126 244]
[245 254]
[255 263]
[264 341]
[342 361]
[362 468]
[469 1059]
[1060 1081]
[1082 1105]
[1106 1146]
[1147 1193]
[1194 1245]
[1246 1287]
[1288 1324]
[1325 1368]
[1369 1436]
[1437 1601]
[1602 1640]
[1641 1685]
[1686 1720]
[1721 1764]
[1765 1799]
[1800 1825]
[1826 1863]
[1864 1879]
[1880 1913]
[1914 1957]
[1958 1989]
[1990 2000]
[2001 2009]
[2010 2031]
[2032 2047]
[2048 2112]
[2113 2127]
[2128 2143]
[2144 2156]
[2157 2168]
[2169 2192]
[2193 2210]
[2211 2234]
[2235 2244]
[2245 2267]
[2268 2278]
[2279 2287]
[2288 2301]
[2302 2321]
[2322 2332]
[2333 2342]
[2343 2354]
[2355 2380]
[2381 2393]
[2394 2429]
[2430 2453]
[2454 2492]
[2493 2504]
[2505 2513]
[2514 2526]
[2527 2544]
[2545 2561]
[2562 2580]
[2581 2648]
[2649 2683]
[2684 2721]
[2722 2750]
[2751 2829]
[2830 2854]
[2855 2946]
[2947 2968]
[2969 2994]
[2995 3161]
[3162 3204]
[3205 3239]
[3240 3261]
[3262 3282]
[3283 3325]
[3326 3376]
[3378 3420]
[3421 3462]
[3463 3481]
[3482 3496]
[3497 3532]
[3533 3575]
[3576 3588]
[3589 3613]
[3614 3628]
[3629 3644]
[3645 3664]
[3665 3709]
[3710 3747]
[3748 3911]
[3913 3945]
[3946 3981]
[3982 4044]
[4045 4080]
[4081 4176]
[4177 4233]
[4234 4256]
[4257 4288]
[4289 4336]
[4337 4358]
[4359 4383]
[4384 4420]
[4421 4433]
[4434 4454]
[4455 4553]
[4554 4612]
[4613 4673]
[4674 4700]
[4701 4772]
[4773 4822]
[4823 4870]
[4871 4897]
[4898 4904]
[4905 4914]
[4915 4931]
[4932 4969]
[4970 4991]
[4992 5011]
[5012 5039]
[5040 5088]
[5089 5136]
[5137 5196]
[5198 5227]
[5228 5251]
[5252 5279]
[5280 5308]
[5309 5337]
[5338 5404]
[5405 5468]
[5469 5480]
[5481 5491]
[5492 5523]
[5524 5533]
[5534 5559]
[5560 5586]
[5587 5641]
[5642 5671]
[5672 5773]
[5774 5817]
[5818 5850]
[5851 5880]
[5881 5921]
[5923 5963]
[5964 5993]
[5994 6008]
[6009 6022]
[6023 6055]
[6056 6111]
[6112 6134]
[6135 6151]
[6152 6166]
[6167 6185]
[6186 6251]
[6252 6300]
[6301 6328]
[6329 6350]
[6351 6403]
[6404 6423]
[6425 6440]
[6441 6461]
[6462 6486]
[6487 6512]
[6513 6536]
[6537 6637]
[6638 6687]
[6688 7079]
[7080 7140]
[7141 7168]
[7169 7191]
[7192 7228]
[7229 7421]
[7422 7450]
[7451 7482]
[7483 7512]
[7513 7541]
[7542 7597]
[7598 7705]
[7706 7854]
[7855 8043]
[8044 8101]
[8102 8129]
[8130 8223]
[8224 8332]
[8333 8378]
[8379 8405]
[8406 8439]
[8440 8465]
[8466 8508]
[8509 8545]
[8546 8650]
[8651 8717]
[8718 8780]
[8781 8820]
[8821 8853]
[8854 8901]
[8902 8924]
[8925 8940]
[8941 8969]
[8970 9003]
[9004 9030]
[9031 9054]
[9055 9101]
[9102 9205]
[9206 9261]
[9262 9492]
[9493 9541]
[9543 9578]
[9579 9608]
[9609 9634]
[9635 9656]
[9657 9680]
[9681 9700]
[9701 9719]
[9720 9828]
[9829 9852]
[9853 9897]
[9898 9937]
[9938 9987]
[9988 10035]
[10036 10263]
[10264 10299]
[10300 10356]
[10357 10392]
[10393 10431]
[10432 10472]
[10473 10514]
[10515 10535]
[10536 10555]
[10556 10585]
[10586 10617]
[10618 10642]
[10643 10720]
[10721 10836]
[10837 10894]
[10895 10917]
[10918 10955]
[10956 11253]
[11254 11300]
[11301 11357]
[11358 11400]
[11401 11435]
[11436 11453]
[11454 11480]
[11481 11501]
[11502 11542]
[11543 11684]
[11685 12332]
[12333 12456]
[12457 12557]
[12558 12683]
