[0 125]
[126 241]
[242 255]
[256 268]
[269 294]
[295 356]
[357 1034]
[1035 1341]
[1342 1730]
[1731 1772]
[1773 1810]
[1811 1849]
[1850 1893]
[1894 1928]
[1929 1969]
[1970 2005]
[2006 2220]
[2221 2264]
[2265 2294]
[2295 2347]
[2348 2379]
[2380 2410]
[2411 2483]
[2484 2511]
[2512 2554]
[2555 2582]
[2583 2616]
[2617 2660]
[2661 2711]
[2712 2735]
[2736 2773]
[2774 2806]
[2807 2851]
[2852 2896]
[2897 2958]
[2959 3116]
[3117 3164]
[3165 3212]
[3213 3263]
[3264 3364]
[3365 3409]
[3410 3457]
[3458 3513]
[3514 3623]
[3624 3666]
[3667 3713]
[3714 3835]
[3836 3914]
[3915 3965]
[3966 4093]
[4094 4301]
[4302 4343]
[4344 4393]
[4394 4453]
[4454 4518]
[4519 4595]
[4596 4638]
[4639 4683]
[4684 4954]
[4955 4984]
[4985 5009]
[5010 5070]
[5072 5234]
[5235 5316]
[5318 5351]
[5352 5373]
[5374 5399]
[5400 5473]
[5474 5502]
[5503 5536]
[5537 5620]
[5621 5639]
[5640 5698]
[5699 5719]
[5720 5747]
[5748 5774]
[5775 5839]
[5840 5867]
[5868 5883]
[5884 5900]
[5901 5924]
[5925 5948]
[5949 5970]
[5971 6122]
[6123 6174]
[6175 6193]
[6194 6224]
[6225 6352]
[6353 6564]
[6565 6843]
[6844 6930]
[6933 7211]
[7212 7535]
[7536 7641]
[7643 7856]
[7858 8015]
[8016 8048]
[8049 8123]
[8124 8163]
[8164 8201]
[8202 8230]
[8232 8259]
[8260 8285]
[8286 8326]
[8327 8371]
[8372 8403]
[8404 8438]
[8439 8469]
[8470 8496]
[8497 8717]
[8718 9055]
[9056 9228]
[9229 9509]
[9510 9682]
[9683 9947]
[9948 10017]
[10018 10295]
[10296 10365]
[10366 10553]
[10554 10610]
[10611 10663]
[10664 11119]
[11120 11143]
[11144 11171]
[11172 11212]
[11213 11489]
[11490 11559]
[11560 11815]
[11816 12030]
[12031 12184]
[12185 12275]
[12276 12401]
