[0 125]
[126 250]
[251 260]
[261 269]
[270 347]
[348 367]
[368 474]
[475 991]
[992 1034]
[1035 1067]
[1068 1104]
[1105 1125]
[1126 1142]
[1143 1163]
[1164 1199]
[1200 1241]
[1242 1353]
[1355 1495]
[1496 1550]
[1551 1633]
[1635 1699]
[1701 1744]
[1745 1847]
[1848 1886]
[1887 1961]
[1962 1990]
[1991 2196]
[2197 2305]
[2306 2361]
[2362 2422]
[2423 2456]
[2457 2616]
[2617 2644]
[2645 2707]
[2708 2989]
[2990 3027]
[3028 3112]
[3114 3474]
[3475 3526]
[3527 3608]
[3609 3667]
[3668 3713]
[3714 3741]
[3742 3777]
[3778 3863]
[3864 3893]
[3894 4076]
[4077 4141]
[4142 4182]
[4183 4240]
[4241 4254]
[4255 4274]
[4275 4289]
[4290 4576]
[4577 4598]
[4599 4738]
[4739 4772]
[4773 4823]
[4824 4880]
[4881 4935]
[4936 5009]
[5010 5082]
[5083 5123]
[5124 5203]
[5204 5256]
[5257 5296]
[5297 5322]
[5323 5350]
[5351 5420]
[5421 5452]
[5453 5498]
[5499 5519]
[5520 5537]
[5538 5641]
[5642 5946]
[5947 5962]
[5963 5996]
[5997 6106]
[6107 6130]
[6131 6157]
[6158 6271]
[6272 6300]
[6301 6336]
[6338 6368]
[6369 6402]
[6403 6588]
[6589 6616]
[6617 6666]
[6667 6688]
[6689 6715]
[6716 6757]
[6758 6815]
[6816 6873]
[6874 6908]
[6909 6943]
[6944 7054]
[7055 7149]
[7150 7207]
[7208 7270]
[7271 7313]
[7314 7369]
[7370 7413]
[7414 7471]
[7472 7528]
[7529 7609]
[7610 7671]
[7672 7703]
[7704 7760]
[7761 7791]
[7792 7839]
[7840 7868]
[7869 7916]
[7917 7934]
[7935 7996]
[7997 8084]
[8085 8115]
[8116 8239]
[8240 8345]
[8346 8461]
[8462 8533]
[8534 8600]
[8601 8627]
[8628 8676]
[8677 8746]
[8747 8869]
[8870 8925]
[8926 8964]
[8965 9001]
[9002 9062]
[9063 9099]
[9100 9148]
[9149 9189]
[9190 9223]
[9224 9307]
[9308 9511]
[9512 9527]
[9528 9561]
[9562 10144]
[10145 10351]
[10352 10460]
[10461 10586]
