[0 125]
[126 254]
[255 268]
[269 283]
[284 297]
[298 312]
[313 381]
[382 837]
[838 996]
[997 1044]
[1045 1124]
[1125 1162]
[1163 1224]
[1225 1500]
[1501 1660]
[1661 2001]
[2002 2218]
[2219 2313]
[2314 2344]
[2345 2428]
[2429 2566]
[2567 2640]
[2641 2857]
[2859 2970]
[2972 3018]
[3019 3083]
[3084 3170]
[3171 3331]
[3332 3462]
[3463 3644]
[3646 3751]
[3752 3818]
[3819 3926]
[3927 4065]
[4066 4116]
[4117 4519]
[4521 4584]
[4585 4676]
[4678 4795]
[4796 5083]
[5084 5211]
[5213 5328]
[5329 5605]
[5606 5723]
[5724 6183]
[6184 6482]
[6483 6507]
[6508 6520]
[6521 6538]
[6539 6557]
[6558 6575]
[6576 6672]
[6673 6704]
[6705 6776]
[6777 6796]
[6797 6845]
[6846 6944]
[6945 6961]
[6962 6978]
[6979 6999]
[7000 7016]
[7017 7044]
[7045 7088]
[7089 7159]
[7160 7221]
[7222 7295]
[7296 7310]
[7311 7338]
[7339 7379]
[7380 7437]
[7438 7468]
[7469 7509]
[7510 7896]
[7897 8056]
[8057 8147]
[8148 8202]
[8203 8255]
[8256 8298]
[8299 8337]
[8338 8407]
[8408 8522]
[8524 8553]
[8554 8625]
[8626 8659]
[8660 8709]
[8710 8794]
[8795 8930]
[8931 8998]
[8999 9371]
[9373 9502]
[9503 9545]
[9546 9611]
[9612 9785]
[9786 9858]
[9859 9889]
[9890 9929]
[9930 9978]
[9980 10092]
[10093 10616]
[10617 10939]
[10940 11030]
[11031 11156]
