[ 0 25]
[27 46]
[47 66]
[ 68 111]
[113 206]
[207 482]
[483 536]
[537 572]
[573 602]
[603 630]
[631 663]
[664 699]
[700 729]
[730 757]
[758 787]
[788 823]
[824 881]
[882 907]
[908 964]
[ 965 1779]
[1780 1836]
[1837 1889]
[1890 1949]
[1950 2001]
[2002 2079]
[2080 2183]
[2184 2216]
[2217 2272]
[2273 2326]
[2327 2383]
[2384 2441]
[2442 2502]
[2503 2555]
[2556 2675]
[2676 2795]
[2796 2859]
[2860 2912]
[2913 2962]
[2963 3026]
[3027 3081]
[3082 3131]
[3132 3185]
[3186 3238]
[3239 3282]
[3283 3331]
[3332 3979]
[3980 4043]
[4044 4109]
[4110 4210]
[4211 4363]
[4364 4442]
[4443 4503]
[4504 4553]
[4554 4628]
[4629 4726]
[4727 4805]
[4806 4867]
[4868 4936]
[4937 5004]
[5005 5090]
[5091 5162]
[5163 5202]
[5203 5255]
[5256 5987]
[5988 6017]
[6018 6115]
[6116 6234]
[6235 6250]
[6251 6331]
[6332 6359]
[6360 6429]
[6430 6500]
[6501 6575]
[6576 6636]
[6637 6785]
[6786 6837]
[6838 6889]
[6890 7019]
[7020 7058]
[7059 7149]
[7150 7198]
[7199 7247]
[7248 7319]
[7320 7351]
[7352 7374]
[7375 7401]
[7402 7438]
[7439 7875]
[7876 7978]
[7979 8061]
[8062 8158]
[8159 8263]
[8264 8305]
[8306 8354]
[8355 8411]
[8412 8457]
[8458 8505]
[8506 8554]
[8555 8610]
[8611 8939]
[8940 8999]
[9000 9045]
[9046 9094]
[9095 9143]
[9144 9194]
[9195 9256]
[9257 9313]
[9314 9353]
[9354 9413]
[9414 9471]
[9472 9507]
[9508 9551]
[9552 9610]
[9611 9648]
[9649 9680]
[9681 9714]
[9715 9829]
[9830 9873]
[9874 9918]
[9919 9961]
[ 9962 10009]
[10010 10058]
[10059 10103]
[10104 10148]
[10149 10270]
[10271 10542]
[10543 10722]
[10723 10820]
[10821 10897]
[10898 11193]
[11194 11359]
[11360 11446]
[11447 11737]
[11738 11826]
[11827 11983]
[11984 12222]
[12223 12451]
[12452 12572]
[12573 12622]
[12623 12658]
[12659 12697]
[12698 13026]
[13027 13712]
[13713 14114]
[14115 14244]
[14245 14319]
[14320 14403]
[14404 14475]
[14476 14531]
[14532 14599]
[14600 14639]
[14640 14712]
[14713 14887]
[14888 14936]
[14937 15019]
[15020 15101]
[15102 15167]
[15168 15238]
[15239 15293]
[15294 15395]
[15396 15470]
[15471 15882]
[15883 15959]
[15960 16007]
[16008 16157]
[16158 16193]
[16194 16237]
[16238 16308]
[16309 16403]
[16404 16464]
[16465 16532]
[16533 16603]
[16604 16657]
[16658 16720]
[16721 16783]
[16784 17498]
[17499 17567]
[17568 17714]
[17715 17796]
[17797 18054]
[18055 18106]
[18107 18196]
[18197 18276]
[18277 18323]
[18324 18433]
[18434 18498]
[18499 18563]
[18564 18642]
[18643 18785]
[18786 18847]
[18848 18959]
[18960 19331]
[19332 19372]
[19373 19565]
[19566 19650]
[19651 19767]
[19768 19851]
[19852 19952]
[19953 20303]
[20304 20383]
[20384 20482]
[20483 20572]
[20573 20663]
[20664 20780]
[20781 21161]
[21162 21328]
[21329 21435]
[21436 21504]
[21505 21575]
[21576 21638]
[21639 21690]
[21691 21821]
[21822 21859]
[21860 22007]
[22008 22323]
[22324 22681]
[22682 22783]
[22784 22897]
[22898 23028]
[23029 23068]
[23069 23186]
[23187 23474]
[23475 23615]
[23616 24127]
[24128 24243]
[24244 24425]
[24426 24531]
[24532 24900]
[24901 24933]
[24934 25043]
[25044 25130]
[25131 25207]
[25208 25278]
[25279 25422]
[25423 25528]
[25529 25624]
[25625 25697]
[25698 25792]
[25793 25866]
[25867 25939]
[25940 26016]
[26017 26299]
[26300 26598]
[26599 26942]
[26943 27049]
[27050 27391]
[27392 27499]
