[ 0 11]
[12 36]
[37 67]
[68 90]
[ 91 135]
[136 152]
[153 171]
[172 189]
[190 211]
[212 220]
[221 229]
[230 285]
[286 301]
[302 311]
[312 320]
[321 329]
[330 351]
[352 364]
[365 374]
[375 383]
[384 392]
[393 401]
[402 410]
[411 448]
[449 502]
[504 523]
[524 543]
[545 588]
[590 671]
[672 952]
[ 953 1009]
[1010 1045]
[1046 1103]
[1104 1136]
[1137 1172]
[1173 1202]
[1203 1230]
[1231 1260]
[1261 1293]
[1294 1324]
[1325 1355]
[1356 1385]
[1386 1417]
[1418 1448]
[1449 1478]
[1479 1508]
[1509 1584]
[1586 2100]
[2101 2150]
[2151 2191]
[2192 2246]
[2247 2300]
[2301 2343]
[2344 2395]
[2396 2448]
[2449 2505]
[2506 2561]
[2562 2612]
[2613 2663]
[2664 2714]
[2715 2776]
[2777 3145]
[3146 3202]
[3203 3256]
[3257 3321]
[3322 3380]
[3381 3419]
[3420 3475]
[3476 3507]
[3508 3903]
[3904 4000]
[4001 4056]
[4057 4126]
[4127 4207]
[4208 4289]
[4290 4457]
[4458 4532]
[4533 4603]
[4604 4655]
[4656 4781]
[4782 4902]
[4903 4951]
[4952 4996]
[4997 5024]
[5025 5084]
[5085 5155]
[5156 5205]
[5206 5255]
[5256 5297]
[5298 5850]
[5851 5926]
[5927 5977]
[5978 6058]
[6059 6119]
[6120 6180]
[6181 6228]
[6229 6291]
[6292 6350]
[6351 6404]
[6405 6454]
[6455 6683]
[6684 6711]
[6712 6750]
[6751 6795]
[6796 6842]
[6843 6858]
[6859 6901]
[6902 6977]
[6978 7006]
[7007 7077]
[7078 7152]
[7153 7169]
[7170 7205]
[7206 7571]
[7572 7620]
[7621 7754]
[7755 7847]
[7848 7920]
[7921 7970]
[7971 8029]
[8030 8178]
[8179 8224]
[8225 8300]
[8301 8488]
[8489 8525]
[8526 8609]
[8610 8659]
[8660 8751]
[8752 8834]
[8835 8931]
[8932 9003]
[9004 9080]
[9081 9520]
[9521 9586]
[9587 9649]
[9650 9708]
[9709 9773]
[9774 9831]
[9832 9893]
[9894 9966]
[ 9967 10018]
[10019 10065]
[10066 10100]
[10101 10324]
[10325 10374]
[10375 10436]
[10437 10680]
[10681 10725]
[10726 10779]
[10780 10821]
[10822 10875]
[10876 10925]
[10926 10977]
[10978 11033]
[11034 11061]
[11062 11531]
[11532 11574]
[11575 11692]
[11693 11783]
[11784 11849]
[11850 11894]
[11895 11934]
[11935 11968]
[11969 12022]
[12023 12119]
[12120 12170]
[12171 12290]
[12291 12344]
[12345 12405]
[12406 12494]
[12495 12544]
[12545 12602]
[12603 12646]
[12647 12770]
[12771 12815]
[12816 12866]
[12867 12935]
[12936 13005]
[13006 13112]
[13113 13172]
[13173 13216]
[13217 13261]
[13262 13304]
[13305 13352]
[13353 13401]
[13402 13448]
[13449 13491]
[13492 13528]
[13529 13624]
[13625 13969]
[13970 14015]
[14016 14179]
[14180 14235]
[14236 14281]
[14282 14388]
[14389 14515]
[14516 14570]
[14571 14620]
[14621 14675]
[14676 14718]
[14719 14836]
[14837 14871]
[14872 14913]
[14914 14957]
[14958 15010]
[15011 15125]
[15126 15171]
[15172 15346]
[15347 15643]
[15644 15690]
[15691 15746]
[15747 15797]
[15798 15867]
[15868 15972]
[15973 16008]
[16009 16031]
[16032 16068]
[16069 16096]
[16097 16166]
[16167 16234]
[16235 16278]
[16279 16320]
[16321 16363]
[16364 16536]
[16537 16625]
[16626 16663]
[16664 16712]
[16713 16846]
[16847 17093]
[17094 17156]
[17157 17224]
[17225 17292]
[17293 17362]
[17363 17615]
[17616 17660]
[17661 17718]
[17719 17774]
[17775 17826]
[17827 18088]
[18089 18144]
[18145 18213]
[18214 18280]
[18281 18344]
[18345 18395]
[18396 18499]
[18500 18564]
[18565 18724]
[18725 18804]
[18805 18963]
[18964 19021]
[19022 19093]
[19094 19155]
[19156 19288]
[19289 19373]
[19374 19407]
[19408 19531]
[19532 19603]
[19604 19639]
[19640 19768]
[19769 19868]
[19869 19898]
[19899 20172]
[20173 20350]
[20351 20421]
[20422 20489]
[20490 20557]
[20558 20622]
[20623 20688]
[20689 20887]
[20888 21016]
[21017 21074]
[21075 21125]
[21126 21183]
[21184 21246]
[21247 21311]
[21312 21369]
[21370 21478]
[21479 21545]
[21546 21634]
[21635 21691]
[21692 21735]
[21736 21780]
[21781 21823]
[21824 21871]
[21872 21920]
[21921 21967]
[21968 22010]
[22011 22051]
[22052 22120]
[22121 22406]
[22407 22462]
[22463 22518]
[22519 22567]
[22568 22640]
[22641 22760]
[22761 22844]
[22845 22914]
[22915 23015]
[23016 23256]
[23257 23343]
[23344 23412]
[23413 23487]
[23488 23556]
[23557 23625]
[23626 23694]
[23695 23768]
[23769 23837]
[23838 23912]
[23913 23979]
[23980 24049]
[24050 24113]
[24114 24172]
[24173 24574]
[24575 24650]
[24651 24821]
[24822 24924]
[24925 25119]
[25120 25181]
[25182 25216]
[25217 25241]
[25242 25643]
[25644 25722]
[25723 25782]
[25783 25856]
[25857 25946]
[25947 26014]
[26015 26104]
[26105 26192]
[26193 26258]
[26259 26335]
[26336 26417]
[26418 26497]
[26498 26578]
[26579 26641]
[26642 26706]
[26707 27006]
[27007 27568]
[27569 27868]
[27869 28050]
[28051 28181]
[28182 28314]
[28315 28387]
[28388 28493]
[28494 28614]
[28615 28681]
[28682 29212]
[29213 29249]
