[ 0 31]
[33 52]
[53 72]
[ 74 117]
[119 209]
[210 560]
[561 593]
[594 621]
[622 655]
[656 687]
[688 716]
[717 735]
[736 774]
[775 811]
[812 843]
[844 873]
[874 935]
[936 969]
[970 999]
[1000 1032]
[1033 1133]
[1134 1566]
[1567 1619]
[1620 1678]
[1679 1727]
[1728 1794]
[1795 1869]
[1870 1921]
[1922 1969]
[1970 2026]
[2027 2088]
[2089 2104]
[2105 2194]
[2195 2283]
[2284 2424]
[2425 2460]
[2461 2510]
[2511 2564]
[2565 2635]
[2636 2671]
[2672 2717]
[2718 2786]
[2787 2807]
[2808 2842]
[2843 2881]
[2882 2967]
[2968 3012]
[3013 3051]
[3052 3094]
[3095 3136]
[3137 3190]
[3191 3244]
[3245 3283]
[3284 3344]
[3345 3415]
[3416 3473]
[3474 3543]
[3544 3584]
[3585 3653]
[3654 3694]
[3695 3719]
[3720 3976]
[3977 4230]
[4231 5090]
[5091 5128]
[5129 5191]
[5192 5222]
[5223 5252]
[5253 5404]
[5405 5436]
[5437 5741]
[5742 5859]
[5860 5933]
[5934 6026]
[6027 6226]
[6227 6558]
[6559 6662]
[6663 6750]
[6751 6806]
[6807 6908]
[6909 7261]
[7262 7366]
[7367 7435]
[7436 7592]
[7593 7844]
[7845 7942]
[7943 7994]
[7995 8043]
[8044 8432]
[8433 8505]
[8506 8599]
[8600 8641]
[8642 8670]
[8671 8829]
[8830 9130]
[9131 9197]
[9198 9264]
[9265 9433]
[9434 9513]
[9514 9577]
[9578 9618]
[9619 9645]
[9646 9976]
[ 9977 10072]
[10073 10183]
[10184 10270]
[10271 10403]
[10404 10457]
[10458 10642]
[10643 10720]
[10721 11114]
[11115 11239]
[11240 11337]
[11338 11632]
[11633 11795]
[11796 11872]
[11873 11948]
[11949 12026]
[12027 12112]
[12113 12206]
[12207 12307]
[12308 12404]
[12405 12487]
[12488 12548]
[12549 12610]
[12611 12664]
[12665 12722]
[12723 12786]
[12787 12844]
[12845 12919]
[12920 12982]
[12983 13100]
[13101 13376]
[13377 13444]
[13445 13593]
[13594 13706]
[13707 13734]
[13735 14309]
[14310 14670]
[14671 14776]
[14777 14893]
[14894 14985]
[14986 15080]
[15081 15151]
[15152 15222]
[15223 15289]
[15290 15364]
[15365 15439]
[15440 15492]
[15493 15523]
[15524 15879]
[15880 16142]
[16143 16378]
[16379 16617]
[16618 16668]
[16669 16746]
[16747 16824]
[16825 16854]
[16855 16944]
[16945 17250]
[17251 17350]
[17351 17449]
[17450 17543]
[17544 17611]
[17612 17711]
[17712 17727]
[17728 17947]
[17948 18202]
[18203 18296]
[18297 18358]
[18359 18429]
[18430 18482]
[18483 18547]
[18548 18586]
[18587 18646]
[18647 18825]
[18826 18882]
[18883 18955]
[18956 19010]
[19011 19065]
[19066 19097]
[19098 19142]
[19143 19162]
[19163 19258]
[19259 19315]
[19316 19383]
[19384 19481]
[19482 19644]
[19645 19737]
[19738 19804]
[19805 19861]
[19862 19961]
[19962 20038]
[20039 20154]
[20155 20218]
[20220 20357]
[20358 20601]
[20602 20746]
[20747 20812]
[20813 20896]
[20897 20995]
[20996 21094]
[21095 21140]
[21141 21184]
[21185 21251]
[21252 21331]
[21332 21603]
[21604 21848]
[21849 21913]
[21914 22152]
[22153 22210]
[22211 22283]
[22284 22341]
[22342 22409]
[22410 22462]
[22463 22531]
[22532 22617]
[22618 22671]
[22672 22772]
[22773 22838]
[22839 22899]
[22900 22947]
[22948 22981]
[22982 23011]
[23012 23041]
[23042 23422]
[23423 23539]
[23540 23616]
[23617 23690]
[23691 23728]
[23729 23787]
[23788 23860]
[23861 23941]
[23942 24035]
[24036 24092]
[24093 24185]
[24186 24240]
[24241 24351]
[24352 24552]
[24553 24712]
[24713 25057]
[25058 25120]
[25121 25183]
[25184 25459]
[25460 25658]
[25659 25826]
[25827 25910]
[25911 25971]
[25972 26031]
[26032 26085]
[26086 26194]
[26195 26246]
[26247 27035]
[27036 27099]
