[ 0 23]
[25 44]
[45 64]
[ 66 109]
[111 198]
[200 449]
[450 504]
[505 540]
[541 570]
[571 598]
[599 631]
[632 667]
[668 697]
[698 725]
[726 755]
[756 819]
[820 850]
[851 880]
[881 912]
[913 943]
[944 973]
[ 974 1003]
[1004 1084]
[1085 1469]
[1470 1601]
[1602 1634]
[1635 1694]
[1695 1740]
[1741 1808]
[1809 1853]
[1854 1941]
[1942 2007]
[2009 2080]
[2081 2146]
[2147 2214]
[2215 2317]
[2318 2373]
[2374 2430]
[2431 2512]
[2513 2567]
[2568 2636]
[2637 2707]
[2708 2767]
[2768 2816]
[2817 2845]
[2846 2877]
[2878 2923]
[2924 2945]
[2946 3316]
[3317 3358]
[3359 3403]
[3404 3439]
[3440 3478]
[3479 3506]
[3507 3559]
[3560 3641]
[3642 3757]
[3758 3850]
[3851 3932]
[3933 4037]
[4038 4149]
[4150 4203]
[4204 4245]
[4246 4389]
[4390 4472]
[4473 4548]
[4549 4598]
[4599 4715]
[4716 4769]
[4770 4839]
[4840 5178]
[5179 5320]
[5321 5373]
[5374 5429]
[5430 5519]
[5520 5704]
[5705 5769]
[5770 5881]
[5882 6022]
[6023 6089]
[6090 6219]
[6220 6313]
[6314 6424]
[6425 6486]
[6487 6594]
[6595 6954]
[6955 7345]
[7347 7439]
[7440 7782]
[7783 8126]
[8127 8539]
[8540 8591]
[8592 8613]
[8614 8645]
[8646 8779]
[8780 8859]
[8860 8908]
[8909 9003]
[9004 9088]
[9089 9139]
[9140 9296]
[9297 9406]
[9407 9421]
[9422 9447]
[9448 9476]
[9477 9555]
[9556 9599]
[9600 9660]
[9661 9723]
[9724 9759]
[9760 9812]
[9813 9855]
[9856 9903]
[9904 9952]
[9953 9999]
[10000 10042]
[10043 10079]
[10080 10175]
[10176 10590]
[10591 10672]
[10673 10788]
[10789 10881]
[10882 10898]
[10899 10936]
[10937 10991]
[10992 11038]
[11039 11095]
[11096 11265]
[11266 11296]
[11297 11402]
[11403 11420]
[11421 11571]
[11572 11622]
[11623 11911]
[11912 12040]
[12041 12196]
[12197 12241]
[12242 12366]
[12367 12455]
[12456 12551]
[12552 12654]
[12655 12762]
[12763 13209]
[13210 13472]
[13473 13606]
[13607 13676]
[13677 14004]
[14005 14150]
[14151 14283]
[14284 14464]
[14465 14801]
[14802 14837]
[14838 14865]
[14866 14949]
[14950 15013]
[15014 15037]
[15038 15079]
[15080 15163]
[15164 15214]
[15215 15313]
[15314 15894]
[15895 15936]
[15937 15986]
[15987 16046]
[16047 16221]
[16222 16279]
[16280 16351]
[16352 16410]
[16411 16453]
[16454 16490]
[16491 16524]
[16525 16571]
[16572 16608]
[16609 16652]
[16653 16696]
[16697 16950]
[16951 17003]
[17004 17060]
[17061 17113]
[17114 17180]
[17181 17232]
[17233 17319]
[17320 17573]
[17574 17649]
[17650 17724]
[17725 17799]
[17800 17875]
[17876 17944]
[17945 18014]
[18015 18080]
[18081 18148]
[18149 18297]
[18298 18381]
[18382 18466]
[18467 18593]
[18594 18666]
[18667 18750]
[18751 18847]
[18848 18928]
[18929 19220]
[19221 19273]
[19274 19328]
[19329 19366]
[19367 19427]
[19428 19494]
[19495 19592]
[19593 19657]
[19658 19696]
[19697 19743]
[19744 19809]
[19810 19865]
[19866 19922]
[19923 19966]
[19967 20011]
[20012 20054]
[20055 20102]
[20103 20215]
[20216 20366]
[20367 20737]
[20738 21028]
[21029 21100]
[21101 21126]
[21128 21237]
[21238 21273]
[21274 21346]
[21347 21470]
[21471 21634]
[21635 21720]
[21721 22096]
[22097 22179]
[22180 22257]
[22258 22329]
[22330 22407]
[22408 22493]
[22494 22581]
[22582 22671]
[22672 22764]
[22765 22837]
[22838 22901]
[22902 22989]
[22990 23197]
[23198 23256]
[23257 23344]
[23345 23436]
[23437 23490]
[23491 23682]
[23683 23746]
[23747 23820]
[23821 23898]
[23899 24046]
[24047 24279]
[24280 24385]
[24386 24527]
[24528 24655]
[24656 24836]
[24837 24953]
[24954 25190]
[25191 25547]
[25548 25876]
[25877 26181]
[26182 26310]
[26311 26382]
[26383 26540]
[26541 26624]
[26625 26705]
[26706 26819]
[26820 26902]
[26903 27070]
[27071 27214]
[27215 27293]
[27294 27371]
[27372 27472]
[27473 27538]
[27539 27625]
[27626 27733]
[27734 27760]
[27761 27782]
[27783 27835]
[27836 27917]
[27918 27968]
[27969 28023]
[28024 28054]
[28055 28231]
[28232 28340]
[28341 28385]
[28386 28457]
[28458 28499]
[28500 28596]
[28597 28625]
[28626 28741]
[28742 29035]
[29036 29140]
[29141 29537]
[29538 30063]
[30064 30149]
