[ 0 29]
[31 50]
[51 70]
[ 72 115]
[117 205]
[206 513]
[514 563]
[564 598]
[599 690]
[691 715]
[716 740]
[741 761]
[762 783]
[784 814]
[815 842]
[843 868]
[869 901]
[902 939]
[940 974]
[ 975 1032]
[1033 1056]
[1057 1146]
[1147 1558]
[1559 1894]
[1895 2021]
[2022 2107]
[2108 2496]
[2497 2733]
[2734 2892]
[2893 3040]
[3041 3116]
[3117 3583]
[3584 3614]
[3615 3693]
[3694 3757]
[3758 3789]
[3790 3818]
[3819 3876]
[3877 3967]
[3968 4027]
[4028 4090]
[4091 4131]
[4132 4203]
[4204 4222]
[4223 4302]
[4303 4376]
[4377 4547]
[4548 4749]
[4750 4864]
[4865 5004]
[5005 5067]
[5068 5100]
[5101 5518]
[5519 5561]
[5562 5617]
[5618 5664]
[5665 5798]
[5799 5822]
[5823 5852]
[5853 5905]
[5906 5931]
[5932 6103]
[6104 6167]
[6168 6225]
[6226 6260]
[6261 6516]
[6517 6580]
[6581 6638]
[6639 6704]
[6705 6751]
[6752 6792]
[6793 6864]
[6865 6934]
[6935 6977]
[6978 7263]
[7264 7303]
[7304 7346]
[7347 7410]
[7411 7467]
[7468 7535]
[7536 7605]
[7606 7665]
[7666 7729]
[7730 7811]
[7812 7865]
[7866 7926]
[7927 8020]
[8021 8084]
[8085 8133]
[8134 8189]
[8190 8242]
[8243 8485]
[8486 8578]
[8579 8631]
[8632 8706]
[8707 8789]
[8790 8839]
[8840 8876]
[8877 8915]
[8916 8968]
[8969 9034]
[9035 9054]
[9055 9107]
[9108 9159]
[9160 9216]
[9217 9239]
[9240 9271]
[9272 9319]
[9320 9414]
[9415 9510]
[9511 9557]
[9558 9583]
[9584 9637]
[9638 9675]
[ 9676 10085]
[10086 10203]
[10204 10253]
[10254 10313]
[10314 10358]
[10359 10410]
[10411 10522]
[10523 10578]
[10579 10646]
[10647 10732]
[10733 10760]
[10761 10787]
[10788 10812]
[10813 10837]
[10838 10939]
[10940 11050]
[11051 11121]
[11122 11148]
[11149 11187]
[11188 11218]
[11219 11290]
[11291 11347]
[11348 11397]
[11398 11447]
[11448 11479]
[11480 11520]
[11521 11551]
[11552 11582]
[11583 11619]
[11620 11679]
[11680 11726]
[11727 12115]
[12116 12289]
[12290 12436]
[12437 12513]
[12514 12778]
[12779 12870]
[12871 12989]
[12990 13040]
[13041 13079]
[13080 13130]
[13131 13170]
[13171 13220]
[13221 13272]
[13273 13323]
[13324 13364]
[13365 13394]
[13395 13481]
[13482 13786]
[13787 13871]
[13872 13946]
[13947 14060]
[14061 14237]
[14238 14298]
[14299 14361]
[14362 14475]
[14476 14727]
[14728 14780]
[14781 14841]
[14842 14941]
[14942 15021]
[15022 15123]
[15124 15494]
[15495 15665]
[15666 15702]
[15703 15842]
[15843 15892]
[15893 16044]
[16045 16101]
[16102 16154]
[16155 16183]
[16184 16299]
[16300 16343]
[16344 16450]
[16451 16510]
[16511 16602]
[16603 16805]
[16806 16853]
[16854 16904]
[16905 16944]
[16945 17002]
[17003 17040]
[17041 17090]
[17091 17182]
[17183 17320]
[17321 17400]
[17401 17592]
[17593 17673]
[17674 17730]
[17731 17778]
[17779 17937]
[17938 18269]
[18270 18354]
[18355 18391]
[18392 18444]
[18445 18490]
[18491 18542]
[18543 18610]
[18611 18658]
[18659 18716]
[18717 18816]
[18817 18879]
[18880 18929]
[18930 18978]
[18979 19020]
[19021 19065]
[19066 19114]
[19115 19148]
[19149 19198]
[19199 19445]
[19446 19507]
[19508 19684]
[19685 19818]
[19819 19977]
[19978 20067]
[20068 20117]
[20118 20222]
[20223 20308]
[20309 20358]
[20359 20421]
[20422 20485]
[20486 20716]
[20717 20811]
[20812 20912]
[20913 20969]
[20970 21024]
[21025 21076]
[21077 21118]
[21119 21199]
[21200 21297]
[21298 21334]
[21335 21364]
[21365 21398]
[21399 21446]
[21447 21476]
[21477 21507]
[21508 21551]
[21552 21599]
[21600 21653]
[21654 21707]
[21708 21746]
[21747 21785]
[21786 21819]
[21820 21852]
[21853 21887]
[21888 21946]
[21947 21979]
[21980 22019]
[22020 22054]
[22055 22141]
[22142 22422]
[22423 22776]
[22777 23026]
[23027 23224]
[23225 23406]
[23407 23447]
[23448 23548]
[23549 23667]
[23668 23792]
[23793 24010]
[24011 24062]
[24063 24147]
[24148 24188]
[24189 24271]
[24272 24405]
[24406 24499]
[24500 24535]
[24536 24627]
[24628 24710]
[24711 24948]
[24949 25029]
[25030 25115]
[25116 25187]
[25188 25321]
[25322 25439]
[25440 25522]
[25523 25883]
[25884 25913]
[25914 25971]
[25972 26005]
[26006 26025]
[26026 26110]
[26111 26147]
[26148 26214]
[26215 26251]
[26252 26274]
[26275 26327]
[26328 26385]
[26386 26422]
[26423 26455]
[26456 26576]
[26577 26620]
[26621 26657]
[26658 26704]
[26705 26748]
[26749 26889]
[26890 26934]
[26935 27019]
[27020 27194]
[27195 27377]
[27378 27413]
[27414 27440]
[27441 27470]
[27471 27498]
[27499 27521]
[27522 27549]
[27550 27597]
[27598 27702]
[27703 27917]
[27918 27958]
[27959 27990]
[27991 28024]
[28025 28080]
[28081 28170]
[28171 28177]
[28178 28190]
[28191 28302]
[28303 28362]
[28363 28391]
[28392 28428]
[28429 28472]
[28473 28499]
[28500 28505]
[28506 28525]
[28526 28591]
[28592 28740]
[28741 28766]
[28767 29125]
[29127 29199]
