[ 0 26]
[28 47]
[48 67]
[ 69 112]
[114 207]
[208 479]
[480 535]
[536 559]
[560 586]
[587 613]
[614 639]
[640 662]
[663 694]
[695 723]
[724 754]
[755 786]
[787 819]
[820 852]
[853 911]
[912 950]
[951 985]
[ 986 1022]
[1023 1112]
[1113 1611]
[1612 1741]
[1742 1829]
[1830 1865]
[1866 1941]
[1942 1993]
[1994 2043]
[2044 2145]
[2146 2187]
[2188 2256]
[2257 2294]
[2295 2385]
[2386 2562]
[2563 2586]
[2587 2597]
[2598 2663]
[2664 2703]
[2704 2748]
[2749 2825]
[2826 2956]
[2957 3004]
[3005 3062]
[3063 3138]
[3139 3665]
[3666 3717]
[3718 3782]
[3783 3858]
[3859 3985]
[3986 4142]
[4143 4423]
[4424 4485]
[4486 4554]
[4555 4623]
[4624 4681]
[4682 4897]
[4898 4980]
[4981 5052]
[5053 5118]
[5119 5201]
[5202 5260]
[5261 5887]
[5888 5934]
[5935 5992]
[5993 6032]
[6033 6083]
[6084 6126]
[6127 6147]
[6148 6259]
[6260 6324]
[6325 6376]
[6377 6408]
[6409 6505]
[6506 6576]
[6577 6624]
[6625 6707]
[6708 6790]
[6791 6851]
[6852 6894]
[6895 6978]
[6979 7095]
[7096 7194]
[7195 7232]
[7233 7267]
[7268 7329]
[7330 7358]
[7359 7409]
[7410 7514]
[7515 8005]
[8006 8025]
[8026 8080]
[8081 8111]
[8112 8145]
[8146 8202]
[8203 8376]
[8377 8538]
[8539 8589]
[8590 8624]
[8625 8684]
[8685 8724]
[8725 8735]
[8736 8876]
[8877 8958]
[8959 9031]
[9032 9051]
[9052 9223]
[9224 9274]
[9275 9336]
[9337 9476]
[9477 9523]
[9524 9566]
[9567 9608]
[9609 9666]
[ 9667 10231]
[10232 10280]
[10281 10352]
[10353 10442]
[10443 10477]
[10478 10547]
[10548 10614]
[10615 10697]
[10698 10746]
[10747 10775]
[10776 10834]
[10835 10870]
[10871 10942]
[10943 10973]
[10974 11068]
[11069 11106]
[11107 11154]
[11155 11187]
[11188 11243]
[11244 11292]
[11293 11335]
[11336 11367]
[11368 11408]
[11409 11555]
[11556 11603]
[11604 11632]
[11633 11662]
[11663 11693]
[11694 11736]
[11737 11763]
[11764 11800]
[11801 11820]
[11821 11871]
[11872 11907]
[11908 12004]
[12005 12484]
[12485 12571]
[12572 12728]
[12729 12795]
[12796 12862]
[12863 12987]
[12988 13064]
[13065 13157]
[13158 13234]
[13235 13309]
[13310 13391]
[13392 13472]
[13473 13541]
[13542 13616]
[13617 14116]
[14117 14184]
[14185 14245]
[14246 14313]
[14314 14367]
[14368 14453]
[14454 14506]
[14507 14545]
[14546 14593]
[14594 14666]
[14667 14768]
[14769 14817]
[14818 14918]
[14919 14971]
[14972 15045]
[15046 15114]
[15115 15223]
[15224 15699]
[15700 15759]
[15760 15812]
[15813 15890]
[15891 15951]
[15952 16016]
[16017 16068]
[16069 16143]
[16144 16201]
[16202 16267]
[16268 16332]
[16333 16394]
[16395 16441]
[16442 16545]
[16546 16606]
[16607 16672]
[16673 16726]
[16727 16784]
[16785 16837]
[16838 16907]
[16908 17281]
[17282 17430]
[17431 17552]
[17553 17612]
[17613 17742]
[17743 17972]
[17973 18053]
[18054 18184]
[18185 18273]
[18274 18394]
[18395 18482]
[18483 18841]
[18843 18892]
[18893 19027]
[19028 19054]
[19055 19157]
[19158 19216]
[19217 19273]
[19274 19375]
[19376 19465]
[19466 19517]
[19518 19630]
[19631 19703]
[19704 19788]
[19789 20112]
[20113 20251]
[20252 20317]
[20318 20411]
[20412 20508]
[20509 20608]
[20609 20649]
[20650 20678]
[20679 20738]
[20739 20826]
[20827 20888]
[20889 20941]
[20942 20998]
[20999 21112]
[21113 21201]
[21202 21283]
[21284 21670]
[21671 21764]
[21765 21848]
[21849 21895]
[21896 21953]
[21954 22127]
[22128 22250]
[22251 22282]
[22283 22377]
[22378 22503]
[22504 22584]
[22585 22727]
[22728 22778]
[22779 22815]
[22816 22859]
[22860 22907]
[22908 22940]
[22941 22972]
[22973 23062]
[23063 23168]
[23169 23666]
[23667 23756]
[23757 23842]
[23843 23912]
[23913 23990]
[23991 24216]
[24217 24301]
[24302 24374]
[24375 24441]
[24442 24503]
[24504 24714]
[24715 24800]
[24801 24880]
[24881 24899]
[24900 25002]
[25003 25075]
[25076 25147]
[25148 25215]
[25216 25284]
[25285 25356]
[25357 25426]
[25427 25780]
[25781 25853]
[25854 25936]
[25937 26040]
[26041 26101]
[26102 26183]
[26184 26232]
[26233 26320]
[26321 26429]
[26430 26882]
[26883 26944]
[26945 27008]
[27009 27357]
[27358 27482]
[27483 27607]
[27608 27732]
[27733 28047]
[28048 28097]
[28098 28170]
[28171 28225]
[28226 28295]
[28296 28360]
[28361 28414]
[28415 28477]
[28478 28538]
[28539 28595]
[28596 28652]
[28653 28716]
[28717 28772]
[28773 28838]
[28839 29086]
[29087 29116]
[29117 29209]
[29210 29269]
[29270 29353]
[29355 29360]
[29361 29404]
[29405 29484]
[29485 29575]
[29576 29658]
[29659 30121]
[30122 30163]
[30164 30217]
[30218 30270]
[30271 30355]
[30356 30420]
[30421 30483]
[30484 30684]
[30685 30714]
[30715 30770]
[30771 30945]
[30946 31063]
[31064 31131]
[31132 31196]
[31197 31266]
[31267 31308]
[31309 31358]
[31359 31487]
[31488 31577]
[31578 31621]
[31622 31657]
[31658 31689]
[31690 31753]
[31754 31999]
[32000 32081]
[32082 32127]
[32128 32278]
[32279 32310]
[32311 32347]
[32348 32380]
[32381 32425]
[32426 32462]
[32463 32597]
[32598 32716]
[32717 32765]
[32766 32802]
[32803 32835]
[32836 32876]
[32877 32920]
[32921 32978]
[32979 33021]
[33022 33308]
[33309 33449]
