[ 0 29]
[31 50]
[51 70]
[ 72 115]
[117 208]
[209 459]
[460 519]
[520 550]
[551 581]
[582 612]
[613 646]
[647 677]
[678 708]
[709 739]
[740 770]
[771 803]
[804 834]
[835 865]
[866 895]
[896 928]
[929 959]
[960 990]
[ 991 1098]
[1099 1527]
[1528 1572]
[1573 1636]
[1637 1669]
[1670 1697]
[1698 1737]
[1738 1801]
[1802 1845]
[1846 1884]
[1885 1920]
[1921 1972]
[1973 2015]
[2016 2052]
[2053 2107]
[2108 2272]
[2273 2416]
[2417 2459]
[2460 2539]
[2540 2603]
[2604 2673]
[2674 2730]
[2731 2811]
[2812 2883]
[2884 2957]
[2958 3011]
[3012 3086]
[3087 3136]
[3137 3443]
[3444 3514]
[3515 3545]
[3546 3614]
[3615 3678]
[3679 3726]
[3727 3758]
[3759 3802]
[3803 3846]
[3847 3893]
[3894 3930]
[3931 3975]
[3976 4008]
[4009 4048]
[4049 4095]
[4096 4102]
[4103 4423]
[4424 4495]
[4496 4566]
[4567 4667]
[4668 4762]
[4763 4808]
[4809 4915]
[4916 4959]
[4960 5022]
[5023 5115]
[5116 5171]
[5172 5313]
[5314 5320]
[5321 5397]
[5398 5447]
[5448 5778]
[5779 5810]
[5811 5872]
[5873 5937]
[5938 5983]
[5984 6032]
[6033 6081]
[6082 6132]
[6133 6194]
[6195 6265]
[6266 6316]
[6317 6376]
[6377 6408]
[6409 6443]
[6444 6482]
[6483 6515]
[6516 6547]
[6548 6587]
[6588 6624]
[6625 6656]
[6657 6709]
[6710 6721]
[6722 7149]
[7150 7545]
[7546 7562]
[7563 7916]
[7917 7958]
[7959 8000]
[8001 8060]
[8061 8126]
[8127 8188]
[8189 8252]
[8253 8308]
[8309 8362]
[8363 8535]
[8536 8587]
[8588 8630]
[8631 8837]
[8838 8876]
[8877 8916]
[8917 8960]
[8961 9011]
[9012 9125]
[9126 9169]
[9170 9214]
[9215 9257]
[9258 9305]
[9306 9401]
[9402 9445]
[9447 9483]
[9484 9570]
[9571 9885]
[9886 9958]
[ 9959 10068]
[10069 10348]
[10349 10511]
[10512 10791]
[10792 10897]
[10898 10938]
[10939 11008]
[11009 11043]
[11044 11473]
[11474 11528]
[11529 11574]
[11575 11648]
[11649 11714]
[11715 11810]
[11811 11887]
[11888 11986]
[11987 12066]
[12067 12148]
[12149 12226]
[12227 12296]
[12297 12370]
[12371 12431]
[12432 12491]
[12492 12791]
[12792 12843]
[12844 12922]
[12923 13025]
[13026 13154]
[13155 13197]
[13198 13320]
[13321 13417]
[13418 13473]
[13474 13518]
[13519 13556]
[13557 13681]
[13682 13779]
[13780 13813]
[13814 13949]
[13950 14097]
[14098 14140]
[14141 14195]
[14196 14269]
[14270 14597]
[14599 14696]
[14697 14836]
[14837 14900]
[14901 14998]
[14999 15031]
[15032 15151]
[15152 15332]
[15333 15423]
[15424 15474]
[15475 15520]
[15521 15621]
[15622 15807]
[15808 16152]
[16153 16240]
[16241 16306]
[16307 16514]
[16515 16718]
[16719 16781]
[16782 16819]
[16820 16881]
[16882 16940]
[16941 17018]
[17019 17087]
[17088 17118]
[17119 17310]
[17311 17449]
[17450 17512]
[17513 17596]
[17597 17658]
[17659 18065]
[18066 18345]
[18346 18614]
[18615 18928]
[18929 19182]
[19183 19335]
[19336 19539]
[19540 19636]
[19637 19668]
[19669 19738]
[19739 19769]
[19770 19860]
[19861 19881]
[19882 20053]
[20054 20092]
[20093 20181]
[20182 20286]
[20287 20511]
[20512 20586]
[20587 20654]
[20655 20853]
[20854 20974]
[20975 21191]
[21192 21268]
[21269 21395]
[21396 21451]
[21452 21741]
[21742 21795]
[21796 21824]
[21825 21865]
[21866 21886]
[21887 21924]
[21925 22014]
[22015 22054]
[22055 22094]
[22095 22151]
[22152 22188]
[22189 22219]
[22220 22251]
[22252 22321]
[22322 22359]
[22360 22388]
[22389 22439]
[22440 22495]
[22496 22532]
[22533 22582]
[22583 22606]
[22607 22700]
[22701 22754]
[22755 22783]
[22784 22842]
[22843 22867]
[22868 22917]
[22918 22958]
[22959 22992]
[22993 23019]
[23020 23057]
[23058 23092]
[23093 23133]
[23134 23340]
[23341 23456]
[23457 23582]
[23583 23669]
[23670 23716]
[23717 23739]
[23740 23826]
[23827 23874]
[23875 23950]
[23951 24033]
[24034 24154]
[24155 24197]
[24198 24574]
[24575 24614]
[24615 24649]
[24650 24691]
[24692 24722]
[24723 24767]
[24768 24818]
[24819 24868]
[24869 24913]
[24914 25046]
[25047 25108]
[25109 25228]
[25229 25284]
[25285 25342]
[25343 25412]
[25413 25452]
[25453 25473]
[25474 25522]
[25523 25571]
[25572 25618]
[25619 25681]
[25682 25784]
[25785 25905]
[25906 26067]
[26068 26136]
[26137 26176]
[26177 26197]
[26198 26242]
[26243 26265]
[26266 26342]
[26343 26361]
[26362 26381]
[26382 26397]
[26398 26462]
[26463 26489]
[26490 26542]
[26543 26601]
[26602 26625]
[26626 26755]
[26756 26809]
[26810 26827]
[26828 27257]
[27258 27431]
[27432 27545]
[27546 27782]
[27783 27857]
[27858 27890]
[27891 27934]
[27935 27983]
[27984 28023]
[28024 28072]
[28073 28118]
[28119 28164]
[28165 28222]
[28223 28274]
[28275 28305]
[28306 28352]
[28353 28395]
[28396 28463]
[28464 28536]
[28538 28857]
[28858 28949]
