[ 0 33]
[35 54]
[55 74]
[ 76 119]
[121 198]
[199 492]
[493 553]
[554 589]
[590 619]
[620 647]
[648 673]
[674 688]
[689 729]
[730 759]
[760 794]
[795 914]
[915 993]
[ 994 1553]
[1554 1623]
[1624 1693]
[1694 1739]
[1740 1787]
[1788 1835]
[1836 1878]
[1879 1922]
[1923 2011]
[2012 2045]
[2046 2078]
[2079 2120]
[2121 2171]
[2172 2232]
[2233 2249]
[2250 2283]
[2284 2334]
[2335 2385]
[2386 2432]
[2433 2475]
[2476 2554]
[2555 2626]
[2627 2660]
[2661 3186]
[3187 3239]
[3240 3309]
[3310 3388]
[3389 3482]
[3483 3555]
[3556 3644]
[3645 3753]
[3754 3781]
[3782 3803]
[3804 3821]
[3822 3883]
[3884 3946]
[3947 3984]
[3986 4404]
[4405 4464]
[4465 4524]
[4525 4587]
[4588 4634]
[4635 4692]
[4693 4750]
[4751 4804]
[4805 4860]
[4861 4919]
[4920 4965]
[4966 5030]
[5031 5086]
[5087 5145]
[5146 5197]
[5198 5245]
[5247 5283]
[5284 5347]
[5348 5386]
[5387 5428]
[5429 5468]
[5469 5990]
[5991 6069]
[6070 6117]
[6118 6192]
[6193 6254]
[6255 6305]
[6306 6358]
[6359 6416]
[6417 6489]
[6490 6581]
[6582 6738]
[6739 6804]
[6805 6951]
[6952 7041]
[7042 7184]
[7185 7319]
[7320 7526]
[7527 8008]
[8010 8037]
[8038 8077]
[8078 8112]
[8113 8134]
[8135 8176]
[8177 8221]
[8222 8280]
[8281 8320]
[8321 8349]
[8350 8476]
[8477 8536]
[8537 8577]
[8578 8622]
[8623 8674]
[8675 8717]
[8718 8744]
[8745 8792]
[8793 8833]
[8834 8975]
[8976 9023]
[9024 9069]
[9070 9130]
[9131 9230]
[9231 9290]
[9291 9333]
[9334 9385]
[9386 9441]
[9442 9487]
[9488 9540]
[9541 9603]
[9604 9644]
[9645 9686]
[9687 9720]
[9721 9770]
[9771 9820]
[9821 9892]
[9893 9973]
[ 9974 10188]
[10189 10379]
[10380 10465]
[10466 10585]
[10586 10672]
[10673 10765]
[10766 10840]
[10841 10935]
[10936 11021]
[11022 11107]
[11108 11392]
[11393 11492]
[11493 11525]
[11526 11603]
[11604 11674]
[11675 11765]
[11766 11889]
[11890 11986]
[11987 12082]
[12083 12267]
[12268 12357]
[12358 12443]
[12444 12649]
[12650 12702]
[12703 12750]
[12751 13185]
[13187 13264]
[13265 13339]
[13340 13434]
[13435 13529]
[13530 13607]
[13608 13678]
[13679 13735]
[13736 13809]
[13810 13893]
[13894 13974]
[13975 14049]
[14050 14123]
[14124 14158]
[14159 14593]
[14594 14670]
[14671 14717]
[14718 14785]
[14786 14795]
[14796 14847]
[14848 14882]
[14883 14929]
[14930 14961]
[14962 14966]
[14967 15063]
[15064 15091]
[15092 15126]
[15127 15167]
[15168 15274]
[15275 15366]
[15367 15422]
[15423 15465]
[15466 15484]
[15485 15519]
[15520 15552]
[15553 15653]
[15654 15720]
[15721 15767]
[15768 16024]
[16025 16111]
[16112 16186]
[16187 16268]
[16269 16357]
[16358 16432]
[16433 16527]
[16528 16603]
[16604 16720]
[16721 16794]
[16795 16934]
[16935 17020]
[17021 17108]
[17109 17482]
[17483 17552]
[17553 17600]
[17601 17666]
[17667 17716]
[17717 17788]
[17789 17858]
[17859 17940]
[17941 18006]
[18007 18067]
[18068 18137]
[18138 18261]
[18263 18314]
[18315 18365]
[18366 18412]
[18413 18453]
[18454 18494]
[18495 18554]
[18555 18593]
[18594 18637]
[18638 18750]
[18751 18973]
[18974 19176]
[19177 19273]
[19274 19450]
[19451 19685]
[19686 19788]
[19789 19880]
[19881 19998]
[19999 20067]
[20068 20306]
[20307 20460]
[20461 20599]
[20600 20615]
[20616 20711]
[20712 20801]
[20802 21106]
[21107 21129]
[21130 21237]
[21238 21281]
[21282 21317]
[21318 21346]
[21347 21426]
[21427 21499]
[21500 21602]
[21603 21756]
[21757 21795]
[21796 21835]
[21836 21879]
[21880 21922]
[21923 22009]
[22010 22149]
[22150 22208]
[22209 22364]
[22365 22473]
[22474 22613]
[22614 22787]
[22788 22904]
[22905 22939]
[22940 23042]
[23043 23105]
[23106 23170]
[23171 23230]
[23231 23289]
[23290 23387]
[23388 23462]
[23463 23522]
[23523 23590]
[23591 23608]
[23609 23664]
[23665 23677]
[23678 23747]
[23748 23848]
[23849 23902]
[23903 23971]
[23972 24023]
[24024 24077]
[24078 24297]
[24298 24417]
[24418 24462]
[24463 24513]
[24514 24558]
[24559 24595]
[24596 24679]
[24680 24756]
[24757 24869]
[24870 24912]
[24913 24957]
[24958 25079]
[25080 25247]
[25248 25323]
[25324 25444]
[25445 25510]
[25511 25546]
[25547 25613]
[25614 25687]
[25688 25737]
[25738 25869]
[25870 25971]
[25972 25996]
[25997 26107]
[26108 26140]
[26141 26199]
[26200 26262]
[26263 26298]
[26299 26449]
[26450 26537]
[26538 26688]
[26689 26793]
[26794 26900]
[26901 26961]
[26962 27434]
[27435 27499]
