[ 0 23]
[25 44]
[45 64]
[ 66 109]
[111 206]
[207 479]
[480 530]
[531 556]
[557 585]
[586 622]
[623 658]
[659 699]
[700 746]
[747 782]
[783 830]
[831 863]
[864 906]
[907 946]
[ 947 1019]
[1020 1106]
[1107 1503]
[1504 1549]
[1550 1599]
[1600 1649]
[1650 1699]
[1700 1749]
[1750 1798]
[1799 1848]
[1849 1897]
[1898 1947]
[1948 1995]
[1996 2045]
[2046 2095]
[2096 2144]
[2145 2194]
[2195 2344]
[2345 2464]
[2465 2506]
[2507 2545]
[2546 2595]
[2596 2625]
[2626 2669]
[2670 3051]
[3052 3112]
[3113 3191]
[3192 3264]
[3265 3340]
[3341 3415]
[3416 3503]
[3504 3578]
[3579 3629]
[3630 3666]
[3667 3737]
[3738 3803]
[3804 3872]
[3873 3934]
[3935 3998]
[3999 4075]
[4076 4153]
[4154 4239]
[4240 4322]
[4323 4399]
[4400 4908]
[4909 4976]
[4977 5008]
[5009 5062]
[5063 5109]
[5110 5159]
[5160 5205]
[5206 5241]
[5242 5268]
[5269 5308]
[5309 5388]
[5389 5526]
[5527 5680]
[5681 5758]
[5759 5802]
[5803 5842]
[5843 5952]
[5953 6000]
[6001 6040]
[6041 6078]
[6079 6130]
[6131 6200]
[6201 6271]
[6272 6376]
[6377 6422]
[6423 6917]
[6918 6971]
[6972 7018]
[7019 7060]
[7061 7103]
[7104 7143]
[7144 7196]
[7197 7245]
[7246 7302]
[7303 7341]
[7342 7460]
[7461 7495]
[7496 7554]
[7555 7591]
[7592 7645]
[7646 7673]
[7674 7712]
[7713 7885]
[7886 8011]
[8012 8061]
[8062 8095]
[8096 8148]
[8149 8255]
[8256 8705]
[8706 8801]
[8802 8889]
[8890 8958]
[8959 9043]
[9044 9134]
[9135 9231]
[9232 9494]
[9495 9578]
[9579 9660]
[9661 9756]
[9757 9840]
[ 9841 10293]
[10294 10393]
[10394 10479]
[10480 10576]
[10577 10674]
[10675 10757]
[10758 10877]
[10878 11037]
[11038 11203]
[11204 11453]
[11454 11874]
[11875 12113]
[12114 12184]
[12185 12254]
[12255 12324]
[12325 12391]
[12392 12459]
[12460 12526]
[12527 12595]
[12596 12857]
[12858 12924]
[12925 12989]
[12990 13053]
[13054 13309]
[13310 13380]
[13381 13453]
[13454 13519]
[13520 13941]
[13942 14066]
[14067 14135]
[14136 14195]
[14196 14306]
[14307 14367]
[14368 14472]
[14473 14575]
[14576 14640]
[14641 14747]
[14748 14784]
[14785 14812]
[14813 14860]
[14861 14987]
[14988 15059]
[15060 15093]
[15094 15154]
[15155 15189]
[15190 15233]
[15234 15277]
[15278 15340]
[15341 15404]
[15405 15532]
[15533 15777]
[15778 15847]
[15848 15930]
[15931 15973]
[15974 16017]
[16018 16232]
[16233 16326]
[16327 16356]
[16357 16411]
[16412 16521]
[16522 16565]
[16566 16631]
[16632 16716]
[16717 16778]
[16779 16830]
[16831 16868]
[16869 16993]
[16994 17283]
[17284 17345]
[17346 17422]
[17423 17494]
[17495 17569]
[17570 17644]
[17645 17721]
[17722 17795]
[17796 17869]
[17870 17945]
[17946 18020]
[18021 18093]
[18094 18161]
[18162 18453]
[18454 18525]
[18526 18598]
[18599 18679]
[18680 18867]
[18868 18991]
[18992 19113]
[19114 19281]
[19282 19366]
[19367 19443]
[19444 19690]
[19691 19754]
[19755 19831]
[19832 19914]
[19915 19999]
[20000 20078]
[20079 20151]
[20152 20229]
[20230 20311]
[20312 20382]
[20383 20449]
[20450 20851]
[20852 20937]
[20938 20992]
[20993 21063]
[21064 21127]
[21128 21200]
[21201 21333]
[21334 21380]
[21381 21444]
[21445 21521]
[21522 21566]
[21567 21636]
[21637 21737]
[21738 22020]
[22021 22491]
[22492 22613]
[22614 22928]
[22929 23221]
[23222 23328]
[23329 23449]
[23450 23746]
[23747 23847]
[23848 24142]
[24143 24197]
[24198 24262]
[24263 24327]
[24328 24392]
[24393 24457]
[24458 24522]
[24523 24586]
[24587 24649]
[24650 24709]
[24710 24772]
[24773 24833]
[24834 24902]
[24903 25223]
[25224 25835]
[25836 26198]
[26199 26261]
[26262 26597]
[26598 26691]
[26692 26756]
[26757 26790]
[26791 26864]
[26865 26918]
[26919 26973]
[26974 27014]
[27015 27076]
[27077 27127]
[27128 27156]
[27157 27200]
[27201 27236]
[27237 27327]
[27328 27643]
[27645 27699]
