[ 0 27]
[29 48]
[49 68]
[ 70 113]
[115 211]
[212 561]
[562 612]
[613 648]
[649 678]
[679 706]
[707 739]
[740 775]
[776 805]
[806 833]
[834 863]
[864 896]
[897 927]
[928 958]
[959 986]
[ 987 1038]
[1039 1863]
[1864 1917]
[1918 1944]
[1945 1967]
[1968 2023]
[2024 2066]
[2067 2099]
[2100 2149]
[2150 2220]
[2221 2267]
[2268 2366]
[2367 2398]
[2399 2447]
[2448 2489]
[2490 2711]
[2712 2744]
[2745 2775]
[2776 2826]
[2827 2884]
[2885 2910]
[2911 2979]
[2980 3037]
[3038 3077]
[3078 3223]
[3224 3271]
[3272 3303]
[3304 3341]
[3342 3367]
[3368 3409]
[3410 3446]
[3447 3481]
[3482 3913]
[3914 3993]
[3994 4014]
[4015 4044]
[4045 4074]
[4075 4100]
[4101 4126]
[4127 4156]
[4157 4214]
[4215 4295]
[4296 4331]
[4332 4369]
[4370 4397]
[4398 4427]
[4428 4455]
[4456 4492]
[4493 4525]
[4526 4561]
[4562 4595]
[4596 4637]
[4638 4691]
[4692 4736]
[4737 4768]
[4769 4792]
[4793 4822]
[4823 4907]
[4908 4981]
[4982 5024]
[5025 5102]
[5103 5138]
[5139 5177]
[5178 5215]
[5216 5255]
[5256 5293]
[5294 5344]
[5345 5378]
[5379 5415]
[5416 5450]
[5451 5771]
[5772 5829]
[5830 5901]
[5902 5973]
[5974 6047]
[6048 6096]
[6097 6137]
[6138 6218]
[6219 6299]
[6300 6365]
[6366 6431]
[6432 6473]
[6474 6526]
[6527 6578]
[6579 6626]
[6627 6676]
[6677 7046]
[7047 7118]
[7119 7193]
[7194 7274]
[7275 7418]
[7419 7502]
[7504 7679]
[7680 7753]
[7754 7844]
[7845 7902]
[7903 7968]
[7969 8029]
[8030 8135]
[8136 8183]
[8184 8241]
[8242 8272]
[8273 8303]
[8304 8392]
[8393 8919]
[8920 8941]
[8942 8967]
[8968 8991]
[8992 9016]
[9017 9040]
[9041 9071]
[9072 9111]
[9112 9158]
[9159 9203]
[9204 9266]
[9267 9326]
[9327 9553]
[9554 9589]
[9590 9688]
[9689 9770]
[9771 9908]
[9909 9950]
[9951 9995]
[ 9996 10039]
[10040 10188]
[10189 10287]
[10288 10355]
[10356 10406]
[10407 10452]
[10453 10527]
[10528 10581]
[10582 10625]
[10626 10670]
[10671 10713]
[10714 10761]
[10762 10895]
[10896 10938]
[10939 11028]
[11029 11533]
[11534 11590]
[11591 11694]
[11695 11793]
[11794 11885]
[11886 11976]
[11977 12194]
[12195 12394]
[12395 12462]
[12463 13010]
[13011 13105]
[13106 13348]
[13349 13421]
[13422 13496]
[13497 13583]
[13584 13783]
[13784 13835]
[13836 13892]
[13893 13955]
[13956 14013]
[14014 14101]
[14102 14163]
[14164 14205]
[14206 14260]
[14261 14328]
[14329 14415]
[14416 14522]
[14523 14590]
[14591 14661]
[14662 14772]
[14773 15036]
[15037 15128]
[15129 15271]
[15272 15329]
[15330 15379]
[15380 15497]
[15498 15556]
[15557 15650]
[15651 15767]
[15768 15823]
[15824 15902]
[15903 16423]
[16424 16522]
[16523 16622]
[16623 16718]
[16719 17029]
[17030 17120]
[17121 17207]
[17208 17345]
[17346 17429]
[17430 17514]
[17515 17599]
[17600 17683]
[17684 17757]
[17758 18154]
[18155 18356]
[18357 18530]
[18531 18637]
[18638 18752]
[18753 18867]
[18868 18934]
[18935 18995]
[18996 19126]
[19127 19450]
[19451 19681]
[19682 19725]
[19726 19770]
[19771 19813]
[19814 19861]
[19862 19906]
[19907 19948]
[19949 19992]
[19993 20030]
[20031 20123]
[20124 20486]
[20487 20541]
[20542 20560]
[20561 20588]
[20589 20612]
[20613 20638]
[20639 20747]
[20748 20824]
[20825 20957]
[20958 21070]
[21071 21105]
[21106 21125]
[21126 21193]
[21194 21290]
[21291 21330]
[21331 21387]
[21388 21440]
[21441 21818]
[21819 21884]
[21885 22069]
[22070 22131]
[22132 22218]
[22219 22293]
[22294 22345]
[22346 22425]
[22426 22512]
[22513 22572]
[22573 22634]
[22635 22708]
[22709 22751]
[22752 22787]
[22788 23156]
[23157 23217]
[23218 23269]
[23270 23319]
[23320 23369]
[23370 23428]
[23429 23484]
[23485 23543]
[23544 23609]
[23610 23720]
[23721 23780]
[23781 23862]
[23863 23919]
[23920 23985]
[23986 24056]
[24057 24167]
[24168 24242]
[24243 24304]
[24305 24356]
[24357 24424]
[24425 24492]
[24493 24549]
[24550 24620]
[24621 24673]
[24674 24704]
[24705 25110]
[25111 25234]
[25235 25340]
[25341 25427]
[25428 25513]
[25514 25668]
[25669 25768]
[25769 25835]
[25836 25919]
[25920 26032]
[26033 26143]
[26144 26205]
[26206 26329]
[26330 26639]
[26640 26714]
[26715 26791]
[26792 26859]
[26860 26931]
[26932 27005]
[27006 27079]
[27080 27156]
[27157 27242]
[27243 27351]
[27352 27430]
[27431 27505]
[27506 27569]
[27570 27642]
[27643 27701]
[27702 27759]
[27760 27816]
[27817 27867]
[27868 28368]
[28369 28449]
