[ 0 17]
[19 38]
[39 58]
[ 60 103]
[105 183]
[184 452]
[453 512]
[513 544]
[545 590]
[591 638]
[639 679]
[680 708]
[709 763]
[764 795]
[796 816]
[817 850]
[851 888]
[889 942]
[ 943 1004]
[1005 1091]
[1093 1715]
[1716 1859]
[1860 2007]
[2008 2117]
[2118 2151]
[2152 2220]
[2221 2290]
[2291 2383]
[2384 2417]
[2418 2496]
[2497 2623]
[2624 2676]
[2677 2721]
[2722 2904]
[2905 3008]
[3009 3158]
[3159 3262]
[3263 3374]
[3375 3425]
[3426 3484]
[3485 4161]
[4162 4221]
[4222 4280]
[4281 4345]
[4346 4403]
[4404 4558]
[4559 4694]
[4695 4789]
[4790 4867]
[4868 4897]
[4898 4943]
[4944 5065]
[5066 5091]
[5092 5109]
[5110 5123]
[5124 5178]
[5179 5209]
[5210 5247]
[5248 5282]
[5283 5316]
[5317 5355]
[5356 5501]
[5502 5540]
[5541 5564]
[5565 5598]
[5599 5649]
[5650 5685]
[5686 5715]
[5716 6330]
[6331 6443]
[6444 6499]
[6500 6536]
[6537 6573]
[6574 6606]
[6607 6688]
[6689 6773]
[6774 6847]
[6848 6924]
[6925 7009]
[7010 7138]
[7139 7196]
[7197 7265]
[7266 7291]
[7292 7412]
[7413 7472]
[7473 7518]
[7519 7554]
[7555 7586]
[7587 7610]
[7611 7656]
[7657 7698]
[7699 7790]
[7791 7861]
[7862 8452]
[8453 8541]
[8542 8600]
[8601 8651]
[8652 8703]
[8704 8760]
[8761 8884]
[8885 8951]
[8952 9036]
[9037 9107]
[9108 9124]
[9125 9168]
[9169 9420]
[9421 9514]
[9515 9570]
[9571 9618]
[9619 9643]
[9644 9699]
[9700 9749]
[9750 9797]
[9798 9885]
[9886 9949]
[ 9950 10014]
[10015 10079]
[10080 10144]
[10145 10209]
[10210 10275]
[10276 10368]
[10369 10436]
[10437 10499]
[10500 10566]
[10567 10637]
[10638 10686]
[10687 10978]
[10979 11243]
[11244 11317]
[11318 11362]
[11363 11405]
[11406 11448]
[11449 11480]
[11481 11524]
[11525 11565]
[11566 11635]
[11636 11711]
[11712 11767]
[11768 11834]
[11835 11926]
[11927 11992]
[11993 12032]
[12033 12066]
[12067 12098]
[12099 12127]
[12128 12173]
[12174 12191]
[12192 12223]
[12224 12289]
[12290 12318]
[12319 12431]
[12432 12921]
[12922 12990]
[12991 13050]
[13051 13131]
[13132 13207]
[13208 13285]
[13286 13334]
[13335 13417]
[13418 13492]
[13493 13518]
[13519 13874]
[13875 13957]
[13958 14046]
[14047 14130]
[14131 14257]
[14258 14513]
[14514 14575]
[14576 14645]
[14646 14705]
[14706 14793]
[14794 14982]
[14983 15213]
[15214 15312]
[15313 15390]
[15391 15471]
[15472 15537]
[15538 15892]
[15893 15955]
[15956 16019]
[16020 16082]
[16083 16164]
[16165 16237]
[16238 16321]
[16322 16403]
[16404 16459]
[16460 16524]
[16525 16613]
[16614 16694]
[16695 16861]
[16862 16940]
[16941 16992]
[16993 17045]
[17046 17081]
[17082 17143]
[17144 17420]
[17421 17460]
[17461 17512]
[17513 17570]
[17571 17677]
[17678 17762]
[17763 17872]
[17873 17933]
[17934 17937]
[17938 17992]
[17993 18072]
[18073 18134]
[18135 18161]
[18162 18187]
[18188 18482]
[18483 18549]
[18550 18622]
[18623 18697]
[18698 18765]
[18766 18826]
[18827 18887]
[18888 18955]
[18956 19008]
[19009 19110]
[19111 19138]
[19139 19232]
[19233 19267]
[19268 19337]
[19338 19400]
[19401 19470]
[19471 19580]
[19581 19605]
[19606 19636]
[19637 19661]
[19662 19704]
[19705 19738]
[19739 19763]
[19764 19833]
[19834 20233]
[20234 20311]
[20312 20392]
[20393 20464]
[20465 20541]
[20542 20602]
[20603 20661]
[20662 20685]
[20686 20739]
[20740 20779]
[20780 20848]
[20849 20895]
[20896 20955]
[20956 21021]
[21022 21095]
[21096 21143]
[21144 21193]
[21194 21290]
[21291 21338]
[21339 21680]
[21681 21792]
[21793 21944]
[21945 22071]
[22072 22130]
[22131 22173]
[22174 22226]
[22227 22312]
[22313 22379]
[22380 22430]
[22431 22504]
[22505 22565]
[22566 22681]
[22682 22750]
[22751 22798]
[22799 22913]
[22914 23198]
[23199 23863]
[23864 24119]
[24120 24269]
[24270 24393]
[24394 24473]
[24474 24653]
[24654 24739]
[24740 24841]
[24842 24914]
[24915 25220]
[25221 25289]
[25290 25348]
[25349 25408]
[25409 25472]
[25473 25531]
[25532 25590]
[25591 25643]
[25644 25705]
[25706 25766]
[25767 25822]
[25823 25879]
[25880 25940]
[25941 25997]
[25998 26055]
[26056 26115]
[26116 26172]
[26173 26233]
[26234 26306]
[26307 26596]
[26597 26621]
[26622 26723]
[26724 26990]
[26991 27083]
[27084 27159]
[27160 27229]
[27230 27297]
[27298 27404]
[27405 27500]
[27501 27539]
[27540 27629]
[27630 27718]
[27719 27768]
[27769 28059]
[28060 28135]
[28136 28199]
[28200 28267]
[28268 28327]
[28328 28380]
[28381 28441]
[28442 28510]
[28511 28563]
[28564 28624]
[28625 28684]
[28685 28750]
[28751 28802]
[28803 28853]
[28854 28905]
[28906 28965]
[28966 29019]
[29020 29074]
[29075 29129]
[29130 29194]
[29195 29515]
[29516 29603]
[29604 29674]
[29675 29726]
[29727 29763]
[29764 29798]
[29799 29877]
[29878 29909]
[29910 29940]
[29941 29988]
[29989 30038]
[30039 30085]
[30086 30160]
[30161 30225]
[30226 30292]
[30293 30549]
[30550 30623]
[30624 30711]
[30712 31023]
[31024 31082]
[31083 31138]
[31139 31259]
[31260 31831]
[31832 31949]
