[ 0 28]
[30 49]
[50 69]
[ 71 114]
[116 198]
[200 461]
[462 514]
[515 550]
[551 580]
[581 608]
[609 641]
[642 677]
[678 706]
[707 735]
[736 765]
[766 888]
[889 943]
[ 944 1324]
[1325 1370]
[1371 1407]
[1408 1448]
[1449 1509]
[1510 1614]
[1615 1665]
[1666 1742]
[1743 1812]
[1813 1865]
[1866 1903]
[1904 2029]
[2030 2070]
[2071 2112]
[2113 2201]
[2202 2258]
[2259 2332]
[2333 2378]
[2379 2442]
[2443 2505]
[2506 2551]
[2552 2625]
[2626 2975]
[2976 3025]
[3026 3068]
[3069 3120]
[3121 3271]
[3272 3327]
[3328 3400]
[3401 3482]
[3483 3569]
[3570 3796]
[3797 3851]
[3852 3965]
[3966 4078]
[4079 4125]
[4126 4184]
[4185 4248]
[4249 4565]
[4566 4698]
[4699 4748]
[4749 4786]
[4787 4870]
[4871 4928]
[4929 4998]
[4999 5031]
[5032 5058]
[5059 5128]
[5129 5178]
[5179 5224]
[5225 5275]
[5276 5327]
[5328 5361]
[5362 5415]
[5416 5448]
[5449 5747]
[5748 5789]
[5790 5832]
[5833 5875]
[5876 5907]
[5908 5951]
[5952 5992]
[5993 6061]
[6062 6107]
[6108 6228]
[6229 6314]
[6315 6391]
[6392 6473]
[6474 6562]
[6563 6629]
[6630 6692]
[6693 6795]
[6796 6869]
[6870 6971]
[6972 7066]
[7067 7148]
[7149 7183]
[7184 7228]
[7229 7272]
[7273 7314]
[7315 7350]
[7351 7388]
[7389 7423]
[7424 7498]
[7499 7597]
[7598 7661]
[7662 7718]
[7719 7828]
[7829 7867]
[7868 7904]
[7905 7941]
[7942 8004]
[8005 8090]
[8091 8154]
[8155 8214]
[8215 8270]
[8271 8331]
[8332 8382]
[8383 8439]
[8440 8776]
[8777 8875]
[8876 8934]
[8935 9046]
[9047 9155]
[9156 9215]
[9216 9253]
[9254 9320]
[9321 9360]
[9361 9433]
[9434 9473]
[9474 9497]
[9498 9569]
[9570 9655]
[9656 9718]
[9719 9793]
[9794 9897]
[9898 9939]
[9940 9997]
[ 9998 10084]
[10085 10143]
[10144 10188]
[10189 10323]
[10324 10372]
[10373 10419]
[10420 10462]
[10463 10499]
[10500 10580]
[10581 10873]
[10874 11139]
[11140 11173]
[11174 11214]
[11215 11272]
[11273 11301]
[11302 11537]
[11538 11677]
[11678 11977]
[11978 12378]
[12379 12533]
[12534 12587]
[12588 13331]
[13332 13492]
[13493 13639]
[13640 13695]
[13696 13788]
[13789 13882]
[13883 13973]
[13974 14062]
[14063 14129]
[14130 14190]
[14191 14338]
[14339 14409]
[14410 14493]
[14494 14507]
[14508 14542]
[14543 14570]
[14571 14642]
[14643 14736]
[14737 14820]
[14821 14891]
[14892 14958]
[14959 15021]
[15022 15393]
[15394 15446]
[15447 15505]
[15506 15582]
[15583 15637]
[15638 15778]
[15779 15858]
[15859 15952]
[15953 16023]
[16024 16080]
[16081 16167]
[16168 16451]
[16452 16479]
[16480 16613]
[16614 16653]
[16654 16715]
[16716 16773]
[16774 16834]
[16835 16878]
[16879 17013]
[17014 17118]
[17119 17205]
[17206 17294]
[17295 17364]
[17365 17402]
[17403 17436]
[17437 17491]
[17492 17527]
[17528 17582]
[17583 17666]
[17667 17730]
[17731 17774]
[17775 17819]
[17820 17862]
[17863 17910]
[17911 17959]
[17960 18006]
[18007 18049]
[18050 18085]
[18086 18166]
[18167 18496]
[18497 19197]
[19198 19351]
[19352 19634]
[19635 19698]
[19699 19759]
[19760 19835]
[19836 19924]
[19925 19978]
[19979 20046]
[20047 20114]
[20115 20180]
[20181 20254]
[20255 20329]
[20330 20400]
[20401 20451]
[20452 20493]
[20494 20815]
[20816 20887]
[20888 20916]
[20917 20954]
[20955 20977]
[20978 21141]
[21142 21207]
[21208 21276]
[21277 21322]
[21323 21374]
[21375 21419]
[21420 21474]
[21475 21542]
[21543 21701]
[21702 21814]
[21815 21841]
[21842 21889]
[21890 21957]
[21958 22276]
[22277 22362]
[22363 22444]
[22445 22531]
[22532 22611]
[22612 22671]
[22672 22755]
[22756 22811]
[22812 22956]
[22957 23102]
[23103 23450]
[23451 23812]
[23813 23926]
[23927 24159]
[24160 24537]
[24538 24658]
[24659 24763]
[24764 25162]
[25163 25193]
[25194 25229]
[25230 25264]
[25265 25299]
[25300 25379]
[25380 25415]
[25416 25452]
[25453 25479]
[25480 25513]
[25514 25718]
[25719 25761]
[25762 25817]
[25818 25873]
[25874 25910]
[25911 25944]
[25945 26283]
[26284 26353]
[26354 26419]
[26420 26477]
[26478 26516]
[26517 26561]
[26562 26607]
[26608 26650]
[26651 26779]
[26780 26849]
[26850 26948]
[26949 26991]
[26992 27041]
[27042 27074]
[27075 27123]
[27124 27275]
[27276 27366]
[27367 27423]
[27424 27475]
[27476 27504]
[27505 27551]
[27552 27614]
[27615 27678]
[27679 27741]
[27742 27867]
[27868 28076]
[28077 28130]
[28131 28181]
[28182 28235]
[28236 28301]
[28302 28368]
[28369 28429]
[28430 28595]
[28596 28745]
[28746 28841]
[28842 29106]
[29107 29179]
[29180 29251]
[29252 29392]
[29393 29464]
[29465 29827]
[29828 29892]
[29893 29964]
[29965 30038]
[30039 30102]
[30103 30165]
[30166 30234]
[30235 30314]
[30315 30390]
[30391 30451]
[30452 30521]
[30522 30576]
[30577 30629]
[30630 31079]
[31080 31231]
[31232 31354]
[31355 31365]
[31366 31490]
[31491 31576]
[31577 31814]
[31815 31849]
[31850 31958]
[31959 32116]
[32117 32191]
[32192 32205]
[32206 32300]
[32301 32359]
[32360 32440]
[32441 32466]
[32467 32531]
[32532 32624]
[32625 32669]
[32670 34299]
[34301 34349]
