[ 0 26]
[28 47]
[48 67]
[ 69 112]
[114 197]
[198 514]
[515 567]
[568 603]
[604 633]
[634 661]
[662 694]
[695 730]
[731 760]
[761 788]
[789 818]
[819 851]
[852 882]
[883 913]
[914 940]
[941 988]
[ 989 1448]
[1449 1586]
[1587 1649]
[1650 1688]
[1689 1741]
[1742 1790]
[1791 1848]
[1849 1872]
[1873 1919]
[1920 1978]
[1979 2032]
[2033 2061]
[2062 2111]
[2112 2164]
[2165 2206]
[2207 2235]
[2236 2278]
[2279 2335]
[2336 2434]
[2435 2466]
[2467 2550]
[2551 2622]
[2623 2723]
[2724 3037]
[3038 3095]
[3096 3147]
[3148 3220]
[3221 3296]
[3297 3380]
[3381 3482]
[3483 3536]
[3537 3577]
[3578 4041]
[4042 4062]
[4063 4095]
[4096 4186]
[4187 4490]
[4491 4558]
[4560 4638]
[4639 4703]
[4704 4752]
[4753 4806]
[4807 4847]
[4848 4949]
[4950 4999]
[5000 5065]
[5066 5168]
[5169 5208]
[5209 5326]
[5327 5389]
[5390 5439]
[5440 5621]
[5622 5678]
[5679 5733]
[5734 5777]
[5778 5850]
[5851 5921]
[5922 5992]
[5993 6046]
[6047 6444]
[6445 6489]
[6490 6577]
[6578 6640]
[6641 6727]
[6728 6806]
[6807 6897]
[6898 6973]
[6974 7064]
[7065 7122]
[7123 7186]
[7187 7352]
[7353 7414]
[7415 7473]
[7474 7528]
[7529 7581]
[7582 7648]
[7649 7707]
[7708 7751]
[7752 7796]
[7797 7838]
[7839 7887]
[7888 7936]
[7937 7983]
[7984 8026]
[8027 8063]
[8064 8144]
[8145 8254]
[8255 8442]
[8443 8523]
[8524 8706]
[8707 8770]
[8771 8867]
[8868 9060]
[9061 9151]
[9152 9210]
[9211 9397]
[9398 9467]
[9468 9514]
[9515 9571]
[9572 9623]
[9624 9659]
[9660 9726]
[9727 9803]
[9804 9840]
[9841 9898]
[9899 9956]
[ 9957 10213]
[10214 10262]
[10263 10296]
[10297 10319]
[10320 10373]
[10374 10447]
[10448 10528]
[10529 10590]
[10591 10691]
[10692 10813]
[10814 10904]
[10905 10935]
[10936 11023]
[11024 11046]
[11047 11099]
[11100 11134]
[11135 11244]
[11245 11277]
[11278 11320]
[11321 11346]
[11347 11391]
[11392 11437]
[11438 11455]
[11456 11492]
[11493 11536]
[11537 11563]
[11564 11598]
[11599 11910]
[11911 12016]
[12017 12113]
[12114 12223]
[12224 12336]
[12337 12424]
[12425 12536]
[12537 12709]
[12710 12841]
[12842 12965]
[12966 13135]
[13136 13194]
[13195 13269]
[13270 13310]
[13311 13442]
[13443 13528]
[13529 13559]
[13560 13598]
[13599 13661]
[13662 13699]
[13700 13731]
[13732 13769]
[13770 13811]
[13812 13858]
[13859 13948]
[13949 14049]
[14050 14142]
[14143 14246]
[14247 14697]
[14698 14848]
[14849 14917]
[14918 15046]
[15047 15190]
[15191 15301]
[15302 15401]
[15402 15432]
[15433 15522]
[15523 15619]
[15620 15705]
[15706 15813]
[15814 15899]
[15900 16421]
[16422 16497]
[16498 16575]
[16576 16619]
[16620 16678]
[16679 16781]
[16782 16818]
[16819 16877]
[16878 16925]
[16926 16985]
[16986 17034]
[17035 17087]
[17088 17196]
[17197 17245]
[17246 17296]
[17297 17332]
[17333 17381]
[17382 17449]
[17450 17835]
[17836 17943]
[17944 18039]
[18040 18093]
[18094 18146]
[18147 18241]
[18242 18308]
[18309 18476]
[18477 18543]
[18544 18572]
[18573 18630]
[18631 18700]
[18701 18783]
[18784 18792]
[18793 18832]
[18833 18857]
[18858 18890]
[18891 18930]
[18931 18999]
[19000 19030]
[19031 19107]
[19108 19572]
[19573 19653]
[19654 19709]
[19710 19778]
[19779 19806]
[19807 19856]
[19857 19925]
[19926 19998]
[19999 20080]
[20081 20144]
[20145 20229]
[20230 20289]
[20290 20375]
[20376 20453]
[20454 20506]
[20507 20567]
[20568 20622]
[20623 20677]
[20678 20743]
[20744 20795]
[20796 21056]
[21057 21428]
[21429 21617]
[21618 22078]
[22079 22265]
[22266 22377]
[22378 22459]
[22460 22555]
[22556 22627]
[22628 22660]
[22661 22796]
[22797 22885]
[22886 22952]
[22953 22986]
[22987 23032]
[23033 23098]
[23099 23184]
[23185 23564]
[23565 23680]
[23681 23717]
[23718 23785]
[23786 23875]
[23876 24032]
[24033 24081]
[24082 24149]
[24150 24209]
[24210 24284]
[24285 24885]
[24887 24949]
