[ 0 28]
[30 49]
[50 69]
[ 71 114]
[116 199]
[201 445]
[446 508]
[509 547]
[548 596]
[597 635]
[636 674]
[675 714]
[715 759]
[760 821]
[822 884]
[885 926]
[927 968]
[ 969 1081]
[1082 1827]
[1828 1874]
[1875 1929]
[1930 1986]
[1987 2060]
[2061 2124]
[2125 2158]
[2159 2179]
[2180 2403]
[2404 2444]
[2445 2484]
[2485 2534]
[2535 2587]
[2588 2630]
[2631 2685]
[2686 2700]
[2701 2732]
[2733 2743]
[2744 3026]
[3027 3092]
[3093 3152]
[3153 3208]
[3209 3276]
[3277 3349]
[3350 3403]
[3404 4050]
[4051 4094]
[4095 4155]
[4156 4191]
[4192 4250]
[4251 4315]
[4316 4352]
[4353 4406]
[4407 4451]
[4452 4497]
[4498 4546]
[4547 4577]
[4578 4644]
[4645 4692]
[4693 4744]
[4745 4834]
[4835 4889]
[4890 4931]
[4932 4982]
[4983 5014]
[5015 5055]
[5056 5116]
[5117 5158]
[5159 5182]
[5183 5234]
[5235 5283]
[5284 5364]
[5365 5435]
[5436 5605]
[5606 5923]
[5924 5955]
[5956 6039]
[6040 6090]
[6091 6154]
[6155 6240]
[6241 6301]
[6302 6370]
[6371 6676]
[6677 6800]
[6801 6925]
[6927 7048]
[7049 7121]
[7122 7192]
[7193 7289]
[7290 7355]
[7356 7407]
[7408 7469]
[7470 7538]
[7539 8129]
[8130 8208]
[8209 8255]
[8256 8285]
[8286 8312]
[8313 8344]
[8345 8387]
[8388 8418]
[8419 8476]
[8477 8530]
[8531 8628]
[8629 8659]
[8660 8704]
[8705 8736]
[8737 8790]
[8791 8827]
[8828 8857]
[8858 8919]
[8920 8954]
[8955 8988]
[8989 9046]
[9047 9105]
[9106 9167]
[9168 9190]
[9191 9259]
[9260 9299]
[9300 9334]
[9335 9367]
[9368 9393]
[9394 9449]
[9450 9514]
[9515 9576]
[9577 9648]
[9649 9714]
[9715 9835]
[9836 9884]
[9885 9929]
[9930 9969]
[ 9970 10015]
[10016 10090]
[10091 10268]
[10269 10668]
[10669 10751]
[10752 10837]
[10838 10933]
[10934 11041]
[11042 11140]
[11141 11204]
[11205 11296]
[11297 11361]
[11362 11448]
[11449 11509]
[11510 11621]
[11622 11680]
[11681 11722]
[11723 11771]
[11772 11888]
[11889 11935]
[11936 11995]
[11996 12090]
[12091 12660]
[12661 12796]
[12797 12909]
[12910 12977]
[12978 13067]
[13068 13262]
[13263 13298]
[13299 13389]
[13390 13425]
[13426 13463]
[13464 13510]
[13511 13552]
[13553 13599]
[13600 13639]
[13640 13680]
[13681 13747]
[13748 13813]
[13814 13902]
[13903 13972]
[13973 14406]
[14407 14455]
[14456 14516]
[14517 14587]
[14588 14631]
[14632 14705]
[14706 14768]
[14769 14846]
[14847 14898]
[14899 15009]
[15010 15080]
[15081 15181]
[15182 15242]
[15243 15308]
[15309 15396]
[15397 15463]
[15464 15485]
[15486 15541]
[15542 15658]
[15659 15719]
[15720 16073]
[16074 16174]
[16175 16220]
[16221 16297]
[16298 16396]
[16397 16464]
[16465 16683]
[16684 16795]
[16796 16871]
[16872 17005]
[17006 17029]
[17030 17141]
[17142 17445]
[17446 17587]
[17588 17728]
[17729 17819]
[17820 17985]
[17986 18143]
[18144 18234]
[18235 18419]
[18420 18523]
[18524 18624]
[18625 18722]
[18723 18790]
[18791 18833]
[18834 18904]
[18905 18962]
[18963 19038]
[19039 19207]
[19208 19285]
[19286 19364]
[19365 19418]
[19419 19481]
[19482 19520]
[19521 19576]
[19577 19644]
[19645 19793]
[19794 19842]
[19843 19873]
[19874 19927]
[19928 19973]
[19974 20048]
[20049 20111]
[20112 20226]
[20227 20648]
[20649 20871]
[20872 21096]
[21097 21321]
[21322 21523]
[21524 21906]
[21907 21974]
[21975 22030]
[22031 22114]
[22115 22148]
[22149 22228]
[22229 22271]
[22272 22359]
[22360 22404]
[22405 22474]
[22475 22573]
[22574 22810]
[22811 22876]
[22877 22948]
[22949 23001]
[23002 23052]
[23053 23105]
[23106 23158]
[23159 23204]
[23205 23250]
[23251 23300]
[23301 23338]
[23339 23447]
[23448 23553]
[23554 23645]
[23646 23709]
[23710 23754]
[23755 23865]
[23866 23901]
[23902 23935]
[23936 23944]
[23945 24151]
[24152 24254]
[24255 24339]
[24340 24402]
[24403 24472]
[24473 24537]
[24538 24605]
[24606 24681]
[24682 24747]
[24748 24811]
[24812 24897]
[24898 24981]
[24982 25067]
[25068 25113]
[25114 25189]
[25190 25493]
[25494 25565]
[25566 25643]
[25644 25694]
[25695 25773]
[25774 25851]
[25852 25909]
[25910 25958]
[25959 25978]
[25979 26029]
[26030 26081]
[26082 26130]
[26131 26207]
[26208 26261]
[26262 26319]
[26320 26542]
[26543 26739]
[26740 26906]
[26907 27010]
[27011 27130]
[27131 27287]
[27288 27574]
[27575 27903]
[27904 28024]
[28025 28125]
[28126 28231]
[28232 28308]
[28309 28568]
[28569 28655]
[28656 28708]
[28709 29077]
[29078 29158]
[29159 29223]
[29224 29266]
[29267 29304]
[29305 29373]
[29374 29476]
[29477 29568]
[29569 29674]
[29675 29744]
[29745 29794]
[29795 29829]
[29830 29895]
[29896 29967]
[29968 30015]
[30016 30060]
[30061 30199]
[30200 30458]
[30459 30534]
[30535 30740]
[30741 31037]
[31038 31190]
[31191 31294]
[31295 31605]
[31606 31802]
[31803 32059]
[32060 32201]
[32202 32382]
[32383 32443]
[32444 32760]
[32761 32849]
