[ 0 30]
[32 51]
[52 71]
[ 73 116]
[118 212]
[213 530]
[531 583]
[584 615]
[616 645]
[646 710]
[711 741]
[742 773]
[774 804]
[805 834]
[835 871]
[872 910]
[911 959]
[ 960 1013]
[1014 1066]
[1067 1170]
[1171 1770]
[1771 1830]
[1831 1905]
[1906 1990]
[1991 2093]
[2094 2165]
[2166 2208]
[2209 2321]
[2322 2447]
[2448 2513]
[2514 2565]
[2566 2604]
[2605 2639]
[2640 2752]
[2753 2785]
[2786 2889]
[2890 2996]
[2997 3039]
[3040 3063]
[3064 3133]
[3134 3197]
[3198 3254]
[3255 3313]
[3314 3635]
[3636 3678]
[3679 3760]
[3761 3833]
[3834 3865]
[3866 3897]
[3898 4078]
[4079 4435]
[4436 4509]
[4510 4549]
[4550 4604]
[4605 4671]
[4672 4735]
[4736 4815]
[4816 4853]
[4854 4899]
[4900 4933]
[4934 5002]
[5003 5072]
[5073 5145]
[5146 5187]
[5188 5246]
[5247 5313]
[5314 5380]
[5381 5453]
[5454 5512]
[5513 5578]
[5579 5957]
[5958 6125]
[6126 6199]
[6200 6274]
[6275 6338]
[6339 6390]
[6391 6477]
[6478 6555]
[6556 6597]
[6598 6652]
[6653 6680]
[6681 6719]
[6720 6843]
[6844 6984]
[6985 7030]
[7031 7077]
[7078 7138]
[7139 7209]
[7210 7277]
[7278 7339]
[7340 7832]
[7833 7889]
[7890 7910]
[7911 7943]
[7944 7983]
[7984 8019]
[8020 8060]
[8061 8088]
[8089 8118]
[8119 8167]
[8168 8195]
[8196 8212]
[8213 8238]
[8239 8332]
[8333 8374]
[8375 8424]
[8425 8436]
[8437 8551]
[8552 8612]
[8613 8768]
[8769 8863]
[8864 8927]
[8928 9008]
[9009 9033]
[9034 9071]
[9072 9130]
[9131 9165]
[9166 9199]
[9200 9254]
[9255 9292]
[9293 9669]
[9670 9755]
[9756 9867]
[ 9868 10042]
[10043 10243]
[10244 10387]
[10388 10574]
[10575 10687]
[10688 10753]
[10754 10808]
[10809 10866]
[10867 10962]
[10963 11015]
[11016 11095]
[11096 11176]
[11177 11234]
[11235 11298]
[11299 11356]
[11357 11431]
[11432 11494]
[11495 11613]
[11614 11908]
[11909 12101]
[12102 12293]
[12294 12403]
[12404 12508]
[12509 12601]
[12602 12714]
[12715 13077]
[13078 13141]
[13142 13197]
[13198 13245]
[13246 13331]
[13332 13440]
[13441 13527]
[13528 13541]
[13542 13633]
[13634 13743]
[13744 13816]
[13817 13884]
[13885 13956]
[13957 13999]
[14000 14054]
[14055 14373]
[14374 14434]
[14435 14533]
[14534 14583]
[14584 14623]
[14624 14663]
[14664 14851]
[14852 15045]
[15046 15095]
[15096 15135]
[15136 15205]
[15206 15245]
[15246 15325]
[15326 15365]
[15366 15425]
[15426 15475]
[15476 15525]
[15526 15561]
[15562 15919]
[15920 15966]
[15967 16022]
[16023 16082]
[16083 16148]
[16149 16194]
[16195 16225]
[16226 16259]
[16260 16263]
[16264 16338]
[16339 16385]
[16386 16454]
[16455 16510]
[16511 16530]
[16531 16612]
[16613 16651]
[16652 16687]
[16688 16736]
[16737 17178]
[17179 17266]
[17267 17351]
[17352 17456]
[17457 17531]
[17532 17651]
[17652 17839]
[17840 17924]
[17925 18048]
[18049 18149]
[18150 18237]
[18238 18338]
[18339 18380]
[18381 18453]
[18454 18706]
[18707 18740]
[18741 18786]
[18787 18915]
[18916 19106]
[19107 19281]
[19282 19395]
[19396 19519]
[19520 19563]
[19564 19614]
[19615 19664]
[19665 19776]
[19777 19901]
[19902 19962]
[19963 20125]
[20126 20250]
[20251 20302]
[20303 20362]
[20363 20460]
[20461 20518]
[20519 20580]
[20581 20630]
[20631 20681]
[20682 20733]
[20734 20791]
[20792 20849]
[20850 20914]
[20915 21001]
[21002 21102]
[21103 21170]
[21171 21248]
[21249 21341]
[21342 21397]
[21398 21455]
[21456 21519]
[21520 21577]
[21578 21652]
[21653 21715]
[21716 21841]
[21842 22168]
[22169 22191]
[22192 22332]
[22333 22430]
[22431 22500]
[22501 22562]
[22563 22621]
[22622 22685]
[22686 22750]
[22751 22767]
[22768 23056]
[23057 23184]
[23185 23262]
[23263 23370]
[23371 23437]
[23438 23727]
[23728 23972]
[23973 24089]
[24090 24173]
[24174 24234]
[24235 24274]
[24275 24321]
[24322 24346]
[24347 24381]
[24382 24420]
[24421 24482]
[24483 24534]
[24535 24571]
[24572 24636]
[24637 24674]
[24675 24718]
[24719 24771]
[24772 24811]
[24812 24871]
[24872 24934]
[24935 24980]
[24981 25024]
[25025 25035]
[25036 25065]
[25066 25131]
[25132 25177]
[25178 25219]
[25220 25251]
[25252 25596]
[25597 25708]
[25709 25754]
[25755 25792]
[25793 25836]
[25837 26039]
[26040 26175]
[26176 26261]
[26262 26421]
[26422 26449]
[26450 26509]
[26510 26568]
[26569 26609]
[26610 26705]
[26706 26757]
[26758 26847]
[26848 26947]
[26948 27124]
[27125 27204]
[27205 27247]
[27248 27382]
[27383 27432]
[27433 27560]
[27561 27923]
[27924 27998]
[27999 28099]
[28100 28181]
[28182 28224]
[28225 28281]
[28282 28325]
[28326 28399]
[28400 28442]
[28443 28494]
[28495 28563]
[28564 28671]
[28672 28767]
[28768 28855]
[28856 28934]
[28935 29111]
[29112 29226]
[29227 29524]
[29525 29621]
[29622 29741]
[29742 29769]
[29770 29875]
[29876 29938]
[29939 29964]
[29965 30099]
[30100 30132]
[30133 30159]
[30160 30187]
[30188 30364]
[30365 30457]
[30458 30495]
[30496 30761]
[30763 30805]
[30806 31151]
[31152 31287]
[31288 31332]
[31333 31403]
[31404 31526]
[31527 31665]
[31666 31833]
[31834 31882]
[31883 32033]
[32034 32137]
[32138 32183]
[32184 32227]
[32228 32647]
[32648 32711]
[32712 32757]
[32758 32797]
[32798 32855]
[32856 32903]
[32904 32982]
[32983 33069]
[33070 33158]
[33159 33212]
[33213 33332]
[33333 33403]
[33404 33458]
[33459 33505]
[33506 33865]
[33866 33949]
