[ 0 19]
[21 40]
[41 60]
[ 62 105]
[107 200]
[201 464]
[465 525]
[526 557]
[558 588]
[589 621]
[622 653]
[654 684]
[685 717]
[718 769]
[770 829]
[ 830 1216]
[1217 1276]
[1277 1318]
[1319 1363]
[1364 1445]
[1446 1483]
[1484 1579]
[1580 1625]
[1626 1652]
[1653 1697]
[1698 1717]
[1718 2166]
[2167 2230]
[2231 2289]
[2290 2423]
[2424 2496]
[2497 2539]
[2540 2602]
[2603 2679]
[2680 2711]
[2712 2787]
[2788 2808]
[2809 2828]
[2829 2930]
[2931 2970]
[2971 2990]
[2991 3057]
[3058 3128]
[3129 3180]
[3181 3241]
[3242 3298]
[3299 3369]
[3370 3430]
[3431 3481]
[3482 3530]
[3531 3565]
[3566 3650]
[3651 3960]
[3961 4019]
[4020 4091]
[4092 4134]
[4135 4193]
[4194 4256]
[4257 4417]
[4418 4588]
[4589 4661]
[4662 4755]
[4756 4885]
[4886 4938]
[4939 5031]
[5032 5086]
[5087 5152]
[5153 5198]
[5199 5244]
[5245 5285]
[5286 5360]
[5361 5413]
[5414 5453]
[5454 5848]
[5851 6187]
[6188 6295]
[6296 6385]
[6386 6473]
[6474 6560]
[6561 6636]
[6637 6718]
[6719 6758]
[6759 6837]
[6838 6912]
[6913 7365]
[7367 7370]
[7371 7519]
[7520 7545]
[7546 7580]
[7581 7612]
[7613 7633]
[7634 7704]
[7705 7734]
[7735 7769]
[7770 7800]
[7801 7828]
[7829 7855]
[7856 7885]
[7886 7942]
[7943 8633]
[8634 8824]
[8825 8875]
[8876 8934]
[8935 8981]
[8982 9051]
[9052 9123]
[9124 9194]
[9195 9254]
[9255 9314]
[9315 9390]
[9391 9529]
[9530 9755]
[ 9756 10237]
[10238 10323]
[10324 10408]
[10409 10484]
[10485 10633]
[10634 10685]
[10686 10746]
[10747 10800]
[10801 10825]
[10826 10862]
[10863 10920]
[10921 10984]
[10985 11030]
[11031 11092]
[11093 11120]
[11121 11168]
[11169 11219]
[11220 11268]
[11269 11315]
[11316 11359]
[11360 11397]
[11398 11456]
[11457 11487]
[11488 11565]
[11566 11636]
[11637 12038]
[12039 12083]
[12084 12277]
[12278 12314]
[12315 12380]
[12381 12526]
[12527 12615]
[12616 12796]
[12797 12848]
[12849 13128]
[13129 13306]
[13307 13375]
[13376 13444]
[13445 13505]
[13506 13564]
[13565 13693]
[13694 13752]
[13753 13964]
[13965 14007]
[14008 14061]
[14062 14120]
[14121 14189]
[14190 14269]
[14270 14359]
[14360 14468]
[14469 14544]
[14545 14590]
[14591 14985]
[14986 15117]
[15118 15193]
[15194 15286]
[15287 15356]
[15357 15569]
[15570 15820]
[15821 15870]
[15871 15971]
[15972 16159]
[16160 16349]
[16350 16426]
[16427 16495]
[16496 16813]
[16814 16855]
[16856 16875]
[16876 16912]
[16913 16944]
[16945 17008]
[17009 17027]
[17028 17104]
[17105 17141]
[17142 17180]
[17181 17242]
[17243 17286]
[17287 17427]
[17428 17469]
[17470 17534]
[17535 17548]
[17549 17621]
[17622 17691]
[17692 17727]
[17728 17792]
[17793 17806]
[17807 17832]
[17833 17894]
[17895 17936]
[17937 17991]
[17992 18023]
[18024 18081]
[18082 18096]
[18097 18142]
[18143 18181]
[18182 18245]
[18246 18611]
[18612 18729]
[18730 18854]
[18855 18977]
[18978 19105]
[19106 19204]
[19205 19339]
[19340 19572]
[19573 19999]
[20000 20270]
[20271 20368]
[20369 20450]
[20451 20548]
[20549 20660]
[20661 20777]
[20778 20858]
[20859 20932]
[20933 21185]
[21186 21250]
[21251 21359]
[21360 21669]
[21670 21762]
[21763 21826]
[21827 21900]
[21901 21940]
[21941 21978]
[21979 22008]
[22009 22052]
[22053 22085]
[22086 22457]
[22458 22534]
[22535 22612]
[22613 22684]
[22685 22762]
[22763 22848]
[22849 22936]
[22937 23026]
[23027 23119]
[23120 23192]
[23193 23256]
[23257 23332]
[23333 23591]
[23592 23780]
[23781 23838]
[23839 23891]
[23892 24132]
[24133 24189]
[24190 24269]
[24270 24415]
[24416 24526]
[24527 24567]
[24568 24661]
[24662 24759]
[24760 24876]
[24877 24996]
[24997 25029]
[25030 25062]
[25063 25151]
[25152 25179]
[25180 25214]
[25215 25230]
[25231 25272]
[25273 25314]
[25315 25348]
[25349 25434]
[25435 25454]
[25455 25512]
[25513 25615]
[25616 25644]
[25645 25702]
[25703 25738]
[25739 25765]
[25766 25802]
[25803 25858]
[25859 25906]
[25907 26257]
[26258 26343]
[26344 26386]
[26387 26450]
[26451 26479]
[26480 26540]
[26541 26646]
[26647 26733]
[26734 26810]
[26811 26880]
[26881 27284]
[27285 27349]
