[ 0 18]
[20 39]
[40 59]
[ 61 104]
[106 189]
[190 552]
[553 606]
[607 672]
[673 733]
[734 793]
[794 827]
[828 857]
[858 890]
[891 921]
[922 952]
[953 982]
[ 983 1016]
[1017 1047]
[1048 1076]
[1077 1106]
[1107 1189]
[1190 1572]
[1573 1678]
[1679 1713]
[1714 1760]
[1761 1936]
[1937 2052]
[2053 2098]
[2099 2148]
[2149 2196]
[2197 2269]
[2270 2319]
[2320 2369]
[2370 2476]
[2477 2586]
[2587 2654]
[2655 2719]
[2720 2774]
[2775 2822]
[2823 2854]
[2855 2902]
[2903 2941]
[2942 2995]
[2996 3049]
[3050 3379]
[3380 3456]
[3457 3513]
[3514 3575]
[3576 3675]
[3676 3885]
[3886 3956]
[3957 4058]
[4059 4209]
[4210 4305]
[4306 4349]
[4350 4487]
[4488 4571]
[4572 4689]
[4690 4744]
[4745 4884]
[4885 5216]
[5217 5301]
[5302 5374]
[5375 5415]
[5416 5478]
[5479 5539]
[5540 5621]
[5622 5700]
[5701 5742]
[5743 5791]
[5792 5973]
[5974 5998]
[5999 6079]
[6080 6146]
[6147 6221]
[6222 6276]
[6277 6351]
[6352 6405]
[6406 6781]
[6782 6842]
[6843 6883]
[6884 6956]
[6957 7026]
[7027 7058]
[7059 7167]
[7168 7276]
[7277 7378]
[7379 7435]
[7436 7470]
[7471 7511]
[7512 7553]
[7554 7600]
[7601 7647]
[7648 7684]
[7685 7737]
[7738 7786]
[7787 7813]
[7814 7864]
[7865 7905]
[7906 8007]
[8008 8253]
[8254 8426]
[8427 8533]
[8534 8679]
[8680 8916]
[8917 9148]
[9149 9254]
[9255 9799]
[9800 9801]
[9802 9826]
[ 9827 10067]
[10068 10070]
[10071 10164]
[10165 10221]
[10222 10265]
[10266 10310]
[10311 10353]
[10354 10401]
[10402 10450]
[10451 10497]
[10498 10540]
[10541 10577]
[10578 10674]
[10675 11158]
[11159 11244]
[11245 11275]
[11276 11330]
[11331 11374]
[11375 11484]
[11485 11537]
[11538 11605]
[11606 11668]
[11669 11727]
[11728 11793]
[11794 11847]
[11848 11907]
[11908 11957]
[11958 12005]
[12006 12044]
[12045 12066]
[12067 12090]
[12091 12125]
[12126 12153]
[12154 12323]
[12324 12355]
[12356 12401]
[12402 12427]
[12428 12468]
[12469 12502]
[12503 12557]
[12558 12639]
[12640 13282]
[13283 13505]
[13506 13659]
[13660 13776]
[13777 13934]
[13935 14317]
[14318 14467]
[14468 14539]
[14540 14642]
[14643 14718]
[14719 15123]
[15124 15205]
[15206 15266]
[15267 15417]
[15418 15664]
[15665 15741]
[15742 15799]
[15800 15942]
[15943 15993]
[15994 16242]
[16243 16365]
[16366 16486]
[16487 16609]
[16610 16874]
[16875 17033]
[17034 17124]
[17125 17215]
[17216 17294]
[17295 17371]
[17372 17454]
[17455 17495]
[17496 17549]
[17550 17614]
[17615 17662]
[17663 17718]
[17719 17769]
[17770 17825]
[17826 17938]
[17939 18056]
[18057 18328]
[18329 18402]
[18403 18453]
[18454 18524]
[18525 18593]
[18594 18646]
[18647 18689]
[18690 18751]
[18752 18797]
[18798 18843]
[18844 18895]
[18896 18959]
[18960 19104]
[19105 19108]
[19109 19337]
[19339 19463]
[19464 19514]
[19515 19657]
[19658 19747]
[19748 19844]
[19845 20014]
[20015 20177]
[20178 20251]
[20252 20317]
[20318 20389]
[20390 20461]
[20462 20521]
[20522 20569]
[20570 20656]
[20657 20712]
[20713 20769]
[20770 21155]
[21156 21206]
[21207 21248]
[21249 21298]
[21299 21372]
[21373 21415]
[21416 21452]
[21453 21488]
[21489 21524]
[21525 21976]
[21977 22022]
[22023 22096]
[22097 22151]
[22152 22189]
[22190 22232]
[22233 22271]
[22272 22337]
[22338 22654]
[22655 22726]
[22727 22803]
[22804 22842]
[22843 22885]
[22886 22920]
[22921 23044]
[23045 23132]
[23133 23164]
[23165 23308]
[23309 23345]
[23346 23398]
[23399 23433]
[23434 23498]
[23499 23800]
[23801 23852]
[23853 23913]
[23914 23984]
[23985 24045]
[24046 24106]
[24107 24167]
[24168 24218]
[24219 24289]
[24290 24350]
[24351 24401]
[24402 24449]
[24450 24530]
[24531 24564]
[24565 24591]
[24592 24635]
[24636 24670]
[24671 24720]
[24721 24744]
[24745 24766]
[24767 24795]
[24796 24830]
[24831 24854]
[24855 24894]
[24895 24944]
[24945 24978]
[24979 25080]
[25081 25413]
[25414 25475]
[25476 25540]
[25541 25665]
[25666 25713]
[25714 25765]
[25766 25836]
[25837 25890]
[25891 25962]
[25963 26032]
[26033 26097]
[26098 26141]
[26142 26189]
[26190 26226]
[26227 26286]
[26287 26344]
[26345 26613]
[26614 26854]
[26855 27074]
[27075 27118]
[27119 27149]
[27150 27192]
[27193 27290]
[27291 27584]
[27585 27717]
[27718 27902]
[27903 28015]
[28016 28064]
[28065 28356]
[28357 28438]
[28439 28479]
[28480 28546]
[28547 28626]
[28627 28770]
[28771 28870]
[28871 28924]
[28925 28982]
[28983 29063]
[29064 29118]
[29119 29224]
[29225 29335]
[29336 29395]
[29396 29678]
[29679 29800]
[29801 29934]
[29935 30045]
[30046 30188]
[30189 30322]
[30323 30799]
