[ 0 32]
[34 53]
[54 73]
[ 75 118]
[120 207]
[209 481]
[482 536]
[537 574]
[575 612]
[613 663]
[664 699]
[700 744]
[745 787]
[788 912]
[ 913 1116]
[1117 1514]
[1516 1550]
[1551 1595]
[1596 1646]
[1647 1695]
[1696 1736]
[1737 1770]
[1771 1799]
[1800 1832]
[1833 1993]
[1994 2014]
[2015 2057]
[2058 2178]
[2179 2228]
[2229 2264]
[2265 2311]
[2312 2365]
[2366 2427]
[2428 2468]
[2469 2520]
[2521 2555]
[2556 2675]
[2676 2934]
[2936 3086]
[3087 3110]
[3111 3165]
[3166 3231]
[3232 3287]
[3288 3325]
[3326 3407]
[3408 3457]
[3458 3559]
[3560 3608]
[3609 3650]
[3651 3695]
[3696 3731]
[3732 3754]
[3755 3820]
[3821 3905]
[3906 4438]
[4440 4445]
[4446 4828]
[4830 4879]
[4880 4924]
[4925 4975]
[4976 5021]
[5022 5059]
[5060 5089]
[5090 5125]
[5126 5164]
[5165 5240]
[5241 5276]
[5277 5326]
[5327 5401]
[5402 5473]
[5474 5554]
[5555 5639]
[5640 5691]
[5692 5757]
[5758 5814]
[5815 5845]
[5846 5870]
[5871 6373]
[6374 6420]
[6421 6526]
[6527 6568]
[6569 6595]
[6596 6628]
[6629 6708]
[6709 6744]
[6745 6766]
[6767 6789]
[6790 6874]
[6875 6989]
[6990 7021]
[7022 7281]
[7282 7355]
[7356 7410]
[7411 7458]
[7459 7504]
[7505 7548]
[7549 7604]
[7605 7634]
[7635 7670]
[7671 7694]
[7695 7737]
[7738 7893]
[7894 7939]
[7940 8299]
[8300 8383]
[8384 8428]
[8429 8487]
[8488 8517]
[8518 8665]
[8666 8777]
[8778 8874]
[8875 8946]
[8947 9023]
[9024 9088]
[9089 9136]
[9137 9451]
[9452 9517]
[9518 9572]
[9573 9626]
[9627 9682]
[9683 9732]
[9733 9824]
[9825 9964]
[ 9965 10004]
[10005 10061]
[10062 10107]
[10108 10161]
[10162 10264]
[10265 10656]
[10657 10804]
[10805 11004]
[11005 11689]
[11690 12158]
[12159 12362]
[12363 12517]
[12518 12611]
[12612 12770]
[12771 13255]
[13257 14404]
[14405 14834]
[14835 14904]
[14905 14965]
[14966 15034]
[15035 15099]
[15100 15153]
[15154 15228]
[15229 15324]
[15325 15387]
[15388 15445]
[15446 15480]
[15481 15524]
[15525 15649]
[15650 15770]
[15771 16163]
[16164 16647]
[16648 16737]
[16738 16791]
[16792 17135]
[17136 17293]
[17294 17361]
[17362 17423]
[17424 17487]
[17488 17533]
[17534 17778]
[17779 17881]
[17882 17979]
[17980 18032]
[18033 18097]
[18098 18197]
[18198 18289]
[18290 18336]
[18337 18359]
[18360 18594]
[18595 18969]
[18970 19637]
[19638 19978]
[19979 20030]
[20031 20142]
[20143 20464]
[20465 20640]
[20641 20825]
[20826 20989]
[20990 21033]
[21034 21096]
[21097 21147]
[21148 21244]
[21245 21312]
[21313 21393]
[21394 21833]
[21834 21912]
[21913 22165]
[22166 22403]
[22404 22742]
[22743 22919]
[22920 23051]
[23052 23547]
[23549 23602]
[23603 23653]
[23654 23699]
[23700 23742]
[23743 23790]
[23791 23830]
[23831 23986]
[23987 24020]
[24021 24059]
[24060 24100]
[24101 24186]
[24187 24250]
[24251 24310]
[24311 24372]
[24373 24430]
[24431 24475]
[24476 24558]
[24559 24605]
[24606 24667]
[24668 25114]
[25115 25222]
[25223 25269]
[25270 25339]
[25340 25392]
[25393 25503]
[25504 25685]
[25686 25691]
[25692 25784]
[25785 25933]
[25934 26006]
[26007 26632]
[26633 26738]
[26739 26809]
[26810 26885]
[26886 26967]
[26968 27015]
[27016 27111]
[27112 27197]
[27198 27250]
[27251 27283]
[27284 27336]
[27337 27752]
[27753 27892]
[27893 28067]
[28068 28189]
[28190 28255]
[28256 28309]
[28310 28369]
[28370 28425]
[28426 28463]
[28464 28502]
[28503 28544]
[28545 28627]
[28628 29065]
[29066 29307]
[29308 29337]
[29338 29423]
[29424 29599]
[29600 29769]
[29770 29851]
[29852 29883]
[29884 30082]
[30083 30224]
[30225 30256]
[30257 30303]
[30304 30328]
[30329 30464]
[30465 30508]
[30509 30684]
[30685 30716]
[30717 30775]
[30776 31022]
[31023 31072]
[31073 31201]
[31202 31238]
[31239 31346]
[31347 31407]
[31408 31647]
[31648 31717]
[31718 32032]
[32033 32143]
[32144 32246]
[32247 32399]
[32400 32509]
[32510 32575]
[32576 32705]
[32706 32769]
[32770 32883]
[32884 33212]
[33213 33299]
