[ 0 30]
[32 51]
[52 71]
[ 73 116]
[118 196]
[197 574]
[575 633]
[634 669]
[670 699]
[700 727]
[728 760]
[761 786]
[787 816]
[817 850]
[851 884]
[885 921]
[922 952]
[953 979]
[ 980 1008]
[1009 1087]
[1088 1529]
[1530 1613]
[1614 1693]
[1694 1774]
[1775 1835]
[1836 1888]
[1889 1964]
[1965 2044]
[2045 2084]
[2085 2119]
[2120 2180]
[2181 2251]
[2252 2294]
[2295 2325]
[2326 2381]
[2382 2707]
[2708 2796]
[2797 2860]
[2861 2915]
[2916 2982]
[2983 3057]
[3058 3156]
[3157 3224]
[3225 3279]
[3280 3339]
[3340 3391]
[3392 3461]
[3462 3527]
[3528 3594]
[3595 3658]
[3659 3701]
[3702 3770]
[3771 3869]
[3870 3894]
[3895 4367]
[4368 4419]
[4420 4471]
[4472 4508]
[4509 4568]
[4569 4631]
[4632 4690]
[4691 4717]
[4718 4785]
[4786 4822]
[4823 4985]
[4986 5039]
[5040 5094]
[5095 5167]
[5168 5223]
[5224 5269]
[5270 5312]
[5313 5350]
[5351 5380]
[5381 5416]
[5417 6235]
[6236 6305]
[6306 6340]
[6341 6400]
[6401 6445]
[6446 6489]
[6490 6539]
[6540 6587]
[6588 6647]
[6648 6706]
[6707 6758]
[6759 6817]
[6818 6875]
[6876 6929]
[6930 6985]
[6986 7039]
[7040 7087]
[7088 7136]
[7137 7165]
[7166 7191]
[7192 7259]
[7260 7816]
[7817 7903]
[7904 7945]
[7946 8006]
[8007 8075]
[8076 8151]
[8152 8221]
[8222 8299]
[8300 8376]
[8377 8471]
[8472 8570]
[8571 8656]
[8657 8727]
[8728 8838]
[8839 8894]
[8895 9071]
[9072 9286]
[9287 9425]
[9426 9515]
[9516 9576]
[9577 9692]
[9693 9814]
[9815 9860]
[9861 9966]
[ 9967 10068]
[10069 10201]
[10202 10359]
[10360 10469]
[10470 10549]
[10550 10589]
[10590 10807]
[10808 10878]
[10879 11027]
[11028 11078]
[11079 11125]
[11126 11166]
[11167 11207]
[11208 11272]
[11273 11317]
[11318 11373]
[11374 11462]
[11463 11774]
[11775 11882]
[11883 11971]
[11972 12087]
[12088 12193]
[12194 12334]
[12335 12422]
[12423 12531]
[12532 12575]
[12576 12998]
[12999 13055]
[13056 13108]
[13109 13143]
[13144 13201]
[13202 13242]
[13243 13294]
[13295 13388]
[13389 13456]
[13457 13540]
[13541 13617]
[13618 13686]
[13687 13734]
[13735 13779]
[13780 13828]
[13829 14033]
[14034 14083]
[14084 14143]
[14144 14225]
[14226 14295]
[14296 14344]
[14345 14410]
[14411 14658]
[14659 14717]
[14718 14804]
[14805 14918]
[14919 15027]
[15028 15134]
[15135 15230]
[15231 15329]
[15330 15427]
[15428 15505]
[15506 15590]
[15591 15689]
[15690 15787]
[15788 15862]
[15863 16439]
[16440 16592]
[16593 16723]
[16724 17013]
[17014 17131]
[17132 17253]
[17254 17459]
[17460 17478]
[17479 17906]
[17907 18038]
[18039 18189]
[18190 18339]
[18340 18487]
[18488 18600]
[18601 18723]
[18724 18823]
[18824 18926]
[18927 19064]
[19065 19453]
[19454 20047]
[20048 20294]
[20295 20407]
[20408 20567]
[20568 20698]
[20699 21205]
[21206 21331]
[21332 21442]
[21443 21634]
[21635 21820]
[21821 22238]
[22239 22320]
[22321 22369]
[22370 22384]
[22385 22420]
[22421 22470]
[22471 22512]
[22513 22585]
[22586 22605]
[22606 22646]
[22647 22682]
[22683 22718]
[22719 22765]
[22766 22844]
[22845 22925]
[22926 23021]
[23022 23060]
[23061 23173]
[23174 23275]
[23276 23314]
[23315 23341]
[23342 23390]
[23391 23429]
[23430 23472]
[23473 23518]
[23519 23570]
[23571 23650]
[23651 23695]
[23696 23946]
[23947 24024]
[24025 24090]
[24091 24131]
[24132 24193]
[24194 24272]
[24273 24300]
[24301 24344]
[24345 24373]
[24374 24413]
[24414 24454]
[24455 24505]
[24506 24586]
[24587 24667]
[24668 24712]
[24713 24799]
[24800 25103]
[25104 25199]
