[ 0 25]
[27 46]
[47 66]
[ 68 111]
[113 209]
[210 559]
[560 612]
[613 644]
[645 677]
[678 706]
[707 739]
[740 769]
[770 799]
[800 829]
[830 863]
[864 927]
[928 988]
[ 989 1018]
[1019 1053]
[1054 1089]
[1090 1196]
[1197 1704]
[1705 1873]
[1874 1960]
[1961 2071]
[2072 2262]
[2263 2434]
[2435 2594]
[2595 2705]
[2706 2769]
[2770 2812]
[2813 2875]
[2876 3003]
[3004 3295]
[3296 3371]
[3372 3432]
[3433 3476]
[3477 3516]
[3517 3575]
[3576 3608]
[3609 3640]
[3641 3667]
[3668 3679]
[3680 3715]
[3716 3738]
[3739 3759]
[3760 3932]
[3933 3971]
[3972 4082]
[4083 4135]
[4136 4255]
[4256 4315]
[4316 4369]
[4370 4433]
[4434 4488]
[4489 4541]
[4542 4569]
[4570 4627]
[4628 4668]
[4669 4714]
[4715 4946]
[4947 4955]
[4956 5309]
[5310 5485]
[5486 5581]
[5582 5673]
[5674 5990]
[5991 6095]
[6096 6178]
[6179 6257]
[6258 6345]
[6346 6373]
[6374 6449]
[6450 6997]
[6998 7111]
[7112 7177]
[7178 7242]
[7243 7303]
[7304 7370]
[7371 7624]
[7625 7686]
[7687 7733]
[7734 7786]
[7787 7839]
[7840 7970]
[7971 7992]
[7993 8023]
[8024 8066]
[8067 8126]
[8127 8183]
[8184 8262]
[8263 8322]
[8323 8425]
[8426 8478]
[8479 8535]
[8536 8593]
[8594 8655]
[8656 8657]
[8658 8715]
[8716 8976]
[8977 9310]
[ 9311 10105]
[10106 10454]
[10455 10521]
[10522 10585]
[10586 10638]
[10639 10702]
[10703 10732]
[10733 10764]
[10765 10828]
[10829 10902]
[10903 10966]
[10967 11030]
[11031 11057]
[11058 11111]
[11112 11164]
[11165 11173]
[11174 11635]
[11636 11696]
[11697 11765]
[11766 11830]
[11831 11899]
[11900 11964]
[11965 12026]
[12027 12088]
[12089 12153]
[12154 12224]
[12225 12289]
[12290 12347]
[12348 12411]
[12412 12450]
[12451 12688]
[12689 12739]
[12740 13352]
[13353 13441]
[13442 13476]
[13477 13522]
[13523 13779]
[13780 13843]
[13844 13899]
[13900 13960]
[13961 14018]
[14019 14073]
[14074 14132]
[14133 14190]
[14191 14246]
[14247 14303]
[14304 14361]
[14362 14410]
[14411 14464]
[14465 14520]
[14521 14548]
[14549 14585]
[14586 14678]
[14679 14714]
[14715 14761]
[14762 15011]
[15012 15081]
[15082 15161]
[15162 15235]
[15236 15284]
[15285 15320]
[15321 15370]
[15371 15394]
[15395 15445]
[15446 15500]
[15501 15580]
[15581 15658]
[15659 15713]
[15714 15786]
[15787 15844]
[15845 15908]
[15909 15966]
[15967 16031]
[16032 16076]
[16077 16111]
[16112 16123]
[16124 16237]
[16238 16475]
[16477 16512]
[16513 16582]
[16583 16628]
[16629 16690]
[16691 16793]
[16794 16849]
[16850 16930]
[16931 17322]
[17323 17427]
[17428 17552]
[17553 17790]
[17791 17921]
[17922 18009]
[18010 18098]
[18099 18199]
[18200 18302]
[18303 18379]
[18380 18449]
[18450 18725]
[18726 18833]
[18834 18872]
[18873 18919]
[18920 19099]
[19100 19150]
[19151 19276]
[19277 19397]
[19398 19451]
[19452 19587]
[19588 19628]
[19629 19866]
[19867 19980]
[19981 20110]
[20111 20489]
[20490 20590]
[20591 20741]
[20742 20807]
[20808 20891]
[20892 21028]
[21029 21169]
[21170 21294]
[21295 21342]
[21343 21416]
[21417 21627]
[21628 21709]
[21710 22018]
[22019 22104]
[22105 22165]
[22166 22219]
[22220 22257]
[22258 22289]
[22290 22344]
[22345 22373]
[22374 22523]
[22524 22578]
[22579 22623]
[22624 22651]
[22652 22686]
[22687 22705]
[22706 22768]
[22769 22845]
[22846 22930]
[22931 23015]
[23016 23045]
[23046 23427]
[23428 23510]
[23511 23601]
[23602 23699]
[23700 23739]
[23740 23785]
[23786 23823]
[23824 23872]
[23873 24169]
[24170 24198]
[24199 24251]
[24252 24293]
[24294 24340]
[24341 24413]
[24414 24474]
[24475 24526]
[24527 24551]
[24552 24620]
[24621 24726]
[24727 24800]
[24801 24870]
[24871 24923]
[24924 25066]
[25067 25560]
[25561 25643]
[25644 25682]
[25683 25769]
[25770 25798]
[25799 25879]
[25880 25919]
[25920 25992]
[25993 26065]
[26066 26095]
[26096 26237]
[26238 26530]
[26531 26569]
[26570 26697]
[26698 26755]
[26756 26849]
[26850 26916]
[26917 27014]
[27015 27069]
[27070 27099]
[27100 27179]
[27180 27380]
[27381 27395]
[27396 27464]
[27465 27508]
[27509 27558]
[27559 27593]
[27594 27908]
[27909 28198]
[28199 28377]
[28378 28578]
[28579 28626]
[28627 28691]
[28692 29076]
[29077 29149]
