[ 0 16]
[18 37]
[38 57]
[ 59 102]
[104 170]
[172 522]
[523 577]
[578 616]
[617 654]
[655 704]
[705 754]
[755 780]
[781 830]
[831 871]
[872 907]
[908 951]
[ 952 1020]
[1021 1456]
[1458 1552]
[1553 1605]
[1606 1680]
[1681 1709]
[1710 1766]
[1767 1815]
[1816 1856]
[1857 1894]
[1895 1947]
[1948 1999]
[2000 2036]
[2037 2091]
[2092 2138]
[2139 2204]
[2205 2236]
[2237 2289]
[2290 2327]
[2328 2362]
[2363 2403]
[2404 2693]
[2694 2821]
[2822 2860]
[2861 2933]
[2934 3011]
[3012 3209]
[3210 3253]
[3254 3300]
[3301 3402]
[3403 3448]
[3449 3485]
[3486 3890]
[3891 3923]
[3924 3984]
[3985 4050]
[4051 4103]
[4104 4162]
[4163 4215]
[4216 4258]
[4259 4313]
[4314 4357]
[4358 4403]
[4404 4476]
[4477 4523]
[4524 4552]
[4553 4593]
[4594 4629]
[4630 4743]
[4744 4832]
[4833 4906]
[4907 4958]
[4959 5047]
[5048 5107]
[5108 5153]
[5154 5542]
[5543 5582]
[5583 5703]
[5704 5749]
[5750 5791]
[5792 5824]
[5825 5866]
[5867 5896]
[5897 5953]
[5954 5980]
[5981 6043]
[6044 6096]
[6097 6142]
[6143 6195]
[6196 6248]
[6249 6294]
[6295 6341]
[6342 6380]
[6381 6434]
[6435 6473]
[6474 6493]
[6494 6534]
[6535 6996]
[6998 7039]
[7040 7139]
[7140 7188]
[7189 7220]
[7221 7262]
[7263 7335]
[7336 7381]
[7382 7491]
[7492 7533]
[7534 7587]
[7588 7670]
[7671 7723]
[7724 7785]
[7786 7853]
[7854 7913]
[7914 7960]
[7961 7995]
[7996 8129]
[8130 8174]
[8175 8233]
[8234 8270]
[8271 8310]
[8311 8351]
[8352 8400]
[8401 8454]
[8455 8588]
[8589 8666]
[8667 8713]
[8714 8771]
[8772 8830]
[8831 8901]
[8902 8934]
[8935 9030]
[9031 9344]
[9345 9446]
[9447 9549]
[9550 9598]
[9599 9648]
[9649 9689]
[9690 9764]
[9765 9844]
[9845 9911]
[9912 9960]
[ 9961 10017]
[10018 10088]
[10089 10139]
[10140 10197]
[10198 10249]
[10250 10340]
[10341 10635]
[10636 10789]
[10790 10926]
[10927 11081]
[11082 11295]
[11296 11357]
[11358 11409]
[11410 11464]
[11465 11962]
[11963 12016]
[12017 12104]
[12105 12163]
[12164 12198]
[12199 12281]
[12282 12362]
[12363 12450]
[12451 12536]
[12537 12571]
[12572 12629]
[12630 12947]
[12948 13113]
[13114 13204]
[13205 13301]
[13302 13458]
[13459 13564]
[13565 13633]
[13634 13698]
[13699 13895]
[13896 13962]
[13963 14002]
[14003 14152]
[14153 14309]
[14310 14373]
[14374 14431]
[14432 14466]
[14467 14530]
[14531 14597]
[14598 14739]
[14740 14789]
[14790 14855]
[14856 14923]
[14924 14977]
[14978 15020]
[15021 15054]
[15055 15180]
[15181 15611]
[15612 15676]
[15677 15746]
[15747 15812]
[15813 15875]
[15876 15960]
[15961 16074]
[16075 16149]
[16150 16196]
[16197 16240]
[16241 16361]
[16362 16595]
[16596 16970]
[16971 17040]
[17041 17115]
[17116 17191]
[17192 17323]
[17324 17398]
[17399 17447]
[17448 17516]
[17517 17563]
[17564 17582]
[17583 17981]
[17982 18090]
[18091 18212]
[18213 18265]
[18266 18321]
[18322 18391]
[18392 18455]
[18456 18541]
[18542 18579]
[18580 18725]
[18726 18892]
[18893 18987]
[18988 19032]
[19033 19077]
[19078 19106]
[19107 19168]
[19169 19214]
[19215 19549]
[19550 19620]
[19621 19673]
[19674 19721]
[19722 19757]
[19758 19802]
[19803 20018]
[20019 20142]
[20143 20193]
[20194 20256]
[20257 20287]
[20288 20374]
[20375 20424]
[20425 20480]
[20481 20728]
[20729 20820]
[20821 20909]
[20910 20984]
[20985 21065]
[21066 21137]
[21138 21362]
[21363 21434]
[21435 21514]
[21515 21591]
[21592 21662]
[21663 21737]
[21738 21823]
[21824 21897]
[21898 22232]
[22233 22320]
[22321 22384]
[22385 22428]
[22429 22465]
[22466 22508]
[22509 22560]
[22561 22593]
[22594 22636]
[22637 22755]
[22756 22827]
[22828 22935]
[22936 23107]
[23108 23167]
[23168 23215]
[23216 23275]
[23276 23677]
[23678 23712]
[23714 23778]
[23779 23854]
[23855 24007]
[24008 24081]
[24082 24132]
[24133 24207]
[24208 24320]
[24321 24422]
[24423 24672]
[24673 24836]
[24837 24935]
[24936 25000]
[25001 25168]
[25170 25285]
[25286 25314]
[25315 25375]
[25376 25431]
[25432 25471]
[25472 25510]
[25511 25542]
[25543 25625]
[25626 25665]
[25666 25713]
[25714 25776]
[25777 25865]
[25866 25944]
[25945 25992]
[25993 26062]
[26063 26113]
[26114 26183]
[26184 26245]
[26246 26571]
[26572 26647]
[26648 26761]
[26762 26815]
[26816 26891]
[26892 26951]
[26952 27013]
[27014 27096]
[27097 27144]
[27145 27186]
[27187 27223]
[27224 27257]
[27258 27293]
[27294 27347]
[27348 27421]
[27422 27805]
[27806 27899]
