[ 0 22]
[24 43]
[44 63]
[ 65 108]
[110 192]
[193 633]
[634 689]
[690 751]
[752 816]
[817 854]
[855 889]
[890 940]
[941 981]
[ 982 1022]
[1023 1065]
[1066 1105]
[1106 1141]
[1142 1175]
[1176 1265]
[1266 1901]
[1902 2127]
[2129 2412]
[2414 2650]
[2651 2842]
[2844 3056]
[3058 3245]
[3246 3899]
[3900 3936]
[3937 3962]
[3963 4024]
[4025 4060]
[4061 4088]
[4089 4114]
[4115 4152]
[4153 4186]
[4187 4237]
[4238 4279]
[4280 4324]
[4325 4400]
[4401 4450]
[4451 4480]
[4481 4514]
[4515 4548]
[4549 4584]
[4585 4645]
[4646 4704]
[4705 4757]
[4758 4823]
[4824 4881]
[4882 4919]
[4920 4969]
[4970 5020]
[5021 5097]
[5098 5163]
[5164 5220]
[5221 5263]
[5264 5513]
[5514 5671]
[5672 5735]
[5736 5786]
[5787 5879]
[5880 5960]
[5961 6039]
[6040 6156]
[6157 6281]
[6282 6406]
[6407 6531]
[6532 6656]
[6657 6729]
[6730 6808]
[6809 6873]
[6874 7339]
[7340 7414]
[7415 7494]
[7495 7576]
[7577 7674]
[7675 7764]
[7765 7844]
[7845 7964]
[7965 8178]
[8179 8390]
[8391 8612]
[8613 8807]
[8808 8854]
[8855 8974]
[8975 9015]
[9016 9067]
[9068 9117]
[9118 9165]
[9166 9210]
[9211 9334]
[9335 9384]
[9385 9448]
[9449 9484]
[9485 9513]
[9514 9547]
[9548 9585]
[9586 9638]
[9639 9668]
[9669 9717]
[9718 9840]
[9841 9893]
[9894 9934]
[9935 9970]
[ 9971 10005]
[10006 10042]
[10043 10088]
[10089 10127]
[10128 10170]
[10171 10207]
[10208 10232]
[10233 10286]
[10287 10566]
[10567 10761]
[10762 11106]
[11107 11363]
[11364 11384]
[11385 11629]
[11630 12096]
[12097 12313]
[12314 12324]
[12325 12338]
[12339 12424]
[12425 12435]
[12436 12528]
[12529 12880]
[12881 13181]
[13182 13313]
[13314 13521]
[13522 13723]
[13724 13740]
[13741 13918]
[13919 14270]
[14271 14502]
[14503 14973]
[14974 15072]
[15073 15133]
[15134 15222]
[15223 15322]
[15323 15376]
[15377 15442]
[15443 15499]
[15500 15672]
[15673 15812]
[15813 15875]
[15876 15953]
[15954 15985]
[15986 16060]
[16061 16119]
[16120 16169]
[16170 16219]
[16220 16270]
[16271 16328]
[16329 16377]
[16378 16428]
[16429 16485]
[16486 16549]
[16550 17038]
[17039 17085]
[17086 17140]
[17141 17183]
[17184 17230]
[17231 17374]
[17375 17418]
[17419 17462]
[17463 17522]
[17523 17542]
[17543 17593]
[17594 17635]
[17636 17937]
[17938 18119]
[18120 18167]
[18168 18206]
[18207 18254]
[18255 18340]
[18341 18402]
[18403 18564]
[18565 18622]
[18623 18667]
[18668 18686]
[18687 18744]
[18745 18819]
[18820 18882]
[18883 18994]
[18995 19317]
[19318 19348]
[19349 19410]
[19411 19550]
[19551 19613]
[19614 19696]
[19697 19824]
[19825 20119]
[20120 20261]
[20262 20380]
[20381 20496]
[20497 20621]
[20622 20736]
[20737 21087]
[21088 21142]
[21143 21216]
[21217 21270]
[21271 21308]
[21309 21348]
[21349 21399]
[21400 21453]
[21454 21512]
[21513 21567]
[21568 21645]
[21646 21696]
[21697 21726]
[21727 21828]
[21829 21930]
[21931 22069]
[22070 22187]
[22188 22561]
[22563 22736]
[22737 22833]
[22834 22986]
[22987 23046]
[23047 23111]
[23112 23349]
[23350 23477]
[23478 23529]
[23530 23641]
[23642 23806]
[23807 24053]
[24054 24374]
[24375 24423]
[24424 24524]
[24525 24631]
[24632 24744]
[24745 24843]
[24844 25031]
[25032 25117]
[25118 25177]
[25178 25274]
[25275 25368]
[25369 25388]
[25389 25432]
[25433 25543]
[25544 26027]
[26028 26149]
