[ 0 26]
[28 47]
[48 67]
[ 69 112]
[114 181]
[182 469]
[470 523]
[524 558]
[559 590]
[591 620]
[621 650]
[651 683]
[684 713]
[714 745]
[746 775]
[776 807]
[808 838]
[839 870]
[871 899]
[900 953]
[ 954 1006]
[1007 1103]
[1104 1831]
[1832 1882]
[1883 1952]
[1953 2020]
[2021 2078]
[2079 2122]
[2123 2149]
[2150 2173]
[2174 2213]
[2214 2274]
[2275 2316]
[2317 2359]
[2360 2373]
[2374 2407]
[2408 2442]
[2443 2476]
[2477 2505]
[2506 2562]
[2563 2601]
[2602 2623]
[2624 2654]
[2655 2723]
[2724 2780]
[2781 2903]
[2904 2955]
[2956 3019]
[3020 3063]
[3064 3123]
[3124 3517]
[3518 3571]
[3572 3624]
[3625 3673]
[3674 3751]
[3752 3861]
[3862 3987]
[3988 4056]
[4057 4113]
[4114 4138]
[4139 4188]
[4189 4241]
[4242 4305]
[4306 4358]
[4359 4413]
[4414 4539]
[4540 4587]
[4588 4634]
[4635 4696]
[4697 4759]
[4760 4825]
[4826 4877]
[4878 4982]
[4983 5041]
[5042 5524]
[5525 5590]
[5591 5647]
[5648 5713]
[5714 5755]
[5756 5804]
[5805 5821]
[5822 5875]
[5876 5910]
[5911 5936]
[5937 5975]
[5976 6014]
[6015 6061]
[6062 6121]
[6122 6186]
[6187 6241]
[6242 6266]
[6267 6323]
[6324 6406]
[6407 6466]
[6467 6495]
[6496 6531]
[6532 6549]
[6550 6612]
[6613 6639]
[6640 6698]
[6699 6754]
[6755 6831]
[6832 6904]
[6905 6953]
[6954 6997]
[6998 7039]
[7040 7398]
[7399 7456]
[7457 7534]
[7535 7593]
[7594 7657]
[7658 7719]
[7720 8057]
[8058 8234]
[8235 8351]
[8352 8461]
[8462 8513]
[8514 8570]
[8571 8677]
[8678 8740]
[8741 8814]
[8815 8900]
[8901 9191]
[9192 9442]
[9443 9561]
[9562 9759]
[9760 9994]
[ 9995 10072]
[10073 10209]
[10210 10333]
[10334 10389]
[10390 10499]
[10500 10555]
[10556 10650]
[10651 11114]
[11115 11213]
[11214 11260]
[11261 11326]
[11327 11422]
[11423 11476]
[11477 11534]
[11535 11572]
[11573 11627]
[11628 11691]
[11692 11737]
[11738 11794]
[11795 11873]
[11874 11970]
[11971 12016]
[12017 12065]
[12066 12135]
[12136 12227]
[12228 12295]
[12296 12352]
[12353 12691]
[12692 12895]
[12896 13187]
[13188 13277]
[13278 13330]
[13331 13454]
[13455 13518]
[13519 13838]
[13839 13949]
[13950 14060]
[14061 14166]
[14167 14285]
[14286 14371]
[14372 14491]
[14492 14605]
[14606 14715]
[14716 14814]
[14815 15120]
[15121 15250]
[15251 15367]
[15368 15489]
[15490 15559]
[15560 15616]
[15617 15993]
[15994 16298]
[16299 16370]
[16371 16423]
[16424 16486]
[16487 16548]
[16549 16598]
[16599 16650]
[16651 16680]
[16681 16716]
[16717 16782]
[16783 16924]
[16925 16972]
[16973 17044]
[17045 17106]
[17107 17172]
[17173 17229]
[17230 17233]
[17234 17633]
[17634 17696]
[17697 17754]
[17755 17785]
[17786 17830]
[17831 17918]
[17919 18042]
[18043 18098]
[18099 18191]
[18192 18293]
[18294 18386]
[18387 18492]
[18493 18627]
[18628 18679]
[18680 18723]
[18724 18784]
[18785 18807]
[18808 18884]
[18885 18930]
[18931 18962]
[18963 19060]
[19061 19454]
[19455 19503]
[19504 19570]
[19571 19630]
[19631 19674]
[19675 19729]
[19730 19786]
[19787 19839]
[19840 19867]
[19868 19931]
[19932 20035]
[20036 20134]
[20135 20236]
[20237 20306]
[20307 20395]
[20396 20485]
[20486 20573]
[20574 20666]
[20667 20697]
[20698 21022]
[21023 21085]
[21086 21122]
[21123 21171]
[21172 21222]
[21223 21265]
[21266 21428]
[21429 21483]
[21484 21589]
[21590 21665]
[21666 21745]
[21746 21801]
[21802 21900]
[21901 21959]
[21960 22100]
[22101 22176]
[22177 22226]
[22227 22326]
[22327 22458]
[22459 22488]
[22489 22550]
[22551 22901]
[22902 23096]
[23097 23147]
[23148 23197]
[23198 23384]
[23385 23457]
[23458 23572]
[23573 23590]
[23591 23671]
[23672 23967]
[23968 24071]
[24072 24191]
[24192 24252]
[24253 24284]
[24285 24361]
[24362 24418]
[24419 24854]
[24855 25052]
[25053 25170]
[25171 25228]
[25229 25322]
[25323 25354]
[25355 25485]
[25486 25708]
[25709 25761]
[25762 25826]
[25827 25988]
[25989 26109]
[26110 26194]
[26195 26268]
[26269 26579]
[26580 26638]
[26639 26701]
[26702 26775]
[26776 26846]
[26847 26904]
[26905 26964]
[26965 27029]
[27030 27088]
[27089 27224]
[27225 27341]
[27342 27515]
[27516 27563]
[27564 27622]
[27623 27683]
[27684 27743]
[27744 27802]
[27803 27864]
[27865 27907]
[27908 28023]
[28024 28078]
[28079 28158]
[28159 28317]
[28318 28392]
[28393 28475]
[28476 28537]
[28538 28628]
[28629 28692]
[28693 28746]
[28747 28804]
[28805 28888]
[28889 28950]
[28951 29037]
[29038 29119]
[29120 29269]
[29270 29470]
[29471 29546]
[29547 29604]
[29605 29659]
[29660 29722]
[29723 29790]
[29791 29863]
[29864 29939]
[29940 30003]
[30004 30057]
[30058 30120]
[30121 30179]
[30180 30239]
[30241 30621]
[30622 30749]
