[ 0 24]
[26 45]
[46 65]
[ 67 110]
[112 210]
[212 466]
[467 524]
[525 560]
[561 590]
[591 618]
[619 651]
[652 677]
[678 707]
[708 741]
[742 775]
[776 812]
[813 843]
[844 870]
[871 897]
[898 965]
[ 966 1513]
[1514 1555]
[1556 1592]
[1593 1670]
[1671 1721]
[1722 1760]
[1761 1793]
[1794 1837]
[1838 1884]
[1885 1913]
[1914 1946]
[1947 1996]
[1997 2066]
[2067 2106]
[2107 2212]
[2213 2266]
[2267 2320]
[2321 2380]
[2381 2401]
[2402 2433]
[2434 2471]
[2472 2557]
[2558 2580]
[2581 2775]
[2776 2805]
[2806 2835]
[2836 2873]
[2874 2901]
[2902 2953]
[2954 2986]
[2987 3021]
[3022 3344]
[3345 3455]
[3456 3537]
[3538 3652]
[3653 3691]
[3692 3784]
[3785 3844]
[3845 3882]
[3883 3923]
[3924 4018]
[4019 4113]
[4114 4312]
[4313 4403]
[4404 4496]
[4497 4576]
[4577 4747]
[4748 4848]
[4849 4893]
[4894 5208]
[5209 5380]
[5381 5423]
[5424 5457]
[5458 5627]
[5628 5661]
[5662 5707]
[5708 5735]
[5736 5802]
[5803 5859]
[5860 5988]
[5989 5992]
[5993 6074]
[6075 6106]
[6107 6139]
[6140 6175]
[6176 6206]
[6207 6257]
[6258 6349]
[6350 6451]
[6452 6535]
[6536 6671]
[6672 6761]
[6762 6818]
[6819 6865]
[6866 6901]
[6902 6936]
[6937 6975]
[6976 7009]
[7010 7047]
[7048 7078]
[7079 7111]
[7112 7166]
[7167 7268]
[7269 7325]
[7326 7386]
[7387 7464]
[7465 7910]
[7911 7954]
[7955 8101]
[8102 8143]
[8144 8177]
[8178 8197]
[8198 8289]
[8290 8449]
[8450 8514]
[8515 8553]
[8554 8590]
[8591 8626]
[8627 8726]
[8727 8758]
[8759 8836]
[8837 8886]
[8887 9001]
[9002 9054]
[9055 9134]
[9135 9179]
[9180 9701]
[9702 9745]
[9746 9781]
[9782 9843]
[9844 9874]
[9875 9902]
[9903 9961]
[ 9962 10044]
[10045 10081]
[10082 10135]
[10136 10186]
[10187 10233]
[10234 10274]
[10275 10315]
[10316 10380]
[10381 10425]
[10426 10481]
[10482 10583]
[10584 10892]
[10893 11601]
[11602 11880]
[11881 11992]
[11993 12407]
[12408 12514]
[12515 12559]
[12560 12913]
[12914 13042]
[13043 13429]
[13430 13530]
[13531 13698]
[13699 13843]
[13844 13921]
[13922 14027]
[14028 14113]
[14114 14220]
[14221 14276]
[14277 14328]
[14329 14374]
[14375 14428]
[14429 14479]
[14480 14526]
[14527 14608]
[14609 14673]
[14674 14714]
[14715 14751]
[14752 14788]
[14789 14868]
[14869 15160]
[15161 15223]
[15224 15331]
[15332 15536]
[15537 15619]
[15620 15804]
[15805 15950]
[15951 16053]
[16054 16118]
[16119 16177]
[16178 16282]
[16283 16469]
[16470 16493]
[16494 16545]
[16546 16596]
[16597 16687]
[16688 16825]
[16826 16918]
[16919 17004]
[17005 17095]
[17096 17348]
[17349 17737]
[17738 17834]
[17835 17972]
[17973 18050]
[18051 18093]
[18094 18183]
[18184 18254]
[18255 18388]
[18389 18458]
[18459 18593]
[18594 18698]
[18699 18778]
[18779 18848]
[18849 18896]
[18897 19401]
[19402 19516]
[19517 19603]
[19604 19677]
[19678 19988]
[19989 20056]
[20057 20162]
[20163 20265]
[20266 20562]
[20563 20642]
[20643 20715]
[20716 20813]
[20814 20894]
[20895 21071]
[21072 21219]
[21220 21268]
[21269 21292]
[21293 21348]
[21349 21398]
[21399 21458]
[21459 21578]
[21579 21618]
[21619 21668]
[21669 21830]
[21831 21972]
[21973 22022]
[22023 22082]
[22083 22107]
[22108 22162]
[22163 22230]
[22231 22290]
[22291 22410]
[22411 22470]
[22471 22520]
[22521 22612]
[22613 22931]
[22932 23049]
