[ 0 23]
[25 44]
[45 64]
[ 66 109]
[111 209]
[210 461]
[462 519]
[520 555]
[556 585]
[586 613]
[614 646]
[647 672]
[673 702]
[703 736]
[737 770]
[771 807]
[808 838]
[839 865]
[866 894]
[895 951]
[ 952 1526]
[1528 1604]
[1605 1685]
[1686 1766]
[1767 1846]
[1847 1900]
[1901 2008]
[2009 2084]
[2085 2190]
[2191 2318]
[2319 2397]
[2398 2454]
[2455 2544]
[2545 2625]
[2626 2708]
[2709 2771]
[2772 2834]
[2835 2875]
[2876 3459]
[3460 3491]
[3492 3555]
[3556 3618]
[3619 3760]
[3761 3810]
[3811 3867]
[3868 3923]
[3924 4014]
[4015 4074]
[4075 4108]
[4109 4312]
[4313 4451]
[4452 4478]
[4479 4496]
[4497 4542]
[4543 4600]
[4601 4622]
[4623 4707]
[4708 4757]
[4758 5104]
[5105 5174]
[5175 5223]
[5224 5267]
[5268 5323]
[5324 5364]
[5365 5429]
[5430 5498]
[5499 5516]
[5517 5598]
[5599 5600]
[5601 5721]
[5722 5803]
[5804 5896]
[5897 5947]
[5948 6014]
[6015 6074]
[6075 6133]
[6134 6171]
[6172 6215]
[6216 6905]
[6907 6952]
[6953 6984]
[6985 7000]
[7001 7039]
[7040 7078]
[7079 7163]
[7164 7249]
[7250 7339]
[7340 7435]
[7436 7474]
[7475 7537]
[7538 7666]
[7667 7708]
[7709 7754]
[7755 7816]
[7817 7869]
[7870 7931]
[7932 7991]
[7992 8033]
[8034 8089]
[8090 8115]
[8116 8168]
[8169 8214]
[8215 8280]
[8281 8322]
[8323 8372]
[8373 8425]
[8426 8487]
[8488 8538]
[8539 8585]
[8586 8626]
[8627 8667]
[8668 8732]
[8733 8777]
[8778 8833]
[8834 8936]
[8937 9288]
[9289 9386]
[9387 9486]
[9487 9586]
[9587 9686]
[9687 9786]
[ 9787 10442]
[10443 10695]
[10696 10775]
[10776 10874]
[10875 10972]
[10973 11139]
[11140 11197]
[11198 11281]
[11282 11345]
[11346 11411]
[11412 11529]
[11530 11775]
[11776 11821]
[11822 11896]
[11897 11933]
[11934 11973]
[11974 12014]
[12015 12120]
[12121 12149]
[12150 12201]
[12202 12258]
[12259 12288]
[12289 12345]
[12346 12379]
[12380 12428]
[12429 12502]
[12503 12537]
[12538 12799]
[12800 13027]
[13028 13249]
[13250 13421]
[13422 13654]
[13655 14000]
[14001 14084]
[14085 14155]
[14156 14285]
[14286 14378]
[14379 14464]
[14465 14646]
[14647 14708]
[14709 14780]
[14781 14868]
[14869 14972]
[14973 15065]
[15066 15124]
[15125 15188]
[15189 15304]
[15305 15621]
[15622 15692]
[15693 15754]
[15755 15813]
[15814 15875]
[15876 15936]
[15937 15998]
[15999 16063]
[16064 16126]
[16127 16193]
[16194 16261]
[16262 16316]
[16317 16379]
[16380 16447]
[16448 16497]
[16498 16536]
[16537 16595]
[16596 16660]
[16661 16921]
[16922 16992]
[16993 17058]
[17059 17124]
[17125 17198]
[17199 17285]
[17286 17380]
[17381 17435]
[17436 17518]
[17519 17649]
[17650 17711]
[17712 17773]
[17774 17842]
[17843 18079]
[18080 18231]
[18232 18430]
[18431 18562]
[18563 18607]
[18608 18707]
[18708 18764]
[18765 18818]
[18819 18857]
[18858 19192]
[19193 19460]
[19461 19589]
[19590 19695]
[19696 19768]
[19769 19839]
[19840 20029]
[20030 20094]
[20095 20146]
[20147 20209]
[20210 20347]
[20348 20465]
[20466 20505]
[20506 20904]
[20905 20948]
[20949 20993]
[20994 21056]
[21057 21135]
[21136 21280]
[21281 21310]
[21311 21379]
[21380 21412]
[21413 21461]
[21462 21511]
[21512 21554]
[21555 21593]
[21594 21798]
[21799 21856]
[21857 21898]
[21899 21937]
[21938 21988]
[21989 22035]
[22036 22072]
[22073 22120]
[22121 22182]
[22183 22583]
[22584 22844]
[22845 22997]
[22998 23139]
[23140 23352]
[23353 23508]
[23509 23557]
[23558 23628]
[23629 23991]
[23992 24051]
[24052 24107]
[24108 24165]
[24166 24233]
[24234 24288]
[24289 24364]
[24365 24647]
[24648 24714]
[24715 24828]
[24829 24921]
[24922 25017]
[25018 25174]
[25175 25295]
[25296 25351]
[25352 25768]
[25769 25811]
[25812 25905]
[25906 26003]
[26004 26145]
[26146 26302]
[26303 26351]
[26352 26380]
[26381 26481]
[26482 26739]
[26740 26812]
[26813 26960]
[26961 27041]
[27042 27103]
[27104 27171]
[27172 27218]
[27219 27255]
[27256 27440]
[27441 27574]
[27575 27638]
[27639 27677]
[27678 27761]
[27762 27866]
[27867 27910]
[27911 27974]
[27975 28019]
[28020 28092]
[28093 28124]
[28125 28228]
[28229 28269]
[28270 28321]
[28322 28391]
[28392 28477]
[28478 28873]
[28874 28949]
