[ 0 20]
[22 41]
[42 61]
[ 63 106]
[108 187]
[188 495]
[496 554]
[555 578]
[579 606]
[607 629]
[630 652]
[653 681]
[682 715]
[716 746]
[747 774]
[775 805]
[806 871]
[872 900]
[901 929]
[930 982]
[ 983 1354]
[1355 1402]
[1403 1469]
[1470 1547]
[1548 1615]
[1616 1649]
[1650 1708]
[1709 1779]
[1780 1792]
[1793 2087]
[2088 2147]
[2148 2199]
[2200 2253]
[2254 2306]
[2307 2348]
[2349 2405]
[2406 2523]
[2524 2574]
[2575 2627]
[2628 2679]
[2680 2734]
[2735 2773]
[2774 2833]
[2834 2880]
[2881 2914]
[2915 3145]
[3146 3187]
[3188 3265]
[3266 3286]
[3287 3337]
[3338 3401]
[3402 3848]
[3849 4070]
[4071 4123]
[4124 4209]
[4210 4287]
[4288 4428]
[4429 4823]
[4824 4891]
[4892 4953]
[4954 5039]
[5040 5089]
[5090 5141]
[5142 5239]
[5240 5339]
[5340 5405]
[5406 5532]
[5533 5580]
[5581 5660]
[5661 5726]
[5727 5902]
[5903 5959]
[5960 6018]
[6019 6086]
[6087 6157]
[6158 6202]
[6203 6294]
[6295 6384]
[6385 6501]
[6502 6595]
[6596 6685]
[6686 6732]
[6733 6826]
[6827 6997]
[6998 7140]
[7141 7181]
[7182 7280]
[7281 7353]
[7354 7434]
[7435 7794]
[7795 7801]
[7802 7867]
[7868 7907]
[7908 7994]
[7995 8059]
[8060 8099]
[8100 8130]
[8131 8189]
[8190 8245]
[8246 8300]
[8301 8595]
[8596 8632]
[8633 8708]
[8709 8746]
[8747 8790]
[8791 8833]
[8834 8875]
[8876 9059]
[9060 9108]
[9109 9176]
[9177 9225]
[9226 9283]
[9284 9349]
[9350 9395]
[9396 9456]
[9457 9497]
[9498 9562]
[9563 9617]
[9618 9667]
[9668 9726]
[9727 9757]
[9758 9788]
[9789 9829]
[9830 9874]
[9875 9907]
[9908 9937]
[9938 9966]
[9967 9999]
[10000 10045]
[10046 10079]
[10080 10172]
[10173 10430]
[10431 10487]
[10488 10530]
[10531 10583]
[10584 10641]
[10642 10701]
[10702 10767]
[10768 10828]
[10829 10887]
[10888 10940]
[10941 10992]
[10993 11046]
[11047 11096]
[11097 11153]
[11154 11202]
[11203 11261]
[11262 11317]
[11318 11367]
[11368 11412]
[11413 11454]
[11455 11729]
[11730 11810]
[11811 11880]
[11881 12016]
[12017 12076]
[12077 12148]
[12149 12333]
[12334 12428]
[12429 12507]
[12508 12634]
[12635 12967]
[12968 13051]
[13052 13131]
[13132 13211]
[13212 13261]
[13262 13371]
[13372 13451]
[13452 13531]
[13532 13582]
[13583 13618]
[13619 13771]
[13772 13830]
[13831 13891]
[13892 13930]
[13931 14001]
[14002 14050]
[14051 14151]
[14152 14211]
[14212 14280]
[14281 14602]
[14603 14709]
[14710 14767]
[14768 14839]
[14840 14916]
[14917 14969]
[14970 15023]
[15024 15090]
[15091 15161]
[15162 15225]
[15226 15279]
[15280 15340]
[15341 15400]
[15401 15450]
[15451 15693]
[15694 15900]
[15901 16310]
[16311 16507]
[16508 16933]
[16934 17014]
[17015 17053]
[17054 17115]
[17116 17168]
[17169 17284]
[17285 17489]
[17490 17537]
[17538 17604]
[17605 17703]
[17704 17776]
[17777 17906]
[17907 17960]
[17961 18063]
[18064 18426]
[18427 18478]
[18479 18526]
[18527 18568]
[18569 18610]
[18611 18783]
[18784 19027]
[19028 19079]
[19080 19123]
[19124 19161]
[19162 19196]
[19197 19246]
[19247 19305]
[19306 19355]
[19356 19429]
[19430 19501]
[19502 19568]
[19569 19613]
[19614 19895]
[19896 19990]
[19991 20047]
[20048 20084]
[20085 20126]
[20127 20177]
[20178 20256]
[20257 20316]
[20317 20381]
[20382 20447]
[20448 20509]
[20510 20557]
[20558 20921]
[20922 20999]
