[ 0 27]
[29 48]
[49 68]
[ 70 113]
[115 200]
[201 539]
[540 596]
[597 647]
[648 685]
[686 722]
[723 769]
[770 802]
[803 846]
[847 895]
[896 933]
[934 971]
[ 972 1027]
[1028 1424]
[1425 1504]
[1505 1610]
[1611 1675]
[1676 1737]
[1738 1770]
[1771 1808]
[1809 1854]
[1855 1927]
[1928 1994]
[1995 2062]
[2063 2137]
[2138 2188]
[2189 2227]
[2228 2548]
[2549 2604]
[2605 2676]
[2677 2784]
[2785 2858]
[2859 2918]
[2919 2989]
[2990 3075]
[3076 3097]
[3098 3128]
[3129 3190]
[3191 3238]
[3239 3294]
[3295 3363]
[3364 3408]
[3409 3924]
[3925 4071]
[4072 4251]
[4252 4320]
[4321 4369]
[4370 4425]
[4426 4489]
[4490 4554]
[4555 4589]
[4590 4638]
[4639 4703]
[4704 4789]
[4790 4883]
[4884 4962]
[4963 5028]
[5029 5402]
[5403 5453]
[5454 5503]
[5504 5553]
[5554 5603]
[5604 5653]
[5654 5703]
[5704 5747]
[5748 5846]
[5847 5903]
[5904 5960]
[5961 6010]
[6011 6054]
[6055 6104]
[6105 6144]
[6145 6189]
[6190 6236]
[6237 6279]
[6280 6296]
[6297 6337]
[6338 6375]
[6376 6412]
[6413 6462]
[6463 6512]
[6513 6562]
[6563 6592]
[6593 6899]
[6900 6948]
[6949 6981]
[6982 7030]
[7031 7070]
[7071 7101]
[7102 7143]
[7144 7181]
[7182 7248]
[7249 7306]
[7307 7347]
[7348 7480]
[7481 7524]
[7525 7559]
[7560 7595]
[7596 7632]
[7633 7690]
[7691 7875]
[7876 7936]
[7937 7978]
[7979 8025]
[8026 8065]
[8066 8110]
[8111 8156]
[8157 8205]
[8206 8258]
[8259 8294]
[8295 8336]
[8337 8392]
[8393 8450]
[8451 8515]
[8516 8573]
[8574 8837]
[8838 9192]
[9193 9442]
[9443 9632]
[9633 9850]
[ 9851 10019]
[10020 10305]
[10306 10700]
[10701 10972]
[10973 11025]
[11026 11205]
[11206 11304]
[11305 11392]
[11393 11430]
[11431 11509]
[11510 11781]
[11782 11864]
[11865 11932]
[11933 12028]
[12029 12092]
[12093 12149]
[12150 12201]
[12202 12264]
[12265 12334]
[12335 12413]
[12414 12487]
[12488 12563]
[12564 12636]
[12637 12692]
[12693 12733]
[12734 12781]
[12782 13010]
[13011 13133]
[13134 13214]
[13215 13513]
[13514 13679]
[13680 13782]
[13783 13893]
[13894 14166]
[14167 14991]
[14992 15046]
[15047 15084]
[15085 15117]
[15118 15172]
[15173 15228]
[15229 15273]
[15274 15317]
[15318 15370]
[15371 15486]
[15487 15694]
[15695 15744]
[15745 15777]
[15778 15832]
[15833 15882]
[15883 15924]
[15925 15960]
[15961 16070]
[16071 16126]
[16127 16183]
[16184 16289]
[16290 16339]
[16340 16445]
[16446 16539]
[16540 16557]
[16558 16587]
[16588 16613]
[16614 17024]
[17025 17071]
[17072 17119]
[17120 17161]
[17162 17191]
[17192 17228]
[17229 17275]
[17276 17406]
[17407 17609]
[17610 17659]
[17660 17703]
[17704 17756]
[17757 17860]
[17861 17897]
[17898 17933]
[17934 17973]
[17974 18228]
[18229 18303]
[18304 18404]
[18405 18467]
[18468 18561]
[18562 18572]
[18573 18639]
[18640 18683]
[18684 18745]
[18746 18918]
[18919 19051]
[19052 19091]
[19092 19154]
[19155 19206]
[19207 19225]
[19226 19253]
[19254 19510]
[19511 19622]
[19623 19676]
[19677 19776]
[19777 19859]
[19860 20046]
[20047 20113]
[20114 20213]
[20214 20269]
[20270 20320]
[20321 20373]
[20375 20683]
[20684 20762]
[20763 20844]
[20845 20917]
[20918 21071]
[21072 21224]
[21225 21244]
[21245 21306]
[21307 21374]
[21375 21446]
[21447 21512]
[21513 21595]
[21596 21704]
[21705 21758]
[21759 22040]
[22041 22083]
[22084 22225]
[22226 22301]
[22302 22433]
[22434 22531]
[22532 22664]
[22665 22736]
[22737 22763]
[22764 22793]
[22794 22924]
[22925 23013]
[23014 23403]
[23404 23453]
[23454 23504]
[23505 23692]
[23693 23734]
[23735 23794]
[23795 23895]
[23896 23957]
[23958 24018]
[24019 24065]
[24066 24110]
[24111 24148]
[24149 24598]
[24599 24699]
