[ 0 27]
[29 48]
[49 68]
[ 70 113]
[115 191]
[192 459]
[460 517]
[518 545]
[546 601]
[602 647]
[648 694]
[695 725]
[726 768]
[769 871]
[872 966]
[ 967 1593]
[1594 1640]
[1641 1719]
[1720 1757]
[1758 2103]
[2104 2170]
[2171 2246]
[2247 2306]
[2307 2370]
[2371 2671]
[2672 2677]
[2678 2722]
[2723 2761]
[2762 2832]
[2833 2905]
[2906 2957]
[2958 3036]
[3037 3088]
[3089 3551]
[3552 3591]
[3592 3649]
[3650 3716]
[3717 3958]
[3959 4006]
[4007 4050]
[4051 4104]
[4105 4153]
[4154 4192]
[4193 4235]
[4236 4343]
[4344 4388]
[4389 4418]
[4419 4480]
[4481 4581]
[4582 4617]
[4618 4658]
[4659 4697]
[4698 4740]
[4741 4803]
[4804 4852]
[4853 4929]
[4930 4992]
[4993 5085]
[5086 5490]
[5491 5887]
[5888 6223]
[6225 6391]
[6392 6477]
[6478 7051]
[7053 7100]
[7101 7162]
[7163 7232]
[7233 7263]
[7264 7314]
[7315 7569]
[7570 7638]
[7639 7732]
[7733 7793]
[7794 7831]
[7832 7952]
[7953 7976]
[7977 8038]
[8039 8112]
[8113 8173]
[8174 8310]
[8311 8400]
[8401 8540]
[8541 8600]
[8601 8673]
[8674 8722]
[8723 8760]
[8761 8820]
[8821 8880]
[8881 8975]
[8976 9247]
[9248 9737]
[ 9738 10013]
[10014 10375]
[10376 10446]
[10447 10896]
[10897 10967]
[10968 11038]
[11039 11103]
[11104 11121]
[11122 11192]
[11193 11236]
[11237 11285]
[11286 11356]
[11357 11422]
[11423 11450]
[11451 11487]
[11488 11563]
[11564 11608]
[11609 11649]
[11650 11721]
[11722 12284]
[12285 12358]
[12359 12428]
[12429 12480]
[12481 12522]
[12523 12582]
[12583 12716]
[12717 12748]
[12749 12821]
[12822 12889]
[12890 12964]
[12965 13037]
[13038 13109]
[13110 13169]
[13170 13236]
[13237 13304]
[13305 13372]
[13373 13442]
[13443 13499]
[13500 13935]
[13936 13995]
[13996 14138]
[14139 14216]
[14217 14272]
[14273 14325]
[14326 14376]
[14377 14426]
[14427 14495]
[14496 14556]
[14557 14620]
[14621 14676]
[14677 14746]
[14747 14840]
[14841 14924]
[14925 15108]
[15109 15242]
[15243 15268]
[15269 15341]
[15342 15390]
[15391 15422]
[15423 15493]
[15494 15580]
[15581 15678]
[15679 16793]
[16794 16964]
[16965 17134]
[17135 17312]
[17313 17443]
[17444 17858]
[17859 17975]
[17976 18035]
[18036 18196]
[18197 18251]
[18252 18300]
[18301 18357]
[18358 18412]
[18413 18483]
[18484 18533]
[18534 18640]
[18641 18691]
[18692 18731]
[18732 18804]
[18805 18853]
[18854 18907]
[18908 18949]
[18950 19488]
[19489 19525]
[19526 19615]
[19616 19730]
[19731 19790]
[19791 19945]
[19946 20013]
[20014 20084]
[20085 20112]
[20113 20169]
[20170 20200]
[20201 20227]
[20228 20318]
[20319 20387]
[20388 20413]
[20414 20476]
[20477 20522]
[20523 20871]
[20873 20923]
[20924 20985]
[20986 21057]
[21058 21159]
[21160 21204]
[21205 21262]
[21263 21438]
[21439 21459]
[21460 21572]
[21573 21728]
[21729 21824]
[21825 21899]
[21900 22133]
[22134 22474]
[22475 22581]
[22582 22662]
[22663 22749]
[22750 22778]
[22779 22811]
[22812 22935]
[22936 22990]
[22991 23299]
[23300 23354]
[23355 23393]
[23394 23647]
[23648 23958]
[23959 24406]
[24407 24471]
[24472 24518]
[24519 24570]
[24571 24610]
[24611 24656]
[24657 24718]
[24719 24800]
[24801 24833]
[24834 24908]
[24909 25022]
[25023 25188]
[25189 25357]
[25358 25423]
[25424 25496]
[25497 25619]
[25620 25786]
[25787 25832]
[25833 25863]
[25864 25913]
[25914 25946]
[25947 26244]
[26245 26378]
[26379 26745]
[26746 26836]
[26837 26977]
[26978 27154]
[27155 27342]
[27343 27447]
[27448 27540]
[27541 27594]
[27595 27632]
[27633 27730]
[27731 27752]
[27753 27875]
[27876 27954]
[27955 28004]
[28005 28033]
[28034 28357]
[28358 28449]
