[ 0 27]
[29 48]
[49 68]
[ 70 113]
[115 182]
[183 502]
[503 556]
[557 590]
[591 624]
[625 656]
[657 683]
[684 715]
[716 749]
[750 776]
[777 807]
[808 836]
[837 864]
[865 887]
[888 908]
[909 932]
[ 933 1134]
[1135 1650]
[1651 1732]
[1733 1859]
[1860 1939]
[1940 1997]
[1998 2139]
[2140 2374]
[2375 2508]
[2509 2548]
[2549 2878]
[2879 2918]
[2919 2967]
[2968 3015]
[3016 3082]
[3083 3126]
[3127 3176]
[3177 3235]
[3236 3255]
[3256 3309]
[3310 3383]
[3384 3486]
[3487 3572]
[3573 3621]
[3622 3657]
[3658 3682]
[3683 3707]
[3708 3771]
[3772 3842]
[3843 3895]
[3896 3942]
[3943 3993]
[3994 4023]
[4024 4076]
[4077 4140]
[4141 4176]
[4177 4212]
[4213 4305]
[4306 4376]
[4377 4440]
[4441 4482]
[4483 4492]
[4493 4810]
[4811 4855]
[4856 4908]
[4909 4974]
[4975 5028]
[5029 5080]
[5081 5153]
[5154 5216]
[5217 5283]
[5284 5339]
[5340 5394]
[5395 5457]
[5458 5533]
[5534 5610]
[5611 5676]
[5677 5730]
[5731 5773]
[5774 5845]
[5846 5915]
[5916 6436]
[6437 6518]
[6520 6617]
[6619 6680]
[6681 6726]
[6728 6825]
[6826 6879]
[6880 6943]
[6944 7000]
[7001 7086]
[7087 7153]
[7154 7233]
[7234 7281]
[7282 7349]
[7350 7381]
[7382 7447]
[7448 7513]
[7514 7594]
[7595 7651]
[7652 7693]
[7694 7751]
[7752 7810]
[7811 7892]
[7893 8169]
[8170 8276]
[8277 8367]
[8368 8428]
[8429 8468]
[8469 8573]
[8574 8619]
[8620 8649]
[8650 8801]
[8802 8874]
[8875 8936]
[8937 8984]
[8985 9043]
[9044 9466]
[9467 9722]
[9723 9826]
[9827 9977]
[ 9978 10099]
[10100 10532]
[10533 10616]
[10617 10646]
[10647 10712]
[10713 10757]
[10758 10850]
[10851 10908]
[10909 10967]
[10968 11025]
[11026 11077]
[11078 11140]
[11141 11221]
[11222 11299]
[11300 11373]
[11374 11892]
[11893 11939]
[11940 11994]
[11995 12028]
[12029 12080]
[12081 12136]
[12137 12199]
[12200 12251]
[12252 12332]
[12333 12378]
[12379 12431]
[12432 12476]
[12477 12580]
[12581 12650]
[12651 12703]
[12704 12749]
[12750 12806]
[12807 12858]
[12859 12906]
[12907 12957]
[12958 13097]
[13098 13488]
[13489 13524]
[13525 13600]
[13601 13658]
[13659 13727]
[13728 13762]
[13763 13843]
[13844 13887]
[13888 13942]
[13943 14002]
[14003 14065]
[14066 14132]
[14133 14204]
[14205 14261]
[14262 14388]
[14389 14423]
[14424 14463]
[14464 14495]
[14496 14529]
[14530 14568]
[14569 14605]
[14606 14645]
[14646 14692]
[14693 14727]
[14728 14750]
[14751 14833]
[14834 15161]
[15162 16165]
[16166 16397]
[16398 16553]
[16554 16603]
[16604 16643]
[16644 16675]
[16676 16756]
[16757 16805]
[16806 16917]
[16918 16984]
[16985 17033]
[17034 17125]
[17126 17178]
[17179 17220]
[17221 17269]
[17270 17452]
[17453 17568]
[17569 17671]
[17672 17721]
[17722 17774]
[17775 18085]
[18086 18133]
[18134 18191]
[18192 18272]
[18273 18333]
[18334 18432]
[18433 18482]
[18483 18538]
[18539 18591]
[18592 18661]
[18662 18796]
[18797 18832]
[18833 18880]
[18881 18957]
[18958 19012]
[19013 19066]
[19067 19124]
[19125 19182]
[19183 19240]
[19241 19505]
[19507 19563]
[19564 19682]
[19683 19717]
[19718 19801]
[19802 19864]
[19865 19922]
[19923 19981]
[19982 20063]
[20064 20106]
[20107 20169]
[20170 20224]
[20225 20272]
[20273 20370]
[20371 20451]
[20452 20498]
[20499 20582]
[20583 20661]
[20662 20705]
[20706 20725]
[20726 21066]
[21067 21123]
[21125 21241]
[21242 21328]
[21329 21500]
[21501 21552]
[21553 21743]
[21744 21781]
[21782 21917]
[21918 21953]
[21954 21984]
[21985 22004]
[22005 22167]
[22168 22205]
[22206 22348]
[22349 22393]
[22394 22750]
[22751 22849]
