[ 0 30]
[32 51]
[52 71]
[ 73 116]
[118 232]
[234 656]
[657 710]
[711 733]
[734 758]
[759 784]
[785 809]
[810 836]
[837 859]
[860 938]
[ 939 1024]
[1025 1386]
[1387 1462]
[1463 1515]
[1516 1553]
[1554 1603]
[1604 1653]
[1654 1736]
[1737 1782]
[1783 1852]
[1853 2075]
[2076 2294]
[2295 2343]
[2344 2363]
[2364 2393]
[2394 2447]
[2448 2486]
[2487 2528]
[2529 2565]
[2566 2605]
[2606 2940]
[2941 3045]
[3046 3090]
[3091 3139]
[3140 3188]
[3189 3237]
[3238 3276]
[3277 3315]
[3316 3342]
[3343 3427]
[3428 3476]
[3477 3517]
[3518 3544]
[3545 3668]
[3669 3726]
[3727 3770]
[3771 3823]
[3824 3886]
[3887 3966]
[3967 4496]
[4497 4557]
[4558 4613]
[4614 4689]
[4690 4753]
[4754 4825]
[4826 4887]
[4888 5031]
[5032 5101]
[5102 5175]
[5176 5339]
[5340 5440]
[5441 5508]
[5509 5576]
[5577 5750]
[5751 5805]
[5806 5959]
[5960 6403]
[6404 6488]
[6489 6531]
[6532 6584]
[6585 6629]
[6630 6677]
[6678 6728]
[6729 6800]
[6801 6864]
[6865 6928]
[6929 6979]
[6980 7014]
[7015 7075]
[7076 7116]
[7117 7169]
[7170 7251]
[7252 7320]
[7321 7366]
[7367 7417]
[7418 7465]
[7466 7520]
[7521 7578]
[7579 7611]
[7612 7652]
[7653 7708]
[7709 7710]
[7711 8026]
[8027 8111]
[8112 8153]
[8154 8219]
[8220 8293]
[8294 8358]
[8359 8430]
[8431 8539]
[8540 8559]
[8560 8599]
[8600 8668]
[8669 8706]
[8707 9084]
[9085 9125]
[9126 9226]
[9227 9256]
[9257 9301]
[9302 9535]
[9536 9612]
[9613 9674]
[9675 9855]
[9856 9977]
[ 9978 10113]
[10114 10282]
[10283 10366]
[10367 10412]
[10413 10474]
[10475 10514]
[10515 10555]
[10556 10586]
[10587 10621]
[10622 10654]
[10655 10710]
[10711 10753]
[10754 10790]
[10791 10834]
[10835 10921]
[10922 11224]
[11225 11306]
[11307 11419]
[11420 11466]
[11467 11570]
[11571 11619]
[11620 11701]
[11702 11846]
[11847 11974]
[11975 12009]
[12010 12106]
[12107 12140]
[12141 12288]
[12289 12324]
[12325 12753]
[12754 12874]
[12875 12932]
[12933 12996]
[12997 13081]
[13082 13179]
[13180 13318]
[13319 13417]
[13418 13503]
[13504 13567]
[13568 13791]
[13792 13862]
[13863 13951]
[13952 14045]
[14046 14135]
[14136 14473]
[14474 14689]
[14690 14886]
[14887 14947]
[14948 15418]
[15419 15649]
[15650 15724]
[15725 15802]
[15803 16126]
[16127 16228]
[16229 16254]
[16255 16357]
[16358 16404]
[16405 16460]
[16461 16513]
[16514 16577]
[16578 16614]
[16615 16674]
[16675 16767]
[16768 16904]
[16905 16944]
[16945 16984]
[16985 17020]
[17021 17201]
[17202 17377]
[17378 17404]
[17405 17520]
[17521 17567]
[17568 17946]
[17947 18093]
[18094 18185]
[18186 18322]
[18323 18477]
[18478 18519]
[18520 18670]
[18671 18748]
[18749 18806]
[18807 18924]
[18925 18996]
[18997 19132]
[19133 19189]
[19190 19265]
[19266 19511]
[19512 19562]
[19563 19766]
[19767 20079]
[20080 20183]
[20184 20590]
[20591 20699]
