[ 0 25]
[27 46]
[47 66]
[ 68 111]
[113 202]
[203 558]
[559 580]
[581 603]
[604 620]
[622 649]
[650 668]
[669 685]
[686 713]
[714 742]
[743 770]
[771 810]
[811 838]
[839 864]
[865 884]
[885 909]
[910 934]
[935 989]
[ 990 1354]
[1355 1474]
[1475 1502]
[1503 1506]
[1507 1520]
[1521 1547]
[1548 1574]
[1575 1597]
[1598 1616]
[1617 1657]
[1658 1685]
[1686 1754]
[1755 2056]
[2057 2181]
[2182 2258]
[2259 2378]
[2379 2540]
[2541 2728]
[2729 3057]
[3058 3140]
[3141 3201]
[3202 3243]
[3244 3279]
[3280 3315]
[3316 3350]
[3351 3392]
[3393 3429]
[3430 3471]
[3472 3496]
[3497 3530]
[3531 3562]
[3563 3594]
[3595 3637]
[3638 3775]
[3776 3819]
[3820 3871]
[3872 3915]
[3916 3963]
[3964 4003]
[4004 4044]
[4045 4081]
[4082 4619]
[4620 4643]
[4644 4683]
[4684 4708]
[4709 4760]
[4761 4809]
[4810 4871]
[4872 5035]
[5036 5126]
[5127 5194]
[5195 5228]
[5229 5311]
[5312 5342]
[5343 5401]
[5402 5872]
[5873 5963]
[5964 6088]
[6089 6213]
[6214 6338]
[6339 6636]
[6637 6711]
[6712 6823]
[6824 6878]
[6879 6932]
[6933 7066]
[7067 7120]
[7121 7177]
[7178 7259]
[7260 7357]
[7358 7430]
[7431 7484]
[7485 7525]
[7526 7619]
[7620 7867]
[7868 7957]
[7958 8455]
[8456 8715]
[8716 8810]
[8811 8866]
[8867 8923]
[8924 8993]
[8994 9047]
[9048 9112]
[9113 9162]
[9163 9283]
[9284 9372]
[9373 9447]
[9448 9519]
[9520 9658]
[9659 9687]
[9688 9779]
[9780 9826]
[ 9827 10106]
[10107 11008]
[11009 11208]
[11209 11514]
[11515 11606]
[11607 11741]
[11742 11983]
[11984 12093]
[12094 12122]
[12123 12155]
[12156 12189]
[12190 12219]
[12220 12246]
[12247 12274]
[12275 12308]
[12309 12401]
[12402 12439]
[12440 12536]
[12537 12844]
[12845 12917]
[12918 12984]
[12985 13072]
[13073 13122]
[13123 13222]
[13223 13286]
[13287 13357]
[13358 13419]
[13420 13457]
[13458 13502]
[13503 13543]
[13544 13594]
[13595 13647]
[13648 13770]
[13771 13808]
[13809 13833]
[13834 14186]
[14187 14261]
[14262 14298]
[14299 14336]
[14337 14465]
[14466 14565]
[14566 14670]
[14671 14740]
[14741 14766]
[14767 14800]
[14801 14828]
[14829 14900]
[14901 14943]
[14944 14962]
[14963 15034]
[15035 15074]
[15075 15140]
[15141 15312]
[15313 15363]
[15364 15409]
[15410 15494]
[15495 15537]
[15538 15775]
[15776 15856]
[15857 15920]
[15921 15983]
[15984 16126]
[16127 16166]
[16167 16190]
[16191 16320]
[16321 16414]
[16415 16458]
[16459 16524]
[16525 16615]
[16616 16748]
[16749 16874]
[16875 16928]
[16929 16976]
[16977 17018]
[17019 17055]
[17056 17099]
[17100 17141]
[17142 17183]
[17184 17234]
[17235 17516]
[17517 17569]
[17570 17664]
[17665 17821]
[17822 17918]
[17919 17960]
[17961 18009]
[18010 18129]
[18130 18199]
[18200 18310]
[18311 18338]
[18339 18367]
[18368 18398]
[18399 18429]
[18430 18460]
[18461 18487]
[18488 18574]
[18575 18804]
[18805 18950]
[18951 18988]
[18989 19140]
[19141 19216]
[19217 19312]
[19313 19403]
[19404 19505]
[19506 19554]
[19555 19708]
[19709 19798]
[19799 19937]
[19938 19980]
[19981 20109]
[20110 20207]
[20208 20551]
[20552 20620]
[20621 20695]
[20696 20843]
[20844 20914]
[20915 20990]
[20991 21060]
[21061 21123]
[21124 21153]
[21154 21323]
[21324 21400]
[21401 21461]
[21462 21522]
[21523 21586]
[21587 21626]
[21627 21701]
[21702 21755]
[21756 21876]
[21877 22208]
[22209 22299]
