[ 0 27]
[29 48]
[49 68]
[ 70 113]
[115 196]
[197 542]
[543 595]
[596 631]
[632 661]
[662 689]
[690 722]
[723 748]
[749 778]
[779 812]
[813 846]
[847 883]
[884 914]
[915 941]
[ 942 1033]
[1034 1342]
[1343 1406]
[1407 1478]
[1479 1586]
[1587 1659]
[1660 1692]
[1693 1712]
[1713 1772]
[1773 1843]
[1844 1930]
[1931 1992]
[1993 2040]
[2041 2096]
[2097 2165]
[2166 2200]
[2201 2494]
[2495 2543]
[2544 2624]
[2625 2727]
[2728 2778]
[2779 2821]
[2822 2863]
[2864 2903]
[2904 3038]
[3039 3110]
[3111 3192]
[3193 3260]
[3261 3315]
[3316 3388]
[3389 3445]
[3446 3489]
[3490 3542]
[3543 3562]
[3563 3623]
[3624 3679]
[3680 3727]
[3728 3750]
[3751 3805]
[3806 3876]
[3877 3936]
[3937 4227]
[4228 4296]
[4297 4342]
[4343 4379]
[4380 4424]
[4425 4458]
[4459 4593]
[4594 4625]
[4626 4668]
[4669 4711]
[4712 4955]
[4956 5006]
[5007 5054]
[5055 5108]
[5109 5154]
[5155 5472]
[5473 5520]
[5521 5540]
[5541 5578]
[5579 5629]
[5630 5692]
[5693 5706]
[5707 6117]
[6118 6156]
[6157 6214]
[6215 6292]
[6293 6360]
[6361 6458]
[6459 6492]
[6493 6528]
[6529 6635]
[6636 6683]
[6684 6737]
[6738 6800]
[6801 6858]
[6859 6932]
[6933 6988]
[6989 7012]
[7013 7062]
[7063 7148]
[7149 7178]
[7179 7213]
[7214 7250]
[7251 7288]
[7289 7378]
[7379 7427]
[7428 7478]
[7479 7507]
[7508 7559]
[7560 7588]
[7589 7647]
[7648 8016]
[8017 8089]
[8090 8129]
[8130 8170]
[8171 8224]
[8225 8276]
[8277 8327]
[8328 8388]
[8389 8455]
[8456 8500]
[8501 8749]
[8750 8963]
[8964 8997]
[8998 9045]
[9046 9123]
[9124 9198]
[9199 9254]
[9255 9312]
[9313 9380]
[9381 9426]
[9427 9485]
[9486 9536]
[9537 9583]
[9584 9624]
[9625 9665]
[9666 9730]
[9731 9775]
[9776 9831]
[9832 9924]
[ 9925 10135]
[10136 10228]
[10229 10319]
[10320 10378]
[10379 10443]
[10444 10492]
[10493 10633]
[10634 10666]
[10667 10704]
[10705 10743]
[10744 10804]
[10805 10855]
[10856 10896]
[10897 10954]
[10955 11203]
[11204 11333]
[11334 11432]
[11433 11514]
[11515 11620]
[11621 11670]
[11671 11719]
[11720 11763]
[11764 11791]
[11792 12133]
[12134 12308]
[12309 12390]
[12391 12509]
[12510 12615]
[12616 12720]
[12721 12837]
[12838 12927]
[12928 13125]
[13126 13261]
[13262 13338]
[13339 13399]
[13400 13526]
[13527 13579]
[13580 13643]
[13644 13681]
[13682 13718]
[13719 13751]
[13752 13839]
[13840 14088]
[14089 14223]
[14224 14388]
[14389 14723]
[14724 14916]
[14917 15116]
[15117 15637]
[15639 15959]
[15960 16027]
[16028 16086]
[16087 16120]
[16121 16200]
[16201 16261]
[16263 16357]
[16358 16383]
[16384 16390]
[16391 16688]
[16690 16759]
[16760 16802]
[16803 16851]
[16852 16902]
[16903 16981]
[16982 17044]
[17045 17147]
[17148 17196]
[17197 17242]
[17243 17348]
[17349 17403]
[17404 17462]
[17463 17518]
[17519 17569]
[17570 17627]
[17628 17689]
[17690 17720]
[17721 17759]
[17760 17796]
[17797 17841]
[17842 17882]
[17883 17932]
[17933 17976]
[17977 18016]
[18017 18059]
[18060 18346]
[18348 18475]
[18476 18522]
[18523 18573]
[18574 18626]
[18627 18682]
[18683 18732]
[18733 18791]
[18792 18850]
[18851 18910]
[18911 18959]
[18960 19020]
[19021 19065]
[19066 19125]
[19126 19357]
[19358 19408]
[19409 19452]
[19453 19494]
[19495 19546]
[19547 19596]
[19597 19638]
[19639 19696]
[19697 19794]
[19795 20189]
[20190 20312]
[20313 20352]
[20353 20411]
[20412 20456]
[20457 20508]
[20509 20653]
[20654 20789]
[20790 20896]
[20897 20957]
[20958 21012]
[21013 21059]
[21060 21203]
[21204 21265]
[21266 21311]
[21312 21388]
[21389 21425]
[21426 21484]
[21485 21746]
[21747 22068]
[22069 22136]
[22137 22218]
[22219 22287]
[22288 22347]
[22348 22425]
[22426 22454]
[22455 22590]
[22591 22646]
[22647 22691]
[22692 22741]
[22742 22779]
[22780 23158]
[23159 23249]
