[ 0 27]
[29 48]
[49 68]
[ 70 113]
[115 188]
[190 458]
[459 516]
[517 551]
[552 581]
[582 592]
[593 615]
[616 643]
[644 678]
[679 717]
[718 743]
[744 766]
[767 803]
[804 891]
[892 952]
[953 991]
[ 992 1097]
[1098 1506]
[1507 1585]
[1586 1638]
[1639 1655]
[1656 1704]
[1705 1733]
[1734 1807]
[1808 1833]
[1834 1885]
[1886 1929]
[1930 1981]
[1982 2015]
[2016 2082]
[2083 2174]
[2175 2321]
[2322 2431]
[2432 2482]
[2483 2530]
[2531 2602]
[2603 2670]
[2671 2715]
[2716 3234]
[3236 3284]
[3285 3333]
[3334 3365]
[3366 3407]
[3408 3442]
[3443 3482]
[3483 3520]
[3521 3615]
[3616 3649]
[3650 3692]
[3693 3791]
[3792 3919]
[3920 3961]
[3962 4002]
[4003 4046]
[4047 4102]
[4103 4141]
[4142 4173]
[4174 4230]
[4231 4268]
[4269 4310]
[4311 4356]
[4357 4644]
[4645 4701]
[4702 4738]
[4739 4788]
[4789 4865]
[4866 4982]
[4983 5227]
[5228 5300]
[5301 5352]
[5353 5420]
[5421 5484]
[5485 5554]
[5555 5597]
[5598 5667]
[5668 5761]
[5762 5872]
[5873 5993]
[5994 6057]
[6058 6103]
[6104 6132]
[6133 6167]
[6168 6201]
[6202 6265]
[6267 6672]
[6673 6805]
[6806 6869]
[6870 6921]
[6922 6976]
[6977 7011]
[7012 7048]
[7049 7083]
[7084 7128]
[7129 7170]
[7171 7210]
[7211 7266]
[7267 7310]
[7311 7540]
[7541 7569]
[7570 7602]
[7603 7634]
[7635 7684]
[7685 7741]
[7742 7781]
[7782 7817]
[7818 7850]
[7851 7883]
[7884 7930]
[7931 8019]
[8020 8280]
[8281 8384]
[8385 8547]
[8548 8612]
[8613 8671]
[8672 8762]
[8763 8826]
[8827 8959]
[8960 9064]
[9065 9155]
[9156 9472]
[9473 9542]
[9543 9910]
[9911 9959]
[9960 9998]
[ 9999 10134]
[10135 10450]
[10451 11110]
[11111 11339]
[11340 11697]
[11698 11767]
[11768 11806]
[11807 11859]
[11860 11908]
[11909 11956]
[11957 12011]
[12012 12052]
[12053 12179]
[12180 12203]
[12204 12236]
[12237 12275]
[12276 12459]
[12460 12510]
[12511 12547]
[12548 12584]
[12585 12632]
[12633 12668]
[12669 12703]
[12704 12764]
[12765 12817]
[12818 12856]
[12857 12917]
[12918 13415]
[13417 13470]
[13471 13524]
[13525 13590]
[13591 13640]
[13641 13689]
[13690 13734]
[13735 13801]
[13802 13906]
[13907 13941]
[13942 13995]
[13996 14032]
[14033 14090]
[14091 14149]
[14150 14177]
[14178 14256]
[14257 14313]
[14314 14424]
[14425 14475]
[14476 14522]
[14523 14545]
[14546 14611]
[14612 14720]
[14721 14777]
[14778 14841]
[14842 15167]
[15169 15234]
[15235 15296]
[15297 15335]
[15336 15384]
[15385 15440]
[15441 15496]
[15497 15532]
[15533 15565]
[15566 15615]
[15616 15817]
[15818 15905]
[15906 16107]
[16108 16153]
[16154 16195]
[16196 16231]
[16232 16286]
[16287 16352]
[16353 16888]
[16889 16999]
