[ 0 22]
[24 43]
[44 63]
[ 65 108]
[110 218]
[219 591]
[592 652]
[653 687]
[688 711]
[712 740]
[741 779]
[780 814]
[815 838]
[839 879]
[880 899]
[900 956]
[ 957 1355]
[1357 1430]
[1431 1468]
[1469 1529]
[1530 1553]
[1554 1748]
[1749 1982]
[1983 2096]
[2097 2151]
[2152 2199]
[2200 2243]
[2244 2287]
[2288 2327]
[2328 2362]
[2363 2405]
[2406 2449]
[2450 2625]
[2626 2668]
[2669 2707]
[2708 2740]
[2741 2790]
[2791 2831]
[2832 2875]
[2876 2930]
[2931 3349]
[3350 3517]
[3518 3578]
[3579 3631]
[3632 3658]
[3659 3713]
[3714 3748]
[3749 3772]
[3773 3795]
[3796 3846]
[3847 3895]
[3896 3965]
[3966 4084]
[4085 4165]
[4166 4267]
[4268 4339]
[4340 4449]
[4450 4510]
[4511 4554]
[4555 4576]
[4577 4662]
[4663 4747]
[4748 4822]
[4823 4868]
[4869 5038]
[5039 5121]
[5122 5620]
[5621 5812]
[5813 5861]
[5862 5925]
[5926 5981]
[5982 6013]
[6014 6071]
[6072 6128]
[6129 6169]
[6170 6198]
[6199 6253]
[6254 6302]
[6303 6403]
[6404 6436]
[6437 6470]
[6471 6494]
[6495 6526]
[6527 6552]
[6553 6567]
[6568 6608]
[6609 6779]
[6780 6841]
[6842 6896]
[6897 6930]
[6931 6999]
[7000 7034]
[7035 7071]
[7072 7106]
[7107 7610]
[7611 7711]
[7712 7773]
[7774 7851]
[7852 7924]
[7925 7990]
[7991 8070]
[8071 8128]
[8129 8367]
[8368 8464]
[8465 8547]
[8548 8585]
[8586 8649]
[8650 8708]
[8709 8830]
[8831 8885]
[8886 8986]
[8987 9043]
[9044 9099]
[9100 9132]
[9133 9162]
[9163 9191]
[9192 9223]
[9224 9292]
[9293 9335]
[9336 9380]
[9381 9384]
[9385 9413]
[9414 9491]
[9492 9993]
[ 9994 10089]
[10090 10129]
[10130 10190]
[10191 10267]
[10268 10341]
[10342 10400]
[10401 10443]
[10444 10497]
[10498 10550]
[10551 10602]
[10603 10656]
[10657 10711]
[10712 10767]
[10768 10819]
[10820 10864]
[10865 10926]
[10927 10962]
[10963 11167]
[11168 11227]
[11228 11294]
[11295 11370]
[11371 11443]
[11444 11517]
[11518 11591]
[11592 11664]
[11665 11747]
[11748 11818]
[11819 11904]
[11905 11953]
[11954 12217]
[12218 12388]
[12389 12448]
[12449 12511]
[12512 12617]
[12618 12704]
[12705 12792]
[12793 12863]
[12864 13184]
[13185 13273]
[13274 13393]
[13394 13446]
[13447 13516]
[13517 13594]
[13595 13728]
[13729 13791]
[13792 13795]
[13796 13848]
[13849 13905]
[13906 13969]
[13970 14134]
[14135 14479]
[14480 14572]
[14573 14625]
[14626 14789]
[14790 14905]
[14906 14974]
[14975 15040]
[15041 15100]
[15101 15392]
[15393 15641]
[15642 15776]
[15777 15860]
[15861 16020]
[16021 16087]
[16088 16179]
[16180 16260]
[16261 16372]
[16373 16441]
[16442 16497]
[16498 16728]
[16729 16778]
[16779 16825]
[16826 16879]
[16880 16933]
[16934 16981]
[16982 17040]
[17041 17079]
[17080 17126]
[17127 17271]
[17272 17313]
[17314 17353]
[17354 17387]
[17388 17483]
[17484 17661]
[17662 17700]
[17701 17754]
[17755 17805]
[17806 17855]
[17856 17908]
[17909 18045]
[18046 18097]
[18098 18373]
[18374 18442]
[18443 18515]
[18516 18568]
[18569 18638]
[18639 18702]
[18703 18787]
[18788 18848]
[18849 18946]
[18947 19015]
[19016 19060]
[19061 19100]
[19101 19271]
[19272 19327]
[19328 19463]
[19464 19620]
[19621 19692]
[19693 19774]
[19775 19901]
[19902 19945]
[19946 20068]
[20069 20135]
[20136 20190]
[20191 20255]
[20256 20317]
[20318 20525]
[20526 20612]
[20613 20797]
[20798 20860]
[20861 21173]
[21174 21228]
[21229 21287]
[21288 21336]
[21337 21372]
[21373 21681]
[21682 21811]
[21812 22118]
[22119 22195]
[22196 22318]
[22319 22525]
[22526 22609]
[22610 22729]
[22730 22759]
[22760 22967]
[22968 23046]
[23047 23549]
