[ 0 22]
[24 43]
[44 63]
[ 65 108]
[110 199]
[200 455]
[456 512]
[513 548]
[549 578]
[579 606]
[607 639]
[640 665]
[666 695]
[696 729]
[730 763]
[764 832]
[833 887]
[888 943]
[ 944 1304]
[1305 1372]
[1373 1438]
[1439 1501]
[1502 1567]
[1568 1622]
[1623 1684]
[1685 1714]
[1715 1777]
[1778 1832]
[1833 1900]
[1901 1938]
[1939 1983]
[1984 2037]
[2038 2056]
[2057 2135]
[2136 2239]
[2240 2638]
[2639 2766]
[2767 2805]
[2806 2853]
[2854 2892]
[2893 2971]
[2972 3012]
[3013 3057]
[3058 3147]
[3148 3325]
[3326 3378]
[3379 3502]
[3503 3540]
[3541 3575]
[3576 3630]
[3631 3685]
[3686 3860]
[3861 3927]
[3928 4006]
[4007 4070]
[4071 4149]
[4150 4471]
[4472 4596]
[4597 4646]
[4647 4698]
[4699 4770]
[4771 4783]
[4784 5014]
[5015 5073]
[5074 5120]
[5121 5190]
[5191 5296]
[5297 5488]
[5489 5557]
[5558 5650]
[5651 5738]
[5739 5792]
[5793 5853]
[5854 5927]
[5928 6720]
[6721 6783]
[6784 6832]
[6833 6887]
[6888 6935]
[6936 6987]
[6988 7035]
[7036 7099]
[7100 7157]
[7158 7462]
[7463 7527]
[7528 7593]
[7594 7643]
[7644 7686]
[7687 7734]
[7735 7791]
[7792 7850]
[7851 7957]
[7958 8003]
[8004 8061]
[8062 8118]
[8119 8167]
[8168 8221]
[8222 8254]
[8255 8645]
[8646 8852]
[8853 9479]
[9480 9566]
[9567 9718]
[ 9719 10125]
[10126 10294]
[10295 10342]
[10343 11140]
[11141 11385]
[11386 11534]
[11535 11607]
[11608 11697]
[11698 11756]
[11757 11831]
[11832 11932]
[11933 12001]
[12002 12078]
[12079 12203]
[12204 12274]
[12275 12514]
[12515 12671]
[12672 12722]
[12723 12769]
[12770 12819]
[12820 12851]
[12852 12916]
[12917 12961]
[12962 13026]
[13027 13109]
[13110 13766]
[13767 13861]
[13862 13919]
[13920 13982]
[13983 14033]
[14034 14418]
[14419 14523]
[14524 14582]
[14583 14618]
[14619 14706]
[14707 14823]
[14824 15339]
[15340 15419]
[15420 15561]
[15562 15592]
[15593 15693]
[15694 15785]
[15786 15889]
[15890 15972]
[15973 16338]
[16339 16374]
[16375 16452]
[16453 16490]
[16491 16519]
[16520 16544]
[16545 16592]
[16593 16653]
[16654 16676]
[16677 16723]
[16724 16921]
[16922 17172]
[17174 17248]
[17249 17293]
[17294 17386]
[17387 17447]
[17448 17523]
[17524 17575]
[17576 17755]
[17756 17824]
[17825 18375]
[18376 18446]
[18447 18522]
[18523 18583]
[18584 18692]
[18693 18736]
[18737 18803]
[18804 19219]
[19221 19294]
[19295 19362]
[19363 19470]
[19471 19605]
[19606 19671]
[19672 19797]
[19798 19857]
[19858 19999]
[20000 20128]
[20129 20196]
[20197 20257]
[20258 20369]
[20370 20427]
[20428 20498]
[20499 20646]
[20647 20715]
[20716 20790]
[20791 20826]
[20827 20891]
[20892 20936]
[20937 20992]
[20993 21087]
[21088 21635]
[21636 21793]
[21794 21939]
[21940 22024]
[22025 22101]
[22102 22189]
[22190 22281]
[22282 22421]
[22422 22463]
[22464 22526]
[22527 22796]
[22798 22988]
[22989 23035]
[23036 23107]
[23108 23235]
[23236 23488]
[23489 23598]
[23599 23711]
[23712 23924]
[23925 23975]
[23976 24015]
[24016 24143]
[24144 24229]
[24230 24354]
[24355 24437]
[24438 24495]
[24496 24718]
[24719 24952]
[24953 25115]
[25116 25165]
[25166 25339]
[25340 25453]
[25454 25897]
[25898 25980]
[25981 26060]
[26061 26140]
[26141 26266]
[26267 26309]
[26310 26332]
[26333 26749]
