[ 0 22]
[24 43]
[44 63]
[ 65 108]
[110 203]
[204 472]
[473 529]
[530 572]
[573 598]
[599 628]
[629 656]
[657 703]
[704 730]
[731 757]
[758 779]
[780 858]
[859 904]
[905 948]
[ 949 1008]
[1009 1107]
[1108 1466]
[1467 1514]
[1515 1572]
[1573 1626]
[1627 1686]
[1687 1743]
[1744 1799]
[1800 1858]
[1859 1916]
[1917 1973]
[1974 2041]
[2042 2104]
[2105 2169]
[2170 2222]
[2223 2284]
[2285 2343]
[2344 2398]
[2399 2452]
[2453 2504]
[2505 2562]
[2563 2604]
[2605 2636]
[2637 2990]
[2991 3058]
[3059 3078]
[3079 3116]
[3117 3146]
[3147 3187]
[3188 3230]
[3231 3272]
[3273 3328]
[3329 3522]
[3523 3604]
[3605 3649]
[3650 3671]
[3672 3911]
[3912 4038]
[4039 4204]
[4205 4277]
[4278 4320]
[4321 4379]
[4380 4458]
[4459 4499]
[4500 4549]
[4550 4594]
[4595 4646]
[4647 5259]
[5260 5365]
[5366 5561]
[5562 5793]
[5794 6028]
[6030 6373]
[6375 6675]
[6676 7079]
[7080 7129]
[7130 7193]
[7194 7267]
[7268 7344]
[7345 7392]
[7393 7458]
[7459 7498]
[7499 7544]
[7545 7627]
[7628 7705]
[7706 7744]
[7745 7783]
[7784 7832]
[7833 7885]
[7886 7936]
[7937 7998]
[7999 8054]
[8055 8429]
[8430 8515]
[8516 8575]
[8576 8635]
[8636 8710]
[8711 8891]
[8892 8959]
[8960 9062]
[9063 9109]
[9110 9154]
[9155 9195]
[9196 9252]
[9253 9309]
[9310 9366]
[9367 9423]
[9424 9489]
[9490 9538]
[9539 9589]
[9590 9641]
[9642 9758]
[ 9759 10083]
[10084 10467]
[10468 10528]
[10529 10569]
[10570 10625]
[10626 10679]
[10680 11011]
[11012 11134]
[11135 11232]
[11233 11269]
[11270 11405]
[11406 11522]
[11523 11588]
[11589 11706]
[11707 11720]
[11721 11781]
[11782 11853]
[11854 11924]
[11925 12313]
[12314 12390]
[12391 12653]
[12654 13083]
[13084 13378]
[13379 13439]
[13440 13523]
[13524 13746]
[13747 13851]
[13852 14005]
[14006 14091]
[14092 14225]
[14226 14420]
[14421 14512]
[14513 14606]
[14607 14653]
[14654 14920]
[14921 14973]
[14974 15041]
[15042 15116]
[15117 15307]
[15308 15401]
[15402 15440]
[15441 15488]
[15489 15537]
[15538 15583]
[15584 15679]
[15680 15686]
[15687 15740]
[15741 15810]
[15811 15872]
[15873 15921]
[15922 15966]
[15967 16020]
[16021 16075]
[16076 16184]
[16185 16491]
[16492 16553]
[16554 16675]
[16676 16732]
[16733 16824]
[16825 16966]
[16967 17059]
[17060 17127]
[17128 17321]
[17322 17494]
[17495 17943]
[17944 18140]
[18141 18173]
[18174 18259]
[18260 18385]
[18386 18478]
[18479 18590]
[18591 18749]
[18750 19026]
[19027 19155]
[19156 19372]
[19373 19408]
[19409 19475]
[19476 19542]
[19543 19639]
[19640 19706]
[19707 19760]
[19761 19816]
[19817 19888]
[19889 19949]
[19950 20021]
[20022 20083]
[20084 20180]
[20181 20237]
[20238 20336]
[20337 20387]
[20388 20439]
[20440 20764]
[20765 20829]
[20830 20875]
[20876 20920]
[20921 20993]
[20994 21045]
[21046 21103]
[21104 21144]
[21145 21292]
[21293 21397]
[21398 21452]
[21453 21531]
[21532 21563]
[21564 21584]
[21585 21628]
[21629 21684]
[21685 21733]
[21734 21774]
[21775 21834]
[21835 21891]
[21892 21948]
[21949 22007]
[22008 22511]
[22512 22626]
[22627 22705]
[22706 22802]
[22803 22855]
[22856 22915]
[22916 22955]
[22956 23059]
[23060 23137]
[23138 23225]
[23226 23349]
[23350 23407]
[23408 23522]
[23523 23646]
[23647 23694]
[23695 23732]
[23733 23785]
[23786 23828]
[23829 23881]
[23882 24412]
[24414 24499]
