[0 7]
[ 8 46]
[ 47 582]
[583 633]
[634 669]
[670 701]
[702 729]
[730 760]
[761 793]
[794 824]
[825 855]
[856 884]
[885 916]
[917 950]
[951 981]
[ 982 1008]
[1009 1090]
[1091 1462]
[1463 1492]
[1493 1525]
[1526 1562]
[1563 1592]
[1593 1626]
[1627 1666]
[1667 1722]
[1723 1782]
[1783 1845]
[1846 1906]
[1907 1974]
[1975 2044]
[2045 2106]
[2107 2212]
[2213 2280]
[2281 2351]
[2352 2381]
[2382 2424]
[2425 2569]
[2570 2716]
[2717 2781]
[2782 2822]
[2823 3258]
[3259 3282]
[3283 3332]
[3333 3369]
[3370 3409]
[3410 3472]
[3473 3512]
[3513 3660]
[3661 3729]
[3730 3785]
[3786 3843]
[3844 3908]
[3909 3982]
[3983 4033]
[4034 4097]
[4098 4146]
[4147 4190]
[4191 4270]
[4271 4304]
[4305 4339]
[4340 4371]
[4372 4402]
[4403 4433]
[4434 4858]
[4859 4883]
[4884 4923]
[4924 4969]
[4970 5023]
[5024 5056]
[5057 5102]
[5103 5148]
[5149 5209]
[5210 5281]
[5282 5317]
[5318 5364]
[5365 5403]
[5404 5454]
[5455 5499]
[5500 5571]
[5572 5601]
[5602 5634]
[5635 5679]
[5680 5738]
[5739 5803]
[5804 5857]
[5858 5883]
[5884 5904]
[5905 5938]
[5939 5971]
[5972 6001]
[6002 6101]
[6102 6236]
[6237 6572]
[6573 6631]
[6632 6701]
[6702 6754]
[6755 6821]
[6822 6860]
[6861 6924]
[6925 6960]
[6961 7026]
[7027 7071]
[7072 7117]
[7118 7156]
[7157 7189]
[7190 7304]
[7305 7389]
[7390 7412]
[7413 7449]
[7450 7480]
[7481 7640]
[7641 7709]
[7710 7838]
[7839 7902]
[7903 7945]
[7946 8022]
[8023 8247]
[8248 8347]
[8348 8537]
[8538 8583]
[8584 8636]
[8637 8714]
[8715 8747]
[8748 8781]
[8782 8813]
[8814 8921]
[8922 9020]
[9021 9123]
[9124 9176]
[9177 9220]
[9221 9341]
[9342 9434]
[9435 9480]
[9481 9522]
[9523 9584]
[9585 9671]
[9672 9704]
[9705 9761]
[9762 9815]
[9816 9912]
[ 9913 10036]
[10037 10601]
[10602 10632]
[10633 10656]
[10657 10702]
[10703 10756]
[10757 10820]
[10821 10873]
[10874 10939]
[10940 10992]
[10993 11049]
[11050 11102]
[11103 11162]
[11163 11391]
[11392 11789]
[11790 11817]
[11818 11897]
[11898 11965]
[11966 12011]
[12012 12058]
[12059 12134]
[12135 12189]
[12190 12251]
[12252 12369]
[12370 12627]
[12628 12920]
[12921 13440]
[13441 13665]
[13666 13737]
[13738 14082]
[14083 14135]
[14136 14206]
[14207 14242]
[14243 14262]
[14263 14299]
[14300 14384]
[14385 14468]
[14469 14532]
[14533 14569]
[14570 14619]
[14620 14634]
[14635 14694]
[14695 14765]
[14766 14813]
[14814 14866]
[14867 14950]
[14952 15127]
[15128 15169]
[15170 15545]
[15546 15593]
[15594 15707]
[15708 15792]
[15793 15872]
[15873 15962]
[15963 16073]
[16074 16149]
[16150 16253]
[16254 16374]
[16375 16486]
[16487 16550]
[16551 16626]
[16627 16668]
[16669 16704]
[16705 16979]
[16980 16997]
[16998 17125]
[17126 17197]
[17198 17270]
[17271 17327]
[17328 17348]
[17349 17439]
[17440 17534]
[17535 17571]
[17572 17605]
[17606 17687]
[17688 17732]
[17733 17903]
[17904 18712]
[18713 18767]
[18768 18790]
[18791 18829]
[18830 18864]
[18865 18895]
[18896 18947]
[18948 18977]
[18978 19006]
[19007 19012]
[19013 19043]
[19044 19064]
[19065 19088]
[19089 19120]
[19121 19207]
[19208 19642]
[19643 19690]
[19691 19806]
[19807 19852]
[19853 19871]
[19872 20061]
[20062 20105]
[20106 20151]
[20152 20200]
[20201 20273]
[20274 20325]
[20326 20414]
[20415 20443]
[20444 20497]
[20498 20573]
[20574 20612]
[20613 20641]
[20642 20694]
[20695 20996]
[20997 21265]
[21266 21436]
[21437 21501]
[21502 21725]
[21726 21802]
[21803 21868]
[21869 21980]
[21981 22088]
[22089 22343]
[22344 22373]
[22374 22411]
[22412 22448]
[22449 22481]
[22482 22572]
[22573 22599]
[22600 22685]
[22686 22756]
[22757 22839]
[22840 22869]
[22870 23017]
[23018 23078]
[23079 23127]
[23128 23223]
[23224 23283]
[23284 23307]
[23308 23354]
[23355 23688]
[23689 23767]
[23768 23821]
[23822 23868]
[23869 23967]
[23968 24060]
[24061 24256]
[24257 24305]
[24306 24361]
[24362 24412]
[24413 24477]
[24478 24900]
[24901 24977]
[24978 25062]
[25063 25099]
[25100 25172]
[25173 25359]
[25360 25434]
[25435 25519]
[25520 25578]
[25579 25623]
[25624 25666]
[25667 25712]
[25713 25733]
[25734 25781]
[25782 25820]
[25821 25872]
[25873 25930]
[25931 25971]
[25972 26003]
[26004 26042]
[26043 26069]
[26070 26132]
[26133 26220]
[26221 26297]
[26298 26348]
[26349 26385]
[26386 26431]
[26432 26732]
[26733 26764]
[26765 26786]
[26787 26886]
[26887 26972]
[26973 27044]
[27045 27117]
[27118 27176]
[27177 27335]
[27336 27363]
[27364 27407]
[27408 27479]
[27480 27540]
[27541 27548]
[27549 27632]
[27633 27705]
[27706 27762]
[27763 28066]
[28067 28165]
[28166 28247]
[28248 28408]
[28409 28559]
[28560 28650]
[28651 28696]
[28697 28773]
[28774 28865]
[28866 28954]
[28955 29025]
[29026 29131]
[29132 29246]
[29247 29311]
[29312 29488]
[29489 29612]
[29613 29645]
[29646 29924]
[29925 29997]
[29998 30027]
[30028 30074]
[30075 30122]
[30123 30176]
[30177 30236]
[30237 30283]
[30284 30427]
[30428 30514]
[30515 31074]
[31076 31160]
