[0 9]
[ 10 262]
[263 324]
[325 361]
[362 398]
[399 429]
[430 452]
[453 480]
[481 534]
[535 577]
[578 623]
[624 700]
[701 754]
[755 814]
[815 908]
[ 909 1302]
[1303 1336]
[1337 1373]
[1374 1406]
[1407 1444]
[1445 1474]
[1475 1495]
[1496 1539]
[1540 1583]
[1584 1677]
[1678 1806]
[1807 1942]
[1943 1986]
[1987 2007]
[2008 2079]
[2080 2133]
[2134 2249]
[2250 2343]
[2344 2427]
[2428 2463]
[2464 2559]
[2560 2628]
[2629 2717]
[2718 2775]
[2776 3416]
[3417 3474]
[3475 3521]
[3522 3579]
[3580 3696]
[3697 3800]
[3801 3857]
[3858 3898]
[3899 3958]
[3959 4055]
[4056 4098]
[4100 4172]
[4173 4220]
[4221 4277]
[4278 4329]
[4330 4578]
[4579 4633]
[4634 4706]
[4707 4785]
[4786 4879]
[4880 4940]
[4941 5393]
[5394 5539]
[5540 5589]
[5590 5664]
[5665 5739]
[5740 5813]
[5814 5886]
[5887 5931]
[5932 6047]
[6048 6119]
[6120 6154]
[6155 6220]
[6221 6273]
[6274 6380]
[6381 6455]
[6456 6540]
[6541 6574]
[6575 6691]
[6692 6726]
[6727 6821]
[6822 6946]
[6947 7039]
[7040 7453]
[7454 7526]
[7527 7574]
[7575 7604]
[7605 7652]
[7653 7694]
[7695 7748]
[7749 7791]
[7792 7849]
[7850 7911]
[7912 7956]
[7957 8022]
[8023 8076]
[8077 8111]
[8112 8174]
[8175 8206]
[8207 8247]
[8248 8330]
[8331 8392]
[8393 8457]
[8458 8528]
[8529 8555]
[8556 8596]
[8597 8787]
[8788 8866]
[8867 8935]
[8936 9064]
[9065 9624]
[9625 9708]
[9709 9748]
[9749 9791]
[9792 9830]
[9831 9910]
[ 9911 10001]
[10002 10032]
[10033 10240]
[10241 10310]
[10311 10342]
[10343 10473]
[10474 10520]
[10521 10594]
[10595 10653]
[10654 10693]
[10694 10757]
[10758 10831]
[10832 10885]
[10886 10926]
[10927 10960]
[10961 10990]
[10991 11059]
[11060 11083]
[11084 11178]
[11179 11215]
[11216 11244]
[11245 11304]
[11305 11359]
[11360 11664]
[11665 11711]
[11712 11753]
[11754 11780]
[11781 11841]
[11842 11897]
[11898 11945]
[11946 11983]
[11984 12176]
[12177 12370]
[12371 12427]
[12428 12488]
[12489 12529]
[12530 12556]
[12557 12587]
[12588 12630]
[12631 12666]
[12667 12927]
[12929 13008]
[13009 13134]
[13135 13165]
[13166 13241]
[13242 13294]
[13295 13346]
[13347 13550]
[13551 13628]
[13629 13763]
[13764 13888]
[13889 14015]
[14016 14133]
[14134 14228]
[14229 14351]
[14352 14433]
[14434 14641]
[14642 14737]
[14738 14768]
[14769 14854]
[14855 14921]
[14922 14952]
[14953 15031]
[15032 15107]
[15108 15204]
[15205 15237]
[15238 15313]
[15314 15344]
[15345 15425]
[15426 15489]
[15490 15554]
[15555 15579]
[15580 15644]
[15645 15847]
[15848 15930]
[15931 16051]
[16052 16402]
[16403 16498]
[16499 16579]
[16580 16729]
[16730 16888]
[16889 16981]
[16982 17082]
[17083 17200]
[17201 17325]
[17326 17420]
[17421 17526]
[17527 17563]
[17564 17601]
[17602 17767]
[17768 17810]
[17811 17873]
[17874 17949]
[17950 18010]
[18011 18075]
[18076 18133]
[18134 18193]
[18194 18248]
[18249 18290]
[18291 18349]
[18350 18436]
[18437 18494]
[18495 18583]
[18584 18650]
[18651 18747]
[18748 18853]
[18854 18935]
[18936 18974]
[18975 19025]
[19026 19144]
[19145 19211]
[19212 19281]
[19282 19338]
[19339 19387]
[19388 19695]
[19696 19741]
[19742 19796]
[19797 19917]
[19918 19983]
[19984 20076]
[20077 20201]
[20202 20399]
[20400 20447]
[20448 20509]
[20510 20553]
[20554 20607]
[20608 20655]
[20656 20730]
[20731 20767]
[20768 20820]
[20821 20875]
[20876 20977]
[20978 21372]
[21373 21456]
[21457 21526]
[21527 21582]
[21583 21755]
[21756 21847]
[21848 21977]
[21978 22043]
[22044 22119]
[22120 22176]
[22177 22249]
[22250 22306]
[22307 22355]
[22356 22415]
[22416 22477]
[22478 22526]
[22527 22577]
[22578 22648]
[22649 22998]
[22999 23175]
[23176 23248]
[23249 23330]
[23331 23493]
[23494 23570]
[23571 23903]
[23904 24013]
[24014 24133]
[24134 24292]
[24293 24389]
[24390 24638]
[24639 25067]
[25068 25175]
[25176 25243]
[25244 25457]
[25458 25847]
[25848 26027]
[26028 26071]
[26072 26173]
[26174 26296]
[26297 26325]
[26326 26550]
[26551 26589]
[26590 26711]
[26712 26772]
[26773 26854]
[26855 26984]
[26985 27130]
[27131 27294]
[27295 27343]
[27344 27619]
[27620 27675]
[27676 27715]
[27716 27752]
[27753 27789]
[27790 27866]
[27867 27928]
[27929 27978]
[27979 28046]
[28047 28135]
[28136 28179]
[28180 28227]
[28228 28288]
[28289 28428]
[28429 28489]
[28490 28540]
[28541 28605]
[28606 28658]
[28659 28709]
[28710 28750]
[28751 29097]
[29098 29198]
