[ 0 29]
[ 30 510]
[511 568]
[569 600]
[601 629]
[630 661]
[662 695]
[696 725]
[726 755]
[756 788]
[789 819]
[820 852]
[853 883]
[884 914]
[915 944]
[945 977]
[ 978 1043]
[1044 1074]
[1075 1150]
[1151 1660]
[1661 1721]
[1722 1758]
[1759 1800]
[1801 1846]
[1847 1868]
[1869 1903]
[1904 1952]
[1953 2001]
[2002 2089]
[2090 2153]
[2154 2229]
[2230 2359]
[2360 2386]
[2387 2433]
[2434 2525]
[2526 2606]
[2607 2681]
[2682 2729]
[2730 2826]
[2827 3534]
[3535 3562]
[3563 3603]
[3604 3650]
[3651 3696]
[3697 3735]
[3736 3840]
[3841 3886]
[3887 3933]
[3934 3965]
[3966 4001]
[4002 4038]
[4039 4082]
[4083 4123]
[4124 4166]
[4167 4216]
[4217 4264]
[4265 4301]
[4302 4420]
[4421 4461]
[4462 4523]
[4524 4558]
[4559 4745]
[4746 4798]
[4799 4848]
[4849 4894]
[4895 4934]
[4935 4971]
[4972 5008]
[5009 5037]
[5038 5381]
[5382 5410]
[5411 5436]
[5437 5468]
[5469 5484]
[5485 5509]
[5510 5529]
[5530 5570]
[5571 5609]
[5610 5626]
[5627 5662]
[5663 5875]
[5876 5938]
[5939 5983]
[5984 6042]
[6043 6068]
[6069 6238]
[6239 6310]
[6311 6334]
[6335 6413]
[6414 6461]
[6462 6676]
[6677 6712]
[6713 6747]
[6748 6763]
[6764 6798]
[6799 6836]
[6837 6873]
[6874 6910]
[6911 7290]
[7291 7387]
[7388 7424]
[7425 7463]
[7464 7500]
[7501 7552]
[7553 7602]
[7603 7702]
[7703 7794]
[7795 7836]
[7837 7881]
[7882 7924]
[7925 7962]
[7963 8072]
[8073 8144]
[8145 8187]
[8188 8292]
[8293 8329]
[8330 8404]
[8405 8498]
[8499 8550]
[8551 8598]
[8599 8737]
[8738 8816]
[8817 8883]
[8884 9351]
[9352 9878]
[9879 9931]
[ 9932 10070]
[10071 10104]
[10105 10232]
[10233 10249]
[10250 10361]
[10362 10379]
[10380 10442]
[10443 10519]
[10520 10591]
[10592 10918]
[10919 11007]
[11008 11197]
[11198 11263]
[11264 11307]
[11308 11353]
[11354 11399]
[11400 11443]
[11444 11485]
[11486 11527]
[11528 11569]
[11570 11611]
[11612 11702]
[11703 12086]
[12087 12327]
[12328 12348]
[12349 12402]
[12403 12435]
[12436 12470]
[12471 12619]
[12620 12649]
[12650 12762]
[12763 12849]
[12850 12873]
[12874 12983]
[12984 13042]
[13043 13088]
[13089 13220]
[13221 13258]
[13259 13314]
[13315 13834]
[13835 13886]
[13887 13919]
[13920 13983]
[13984 14055]
[14056 14133]
[14134 14204]
[14205 14253]
[14254 14397]
[14398 14482]
[14483 14571]
[14572 14630]
[14631 14654]
[14655 15020]
[15021 15080]
[15081 15287]
[15288 15486]
[15487 15534]
[15535 15673]
[15674 16022]
[16023 16089]
[16090 16160]
[16161 16196]
[16197 16242]
[16243 16291]
[16292 16331]
[16332 16485]
[16486 16535]
[16536 16576]
[16577 16615]
[16616 16654]
[16655 16757]
[16758 16787]
[16788 16816]
[16817 16855]
[16856 16889]
[16890 16924]
[16925 16978]
[16979 17050]
[17051 17261]
[17262 17296]
[17297 17333]
[17334 17359]
[17360 17410]
[17411 17449]
[17450 17490]
[17491 17768]
[17769 17817]
[17818 17875]
[17876 17930]
[17931 17985]
[17986 18039]
[18040 18098]
[18099 18110]
[18111 18171]
[18172 18218]
[18219 18277]
[18278 18305]
[18306 18326]
[18327 18379]
[18380 18472]
[18473 18488]
[18489 18531]
[18532 18596]
[18597 18638]
[18639 18674]
[18675 18746]
[18747 18815]
[18816 18842]
[18843 18974]
[18975 19111]
[19112 19195]
[19196 19234]
[19235 19303]
[19304 19363]
[19364 19429]
[19430 19498]
[19499 19510]
[19511 19574]
[19575 19664]
[19665 19710]
[19711 19754]
[19755 19796]
[19797 19838]
[19839 19867]
[19868 19896]
[19897 19930]
[19931 20016]
[20017 20533]
[20534 20706]
[20707 20769]
[20770 20822]
[20823 20877]
[20878 20936]
[20937 21014]
[21015 21076]
[21077 21124]
[21125 21180]
[21181 21252]
[21253 21368]
[21369 21404]
[21405 21480]
[21481 21560]
[21561 21611]
[21612 21711]
[21712 21756]
[21757 21808]
[21809 21847]
[21848 21893]
[21894 21938]
[21939 21983]
[21984 22025]
[22026 22086]
[22087 22120]
[22121 22153]
[22154 22205]
[22206 22263]
[22264 22308]
[22309 22359]
[22360 22422]
[22423 22499]
[22500 22763]
[22764 23193]
[23194 23213]
[23214 23265]
[23266 23364]
[23365 23510]
[23511 23580]
[23581 23697]
[23698 23828]
[23829 23848]
[23849 24022]
[24023 24074]
[24075 24169]
[24170 24330]
[24331 24391]
[24392 24442]
[24443 24546]
[24547 24591]
[24592 24685]
[24686 25033]
[25034 25102]
[25103 25198]
[25199 25274]
[25275 25308]
[25309 25381]
[25382 25438]
[25439 25453]
[25454 25526]
[25527 25568]
[25569 25635]
[25636 25743]
[25744 25782]
[25783 25835]
[25836 25894]
[25895 25993]
[25994 26105]
[26106 26133]
[26134 26180]
[26181 26236]
[26237 26276]
[26277 26358]
[26359 26421]
[26422 26546]
[26547 26734]
[26735 26786]
[26787 26827]
[26828 26869]
[26870 26916]
[26917 26944]
[26945 26971]
[26972 26994]
[26995 27017]
[27018 27032]
[27033 27060]
[27061 27103]
[27104 27137]
[27138 27179]
[27180 27224]
[27225 27264]
[27265 27316]
[27317 27597]
[27598 27696]
[27697 27737]
[27738 27788]
[27789 27852]
[27853 27922]
[27923 27934]
[27935 27980]
[27981 28058]
[28059 28363]
[28364 28445]
[28446 28499]
[28500 28546]
[28547 28645]
[28646 28738]
[28739 28934]
[28935 28983]
[28984 29039]
[29040 29090]
[29091 29152]
[29153 29284]
[29285 29452]
[29453 29511]
[29512 29547]
[29548 29582]
[29583 29611]
[29612 29697]
[29698 29753]
[29754 29793]
[29794 29835]
[29836 29963]
[29964 29987]
[29988 30049]
[30050 30141]
[30142 30222]
[30223 30262]
[30263 30296]
[30297 30320]
[30321 30405]
[30406 30450]
[30451 30504]
[30505 30526]
[30527 30549]
[30550 30590]
[30591 30932]
[30933 31119]
[31120 31162]
[31163 31213]
[31214 31272]
[31273 31310]
[31311 31367]
[31368 31660]
[31661 31778]
[31779 31874]
[31875 31935]
[31936 31978]
[31979 32024]
[32025 32092]
[32093 32138]
[32139 32317]
[32318 32415]
[32416 32507]
[32508 32554]
[32555 32641]
[32642 32782]
[32783 32838]
[32839 32921]
[32922 32959]
[32960 33060]
[33061 33282]
[33283 33313]
[33314 33339]
[33340 33391]
[33392 33482]
[33483 33579]
[33580 33718]
[33719 34367]
[34368 34465]
