[ 0 36]
[ 37 345]
[346 381]
[382 411]
[412 439]
[440 472]
[473 503]
[504 532]
[533 566]
[567 596]
[597 632]
[633 663]
[664 694]
[695 716]
[717 761]
[ 762 1241]
[1242 1303]
[1304 1362]
[1363 1413]
[1414 1452]
[1453 1496]
[1497 1724]
[1725 1862]
[1863 1907]
[1908 1957]
[1958 2010]
[2011 2064]
[2065 2120]
[2121 2168]
[2169 2212]
[2213 2402]
[2403 2455]
[2456 2522]
[2523 2707]
[2708 3134]
[3135 3178]
[3179 3224]
[3225 3293]
[3294 3365]
[3366 3443]
[3444 3523]
[3524 3584]
[3585 3649]
[3650 3726]
[3727 3820]
[3821 4020]
[4021 4208]
[4209 4298]
[4299 4348]
[4349 4407]
[4408 4467]
[4468 4516]
[4517 4573]
[4574 4659]
[4661 5032]
[5034 5128]
[5129 5232]
[5233 5341]
[5342 5500]
[5501 5625]
[5626 5691]
[5692 5757]
[5758 5826]
[5827 5895]
[5896 5951]
[5952 6008]
[6009 6060]
[6061 6110]
[6111 6153]
[6154 6635]
[6636 6701]
[6702 6779]
[6780 6847]
[6848 6964]
[6965 7033]
[7034 7115]
[7116 7199]
[7200 7268]
[7269 7320]
[7321 7401]
[7402 7489]
[7490 7564]
[7565 7654]
[7655 7731]
[7732 7803]
[7804 7883]
[7884 7929]
[7930 7981]
[7982 8035]
[8036 8090]
[8091 8147]
[8148 8192]
[8193 8583]
[8584 8676]
[8677 8748]
[8749 8799]
[8800 8847]
[8848 8907]
[8908 8979]
[8980 9039]
[9040 9083]
[9084 9124]
[9125 9167]
[9168 9207]
[9208 9274]
[9275 9327]
[9328 9380]
[9381 9409]
[9410 9853]
[9854 9934]
[ 9935 10218]
[10219 10374]
[10375 10444]
[10445 10486]
[10487 10559]
[10560 10644]
[10645 10724]
[10725 10758]
[10759 10924]
[10925 11073]
[11074 11412]
[11413 11520]
[11521 11564]
[11565 11631]
[11632 11730]
[11731 11808]
[11809 11899]
[11900 11995]
[11996 12087]
[12088 12194]
[12195 12546]
[12547 12639]
[12640 12711]
[12712 12766]
[12767 12776]
[12777 12847]
[12848 13063]
[13064 13131]
[13132 13204]
[13205 13243]
[13244 13376]
[13377 13445]
[13446 13493]
[13494 13792]
[13793 13838]
[13839 13907]
[13908 13953]
[13954 14000]
[14001 14030]
[14031 14077]
[14078 14113]
[14114 14222]
[14223 14277]
[14278 14325]
[14326 14362]
[14363 14402]
[14403 14470]
[14471 14517]
[14518 14570]
[14571 14661]
[14662 15094]
[15095 15155]
[15156 15203]
[15204 15340]
[15341 15395]
[15396 15453]
[15454 15505]
[15506 15587]
[15588 15650]
[15651 15772]
[15773 15879]
[15880 15914]
[15915 15960]
[15961 16279]
[16280 16293]
[16294 16406]
[16407 16469]
[16470 16522]
[16523 16586]
[16587 16660]
[16661 16728]
[16729 16803]
[16804 16869]
[16870 17069]
[17070 17251]
[17252 17292]
[17293 17333]
[17334 17508]
[17509 17561]
[17562 17617]
[17618 17668]
[17669 17719]
[17720 17986]
[17987 18112]
[18113 18238]
[18239 18311]
[18312 18390]
[18391 18472]
[18473 18560]
[18561 18637]
[18638 18728]
[18729 18842]
[18843 18940]
[18941 19025]
[19026 19122]
[19123 19191]
[19192 19273]
[19274 19569]
[19570 19599]
[19600 19668]
[19669 19731]
[19732 19790]
[19791 19877]
[19878 20071]
[20072 20165]
[20166 20212]
[20213 20265]
[20266 20319]
[20320 20374]
[20375 20387]
[20388 20707]
[20708 20806]
[20807 20906]
[20907 20989]
[20990 21033]
[21034 21119]
[21120 21239]
[21240 21361]
[21362 21440]
[21441 21524]
[21525 21605]
[21606 21829]
[21830 21970]
[21971 22025]
[22026 22066]
[22067 22136]
[22137 22211]
[22212 22264]
[22265 22309]
[22310 22372]
[22373 22445]
[22446 22503]
[22504 22539]
[22540 22590]
[22591 22618]
[22619 22741]
[22742 22823]
[22824 22920]
[22921 22962]
[22963 23037]
[23038 23096]
[23097 23163]
[23164 23233]
[23234 23272]
[23273 23303]
[23304 23645]
[23646 23755]
