[ 0 17]
[ 18 284]
[285 338]
[339 379]
[380 422]
[423 503]
[504 541]
[542 631]
[632 668]
[669 760]
[761 811]
[812 910]
[ 911 1338]
[1339 1391]
[1392 1438]
[1439 1511]
[1512 1573]
[1574 1622]
[1623 1692]
[1693 1730]
[1731 1825]
[1826 1878]
[1879 1947]
[1948 2039]
[2040 2064]
[2065 2104]
[2105 2225]
[2226 2257]
[2258 2299]
[2300 2330]
[2331 2356]
[2357 2421]
[2422 2652]
[2653 2705]
[2706 2734]
[2735 2772]
[2773 2826]
[2828 3220]
[3221 3502]
[3503 3645]
[3646 3840]
[3841 3983]
[3984 4223]
[4224 4394]
[4395 4914]
[4915 4951]
[4952 5004]
[5005 5055]
[5056 5082]
[5083 5123]
[5124 5172]
[5173 5246]
[5247 5286]
[5287 5344]
[5345 5379]
[5380 5507]
[5508 5548]
[5549 5580]
[5581 5611]
[5612 5686]
[5687 5946]
[5947 5990]
[5991 6028]
[6029 6137]
[6138 6212]
[6213 6231]
[6232 6273]
[6274 6330]
[6331 6418]
[6419 6500]
[6501 6590]
[6591 6680]
[6681 6724]
[6725 6760]
[6761 6795]
[6796 6866]
[6867 6939]
[6940 7001]
[7002 7075]
[7076 7109]
[7110 7156]
[7157 7625]
[7626 7710]
[7711 7775]
[7776 7849]
[7850 7893]
[7894 7949]
[7950 8007]
[8008 8101]
[8102 8155]
[8156 8256]
[8257 8354]
[8355 8417]
[8418 8481]
[8482 8573]
[8574 8692]
[8693 8783]
[8784 8876]
[8877 8989]
[8990 9100]
[9101 9212]
[9213 9513]
[9514 9536]
[9537 9575]
[9576 9636]
[9637 9712]
[9713 9766]
[9767 9818]
[9820 9873]
[9874 9898]
[9899 9960]
[ 9961 10005]
[10006 10085]
[10086 10146]
[10147 10270]
[10271 10338]
[10339 10383]
[10384 10428]
[10429 10536]
[10537 10566]
[10567 10674]
[10675 10774]
[10775 10816]
[10817 10847]
[10848 10973]
[10974 11016]
[11017 11460]
[11461 11518]
[11519 11564]
[11565 11639]
[11640 11683]
[11684 11721]
[11722 11801]
[11802 11934]
[11935 11941]
[11942 11985]
[11986 12016]
[12017 12068]
[12069 12272]
[12273 12331]
[12332 12357]
[12358 12399]
[12400 12438]
[12439 12475]
[12476 12636]
[12637 12649]
[12650 12724]
[12725 12792]
[12793 12862]
[12863 12919]
[12920 12956]
[12957 12968]
[12969 13008]
[13009 13261]
[13262 13335]
[13336 13387]
[13388 13473]
[13474 13616]
[13617 13699]
[13700 13940]
[13941 14002]
[14003 14438]
[14439 14701]
[14702 14875]
[14876 14967]
[14968 15020]
[15021 15056]
[15057 15096]
[15097 15364]
[15365 15485]
[15486 15609]
[15610 15732]
[15733 15838]
[15839 15909]
[15910 16193]
[16194 16621]
[16622 16733]
[16734 16782]
[16783 16844]
[16845 16908]
[16909 17021]
[17022 17084]
[17085 17175]
[17176 17220]
[17221 17305]
[17306 17351]
[17352 17385]
[17386 17659]
[17660 17851]
[17852 17883]
[17884 18124]
[18125 18187]
[18188 18280]
[18281 18401]
[18402 18567]
[18568 18625]
[18626 18672]
[18673 18747]
[18748 18822]
[18823 18867]
[18868 18905]
[18906 19010]
[19011 19372]
[19373 19443]
[19444 19489]
[19490 19567]
[19568 19618]
[19619 19688]
[19689 19764]
[19765 19800]
[19801 19880]
[19881 19906]
[19907 19976]
[19977 20033]
[20034 20096]
[20097 20289]
[20290 20347]
[20348 20413]
[20414 20497]
[20498 20606]
[20607 20706]
[20707 20808]
[20809 20898]
[20899 21167]
[21168 21231]
[21232 21306]
[21307 21397]
[21398 21450]
[21451 21538]
[21539 21594]
[21595 21693]
[21694 21740]
[21741 21810]
[21811 21909]
[21910 21949]
[21950 21990]
[21991 22063]
[22064 22109]
[22110 22173]
[22174 22206]
[22207 22505]
[22506 22854]
[22855 23003]
[23004 23150]
[23151 23258]
[23259 23538]
[23539 23937]
[23938 24047]
[24048 24092]
[24093 24144]
[24145 24341]
[24342 24389]
[24390 24433]
[24434 24476]
[24477 24533]
[24534 24586]
[24587 24635]
[24636 24662]
[24663 24722]
[24723 24771]
[24772 24839]
[24840 24889]
[24890 24940]
[24941 24983]
[24984 25032]
[25033 25063]
[25064 25371]
[25372 25452]
