[ 0 20]
[ 21 478]
[479 531]
[532 658]
[659 696]
[697 734]
[735 823]
[824 862]
[863 891]
[892 949]
[ 950 1219]
[1220 2504]
[2505 2879]
[2880 2967]
[2968 3021]
[3022 3062]
[3063 3103]
[3104 3170]
[3171 3231]
[3232 3277]
[3278 3304]
[3305 3330]
[3331 3361]
[3362 3398]
[3399 3488]
[3489 3545]
[3546 3612]
[3613 3642]
[3643 3781]
[3782 3809]
[3810 3876]
[3877 3902]
[3903 3921]
[3922 3993]
[3994 4049]
[4050 4159]
[4160 4271]
[4272 4572]
[4573 4619]
[4620 4695]
[4696 4738]
[4739 4789]
[4790 4838]
[4839 4886]
[4887 4943]
[4944 5003]
[5004 5044]
[5045 5091]
[5092 5154]
[5155 5255]
[5256 5320]
[5321 5362]
[5363 5409]
[5410 5454]
[5455 5514]
[5515 5581]
[5582 5621]
[5622 5660]
[5661 5693]
[5694 5743]
[5744 5777]
[5778 5870]
[5871 5907]
[5908 5953]
[5954 6001]
[6002 6036]
[6037 6682]
[6683 6737]
[6738 6781]
[6782 6838]
[6839 6886]
[6887 6935]
[6936 6984]
[6985 7075]
[7076 7124]
[7125 7241]
[7242 7312]
[7313 7356]
[7357 7399]
[7400 7450]
[7451 7591]
[7592 7639]
[7640 7686]
[7687 7782]
[7783 8166]
[8167 8223]
[8224 8264]
[8265 8290]
[8291 8350]
[8351 8594]
[8595 8650]
[8651 8744]
[8745 8806]
[8807 8851]
[8852 8917]
[8918 8972]
[8973 9020]
[9021 9088]
[9089 9344]
[9345 9414]
[9415 9467]
[9468 9520]
[9521 9580]
[9581 9630]
[9631 9731]
[9732 9800]
[9801 9864]
[9865 9923]
[9924 9987]
[ 9988 10042]
[10043 10106]
[10107 10186]
[10187 10247]
[10248 10302]
[10303 10581]
[10582 10703]
[10704 10878]
[10879 10968]
[10969 11042]
[11043 11065]
[11066 11085]
[11086 11188]
[11189 11291]
[11292 11414]
[11415 11468]
[11469 11569]
[11570 11612]
[11613 11713]
[11714 12115]
[12116 12180]
[12181 12223]
[12224 12265]
[12266 12305]
[12306 12369]
[12370 12405]
[12406 12448]
[12449 12514]
[12515 12570]
[12571 12620]
[12621 12645]
[12646 12670]
[12671 12696]
[12697 12730]
[12731 12777]
[12778 12954]
[12955 13123]
[13124 13280]
[13281 13477]
[13478 13520]
[13521 13839]
[13840 13917]
[13918 13957]
[13958 14021]
[14022 14116]
[14117 14191]
[14192 14245]
[14246 14287]
[14288 14392]
[14393 14453]
[14454 14556]
[14557 14601]
[14602 14657]
[14658 14693]
[14694 14744]
[14745 14829]
[14830 14876]
[14877 15167]
[15168 15237]
[15238 15260]
[15261 15296]
[15297 15320]
[15321 15357]
[15358 15360]
[15361 15394]
[15395 15431]
[15432 15446]
[15447 15496]
[15497 15527]
[15528 15605]
[15606 15936]
[15937 15978]
[15979 16011]
[16012 16054]
[16055 16102]
[16103 16148]
[16149 16193]
[16194 16238]
[16239 16281]
[16282 16323]
[16324 16369]
[16370 16397]
[16398 16470]
[16471 16515]
[16516 16612]
[16613 16677]
[16678 16710]
[16711 16738]
[16739 16835]
[16836 16929]
[16930 16960]
[16961 17005]
[17006 17038]
[17039 17088]
[17089 17141]
[17142 17172]
[17173 17466]
[17467 17497]
[17498 17548]
[17549 17595]
[17596 17647]
[17648 17697]
[17698 17752]
[17753 17770]
[17771 17804]
[17805 17821]
[17822 17839]
[17840 17874]
[17875 17916]
[17917 17952]
[17953 17991]
[17992 18026]
[18027 18080]
[18081 18216]
[18217 18257]
[18258 18311]
[18312 18352]
[18353 18468]
[18469 18595]
[18596 18713]
[18714 18757]
[18758 18822]
[18823 19369]
[19370 19550]
[19551 19618]
[19619 19786]
[19787 20096]
[20097 20178]
[20179 20245]
[20246 20354]
[20355 20418]
[20419 20466]
[20467 20863]
[20865 20929]
