[ 0 30]
[ 31 580]
[581 639]
[640 690]
[691 730]
[732 766]
[767 828]
[829 863]
[864 891]
[892 985]
[ 986 1013]
[1014 1067]
[1068 1519]
[1521 1858]
[1859 2035]
[2036 2197]
[2198 2322]
[2323 2447]
[2448 2582]
[2583 2675]
[2676 2767]
[2768 2990]
[2991 3453]
[3455 3631]
[3632 3702]
[3703 3761]
[3762 3842]
[3843 3957]
[3958 4017]
[4018 4109]
[4110 4208]
[4209 4316]
[4317 4390]
[4391 4868]
[4869 4889]
[4890 4939]
[4940 4984]
[4985 5029]
[5030 5077]
[5078 5129]
[5130 5242]
[5243 5315]
[5316 5382]
[5383 5461]
[5462 5489]
[5490 6014]
[6015 6115]
[6116 6167]
[6168 6235]
[6236 6324]
[6325 6385]
[6386 6452]
[6453 6524]
[6525 6613]
[6614 6667]
[6668 6749]
[6750 6843]
[6844 6910]
[6911 6980]
[6981 7076]
[7077 7160]
[7161 7219]
[7220 7370]
[7371 7600]
[7601 7650]
[7651 7704]
[7705 7745]
[7746 7801]
[7802 7873]
[7874 7940]
[7941 8008]
[8009 8052]
[8053 8113]
[8114 8172]
[8173 8240]
[8241 8296]
[8297 8357]
[8358 8415]
[8416 8481]
[8482 8557]
[8558 8640]
[8641 8666]
[8667 8713]
[8714 8770]
[8771 9091]
[9092 9239]
[9240 9363]
[9364 9504]
[9505 9629]
[9630 9853]
[ 9854 10041]
[10042 10097]
[10098 10166]
[10167 10226]
[10227 10279]
[10280 10324]
[10325 10331]
[10332 10400]
[10401 10538]
[10539 10842]
[10843 11970]
[11971 12177]
[12178 12270]
[12271 12395]
[12396 13064]
[13065 13164]
[13165 13571]
[13572 13851]
[13852 14189]
[14190 14299]
[14300 14581]
[14582 14698]
[14699 15031]
[15032 15304]
[15305 15408]
[15409 15451]
[15452 15498]
[15499 15561]
[15562 15615]
[15616 15670]
[15671 15696]
[15697 15734]
[15735 15894]
[15895 16285]
[16286 16333]
[16334 16392]
[16393 16495]
[16496 16589]
[16590 16747]
[16748 16868]
[16869 16914]
[16915 16974]
[16975 17052]
[17053 17111]
[17112 17195]
[17196 17261]
[17262 17345]
[17346 17436]
[17437 17463]
[17464 17491]
[17492 17532]
[17533 17566]
[17567 17675]
[17676 17755]
[17756 18017]
[18018 18374]
[18375 18422]
[18423 18446]
[18447 18497]
[18498 18526]
[18527 18542]
[18543 18611]
[18612 18654]
[18655 18709]
[18710 18779]
[18780 18834]
[18835 18890]
[18891 18926]
[18927 18985]
[18986 19010]
[19011 19062]
[19063 19109]
[19110 19122]
[19123 19523]
[19524 19544]
[19545 19605]
[19606 19626]
[19627 19681]
[19682 19764]
[19765 19825]
[19826 19894]
[19895 19947]
[19948 20005]
[20006 20074]
[20075 20130]
[20131 20168]
[20169 20265]
[20266 20690]
[20691 20805]
[20806 20889]
[20890 20992]
[20993 21109]
[21110 21146]
[21147 21249]
[21250 21368]
[21369 22019]
[22020 22225]
[22226 22271]
[22272 22533]
[22534 22597]
[22598 22752]
[22753 22819]
[22820 22904]
[22905 22967]
[22968 23027]
[23028 23087]
[23088 23142]
[23143 23241]
[23242 23305]
[23306 23359]
[23360 23716]
[23717 23747]
[23748 23779]
[23780 23858]
[23859 23899]
[23900 23927]
[23928 23958]
[23959 23998]
[23999 24032]
[24033 24072]
[24073 24152]
[24153 24191]
[24192 24227]
[24228 24249]
[24250 24255]
[24256 24298]
[24299 24353]
[24354 24399]
[24400 24441]
[24442 24479]
[24480 24486]
[24487 24494]
[24495 24525]
[24526 24557]
[24558 24597]
[24598 24631]
[24632 24730]
[24731 24751]
[24752 24796]
[24797 25270]
[25271 25396]
[25397 25536]
[25537 25650]
[25651 25704]
[25705 25834]
[25835 25924]
[25925 25984]
[25985 26044]
[26045 26114]
[26115 26198]
[26199 26270]
[26271 26320]
[26321 26420]
[26421 26510]
[26511 26628]
[26629 26724]
[26725 27122]
[27123 27339]
[27340 27465]
[27466 27514]
[27515 27568]
[27569 27616]
[27617 27699]
[27700 27720]
[27721 27751]
[27752 27808]
[27809 27864]
[27865 27904]
[27905 27939]
[27940 27980]
[27981 28020]
[28021 28024]
[28025 28056]
[28057 28142]
[28143 28209]
[28210 28425]
[28426 28463]
[28464 28635]
[28636 28707]
[28708 28775]
[28776 28806]
[28807 28843]
[28844 28944]
[28945 29000]
[29001 29053]
[29054 29173]
[29174 29294]
[29295 29419]
[29420 29465]
[29466 29511]
[29512 29610]
[29611 29706]
[29707 29753]
[29754 29810]
[29811 29861]
[29862 29910]
[29911 29928]
[29929 29981]
[29982 30495]
[30496 30583]
