[ 0 38]
[ 39 329]
[330 382]
[383 425]
[426 452]
[453 482]
[483 509]
[510 547]
[548 592]
[593 633]
[634 685]
[686 716]
[717 751]
[752 807]
[ 808 1429]
[1430 1489]
[1490 1538]
[1539 1599]
[1600 1653]
[1654 1712]
[1713 1761]
[1762 1808]
[1809 1885]
[1886 1930]
[1931 1955]
[1956 1989]
[1990 2008]
[2009 2121]
[2122 2163]
[2164 2196]
[2197 2239]
[2240 2280]
[2281 2312]
[2313 2404]
[2405 2453]
[2454 2515]
[2516 2543]
[2544 2572]
[2573 2613]
[2614 2657]
[2658 2736]
[2737 2803]
[2804 2876]
[2877 3364]
[3365 3525]
[3526 3594]
[3595 3648]
[3649 3741]
[3742 3797]
[3798 3874]
[3875 3925]
[3926 3982]
[3983 4162]
[4163 4295]
[4296 4390]
[4391 4415]
[4416 4470]
[4471 4527]
[4528 4568]
[4569 4612]
[4613 4682]
[4683 4785]
[4786 4869]
[4870 5256]
[5258 5307]
[5308 5355]
[5356 5400]
[5401 5427]
[5428 5529]
[5530 5592]
[5593 5635]
[5636 5674]
[5675 5721]
[5722 5772]
[5773 5816]
[5817 5878]
[5879 5934]
[5935 5960]
[5961 6006]
[6007 6069]
[6070 6111]
[6112 6151]
[6152 6214]
[6215 6259]
[6260 6318]
[6319 6376]
[6377 6437]
[6438 6500]
[6501 6555]
[6556 6584]
[6585 6688]
[6689 6722]
[6723 6750]
[6751 6788]
[6789 6830]
[6831 6864]
[6865 6913]
[6914 7431]
[7432 7486]
[7487 7536]
[7537 7588]
[7589 7640]
[7641 7731]
[7732 7837]
[7838 7933]
[7934 7979]
[7980 8066]
[8067 8114]
[8115 8434]
[8435 8494]
[8495 8569]
[8570 8676]
[8677 8808]
[8809 9116]
[9117 9255]
[9257 9361]
[9362 9395]
[9396 9439]
[9440 9480]
[9481 9532]
[9533 9627]
[9628 9669]
[9670 9736]
[9737 9770]
[9771 9813]
[9814 9844]
[9845 9910]
[9911 9946]
[9947 9992]
[ 9993 10048]
[10049 10097]
[10098 10134]
[10135 10185]
[10186 10231]
[10232 10326]
[10327 10377]
[10378 10414]
[10415 10533]
[10534 10669]
[10670 10709]
[10710 10751]
[10752 10791]
[10792 10909]
[10910 10991]
[10992 11031]
[11032 11089]
[11090 11233]
[11234 11357]
[11358 11593]
[11594 11807]
[11808 11908]
[11909 12027]
[12028 12108]
[12109 12291]
[12292 12370]
[12371 12458]
[12459 12572]
[12573 12920]
[12921 13675]
[13676 13779]
[13780 14159]
[14160 14232]
[14233 14325]
[14326 14447]
[14448 14546]
[14547 14645]
[14646 14739]
[14740 14807]
[14808 14885]
[14886 15150]
[15151 15267]
[15268 15410]
[15411 15616]
[15617 15874]
[15875 15968]
[15969 16034]
[16035 16118]
[16119 16194]
[16195 16263]
[16264 16292]
[16293 16343]
[16344 16391]
[16392 16419]
[16420 16443]
[16444 16506]
[16507 16555]
[16556 16629]
[16630 16701]
[16702 17132]
[17133 17186]
[17187 17281]
[17282 17340]
[17341 17372]
[17373 17499]
[17500 17590]
[17591 17627]
[17628 17661]
[17662 17707]
[17708 17758]
[17759 17831]
[17832 17869]
[17870 17937]
[17938 18311]
[18313 18361]
[18362 18412]
[18413 18528]
[18529 18634]
[18635 18674]
[18675 18699]
[18700 18723]
[18724 18764]
[18765 18807]
[18808 18853]
[18854 18901]
[18902 18947]
[18948 18992]
[18993 19037]
[19038 19080]
[19081 19122]
[19123 19168]
[19169 19370]
[19371 19487]
[19489 19554]
[19555 19648]
[19649 19712]
[19713 19769]
[19770 19847]
[19848 19975]
[19976 20066]
[20067 20130]
[20131 20176]
[20177 20303]
[20304 20338]
[20339 20393]
[20394 20446]
[20447 20509]
[20510 20574]
[20575 20658]
[20659 20706]
[20707 20789]
[20790 20832]
[20833 20865]
[20866 20932]
[20933 21026]
[21027 21056]
[21057 21090]
[21091 21129]
[21130 21459]
[21460 21524]
[21525 21567]
[21568 21626]
[21627 21709]
[21710 21813]
[21814 21863]
[21864 21941]
[21942 22108]
[22109 22146]
[22147 22237]
[22238 22376]
[22377 22396]
[22397 22502]
[22503 22594]
[22595 22710]
[22711 22787]
[22788 22878]
[22879 23223]
[23225 23276]
[23277 23340]
[23341 23386]
[23387 23434]
[23435 23481]
[23482 23527]
[23528 23575]
[23576 23619]
[23620 23673]
[23674 23722]
[23723 23774]
[23775 23832]
[23833 23879]
[23880 23924]
[23925 23968]
[23969 24013]
[24014 24057]
[24058 24105]
[24106 24152]
[24153 24205]
[24206 24250]
[24251 24295]
[24296 24345]
[24346 24720]
[24721 24852]
[24853 24901]
[24902 24975]
[24976 25018]
[25019 25071]
[25072 25098]
[25099 25155]
[25156 25276]
[25277 25318]
[25319 25396]
[25397 25430]
[25431 25596]
[25597 25655]
[25656 25701]
[25702 25780]
[25781 25845]
[25846 25866]
[25867 25912]
[25913 25970]
[25971 26017]
[26018 26078]
[26079 26150]
[26151 26266]
[26267 26377]
[26378 26512]
[26513 26591]
[26592 26717]
[26718 26832]
[26833 26985]
[26986 27506]
[27507 27600]
[27601 27676]
[27677 27717]
[27718 28007]
[28008 28147]
[28148 28195]
[28196 28255]
[28256 28303]
[28304 28554]
[28555 28585]
[28586 28682]
[28683 29003]
[29004 29115]
