[0 7]
[  9 395]
[396 440]
[441 490]
[491 522]
[523 559]
[560 587]
[588 618]
[619 647]
[648 691]
[692 737]
[738 770]
[771 822]
[ 823 1201]
[1202 1302]
[1303 1412]
[1413 1485]
[1486 1606]
[1607 1632]
[1633 1791]
[1792 1845]
[1846 2028]
[2029 2060]
[2061 2137]
[2138 2230]
[2231 2273]
[2274 2630]
[2631 2679]
[2680 2732]
[2733 2807]
[2808 2890]
[2891 2951]
[2952 3000]
[3001 3049]
[3050 3456]
[3457 3507]
[3508 3548]
[3549 3590]
[3591 3682]
[3683 3716]
[3717 3851]
[3852 3893]
[3894 3945]
[3946 3989]
[3990 4058]
[4059 4154]
[4155 4198]
[4199 4231]
[4232 4345]
[4346 4388]
[4389 4453]
[4454 4515]
[4516 4690]
[4691 4726]
[4727 4755]
[4756 4804]
[4805 4851]
[4852 5454]
[5455 5509]
[5510 5551]
[5552 5598]
[5599 5624]
[5625 5646]
[5647 5703]
[5704 5784]
[5785 5831]
[5832 5877]
[5878 5986]
[5987 6028]
[6029 6053]
[6054 6098]
[6099 6230]
[6231 6267]
[6268 6303]
[6304 6353]
[6354 6398]
[6399 6464]
[6465 6510]
[6511 6553]
[6554 6591]
[6592 6628]
[6629 6658]
[6659 6703]
[6704 6724]
[6725 6788]
[6789 6862]
[6863 6926]
[6927 6959]
[6960 7004]
[7005 7065]
[7066 7645]
[7646 7706]
[7707 7751]
[7752 7786]
[7787 7859]
[7860 7894]
[7895 7910]
[7911 7960]
[7961 8016]
[8017 8070]
[8071 8096]
[8097 8180]
[8181 8210]
[8211 8264]
[8265 8308]
[8309 8329]
[8330 8359]
[8360 8392]
[8393 8421]
[8422 8479]
[8480 8520]
[8521 8581]
[8582 8613]
[8614 8759]
[8760 8835]
[8836 8854]
[8855 8904]
[8905 8964]
[8965 9005]
[9006 9057]
[9058 9086]
[9087 9110]
[9111 9129]
[9130 9230]
[9231 9503]
[9504 9623]
[9624 9898]
[ 9899 10039]
[10040 10188]
[10189 10425]
[10426 10867]
[10868 11029]
[11030 11496]
[11497 11855]
[11856 11964]
[11965 12102]
[12103 12290]
[12291 12412]
[12413 12525]
[12526 12607]
[12608 12716]
[12717 12841]
[12842 12936]
[12937 13002]
[13003 13066]
[13067 13289]
[13290 14068]
[14069 14111]
[14112 14142]
[14143 14166]
[14167 14205]
[14206 14255]
[14256 14306]
[14307 14356]
[14357 14457]
[14458 14669]
[14670 15406]
[15407 15754]
[15755 16170]
[16171 16231]
[16232 16323]
[16324 16385]
[16386 16444]
[16445 16518]
[16519 16629]
[16630 16702]
[16703 16769]
[16770 16835]
[16837 16891]
[16892 16960]
[16961 17039]
[17040 17094]
[17095 17143]
[17144 17214]
[17215 17285]
[17286 17333]
[17334 17626]
[17627 17694]
[17695 17753]
[17754 17761]
[17762 17903]
[17904 17986]
[17987 18026]
[18027 18065]
[18066 18104]
[18105 18141]
[18142 18157]
[18158 18190]
[18191 18216]
[18217 18253]
[18254 18284]
[18285 18321]
[18322 18392]
[18393 18486]
[18487 18618]
[18619 18930]
[18931 19003]
[19004 19052]
[19053 19086]
[19087 19152]
[19153 19216]
[19217 19269]
[19270 19325]
[19326 19386]
[19387 19478]
[19479 19533]
[19534 19577]
[19578 19622]
[19623 19679]
[19680 19764]
[19765 19805]
[19806 19882]
[19883 19921]
[19922 20004]
[20005 20040]
[20041 20092]
[20093 20522]
[20523 20555]
[20556 20621]
[20622 20675]
[20676 20769]
[20770 20830]
[20831 20912]
[20913 21207]
[21208 21256]
[21257 21335]
[21336 21411]
[21412 21491]
[21492 21573]
[21574 21654]
[21655 21981]
[21982 22008]
[22009 22081]
[22082 22110]
[22111 22164]
[22165 22250]
[22251 22323]
[22324 22367]
[22368 22406]
[22407 22437]
[22438 22460]
[22461 22541]
[22542 22587]
[22588 22624]
[22625 22680]
[22681 22720]
[22721 22752]
[22753 22797]
[22798 22833]
[22834 23222]
[23223 23306]
[23307 23362]
[23363 23417]
[23418 23445]
[23446 23494]
[23495 23596]
[23597 23641]
[23642 23712]
[23713 23782]
[23783 23867]
[23868 24065]
[24066 24083]
[24084 24237]
[24238 24312]
[24313 24607]
[24608 24672]
[24673 24827]
[24828 24886]
[24887 24930]
[24931 24993]
[24994 25040]
[25041 25093]
[25094 25128]
[25129 25175]
[25176 25257]
[25258 25417]
[25418 25549]
[25550 25640]
[25641 25676]
[25677 25730]
[25731 25778]
[25779 25849]
[25850 26261]
[26262 26368]
