[ 0 25]
[ 26 316]
[317 364]
[365 394]
[395 419]
[420 446]
[447 471]
[472 491]
[492 529]
[530 562]
[563 588]
[589 615]
[616 649]
[650 679]
[680 709]
[710 734]
[735 788]
[ 789 1173]
[1174 1230]
[1231 1289]
[1290 1346]
[1347 1419]
[1420 1483]
[1484 1552]
[1553 1626]
[1627 1698]
[1699 1759]
[1760 1836]
[1837 1904]
[1905 1974]
[1975 2036]
[2037 2124]
[2125 2184]
[2185 2217]
[2218 2258]
[2259 2655]
[2656 2669]
[2670 2699]
[2700 2731]
[2732 2771]
[2772 2804]
[2805 2849]
[2850 2879]
[2880 2923]
[2924 2964]
[2965 2996]
[2997 3030]
[3031 3093]
[3094 3226]
[3227 3357]
[3358 3412]
[3413 3477]
[3478 3540]
[3541 3592]
[3593 3644]
[3645 3700]
[3701 3766]
[3767 4002]
[4003 4048]
[4049 4081]
[4082 4107]
[4108 4152]
[4153 4198]
[4199 4558]
[4559 4631]
[4632 4691]
[4692 4745]
[4746 4809]
[4810 4862]
[4863 4894]
[4895 4934]
[4935 4962]
[4963 4994]
[4995 5047]
[5048 5089]
[5090 5160]
[5161 5205]
[5206 5245]
[5246 5279]
[5280 5362]
[5363 5421]
[5422 5520]
[5521 5584]
[5585 5659]
[5660 5726]
[5727 5811]
[5812 5901]
[5902 5936]
[5937 5978]
[5979 6009]
[6010 6048]
[6049 6143]
[6144 6360]
[6361 6519]
[6520 6615]
[6616 6679]
[6680 6722]
[6723 6775]
[6776 6828]
[6829 6875]
[6876 6994]
[6995 7296]
[7297 7359]
[7360 7402]
[7403 7457]
[7458 7510]
[7511 7573]
[7574 7638]
[7639 7701]
[7702 7767]
[7768 7830]
[7831 7874]
[7875 7926]
[7927 7992]
[7993 8038]
[8039 8097]
[8098 8523]
[8524 8573]
[8574 8668]
[8669 8753]
[8754 8964]
[8965 9185]
[9186 9270]
[9271 9318]
[9319 9424]
[9425 9497]
[9498 9591]
[9592 9694]
[9695 9811]
[9812 9935]
[9936 9989]
[ 9990 10036]
[10037 10327]
[10328 10402]
[10403 10462]
[10463 10515]
[10516 10610]
[10611 10665]
[10666 10739]
[10740 10804]
[10805 10841]
[10842 10940]
[10941 11031]
[11032 11076]
[11077 11158]
[11159 11255]
[11256 11308]
[11309 11361]
[11362 11433]
[11434 11488]
[11489 11534]
[11535 11570]
[11571 11602]
[11603 11634]
[11635 11663]
[11664 11749]
[11750 12054]
[12055 12539]
[12540 12657]
[12658 12719]
[12720 12790]
[12791 12909]
[12910 13166]
[13167 13240]
[13241 13313]
[13314 13362]
[13363 13405]
[13406 13474]
[13475 13540]
[13541 13615]
[13616 13689]
[13690 13755]
[13756 13790]
[13791 13859]
[13860 13914]
[13915 14304]
[14305 14328]
[14329 14363]
[14364 14434]
[14435 14488]
[14489 14630]
[14631 14795]
[14796 15068]
[15069 15108]
[15109 15139]
[15140 15167]
[15168 15553]
[15554 15631]
[15632 15712]
[15713 15791]
[15792 15875]
[15877 15955]
[15956 16014]
[16015 16065]
[16066 16126]
[16127 16161]
[16162 16203]
[16204 16276]
[16277 16326]
[16327 16386]
[16387 16435]
[16436 16729]
[16730 16804]
[16805 16846]
[16847 16890]
[16891 16935]
[16936 16975]
[16976 17021]
[17022 17074]
[17075 17110]
[17111 17156]
[17157 17207]
[17208 17264]
[17265 17307]
[17308 17357]
[17358 17406]
[17407 17452]
[17453 17510]
[17511 17558]
[17559 17597]
[17598 17632]
[17633 17662]
[17663 17690]
[17691 17732]
[17733 17775]
[17776 17810]
[17811 17839]
[17840 17869]
[17870 17953]
[17954 18345]
[18346 18400]
[18401 18450]
[18451 18499]
[18500 18560]
[18561 18605]
[18606 18643]
[18644 18700]
[18701 18745]
[18747 18788]
[18789 18828]
[18829 18905]
[18906 19003]
[19004 19070]
[19071 19137]
[19138 19324]
[19325 19378]
[19379 19435]
[19436 19498]
[19499 19554]
[19555 19602]
[19603 19725]
[19726 20087]
[20088 20118]
[20119 20206]
[20207 20265]
[20266 20383]
[20384 20516]
[20517 20603]
[20604 20671]
[20672 20699]
[20700 20759]
[20760 20844]
[20845 20961]
[20962 21009]
[21010 21115]
[21116 21227]
[21228 21301]
[21302 21435]
[21436 21589]
[21590 21691]
[21692 21804]
[21805 21866]
[21867 21908]
[21909 22312]
[22313 22358]
[22359 22407]
[22408 22457]
[22458 22507]
[22508 22557]
[22558 22607]
[22608 22657]
[22658 22707]
[22708 22757]
[22758 22807]
[22808 22857]
[22858 22907]
[22908 22957]
[22958 23007]
[23008 23057]
[23058 23107]
[23108 23157]
[23158 23207]
[23208 23257]
[23258 23307]
[23308 23357]
[23358 23407]
[23408 23457]
[23458 23507]
[23508 23557]
[23558 23607]
[23608 23657]
[23658 23707]
[23708 23757]
[23758 23807]
[23808 23845]
[23846 24248]
[24249 24319]
[24320 24367]
[24368 24424]
[24425 24469]
[24470 24518]
[24519 24562]
[24563 24626]
[24627 24856]
[24857 24964]
[24965 25300]
[25301 25338]
[25339 25385]
[25386 25431]
[25432 25476]
[25477 25517]
[25518 25562]
[25563 25905]
[25906 25983]
[25984 26064]
[26065 26113]
[26114 26157]
[26158 26186]
[26187 26231]
[26232 26324]
[26325 26352]
[26353 26396]
[26397 26421]
[26422 26460]
[26461 26519]
[26520 26599]
[26600 26655]
[26656 26710]
[26711 26758]
[26759 26789]
[26790 26847]
[26848 26899]
[26900 26979]
[26980 27057]
[27058 27087]
[27088 27155]
[27156 27229]
[27230 27421]
[27422 27544]
[27545 27631]
[27632 27687]
[27688 27858]
[27859 27980]
[27981 28073]
[28074 28160]
[28161 28332]
[28333 28466]
[28467 28542]
[28543 28619]
[28620 28934]
[28935 29006]
[29007 29107]
[29108 29162]
[29163 29212]
[29213 29261]
[29262 29317]
[29318 29374]
[29375 29431]
[29432 29520]
[29521 29915]
[29916 30307]
[30309 30405]
