[0 7]
[8 23]
[24 38]
[39 61]
[62 69]
[70 77]
[78 85]
[86 99]
[100 114]
[115 123]
[124 145]
[146 160]
[161 183]
[184 200]
[201 217]
[218 232]
[233 255]
[256 282]
[283 298]
[299 314]
[315 329]
[330 359]
[360 373]
[374 381]
[382 400]
[401 413]
[415 580]
[581 595]
[596 611]
[612 624]
[625 640]
[641 659]
[660 675]
[676 687]
[688 700]
[701 714]
[715 725]
[726 736]
[737 749]
[750 761]
[762 774]
[775 985]
[986 1466]
[1467 1556]
[1557 1618]
[1619 1709]
[1710 2043]
[2044 2239]
[2240 2406]
[2407 2475]
[2476 2541]
[2542 2596]
[2597 2659]
[2660 2776]
[2777 2846]
[2847 2921]
[2922 2953]
[2954 3058]
[3059 3193]
[3194 3254]
[3255 3352]
[3353 3572]
[3573 3623]
[3624 3659]
[3660 3701]
[3702 3788]
[3789 3837]
[3838 3882]
[3883 3928]
[3929 4086]
[4087 4225]
[4226 4385]
[4386 4452]
[4453 4513]
[4514 4590]
[4591 4612]
[4613 4650]
[4651 4708]
[4709 4733]
[4734 4771]
[4772 4827]
[4828 4872]
[4873 4961]
[4962 5021]
[5022 5148]
[5149 5256]
[5257 5310]
[5311 5491]
[5492 5524]
[5525 5588]
[5589 5633]
[5634 5669]
[5670 5743]
[5744 5817]
[5818 5982]
[5983 6037]
[6038 6171]
[6172 6263]
[6264 6342]
[6343 6923]
[6924 6953]
[6954 6989]
[6990 7116]
[7117 7185]
[7186 7205]
[7206 7259]
[7260 7310]
[7311 7328]
[7329 7351]
[7352 7384]
[7385 7429]
[7430 7481]
[7482 7515]
[7516 7544]
[7545 7577]
[7578 7654]
[7655 7759]
[7760 7937]
[7938 7992]
[7993 8041]
[8042 8225]
[8226 8254]
[8255 8314]
[8315 8403]
[8404 8506]
[8507 8605]
[8606 8703]
[8704 8848]
[8849 8911]
[8912 9008]
[9009 9092]
[9093 9164]
[9165 9241]
[9242 9309]
[9310 9474]
[9475 9522]
[9523 9900]
[9901 9992]
[9993 10082]
[10083 10144]
[10145 10221]
[10222 10291]
[10292 10367]
[10368 10465]
[10466 10565]
[10566 10612]
[10613 10662]
[10663 10858]
[10859 10974]
[10975 11121]
[11122 11231]
[11232 11317]
[11318 11351]
[11352 11392]
[11393 11451]
[11452 11506]
[11507 11627]
[11628 11679]
[11680 11741]
[11742 11834]
[11835 12099]
[12100 12737]
[12738 12835]
[12836 13227]
