[0 7]
[8 23]
[24 38]
[39 61]
[62 69]
[70 77]
[78 85]
[86 99]
[100 114]
[115 123]
[124 145]
[146 160]
[161 183]
[184 200]
[201 217]
[218 232]
[233 255]
[256 282]
[283 298]
[299 314]
[315 329]
[330 359]
[360 373]
[374 381]
[382 400]
[401 413]
[415 608]
[609 655]
[656 697]
[698 748]
[749 791]
[792 861]
[862 932]
[933 1520]
[1521 1532]
[1533 1546]
[1547 1559]
[1560 1572]
[1573 1584]
[1585 1601]
[1602 1615]
[1616 1627]
[1628 1641]
[1642 1651]
[1652 1659]
[1660 1668]
[1669 1681]
[1682 1693]
[1694 1706]
[1707 1718]
[1719 1734]
[1735 1751]
[1752 1773]
[1774 1972]
[1973 1987]
[1988 2004]
[2005 2023]
[2024 2044]
[2045 2091]
[2092 2138]
[2139 2211]
[2212 2280]
[2281 2318]
[2319 2356]
[2357 2416]
[2417 2496]
[2497 2546]
[2547 2582]
[2583 2878]
[2879 2918]
[2919 3175]
[3176 3266]
[3267 3392]
[3393 3464]
[3465 3792]
[3793 3889]
[3890 3922]
[3923 3948]
[3949 3971]
[3972 3993]
[3994 4013]
[4014 4039]
[4040 4069]
[4070 4207]
[4208 4257]
[4258 4326]
[4327 4393]
[4394 4474]
[4475 4503]
[4504 4529]
[4530 4576]
[4577 4606]
[4607 4736]
[4737 4796]
[4797 4841]
[4842 4887]
[4888 4934]
[4935 4970]
[4971 4995]
[4996 5036]
[5037 5098]
[5099 5168]
[5169 5224]
[5225 5296]
[5297 5367]
[5368 5543]
[5544 5609]
[5610 5757]
[5758 5823]
[5824 5863]
[5864 5913]
[5914 5986]
[5987 6045]
[6046 6103]
[6104 6151]
[6152 6247]
[6248 6292]
[6293 6335]
[6336 6398]
[6399 6432]
[6433 6561]
[6562 6743]
[6744 6843]
[6844 6913]
[6914 6981]
[6982 7041]
[7042 7103]
[7104 7153]
[7154 7218]
[7219 7253]
[7254 7303]
[7304 7390]
[7391 7457]
[7458 7519]
[7520 7557]
[7558 7780]
[7781 7857]
[7858 7988]
[7989 8179]
[8180 8300]
[8301 8396]
[8397 8442]
[8443 8493]
[8494 8638]
[8639 8714]
[8715 8841]
[8842 8936]
[8937 9059]
[9060 9101]
[9102 9140]
[9141 9194]
[9195 9234]
[9235 9265]
[9266 9339]
[9340 9416]
[9417 9462]
[9463 9542]
[9543 9613]
[9614 9768]
[9769 9952]
[9953 10017]
[10018 10068]
[10069 10221]
[10222 10301]
[10302 11177]
[11178 11669]
