[0 7]
[8 23]
[24 38]
[39 61]
[62 69]
[70 77]
[78 85]
[86 99]
[100 114]
[115 123]
[124 145]
[146 160]
[161 183]
[184 200]
[201 217]
[218 232]
[233 255]
[256 282]
[283 298]
[299 314]
[315 329]
[330 359]
[360 373]
[374 381]
[382 400]
[401 413]
[415 545]
[546 609]
[610 718]
[719 789]
[790 875]
[876 1016]
[1017 1087]
[1088 1157]
[1158 1219]
[1220 1327]
[1328 1521]
[1522 1589]
[1590 1617]
[1618 1738]
[1739 1784]
[1785 1800]
[1801 1831]
[1832 1864]
[1865 1905]
[1906 1943]
[1944 1970]
[1971 1998]
[1999 2026]
[2027 2055]
[2056 2086]
[2087 2125]
[2126 2156]
[2157 2224]
[2225 2319]
[2320 2345]
[2346 2369]
[2370 2410]
[2411 2502]
[2503 2573]
[2574 2626]
[2627 2676]
[2677 2766]
[2767 2828]
[2829 2959]
[2960 3051]
[3052 3097]
[3098 3130]
[3131 3201]
[3202 3329]
[3330 3365]
[3366 3418]
[3419 3456]
[3457 3512]
[3513 3595]
[3596 3658]
[3659 3716]
[3717 3769]
[3770 3809]
[3810 3856]
[3857 3890]
[3891 3942]
[3943 3982]
[3983 4019]
[4020 4187]
[4188 4261]
[4262 4306]
[4307 4366]
[4367 4385]
[4386 4421]
[4422 4448]
[4449 4489]
[4490 4518]
[4519 4549]
[4550 4574]
[4575 4605]
[4606 4631]
[4632 4679]
[4680 4776]
[4777 4860]
[4861 4885]
[4886 4905]
[4906 4937]
[4938 4970]
[4971 5058]
[5059 5142]
[5143 5205]
[5206 5289]
[5290 5351]
[5352 5469]
[5470 5556]
[5557 5625]
[5626 5688]
[5690 5744]
[5745 5835]
[5836 5886]
[5887 5967]
[5968 6132]
[6133 6182]
[6183 6251]
[6252 6296]
[6297 6394]
[6395 6424]
[6425 6476]
[6477 6507]
[6508 6602]
[6603 6684]
[6685 6759]
[6760 6792]
[6793 6832]
[6833 6874]
[6875 6952]
[6953 6996]
[6997 7059]
[7060 7111]
[7112 7208]
[7209 7291]
[7292 7412]
[7413 7446]
[7447 7497]
[7498 7569]
[7570 7620]
[7621 7683]
[7684 7723]
[7724 7758]
[7759 7825]
[7826 7851]
[7852 7893]
[7894 7978]
[7979 8065]
[8066 8134]
[8135 8174]
[8175 8247]
[8248 8451]
[8452 8521]
[8522 8577]
[8578 8616]
[8617 8644]
[8645 8696]
[8697 8731]
[8732 8757]
[8758 8799]
[8800 8831]
[8832 8874]
[8875 8920]
[8921 8945]
[8946 9023]
[9024 9073]
[9074 9133]
[9134 9251]
[9252 9323]
[9324 9375]
[9376 9598]
[9599 9717]
[9718 9880]
[9881 9932]
[9933 10021]
[10022 10073]
[10074 10117]
[10118 10166]
[10167 10220]
[10221 10250]
[10251 10274]
[10275 10326]
[10327 10356]
[10357 10435]
[10436 10461]
[10462 10509]
[10510 10563]
[10564 10584]
[10585 10602]
[10603 10644]
[10645 10699]
[10700 10751]
[10752 10783]
[10784 10812]
[10813 10832]
[10833 10867]
[10868 10962]
[10963 10974]
[10975 11005]
[11006 11025]
[11026 11042]
[11043 11067]
[11068 11315]
[11316 11342]
[11343 11442]
[11443 11476]
[11477 11521]
[11522 11579]
[11580 11614]
[11615 11661]
[11662 11699]
[11700 11799]
[11800 11821]
[11822 11848]
[11849 11880]
[11881 11934]
[11935 11951]
[11952 12009]
[12010 12026]
[12027 12056]
[12057 12084]
[12085 12121]
[12122 12179]
[12180 12237]
[12238 12302]
[12303 12363]
[12364 12447]
[12448 12487]
[12488 12549]
[12550 12720]
[12721 12753]
[12754 12787]
[12788 12823]
[12824 12859]
[12860 12887]
[12888 12944]
[12945 12965]
[12966 12997]
[12998 13060]
[13061 13108]
[13109 13188]
[13189 13285]
[13286 13333]
[13334 13532]
[13533 13591]
[13592 14053]
[14054 14109]
[14110 14579]
[14580 14648]
