[0 7]
[8 23]
[24 38]
[39 61]
[62 69]
[70 77]
[78 85]
[86 99]
[100 114]
[115 123]
[124 145]
[146 160]
[161 183]
[184 200]
[201 217]
[218 232]
[233 255]
[256 282]
[283 298]
[299 314]
[315 329]
[330 359]
[360 373]
[374 381]
[382 400]
[401 413]
[415 882]
[883 1219]
[1220 1275]
[1276 1313]
[1314 1378]
[1379 1410]
[1411 1436]
[1437 1457]
[1458 1511]
[1512 1552]
[1553 1600]
[1601 1652]
[1653 1700]
[1701 1752]
[1753 1836]
[1837 1964]
[1965 2022]
[2023 2065]
[2066 2103]
[2104 2178]
[2179 2235]
[2236 2295]
[2296 2338]
[2339 2408]
[2409 2503]
[2504 2598]
[2599 2648]
[2649 2730]
[2731 2855]
[2856 2890]
[2891 2969]
[2970 3072]
[3073 3103]
[3104 3147]
[3148 3165]
[3166 3195]
[3196 3223]
[3224 3243]
[3244 3266]
[3267 3274]
[3275 3292]
[3293 3311]
[3312 3410]
[3411 3429]
[3430 3465]
[3466 3494]
[3495 3542]
[3543 3561]
[3562 3923]
[3924 4353]
[4354 4412]
[4413 4588]
[4589 4621]
[4622 4632]
[4633 4647]
[4648 4784]
[4785 4817]
[4818 4946]
[4947 4998]
[4999 5029]
[5030 5090]
[5091 5225]
[5226 5273]
[5274 5354]
[5355 5402]
[5403 5494]
[5495 5504]
[5505 5612]
[5613 5648]
[5649 5747]
[5748 5802]
[5803 5868]
[5869 6009]
[6010 6076]
[6077 6132]
[6133 6207]
[6208 6315]
[6316 6348]
[6349 6397]
[6398 6430]
[6431 6484]
[6485 6626]
[6627 6736]
[6737 6808]
[6809 6873]
[6874 6930]
[6931 6990]
[6991 7025]
[7026 7070]
[7071 7125]
[7126 7159]
[7160 7217]
[7218 7241]
[7242 7296]
[7297 7315]
[7316 7370]
[7371 7431]
[7432 7480]
[7481 7524]
[7525 7556]
[7557 7606]
[7607 7631]
[7632 7705]
[7706 7725]
[7726 7736]
[7737 7897]
[7898 7950]
[7951 7982]
[7983 8070]
[8071 8142]
[8143 8216]
[8217 8271]
[8272 8338]
[8339 8434]
[8435 8460]
[8461 8539]
[8540 8557]
[8558 8590]
[8591 8625]
[8626 8640]
[8641 8708]
[8709 8913]
[8914 9002]
[9003 9059]
[9060 9082]
[9083 9171]
[9172 9204]
[9205 9230]
[9231 9255]
[9256 9287]
[9288 9326]
[9327 9384]
[9385 9425]
[9426 9447]
[9448 9466]
[9467 9495]
[9496 9532]
[9533 9580]
[9581 9611]
[9612 9636]
[9637 9650]
[9651 9667]
[9668 9737]
[9738 9793]
[9794 9836]
[9837 9877]
[9878 9940]
[9941 10005]
[10006 10043]
[10044 10083]
[10084 10131]
[10132 10174]
[10175 10232]
[10233 10268]
[10269 10303]
[10304 10358]
[10359 10407]
[10408 10465]
[10466 10535]
[10536 10614]
[10615 10638]
[10639 10671]
[10672 10697]
[10698 10742]
[10743 10786]
[10787 10833]
[10834 10890]
[10891 10914]
[10915 10939]
[10940 10974]
[10975 11010]
[11011 11035]
[11036 11061]
[11062 11203]
[11204 11243]
[11244 11371]
[11372 11480]
[11481 11516]
[11517 11561]
[11562 11599]
[11600 11617]
[11618 11659]
[11660 11795]
[11796 12037]
[12038 12990]
