[0 7]
[8 23]
[24 38]
[39 61]
[62 69]
[70 77]
[78 85]
[86 99]
[100 114]
[115 123]
[124 145]
[146 160]
[161 183]
[184 200]
[201 217]
[218 232]
[233 255]
[256 282]
[283 298]
[299 314]
[315 329]
[330 359]
[360 373]
[374 381]
[382 400]
[401 413]
[415 545]
[546 647]
[648 704]
[705 808]
[809 885]
[886 1038]
[1039 1089]
[1090 1141]
[1142 1175]
[1176 1201]
[1202 1226]
[1227 1257]
[1258 1294]
[1295 1315]
[1316 1349]
[1350 1516]
[1517 1539]
[1540 1577]
[1578 1624]
[1625 1658]
[1659 1696]
[1697 1729]
[1730 1766]
[1767 1828]
[1829 1905]
[1906 1969]
[1970 2038]
[2039 2057]
[2058 2150]
[2151 2303]
[2304 2358]
[2359 2412]
[2413 2498]
[2499 2555]
[2556 2607]
[2608 2695]
[2696 2779]
[2780 2939]
[2940 3033]
[3034 3073]
[3074 3397]
[3398 3438]
[3439 3746]
[3747 3871]
[3872 4053]
[4054 4195]
[4196 4430]
[4431 4501]
[4502 4576]
[4577 4637]
[4638 4902]
[4903 4951]
[4952 5432]
[5433 5477]
[5478 5522]
[5523 5615]
[5616 5700]
[5701 5850]
[5851 5878]
[5879 5907]
[5908 5958]
[5959 6023]
[6024 6068]
[6069 6135]
[6136 6177]
[6178 6225]
[6226 6356]
[6357 6477]
[6478 6570]
[6571 6679]
[6680 6785]
[6786 6838]
[6839 6893]
[6894 6994]
[6995 7048]
[7049 7119]
[7120 7353]
[7354 7431]
[7432 7581]
[7582 7624]
[7625 7725]
[7726 7771]
[7772 7794]
[7795 7823]
[7824 7839]
[7840 7884]
[7885 7937]
[7938 7994]
[7995 8006]
[8007 8049]
[8050 8075]
[8076 8166]
[8167 8199]
[8200 8273]
[8274 8318]
[8319 8372]
[8373 8444]
[8445 8488]
[8489 8575]
[8576 8614]
[8615 8653]
[8654 8705]
[8706 8772]
[8773 8853]
[8854 8931]
[8932 8999]
[9000 9035]
[9036 9076]
[9077 9137]
[9138 9273]
[9274 9358]
[9359 9454]
[9455 9537]
[9538 9581]
[9582 9695]
[9696 9756]
[9757 9932]
[9933 10011]
[10012 10068]
[10069 10186]
[10187 10260]
[10261 10301]
[10302 10363]
[10364 10390]
[10391 10463]
[10464 10535]
[10536 10573]
[10574 10614]
[10615 10642]
[10643 10704]
[10705 10788]
[10789 10855]
[10856 10900]
[10901 10942]
[10943 10994]
[10995 11040]
[11041 11071]
[11072 11142]
[11143 11197]
[11198 11275]
[11276 11332]
[11333 11382]
[11383 11491]
[11492 11528]
[11529 11573]
[11574 11707]
[11708 11790]
[11791 11818]
[11819 11888]
[11889 11920]
[11921 11956]
[11957 12031]
[12032 12151]
[12152 12219]
[12220 12272]
[12273 12342]
[12343 12453]
[12454 12622]
[12623 13148]
