[0 7]
[8 23]
[24 38]
[39 61]
[62 69]
[70 77]
[78 85]
[86 99]
[100 114]
[115 123]
[124 145]
[146 160]
[161 183]
[184 200]
[201 217]
[218 232]
[233 255]
[256 282]
[283 298]
[299 314]
[315 329]
[330 359]
[360 373]
[374 381]
[382 400]
[401 413]
[415 545]
[546 748]
[749 791]
[792 866]
[867 938]
[939 1036]
[1037 1163]
[1164 1217]
[1218 1293]
[1294 1414]
[1415 1482]
[1483 1598]
[1599 1650]
[1651 1671]
[1672 1707]
[1708 1724]
[1725 1739]
[1740 1750]
[1751 1773]
[1774 1802]
[1803 1835]
[1836 1854]
[1855 1881]
[1882 1907]
[1908 2111]
[2112 2149]
[2150 2182]
[2183 2203]
[2204 2236]
[2237 2284]
[2285 2324]
[2325 2387]
[2388 2448]
[2449 2496]
[2497 2556]
[2557 2652]
[2653 2731]
[2732 2884]
[2885 2940]
[2941 3029]
[3030 3087]
[3088 3118]
[3119 3138]
[3139 3191]
[3192 3230]
[3231 3286]
[3287 3365]
[3366 3428]
[3429 3481]
[3482 3606]
[3607 3678]
[3679 3741]
[3742 3785]
[3786 3853]
[3854 3921]
[3922 4010]
[4011 4086]
[4087 4228]
[4229 4327]
[4328 4435]
[4436 4511]
[4512 4606]
[4607 4714]
[4715 4730]
[4731 4742]
[4743 4765]
[4766 4802]
[4803 4851]
[4852 4883]
[4884 4959]
[4960 4996]
[4997 5090]
[5091 5161]
[5162 5198]
[5199 5217]
[5218 5261]
[5262 5314]
[5315 5366]
[5367 5440]
[5441 5461]
[5462 5477]
[5478 5521]
[5522 5599]
[5600 5640]
[5641 5691]
[5692 5742]
[5743 5793]
[5794 5897]
[5898 5986]
[5987 6160]
[6161 6215]
[6216 6361]
[6362 6443]
[6444 6472]
[6473 6603]
[6604 6654]
[6655 6801]
[6802 6844]
[6845 6881]
[6882 6909]
[6910 6942]
[6943 6982]
[6983 7050]
[7051 7099]
[7100 7145]
[7146 7190]
[7191 7301]
[7302 7381]
[7382 7428]
[7429 7458]
[7459 7499]
[7500 7535]
[7536 7567]
[7568 7747]
[7748 7912]
[7913 8037]
[8038 8178]
[8179 8232]
[8233 8338]
[8339 8393]
[8394 8528]
[8529 8640]
[8641 8686]
[8687 8788]
[8789 8850]
[8851 8896]
[8897 8952]
[8953 9095]
[9096 9248]
[9249 9275]
[9276 9313]
[9314 9359]
[9360 9403]
[9404 9453]
[9454 9519]
[9520 9557]
[9558 9591]
[9592 9614]
[9615 9648]
[9649 9760]
[9761 9868]
[9869 9984]
[9985 10044]
[10045 10103]
[10104 10146]
[10147 10179]
[10180 10231]
[10232 10302]
[10303 10333]
[10334 10373]
[10374 10437]
[10438 10485]
[10486 10540]
[10541 10572]
[10573 10641]
[10642 10706]
[10707 10753]
[10754 10866]
[10867 10901]
[10902 10934]
[10935 10961]
[10962 11105]
[11106 11196]
[11197 11309]
[11310 11447]
[11448 11538]
[11539 11907]
[11908 12062]
