[0 7]
[8 23]
[24 38]
[39 61]
[62 69]
[70 77]
[78 85]
[86 99]
[100 114]
[115 123]
[124 145]
[146 160]
[161 183]
[184 200]
[201 217]
[218 232]
[233 255]
[256 282]
[283 298]
[299 314]
[315 329]
[330 359]
[360 373]
[374 381]
[382 400]
[401 413]
[415 668]
[669 801]
[802 842]
[843 924]
[925 966]
[967 989]
[990 1026]
[1027 1058]
[1059 1084]
[1085 1109]
[1110 1352]
[1353 1376]
[1377 1407]
[1408 1434]
[1435 1533]
[1534 1602]
[1603 1738]
[1739 1808]
[1809 1877]
[1878 2009]
[2010 2095]
[2096 2159]
[2160 2213]
[2214 2269]
[2270 2313]
[2314 2365]
[2366 2458]
[2459 2531]
[2532 2620]
[2621 2694]
[2695 2764]
[2765 2838]
[2839 2884]
[2885 2985]
[2986 3032]
[3033 3124]
[3125 3216]
[3217 3248]
[3249 3273]
[3274 3300]
[3301 3339]
[3340 3443]
[3444 3534]
[3535 3603]
[3604 3641]
[3642 3681]
[3682 3713]
[3714 3744]
[3745 3804]
[3805 3830]
[3831 3857]
[3858 3925]
[3926 3968]
[3969 3998]
[3999 4048]
[4049 4115]
[4116 4218]
[4219 4257]
[4258 4324]
[4325 4403]
[4404 4472]
[4473 4529]
[4530 4564]
[4565 4708]
[4709 4856]
[4857 4924]
[4925 5240]
[5241 5308]
[5309 5360]
[5361 5409]
[5410 5565]
[5566 5617]
[5618 5658]
[5659 5703]
[5704 5749]
[5750 6039]
[6040 6118]
[6119 6215]
[6216 6273]
[6274 6351]
[6352 6464]
[6465 6500]
[6501 6553]
[6554 6641]
[6642 6736]
[6737 6804]
[6805 6915]
[6916 7018]
[7019 7109]
[7110 7194]
[7195 7233]
[7234 7320]
[7321 7346]
[7347 7616]
[7617 7686]
[7687 7742]
[7743 7760]
[7761 7836]
[7837 7888]
[7889 7949]
[7950 8002]
[8003 8064]
[8065 8180]
[8181 8240]
[8241 8277]
[8278 8303]
[8304 8336]
[8337 8361]
[8362 8392]
[8393 8427]
[8428 8493]
[8494 8537]
[8538 8601]
[8602 8634]
[8635 8677]
[8678 8719]
[8720 8764]
[8765 8802]
[8803 8866]
[8867 8945]
[8946 8987]
[8988 9185]
[9186 9346]
[9347 9411]
[9412 9452]
[9453 9750]
[9751 9803]
[9804 10093]
[10094 10133]
[10134 10162]
[10163 10204]
[10205 10279]
[10280 10364]
[10365 10403]
[10404 10451]
[10452 10502]
[10503 10569]
[10570 10616]
[10617 10661]
[10662 10706]
[10707 10752]
[10753 10804]
[10805 10835]
[10836 10896]
[10897 10962]
[10963 11069]
[11070 11116]
[11117 11264]
[11265 11307]
[11308 11455]
[11456 11516]
[11517 11589]
[11590 11641]
[11642 11699]
[11700 11759]
[11760 11904]
[11905 12493]
