[0 7]
[8 23]
[24 38]
[39 61]
[62 69]
[70 77]
[78 85]
[86 99]
[100 114]
[115 123]
[124 145]
[146 160]
[161 183]
[184 200]
[201 217]
[218 232]
[233 255]
[256 282]
[283 298]
[299 314]
[315 329]
[330 359]
[360 373]
[374 381]
[382 400]
[401 413]
[415 565]
[566 580]
[581 597]
[598 612]
[613 628]
[629 675]
[676 708]
[709 723]
[724 741]
[742 769]
[770 788]
[789 802]
[803 821]
[822 837]
[838 853]
[854 872]
[873 890]
[891 921]
[922 1124]
[1125 1259]
[1260 1502]
[1503 1639]
[1640 1708]
[1709 1734]
[1735 1759]
[1760 1800]
[1801 1827]
[1828 1846]
[1847 1905]
[1906 1928]
[1929 2011]
[2012 2034]
[2035 2075]
[2076 2111]
[2112 2161]
[2162 2180]
[2181 2212]
[2213 2271]
[2273 2316]
[2317 2355]
[2356 2384]
[2385 2433]
[2434 2488]
[2489 2529]
[2530 2580]
[2581 2765]
[2766 2824]
[2825 2884]
[2885 2937]
[2938 3000]
[3001 3567]
[3568 3650]
[3651 3676]
[3677 3699]
[3700 3727]
[3728 3760]
[3761 3797]
[3798 3856]
[3857 3920]
[3921 3959]
[3960 4198]
[4199 4278]
[4279 4503]
[4504 4556]
[4557 4604]
[4605 4644]
[4645 4762]
[4763 4839]
[4840 4910]
[4911 4959]
[4960 5112]
[5113 5156]
[5157 5231]
[5232 5362]
[5363 5392]
[5393 5434]
[5435 5529]
[5530 5691]
[5692 5825]
[5826 5951]
[5952 6036]
[6037 6107]
[6108 6200]
[6201 6310]
[6311 6380]
[6381 6444]
[6445 6631]
[6632 6664]
[6665 6719]
[6720 6747]
[6748 6801]
[6802 6901]
[6902 6962]
[6963 7030]
[7031 7078]
[7079 7151]
[7152 7240]
[7241 7303]
[7304 7340]
[7341 7412]
[7413 7526]
[7527 7697]
[7698 7863]
[7864 8047]
[8048 8116]
[8117 8206]
[8207 8253]
[8254 8283]
[8284 8308]
[8309 8346]
[8347 8389]
[8390 8466]
[8467 8495]
[8496 8572]
[8573 8639]
[8640 8704]
[8705 8765]
[8766 8841]
[8842 8934]
[8935 9009]
[9010 9054]
[9055 9091]
[9092 9183]
[9184 9250]
[9251 9283]
[9284 9321]
[9322 9362]
[9363 9522]
[9523 9664]
[9665 9705]
[9706 9742]
[9743 9774]
[9775 9930]
[9931 10039]
[10040 10270]
[10271 10307]
[10308 10334]
[10335 10360]
[10361 10386]
[10387 10424]
[10425 10484]
[10485 10519]
[10520 10555]
[10556 10585]
[10586 10617]
[10618 10650]
[10651 10685]
[10686 10850]
[10851 11014]
[11015 11066]
[11067 11117]
[11118 11154]
[11155 11256]
[11257 11477]
[11478 11522]
[11523 11543]
[11544 11567]
[11568 11595]
[11596 11659]
[11660 11796]
[11797 12137]
[12138 12225]
[12226 12308]
[12309 12394]
[12395 12580]
[12581 12770]
[12771 12916]
[12917 13021]
[13022 13468]
