[0 7]
[8 23]
[24 38]
[39 61]
[62 69]
[70 77]
[78 85]
[86 99]
[100 114]
[115 123]
[124 145]
[146 160]
[161 183]
[184 200]
[201 217]
[218 232]
[233 255]
[256 282]
[283 298]
[299 314]
[315 329]
[330 359]
[360 373]
[374 381]
[382 400]
[401 413]
[415 545]
[546 582]
[583 672]
[673 902]
[903 1272]
[1273 1335]
[1336 1407]
[1408 1431]
[1432 1471]
[1472 1505]
[1506 1541]
[1542 1575]
[1576 1621]
[1622 1742]
[1743 1776]
[1777 1841]
[1842 1884]
[1885 1925]
[1926 2022]
[2023 2054]
[2055 2074]
[2075 2096]
[2097 2172]
[2173 2359]
[2360 2423]
[2424 2467]
[2468 2534]
[2535 2582]
[2583 2630]
[2631 2721]
[2722 2794]
[2795 2854]
[2855 2996]
[2997 3184]
[3185 3259]
[3260 3323]
[3324 3389]
[3390 3500]
[3501 3590]
[3591 3650]
[3651 3689]
[3690 3761]
[3762 3831]
[3832 3925]
[3926 4039]
[4040 4093]
[4094 4256]
[4257 4346]
[4347 4417]
[4418 4486]
[4487 4620]
[4621 4782]
[4783 4901]
[4902 4997]
[4998 5064]
[5065 5153]
[5154 5290]
[5291 5397]
[5398 5418]
[5419 5534]
[5535 5601]
[5602 5806]
[5807 5847]
[5848 5878]
[5879 5905]
[5906 5946]
[5947 6009]
[6010 6085]
[6086 6132]
[6133 6204]
[6205 6308]
[6309 6398]
[6399 6466]
[6467 6522]
[6523 6644]
[6645 6769]
[6770 6832]
[6833 6886]
[6887 6921]
[6922 7037]
[7038 7083]
[7084 7103]
[7104 7243]
[7244 7283]
[7284 7345]
[7346 7394]
[7395 7488]
[7489 7560]
[7561 7640]
[7641 7697]
[7698 7822]
[7823 7934]
[7935 8002]
[8003 8048]
[8049 8094]
[8095 8148]
[8149 8205]
[8206 8252]
[8253 8274]
[8275 8376]
[8377 8428]
[8429 8472]
[8473 8514]
[8515 8592]
[8593 8668]
[8669 8703]
[8704 8737]
[8738 8777]
[8778 8819]
[8820 8891]
[8892 8940]
[8941 8996]
[8997 9052]
[9053 9106]
[9107 9168]
[9169 9205]
[9206 9256]
[9257 9335]
[9336 9396]
[9397 9523]
[9524 9598]
[9599 9784]
[9785 9932]
[9933 10183]
[10184 10271]
[10272 10383]
[10384 10466]
[10467 10582]
[10583 10789]
[10790 10875]
[10876 10970]
