[0 24]
[25 39]
[40 62]
[63 70]
[71 78]
[79 86]
[87 93]
[94 100]
[101 115]
[116 124]
[125 146]
[147 161]
[162 171]
[172 184]
[185 198]
[199 218]
[219 240]
[241 256]
[257 270]
[271 283]
[284 299]
[300 315]
[316 330]
[331 344]
[345 360]
[361 374]
[375 388]
[389 415]
[416 611]
[612 696]
[697 739]
[740 769]
[770 802]
[803 838]
[839 919]
[920 956]
[957 1007]
[1008 1172]
[1173 1204]
[1205 1328]
[1329 1397]
[1398 1571]
[1572 1614]
[1615 1657]
[1658 1785]
[1786 1860]
[1861 1906]
[1907 2089]
[2090 2314]
[2315 2363]
[2364 2406]
[2407 2498]
[2499 2582]
[2583 2663]
[2664 2754]
[2755 2900]
[2901 3016]
[3017 3106]
[3107 3218]
[3219 3318]
[3319 3492]
[3493 3533]
[3534 3560]
[3561 3659]
[3660 3774]
[3775 3878]
[3879 4053]
[4054 4079]
[4080 4287]
[4288 4340]
[4341 4430]
[4431 4454]
[4455 4582]
[4583 4648]
[4649 4713]
[4714 4860]
[4861 5013]
[5014 5111]
[5112 5285]
[5286 5359]
[5360 5553]
[5554 5641]
[5642 5812]
[5813 5882]
[5883 6051]
[6052 6165]
[6166 6375]
[6376 6579]
[6580 6678]
[6679 7105]
[7106 7358]
[7359 7530]
[7531 7661]
[7662 7735]
[7736 7924]
[7925 7988]
[7989 8032]
[8033 8136]
[8137 8191]
[8192 8221]
[8222 8264]
[8265 8297]
[8298 8400]
[8401 8713]
[8714 8955]
[8956 9010]
[9011 9101]
[9102 9156]
[9157 9216]
[9217 9321]
[9322 9389]
[9390 9423]
