[0 7]
[8 23]
[24 38]
[39 61]
[62 69]
[70 77]
[78 85]
[86 92]
[93 99]
[100 114]
[115 123]
[124 145]
[146 160]
[161 170]
[171 183]
[184 197]
[198 217]
[218 239]
[240 255]
[256 269]
[270 282]
[283 298]
[299 314]
[315 329]
[330 343]
[344 359]
[360 373]
[374 387]
[388 414]
[415 578]
[579 595]
[596 615]
[616 654]
[655 696]
[697 714]
[715 734]
[735 752]
[753 771]
[772 794]
[795 824]
[825 864]
[865 880]
[881 973]
[974 1180]
[1181 1225]
[1226 1308]
[1309 1365]
[1366 1645]
[1646 2119]
[2120 2187]
[2188 2260]
[2261 2291]
[2292 2322]
[2323 2347]
[2348 2376]
[2377 2417]
[2418 2452]
[2453 2600]
[2601 2733]
[2734 2834]
[2835 3063]
[3064 3224]
[3225 3447]
[3448 3584]
[3585 3650]
[3651 3814]
[3815 3912]
[3913 3981]
[3982 4051]
[4052 4150]
[4151 4213]
[4214 4263]
[4264 4347]
[4348 4450]
[4451 4514]
[4515 4668]
[4669 4805]
[4806 4886]
[4887 5073]
[5074 5133]
[5134 5334]
[5335 5417]
[5418 5489]
[5490 5594]
[5595 5693]
[5694 5791]
[5792 5831]
[5832 5899]
[5900 5952]
[5953 6048]
[6049 6184]
[6185 6235]
[6236 6490]
[6491 6534]
[6535 6583]
[6584 6718]
[6719 6828]
[6829 6898]
[6899 7041]
[7042 7128]
[7129 7335]
[7336 7395]
[7396 7458]
[7459 7523]
[7524 7554]
[7555 7618]
[7619 7893]
[7894 8112]
[8113 8225]
[8226 8280]
[8281 8316]
[8317 8419]
[8420 8525]
[8526 8637]
[8638 8733]
[8734 8959]
[8960 9028]
[9029 9148]
[9149 9244]
[9245 9406]
[9407 9475]
[9476 9644]
[9645 9698]
[9699 9861]
[9862 9954]
[9955 10020]
[10021 10101]
[10102 10153]
[10154 10366]
[10367 10601]
[10602 10715]
[10716 10764]
[10765 10828]
[10829 10854]
[10855 10912]
[10913 10988]
[10989 11034]
[11035 11146]
[11147 11214]
[11215 11253]
[11254 11323]
[11324 11420]
[11421 11494]
[11495 11543]
[11544 11743]
[11744 11777]
[11778 11817]
[11818 11894]
[11895 11925]
[11926 11960]
[11961 12018]
[12019 12069]
[12070 12129]
[12130 12176]
[12177 12320]
[12321 12572]
[12573 12947]
[12948 13488]
