[0 8]
[9 24]
[25 39]
[40 62]
[63 70]
[71 78]
[79 86]
[87 100]
[101 115]
[116 124]
[125 146]
[147 161]
[162 184]
[185 201]
[202 218]
[219 233]
[234 256]
[257 283]
[284 299]
[300 315]
[316 330]
[331 360]
[361 374]
[375 382]
[383 401]
[402 414]
[416 643]
[644 807]
[808 870]
[871 929]
[930 1025]
[1026 1038]
[1039 1049]
[1050 1062]
[1063 1074]
[1075 1087]
[1088 1100]
[1101 1112]
[1113 1121]
[1122 1141]
[1142 1153]
[1154 1163]
[1164 1183]
[1184 1192]
[1193 1208]
[1209 1216]
[1217 1224]
[1225 1234]
[1235 1244]
[1245 1256]
[1257 1265]
[1266 1274]
[1275 1283]
[1284 1292]
[1293 1438]
[1439 1480]
[1481 1579]
[1580 1638]
[1639 1703]
[1704 1748]
[1749 2235]
[2236 2266]
[2267 2297]
[2298 2332]
[2333 2361]
[2362 2388]
[2389 2464]
[2465 2507]
[2508 2537]
[2538 2567]
[2568 2600]
[2601 2648]
[2649 2721]
[2722 2771]
[2772 2843]
[2844 2914]
[2915 3038]
[3039 3078]
[3079 3131]
[3132 3190]
[3191 3271]
[3272 3322]
[3323 3440]
[3441 3492]
[3493 3551]
[3552 3633]
[3634 3683]
[3684 3764]
[3765 3843]
[3844 3914]
[3915 3979]
[3980 4035]
[4036 4092]
[4093 4145]
[4146 4188]
[4189 4252]
[4253 4430]
[4431 4483]
[4484 4537]
[4538 4568]
[4569 4695]
[4696 4728]
[4729 4913]
[4914 4951]
[4952 4995]
[4996 5212]
[5213 5270]
[5271 5344]
[5345 5385]
[5386 5435]
[5436 5450]
[5451 5537]
[5538 5581]
[5582 5615]
[5616 5691]
[5692 5738]
[5739 5858]
[5859 5891]
[5892 5910]
[5911 5938]
[5939 5994]
[5995 6049]
[6050 6090]
[6091 6116]
[6117 6140]
[6141 6207]
[6208 6242]
[6243 6310]
[6311 6399]
[6400 6448]
[6449 6470]
[6471 6509]
[6510 6553]
[6554 6639]
[6640 6686]
[6687 6725]
[6726 6775]
[6776 6820]
[6821 7006]
[7007 7067]
[7068 7155]
[7156 7188]
[7189 7208]
[7209 7234]
[7235 7256]
[7257 7281]
[7282 7309]
[7310 7331]
[7332 7354]
[7355 7383]
[7384 7403]
[7404 7422]
[7423 7488]
[7489 7506]
[7507 7560]
[7561 7580]
[7581 7596]
[7597 7616]
[7617 7643]
[7644 7713]
[7714 7754]
[7755 7809]
[7810 7877]
[7878 7936]
[7937 8011]
[8012 8089]
[8090 8155]
[8156 8198]
[8199 8289]
[8290 8369]
[8370 8413]
[8414 8435]
[8436 8508]
[8509 8571]
[8572 8621]
[8622 8680]
[8681 8730]
[8731 8756]
[8757 8808]
[8809 8838]
[8839 8896]
[8897 8967]
[8968 9007]
[9008 9069]
[9070 9105]
[9106 9130]
[9131 9144]
[9145 9168]
[9169 9187]
[9188 9212]
[9213 9253]
[9254 9299]
[9300 9329]
[9330 9381]
[9382 9492]
[9493 9550]
[9551 9586]
[9587 9628]
[9629 9667]
[9668 9699]
[9700 9725]
[9726 9743]
[9744 9896]
[9897 9953]
[9954 10036]
[10037 10068]
[10069 10101]
[10102 10284]
[10285 10401]
[10402 10594]
[10595 11576]
