[0 7]
[8 23]
[24 38]
[39 61]
[62 69]
[70 77]
[78 85]
[86 99]
[100 114]
[115 123]
[124 145]
[146 160]
[161 183]
[184 200]
[201 217]
[218 232]
[233 255]
[256 282]
[283 298]
[299 314]
[315 329]
[330 359]
[360 373]
[374 381]
[382 400]
[401 413]
[415 564]
[565 574]
[575 583]
[584 592]
[593 608]
[609 619]
[620 642]
[643 654]
[655 664]
[665 680]
[681 697]
[698 714]
[715 733]
[734 753]
[754 764]
[765 777]
[778 791]
[792 815]
[816 1051]
[1052 1107]
[1108 1213]
[1214 1374]
[1375 1544]
[1545 1642]
[1643 1674]
[1675 1753]
[1754 1909]
[1910 1979]
[1980 2095]
[2096 2292]
[2293 2335]
[2336 2415]
[2416 2486]
[2487 2535]
[2536 2615]
[2616 2684]
[2685 2739]
[2740 2833]
[2834 2896]
[2897 3051]
[3052 3106]
[3107 3226]
[3227 3273]
[3274 3314]
[3315 3448]
[3449 3494]
[3495 3585]
[3586 3654]
[3655 3760]
[3761 3866]
[3867 4230]
[4231 4340]
[4341 4411]
[4412 4454]
[4455 4533]
[4534 4655]
[4656 4770]
[4771 4860]
[4861 4952]
[4953 5015]
[5016 5060]
[5061 5163]
[5164 5319]
[5320 5390]
[5391 5480]
[5481 5569]
[5570 5715]
[5716 5855]
[5856 5908]
[5909 5948]
[5949 5994]
[5995 6055]
[6056 6111]
[6112 6195]
[6196 6242]
[6243 6319]
[6320 6368]
[6369 6472]
[6473 6531]
[6532 6575]
[6576 6908]
[6909 6989]
[6990 7102]
[7103 7337]
[7338 7391]
[7392 7490]
[7491 7568]
[7569 7657]
[7658 7755]
[7756 7820]
[7821 7943]
[7944 8077]
[8078 8166]
[8167 8237]
[8238 8307]
[8308 8354]
[8355 8408]
[8409 8438]
[8439 8483]
[8484 8682]
[8683 8748]
[8749 8834]
[8835 8914]
[8915 9000]
[9001 9069]
[9070 9137]
[9138 9233]
[9234 9450]
[9451 9541]
[9542 9740]
[9741 9889]
[9890 10018]
[10019 10126]
[10127 10222]
[10223 10308]
[10309 10422]
[10423 10514]
[10515 10654]
[10655 11520]
