[0 7]
[8 23]
[24 38]
[39 61]
[62 69]
[70 77]
[78 85]
[86 92]
[93 99]
[100 114]
[115 123]
[124 145]
[146 160]
[161 170]
[171 183]
[184 197]
[198 217]
[218 239]
[240 255]
[256 269]
[270 282]
[283 298]
[299 314]
[315 329]
[330 343]
[344 359]
[360 373]
[374 387]
[388 414]
[415 646]
[647 723]
[724 815]
[816 890]
[891 944]
[945 1024]
[1025 1194]
[1195 1232]
[1233 1285]
[1286 1326]
[1327 1356]
[1357 1413]
[1414 1453]
[1454 1623]
[1624 1644]
[1645 1679]
[1680 1727]
[1728 1767]
[1768 1797]
[1798 1825]
[1826 1860]
[1861 1889]
[1890 1924]
[1925 2037]
[2038 2064]
[2065 2131]
[2132 2218]
[2219 2274]
[2275 2330]
[2331 2564]
[2565 2769]
[2770 2854]
[2855 2932]
[2933 3099]
[3100 3160]
[3161 3233]
[3234 3381]
[3382 3481]
[3482 3508]
[3509 3682]
[3683 3744]
[3745 3799]
[3800 3882]
[3883 3951]
[3952 4027]
[4028 4076]
[4077 4133]
[4134 4214]
[4215 4302]
[4303 4362]
[4363 4429]
[4430 4472]
[4473 4533]
[4534 4586]
[4587 4643]
[4644 4803]
[4804 4870]
[4871 4929]
[4930 4973]
[4974 5052]
[5053 5134]
[5135 5149]
[5150 5203]
[5204 5268]
[5269 5330]
[5331 5406]
[5407 5454]
[5455 5518]
[5519 5596]
[5597 5703]
[5704 5783]
[5784 5862]
[5863 5977]
[5978 6035]
[6036 6127]
[6128 6259]
[6260 6294]
[6295 6357]
[6358 6433]
[6434 6496]
[6497 6563]
[6564 6588]
[6589 6635]
[6636 6726]
[6727 6747]
[6748 6801]
[6802 6856]
[6857 6969]
[6970 6996]
[6997 7021]
[7022 7050]
[7051 7108]
[7109 7142]
[7143 7200]
[7201 7258]
[7259 7401]
[7402 7437]
[7438 7492]
[7493 7572]
[7573 7633]
[7634 7799]
[7800 7927]
[7928 8005]
[8006 8049]
[8050 8139]
[8140 8220]
[8221 8291]
[8292 8329]
[8330 8372]
[8373 8406]
[8407 8440]
[8441 8516]
[8517 8561]
[8562 8620]
[8621 8657]
[8658 8695]
[8696 8738]
[8739 8806]
[8807 8948]
[8949 9145]
[9146 9183]
[9184 9243]
[9244 9296]
[9297 9419]
[9420 9496]
[9497 9572]
[9573 9619]
[9620 9669]
[9670 9709]
[9710 9767]
[9768 9816]
[9817 9880]
[9881 9945]
[9946 10017]
[10018 10077]
[10078 10129]
[10130 10191]
[10192 10263]
[10264 10387]
[10388 10433]
[10434 10485]
[10486 10560]
[10561 10615]
[10616 10670]
[10671 10728]
[10729 10802]
[10803 10892]
[10893 11088]
[11089 11178]
[11179 11229]
[11230 11268]
[11269 11307]
[11308 11339]
[11340 11378]
[11379 11459]
[11460 11529]
[11530 11594]
[11595 11661]
[11662 11735]
[11736 11822]
[11823 11917]
[11918 11998]
[11999 12174]
[12175 12321]
[12322 12398]
[12399 12581]
[12582 12665]
[12666 12730]
[12731 12820]
[12821 12989]
[12990 13234]
[13235 13524]
