[0 23]
[24 38]
[39 61]
[62 69]
[70 77]
[78 85]
[86 92]
[93 99]
[100 114]
[115 123]
[124 145]
[146 160]
[161 170]
[171 183]
[184 197]
[198 217]
[218 239]
[240 255]
[256 269]
[270 282]
[283 298]
[299 314]
[315 329]
[330 343]
[344 359]
[360 373]
[374 387]
[388 414]
[415 626]
[627 660]
[661 719]
[720 802]
[803 834]
[835 889]
[890 913]
[914 957]
[958 1010]
[1011 1099]
[1100 1253]
[1254 1323]
[1324 1494]
[1495 1650]
[1651 1820]
[1821 2433]
[2434 2501]
[2502 2557]
[2558 2623]
[2624 2700]
[2701 2935]
[2936 3025]
[3026 3173]
[3174 3261]
[3262 3422]
[3423 3590]
[3591 3715]
[3716 3801]
[3802 3912]
[3913 4009]
[4010 4119]
[4120 4235]
[4236 4373]
[4374 4567]
[4568 4667]
[4668 4917]
[4918 5122]
[5123 5299]
[5300 5608]
[5609 5685]
[5686 5820]
[5821 5923]
[5924 6049]
[6050 6184]
[6185 6252]
[6253 6345]
[6346 6408]
[6409 6484]
[6485 6524]
[6525 6588]
[6589 6694]
[6695 6856]
[6857 6908]
[6909 7055]
[7056 7232]
[7233 7376]
[7377 7542]
[7543 7633]
[7634 7675]
[7676 7750]
[7751 7797]
[7798 7848]
[7849 7890]
[7891 7972]
[7973 8021]
[8022 8095]
[8096 8249]
[8250 8381]
[8382 8676]
[8677 8801]
[8802 8868]
[8869 9061]
[9062 9218]
[9219 9467]
[9468 9543]
[9544 9598]
[9599 9802]
[9803 9962]
[9963 10020]
[10021 10125]
[10126 10209]
[10210 10289]
[10290 10456]
[10457 10625]
[10626 10737]
[10738 10842]
[10843 10943]
[10944 10994]
[10995 11071]
[11072 11160]
[11161 11246]
[11247 11355]
[11356 11415]
[11416 11497]
[11498 11585]
[11586 11953]
[11954 12164]
[12165 12892]
[12893 12961]
