[0 7]
[8 23]
[24 38]
[39 61]
[62 69]
[70 77]
[78 85]
[86 99]
[100 114]
[115 123]
[124 145]
[146 160]
[161 183]
[184 200]
[201 217]
[218 232]
[233 255]
[256 282]
[283 298]
[299 314]
[315 329]
[330 359]
[360 373]
[374 381]
[382 400]
[401 413]
[415 545]
[546 643]
[644 766]
[767 838]
[839 895]
[896 928]
[929 958]
[959 994]
[995 1028]
[1029 1181]
[1182 1266]
[1267 1346]
[1347 1406]
[1407 1462]
[1463 1669]
[1670 1694]
[1695 1829]
[1830 1922]
[1923 1968]
[1969 2027]
[2028 2101]
[2102 2185]
[2186 2251]
[2252 2304]
[2305 2331]
[2332 2389]
[2390 2428]
[2429 2470]
[2471 2499]
[2500 2575]
[2576 2609]
[2610 2680]
[2681 2762]
[2763 2865]
[2866 2903]
[2904 2971]
[2972 3048]
[3049 3139]
[3140 3202]
[3203 3251]
[3252 3299]
[3300 3387]
[3388 3497]
[3498 3561]
[3562 3615]
[3616 3681]
[3682 3766]
[3767 3817]
[3818 3869]
[3870 3900]
[3901 3961]
[3962 4015]
[4016 4070]
[4071 4101]
[4102 4166]
[4167 4206]
[4207 4321]
[4322 4390]
[4391 4514]
[4515 4553]
[4554 4608]
[4609 4642]
[4643 4717]
[4718 4763]
[4764 4814]
[4815 4866]
[4867 4941]
[4942 5090]
[5091 5251]
[5252 5283]
[5284 5407]
[5408 5474]
[5475 5549]
[5550 5573]
[5574 5632]
[5633 5664]
[5665 5722]
[5723 5806]
[5807 5850]
[5851 5892]
[5893 5975]
[5976 6000]
[6001 6023]
[6024 6078]
[6079 6154]
[6155 6207]
[6208 6267]
[6268 6312]
[6313 6354]
[6355 6379]
[6380 6430]
[6431 6511]
[6512 6597]
[6598 6639]
[6640 6767]
[6768 6902]
[6903 6977]
[6978 7059]
[7060 7148]
[7149 7177]
[7178 7269]
[7270 7337]
[7338 7363]
[7364 7441]
[7442 7492]
[7493 7532]
[7533 7593]
[7594 7678]
[7679 7718]
[7719 7756]
[7757 7871]
[7872 7968]
[7969 8020]
[8021 8079]
[8080 8153]
[8154 8216]
[8217 8253]
[8254 8315]
[8316 8349]
[8350 8385]
[8386 8455]
[8456 8490]
[8491 8565]
[8566 8642]
[8643 8698]
[8699 8724]
[8725 8752]
[8753 8786]
[8787 8824]
[8825 8890]
[8891 8952]
[8953 9009]
[9010 9059]
[9060 9105]
[9106 9146]
[9147 9177]
[9178 9342]
[9343 9502]
[9503 9854]
[9855 9903]
[9904 9937]
[9938 9969]
[9970 10086]
[10087 10151]
[10152 10332]
[10333 10375]
[10376 10574]
[10575 10928]
