[0 7]
[8 23]
[24 38]
[39 61]
[62 69]
[70 77]
[78 85]
[86 99]
[100 114]
[115 123]
[124 145]
[146 160]
[161 183]
[184 200]
[201 217]
[218 232]
[233 255]
[256 282]
[283 298]
[299 314]
[315 329]
[330 359]
[360 373]
[374 381]
[382 400]
[401 413]
[415 691]
[692 844]
[845 854]
[855 866]
[867 887]
[888 906]
[907 921]
[922 942]
[943 966]
[967 1010]
[1011 1037]
[1038 1085]
[1086 1113]
[1114 1139]
[1140 1206]
[1207 1335]
[1336 1379]
[1380 1417]
[1418 1471]
[1472 1521]
[1522 1583]
[1584 1631]
[1632 1725]
[1726 1774]
[1775 1813]
[1814 1908]
[1909 1984]
[1985 2024]
[2025 2106]
[2107 2170]
[2171 2290]
[2291 2335]
[2336 2375]
[2376 2438]
[2439 2512]
[2513 2638]
[2639 2842]
[2843 2870]
[2871 3115]
[3116 3254]
[3255 3357]
[3358 3484]
[3485 3529]
[3530 3763]
[3764 4117]
[4118 4373]
[4374 4466]
[4467 4548]
[4549 4643]
[4644 4799]
[4800 4934]
[4935 4984]
[4985 5037]
[5038 5095]
[5096 5200]
[5201 5279]
[5280 5346]
[5347 5405]
[5406 5468]
[5469 5562]
[5563 5622]
[5623 5669]
[5670 5842]
[5843 5911]
[5912 6052]
[6053 6106]
[6107 6397]
[6398 6530]
[6531 6631]
[6632 6737]
[6738 7410]
[7411 7736]
[7737 7850]
[7851 8093]
[8094 8140]
[8141 8193]
[8194 8227]
[8228 8380]
[8381 8451]
[8452 8551]
[8552 8662]
[8663 8751]
[8752 8803]
[8804 8994]
[8995 9049]
[9050 9282]
[9283 9389]
[9390 9499]
[9500 9753]
[9754 9848]
[9849 9920]
[9921 9996]
[9997 10070]
[10071 10113]
[10114 10149]
[10150 10227]
[10228 10281]
[10282 10378]
[10379 10995]
[10996 11142]
