[0 7]
[8 23]
[24 38]
[39 61]
[62 69]
[70 77]
[78 85]
[86 92]
[93 99]
[100 114]
[115 123]
[124 145]
[146 160]
[161 170]
[171 183]
[184 197]
[198 217]
[218 239]
[240 255]
[256 269]
[270 282]
[283 298]
[299 314]
[315 329]
[330 343]
[344 359]
[360 373]
[374 387]
[388 414]
[415 655]
[656 737]
[738 822]
[823 861]
[862 885]
[886 989]
[990 1199]
[1200 1350]
[1351 1476]
[1477 1563]
[1564 1643]
[1644 1741]
[1742 1891]
[1892 1993]
[1994 2071]
[2072 2123]
[2124 2170]
[2171 2259]
[2260 2538]
[2539 2887]
[2888 2996]
[2997 3127]
[3128 3188]
[3189 3263]
[3264 3355]
[3356 3419]
[3420 3477]
[3478 3533]
[3534 3582]
[3583 3618]
[3619 3709]
[3710 3880]
[3881 3937]
[3938 4034]
[4035 4088]
[4089 4294]
[4295 4458]
[4459 4509]
[4510 4609]
[4610 4759]
[4760 4833]
[4834 4884]
[4885 4951]
[4952 5023]
[5024 5097]
[5098 5170]
[5171 5263]
[5264 5359]
[5360 5494]
[5495 5607]
[5608 5650]
[5651 5985]
[5986 6079]
[6080 6185]
[6186 6246]
[6247 6430]
[6431 6558]
[6559 6936]
[6937 7121]
[7122 7216]
[7217 7355]
[7356 7479]
[7480 7532]
[7533 7608]
[7609 7649]
[7650 7718]
[7719 7951]
[7952 8006]
[8007 8086]
[8087 8157]
[8158 8238]
[8239 8290]
[8291 8401]
[8402 8455]
[8456 8494]
[8495 8707]
[8708 8789]
[8790 8861]
[8862 9020]
[9021 9177]
[9178 9300]
[9301 9369]
[9370 9436]
[9437 9508]
[9509 9555]
[9556 9618]
[9619 9667]
[9668 9714]
[9715 9805]
[9806 9914]
[9915 10029]
[10030 10141]
[10142 10226]
[10227 10290]
[10291 10377]
[10378 10456]
[10457 10499]
[10500 10554]
[10555 10578]
[10579 10773]
[10774 11038]
[11039 11142]
[11143 11260]
[11261 11345]
[11346 11404]
[11405 11447]
[11448 11479]
[11480 11583]
[11584 11647]
[11648 11849]
[11850 11951]
[11952 12046]
[12047 12295]
[12296 12974]
[12975 13039]
[13040 13087]
[13088 13181]
