[0 7]
[8 23]
[24 38]
[39 61]
[62 69]
[70 77]
[78 85]
[86 99]
[100 114]
[115 123]
[124 145]
[146 160]
[161 183]
[184 200]
[201 217]
[218 232]
[233 255]
[256 282]
[283 298]
[299 314]
[315 329]
[330 359]
[360 373]
[374 381]
[382 400]
[401 413]
[415 569]
[570 582]
[583 600]
[601 638]
[639 660]
[661 684]
[685 704]
[705 720]
[721 744]
[745 760]
[761 779]
[780 802]
[803 825]
[826 840]
[841 853]
[854 875]
[876 892]
[893 905]
[906 925]
[926 1076]
[1077 1373]
[1374 1503]
[1504 1627]
[1628 1699]
[1700 1777]
[1778 1831]
[1832 1872]
[1873 1917]
[1918 1970]
[1971 2010]
[2011 2079]
[2080 2186]
[2187 2263]
[2264 2341]
[2342 2370]
[2371 2398]
[2399 2427]
[2428 2467]
[2468 2493]
[2494 2524]
[2525 2565]
[2566 2616]
[2617 2647]
[2648 2717]
[2718 2774]
[2775 2912]
[2913 3165]
[3166 3196]
[3197 3225]
[3226 3248]
[3249 3290]
[3291 3329]
[3330 3347]
[3348 3387]
[3388 3439]
[3440 3498]
[3499 3578]
[3579 3652]
[3653 3719]
[3720 3808]
[3809 3870]
[3871 3933]
[3934 3961]
[3962 4031]
[4032 4098]
[4099 4369]
[4370 4542]
[4543 4617]
[4618 4701]
[4702 4750]
[4751 4829]
[4830 4923]
[4924 5015]
[5016 5186]
[5187 5338]
[5339 5481]
[5482 5551]
[5552 5650]
[5651 5702]
[5703 5748]
[5749 5818]
[5819 5842]
[5843 5877]
[5878 5912]
[5913 6037]
[6038 6066]
[6067 6113]
[6114 6201]
[6202 6261]
[6262 6283]
[6284 6435]
[6436 6462]
[6463 6526]
[6527 6584]
[6585 6656]
[6657 6685]
[6686 6740]
[6741 6788]
[6789 6861]
[6862 6997]
[6998 7055]
[7056 7155]
[7156 7191]
[7192 7247]
[7248 7309]
[7310 7434]
[7435 7546]
[7547 7615]
[7616 7792]
[7793 8211]
[8212 8310]
[8311 8345]
[8346 8387]
[8388 8546]
[8547 8651]
[8652 8736]
[8737 8845]
[8846 8943]
[8944 9158]
[9159 9224]
[9225 9332]
[9333 9521]
[9522 9626]
[9627 9795]
[9796 10011]
[10012 10031]
[10032 10067]
[10068 10110]
[10111 10179]
[10180 10211]
[10212 10274]
[10275 10320]
[10321 10433]
[10434 10565]
[10566 10691]
[10692 10805]
[10806 10840]
[10841 10904]
[10905 11003]
[11004 11051]
[11052 11094]
[11095 11158]
[11159 12214]
[12215 12747]
