[0 7]
[8 23]
[24 38]
[39 61]
[62 69]
[70 77]
[78 85]
[86 99]
[100 114]
[115 123]
[124 145]
[146 160]
[161 183]
[184 200]
[201 217]
[218 232]
[233 255]
[256 282]
[283 298]
[299 314]
[315 329]
[330 359]
[360 373]
[374 381]
[382 400]
[401 413]
[415 545]
[546 722]
[723 763]
[764 808]
[809 854]
[855 965]
[966 1036]
[1037 1111]
[1112 1229]
[1230 1272]
[1273 1302]
[1303 1346]
[1347 1386]
[1387 1410]
[1411 1460]
[1461 1508]
[1509 1579]
[1580 1663]
[1664 1727]
[1728 1806]
[1807 1926]
[1927 1974]
[1975 2037]
[2038 2107]
[2108 2195]
[2196 2300]
[2301 2548]
[2549 2600]
[2601 2701]
[2702 2819]
[2820 3088]
[3089 3167]
[3168 3239]
[3240 3275]
[3276 3336]
[3337 3422]
[3423 3501]
[3502 3564]
[3565 3623]
[3624 3676]
[3677 3737]
[3738 3782]
[3783 3837]
[3838 3861]
[3862 3884]
[3885 3931]
[3932 3956]
[3957 4008]
[4009 4037]
[4038 4208]
[4209 4253]
[4254 4295]
[4296 4389]
[4390 4482]
[4483 4518]
[4519 4579]
[4580 4603]
[4604 4637]
[4638 4677]
[4678 4768]
[4769 4827]
[4828 4853]
[4854 4932]
[4933 5000]
[5001 5037]
[5038 5077]
[5078 5209]
[5210 5257]
[5258 5309]
[5310 5358]
[5359 5433]
[5434 5497]
[5498 5534]
[5535 5715]
[5716 5769]
[5770 5864]
[5865 6008]
[6009 6124]
[6125 6206]
[6207 6283]
[6284 6328]
[6329 6405]
[6406 6438]
[6439 6461]
[6462 6485]
[6486 6528]
[6529 6563]
[6564 6610]
[6611 6637]
[6638 6692]
[6693 6739]
[6740 6779]
[6780 6834]
[6835 6895]
[6896 6943]
[6944 6975]
[6976 7005]
[7006 7056]
[7057 7132]
[7133 7208]
[7209 7281]
[7282 7320]
[7321 7405]
[7406 7535]
[7536 7644]
[7645 7767]
[7768 7846]
[7847 7898]
[7899 8130]
[8131 8235]
[8236 8280]
[8281 8320]
[8321 8390]
[8391 8458]
[8459 8481]
[8482 8508]
[8509 8549]
[8550 8601]
[8602 8693]
[8694 8911]
[8912 9010]
[9011 9270]
[9271 9352]
[9353 9559]
[9560 9597]
[9598 9627]
[9628 9658]
[9659 9704]
[9705 9728]
[9729 9824]
[9825 9848]
[9849 9883]
[9884 9915]
[9916 9982]
[9983 10048]
[10049 10112]
[10113 10129]
[10130 10202]
[10203 10267]
[10268 10355]
[10356 10439]
[10440 10562]
[10563 10616]
[10617 10680]
[10681 10760]
[10761 10853]
[10854 10991]
[10992 11019]
[11020 11071]
[11072 11113]
[11114 11165]
[11166 11223]
[11224 11311]
[11312 11349]
[11350 11415]
[11416 11453]
[11454 11508]
[11509 11542]
[11543 11584]
[11585 11679]
[11680 11748]
[11749 11809]
[11810 11888]
[11889 11937]
[11938 12012]
[12013 12070]
[12071 12108]
[12109 12207]
[12208 12346]
[12347 12384]
[12385 12450]
[12451 12518]
[12519 12583]
[12584 12684]
[12685 12819]
[12820 12967]
[12968 13136]
[13137 13285]
[13286 13414]
[13415 13532]
[13533 13745]
[13746 13990]
[13991 14072]
[14073 14152]
[14153 14184]
[14185 14274]
[14275 14319]
[14320 14366]
