[0 9]
[ 11 345]
[346 401]
[402 437]
[438 467]
[468 495]
[496 528]
[529 570]
[571 609]
[610 652]
[653 684]
[685 715]
[716 747]
[748 777]
[778 830]
[831 880]
[881 979]
[ 980 1525]
[1526 1568]
[1569 1639]
[1640 1693]
[1694 1754]
[1755 1798]
[1799 1863]
[1864 1923]
[1924 1974]
[1975 2023]
[2024 2054]
[2055 2107]
[2108 2139]
[2140 2189]
[2190 2260]
[2261 2314]
[2315 2369]
[2370 2502]
[2503 2564]
[2565 2612]
[2613 2664]
[2665 2710]
[2711 2761]
[2762 2824]
[2825 2875]
[2876 2912]
[2913 2952]
[2953 2995]
[2996 3052]
[3053 3479]
[3480 3605]
[3606 3726]
[3727 3833]
[3834 4004]
[4005 4106]
[4107 4283]
[4284 4641]
[4642 4949]
[4950 5153]
[5154 5310]
[5311 5756]
[5757 5817]
[5818 5895]
[5896 5942]
[5943 6023]
[6024 6117]
[6118 6203]
[6204 6288]
[6289 6327]
[6328 6366]
[6367 6495]
[6496 6556]
[6557 6620]
[6621 6676]
[6677 6741]
[6742 6795]
[6796 6922]
[6923 6951]
[6952 6994]
[6995 7028]
[7029 7077]
[7078 7164]
[7165 7239]
[7240 7302]
[7303 7898]
[7899 7948]
[7949 8006]
[8007 8072]
[8073 8092]
[8093 8153]
[8154 8213]
[8214 8259]
[8260 8306]
[8307 8338]
[8339 8403]
[8404 8467]
[8468 8566]
[8567 8589]
[8590 8640]
[8641 8682]
[8683 8717]
[8718 8741]
[8742 8794]
[8795 8836]
[8837 8928]
[8929 9025]
[9026 9062]
[9063 9106]
[9107 9153]
[9154 9192]
[9193 9230]
[9231 9277]
[9278 9304]
[9305 9339]
[9340 9381]
[9382 9412]
[9413 9442]
[9443 9488]
[9489 9874]
[9875 9944]
[ 9945 10038]
[10039 10085]
[10086 10158]
[10159 10221]
[10222 10266]
[10267 10371]
[10372 10423]
[10424 10479]
[10480 10509]
[10510 10551]
[10552 10571]
[10572 10619]
[10620 10671]
[10672 10751]
[10752 10845]
[10846 10896]
[10897 10943]
[10944 10984]
[10985 11025]
[11026 11124]
[11125 11160]
[11161 11192]
[11193 11289]
[11290 11711]
[11712 11786]
[11787 11871]
[11872 12029]
[12030 12104]
[12105 12594]
[12595 12718]
[12719 12769]
[12770 12813]
[12814 13189]
[13190 13236]
[13237 13349]
[13350 13687]
[13688 13732]
[13733 13810]
[13811 13834]
[13835 14099]
[14100 14242]
[14243 14300]
[14301 14379]
[14380 14561]
[14562 14602]
[14603 14657]
[14658 14707]
[14708 14743]
[14744 14802]
[14803 15161]
[15163 15311]
[15312 15927]
[15928 15977]
[15978 16170]
[16171 16269]
[16270 16402]
[16403 16511]
[16512 16634]
[16635 16740]
[16741 16886]
[16887 17156]
[17157 17423]
[17424 17711]
[17712 17834]
[17835 17867]
[17868 18012]
[18013 18063]
[18064 18110]
[18111 18151]
[18152 18192]
[18193 18245]
[18246 18292]
[18293 18334]
[18335 18457]
[18458 18877]
[18878 18924]
[18925 19016]
[19017 19160]
[19161 19209]
[19210 19279]
[19280 19320]
[19321 19418]
[19419 19492]
[19493 19553]
[19554 19658]
[19659 19740]
[19741 19789]
[19790 19874]
[19875 19974]
[19975 20078]
[20079 20160]
[20161 20223]
[20224 20276]
[20277 20324]
[20325 20367]
[20368 20414]
[20415 20792]
[20793 20863]
[20864 20948]
[20949 21055]
[21056 21176]
[21177 21280]
[21281 21349]
[21350 21449]
[21450 21536]
[21537 21608]
[21609 21715]
[21716 21839]
[21840 21907]
[21908 22293]
[22294 22379]
[22380 22472]
[22473 22560]
[22561 22677]
[22678 22774]
[22775 22838]
[22839 22902]
[22903 23173]
[23174 23256]
[23257 23328]
[23329 23413]
[23414 23509]
[23510 23598]
[23599 24066]
[24068 24127]
[24128 24207]
[24208 24278]
[24279 24383]
[24384 24488]
[24489 24645]
[24646 24816]
[24817 24913]
[24914 24998]
[24999 25112]
[25113 25377]
[25380 25533]
[25534 25580]
[25581 25683]
[25684 25724]
[25725 25812]
[25813 25853]
[25854 26160]
[26161 26202]
[26203 26307]
[26308 26388]
[26389 26471]
[26472 26833]
[26834 27058]
[27059 27102]
[27103 27227]
[27228 27288]
[27289 27326]
[27327 27403]
[27404 27523]
[27524 27556]
[27557 27606]
[27607 27659]
[27660 27703]
[27704 27776]
[27777 27823]
[27824 27944]
[27945 28015]
[28016 28067]
[28068 28120]
[28121 28171]
[28172 28221]
[28222 28283]
[28284 28484]
[28485 28624]
[28626 28686]
[28687 28880]
[28881 28933]
[28934 28982]
[28983 29026]
[29027 29067]
[29068 29144]
[29145 29204]
[29205 29243]
[29244 29342]
[29343 29368]
[29369 29422]
[29423 29442]
[29443 29475]
[29476 29519]
[29520 29587]
[29588 29610]
[29611 29647]
[29648 29685]
[29686 29747]
[29748 29822]
[29823 29922]
[29923 29971]
[29972 30019]
[30020 30075]
[30076 30120]
[30121 30159]
[30160 30189]
[30190 30225]
[30226 30679]
[30681 31103]
[31104 31161]
[31162 31214]
[31215 31280]
[31281 31442]
[31443 31489]
[31490 31587]
[31588 31636]
[31637 31740]
[31741 31890]
[31891 32133]
[32134 32529]
[32530 32759]
[32760 32911]
[32912 33551]
[33552 33607]
[33608 33654]
[33655 33714]
[33715 33786]
[33787 34182]
[34183 34299]
