[0 9]
[ 11 309]
[310 353]
[354 404]
[405 436]
[437 500]
[501 560]
[561 612]
[613 648]
[649 686]
[687 768]
[769 894]
[ 895 1454]
[1455 1499]
[1500 1529]
[1530 1572]
[1573 1659]
[1660 1728]
[1729 1787]
[1788 1860]
[1861 1957]
[1958 2017]
[2018 2074]
[2075 2149]
[2150 2235]
[2236 2288]
[2289 2314]
[2315 2363]
[2364 2468]
[2469 2501]
[2502 2750]
[2751 2814]
[2815 2876]
[2877 2924]
[2925 2986]
[2987 3041]
[3042 3110]
[3111 3141]
[3142 3180]
[3181 3201]
[3202 3245]
[3246 3289]
[3290 3317]
[3318 3437]
[3438 3602]
[3603 3737]
[3738 3768]
[3769 3791]
[3792 3836]
[3837 3886]
[3887 4024]
[4025 4088]
[4089 4127]
[4128 4609]
[4610 4688]
[4689 4728]
[4729 4790]
[4791 4835]
[4836 4911]
[4912 4970]
[4971 5004]
[5005 5049]
[5050 5097]
[5098 5140]
[5141 5234]
[5235 5285]
[5286 5336]
[5337 5416]
[5417 5433]
[5434 5488]
[5489 5534]
[5535 5581]
[5582 5654]
[5655 5709]
[5710 5758]
[5759 5807]
[5808 5883]
[5884 5920]
[5921 5954]
[5955 5969]
[5970 6001]
[6002 6025]
[6026 6280]
[6281 6339]
[6340 6461]
[6462 6567]
[6568 6657]
[6658 6748]
[6749 6817]
[6818 6897]
[6898 6968]
[6969 7020]
[7021 7104]
[7105 7154]
[7155 7339]
[7340 7574]
[7575 7825]
[7826 7993]
[7994 8033]
[8034 8161]
[8162 8193]
[8194 8230]
[8231 8268]
[8269 8295]
[8296 8341]
[8342 8382]
[8383 8409]
[8410 8446]
[8447 8495]
[8496 8531]
[8532 8594]
[8595 9016]
[9017 9199]
[9200 9273]
[9274 9357]
[9358 9444]
[9445 9504]
[9505 9614]
[9615 9699]
[9700 9847]
[9848 9923]
[ 9924 10014]
[10015 10031]
[10032 10106]
[10107 10294]
[10295 10541]
[10542 10669]
[10670 10766]
[10767 10860]
[10861 10946]
[10947 11062]
[11063 11098]
[11099 11371]
[11372 11503]
[11504 11683]
[11684 11840]
[11841 11942]
[11943 12073]
[12074 12154]
[12155 12291]
[12292 12335]
[12336 12613]
[12614 12669]
[12670 12726]
[12727 12775]
[12776 12860]
[12861 12926]
[12927 12993]
[12994 13059]
[13060 13126]
[13127 13185]
[13186 13250]
[13251 13281]
[13282 13338]
[13339 13389]
[13390 13446]
[13447 13511]
[13512 13603]
[13604 14106]
[14107 14203]
[14204 14326]
[14327 14395]
[14396 14466]
[14467 14548]
[14549 14635]
[14636 14726]
[14727 14960]
[14961 15066]
[15067 15088]
[15089 15225]
[15226 15440]
[15441 15482]
[15483 15511]
[15512 15535]
[15536 16022]
[16023 16290]
[16291 16366]
[16367 16409]
[16410 16464]
[16465 16518]
[16519 16584]
[16585 16630]
[16631 16679]
[16680 16743]
[16744 16814]
[16815 16865]
[16866 16903]
[16904 16970]
[16971 17022]
[17023 17056]
[17057 17121]
[17122 17150]
[17151 17191]
[17192 17230]
[17231 17288]
[17289 17387]
[17388 17757]
[17758 18066]
[18067 18204]
[18205 18293]
[18294 18395]
[18396 18469]
[18470 18593]
[18594 18780]
[18781 18890]
[18891 18986]
[18987 19019]
[19020 19235]
[19236 19397]
[19398 19587]
[19588 19760]
[19761 19840]
[19841 19892]
[19893 19983]
[19984 20115]
[20116 20361]
[20362 20437]
[20438 20500]
[20501 20558]
[20559 20620]
[20621 20702]
[20703 20811]
[20812 20837]
[20838 20874]
[20875 20917]
[20918 20922]
[20923 21178]
[21179 21299]
