[ 0 11]
[ 12 303]
[304 360]
[361 412]
[413 457]
[458 489]
[490 540]
[541 573]
[574 611]
[612 639]
[640 674]
[675 705]
[706 734]
[735 807]
[ 808 1108]
[1109 1430]
[1431 1547]
[1548 1855]
[1856 2170]
[2171 2312]
[2313 2496]
[2497 2835]
[2836 2977]
[2978 3056]
[3057 3104]
[3105 3171]
[3173 3225]
[3226 3304]
[3305 3456]
[3457 3586]
[3587 3703]
[3704 3822]
[3823 3925]
[3926 4034]
[4035 4095]
[4096 4412]
[4413 4473]
[4474 4542]
[4543 4612]
[4613 4679]
[4680 4744]
[4745 4807]
[4808 4855]
[4856 4897]
[4898 5036]
[5037 5057]
[5058 5112]
[5113 5152]
[5153 5178]
[5179 5226]
[5227 5243]
[5244 5296]
[5297 5390]
[5391 5463]
[5464 5533]
[5534 5601]
[5602 5668]
[5669 5728]
[5729 5798]
[5799 5858]
[5859 5921]
[5922 5937]
[5938 6003]
[6004 6607]
[6608 6659]
[6660 6760]
[6761 6798]
[6799 6842]
[6843 6979]
[6980 7098]
[7099 7137]
[7138 7175]
[7176 7220]
[7221 7248]
[7249 7270]
[7271 7301]
[7302 7415]
[7416 7448]
[7449 7487]
[7488 7525]
[7526 7787]
[7788 7817]
[7818 7863]
[7864 7908]
[7909 7960]
[7961 8011]
[8012 8049]
[8050 8104]
[8105 8465]
[8466 8508]
[8509 8547]
[8548 8638]
[8639 8751]
[8752 8839]
[8840 8898]
[8899 8935]
[8936 8973]
[8974 9050]
[9051 9111]
[9112 9188]
[9189 9237]
[9238 9263]
[9264 9380]
[9381 9426]
[9427 9482]
[9483 9512]
[9513 9555]
[9556 9579]
[9580 9652]
[9653 9685]
[9686 9744]
[9745 9804]
[9805 9860]
[9861 9934]
[9935 9961]
[9962 9996]
[ 9997 10037]
[10038 10269]
[10271 10706]
[10707 10953]
[10954 11002]
[11003 11025]
[11026 11077]
[11078 11103]
[11104 11162]
[11163 11191]
[11192 11245]
[11246 11324]
[11325 11374]
[11375 11445]
[11446 11471]
[11472 11537]
[11538 11570]
[11571 11630]
[11631 11836]
[11837 11989]
[11990 12238]
[12239 12314]
[12315 12424]
[12425 12491]
[12492 12540]
[12541 12660]
[12661 12726]
[12727 12801]
[12802 13053]
[13054 13172]
[13173 13213]
[13214 13279]
[13280 13321]
[13322 13383]
[13384 13455]
[13456 13492]
[13493 13583]
[13584 13619]
[13620 13691]
[13692 13762]
[13763 13833]
[13834 13871]
[13872 13929]
[13930 13952]
[13953 13995]
[13996 14102]
[14103 14343]
[14344 14388]
[14389 14449]
[14450 14482]
[14483 14524]
[14525 14573]
[14574 14624]
[14625 14693]
[14694 14785]
[14786 15334]
[15335 15379]
[15380 15488]
[15489 15545]
[15546 15606]
[15607 15677]
[15678 15708]
[15709 15744]
[15745 15808]
[15809 15852]
[15853 15871]
[15872 15893]
[15894 15940]
[15941 15965]
[15966 16011]
[16012 16090]
[16091 16150]
[16151 16202]
[16203 16250]
[16251 16308]
[16309 16335]
[16336 16412]
[16413 16479]
[16480 16539]
[16540 16668]
[16669 16690]
[16691 16756]
[16757 16775]
[16776 17037]
[17038 17278]
[17279 17562]
[17563 17688]
[17689 17974]
[17975 18154]
[18155 18335]
[18336 18414]
[18415 18464]
[18465 18998]
[18999 19047]
[19048 19131]
[19132 19152]
[19153 19209]
[19210 19250]
[19251 19291]
[19292 19349]
[19350 19395]
[19396 19456]
[19457 19505]
[19506 19559]
[19560 19621]
[19622 19680]
[19681 19761]
[19762 19851]
[19852 19906]
[19907 19965]
[19966 20031]
[20032 20082]
[20083 20114]
[20115 20162]
[20163 20217]
[20218 20638]
[20639 20749]
[20750 20780]
[20781 20832]
[20833 20892]
[20893 20965]
[20966 20985]
[20986 21060]
[21061 21096]
[21097 21128]
[21129 21174]
[21175 21284]
[21285 21358]
[21359 21449]
[21450 21536]
[21537 21587]
[21588 21628]
[21629 22037]
[22038 22143]
[22144 22199]
[22200 22296]
[22297 22413]
[22414 22482]
[22483 22549]
[22550 22632]
[22633 22676]
[22677 22791]
[22792 22849]
[22850 22914]
[22915 22969]
[22970 23011]
[23012 23032]
[23033 23161]
[23162 23288]
[23289 23363]
[23364 23464]
[23465 23721]
[23722 23772]
[23773 23826]
[23827 23924]
[23925 24072]
[24073 24207]
[24208 24462]
[24463 24513]
[24514 24642]
[24643 24833]
[24834 25062]
[25063 25261]
[25262 25339]
[25340 25423]
[25424 25754]
[25755 25975]
[25976 26105]
[26106 26284]
[26285 26372]
[26373 26495]
[26496 26555]
[26556 26597]
[26598 26695]
[26696 27311]
[27312 27366]
[27367 27383]
[27384 27437]
[27438 27523]
[27524 27578]
[27579 27618]
[27619 27687]
[27688 27741]
[27742 27796]
[27797 27835]
[27836 27879]
[27880 27908]
[27909 27970]
[27971 28010]
[28011 28060]
[28061 28092]
[28093 28157]
[28158 28206]
[28207 28242]
[28243 28300]
[28301 28671]
[28672 28749]
