[ 0 23]
[ 24 392]
[393 437]
[438 480]
[481 519]
[520 558]
[559 600]
[601 643]
[644 768]
[769 838]
[839 882]
[883 972]
[ 973 1518]
[1519 1544]
[1545 1577]
[1578 1619]
[1620 1711]
[1712 1778]
[1779 1834]
[1835 1882]
[1883 1939]
[1940 1995]
[1996 2014]
[2015 2258]
[2259 2316]
[2317 2382]
[2383 2400]
[2401 2475]
[2476 2519]
[2520 2541]
[2542 2639]
[2640 2663]
[2664 2699]
[2700 2732]
[2733 2772]
[2773 2794]
[2795 2860]
[2861 2941]
[2942 3022]
[3023 3048]
[3049 3063]
[3064 3468]
[3469 3515]
[3516 3560]
[3561 3604]
[3605 3636]
[3637 3680]
[3681 3724]
[3725 3777]
[3778 3826]
[3827 3876]
[3877 3914]
[3915 4045]
[4046 4084]
[4085 4108]
[4109 4241]
[4242 4275]
[4276 4313]
[4314 4346]
[4347 4409]
[4410 4459]
[4460 4517]
[4518 4554]
[4555 4585]
[4586 4755]
[4756 4785]
[4786 4816]
[4817 4870]
[4871 4942]
[4943 5013]
[5014 5064]
[5065 5126]
[5127 5566]
[5567 5621]
[5622 5664]
[5665 5718]
[5719 5846]
[5847 5914]
[5915 5916]
[5917 6000]
[6001 6026]
[6027 6095]
[6096 6146]
[6147 6210]
[6211 6276]
[6277 6344]
[6345 6395]
[6396 6469]
[6470 6541]
[6542 6611]
[6612 6684]
[6685 6778]
[6779 6823]
[6824 6878]
[6879 6942]
[6943 7003]
[7004 7049]
[7050 7090]
[7091 7412]
[7413 7920]
[7921 8201]
[8202 8382]
[8383 8502]
[8503 8585]
[8586 9013]
[9014 9088]
[9089 9168]
[9169 9244]
[9245 9301]
[9302 9398]
[9399 9493]
[9494 9565]
[9566 9658]
[9659 9762]
[9763 9841]
[9842 9917]
[9918 9995]
[ 9996 10071]
[10072 10128]
[10129 10210]
[10211 10301]
[10302 10405]
[10406 10489]
[10490 10518]
[10519 10581]
[10582 10686]
[10687 10738]
[10739 10784]
[10785 10820]
[10821 10866]
[10867 10925]
[10926 10961]
[10962 11002]
[11003 11039]
[11040 11125]
[11126 11542]
[11543 11592]
[11593 11651]
[11652 11698]
[11699 11746]
[11747 11871]
[11872 11944]
[11945 11995]
[11996 12064]
[12065 12104]
[12105 12150]
[12151 12194]
[12195 12256]
[12257 12349]
[12350 12372]
[12373 12415]
[12416 12487]
[12488 12791]
[12792 12835]
[12836 12874]
[12875 12898]
[12899 12962]
[12963 13015]
[13016 13081]
[13082 13137]
[13138 13205]
[13206 13314]
[13315 13367]
[13368 13439]
[13440 13507]
[13508 13575]
[13576 13856]
[13857 13922]
[13923 13993]
[13994 14024]
[14025 14095]
[14096 14161]
[14162 14205]
[14206 14282]
[14283 14360]
[14361 14452]
[14453 14484]
[14485 14566]
[14567 14590]
[14591 14684]
[14685 14771]
[14772 14812]
[14813 14889]
[14890 14942]
[14943 15030]
[15031 15435]
[15436 15495]
[15496 15531]
[15532 15596]
[15597 15681]
[15682 15759]
[15760 15794]
[15795 15927]
[15928 15999]
[16000 16129]
[16130 16186]
[16187 16256]
[16257 16323]
[16324 16384]
[16385 16648]
[16649 16930]
[16931 16962]
[16963 17228]
[17229 17325]
[17326 17440]
[17441 17491]
[17492 17536]
[17537 17577]
[17578 17620]
[17621 17667]
[17668 17719]
[17720 17770]
[17771 17800]
[17801 17880]
[17881 18272]
[18273 18324]
[18325 18369]
[18370 18452]
[18453 18524]
[18525 18596]
[18597 18667]
[18668 18733]
[18734 18915]
[18916 18946]
[18947 19044]
[19045 19180]
[19181 19274]
[19275 19376]
[19377 19482]
[19483 19560]
[19561 19954]
[19955 20062]
[20063 20138]
[20139 20249]
[20250 20404]
[20405 20530]
[20531 20593]
[20594 20668]
[20669 20769]
[20770 20876]
[20877 21031]
[21032 21111]
[21112 21154]
[21155 21275]
[21276 21337]
[21338 21417]
[21418 21510]
[21511 21838]
[21839 21890]
[21891 22029]
[22030 22223]
[22224 22277]
[22278 22326]
[22327 22387]
[22388 22443]
[22444 22499]
[22500 22638]
[22639 22785]
[22786 22863]
[22864 22937]
[22938 23011]
[23012 23112]
[23113 23438]
[23439 23479]
[23480 23531]
[23532 23596]
[23597 23626]
[23627 23673]
[23674 23741]
[23742 23836]
[23837 23903]
[23904 23953]
[23954 24090]
[24091 24304]
[24305 24562]
[24563 24644]
[24645 24965]
[24966 25066]
[25067 25297]
[25298 25372]
[25373 25471]
[25472 25490]
[25491 25567]
[25568 25621]
[25622 25664]
[25665 25721]
[25722 25758]
[25759 25834]
[25835 25884]
[25885 25920]
[25921 26000]
[26001 26076]
[26077 26259]
[26260 26325]
[26326 26406]
[26407 26548]
[26549 26679]
[26680 26788]
[26789 26994]
[26995 27146]
[27147 27238]
[27239 27369]
[27370 27445]
[27446 27572]
[27573 27671]
[27672 27768]
[27769 27897]
[27898 28091]
[28092 28474]
[28475 28976]
[28977 29021]
[29022 29088]
[29089 29171]
[29172 29234]
[29235 29328]
[29329 29608]
[29609 29726]
[29727 29872]
[29873 30013]
[30014 30073]
[30075 30154]
[30155 30237]
[30238 30332]
[30333 30473]
[30474 30628]
[30629 30748]
[30749 30866]
[30867 30964]
[30965 31082]
[31083 31203]
[31204 31259]
[31260 31334]
[31335 31411]
[31412 31685]
[31686 31734]
[31735 31782]
[31783 31825]
[31826 31883]
[31884 31951]
[31952 32022]
[32023 32066]
[32067 32132]
[32133 32205]
[32206 32341]
[32342 32390]
[32391 32437]
[32438 32872]
[32873 32949]
