[ 0 13]
[ 14 360]
[361 409]
[410 439]
[440 466]
[467 499]
[500 536]
[537 562]
[563 585]
[586 609]
[610 635]
[636 654]
[655 673]
[674 703]
[704 735]
[736 854]
[ 855 1329]
[1330 1450]
[1451 1499]
[1500 1562]
[1563 1640]
[1641 1706]
[1707 1757]
[1758 1880]
[1881 1975]
[1976 2064]
[2065 2182]
[2183 2233]
[2234 2286]
[2287 2341]
[2342 2373]
[2374 2878]
[2879 3062]
[3063 3195]
[3196 3423]
[3424 3520]
[3521 3692]
[3693 3777]
[3778 4014]
[4015 4210]
[4211 4259]
[4260 4320]
[4321 4377]
[4378 4448]
[4449 4497]
[4498 4549]
[4550 4663]
[4664 4748]
[4749 4816]
[4817 4849]
[4850 4877]
[4878 4937]
[4938 5029]
[5030 5117]
[5118 5158]
[5159 5211]
[5212 5277]
[5278 5331]
[5332 5367]
[5368 5408]
[5409 5461]
[5462 5524]
[5525 6290]
[6291 6356]
[6357 6432]
[6433 6489]
[6490 6542]
[6543 6609]
[6610 6671]
[6672 6732]
[6733 6813]
[6814 6868]
[6869 6946]
[6947 7023]
[7024 7091]
[7092 7136]
[7137 7171]
[7172 7255]
[7256 7300]
[7301 7352]
[7353 7453]
[7454 7793]
[7794 7849]
[7850 7915]
[7916 7950]
[7951 8010]
[8011 8068]
[8069 8096]
[8097 8156]
[8157 8219]
[8220 8269]
[8270 8313]
[8314 8363]
[8364 8399]
[8400 8469]
[8470 8638]
[8639 8711]
[8712 8904]
[8905 8955]
[8956 9091]
[9092 9163]
[9164 9224]
[9225 9274]
[9275 9309]
[9310 9908]
[ 9909 10007]
[10008 10065]
[10066 10116]
[10117 10148]
[10149 10209]
[10210 10306]
[10307 10414]
[10415 10510]
[10511 10598]
[10599 10662]
[10663 10904]
[10905 10964]
[10965 11025]
[11026 11093]
[11094 11141]
[11142 11190]
[11191 11264]
[11265 11373]
[11374 11396]
[11397 11678]
[11679 11777]
[11778 11842]
[11843 11998]
[11999 12071]
[12072 12548]
[12549 12871]
[12872 12956]
[12957 13052]
[13053 13145]
[13146 13197]
[13198 13287]
[13288 13359]
[13360 13473]
[13474 13600]
[13601 13675]
[13676 13803]
[13804 13884]
[13885 13958]
[13959 14082]
[14083 14352]
[14353 14388]
[14389 14426]
[14427 14461]
[14462 14499]
[14500 14543]
[14544 14591]
[14592 14646]
[14647 14706]
[14707 14821]
[14822 14974]
[14975 15240]
[15241 15645]
[15646 15745]
[15746 15815]
[15816 15894]
[15895 15966]
[15967 16052]
[16053 16201]
[16202 16261]
[16262 16429]
[16430 16471]
[16472 16596]
[16597 16696]
[16697 16727]
[16728 16786]
[16787 16848]
[16849 16892]
[16893 16933]
[16934 16966]
[16967 17035]
[17036 17106]
[17107 17223]
[17224 17699]
[17700 17775]
[17776 17858]
[17859 17994]
[17995 18311]
[18312 18543]
[18544 18576]
[18577 18843]
[18844 18976]
[18977 19128]
[19129 19227]
[19228 19348]
[19349 19423]
[19424 19570]
[19571 19699]
[19700 19799]
[19800 19900]
[19901 19950]
[19951 20069]
[20070 20186]
[20187 20246]
[20247 20315]
[20316 20356]
[20357 20642]
[20643 20762]
[20763 20870]
[20871 20995]
[20996 21169]
[21170 21257]
[21258 21425]
[21426 21531]
[21532 21553]
[21554 21688]
[21689 21891]
[21892 22199]
[22200 22380]
[22381 22540]
[22541 22689]
[22690 22806]
[22807 23151]
[23152 23289]
[23290 23430]
[23431 23557]
[23558 23646]
[23647 23787]
[23788 24148]
[24149 24174]
[24175 24323]
[24324 24411]
[24412 24497]
[24498 24561]
[24562 24627]
[24628 24705]
[24706 24767]
[24768 24837]
[24838 24890]
[24891 24955]
[24956 25015]
[25016 25052]
[25053 25133]
[25134 25155]
[25156 25198]
[25199 25273]
[25274 25394]
[25395 25443]
[25444 25618]
[25619 25697]
[25698 26247]
[26248 26349]
