[ 0 26]
[ 27 323]
[324 369]
[370 400]
[401 431]
[432 464]
[465 496]
[497 522]
[523 547]
[548 577]
[578 620]
[621 652]
[653 683]
[684 745]
[746 798]
[799 848]
[849 949]
[ 950 1473]
[1474 1497]
[1498 1516]
[1517 1553]
[1554 1591]
[1592 1647]
[1648 1672]
[1673 1711]
[1712 1784]
[1785 1845]
[1846 1885]
[1886 1917]
[1918 1952]
[1953 2010]
[2011 2118]
[2119 2161]
[2162 2199]
[2200 2302]
[2303 2347]
[2348 2397]
[2398 2486]
[2487 2546]
[2547 2591]
[2592 2666]
[2667 2721]
[2722 2760]
[2761 2811]
[2812 2861]
[2862 2902]
[2903 2933]
[2934 2966]
[2967 3483]
[3484 3545]
[3546 3600]
[3601 3652]
[3653 3709]
[3710 3824]
[3825 4028]
[4029 4095]
[4096 4158]
[4159 4229]
[4230 4269]
[4270 4311]
[4312 4354]
[4355 4396]
[4397 4569]
[4570 4606]
[4607 4637]
[4638 4672]
[4673 4708]
[4709 4745]
[4746 4775]
[4776 4812]
[4813 4843]
[4844 4878]
[4879 4945]
[4946 4980]
[4981 5587]
[5588 5638]
[5639 5670]
[5671 5719]
[5720 5814]
[5815 5873]
[5874 5948]
[5949 5997]
[5998 6084]
[6085 6143]
[6144 6187]
[6188 6277]
[6278 6308]
[6309 6339]
[6340 6511]
[6512 6540]
[6541 6576]
[6577 6612]
[6613 6644]
[6645 6690]
[6691 6742]
[6743 6772]
[6773 6912]
[6913 6949]
[6950 6999]
[7000 7049]
[7050 7125]
[7126 7617]
[7618 7654]
[7655 7831]
[7832 7908]
[7909 7952]
[7953 8014]
[8015 8125]
[8126 8187]
[8188 8242]
[8243 8294]
[8295 8501]
[8502 8905]
[8906 9062]
[9063 9127]
[9128 9608]
[9609 9677]
[9678 9722]
[9723 9778]
[9779 9807]
[9808 9841]
[9842 9885]
[9886 9940]
[ 9941 10007]
[10008 10078]
[10079 10148]
[10149 10204]
[10205 10303]
[10304 10348]
[10349 10362]
[10363 10404]
[10405 10499]
[10500 10536]
[10537 10686]
[10687 10705]
[10706 10862]
[10863 10905]
[10906 10984]
[10985 11046]
[11047 11085]
[11086 11114]
[11115 11184]
[11185 11242]
[11243 11293]
[11294 11340]
[11341 11381]
[11382 11422]
[11423 11482]
[11483 11521]
[11522 11557]
[11558 11589]
[11590 11682]
[11683 11987]
[11988 12128]
[12129 12179]
[12180 12350]
[12351 12624]
[12625 12726]
[12727 12867]
[12868 13233]
[13234 13484]
[13485 13993]
[13994 14214]
[14215 14489]
[14490 14530]
[14531 14570]
[14571 14627]
[14628 14690]
[14691 14744]
[14745 14796]
[14797 14905]
[14906 14972]
[14973 15028]
[15029 15069]
[15070 15108]
[15109 15179]
[15180 15223]
[15224 15299]
[15300 15357]
[15358 15421]
[15422 15468]
[15469 15835]
[15836 15879]
[15880 15919]
[15920 15971]
[15972 16009]
[16010 16186]
[16187 16278]
[16279 16340]
[16341 16381]
[16382 16438]
[16439 16518]
[16519 16585]
[16586 16753]
[16754 16881]
[16882 17007]
[17008 17088]
[17089 17150]
[17151 17222]
[17223 17326]
[17327 17368]
[17369 17420]
[17421 17775]
[17776 18124]
[18125 18345]
[18346 18453]
[18454 18593]
[18594 18670]
[18671 18721]
[18722 18774]
[18775 18845]
[18846 18902]
[18903 18953]
[18954 19000]
[19001 19041]
[19042 19082]
[19083 19142]
[19143 19181]
[19182 19215]
[19216 19250]
[19251 19343]
[19344 19711]
[19712 19801]
[19802 19903]
[19904 19957]
[19958 20002]
[20003 20048]
[20049 20095]
[20096 20139]
[20140 20279]
[20280 20330]
[20331 20415]
[20416 20474]
[20475 20517]
[20518 20573]
[20574 20653]
[20654 20807]
[20808 20890]
[20891 21013]
[21014 21068]
[21069 21175]
[21176 21661]
[21662 21739]
[21740 21815]
[21816 21898]
[21899 21993]
[21994 22076]
[22077 22159]
[22160 22240]
[22241 22313]
[22314 22483]
[22484 22526]
[22527 22585]
[22586 22636]
[22637 22694]
[22695 22766]
[22767 22835]
[22836 22913]
[22914 22982]
[22983 23059]
[23060 23120]
[23121 23187]
[23188 23245]
[23246 23768]
[23769 23898]
[23899 23981]
[23982 24047]
[24048 24086]
[24087 24159]
[24160 24295]
[24296 24353]
[24354 24454]
[24455 24516]
[24517 24555]
[24556 24676]
[24677 24694]
[24695 24789]
[24790 24855]
[24856 24897]
[24898 24952]
[24953 25027]
[25028 25087]
[25088 25136]
[25137 25160]
[25161 25205]
[25206 25275]
[25276 25641]
[25642 25655]
[25656 25695]
[25696 25742]
[25743 25779]
[25780 25802]
[25803 25842]
[25843 25892]
[25893 25954]
[25955 25985]
[25986 26052]
[26053 26086]
[26087 26142]
[26143 26174]
[26175 26219]
[26220 26301]
[26302 26384]
[26385 26422]
[26425 26483]
[26484 26560]
[26561 26965]
[26966 27079]
[27080 27144]
[27145 27182]
[27183 27241]
[27242 27360]
[27361 27434]
[27435 27479]
[27480 27514]
[27515 27561]
[27562 27649]
[27650 27710]
[27711 27788]
[27789 27855]
[27856 27932]
[27933 27971]
[27972 28008]
[28009 28066]
[28067 28107]
[28108 28384]
[28385 28533]
[28534 28609]
[28610 28704]
[28705 29062]
[29063 29294]
[29295 29688]
[29689 30166]
[30167 30657]
[30658 30732]
[30733 30864]
[30865 30959]
[30960 31075]
[31076 31191]
[31192 31373]
[31374 31454]
[31455 31872]
[31874 31949]
