[0 6]
[  7 283]
[284 339]
[340 375]
[376 405]
[406 433]
[434 466]
[467 497]
[498 525]
[526 590]
[591 627]
[628 658]
[659 685]
[686 715]
[716 810]
[811 919]
[ 920 1319]
[1320 1427]
[1428 1565]
[1566 1615]
[1616 1767]
[1768 1872]
[1873 2051]
[2052 2091]
[2092 2215]
[2216 2420]
[2421 2516]
[2517 2958]
[2959 3025]
[3026 3082]
[3083 3132]
[3133 3191]
[3192 3225]
[3226 3278]
[3279 3329]
[3330 3395]
[3396 3511]
[3512 3556]
[3557 3598]
[3599 3632]
[3633 3662]
[3663 3709]
[3710 3795]
[3796 3856]
[3857 3933]
[3934 4015]
[4016 4087]
[4088 4161]
[4162 4236]
[4237 4277]
[4278 4319]
[4320 4777]
[4778 4823]
[4824 4893]
[4894 4973]
[4974 5039]
[5040 5070]
[5071 5117]
[5118 5160]
[5161 5200]
[5201 5262]
[5263 5291]
[5292 5343]
[5344 5359]
[5360 5460]
[5461 5486]
[5487 5529]
[5530 5568]
[5569 5618]
[5619 5637]
[5638 5664]
[5665 5731]
[5732 5808]
[5809 5903]
[5904 5925]
[5926 5968]
[5969 6020]
[6021 6063]
[6064 6110]
[6111 6157]
[6158 6223]
[6224 6308]
[6309 6770]
[6771 6830]
[6831 6873]
[6874 6915]
[6916 6973]
[6974 7017]
[7018 7160]
[7161 7362]
[7363 7395]
[7396 7429]
[7430 7468]
[7469 7508]
[7509 7530]
[7531 7572]
[7573 7656]
[7657 7800]
[7801 7806]
[7807 7866]
[7867 7895]
[7896 8024]
[8025 8053]
[8054 8090]
[8091 8142]
[8143 8246]
[8247 8685]
[8686 8802]
[8803 8846]
[8847 8912]
[8913 8982]
[8983 9047]
[9048 9135]
[9136 9218]
[9219 9343]
[9344 9446]
[9447 9531]
[9532 9625]
[9626 9724]
[9725 9751]
[9752 9831]
[9832 9953]
[ 9954 10026]
[10027 10070]
[10071 10660]
[10661 10717]
[10718 10824]
[10825 10895]
[10896 10919]
[10920 10945]
[10946 10996]
[10997 11033]
[11034 11092]
[11093 11150]
[11151 11221]
[11222 11368]
[11369 11444]
[11445 11502]
[11503 11547]
[11548 11594]
[11595 11652]
[11653 11990]
[11991 12059]
[12060 12216]
[12217 12306]
[12307 12398]
[12399 12502]
[12503 12681]
[12682 12764]
[12765 12879]
[12880 12907]
[12908 13029]
[13030 13154]
[13155 13320]
[13321 13382]
[13383 13521]
[13522 13572]
[13573 13604]
[13605 13638]
[13639 13673]
[13674 13701]
[13702 13755]
[13756 13799]
[13800 13839]
[13840 13878]
[13879 13960]
[13961 14225]
[14226 14308]
[14309 14385]
[14386 14405]
[14406 14494]
[14495 14545]
[14546 14563]
[14564 14642]
[14643 14729]
[14730 14786]
[14787 14824]
[14825 14855]
[14856 14969]
[14970 15000]
[15001 15046]
[15047 15074]
[15075 15126]
[15127 15370]
[15371 15481]
[15482 15567]
[15568 15726]
[15727 15812]
[15813 15891]
[15892 15996]
[15997 16051]
[16052 16123]
[16124 16207]
[16208 16273]
[16274 16324]
[16325 16359]
[16360 16399]
[16400 16624]
[16625 16736]
[16737 16807]
[16808 17163]
[17164 17194]
[17195 17232]
[17233 17312]
[17313 17355]
[17356 17443]
[17444 17784]
[17785 17848]
[17849 17932]
[17933 18022]
[18023 18100]
[18101 18175]
[18176 18356]
[18357 18413]
[18414 18460]
[18461 18546]
[18547 18572]
[18573 18613]
[18614 18948]
[18949 19037]
[19038 19124]
[19125 19219]
[19220 19292]
[19293 19379]
[19380 19513]
[19514 19594]
[19595 19706]
[19707 19822]
[19823 20414]
[20415 20544]
[20545 20620]
[20621 20656]
[20657 20771]
[20772 20858]
[20859 20926]
[20927 20967]
[20968 20994]
[20995 21036]
[21037 21102]
[21103 21228]
[21229 21279]
[21280 21317]
[21318 21349]
[21350 21402]
[21403 21449]
[21450 21501]
[21502 21581]
[21582 21621]
[21622 21700]
[21701 21766]
[21767 21820]
[21821 21869]
[21870 22317]
[22318 22447]
[22448 22543]
[22544 22638]
[22639 22698]
[22699 22787]
[22788 22874]
[22875 22899]
[22900 23017]
[23018 23302]
[23303 23358]
[23359 23460]
[23461 23505]
[23506 23552]
[23553 23902]
[23903 23944]
[23945 23972]
[23973 24119]
[24120 24204]
[24205 24274]
[24275 24351]
[24352 24396]
[24397 24503]
[24504 24566]
[24567 24760]
[24761 24860]
[24861 24967]
[24968 25154]
[25155 25309]
[25310 25727]
[25728 25843]
[25844 25895]
[25896 25997]
[25998 26053]
[26054 26259]
[26260 26337]
[26338 26375]
[26376 26557]
[26558 26592]
[26593 26679]
[26680 26763]
[26764 26816]
[26817 26885]
[26886 26937]
[26938 26983]
[26984 27055]
[27056 27135]
[27136 27194]
[27195 27345]
[27346 27374]
[27375 27439]
[27440 27484]
[27485 27540]
[27541 27640]
[27641 27908]
[27909 28074]
[28075 28106]
[28107 28176]
[28177 28328]
[28329 28370]
[28371 28439]
[28440 28479]
[28480 28853]
[28854 28950]
[28951 29214]
[29215 29345]
[29346 29435]
[29436 29496]
[29497 29564]
[29565 29663]
[29664 29702]
[29703 29779]
[29780 29834]
[29835 29928]
[29929 29968]
[29969 30027]
[30028 30276]
[30277 30337]
[30338 30387]
[30388 30471]
[30472 30608]
[30609 30677]
[30678 30704]
[30705 30788]
[30789 30867]
[30868 30926]
[30927 31047]
[31048 31310]
[31311 31463]
[31464 31565]
[31566 31633]
[31634 31694]
[31695 32049]
[32050 32124]
[32125 32240]
[32241 32341]
[32342 32417]
[32418 32556]
[32557 32689]
[32690 32762]
[32763 32839]
[32840 33226]
[33227 33299]
