[ 0 29]
[ 30 274]
[275 328]
[329 367]
[368 403]
[404 431]
[432 455]
[456 498]
[499 514]
[515 542]
[543 579]
[580 623]
[624 663]
[664 704]
[705 804]
[805 907]
[ 908 1407]
[1408 1474]
[1475 1559]
[1560 1639]
[1640 1680]
[1681 1790]
[1791 1848]
[1849 1935]
[1936 1950]
[1951 1999]
[2000 2010]
[2011 2093]
[2094 2131]
[2132 2331]
[2332 2417]
[2418 2421]
[2422 2470]
[2471 2504]
[2505 2533]
[2534 2606]
[2607 2670]
[2671 2748]
[2749 2811]
[2812 2891]
[2892 2916]
[2917 3289]
[3290 3396]
[3397 3439]
[3440 3510]
[3511 3605]
[3606 3636]
[3637 3702]
[3703 3786]
[3787 3850]
[3851 3874]
[3875 3909]
[3910 3942]
[3943 4029]
[4030 4051]
[4052 4090]
[4091 4132]
[4133 4176]
[4177 4224]
[4225 4310]
[4311 4357]
[4358 4400]
[4401 4472]
[4473 4566]
[4567 4652]
[4653 4984]
[4985 5093]
[5094 5241]
[5242 5368]
[5369 5441]
[5442 5681]
[5682 5771]
[5772 6268]
[6269 6335]
[6336 6396]
[6397 6461]
[6462 6521]
[6522 6590]
[6591 6654]
[6655 6716]
[6717 6841]
[6842 6912]
[6913 6979]
[6980 7038]
[7039 7089]
[7090 7141]
[7142 7211]
[7212 7279]
[7280 7341]
[7342 7406]
[7407 7451]
[7452 7877]
[7878 7919]
[7920 7971]
[7972 8041]
[8042 8105]
[8106 8176]
[8177 8253]
[8254 8298]
[8299 8333]
[8334 8365]
[8366 8733]
[8734 8809]
[8810 8896]
[8897 9061]
[9062 9151]
[9152 9261]
[9262 9361]
[9362 9473]
[9474 9581]
[9582 9800]
[9801 9939]
[ 9940 10062]
[10063 10181]
[10182 10262]
[10263 10681]
[10682 10752]
[10753 10827]
[10828 10977]
[10978 11048]
[11049 11130]
[11131 11169]
[11170 11206]
[11207 11283]
[11284 11361]
[11362 11425]
[11426 11471]
[11472 11512]
[11513 11554]
[11555 11680]
[11681 11770]
[11771 11908]
[11909 11952]
[11953 12316]
[12317 12407]
[12408 12541]
[12542 12629]
[12630 12736]
[12737 12852]
[12853 12932]
[12933 13050]
[13051 13155]
[13156 13234]
[13235 13302]
[13303 13399]
[13400 13459]
[13460 13539]
[13540 13807]
[13808 14222]
[14223 14714]
[14715 14879]
[14880 15335]
[15336 15538]
[15539 15573]
[15574 15718]
[15719 15757]
[15758 15815]
[15816 15927]
[15928 15983]
[15984 16008]
[16009 16378]
[16379 16442]
[16443 16562]
[16563 16626]
[16627 16728]
[16729 16841]
[16842 16900]
[16901 17051]
[17052 17231]
[17232 17327]
[17328 17589]
[17590 17735]
[17736 17818]
[17819 17887]
[17888 18157]
[18158 18248]
[18249 18373]
[18374 18477]
[18478 18592]
[18593 18717]
[18718 18842]
[18843 18952]
[18953 19111]
[19112 19188]
[19189 19265]
[19266 19373]
[19374 19423]
[19424 19532]
[19533 19820]
[19821 19884]
[19885 19964]
[19965 20060]
[20061 20157]
[20158 20317]
[20318 20428]
[20429 20474]
[20475 20520]
[20521 20550]
[20551 20687]
[20688 20835]
[20836 20978]
[20979 21029]
[21030 21553]
[21554 21620]
[21621 21731]
[21732 21810]
[21811 21864]
[21865 21901]
[21902 21941]
[21942 21978]
[21979 22072]
[22073 22147]
[22148 22171]
[22172 22660]
[22661 22718]
[22719 22775]
[22776 22838]
[22839 23212]
[23213 23267]
[23268 23377]
[23378 23481]
[23482 23588]
[23589 23635]
[23636 23687]
[23688 23779]
[23780 23890]
[23891 23965]
[23966 24033]
[24034 24094]
[24095 24507]
[24508 24599]
