[ 0 10]
[ 11 334]
[335 384]
[385 427]
[428 468]
[469 552]
[553 594]
[595 621]
[622 655]
[656 705]
[706 817]
[ 818 1440]
[1441 1468]
[1469 1542]
[1543 1595]
[1596 1674]
[1675 1845]
[1846 1940]
[1941 2104]
[2105 2155]
[2156 2253]
[2254 2299]
[2300 2339]
[2340 2456]
[2457 2563]
[2564 2614]
[2615 2667]
[2668 2729]
[2730 2770]
[2771 2836]
[2837 2892]
[2893 3345]
[3346 3406]
[3407 3487]
[3488 3532]
[3533 3595]
[3596 3647]
[3648 3721]
[3722 3741]
[3742 3800]
[3801 3870]
[3871 3904]
[3905 3978]
[3979 4046]
[4047 4080]
[4081 4161]
[4162 4220]
[4221 4265]
[4266 4331]
[4332 4381]
[4382 4421]
[4422 4451]
[4452 4501]
[4502 4547]
[4548 4609]
[4610 4675]
[4676 4714]
[4715 4763]
[4764 4808]
[4809 4849]
[4850 5210]
[5211 5245]
[5246 5301]
[5302 5333]
[5334 5392]
[5393 5429]
[5430 5489]
[5490 5546]
[5547 5599]
[5600 5786]
[5787 5853]
[5854 5893]
[5894 5925]
[5926 5958]
[5959 6002]
[6003 6035]
[6036 6084]
[6085 6120]
[6121 6164]
[6165 6413]
[6414 6462]
[6463 6516]
[6517 6549]
[6550 6600]
[6601 6638]
[6639 6670]
[6671 6699]
[6700 6742]
[6743 7103]
[7104 7203]
[7204 7260]
[7261 7376]
[7377 7479]
[7480 7568]
[7569 7643]
[7644 7727]
[7728 7817]
[7818 7900]
[7901 7969]
[7970 8071]
[8072 8139]
[8140 8552]
[8553 8588]
[8589 8641]
[8642 8691]
[8692 8744]
[8745 8787]
[8788 9138]
[9139 9216]
[9217 9293]
[9294 9404]
[9405 9457]
[9458 9558]
[9559 9790]
[9791 9829]
[9830 9888]
[9889 9935]
[9936 9990]
[ 9991 10079]
[10080 10358]
[10359 10403]
[10404 10459]
[10460 10495]
[10496 10594]
[10595 10696]
[10697 10770]
[10771 10823]
[10824 10885]
[10886 10919]
[10920 10999]
[11000 11057]
[11058 11204]
[11205 11510]
[11511 11560]
[11561 11629]
[11630 11697]
[11698 11765]
[11766 11837]
[11838 11910]
[11911 11978]
[11979 12043]
[12044 12116]
[12117 12200]
[12201 12281]
[12282 12347]
[12348 12416]
[12417 12488]
[12489 12742]
[12743 12825]
[12826 12907]
[12908 12964]
[12965 13023]
[13024 13074]
[13075 13149]
[13150 13188]
[13189 13266]
[13267 13312]
[13313 13373]
[13374 13769]
[13770 13872]
[13873 13937]
[13938 13999]
[14000 14103]
[14104 14196]
[14197 14225]
[14226 14308]
[14309 14472]
[14473 14538]
[14539 14617]
[14618 14701]
[14702 14762]
[14763 14912]
[14913 14966]
[14967 15023]
[15024 15092]
[15093 15163]
[15164 15228]
[15229 15354]
[15355 15789]
[15791 15823]
[15824 15838]
[15839 15864]
[15865 15908]
[15909 15925]
[15926 15954]
[15955 15980]
[15981 16024]
[16025 16053]
[16054 16096]
[16097 16136]
[16137 16170]
[16171 16270]
[16271 16404]
[16405 16508]
[16509 16633]
[16634 16647]
[16648 16661]
[16662 16703]
[16704 16718]
[16719 16737]
[16738 16754]
[16755 16773]
[16774 16809]
[16810 16849]
[16850 16924]
[16925 17014]
[17015 17090]
[17091 17132]
[17133 17190]
[17191 17255]
[17256 17527]
[17528 17562]
[17563 17724]
[17725 17852]
[17853 17941]
[17942 18000]
[18001 18141]
[18142 18293]
[18294 18428]
[18429 18503]
[18504 18595]
[18596 18757]
[18758 18832]
[18833 18951]
[18952 19021]
[19022 19372]
[19373 19508]
[19509 19574]
[19575 19701]
[19702 19761]
[19762 19933]
[19934 19993]
[19994 20050]
[20051 20194]
[20195 20248]
[20249 20326]
[20327 20395]
[20396 20461]
[20462 20831]
[20832 20884]
[20885 20930]
[20931 20969]
[20970 21033]
[21034 21168]
[21169 21260]
[21261 21390]
[21391 21471]
[21472 21519]
[21520 21623]
[21624 21692]
[21693 21841]
[21842 21907]
[21908 21976]
[21977 22299]
[22301 22464]
[22465 22525]
[22526 22719]
[22720 22774]
[22775 22864]
[22865 22931]
[22932 23027]
[23028 23091]
[23092 23150]
[23151 23373]
[23374 23446]
[23447 23512]
[23513 23549]
[23550 23592]
[23593 23946]
[23947 24436]
[24437 24516]
[24517 24599]
[24600 24674]
[24675 24773]
[24774 24839]
[24840 24891]
[24892 24969]
[24970 25041]
[25042 25107]
[25108 25183]
[25184 25236]
[25237 25635]
[25636 25699]
