[ 0 24]
[ 26 370]
[371 420]
[421 456]
[457 492]
[493 547]
[548 588]
[589 628]
[629 671]
[672 708]
[709 733]
[734 764]
[765 796]
[797 824]
[825 877]
[ 878 1001]
[1002 1438]
[1439 1541]
[1542 1609]
[1610 1690]
[1691 1777]
[1778 1842]
[1843 1896]
[1897 1958]
[1959 2017]
[2018 2078]
[2079 2146]
[2147 2220]
[2221 2270]
[2271 2328]
[2329 2460]
[2461 2914]
[2915 2982]
[2983 3061]
[3062 3115]
[3116 3191]
[3192 3278]
[3279 3353]
[3354 3501]
[3502 3570]
[3571 3633]
[3634 3723]
[3724 3775]
[3776 3830]
[3831 3908]
[3909 3982]
[3983 4033]
[4034 4128]
[4129 4192]
[4193 4252]
[4253 4335]
[4336 4901]
[4902 5039]
[5040 5131]
[5132 5214]
[5215 5248]
[5249 5258]
[5259 5342]
[5343 5405]
[5406 5431]
[5432 5453]
[5454 5539]
[5540 5594]
[5595 5648]
[5649 5735]
[5736 5811]
[5812 5861]
[5862 5921]
[5922 5964]
[5965 5990]
[5991 6039]
[6040 6056]
[6057 6084]
[6085 6149]
[6150 6207]
[6208 6303]
[6304 6345]
[6346 6407]
[6408 6767]
[6768 6855]
[6856 6890]
[6892 6976]
[6977 7024]
[7025 7225]
[7226 7237]
[7238 7282]
[7283 7349]
[7350 7436]
[7437 7486]
[7487 7748]
[7749 7830]
[7831 7894]
[7895 7987]
[7988 8050]
[8051 8121]
[8122 8189]
[8190 8429]
[8430 8450]
[8451 8516]
[8517 8554]
[8555 8582]
[8583 8609]
[8610 8756]
[8757 8866]
[8867 9589]
[9590 9654]
[9655 9710]
[9711 9777]
[9778 9825]
[9826 9897]
[9898 9958]
[ 9959 10102]
[10103 10161]
[10162 10221]
[10222 10268]
[10269 10442]
[10443 10494]
[10495 10599]
[10600 10715]
[10716 11067]
[11068 11148]
[11149 11218]
[11219 11289]
[11290 11354]
[11355 11419]
[11420 11477]
[11478 11531]
[11532 11582]
[11583 11648]
[11649 11721]
[11722 11789]
[11790 11859]
[11860 11910]
[11911 11970]
[11971 12037]
[12038 12082]
[12083 12164]
[12165 12213]
[12214 12271]
[12272 12354]
[12355 12499]
[12500 12912]
[12913 12985]
[12986 13009]
[13010 13047]
[13048 13132]
[13133 13210]
[13211 13288]
[13289 13379]
[13380 13492]
[13493 13558]
[13559 13612]
[13613 13734]
[13735 13859]
[13860 13950]
[13951 14028]
[14029 14090]
[14091 14351]
[14352 14713]
[14714 14863]
[14864 14926]
[14927 14970]
[14971 15112]
[15113 15183]
[15184 15235]
[15236 15575]
[15576 15660]
[15661 15727]
[15728 15786]
[15787 15915]
[15916 16005]
[16006 16067]
[16068 16134]
[16135 16218]
[16219 16288]
[16289 16493]
[16494 16657]
[16658 16703]
[16704 16764]
[16765 16824]
[16825 16916]
[16917 16983]
[16984 17100]
[17101 17175]
[17176 17246]
[17247 17330]
[17331 17398]
[17399 17487]
[17488 17659]
[17660 17737]
[17738 17786]
[17787 17830]
[17831 17916]
[17917 18349]
[18351 18459]
[18460 18523]
[18524 18593]
[18594 18697]
[18698 18833]
[18834 19047]
[19048 19167]
[19168 19285]
[19286 19328]
[19329 19811]
[19812 20056]
[20057 20197]
[20198 20711]
[20712 20900]
[20901 20983]
[20984 21124]
[21125 21159]
[21160 21212]
[21213 21550]
[21551 21649]
