[ 0 28]
[ 29 382]
[383 434]
[435 476]
[477 517]
[518 561]
[562 592]
[593 625]
[626 652]
[653 685]
[686 717]
[718 748]
[749 780]
[781 810]
[811 838]
[839 889]
[ 890 1020]
[1021 1642]
[1643 1762]
[1763 1908]
[1909 2131]
[2133 2353]
[2355 2523]
[2525 2664]
[2665 2805]
[2806 2873]
[2874 3377]
[3378 3448]
[3449 3494]
[3495 3544]
[3545 3603]
[3604 3650]
[3651 3679]
[3680 3727]
[3728 3769]
[3770 3821]
[3822 3882]
[3883 3931]
[3932 3976]
[3977 4000]
[4001 4055]
[4056 4094]
[4095 4142]
[4143 4327]
[4328 4389]
[4390 4449]
[4450 4496]
[4497 4566]
[4567 4616]
[4617 4677]
[4678 4718]
[4719 4757]
[4758 4797]
[4798 4827]
[4828 4858]
[4859 4892]
[4893 4938]
[4939 5326]
[5327 5533]
[5534 5580]
[5581 5622]
[5623 5669]
[5670 5704]
[5705 5846]
[5847 5902]
[5903 5947]
[5948 6012]
[6013 6066]
[6067 6171]
[6172 6217]
[6218 6288]
[6289 6331]
[6332 6364]
[6365 6398]
[6399 6452]
[6454 6538]
[6540 6877]
[6879 6939]
[6940 6980]
[6981 7058]
[7059 7162]
[7163 7239]
[7240 7314]
[7315 7380]
[7381 7455]
[7456 7529]
[7530 7578]
[7579 7663]
[7664 7711]
[7712 7762]
[7763 7878]
[7879 7932]
[7933 8001]
[8002 8058]
[8059 8117]
[8118 8185]
[8186 8240]
[8241 8318]
[8319 8362]
[8363 8422]
[8423 8468]
[8469 8553]
[8554 8670]
[8671 8697]
[8698 8750]
[8751 8860]
[8861 8959]
[8961 9134]
[9135 9195]
[9196 9258]
[9259 9292]
[9293 9373]
[9374 9819]
[9820 9854]
[9855 9907]
[9908 9988]
[ 9989 10026]
[10027 10098]
[10099 10289]
[10290 10344]
[10345 10381]
[10382 10439]
[10440 10519]
[10520 10588]
[10589 10656]
[10657 10728]
[10729 10813]
[10814 11002]
[11003 11065]
[11066 11137]
[11138 11200]
[11201 11240]
[11241 11314]
[11315 11366]
[11367 11780]
[11782 11966]
[11968 12110]
[12112 12250]
[12251 12393]
[12395 12586]
[12587 12707]
[12708 12766]
[12767 12802]
[12803 12832]
[12833 12858]
[12859 12915]
[12916 12944]
[12945 13030]
[13031 13726]
[13727 14411]
[14412 14561]
[14562 14635]
[14636 14663]
[14664 14762]
[14763 14870]
[14871 14961]
[14962 15239]
[15240 15531]
[15532 15642]
[15643 15892]
[15893 16001]
[16002 16299]
[16300 16382]
[16383 16452]
[16453 16593]
[16594 16771]
[16772 17058]
[17059 17149]
[17150 17199]
[17200 17249]
[17250 17289]
[17290 17428]
[17429 17815]
[17816 18038]
[18039 18848]
[18849 18942]
[18943 19164]
[19165 19399]
[19401 19498]
[19499 19559]
[19560 19593]
[19594 19627]
[19628 19706]
[19707 19743]
[19744 19777]
[19778 19794]
[19795 19907]
[19908 19980]
[19981 20004]
[20005 20057]
[20058 20110]
[20111 20138]
[20139 20230]
[20231 20295]
[20296 20316]
[20317 20352]
[20353 20382]
[20383 20408]
[20409 20420]
[20421 20505]
[20506 20512]
[20513 20617]
[20618 21049]
[21050 21114]
[21115 21166]
[21167 21255]
[21256 21334]
[21335 21403]
[21404 21633]
[21634 21694]
[21695 21764]
[21765 21834]
[21835 21884]
[21885 21947]
[21948 22004]
[22005 22060]
[22061 22170]
[22171 22268]
[22269 22309]
[22310 22350]
[22351 22415]
[22416 22460]
[22461 22506]
[22507 22610]
[22611 23024]
[23025 23256]
[23257 23423]
[23424 23574]
[23575 23735]
[23736 23846]
[23847 23930]
[23931 23958]
[23959 24028]
[24029 24477]
[24478 24701]
[24702 24771]
[24772 24881]
[24882 24951]
[24952 25089]
[25090 25241]
[25242 25321]
[25322 25411]
[25412 25481]
[25482 25571]
[25572 25711]
[25712 25898]
[25899 25951]
[25952 26023]
[26024 26385]
[26386 26461]
[26462 26522]
[26523 26614]
[26615 26677]
[26678 26797]
[26798 26867]
[26868 26924]
[26925 26988]
[26989 27039]
[27040 27150]
[27151 27193]
[27194 27266]
[27267 27386]
[27387 27537]
[27538 27592]
[27593 27772]
[27773 27875]
[27876 28005]
[28006 28171]
[28172 28286]
[28287 28437]
[28438 28511]
[28512 28571]
[28572 28640]
[28641 28706]
[28707 28777]
[28778 28824]
[28825 28874]
[28875 29316]
[29317 29582]
[29583 30232]
[30233 30541]
[30543 30723]
[30724 30871]
[30872 30961]
[30962 31005]
[31006 31122]
[31123 31171]
[31172 31331]
[31332 31447]
[31448 31549]
[31550 31661]
[31662 31836]
[31837 32390]
[32392 32425]
[32426 32542]
[32543 32668]
[32669 32837]
[32838 32868]
[32869 33039]
[33040 33267]
[33268 33313]
[33314 33360]
[33361 33402]
[33403 33452]
[33453 33486]
[33487 33533]
[33534 33619]
[33620 33877]
[33878 34224]
[34225 34299]
