[ 0 10]
[ 12 306]
[307 361]
[362 397]
[398 427]
[428 455]
[456 488]
[489 524]
[525 555]
[556 584]
[585 612]
[613 649]
[650 680]
[681 707]
[708 737]
[738 816]
[817 840]
[841 940]
[ 941 1477]
[1478 1542]
[1543 1630]
[1631 1697]
[1698 1736]
[1737 1805]
[1806 1882]
[1883 1945]
[1946 2068]
[2069 2117]
[2118 2158]
[2159 2283]
[2284 2328]
[2329 2389]
[2390 2447]
[2448 2461]
[2462 2506]
[2507 2583]
[2584 2695]
[2696 2794]
[2795 2844]
[2845 2919]
[2920 2978]
[2979 3033]
[3034 3097]
[3098 3128]
[3129 3489]
[3490 3567]
[3568 3622]
[3623 3691]
[3692 3751]
[3752 3799]
[3800 3829]
[3830 3929]
[3930 3977]
[3978 4005]
[4006 4058]
[4059 4091]
[4092 4133]
[4134 4170]
[4171 4376]
[4377 4424]
[4425 4485]
[4486 4542]
[4543 4585]
[4586 4636]
[4637 4678]
[4679 4728]
[4729 4792]
[4793 4854]
[4855 5147]
[5148 5231]
[5232 5317]
[5319 5382]
[5384 5448]
[5449 5505]
[5506 5567]
[5569 5639]
[5640 5708]
[5710 5789]
[5791 5865]
[5866 5939]
[5940 6010]
[6012 6086]
[6087 6111]
[6112 6568]
[6569 6632]
[6633 6687]
[6688 6730]
[6731 6771]
[6772 6820]
[6821 6860]
[6861 6893]
[6894 6939]
[6940 6983]
[6984 7086]
[7087 7214]
[7215 7253]
[7254 7297]
[7298 7328]
[7329 7389]
[7390 7443]
[7444 7518]
[7519 7549]
[7550 7606]
[7607 7641]
[7642 7667]
[7668 7737]
[7738 7832]
[7833 7874]
[7875 7885]
[7886 7940]
[7941 8066]
[8067 8117]
[8118 8164]
[8165 8205]
[8206 8246]
[8247 8303]
[8304 8338]
[8339 8375]
[8376 8413]
[8414 8444]
[8445 8504]
[8505 8910]
[8911 9248]
[9249 9373]
[9374 9498]
[9499 9609]
[9610 9698]
[9699 9820]
[9821 9867]
[9869 9983]
[ 9984 10300]
[10301 10390]
[10391 10451]
[10452 10530]
[10531 10586]
[10587 10651]
[10652 10705]
[10706 10784]
[10785 10873]
[10874 10923]
[10924 11108]
[11109 11239]
[11240 11461]
[11462 11527]
[11528 11623]
[11624 11743]
[11744 11824]
[11825 11889]
[11890 11903]
[11904 12002]
[12003 12098]
[12099 12174]
[12175 12350]
[12351 12425]
[12426 12547]
[12548 12631]
[12632 12670]
[12671 12845]
[12846 12923]
[12924 12990]
[12991 13075]
[13076 13121]
[13122 13177]
[13178 13264]
[13265 13305]
[13306 13361]
[13362 13388]
[13389 13557]
[13558 13609]
[13610 13666]
[13667 13756]
[13757 14021]
[14022 14160]
[14161 14258]
[14259 14354]
[14355 14444]
[14445 14522]
[14523 14648]
[14649 14740]
[14741 14839]
[14840 14901]
[14902 15153]
[15154 15214]
[15215 15266]
[15267 15338]
[15339 15410]
[15411 15481]
[15482 15533]
[15534 15588]
[15589 15634]
[15635 15664]
[15665 15712]
[15713 15765]
[15766 15837]
[15838 15906]
[15907 16216]
[16217 16327]
[16328 16439]
[16440 16527]
[16528 16607]
[16608 16809]
[16810 16934]
[16935 17020]
[17021 17215]
[17216 17362]
[17363 17467]
[17468 17578]
[17579 17713]
[17714 17780]
[17781 18078]
[18079 18128]
[18129 18234]
[18235 18267]
[18268 18365]
[18366 18645]
[18646 18694]
[18695 18762]
[18763 18838]
[18839 18898]
[18899 18960]
[18961 18987]
[18988 19036]
[19037 19093]
[19094 19171]
[19172 19216]
[19217 19268]
[19269 19320]
[19321 19559]
[19560 19601]
[19602 19758]
[19759 19979]
[19980 20027]
[20028 20086]
[20087 20132]
[20133 20204]
[20205 20256]
[20257 20318]
[20319 20345]
[20346 20404]
[20405 20452]
[20453 20507]
[20508 20563]
[20564 20610]
[20611 20650]
[20651 20775]
[20776 20802]
[20803 20848]
[20849 20906]
[20907 20996]
[20997 21079]
[21080 21188]
[21189 21218]
[21219 21288]
[21289 21453]
[21454 21514]
[21515 21586]
[21587 22008]
[22009 22068]
[22069 22133]
[22134 22199]
[22200 22261]
[22262 22263]
[22264 22348]
[22349 22417]
[22418 22456]
[22457 22717]
[22718 22805]
[22806 22884]
[22885 22999]
[23000 23073]
[23074 23175]
[23176 23662]
[23663 23696]
[23697 23763]
[23764 23849]
[23850 23974]
[23975 24146]
[24147 24230]
[24231 24369]
[24370 24433]
[24434 24483]
[24484 24822]
[24823 24935]
[24936 25105]
[25106 25220]
[25221 25465]
[25466 25515]
[25516 25742]
[25743 25848]
[25849 26039]
[26040 26216]
[26217 26275]
[26276 26761]
[26762 26809]
[26810 26886]
[26887 27192]
[27193 27262]
[27263 27440]
[27441 27824]
[27825 27899]
