[0 22]
[23 371]
[372 425]
[426 461]
[462 491]
[492 519]
[520 552]
[553 578]
[579 608]
[609 642]
[643 676]
[677 718]
[719 758]
[759 799]
[800 859]
[860 1488]
[1489 1580]
[1581 1650]
[1651 1742]
[1743 1813]
[1814 1886]
[1887 1960]
[1961 2066]
[2067 2234]
[2235 2372]
[2373 2482]
[2483 2593]
[2594 2683]
[2684 2811]
[2812 2863]
[2864 3008]
[3009 3391]
[3392 3492]
[3493 3548]
[3549 3569]
[3570 3617]
[3618 3720]
[3721 3814]
[3815 3914]
[3915 3964]
[3965 4105]
[4107 4136]
[4137 4161]
[4162 4236]
[4237 4519]
[4520 4589]
[4590 4621]
[4622 4656]
[4657 4683]
[4684 4757]
[4758 4836]
[4837 4901]
[4902 4937]
[4938 4948]
[4949 5081]
[5082 5518]
[5519 5608]
[5609 5677]
[5679 6028]
[6029 6060]
[6061 6127]
[6128 6164]
[6165 6205]
[6206 6253]
[6254 6342]
[6343 6425]
[6426 6474]
[6475 6503]
[6504 6544]
[6545 6791]
[6792 6869]
[6870 6928]
[6929 7083]
[7084 7138]
[7139 7210]
[7211 7744]
[7745 7847]
[7848 7902]
[7903 7947]
[7948 8088]
[8089 8129]
[8130 8182]
[8183 8265]
[8266 8556]
[8557 8587]
[8588 8613]
[8614 8638]
[8639 8660]
[8661 8896]
[8897 8945]
[8946 8977]
[8978 9010]
[9011 9060]
[9061 9114]
[9115 9140]
[9141 9184]
[9185 9268]
[9269 9615]
[9616 9665]
[9666 9715]
[9716 9775]
[9776 9831]
[9832 9900]
[9901 9962]
[9963 10036]
[10037 10176]
[10177 10225]
[10226 10285]
[10286 10353]
[10354 10422]
[10423 10476]
[10477 10525]
[10526 10581]
[10582 10640]
[10641 10710]
[10711 10790]
[10791 10850]
[10851 10934]
[10935 10977]
[10978 11128]
[11129 11188]
[11189 11239]
[11240 11280]
[11281 11286]
[11287 11327]
[11328 11368]
[11369 11433]
[11434 11478]
[11479 11534]
[11535 11634]
[11635 12193]
[12194 12358]
[12359 12559]
[12560 12924]
[12925 13039]
[13040 13283]
[13284 13533]
[13534 13739]
[13740 14052]
[14053 14129]
[14130 14179]
[14180 14298]
[14299 14389]
[14390 14449]
[14450 14514]
[14515 14672]
[14673 14767]
[14768 14872]
[14873 14951]
[14952 15043]
[15044 15080]
[15081 15138]
[15139 15418]
[15419 15506]
[15507 15590]
[15591 15635]
[15636 15722]
[15723 15776]
[15777 15837]
[15838 15934]
[15935 16009]
[16010 16076]
[16077 16136]
[16137 16229]
[16230 16279]
[16280 16669]
[16670 16722]
[16723 16788]
[16789 16896]
[16897 16994]
[16995 17082]
[17083 17169]
[17170 17242]
[17243 17371]
[17372 17596]
[17597 17645]
[17646 18049]
[18050 18120]
[18121 18188]
[18189 18210]
[18211 18290]
[18291 18339]
[18340 18388]
[18389 18445]
[18446 18473]
[18474 18526]
[18527 18583]
[18584 18648]
[18649 18697]
[18698 18774]
[18775 18842]
[18843 18936]
[18937 19009]
[19010 19059]
[19060 19128]
[19129 19194]
[19195 19245]
[19246 19292]
[19293 19333]
[19334 19374]
[19375 19439]
[19440 19484]
[19485 19510]
[19511 19540]
[19541 19640]
[19641 20177]
[20178 20522]
[20523 20645]
[20646 20753]
[20754 20795]
[20796 20895]
[20896 20924]
[20925 21001]
[21002 21102]
[21103 21151]
[21152 21613]
[21614 21760]
[21761 21817]
[21818 21867]
[21868 21924]
[21925 21978]
[21979 22027]
[22028 22095]
[22096 22200]
[22201 22259]
[22260 22334]
[22335 22362]
[22363 22402]
[22403 22468]
[22469 22478]
[22479 22494]
[22495 22528]
[22529 22555]
[22556 22580]
[22581 22605]
[22606 22630]
[22631 22655]
[22656 22680]
[22681 22705]
[22706 22725]
[22726 22774]
[22775 22802]
[22803 22822]
[22823 23211]
[23212 23243]
[23244 23334]
[23335 23399]
[23400 23513]
[23514 23682]
[23683 23857]
[23858 24045]
[24046 24071]
[24072 24138]
[24139 24188]
[24189 24233]
[24234 24258]
[24259 24318]
[24319 24369]
[24370 24618]
[24619 24685]
[24686 24762]
[24763 24945]
[24946 25058]
[25059 25173]
[25174 25246]
[25247 25267]
[25268 25345]
[25346 25393]
[25394 25559]
[25560 25666]
[25667 25807]
[25808 25831]
[25832 25888]
[25889 26235]
[26236 26324]
[26325 26392]
[26393 26458]
[26459 26527]
[26528 26609]
[26610 26691]
[26692 26818]
[26819 26863]
[26864 27021]
[27022 27118]
[27119 27182]
[27183 27446]
[27447 27582]
[27583 27686]
[27687 27737]
[27738 27927]
[27928 27965]
[27966 28012]
[28013 28090]
[28091 28148]
[28149 28167]
[28168 28212]
[28213 28240]
[28241 28278]
[28279 28329]
[28330 28387]
[28388 28417]
[28418 28476]
[28477 28528]
[28529 28622]
[28623 28669]
[28670 28692]
[28693 28757]
[28758 28833]
[28834 28874]
[28875 28921]
[28922 28946]
[28947 29006]
[29007 29061]
[29062 29100]
[29101 29122]
[29123 29161]
[29162 29518]
[29519 29617]
