[0 29]
[30 435]
[436 475]
[476 514]
[515 566]
[567 618]
[619 650]
[651 685]
[686 736]
[737 1145]
[1146 1212]
[1213 1275]
[1276 1420]
[1421 1474]
[1475 1515]
[1516 1600]
[1601 1651]
[1652 1701]
[1702 1774]
[1775 1851]
[1852 1922]
[1923 1983]
[1984 2250]
[2251 2327]
[2328 2370]
[2371 2416]
[2417 2424]
[2425 2474]
[2475 2519]
[2520 2570]
[2571 2680]
[2681 2946]
[2947 3028]
[3029 3108]
[3109 3164]
[3165 3252]
[3253 3365]
[3366 3428]
[3429 3625]
[3626 3690]
[3691 3750]
[3751 3855]
[3856 3924]
[3925 4060]
[4061 4493]
[4494 4566]
[4567 4606]
[4607 4650]
[4651 4679]
[4680 4713]
[4714 4739]
[4740 4801]
[4802 4849]
[4850 4904]
[4905 4979]
[4980 5005]
[5006 5050]
[5051 5078]
[5079 5116]
[5117 5137]
[5138 5310]
[5311 5381]
[5382 5414]
[5415 5476]
[5477 5547]
[5548 5660]
[5661 5688]
[5689 5718]
[5719 5746]
[5747 5768]
[5769 5828]
[5829 5894]
[5895 5937]
[5938 5997]
[5998 6020]
[6021 6084]
[6085 6435]
[6436 6468]
[6469 6519]
[6520 6572]
[6573 6628]
[6629 6672]
[6673 6693]
[6694 6727]
[6728 6877]
[6878 7010]
[7011 7045]
[7046 7108]
[7109 7146]
[7147 7190]
[7191 7518]
[7519 7549]
[7550 7645]
[7646 7706]
[7707 7790]
[7791 7828]
[7829 7907]
[7908 7985]
[7986 8008]
[8009 8063]
[8064 8116]
[8117 8183]
[8184 8244]
[8245 8279]
[8280 8384]
[8385 8497]
[8498 8788]
[8789 8937]
[8938 9057]
[9058 9180]
[9181 9298]
[9299 9408]
[9409 9530]
[9531 9635]
[9636 9718]
[9719 9788]
[9789 9832]
[9833 9863]
[9864 10103]
[10104 10169]
[10170 10274]
[10275 10390]
[10391 10587]
[10588 10722]
[10723 10853]
[10854 10868]
[10869 11159]
[11160 11752]
[11753 11792]
[11793 11917]
[11918 12015]
[12016 12116]
[12117 12549]
[12550 12551]
[12552 12788]
[12789 13016]
[13017 13072]
[13073 13146]
[13147 13407]
[13408 13607]
[13608 13688]
[13689 13909]
[13910 14341]
[14342 14515]
[14516 14599]
[14600 14803]
[14804 14855]
[14856 15285]
[15286 15347]
[15348 15407]
[15408 15459]
[15460 15532]
[15533 15592]
[15593 15657]
[15658 15711]
[15712 15764]
[15765 15828]
[15829 15878]
[15879 15933]
[15934 15984]
[15985 16050]
[16051 16105]
[16106 16160]
[16161 16206]
[16207 16253]
[16254 16330]
[16331 16410]
[16411 16479]
[16480 16509]
[16510 16554]
[16555 16615]
[16616 16678]
[16679 16738]
[16739 16772]
[16773 16791]
[16792 16859]
[16860 16920]
[16921 16949]
[16950 17020]
[17021 17079]
[17080 17172]
[17173 17486]
[17487 17595]
[17596 17705]
[17706 17723]
[17724 17752]
[17753 17777]
[17778 17815]
[17816 17849]
[17850 17894]
[17895 17941]
[17942 17976]
[17977 18234]
[18235 18417]
[18418 18459]
[18460 18829]
[18830 18860]
[18861 18931]
[18932 19007]
[19008 19079]
[19080 19112]
[19113 19190]
[19191 19252]
[19253 19323]
[19324 19384]
[19385 19427]
[19428 19530]
[19531 19767]
[19768 19825]
[19826 19879]
[19880 19993]
[19994 20045]
[20046 20100]
[20101 20632]
[20633 20674]
[20675 20716]
[20717 20794]
[20795 20856]
[20857 20963]
[20964 21014]
[21015 21106]
[21107 21161]
[21162 21214]
[21215 21250]
[21251 21303]
[21304 21432]
[21433 21486]
[21487 21554]
[21555 21670]
[21671 21959]
[21961 22032]
[22033 22080]
[22081 22144]
[22145 22207]
[22208 22269]
[22270 22340]
[22341 22375]
[22376 22430]
[22431 22536]
[22537 22590]
[22591 22642]
[22643 22686]
[22687 22724]
[22725 22754]
[22755 22841]
[22842 23256]
[23257 23318]
[23319 23381]
[23382 23589]
[23590 23677]
[23678 23752]
[23753 23876]
[23877 24004]
[24005 24089]
[24090 24154]
[24155 24202]
[24203 24264]
[24265 24310]
[24311 24370]
[24371 24427]
[24428 24481]
[24482 24522]
[24523 24554]
[24556 24855]
[24857 24923]
[24924 25007]
[25008 25043]
[25044 25102]
[25103 25150]
[25151 25180]
[25181 25261]
[25262 25295]
[25296 25331]
[25332 25365]
[25366 25431]
[25432 25463]
[25464 25508]
[25509 25929]
[25930 26022]
