[0 19]
[20 314]
[315 367]
[368 416]
[417 464]
[465 494]
[495 544]
[545 620]
[621 655]
[656 727]
[728 782]
[783 1321]
[1322 1379]
[1380 1418]
[1419 1457]
[1458 1502]
[1503 1564]
[1565 1633]
[1634 1719]
[1720 1773]
[1774 1809]
[1810 1872]
[1873 1910]
[1911 1988]
[1989 2062]
[2063 2120]
[2121 2187]
[2188 2218]
[2219 2294]
[2295 2381]
[2382 2450]
[2451 2500]
[2501 2554]
[2555 3050]
[3051 3110]
[3111 3132]
[3133 3165]
[3166 3215]
[3216 3264]
[3265 3285]
[3286 3470]
[3471 3518]
[3519 3575]
[3576 3596]
[3597 3640]
[3641 3905]
[3906 3957]
[3958 4017]
[4018 4159]
[4160 4181]
[4182 4211]
[4212 4263]
[4264 4314]
[4315 4364]
[4365 4380]
[4381 4401]
[4402 4441]
[4442 4482]
[4483 4515]
[4516 4565]
[4566 5043]
[5044 5097]
[5098 5240]
[5241 5287]
[5288 5365]
[5366 5413]
[5414 5483]
[5484 5539]
[5540 5574]
[5575 5692]
[5693 5745]
[5746 5858]
[5859 5933]
[5934 5986]
[5987 6011]
[6012 6034]
[6035 6108]
[6109 6187]
[6188 6246]
[6247 6296]
[6297 6370]
[6371 6458]
[6459 6508]
[6509 6681]
[6682 6713]
[6714 6801]
[6802 6842]
[6843 6869]
[6870 6963]
[6964 6997]
[6998 7013]
[7014 7065]
[7066 7177]
[7178 7246]
[7247 7260]
[7261 7370]
[7371 7623]
[7624 8317]
[8318 8491]
[8492 8608]
[8609 8661]
[8662 8730]
[8731 8774]
[8775 8807]
[8808 8843]
[8844 8909]
[8910 8957]
[8958 9014]
[9015 9100]
[9101 9503]
[9504 9584]
[9585 9659]
[9660 9735]
[9736 9815]
[9816 9897]
[9898 9989]
[9990 10224]
[10225 10316]
[10317 10465]
[10466 10522]
[10523 10602]
[10603 10670]
[10671 10692]
[10693 10735]
[10736 11107]
[11108 11145]
[11146 11206]
[11207 11267]
[11268 11327]
[11328 11390]
[11391 11448]
[11449 11500]
[11501 11553]
[11554 11615]
[11616 11681]
[11682 11742]
[11743 11798]
[11799 11854]
[11855 11928]
[11929 11984]
[11985 12021]
[12022 12074]
[12075 12107]
[12108 12409]
[12410 12527]
[12528 12619]
[12620 12754]
[12755 12841]
[12842 12921]
[12922 13040]
[13041 13107]
[13108 13168]
[13169 13423]
[13424 13571]
[13572 13660]
[13661 13733]
[13734 13832]
[13833 13974]
[13975 14049]
[14050 14103]
[14104 14366]
[14367 14504]
[14505 14623]
[14624 14677]
[14678 14739]
[14740 14806]
[14807 14851]
[14852 14914]
[14915 14977]
[14978 15025]
[15026 15090]
[15091 15187]
[15188 15252]
[15253 15481]
[15482 15859]
[15860 16103]
[16104 16172]
[16173 16415]
[16416 16706]
[16707 16784]
[16785 16869]
[16870 16983]
[16984 17086]
[17087 17248]
[17249 17327]
[17328 17382]
[17383 17422]
[17423 17453]
[17454 17688]
[17689 18156]
[18157 18373]
[18374 18618]
[18619 18743]
[18744 18868]
[18869 19012]
[19013 19069]
[19070 19097]
[19098 19163]
[19164 19192]
[19193 19234]
[19235 19274]
[19275 19324]
[19325 19353]
[19354 19453]
[19454 19866]
[19867 19916]
[19917 19951]
[19952 19985]
[19986 20026]
[20027 20074]
[20075 20221]
[20222 20306]
[20307 20375]
[20376 20436]
[20437 20467]
[20468 20624]
[20625 20643]
[20644 20687]
[20688 20749]
[20750 20820]
[20821 20875]
[20876 20924]
[20925 20999]
[21000 21069]
[21070 21369]
[21370 21425]
[21426 21536]
[21537 21625]
[21626 21745]
[21746 21916]
[21917 22017]
[22018 22051]
[22052 22129]
[22130 22226]
[22227 22352]
[22353 22484]
[22485 22598]
[22599 22698]
[22699 22750]
[22751 22857]
[22858 22973]
[22974 23411]
[23412 23448]
[23449 23488]
[23489 23538]
[23539 23579]
[23580 23622]
[23623 23669]
[23670 23710]
[23711 23758]
[23759 23799]
[23800 23835]
[23836 23878]
[23879 24056]
[24057 24096]
[24097 24233]
[24234 24312]
[24313 24362]
[24363 24404]
[24405 24480]
[24481 24790]
[24791 24848]
[24849 24918]
[24919 24971]
[24972 25085]
[25086 25169]
[25170 25248]
[25249 25346]
[25347 25391]
[25392 25449]
[25450 25570]
[25571 25598]
[25599 25865]
[25866 25912]
[25913 25963]
[25964 26090]
[26091 26191]
[26192 26255]
[26256 26322]
[26323 26751]
[26752 26799]
[26800 26896]
[26897 26946]
[26947 26999]
[27000 27091]
[27092 27168]
[27169 27251]
[27252 27370]
[27371 27409]
[27410 27538]
[27539 27676]
[27677 27884]
[27885 27960]
[27961 28004]
[28005 28144]
[28145 28249]
[28250 28705]
[28706 28772]
[28773 28823]
[28824 28865]
[28866 28975]
[28976 29013]
[29014 29047]
[29048 29187]
[29188 29232]
[29233 29278]
[29279 29373]
[29374 29427]
[29428 29521]
[29522 29563]
[29564 29598]
[29599 29639]
[29640 29899]
[29900 29964]
[29965 30015]
[30016 30068]
[30069 30130]
[30131 30188]
[30189 30255]
[30256 30308]
[30309 30365]
[30366 30420]
[30421 30471]
[30472 30522]
[30523 30581]
[30582 30629]
[30630 30686]
[30687 30732]
[30733 31132]
[31134 31215]
