[0 39]
[41 436]
[437 501]
[502 542]
[543 568]
[569 590]
[591 629]
[630 660]
[661 686]
[687 716]
[717 753]
[754 783]
[784 833]
[834 877]
[878 925]
[926 955]
[956 985]
[986 1087]
[1088 1551]
[1552 1626]
[1627 1692]
[1693 1769]
[1770 2270]
[2271 2376]
[2377 2441]
[2442 2501]
[2502 2597]
[2598 2725]
[2726 2786]
[2787 2842]
[2843 3351]
[3352 3497]
[3498 3587]
[3588 3843]
[3844 3954]
[3955 4001]
[4002 4029]
[4030 4176]
[4177 4227]
[4228 4253]
[4254 4297]
[4298 4594]
[4595 4637]
[4638 4662]
[4663 4687]
[4688 4723]
[4724 4770]
[4771 4800]
[4801 4815]
[4816 4924]
[4925 5003]
[5004 5039]
[5040 5063]
[5064 5119]
[5120 5175]
[5176 5207]
[5208 5263]
[5264 5303]
[5304 5338]
[5339 5623]
[5624 5685]
[5686 5721]
[5722 5770]
[5771 5791]
[5792 5837]
[5838 5959]
[5960 6018]
[6019 6071]
[6072 6459]
[6460 6558]
[6559 6625]
[6626 6693]
[6694 6784]
[6785 6835]
[6836 6910]
[6911 7023]
[7024 7095]
[7096 7144]
[7145 7167]
[7168 7215]
[7216 7265]
[7266 7598]
[7599 7731]
[7732 7776]
[7777 7873]
[7874 7916]
[7917 7987]
[7988 8048]
[8049 8409]
[8410 8465]
[8466 8536]
[8537 8595]
[8596 8655]
[8656 8717]
[8718 8823]
[8824 8881]
[8882 8932]
[8933 9025]
[9026 9136]
[9137 9198]
[9199 9240]
[9241 9268]
[9269 9282]
[9283 9335]
[9336 9389]
[9390 9463]
[9464 9608]
[9609 10263]
[10264 10375]
[10376 10537]
[10538 10656]
[10657 10807]
[10808 11011]
[11012 11307]
[11308 11433]
[11434 11599]
[11600 11699]
[11700 11856]
[11857 11952]
[11953 11980]
[11981 12021]
[12022 12054]
[12055 12133]
[12134 12277]
[12278 12401]
[12402 12923]
[12924 13048]
[13049 13173]
[13174 13444]
[13445 13553]
[13554 13678]
[13679 13943]
[13944 14051]
[14052 14178]
[14179 14338]
[14339 14461]
[14462 14620]
[14621 14760]
[14761 14865]
[14866 14893]
[14894 15391]
[15392 15656]
[15657 15716]
[15717 15768]
[15769 15842]
[15843 15914]
[15915 16001]
[16002 16182]
[16183 16276]
[16277 16550]
[16551 16601]
[16602 16651]
[16652 16738]
[16739 17033]
[17034 17525]
[17526 17790]
[17791 17830]
[17831 17880]
[17881 18016]
[18017 18044]
[18045 18107]
[18108 18144]
[18145 18197]
[18198 18249]
[18250 18296]
[18297 18336]
[18337 18460]
[18461 18904]
[18905 18966]
[18967 19008]
[19009 19036]
[19037 19134]
[19135 19183]
[19184 19272]
[19273 19296]
[19297 19368]
[19369 19407]
[19408 19498]
[19499 19597]
[19598 19768]
[19769 19818]
[19819 20048]
[20049 20118]
[20119 20197]
[20198 20236]
[20237 20302]
[20303 20754]
[20755 20825]
[20826 20966]
[20967 20995]
[20996 21179]
[21180 21297]
[21298 21368]
[21369 21464]
[21465 21562]
[21563 21630]
[21631 21802]
[21803 22292]
[22293 22391]
[22392 22434]
[22435 22485]
[22486 22569]
[22570 22636]
[22637 22733]
[22734 22824]
[22825 22888]
[22889 23034]
[23035 23089]
[23090 23166]
[23167 23222]
[23223 23262]
[23263 23408]
[23409 23447]
[23448 23879]
[23880 24002]
[24003 24114]
[24115 24215]
[24216 24309]
[24310 24411]
[24412 24494]
[24495 24601]
[24602 24712]
[24713 24795]
[24796 24904]
[24905 24997]
[24998 25098]
[25099 25213]
[25214 25276]
[25277 25360]
[25361 25480]
[25481 25581]
[25582 25633]
[25635 25711]
[25712 25801]
[25802 25923]
[25924 26001]
[26002 26061]
[26062 26092]
[26093 26241]
[26242 26336]
[26337 26420]
[26421 26469]
[26470 26519]
[26520 26656]
[26657 26813]
[26814 26906]
[26907 26972]
[26973 27044]
[27045 27111]
[27112 27857]
[27858 27968]
