[0 23]
[24 343]
[344 398]
[399 432]
[433 464]
[465 497]
[498 525]
[526 553]
[554 581]
[582 614]
[615 649]
[650 686]
[687 717]
[718 744]
[745 773]
[774 840]
[841 1670]
[1671 1700]
[1701 1741]
[1742 1757]
[1758 1799]
[1800 1832]
[1833 1892]
[1893 1937]
[1938 1988]
[1989 2032]
[2033 2086]
[2087 2150]
[2151 2226]
[2227 2255]
[2256 2307]
[2308 2340]
[2341 2362]
[2363 2424]
[2425 2476]
[2477 2503]
[2504 2528]
[2529 2599]
[2600 2629]
[2630 2670]
[2671 2725]
[2726 2790]
[2791 2832]
[2833 2899]
[2900 2944]
[2945 2991]
[2992 3466]
[3467 3654]
[3655 3797]
[3798 3825]
[3826 3873]
[3874 3925]
[3926 3980]
[3981 4051]
[4052 4117]
[4118 4194]
[4195 4295]
[4296 4332]
[4333 4838]
[4839 4946]
[4947 5005]
[5006 5067]
[5068 5124]
[5125 5273]
[5274 5352]
[5353 5425]
[5426 5487]
[5488 5537]
[5538 5731]
[5732 6062]
[6063 6125]
[6126 6177]
[6178 6237]
[6238 6305]
[6306 6382]
[6383 6425]
[6426 6471]
[6472 6937]
[6938 7016]
[7017 7052]
[7053 7090]
[7091 7126]
[7127 7183]
[7184 7244]
[7245 7408]
[7409 7486]
[7487 7532]
[7533 7600]
[7601 7640]
[7641 7678]
[7679 7736]
[7737 7811]
[7812 7852]
[7853 7885]
[7886 8123]
[8124 8164]
[8165 8204]
[8205 8250]
[8251 8323]
[8324 8410]
[8411 8448]
[8449 8495]
[8496 8721]
[8722 8834]
[8835 8897]
[8898 8973]
[8974 9040]
[9041 9100]
[9101 9288]
[9289 9334]
[9335 9434]
[9435 9484]
[9485 9559]
[9560 9595]
[9596 9639]
[9640 9800]
[9801 9852]
[9853 9882]
[9883 10403]
[10404 10432]
[10433 10452]
[10453 10517]
[10518 10550]
[10551 10574]
[10575 10604]
[10605 10631]
[10632 10688]
[10689 10729]
[10730 10776]
[10777 10804]
[10805 10840]
[10841 10884]
[10885 10987]
[10988 11040]
[11041 11122]
[11123 11221]
[11222 11259]
[11260 11288]
[11289 11318]
[11319 11349]
[11350 11410]
[11411 11609]
[11610 11811]
[11812 11893]
[11894 11941]
[11942 12426]
[12427 12671]
[12672 12733]
[12734 12813]
[12814 12986]
[12987 13015]
[13016 13231]
[13232 13275]
[13276 13365]
[13366 13524]
[13525 13549]
[13550 13840]
[13841 14106]
[14107 14210]
[14211 14300]
[14301 14395]
[14396 14490]
[14491 14593]
[14594 14674]
[14675 14721]
[14722 14986]
[14987 15125]
[15126 15207]
[15208 15323]
[15324 15420]
[15421 15507]
[15508 15571]
[15572 15638]
[15639 15724]
[15725 15791]
[15792 15842]
[15843 15912]
[15913 15990]
[15991 16054]
[16055 16099]
[16100 16312]
[16313 16374]
[16375 16461]
[16462 16533]
[16534 16583]
[16584 16633]
[16634 16695]
[16696 16749]
[16750 16834]
[16835 16885]
[16886 17003]
[17004 17042]
[17043 17110]
[17111 17171]
[17172 17212]
[17213 17252]
[17253 17290]
[17291 17355]
[17356 17400]
[17401 17451]
[17452 17556]
[17557 17921]
[17922 17989]
[17990 18133]
[18134 18247]
[18248 18326]
[18327 18378]
[18379 18403]
[18404 18455]
[18456 18497]
[18498 18582]
[18583 18658]
[18659 18710]
[18711 18779]
[18780 18850]
[18851 18875]
[18876 18915]
[18916 18959]
[18960 19027]
[19028 19079]
[19080 19146]
[19147 19219]
[19220 19287]
[19288 19355]
[19356 19380]
[19381 19477]
[19478 19533]
[19534 19888]
[19889 20055]
[20056 20257]
[20258 20315]
[20316 20335]
[20336 20393]
[20394 20425]
[20426 20449]
[20450 20553]
[20554 20615]
[20616 20657]
[20658 20688]
[20689 20722]
[20723 20757]
[20758 20850]
[20851 20952]
[20953 21011]
[21012 21113]
[21114 21230]
[21231 21345]
[21346 21652]
[21653 21778]
[21779 21840]
[21841 21909]
[21910 21971]
[21972 22069]
[22070 22280]
[22281 22338]
[22339 22412]
[22413 22475]
[22477 22524]
[22525 22576]
[22577 22599]
[22600 22664]
[22665 22733]
[22734 23008]
[23009 23382]
[23383 23465]
[23466 23581]
[23582 23698]
[23699 23783]
[23784 23858]
[23859 23976]
[23977 24181]
[24182 24235]
[24236 24280]
[24281 24329]
[24330 24403]
[24404 24473]
[24474 24547]
[24548 24904]
[24905 24975]
[24976 25055]
[25056 25123]
[25124 25196]
[25197 25288]
[25289 25498]
[25499 25562]
[25563 25622]
[25623 25691]
[25692 25867]
[25868 25936]
[25937 26010]
[26011 26074]
[26075 26134]
[26135 26162]
[26163 26213]
[26214 26261]
[26262 26503]
[26504 26599]
[26600 26667]
[26668 26700]
[26701 26818]
[26819 26877]
[26878 27268]
[27269 27351]
