[0 47]
[48 337]
[338 397]
[398 433]
[434 463]
[464 491]
[492 524]
[525 550]
[551 580]
[581 611]
[612 614]
[615 648]
[649 685]
[686 716]
[717 743]
[744 765]
[766 822]
[823 1363]
[1364 1449]
[1450 1531]
[1532 1573]
[1574 1633]
[1634 1692]
[1693 1797]
[1798 1854]
[1855 1899]
[1900 1956]
[1957 2072]
[2073 2130]
[2131 2208]
[2209 2274]
[2275 2336]
[2337 2373]
[2374 2423]
[2424 2481]
[2482 2554]
[2555 2923]
[2924 2986]
[2987 3032]
[3033 3081]
[3082 3147]
[3148 3202]
[3203 3258]
[3259 3328]
[3329 3391]
[3392 3439]
[3441 3487]
[3488 3543]
[3544 3608]
[3609 4106]
[4107 4149]
[4150 4191]
[4192 4231]
[4232 4290]
[4291 4342]
[4343 4415]
[4416 4540]
[4541 4611]
[4612 4690]
[4691 4762]
[4763 4809]
[4810 4882]
[4883 4957]
[4958 5009]
[5010 5083]
[5084 5151]
[5152 5246]
[5247 5337]
[5338 5429]
[5430 5522]
[5523 5591]
[5592 5636]
[5637 5696]
[5697 6214]
[6215 6280]
[6281 6337]
[6338 6387]
[6388 6442]
[6443 6480]
[6481 6587]
[6588 6620]
[6621 6659]
[6660 6732]
[6733 6778]
[6779 6818]
[6819 6885]
[6886 6994]
[6995 7047]
[7048 7103]
[7104 7154]
[7155 7205]
[7206 7271]
[7272 7310]
[7311 7378]
[7379 7420]
[7421 7467]
[7468 7526]
[7527 8250]
[8251 8302]
[8303 8406]
[8407 8479]
[8480 8512]
[8513 8561]
[8562 8623]
[8624 8695]
[8696 8791]
[8792 8857]
[8858 9004]
[9005 9084]
[9085 9150]
[9151 9207]
[9208 9262]
[9263 9362]
[9363 9814]
[9815 9860]
[9861 9916]
[9917 9966]
[9967 10017]
[10018 10066]
[10067 10110]
[10111 10139]
[10140 10321]
[10322 10381]
[10382 10423]
[10424 10470]
[10471 10521]
[10522 10570]
[10571 10635]
[10636 10696]
[10697 10747]
[10748 10828]
[10829 11043]
[11044 11088]
[11089 11132]
[11133 11189]
[11190 11237]
[11238 11284]
[11285 11763]
[11764 11833]
[11834 11873]
[11874 11943]
[11944 11982]
[11983 12000]
[12001 12043]
[12044 12111]
[12112 12152]
[12153 12179]
[12180 12237]
[12238 12269]
[12270 12306]
[12307 12348]
[12349 12374]
[12375 12413]
[12414 12458]
[12459 12495]
[12496 12538]
[12539 12583]
[12584 12618]
[12619 12642]
[12643 12680]
[12681 12718]
[12719 12757]
[12758 12800]
[12801 12841]
[12842 12866]
[12867 12897]
[12898 12940]
[12941 12968]
[12969 12992]
[12993 13116]
[13117 13167]
[13168 13214]
[13215 13255]
[13256 13296]
[13297 13361]
[13362 13406]
[13407 13462]
[13463 13564]
[13565 14067]
[14068 14265]
[14266 14319]
[14320 14364]
[14365 14420]
[14421 14500]
[14501 14581]
[14582 14662]
[14663 14741]
[14742 15021]
[15022 15118]
[15119 15218]
[15219 15316]
[15317 15419]
[15420 15515]
[15516 15608]
[15609 15698]
[15699 16287]
[16288 16397]
[16398 16573]
[16574 16774]
[16775 16834]
[16835 16900]
[16901 17166]
[17167 17895]
[17896 17978]
[17979 18354]
[18355 18401]
[18402 18455]
[18456 18492]
[18493 18542]
[18543 18584]
[18585 18638]
[18639 18689]
[18690 18743]
[18744 18789]
[18790 18821]
[18822 18986]
[18987 19037]
[19038 19084]
[19085 19125]
[19126 19166]
[19167 19220]
[19221 19276]
[19277 19332]
[19333 19434]
[19435 19855]
[19856 19937]
[19938 20013]
[20014 20170]
[20171 20233]
[20234 20292]
[20293 20367]
[20368 20464]
[20465 20571]
[20572 20676]
[20677 20833]
[20834 20933]
[20934 21014]
[21015 21121]
[21122 21194]
[21195 21297]
[21298 21833]
[21834 21972]
[21973 22049]
[22050 22274]
[22275 22357]
[22358 22494]
[22495 22588]
[22589 22736]
[22737 22794]
[22795 23014]
[23015 23177]
[23178 23332]
[23333 23638]
[23639 23730]
[23731 23892]
[23893 23976]
[23977 24185]
[24186 24269]
[24270 24331]
[24332 24544]
[24545 24593]
[24594 24637]
[24638 24705]
[24706 24817]
[24818 24898]
[24899 25055]
[25056 25464]
[25465 25531]
[25532 25631]
[25632 25676]
[25677 25783]
[25784 25820]
[25821 25872]
[25873 25901]
[25902 26028]
[26029 26059]
[26060 26118]
[26119 26164]
[26165 26222]
[26223 26253]
[26254 26307]
[26308 26342]
[26343 26477]
[26478 26711]
[26712 26817]
[26818 26893]
[26894 26963]
[26964 27030]
[27031 27071]
[27072 27111]
[27112 27332]
[27333 27355]
[27356 27531]
[27532 27671]
[27672 27764]
[27765 27800]
[27801 27881]
[27882 28225]
[28226 28317]
