[0 6]
[7 260]
[261 318]
[319 370]
[371 413]
[414 445]
[446 498]
[499 536]
[537 569]
[570 621]
[622 660]
[661 689]
[690 748]
[749 1096]
[1097 1151]
[1152 1183]
[1184 1229]
[1230 1269]
[1270 1310]
[1311 1381]
[1382 1412]
[1413 1666]
[1667 1734]
[1735 1784]
[1785 1853]
[1854 1976]
[1977 2001]
[2002 2173]
[2174 2255]
[2256 2333]
[2334 2414]
[2415 2457]
[2458 2739]
[2740 2804]
[2805 2847]
[2848 2907]
[2908 2993]
[2994 3063]
[3064 3119]
[3120 3191]
[3192 3244]
[3245 3314]
[3315 3331]
[3332 3423]
[3424 3475]
[3476 3566]
[3567 3649]
[3650 3745]
[3746 3836]
[3837 3898]
[3899 3937]
[3938 4040]
[4041 4086]
[4087 4130]
[4131 4440]
[4441 4499]
[4500 4554]
[4555 4599]
[4600 4665]
[4666 4717]
[4718 4779]
[4780 4852]
[4853 4960]
[4961 5295]
[5296 5447]
[5448 5588]
[5589 5818]
[5819 5900]
[5901 5965]
[5966 6068]
[6069 6216]
[6217 6443]
[6444 6532]
[6534 6616]
[6617 6730]
[6731 6823]
[6824 6973]
[6974 7123]
[7124 7261]
[7262 7351]
[7352 7434]
[7435 7496]
[7497 7650]
[7651 7739]
[7740 7908]
[7909 7946]
[7947 7974]
[7975 8070]
[8071 8123]
[8124 8163]
[8164 8207]
[8208 8244]
[8245 8298]
[8299 8330]
[8331 8400]
[8401 8458]
[8459 8516]
[8517 8580]
[8581 8638]
[8639 8713]
[8714 8776]
[8777 8900]
[8901 9181]
[9182 9411]
[9412 9475]
[9476 9569]
[9570 9640]
[9641 9737]
[9738 9827]
[9828 9965]
[9966 10034]
[10035 10086]
[10087 10150]
[10151 10244]
[10245 10311]
[10312 10527]
[10528 10618]
[10619 10694]
[10695 10751]
[10752 10834]
[10835 10902]
[10903 10990]
[10991 11054]
[11055 11138]
[11139 11185]
[11186 11261]
[11262 11333]
[11334 11420]
[11421 11475]
[11476 11719]
[11720 11776]
[11777 11816]
[11817 11861]
[11862 11892]
[11893 11934]
[11935 11985]
[11986 12053]
[12054 12136]
[12137 12207]
[12208 12242]
[12243 12303]
[12304 12359]
[12360 12407]
[12408 12499]
[12500 12629]
[12630 12838]
[12839 12931]
[12932 13133]
[13134 13195]
[13196 13244]
[13245 13310]
[13311 13394]
[13395 13468]
[13469 13527]
[13528 13720]
[13721 13876]
[13877 13913]
[13914 13975]
[13976 14044]
[14045 14108]
[14109 14165]
[14166 14227]
[14228 14347]
[14348 14619]
[14620 14726]
[14727 14941]
[14942 15065]
[15066 15135]
[15136 15586]
[15587 15707]
[15708 15746]
[15747 15791]
[15792 15844]
[15845 15894]
[15895 15948]
[15949 16094]
[16095 16188]
[16189 16234]
[16235 16279]
[16280 16330]
[16331 16410]
[16411 16532]
[16533 16583]
[16584 16702]
[16703 16738]
[16739 16770]
[16771 16871]
[16873 17314]
[17316 17375]
[17376 17423]
[17424 17467]
[17468 17497]
[17498 17536]
[17537 17603]
[17604 17671]
[17672 17701]
[17702 17762]
[17763 17812]
[17813 17854]
[17855 17936]
[17937 17986]
[17987 18033]
[18034 18051]
[18052 18125]
[18126 18174]
[18175 18223]
[18224 18243]
[18244 18329]
[18330 18521]
[18522 18678]
[18679 18762]
[18763 18805]
[18806 18865]
[18866 18945]
[18946 19034]
[19035 19105]
[19106 19163]
[19164 19233]
[19234 19324]
[19325 19545]
[19546 19611]
[19612 19777]
[19778 20150]
