[0 15]
[16 418]
[419 458]
[459 545]
[546 584]
[585 619]
[620 648]
[649 669]
[670 712]
[713 754]
[755 791]
[792 853]
[854 1203]
[1204 1246]
[1247 1323]
[1324 1407]
[1408 1461]
[1462 1593]
[1594 1712]
[1713 1825]
[1828 1905]
[1906 1982]
[1983 2046]
[2047 2335]
[2336 2523]
[2524 2672]
[2673 2822]
[2823 2861]
[2862 2954]
[2955 3011]
[3012 3117]
[3119 3241]
[3243 3366]
[3368 3452]
[3454 3513]
[3514 3794]
[3795 3854]
[3855 3982]
[3983 4136]
[4137 4306]
[4307 4482]
[4483 4656]
[4657 5025]
[5026 5062]
[5063 5116]
[5117 5159]
[5160 5223]
[5224 5272]
[5273 5338]
[5339 5402]
[5403 5550]
[5551 5626]
[5627 5669]
[5670 5709]
[5710 5777]
[5778 5843]
[5844 5896]
[5897 5955]
[5956 6026]
[6027 6083]
[6084 6141]
[6142 6202]
[6203 6264]
[6265 6308]
[6309 6344]
[6345 6398]
[6399 6441]
[6442 6505]
[6506 6531]
[6532 6696]
[6697 7110]
[7111 7178]
[7179 7236]
[7237 7300]
[7301 7354]
[7355 7425]
[7426 7488]
[7489 7577]
[7578 7676]
[7677 7720]
[7721 7769]
[7770 7821]
[7822 7998]
[7999 8179]
[8180 8237]
[8238 8293]
[8294 8349]
[8350 8401]
[8402 8445]
[8446 8476]
[8477 8779]
[8780 8841]
[8842 8898]
[8899 8972]
[8973 9088]
[9089 9161]
[9162 9202]
[9203 9219]
[9220 9258]
[9259 9295]
[9296 9297]
[9298 9461]
[9462 9522]
[9523 9590]
[9591 9675]
[9676 9816]
[9817 9894]
[9895 10315]
[10316 10407]
[10408 10679]
[10680 10810]
[10811 10901]
[10902 11130]
[11131 11245]
[11246 11370]
[11371 11501]
[11502 11913]
[11914 11985]
[11986 12067]
[12068 12134]
[12135 12197]
[12198 12265]
[12266 12333]
[12334 12388]
[12389 12460]
[12461 12539]
[12540 12613]
[12614 12682]
[12683 12748]
[12749 12845]
[12846 12931]
[12932 13017]
[13018 13085]
[13086 13144]
[13145 13184]
[13185 13597]
[13598 13714]
[13715 13840]
[13841 13977]
[13978 14090]
[14091 14127]
[14128 14201]
[14202 14326]
[14327 14437]
[14438 14472]
[14473 14833]
[14834 14950]
[14951 15031]
[15032 15098]
[15099 15159]
[15160 15505]
[15506 15730]
[15731 16029]
[16030 16198]
[16199 16640]
[16641 16697]
[16698 16769]
[16770 16892]
[16893 17009]
[17010 17109]
[17110 17159]
[17160 17219]
[17220 17324]
[17325 17449]
[17450 17569]
[17570 17689]
[17690 17725]
[17726 17799]
[17800 17849]
[17850 17996]
[17997 18023]
[18024 18052]
[18053 18094]
[18095 18134]
[18135 18176]
[18177 18205]
[18206 18233]
[18234 18252]
[18253 18298]
[18299 18337]
[18338 18436]
[18437 18748]
[18749 18859]
[18860 19008]
[19009 19140]
[19141 19434]
[19435 19565]
[19566 19675]
[19676 19795]
[19796 19914]
[19915 19995]
[19996 20417]
[20418 20498]
[20499 20593]
[20594 20680]
[20681 20770]
[20771 20880]
[20881 20971]
[20972 21058]
[21059 21120]
[21121 21391]
[21392 21521]
[21522 21584]
[21585 21651]
[21652 21796]
[21797 21867]
[21868 22296]
[22297 22370]
[22371 22498]
[22499 22570]
[22571 22622]
[22623 22671]
[22672 22738]
[22739 22795]
[22796 22851]
[22852 22888]
[22889 23192]
[23193 23259]
[23260 23261]
[23262 23326]
[23327 23328]
[23329 23359]
[23360 23404]
[23405 23463]
[23464 23535]
[23536 23684]
[23685 23849]
[23850 23909]
[23910 23975]
[23976 24012]
[24013 24166]
[24167 24251]
[24252 24368]
[24369 24490]
[24491 24827]
[24828 24930]
