[0 43]
[44 321]
[322 376]
[377 412]
[413 442]
[443 470]
[471 503]
[504 529]
[530 559]
[560 593]
[594 627]
[628 664]
[665 695]
[696 722]
[723 752]
[753 832]
[833 958]
[959 1727]
[1728 1783]
[1784 1844]
[1845 1893]
[1894 1941]
[1942 1986]
[1987 2044]
[2045 2108]
[2109 2172]
[2173 2234]
[2235 2277]
[2278 2327]
[2328 2378]
[2379 2449]
[2450 2504]
[2505 2558]
[2559 2600]
[2601 2655]
[2656 3223]
[3224 3300]
[3301 3330]
[3331 3352]
[3353 3508]
[3509 3649]
[3650 3778]
[3779 3920]
[3921 4027]
[4028 4102]
[4103 4158]
[4159 4231]
[4232 4288]
[4289 4346]
[4347 4884]
[4885 4948]
[4949 5016]
[5017 5074]
[5075 5148]
[5149 5168]
[5169 5230]
[5231 5252]
[5253 5302]
[5303 5595]
[5596 5630]
[5632 5683]
[5685 5785]
[5786 5848]
[5849 5926]
[5927 6014]
[6015 6059]
[6060 6102]
[6103 6140]
[6141 6169]
[6170 6213]
[6214 6516]
[6518 6593]
[6594 6610]
[6611 6659]
[6660 6683]
[6684 6741]
[6742 6780]
[6781 6846]
[6847 6881]
[6882 6969]
[6970 7043]
[7044 7133]
[7134 7569]
[7570 7917]
[7918 7960]
[7961 8020]
[8021 8081]
[8082 8182]
[8183 8221]
[8222 8308]
[8309 8807]
[8808 8881]
[8882 8919]
[8920 9074]
[9075 9130]
[9131 9206]
[9207 9278]
[9279 9340]
[9341 9367]
[9368 9570]
[9571 9596]
[9597 9659]
[9660 9713]
[9714 9783]
[9784 9849]
[9850 9912]
[9913 9971]
[9972 9995]
[9996 10046]
[10047 10087]
[10088 10130]
[10131 10449]
[10450 10618]
[10619 10686]
[10687 10748]
[10749 10821]
[10822 10876]
[10877 10963]
[10964 11046]
[11047 11093]
[11094 11149]
[11150 11204]
[11205 11510]
[11511 11584]
[11585 11621]
[11622 11717]
[11718 11777]
[11778 11811]
[11812 11913]
[11914 12047]
[12048 12166]
[12167 12205]
[12206 12311]
[12312 12401]
[12402 12445]
[12446 12488]
[12489 12636]
[12637 13125]
[13126 13198]
[13199 13297]
[13298 13401]
[13402 13467]
[13468 13560]
[13561 13668]
[13669 13769]
[13770 13854]
[13855 13929]
[13930 13987]
[13988 14413]
[14414 14517]
[14518 14574]
[14575 14636]
[14637 14692]
[14693 14752]
[14753 14827]
[14828 14900]
[14901 14961]
[14962 15018]
[15019 15087]
[15088 15154]
[15155 15191]
[15192 15226]
[15227 15279]
[15280 15330]
[15331 15377]
[15378 15418]
[15419 15459]
[15460 15524]
[15525 15569]
[15570 15625]
[15626 15726]
[15727 16335]
[16336 16512]
[16513 16572]
[16573 16632]
[16633 16682]
[16683 16784]
[16785 16854]
[16855 16931]
[16932 17001]
[17002 17170]
[17171 17467]
[17468 17517]
[17518 17590]
[17591 17749]
[17750 18294]
[18295 18459]
[18460 18537]
[18538 18673]
[18674 18731]
[18732 18908]
[18909 19051]
[19052 19084]
[19085 19192]
[19193 19808]
[19809 19886]
[19887 19967]
[19968 20004]
[20005 20055]
[20056 20116]
[20117 20265]
[20266 20303]
[20304 20375]
[20376 20405]
[20406 20746]
[20747 20814]
[20815 21011]
[21012 21122]
[21123 21173]
[21174 21276]
[21277 21408]
[21409 21599]
[21600 21727]
[21728 21850]
[21851 21939]
[21940 21970]
[21971 22054]
[22055 22122]
[22123 22173]
[22174 22219]
[22220 22288]
[22289 22331]
[22332 22374]
[22375 22406]
[22407 22443]
[22444 22491]
[22492 23011]
[23013 23254]
[23255 23355]
[23356 23437]
[23438 23522]
[23523 23621]
[23622 23679]
[23680 23777]
[23778 23837]
[23838 23887]
[23888 23947]
[23948 24330]
[24331 24639]
[24640 24699]
[24700 24774]
[24775 24846]
[24847 24900]
[24901 24955]
[24956 25013]
[25014 25111]
[25112 25222]
[25223 25288]
[25289 25345]
[25346 25457]
[25458 25543]
[25544 25587]
[25588 25608]
[25609 25659]
[25660 25712]
[25713 25987]
[25988 26048]
[26049 26117]
[26118 26157]
[26158 26401]
[26402 26546]
[26547 26614]
[26615 26796]
[26797 26852]
[26853 26922]
[26923 26946]
[26947 27155]
[27156 27610]
[27611 27713]
