[0 30]
[31 300]
[301 351]
[352 387]
[388 417]
[418 478]
[479 526]
[527 566]
[567 601]
[602 649]
[650 1219]
[1220 1272]
[1273 1337]
[1338 1386]
[1387 1445]
[1447 1525]
[1526 1581]
[1582 1617]
[1618 1695]
[1696 1763]
[1764 1816]
[1817 1868]
[1869 2072]
[2073 2143]
[2144 2181]
[2182 2191]
[2192 2236]
[2237 2302]
[2303 2328]
[2329 2364]
[2365 2513]
[2514 2560]
[2561 2595]
[2596 2649]
[2650 3266]
[3267 3415]
[3416 3498]
[3499 3622]
[3623 3752]
[3753 3868]
[3869 3932]
[3933 3983]
[3984 4027]
[4028 4112]
[4113 4202]
[4203 4280]
[4281 4309]
[4310 4357]
[4358 4483]
[4484 4605]
[4606 4663]
[4664 4719]
[4720 4783]
[4784 4843]
[4844 5343]
[5344 5401]
[5402 5442]
[5443 5489]
[5490 5519]
[5520 5580]
[5581 5612]
[5613 5646]
[5647 5686]
[5687 5729]
[5730 5795]
[5796 5884]
[5885 5918]
[5919 6064]
[6065 6100]
[6101 6146]
[6147 6188]
[6189 6260]
[6261 6298]
[6299 6307]
[6308 6340]
[6341 6373]
[6374 6409]
[6410 6472]
[6473 6507]
[6508 6558]
[6559 6585]
[6586 6600]
[6601 6640]
[6641 6661]
[6662 6708]
[6709 6757]
[6758 7114]
[7115 7185]
[7186 7242]
[7243 7283]
[7284 7322]
[7323 7410]
[7411 7465]
[7466 7523]
[7524 7603]
[7604 7669]
[7670 7753]
[7754 7820]
[7821 7896]
[7897 7972]
[7973 8044]
[8045 8131]
[8132 8217]
[8218 8293]
[8294 8367]
[8368 8443]
[8444 8575]
[8576 8755]
[8756 8793]
[8794 8820]
[8821 8861]
[8862 8898]
[8899 8934]
[8935 9007]
[9008 9383]
[9384 9449]
[9450 9561]
[9562 9657]
[9658 9714]
[9715 9764]
[9765 9823]
[9824 9853]
[9854 9917]
[9918 9958]
[9959 9993]
[9994 10065]
[10066 10188]
[10189 10472]
[10473 11291]
[11292 11632]
[11633 11679]
[11680 11760]
[11761 11797]
[11798 11841]
[11842 11874]
[11875 11915]
[11916 11959]
[11960 11999]
[12000 12048]
[12049 12086]
[12087 12121]
[12122 12164]
[12165 12210]
[12211 12254]
[12255 12288]
[12289 12326]
[12327 12373]
[12374 12413]
[12414 12444]
[12445 12479]
[12480 12514]
[12515 12749]
[12750 12810]
[12811 12859]
[12860 12894]
[12895 12932]
[12933 12979]
[12980 13024]
[13025 13082]
[13083 13137]
[13138 13205]
[13206 13256]
[13257 13302]
[13303 13348]
[13349 13395]
[13396 13443]
[13444 13503]
[13504 13560]
[13561 13627]
[13628 13669]
[13670 13712]
[13713 13760]
[13761 13805]
[13806 14095]
[14096 14150]
[14151 14215]
[14216 14263]
[14264 14314]
[14315 14364]
[14365 14414]
[14415 14452]
[14453 14503]
[14504 14545]
[14546 14597]
[14598 14653]
[14654 14709]
[14710 14769]
[14770 14815]
[14816 14877]
[14878 14946]
[14947 15013]
[15014 15065]
[15066 15101]
[15102 15156]
[15157 15212]
[15213 15248]
[15249 15301]
[15302 15354]
[15355 15404]
[15405 15437]
[15438 15473]
[15474 15510]
[15511 15545]
[15546 15584]
[15585 15642]
[15643 15700]
[15701 15749]
[15750 15847]
[15848 16189]
[16190 16249]
[16250 16325]
[16326 16425]
[16426 16504]
[16505 16576]
[16577 16646]
[16647 16705]
[16706 16822]
[16823 16893]
[16894 16968]
[16969 17029]
[17030 17175]
[17176 17237]
[17238 17308]
[17309 17349]
[17350 17781]
[17783 17845]
[17846 17908]
[17909 17989]
[17990 18058]
[18059 18143]
[18144 18273]
[18274 18329]
[18330 18366]
[18367 18385]
[18386 18430]
[18431 18483]
[18484 18566]
[18567 18645]
[18646 18710]
[18711 19036]
[19037 19095]
[19096 19136]
[19137 19166]
[19167 19245]
[19246 19375]
[19376 19446]
[19447 19552]
[19553 19661]
[19662 19727]
[19728 19790]
[19791 19846]
[19847 19944]
[19945 20014]
[20015 20110]
[20111 20156]
[20157 20594]
[20595 20715]
[20716 20794]
[20795 20971]
[20972 21087]
[21088 21185]
[21186 21249]
[21250 21311]
[21312 21557]
[21558 21738]
[21739 21935]
[21936 22020]
[22021 22073]
[22074 22131]
[22132 22206]
[22208 22253]
[22254 22307]
[22308 22362]
[22363 22409]
[22410 22499]
[22500 22544]
[22545 22624]
[22625 22672]
[22673 22712]
[22713 22754]
[22755 22896]
[22897 22961]
[22962 23021]
[23022 23073]
[23074 23100]
[23101 23160]
[23161 23188]
[23189 23561]
[23562 23634]
[23635 23722]
[23723 23820]
[23821 23880]
[23881 23948]
[23949 24023]
[24024 24084]
[24085 24162]
[24163 24217]
[24218 24300]
[24301 24390]
[24391 24460]
[24461 24537]
[24538 24591]
[24592 24671]
[24672 24730]
[24731 24811]
[24812 24857]
[24858 24904]
[24905 25260]
[25261 25356]
[25357 25415]
[25416 25475]
[25476 25534]
[25535 25627]
[25628 25714]
[25715 25855]
[25856 25977]
[25978 26007]
[26008 26334]
[26335 26429]
