[0 9]
[11 257]
[258 314]
[315 354]
[355 396]
[397 604]
[605 641]
[642 732]
[733 775]
[776 891]
[892 1204]
[1205 1299]
[1300 1499]
[1500 1572]
[1573 1712]
[1713 1777]
[1778 1823]
[1824 1855]
[1856 1906]
[1907 1954]
[1955 2030]
[2031 2078]
[2079 2128]
[2129 2194]
[2195 2480]
[2481 2567]
[2568 2631]
[2632 2771]
[2772 2859]
[2860 2929]
[2930 3004]
[3005 3106]
[3107 3176]
[3177 3245]
[3246 3312]
[3313 3383]
[3384 3474]
[3475 3578]
[3579 3698]
[3699 3781]
[3782 3848]
[3849 3877]
[3878 4260]
[4261 4759]
[4760 5005]
[5006 5030]
[5031 5119]
[5120 5220]
[5221 5325]
[5326 5507]
[5508 5590]
[5591 5695]
[5696 5774]
[5775 5862]
[5863 5967]
[5968 6001]
[6002 6035]
[6036 6134]
[6135 6180]
[6181 6258]
[6259 6302]
[6303 6373]
[6374 6450]
[6451 6530]
[6531 6634]
[6635 6794]
[6795 6985]
[6986 7061]
[7062 7159]
[7160 7250]
[7251 7300]
[7301 7390]
[7391 7421]
[7422 7791]
[7792 7822]
[7823 7878]
[7879 7951]
[7952 8002]
[8003 8051]
[8052 8111]
[8112 8186]
[8187 8239]
[8240 8299]
[8300 8340]
[8341 8396]
[8397 8473]
[8474 8528]
[8529 8624]
[8625 8736]
[8737 8781]
[8782 8829]
[8830 8875]
[8876 8920]
[8921 8997]
[8998 9043]
[9044 9099]
[9100 9185]
[9186 9263]
[9264 9482]
[9483 9564]
[9565 9607]
[9608 9692]
[9693 9777]
[9778 9862]
[9863 9949]
[9950 10023]
[10024 10107]
[10108 10172]
[10173 10247]
[10248 10305]
[10306 10391]
[10392 10472]
[10473 10537]
[10538 10568]
[10569 10802]
[10803 10891]
[10892 10975]
[10976 11027]
[11028 11079]
[11080 11163]
[11164 11225]
[11226 11317]
[11318 11428]
[11429 11552]
[11553 11639]
[11640 11743]
[11744 11820]
[11821 11844]
[11845 11946]
[11947 12034]
[12035 12123]
[12124 12211]
[12212 12306]
[12307 12417]
[12418 12667]
[12668 12817]
[12818 12933]
[12934 12986]
[12987 13046]
[13047 13156]
[13157 13200]
[13201 13247]
[13248 13306]
[13307 13350]
[13351 13398]
[13399 13456]
[13457 13501]
[13502 13528]
[13529 13578]
[13579 13639]
[13640 13716]
[13717 13838]
[13839 14150]
[14152 14251]
[14252 14366]
[14367 14456]
[14457 14524]
[14525 14611]
[14612 14751]
[14752 14812]
[14813 14864]
[14865 14923]
[14924 14990]
[14991 15036]
[15037 15112]
[15113 15171]
[15172 15222]
[15223 15253]
[15254 15304]
[15305 15363]
[15364 15726]
[15727 15793]
[15794 15879]
[15880 15976]
[15977 16092]
[16093 16185]
[16186 16417]
[16418 16536]
[16537 16680]
[16681 16808]
[16809 17089]
[17090 17168]
[17169 17246]
[17247 17298]
[17299 17406]
[17407 17578]
[17579 17608]
[17609 17645]
[17646 17707]
[17708 17763]
[17764 17838]
[17839 17875]
[17876 17925]
[17926 17989]
[17990 18069]
[18070 18116]
[18117 18312]
[18313 18473]
[18474 18668]
[18670 18729]
[18730 18837]
[18838 18938]
[18939 19065]
[19066 19164]
[19165 19230]
[19231 19320]
[19321 19437]
[19438 19548]
[19549 19817]
[19818 20018]
[20019 20113]
[20114 20195]
[20196 20365]
[20366 20454]
[20455 20601]
[20602 20669]
[20670 20796]
[20797 20857]
[20858 21086]
[21087 21224]
[21225 21352]
[21353 21399]
[21400 21644]
[21645 21694]
[21695 21739]
[21740 21869]
[21870 21940]
[21941 22118]
[22119 22202]
[22203 22250]
[22251 22368]
[22369 22447]
[22448 22773]
[22774 22853]
[22854 22886]
[22887 23177]
[23178 23281]
