[0 7]
[9 384]
[385 428]
[429 475]
[476 557]
[558 595]
[596 677]
[678 717]
[718 808]
[809 1453]
[1454 1712]
[1713 2063]
[2064 2125]
[2126 2165]
[2166 2213]
[2214 2249]
[2250 2364]
[2365 2438]
[2439 2520]
[2521 2574]
[2575 2628]
[2629 2712]
[2713 2788]
[2789 2936]
[2937 3155]
[3156 3207]
[3208 3244]
[3245 3284]
[3285 3625]
[3626 3667]
[3668 3716]
[3717 3774]
[3775 3839]
[3840 3903]
[3904 3924]
[3925 3978]
[3979 4049]
[4050 4130]
[4131 4202]
[4203 4245]
[4246 4310]
[4311 4377]
[4378 4432]
[4433 4496]
[4497 4525]
[4526 4920]
[4922 5006]
[5007 5077]
[5078 5117]
[5118 5140]
[5141 5218]
[5219 5264]
[5265 5294]
[5295 5329]
[5330 5435]
[5436 5457]
[5458 5500]
[5501 5538]
[5539 5581]
[5582 5632]
[5633 5694]
[5695 5750]
[5751 5808]
[5809 5869]
[5870 5945]
[5946 5985]
[5986 6036]
[6037 6086]
[6087 6121]
[6122 6158]
[6159 6616]
[6618 6644]
[6645 6719]
[6720 6775]
[6776 6831]
[6832 6886]
[6887 6928]
[6929 6968]
[6969 7148]
[7149 7238]
[7239 7314]
[7315 7557]
[7558 7615]
[7616 7660]
[7661 7706]
[7707 7772]
[7773 7842]
[7843 8262]
[8263 8383]
[8384 8637]
[8638 8699]
[8700 9025]
[9026 9171]
[9172 9400]
[9401 9469]
[9470 9517]
[9518 9587]
[9588 9610]
[9611 9693]
[9694 9753]
[9754 9805]
[9806 9895]
[9896 9967]
[9968 10036]
[10037 10075]
[10076 10108]
[10109 10168]
[10169 10192]
[10193 10229]
[10230 10266]
[10267 10580]
[10581 10696]
[10697 10763]
[10764 10837]
[10838 10983]
[10984 11068]
[11069 11127]
[11128 11150]
[11151 11262]
[11263 11336]
[11337 11415]
[11416 11468]
[11469 11551]
[11552 11623]
[11624 11715]
[11716 11781]
[11782 11848]
[11849 12264]
[12265 12330]
[12331 12384]
[12385 12463]
[12464 12562]
[12563 12605]
[12606 12649]
[12650 12672]
[12673 12731]
[12732 12782]
[12783 12828]
[12829 12900]
[12901 12956]
[12957 12993]
[12994 13040]
[13041 13076]
[13077 13114]
[13115 13159]
[13160 13209]
[13210 13235]
[13236 13285]
[13286 13343]
[13344 13407]
[13408 13465]
[13466 13540]
[13541 13573]
[13574 13603]
[13604 13724]
[13725 14127]
[14128 14184]
[14185 14247]
[14248 14299]
[14300 14355]
[14356 14433]
[14434 14467]
[14468 14535]
[14536 14586]
[14587 14623]
[14624 14664]
[14665 14688]
[14689 14756]
[14757 14798]
[14799 14821]
[14822 14857]
[14858 14907]
[14908 15212]
[15213 15292]
[15293 15409]
[15410 15511]
[15512 15757]
[15758 15943]
[15944 16200]
[16201 16300]
[16301 16481]
[16482 16952]
[16953 17170]
[17171 17328]
[17329 17435]
[17436 17496]
[17497 17629]
[17630 17788]
[17789 17872]
[17873 17949]
[17950 18010]
[18011 18210]
[18211 18461]
[18462 18504]
[18505 18564]
[18565 18694]
[18695 18743]
[18744 18833]
[18834 18902]
[18903 19013]
[19014 19181]
[19182 19219]
[19220 19299]
[19300 19745]
[19746 19823]
[19824 19890]
[19891 19982]
[19983 20042]
[20043 20131]
[20132 20176]
[20177 20216]
[20217 20297]
[20298 20360]
[20361 20420]
[20421 20477]
[20478 20535]
[20536 20611]
[20612 20659]
[20660 20735]
[20736 21008]
[21009 21090]
[21091 21158]
[21159 21234]
[21235 21330]
[21331 21393]
[21394 21454]
[21455 21537]
[21538 21602]
[21603 21689]
[21690 21746]
[21747 21799]
[21800 21851]
[21852 21926]
[21927 21995]
[21996 22061]
[22062 22551]
