[ 0 13]
[14 65]
[ 67 377]
[378 438]
[439 481]
[482 522]
[523 606]
[607 648]
[649 729]
[730 771]
[772 861]
[862 906]
[ 907 1021]
[1022 1484]
[1485 1578]
[1579 1616]
[1617 1670]
[1671 1724]
[1725 1797]
[1798 1885]
[1886 1998]
[1999 2026]
[2027 2062]
[2063 2524]
[2525 2637]
[2638 2721]
[2722 2792]
[2793 2879]
[2880 3033]
[3034 3117]
[3118 3182]
[3183 3266]
[3267 3330]
[3331 3382]
[3383 3456]
[3457 3509]
[3510 3577]
[3578 3643]
[3644 4201]
[4202 4242]
[4243 4282]
[4283 4331]
[4332 4377]
[4378 4427]
[4428 4463]
[4464 4544]
[4545 4548]
[4549 4589]
[4590 4609]
[4610 4829]
[4830 4866]
[4867 4919]
[4920 4974]
[4975 5028]
[5029 5076]
[5077 5104]
[5105 5162]
[5163 5175]
[5176 5234]
[5235 5269]
[5270 5288]
[5289 5421]
[5422 5467]
[5468 5552]
[5553 5580]
[5581 5631]
[5632 5685]
[5686 5729]
[5730 5949]
[5950 5999]
[6000 6025]
[6026 6077]
[6078 6152]
[6153 6209]
[6210 6235]
[6236 6283]
[6284 6340]
[6341 6390]
[6391 6457]
[6458 6520]
[6521 6584]
[6585 6628]
[6629 6648]
[6649 6896]
[6897 6957]
[6958 7019]
[7020 7075]
[7076 7130]
[7131 7185]
[7186 7241]
[7242 7299]
[7300 7599]
[7600 7654]
[7655 7725]
[7726 7770]
[7771 7837]
[7838 7897]
[7898 7968]
[7969 8031]
[8032 8065]
[8066 8125]
[8126 8173]
[8174 8225]
[8226 8291]
[8292 8383]
[8384 8451]
[8452 8537]
[8538 8548]
[8549 8610]
[8611 8641]
[8642 8729]
[8730 9071]
[9072 9165]
[9166 9237]
[9238 9302]
[9303 9365]
[9366 9436]
[9437 9492]
[9493 9555]
[9556 9615]
[9616 9668]
[9669 9773]
[9774 9799]
[9800 9896]
[9897 9960]
[ 9961 10032]
[10033 10121]
[10122 10183]
[10184 10306]
[10307 10413]
[10414 10513]
[10514 10768]
[10769 10826]
[10827 10874]
[10875 10931]
[10932 10987]
[10988 11028]
[11029 11088]
[11089 11155]
[11156 11219]
[11220 11281]
[11282 11339]
[11340 11383]
[11384 11440]
[11441 11531]
[11532 11688]
[11689 11923]
[11924 11997]
[11998 12074]
[12075 12193]
[12194 12234]
[12235 12240]
[12241 12311]
[12312 12373]
[12374 12448]
[12449 12511]
[12512 12633]
[12634 13211]
[13212 13280]
[13281 13333]
[13334 13382]
[13383 13384]
[13385 13444]
[13445 13505]
[13506 13547]
[13548 13592]
[13593 13631]
[13632 13715]
[13716 13782]
[13783 13845]
[13846 13928]
[13929 14023]
[14024 14077]
[14078 14152]
[14153 14229]
[14230 14291]
[14292 14353]
[14354 14414]
[14415 14502]
[14503 14540]
[14541 14590]
[14591 14653]
[14654 14741]
[14742 15101]
[15102 15317]
[15318 15517]
[15518 15583]
[15584 15658]
[15659 15727]
[15728 15824]
[15825 15876]
[15877 15921]
[15922 16017]
[16018 16183]
[16184 16321]
[16322 16386]
[16387 16446]
[16447 16488]
[16489 16624]
[16625 16727]
[16728 16800]
[16801 16866]
[16867 16935]
[16936 16997]
[16998 17072]
[17073 17149]
[17150 17200]
[17201 17268]
[17269 17345]
[17346 17414]
[17415 17490]
[17491 17573]
[17574 17654]
[17655 17706]
[17707 17801]
[17802 17890]
[17891 18350]
[18351 18442]
[18443 18504]
[18505 18633]
[18634 18818]
[18819 19183]
[19184 19292]
[19293 19330]
[19331 19449]
[19450 19847]
[19848 19925]
[19926 20010]
[20011 20098]
[20099 20174]
[20175 20272]
[20273 20345]
[20346 20432]
[20433 20518]
[20519 20824]
[20825 20910]
[20911 20994]
[20995 21078]
[21079 21161]
[21162 21246]
[21247 21398]
[21399 21516]
[21517 21578]
[21579 21653]
[21654 21716]
[21717 22206]
[22207 22306]
[22307 22750]
[22751 22877]
[22878 22974]
[22975 23037]
[23038 23100]
[23101 23144]
[23145 23177]
[23178 23250]
[23251 23612]
[23613 24178]
[24179 24451]
[24452 24703]
[24704 24756]
[24757 24773]
[24774 24854]
[24855 25163]
[25164 25202]
[25203 25509]
[25510 25725]
[25726 25824]
[25825 26023]
[26024 26177]
[26178 26244]
[26245 26321]
[26322 26536]
[26537 26790]
[26791 26982]
[26983 27146]
[27147 27190]
[27191 27340]
[27341 27590]
[27591 27784]
[27785 27861]
[27862 27954]
[27955 28058]
[28059 28064]
[28065 28184]
[28185 28246]
[28247 28276]
[28277 28312]
[28313 28392]
[28393 28466]
[28467 28641]
[28642 28724]
[28725 28793]
[28794 28867]
[28868 28941]
[28942 29018]
[29019 29118]
[29119 29187]
[29188 29247]
[29248 29316]
[29317 29469]
[29470 29523]
[29524 29593]
[29594 29657]
[29658 30038]
[30039 30127]
[30128 30299]
[30300 30396]
[30397 30476]
[30477 30560]
[30561 30652]
[30653 30766]
[30767 30843]
[30844 31314]
[31315 31400]
