[0 9]
[10 45]
[ 46 348]
[349 409]
[410 445]
[446 475]
[476 503]
[504 536]
[537 572]
[573 602]
[603 630]
[631 660]
[661 693]
[694 724]
[725 753]
[754 785]
[786 817]
[818 848]
[849 878]
[879 909]
[910 997]
[ 998 1580]
[1582 1690]
[1691 1739]
[1740 1864]
[1865 1905]
[1906 1966]
[1967 2018]
[2019 2139]
[2140 2309]
[2310 2357]
[2358 2392]
[2393 2435]
[2436 2487]
[2488 2528]
[2529 2571]
[2572 2692]
[2693 2728]
[2729 2756]
[2757 2798]
[2799 2841]
[2842 3023]
[3024 3142]
[3143 3187]
[3188 3234]
[3235 3300]
[3301 3702]
[3703 3778]
[3779 3831]
[3832 3906]
[3907 3989]
[3990 4037]
[4038 4098]
[4099 4143]
[4144 4210]
[4211 4271]
[4272 4342]
[4343 4413]
[4414 4478]
[4479 4542]
[4543 4660]
[4661 4685]
[4686 4748]
[4749 4813]
[4814 5442]
[5443 5481]
[5482 5518]
[5519 5576]
[5577 5615]
[5616 5813]
[5814 5873]
[5874 5941]
[5942 6009]
[6010 6045]
[6046 6245]
[6246 6321]
[6322 6395]
[6396 6449]
[6450 6515]
[6516 6525]
[6526 6588]
[6589 6659]
[6660 6730]
[6731 6799]
[6800 6869]
[6870 6939]
[6940 7051]
[7052 7097]
[7098 7490]
[7491 7702]
[7703 7926]
[7928 7929]
[7930 7994]
[7995 8046]
[8047 8078]
[8079 8176]
[8177 8217]
[8218 8244]
[8245 8291]
[8292 8331]
[8332 8387]
[8388 8446]
[8447 8491]
[8492 8533]
[8534 8589]
[8590 8681]
[8682 8703]
[8704 8744]
[8745 8792]
[8793 8837]
[8838 8884]
[8885 8916]
[8917 8946]
[8947 8990]
[8991 9034]
[9035 9421]
[9423 9481]
[9482 9511]
[9512 9546]
[9547 9584]
[9585 9609]
[9610 9676]
[9677 9733]
[9734 9777]
[9778 9828]
[9829 9863]
[9864 9959]
[9960 9993]
[ 9994 10044]
[10045 10083]
[10084 10120]
[10121 10194]
[10195 10262]
[10263 10311]
[10312 10363]
[10364 10437]
[10438 10481]
[10482 10534]
[10535 10568]
[10569 10687]
[10688 10730]
[10731 10774]
[10775 10825]
[10826 10875]
[10876 10923]
[10924 10951]
[10952 10987]
[10988 11037]
[11038 11155]
[11156 11199]
[11200 11242]
[11243 11287]
[11288 11335]
[11336 11384]
[11385 11431]
[11432 11474]
[11475 11511]
[11512 11600]
[11601 12129]
[12130 12203]
[12204 12237]
[12238 12272]
[12273 12298]
[12299 12328]
[12329 12355]
[12356 12398]
[12399 12476]
[12477 12510]
[12511 12587]
[12588 12670]
[12671 12695]
[12696 12747]
[12748 12808]
[12809 12874]
[12875 12921]
[12922 12974]
[12975 13001]
[13002 13036]
[13037 13098]
[13099 13147]
[13148 13213]
[13214 13250]
[13251 13325]
[13326 13390]
[13391 13475]
[13476 13491]
[13492 13563]
[13564 13619]
[13620 13666]
[13667 13726]
[13727 14182]
[14183 14258]
[14259 14297]
[14298 14332]
[14333 14380]
[14381 14426]
[14427 14495]
[14496 14556]
[14557 14610]
[14611 14727]
[14728 14849]
[14850 14891]
[14892 14938]
[14939 14987]
[14988 15039]
[15040 15088]
[15089 15151]
[15152 15220]
[15221 15342]
[15343 15397]
[15398 15826]
[15827 15988]
[15989 16089]
[16090 16197]
[16198 16323]
[16324 16431]
[16432 16586]
[16587 16664]
[16665 16747]
[16748 17162]
[17164 17232]
[17233 17277]
[17278 17336]
[17337 17386]
[17387 17449]
[17450 17501]
[17502 17544]
[17545 17587]
[17588 17786]
[17787 17829]
[17830 17881]
[17882 17914]
[17915 17965]
[17966 18000]
[18001 18051]
[18052 18333]
[18335 18417]
[18418 18499]
[18500 18584]
[18585 18677]
[18678 18776]
[18777 18854]
[18855 18954]
[18955 19066]
[19067 19108]
[19109 19185]
[19186 19219]
[19220 19313]
[19314 19401]
[19402 19460]
[19461 19565]
[19566 19664]
[19665 19761]
[19762 20146]
[20147 20169]
[20170 20210]
[20211 20289]
[20290 20403]
[20404 20455]
[20456 20488]
[20489 20527]
[20528 20627]
[20628 20673]
[20674 20708]
[20709 20746]
[20747 20799]
[20800 20856]
[20857 20916]
[20917 21039]
[21040 21083]
[21084 21128]
[21129 21171]
[21172 21219]
[21220 21268]
[21269 21315]
[21316 21358]
[21359 21395]
[21396 21477]
[21478 22017]
[22018 22103]
[22104 22183]
[22184 22275]
[22276 22344]
[22345 22426]
[22427 22449]
[22450 22574]
[22575 22613]
[22614 22708]
[22709 22749]
[22750 22808]
[22809 22835]
[22836 23166]
[23167 23210]
[23211 23499]
[23500 23621]
[23622 23781]
[23782 23992]
[23993 24162]
[24163 24403]
[24404 24900]
[24901 24914]
[24915 25292]
[25294 25504]
[25505 25847]
[25848 25954]
[25955 26062]
[26063 26187]
[26188 26276]
[26277 26335]
[26336 26406]
[26407 26465]
[26466 26550]
[26551 26810]
[26811 26867]
[26868 26911]
[26912 26970]
[26971 27038]
[27039 27146]
[27147 27394]
[27395 27493]
[27494 27567]
[27568 27641]
[27642 27724]
[27725 27774]
[27775 27995]
[27996 28081]
[28082 28140]
[28141 28669]
[28670 28799]
[28800 29065]
[29066 29467]
[29468 29680]
[29681 29834]
[29835 30069]
[30070 30188]
