[0 8]
[ 9 45]
[ 46 318]
[319 375]
[376 400]
[401 426]
[427 453]
[454 480]
[481 502]
[503 539]
[540 562]
[563 588]
[589 627]
[628 654]
[655 681]
[682 705]
[706 728]
[729 751]
[752 779]
[780 805]
[806 829]
[830 855]
[856 949]
[ 950 1311]
[1312 1493]
[1494 1576]
[1577 1627]
[1628 1894]
[1895 2040]
[2041 2252]
[2253 3017]
[3018 3091]
[3092 3155]
[3156 3211]
[3212 3239]
[3240 3279]
[3280 3317]
[3318 3381]
[3382 3680]
[3681 3736]
[3738 3787]
[3788 3827]
[3828 3852]
[3853 3910]
[3911 4130]
[4131 4180]
[4181 4276]
[4277 4351]
[4352 4409]
[4410 4927]
[4928 5117]
[5118 5150]
[5151 5202]
[5203 5243]
[5244 5304]
[5305 5385]
[5386 5418]
[5419 5457]
[5458 5530]
[5531 5577]
[5578 5645]
[5646 5685]
[5686 5759]
[5760 5824]
[5825 5843]
[5844 5922]
[5923 5961]
[5962 6003]
[6004 6046]
[6047 6099]
[6100 6133]
[6134 6223]
[6224 6256]
[6257 6281]
[6282 6322]
[6323 6366]
[6367 6398]
[6399 6433]
[6434 6752]
[6753 7005]
[7006 7276]
[7277 7358]
[7359 7411]
[7412 7458]
[7459 7517]
[7518 7524]
[7525 7538]
[7539 7634]
[7635 7728]
[7729 7783]
[7784 7813]
[7814 7885]
[7886 7969]
[7970 8012]
[8013 8371]
[8372 8456]
[8457 8501]
[8502 8568]
[8569 8641]
[8642 8696]
[8697 8775]
[8776 8853]
[8854 8945]
[8946 9035]
[9036 9120]
[9121 9198]
[9199 9291]
[9292 9343]
[9344 9430]
[9431 9520]
[9521 9616]
[9617 9708]
[9709 9772]
[ 9773 10029]
[10030 10113]
[10114 10333]
[10334 10373]
[10374 10426]
[10427 10475]
[10476 10511]
[10512 10530]
[10531 10622]
[10623 10691]
[10692 10746]
[10747 10771]
[10772 10915]
[10916 10930]
[10931 11019]
[11020 11073]
[11074 11123]
[11124 11188]
[11189 11208]
[11209 11327]
[11328 11394]
[11395 11439]
[11440 11524]
[11525 11580]
[11581 11628]
[11629 11679]
[11680 11756]
[11757 11976]
[11977 12011]
[12012 12045]
[12046 12092]
[12093 12378]
[12379 12452]
[12453 12543]
[12544 12635]
[12636 12703]
[12704 12786]
[12787 12864]
[12865 12938]
[12939 13014]
[13015 13074]
[13075 13112]
[13113 13158]
[13159 13285]
[13286 13311]
[13312 13418]
[13419 13467]
[13468 13553]
[13554 13604]
[13605 13683]
[13684 13759]
[13760 13840]
[13841 13904]
[13905 13961]
[13962 14008]
[14009 14056]
[14057 14100]
[14101 14141]
[14142 14183]
[14184 14216]
[14217 14249]
[14250 14277]
[14278 14310]
[14311 14400]
[14401 14665]
[14666 14806]
[14807 14947]
[14948 15060]
[15061 15189]
[15190 15295]
[15296 15413]
[15414 15624]
[15625 15742]
[15743 15801]
[15802 15897]
[15898 15979]
[15980 16118]
[16119 16252]
[16253 16357]
[16358 16434]
[16435 16556]
[16557 16682]
[16683 16786]
[16787 16857]
[16858 16924]
[16925 16990]
[16991 17194]
[17195 17354]
[17355 17514]
[17515 17598]
[17599 17989]
[17990 18032]
[18033 18100]
[18101 18171]
[18172 18363]
[18364 18476]
[18477 18584]
[18585 18735]
[18736 18789]
[18790 19130]
[19131 19274]
[19275 19383]
[19384 19430]
[19431 19501]
[19502 19532]
[19533 19855]
[19856 19865]
[19866 20030]
[20031 20302]
[20303 20499]
[20500 20883]
[20884 21002]
[21003 21312]
[21313 21451]
[21452 21505]
[21506 21554]
[21555 21601]
[21602 21646]
[21647 21693]
[21694 21799]
[21800 21945]
[21946 22012]
[22013 22149]
[22150 22299]
[22300 22384]
[22385 22494]
[22495 22572]
[22573 22607]
[22608 22641]
[22642 22678]
[22679 22710]
[22711 22752]
[22753 22797]
[22798 22837]
[22838 22889]
[22890 22925]
[22926 23012]
[23013 23285]
[23286 23339]
[23340 23403]
[23404 23444]
[23445 23487]
[23488 23582]
[23583 23694]
[23695 23747]
[23748 23791]
[23792 23832]
[23833 23919]
[23920 24034]
[24035 24085]
[24086 24140]
[24141 24212]
[24213 24259]
[24260 24315]
[24316 24396]
[24397 24450]
[24451 24511]
[24512 24681]
[24682 24731]
[24732 24804]
[24805 25087]
[25088 25214]
[25215 25357]
[25358 25433]
[25434 25601]
[25602 25749]
[25750 25949]
[25950 26088]
[26089 26130]
[26131 26390]
[26391 26708]
[26709 26890]
[26891 26954]
[26955 27134]
[27135 27183]
[27184 27271]
[27272 27534]
[27535 27858]
[27859 28064]
[28065 28265]
[28266 28716]
[28717 29073]
[29074 29200]
[29201 29325]
[29327 29450]
[29452 29575]
[29577 29694]
[29695 29820]
[29822 29858]
[29859 30249]
[30250 30372]
[30373 30832]
[30833 31059]
[31060 31311]
[31312 31401]
