[ 0 20]
[ 21 303]
[304 363]
[364 396]
[397 425]
[426 455]
[456 490]
[491 515]
[516 544]
[545 581]
[582 614]
[615 646]
[647 673]
[674 703]
[704 736]
[ 737 1269]
[1270 1395]
[1396 1444]
[1445 1492]
[1493 1547]
[1548 1598]
[1599 1641]
[1642 1747]
[1748 1830]
[1831 1895]
[1896 1985]
[1986 2069]
[2070 2240]
[2241 2295]
[2296 2348]
[2349 2422]
[2423 2491]
[2492 2579]
[2580 2675]
[2676 3024]
[3025 3118]
[3119 3243]
[3244 3368]
[3369 3493]
[3494 3618]
[3619 4069]
[4070 4245]
[4246 4630]
[4631 4709]
[4710 4763]
[4764 4798]
[4799 4854]
[4855 4946]
[4947 4986]
[4987 5123]
[5124 5167]
[5168 5202]
[5203 5228]
[5229 5599]
[5600 5662]
[5663 5712]
[5713 5770]
[5771 5829]
[5830 5885]
[5886 5919]
[5920 5967]
[5968 6033]
[6034 6104]
[6105 6193]
[6194 6251]
[6252 6312]
[6313 6373]
[6374 6626]
[6627 6704]
[6705 6741]
[6742 6911]
[6912 6984]
[6985 7068]
[7069 7363]
[7364 7453]
[7454 7535]
[7536 7620]
[7621 7682]
[7683 7740]
[7741 7791]
[7792 7890]
[7891 8017]
[8018 8150]
[8151 8301]
[8302 8374]
[8375 8485]
[8486 8581]
[8582 8870]
[8871 8918]
[8919 8964]
[8965 9007]
[9008 9057]
[9058 9105]
[9106 9154]
[9155 9209]
[9210 9260]
[9261 9305]
[9306 9461]
[9462 9539]
[9540 9670]
[9671 9722]
[9723 9839]
[9840 9871]
[9872 9926]
[9927 9977]
[ 9978 10016]
[10017 10068]
[10069 10494]
[10495 10739]
[10740 10824]
[10825 10908]
[10909 11281]
[11282 11850]
[11851 11982]
[11983 12119]
[12120 12160]
[12161 12195]
[12196 12220]
[12221 12244]
[12245 12270]
[12271 12299]
[12300 12355]
[12356 12417]
[12418 12470]
[12471 12560]
[12561 12988]
[12989 13031]
[13032 13077]
[13078 13129]
[13130 13180]
[13181 13231]
[13232 13280]
[13281 13328]
[13329 13545]
[13546 13585]
[13586 13760]
[13761 13817]
[13818 13857]
[13858 13920]
[13921 13971]
[13972 14026]
[14027 14078]
[14079 14150]
[14151 14218]
[14219 14430]
[14431 14521]
[14522 14656]
[14657 14765]
[14766 14831]
[14832 14898]
[14899 15108]
[15109 15199]
[15200 15311]
[15312 15329]
[15330 15344]
[15345 15358]
[15359 15373]
[15374 15387]
[15388 15402]
[15403 15416]
[15417 15430]
[15431 15444]
[15445 15459]
[15460 15487]
[15488 15528]
[15529 15558]
[15559 15573]
[15574 15582]
[15583 15604]
[15605 15633]
[15634 15675]
[15676 15736]
[15737 15784]
[15785 15895]
[15896 15930]
[15931 16135]
[16136 16228]
[16229 16299]
[16300 16368]
[16369 16433]
[16434 16580]
[16581 16667]
[16668 16747]
[16748 16845]
[16846 16913]
[16914 17006]
[17007 17097]
[17098 17195]
[17196 17287]
[17288 17438]
[17439 17533]
[17534 18022]
[18023 18080]
[18081 18141]
[18142 18218]
[18219 18289]
[18290 18374]
[18375 18431]
[18432 18529]
[18530 18628]
[18629 18718]
[18719 18776]
[18777 19075]
[19076 19105]
[19106 19151]
[19152 19226]
[19227 19272]
[19273 19323]
[19324 19426]
[19427 19804]
[19805 19878]
[19879 19940]
[19941 19993]
[19994 20050]
[20051 20107]
[20108 20167]
[20168 20375]
[20376 20418]
[20419 20625]
[20626 20671]
[20672 20729]
[20730 20782]
[20783 20826]
[20827 20885]
[20886 20951]
[20952 21006]
[21007 21390]
[21391 21730]
[21731 21859]
[21860 21959]
[21960 22005]
[22006 22050]
[22051 22102]
[22103 22150]
[22151 22297]
[22298 22340]
[22341 22380]
[22381 22408]
[22409 22469]
[22470 22528]
[22529 22642]
[22643 22695]
[22696 22760]
[22761 22802]
[22803 22847]
[22848 22912]
[22913 22970]
[22971 23017]
[23018 23058]
[23059 23085]
[23086 23145]
[23146 23497]
[23498 23595]
[23596 23681]
[23682 23840]
[23841 23933]
[23934 24007]
[24008 24106]
[24107 24201]
[24202 24288]
[24289 24360]
[24361 24492]
[24493 24573]
[24574 24629]
[24630 24720]
[24721 24770]
[24771 24835]
[24836 25215]
[25216 25220]
[25221 25529]
[25530 25619]
[25620 25692]
[25693 25825]
[25826 25933]
[25934 26002]
[26003 26078]
[26079 26180]
[26181 26263]
[26264 26420]
[26421 26512]
[26513 26604]
[26605 26674]
[26675 26807]
[26808 26858]
[26859 26899]
[26900 26937]
[26938 26987]
[26988 27033]
[27034 27072]
[27073 27117]
[27118 27156]
[27157 27249]
[27250 27676]
[27677 27790]
[27791 27887]
[27888 27987]
[27988 28288]
[28289 28494]
[28495 28568]
[28569 28686]
[28687 28759]
[28760 29133]
[29134 29198]
[29200 29295]
[29296 29488]
[29489 29548]
[29549 29604]
[29605 29653]
[29654 29707]
[29708 29757]
[29758 29803]
[29804 29858]
[29859 29892]
[29893 29933]
[29934 29972]
[29973 30024]
[30025 30433]
[30434 30517]
[30518 30633]
[30634 30718]
[30719 30848]
[30849 31141]
[31142 31249]
[31250 31621]
[31622 31743]
[31744 31865]
[31866 31963]
[31964 32061]
[32062 32152]
[32153 32234]
[32235 32340]
[32341 32439]
[32440 32558]
[32559 32810]
[32811 33064]
[33065 33218]
[33219 33349]
[33350 33435]
[33436 33482]
[33483 33722]
[33723 33977]
[33978 34303]
[34304 34507]
[34508 34740]
[34741 34897]
[34898 34988]
[34989 35101]
[35102 35378]
[35379 35469]
