[0 8]
[ 9 31]
[ 32 323]
[324 384]
[385 420]
[421 453]
[454 488]
[489 511]
[512 578]
[579 606]
[607 635]
[636 685]
[686 718]
[719 747]
[748 760]
[761 819]
[820 865]
[866 964]
[ 965 1618]
[1619 1668]
[1669 1718]
[1719 1793]
[1794 1854]
[1855 1919]
[1920 2005]
[2006 2161]
[2162 2255]
[2256 2308]
[2309 2447]
[2448 2505]
[2506 2534]
[2535 2627]
[2628 2685]
[2686 2708]
[2709 2753]
[2754 2800]
[2801 2851]
[2852 2892]
[2893 2944]
[2945 3007]
[3008 3069]
[3070 3127]
[3128 3190]
[3191 3229]
[3230 3270]
[3271 3800]
[3801 3827]
[3828 3866]
[3867 3894]
[3895 3926]
[3927 3959]
[3960 3989]
[3990 4029]
[4030 4104]
[4105 4228]
[4229 4295]
[4296 4358]
[4359 4413]
[4414 4482]
[4483 4517]
[4518 4626]
[4627 4672]
[4673 4721]
[4722 4777]
[4778 4824]
[4825 4880]
[4881 4942]
[4943 5084]
[5085 5147]
[5148 5211]
[5212 5274]
[5275 5362]
[5363 5410]
[5411 5704]
[5705 5755]
[5756 5821]
[5822 5877]
[5878 5944]
[5945 6002]
[6003 6096]
[6097 6159]
[6160 6242]
[6243 6335]
[6336 6442]
[6443 6536]
[6537 6608]
[6609 6669]
[6670 6710]
[6711 6755]
[6756 6808]
[6809 7258]
[7259 7314]
[7315 7361]
[7362 7417]
[7418 7477]
[7478 7499]
[7500 7559]
[7560 7652]
[7653 7687]
[7688 7728]
[7729 7773]
[7774 7795]
[7796 7827]
[7828 7876]
[7877 7974]
[7975 8068]
[8070 8123]
[8124 8151]
[8152 8186]
[8187 8324]
[8325 8326]
[8327 8579]
[8580 8631]
[8632 8693]
[8694 8728]
[8729 8768]
[8769 8807]
[8808 8835]
[8836 9245]
[9246 9292]
[9293 9335]
[9336 9382]
[9383 9435]
[9436 9470]
[9471 9507]
[9508 9551]
[9552 9615]
[9616 9633]
[9634 9713]
[9714 9769]
[9770 9841]
[9842 9891]
[9892 9958]
[ 9959 10056]
[10057 10120]
[10121 10181]
[10182 10227]
[10228 10298]
[10299 10392]
[10393 10446]
[10447 10562]
[10563 10633]
[10634 10707]
[10708 10806]
[10807 10840]
[10841 10893]
[10894 10941]
[10942 10993]
[10994 11073]
[11074 11207]
[11208 11344]
[11345 11665]
[11666 11731]
[11732 11794]
[11795 11907]
[11908 12068]
[12069 12245]
[12246 12371]
[12372 12499]
[12500 12666]
[12667 12823]
[12824 13074]
[13075 13348]
[13350 13466]
[13467 13533]
[13534 13589]
[13590 13652]
[13653 13737]
[13738 13795]
[13796 13873]
[13874 13994]
[13995 14048]
[14049 14098]
[14099 14201]
[14202 14603]
[14604 14634]
[14635 14717]
[14718 14799]
[14800 14845]
[14846 14924]
[14925 14989]
[14990 15076]
[15077 15106]
[15107 15142]
[15143 15182]
[15183 15247]
[15248 15321]
[15322 15354]
[15355 15468]
[15469 15579]
[15580 15634]
[15635 15677]
[15678 15751]
[15752 15790]
[15791 15856]
[15857 15956]
[15957 16028]
[16029 16429]
[16430 16558]
[16559 16620]
[16621 16683]
[16684 16747]
[16748 16803]
[16804 16876]
[16877 16970]
[16971 17056]
[17057 17126]
[17127 17413]
[17414 17509]
[17510 17566]
[17567 17739]
[17740 17802]
[17803 18093]
[18095 18158]
[18159 18224]
[18225 18293]
[18294 18454]
[18455 18604]
[18605 18657]
[18658 18729]
[18730 18856]
[18857 18921]
[18922 18999]
[19000 19050]
[19051 19103]
[19104 19135]
[19136 19180]
[19181 19215]
[19216 19268]
[19269 19356]
[19357 19412]
[19413 19555]
[19556 19612]
[19613 19657]
[19658 19709]
[19710 20092]
[20094 20336]
[20337 20425]
[20426 20525]
[20526 20622]
[20623 20717]
[20718 20783]
[20784 20856]
[20857 20921]
[20922 20976]
[20977 21030]
[21031 21189]
[21190 21273]
[21274 21316]
[21317 21369]
[21370 21442]
[21443 21505]
[21506 21630]
[21631 22068]
[22069 22147]
[22148 22239]
[22240 22312]
[22313 22400]
[22401 22456]
[22457 22522]
[22523 22626]
[22627 22727]
[22728 22782]
[22783 22824]
[22825 22904]
[22905 22972]
[22973 23039]
[23040 23075]
[23076 23125]
[23126 23486]
[23487 23597]
[23598 23695]
[23696 23809]
[23810 23897]
[23898 23968]
[23969 24040]
[24041 24108]
[24109 24188]
[24189 24298]
[24299 24334]
[24335 24383]
[24384 24449]
[24450 24521]
[24522 24583]
[24584 24657]
[24658 24723]
[24724 24785]
[24786 24800]
[24801 24877]
[24878 24945]
[24946 25313]
[25314 25439]
[25440 25527]
[25528 25662]
[25663 25756]
[25757 25829]
[25830 25877]
[25878 25992]
[25993 26139]
[26140 26674]
[26675 26819]
[26820 26962]
[26963 27248]
[27249 27467]
[27468 27556]
[27557 27641]
[27642 27734]
[27735 27807]
[27808 27906]
[27907 27979]
[27980 28040]
[28041 28105]
[28106 28171]
[28172 28243]
[28244 28662]
[28663 28784]
[28785 28830]
[28831 28917]
[28918 29002]
[29003 29118]
[29119 29181]
[29182 29245]
[29246 29294]
[29295 29364]
[29365 29411]
[29412 29463]
[29464 29492]
[29493 29543]
[29544 29583]
[29584 29640]
[29641 29734]
[29735 30037]
[30038 30460]
[30461 30656]
[30657 30778]
[30779 30858]
[30859 30990]
[30991 31189]
[31190 31288]
[31289 31686]
[31687 32355]
[32356 32432]
[32433 32516]
[32517 32715]
[32716 32800]
[32801 32875]
[32876 32956]
[32957 33019]
[33020 33106]
[33107 33190]
[33191 33283]
[33284 33329]
[33330 33426]
[33427 33511]
[33512 33603]
[33604 33672]
[33673 33800]
[33801 34101]
[34102 34192]
