[ 0 10]
[11 30]
[ 31 295]
[296 355]
[356 391]
[392 421]
[422 449]
[450 482]
[483 514]
[515 548]
[549 576]
[577 606]
[607 641]
[642 670]
[671 701]
[702 725]
[726 776]
[ 777 1170]
[1171 1223]
[1224 1281]
[1282 1366]
[1367 1407]
[1408 1555]
[1556 1626]
[1627 1676]
[1677 1758]
[1759 1845]
[1846 1904]
[1905 1975]
[1976 2062]
[2063 2112]
[2113 2165]
[2166 2215]
[2216 2239]
[2240 2305]
[2306 2702]
[2703 2743]
[2744 2824]
[2825 2882]
[2883 2945]
[2946 2988]
[2989 3073]
[3074 3139]
[3140 3231]
[3232 3342]
[3343 3421]
[3422 3449]
[3450 3858]
[3859 3882]
[3883 3940]
[3941 3981]
[3982 4032]
[4033 4071]
[4072 4110]
[4111 4148]
[4149 4196]
[4197 4243]
[4244 4274]
[4275 4318]
[4319 4348]
[4349 4411]
[4412 4471]
[4472 4560]
[4561 4633]
[4634 4668]
[4669 5010]
[5011 5104]
[5105 5180]
[5181 5260]
[5261 5340]
[5341 5413]
[5414 5492]
[5493 5581]
[5582 5649]
[5650 5724]
[5725 5788]
[5789 5849]
[5850 5854]
[5855 6356]
[6357 6418]
[6419 6474]
[6475 6526]
[6527 6591]
[6592 6640]
[6641 6919]
[6920 6965]
[6966 7035]
[7036 7111]
[7112 7239]
[7240 7475]
[7476 7546]
[7547 7653]
[7654 7710]
[7711 7797]
[7798 8075]
[8076 8127]
[8128 8176]
[8177 8221]
[8222 8274]
[8275 8332]
[8333 8392]
[8393 8463]
[8464 8507]
[8508 8527]
[8528 8592]
[8593 8648]
[8649 8693]
[8694 8760]
[8761 8821]
[8822 8881]
[8882 8938]
[8939 9013]
[9014 9064]
[9065 9101]
[9102 9189]
[9190 9235]
[9236 9270]
[9271 9811]
[9812 9884]
[9885 9982]
[ 9983 10031]
[10032 10122]
[10123 10227]
[10228 10308]
[10309 10386]
[10387 10427]
[10428 10492]
[10493 10581]
[10582 10646]
[10647 10695]
[10696 10803]
[10804 10851]
[10852 10896]
[10897 10956]
[10957 11050]
[11051 11185]
[11186 11555]
[11556 11633]
[11634 11713]
[11714 11785]
[11786 11866]
[11867 11940]
[11941 12007]
[12008 12061]
[12062 12114]
[12115 12167]
[12168 12221]
[12222 12272]
[12273 12342]
[12343 12402]
[12403 12457]
[12458 12502]
[12503 12560]
[12561 12897]
[12899 12989]
[12990 13062]
[13063 13164]
[13165 13285]
[13286 13385]
[13386 13546]
[13547 13724]
[13725 14145]
[14146 14212]
[14213 14277]
[14278 14329]
[14330 14377]
[14378 14442]
[14443 14494]
[14495 14532]
[14533 14663]
[14664 14766]
[14767 14870]
[14871 14917]
[14918 14998]
[14999 15056]
[15057 15154]
[15155 15236]
[15237 15309]
[15310 15359]
[15360 15636]
[15637 15703]
[15704 15781]
[15782 15856]
[15857 15909]
[15910 15994]
[15995 16063]
[16064 16123]
[16124 16181]
[16182 16249]
[16250 16324]
[16325 16414]
[16415 16516]
[16517 16602]
[16603 16684]
[16685 16775]
[16776 16838]
[16839 16980]
[16981 17069]
[17070 17112]
[17113 17160]
[17161 17209]
[17210 17256]
[17257 17299]
[17300 17336]
[17337 17414]
[17415 17917]
[17918 18036]
[18037 18187]
[18188 18312]
[18313 18436]
[18437 18458]
[18459 18545]
[18546 18582]
[18583 18684]
[18685 18805]
[18806 18924]
[18925 19254]
[19255 19594]
[19595 19684]
[19685 19803]
[19804 19934]
[19935 20051]
[20052 20171]
[20172 20288]
[20289 20411]
[20412 20528]
[20529 20614]
[20615 20848]
[20849 20975]
[20977 21100]
[21102 21225]
[21227 21350]
[21352 21421]
[21422 21716]
[21717 21818]
[21819 21921]
[21922 21996]
[21997 22153]
[22154 22220]
[22221 22405]
[22406 22501]
[22502 22546]
[22547 22888]
[22889 22946]
[22947 23005]
[23006 23070]
[23071 23125]
[23126 23180]
[23181 23240]
[23241 23312]
[23313 23350]
[23351 23408]
[23409 23494]
[23495 23552]
[23553 23699]
[23700 24121]
[24122 24264]
[24265 24424]
[24425 24685]
[24686 24859]
[24860 25136]
[25137 25388]
[25389 25481]
[25482 25598]
[25599 25985]
[25986 26099]
[26100 26158]
[26159 26206]
[26207 26254]
[26255 26309]
[26310 26476]
[26477 26525]
[26526 26571]
[26572 26619]
[26620 26685]
[26686 26748]
[26749 26811]
[26812 26970]
[26971 27009]
[27010 27044]
[27045 27078]
[27079 27118]
[27119 27155]
[27156 27190]
[27191 27230]
[27231 27266]
[27267 27318]
[27319 27431]
[27432 27495]
[27496 27622]
[27623 27783]
[27784 27880]
[27881 28099]
[28100 28219]
[28220 28337]
[28338 28429]
[28430 28533]
[28534 28828]
[28829 28987]
[28988 29100]
[29101 29109]
[29110 29278]
[29279 29417]
[29418 29518]
[29519 29601]
[29602 29680]
[29681 29745]
[29746 29891]
[29892 29935]
[29936 29982]
[29983 30134]
[30135 30203]
[30204 30268]
[30269 30322]
[30323 30392]
[30393 30453]
[30454 30814]
[30815 30919]
[30920 31035]
[31036 31186]
[31187 31302]
[31303 31512]
[31513 31930]
[31931 32032]
