[ 0 11]
[12 67]
[ 68 331]
[332 390]
[391 456]
[457 484]
[485 517]
[518 553]
[554 583]
[584 611]
[612 641]
[642 705]
[706 736]
[737 762]
[763 812]
[ 813 1454]
[1455 1505]
[1506 1547]
[1548 1750]
[1751 1920]
[1921 2089]
[2090 2296]
[2297 2425]
[2426 2501]
[2502 2567]
[2568 2629]
[2630 2665]
[2666 2815]
[2816 2866]
[2867 2957]
[2958 3035]
[3036 3312]
[3313 3362]
[3363 3436]
[3437 3522]
[3523 3598]
[3599 3764]
[3765 3946]
[3947 4024]
[4025 4108]
[4109 4168]
[4169 4553]
[4554 4607]
[4608 4665]
[4666 4725]
[4726 4806]
[4807 5104]
[5105 5304]
[5305 5367]
[5368 5410]
[5411 5445]
[5446 5517]
[5518 5594]
[5595 5667]
[5668 5742]
[5743 5828]
[5829 5898]
[5899 6000]
[6001 6053]
[6054 6421]
[6422 6812]
[6813 6959]
[6960 7101]
[7102 7150]
[7151 7192]
[7193 7347]
[7348 7407]
[7408 7464]
[7465 7538]
[7539 7642]
[7643 7707]
[7708 7810]
[7811 7883]
[7884 8347]
[8348 8405]
[8406 8468]
[8469 8528]
[8529 8738]
[8739 8890]
[8891 9113]
[9114 9170]
[9171 9233]
[9234 9295]
[9296 9352]
[9353 9424]
[9425 9497]
[9498 9568]
[9569 9659]
[ 9660 10207]
[10208 10254]
[10255 10297]
[10298 10358]
[10359 10401]
[10402 10505]
[10506 10577]
[10578 10606]
[10607 10676]
[10677 10755]
[10756 10825]
[10826 10853]
[10854 10888]
[10889 10924]
[10925 10968]
[10969 11045]
[11046 11093]
[11094 11143]
[11144 11216]
[11217 11257]
[11258 11307]
[11308 11338]
[11339 11451]
[11452 11484]
[11485 11607]
[11608 11642]
[11643 11720]
[11721 12104]
[12106 12291]
[12292 12365]
[12366 12446]
[12447 12523]
[12524 12691]
[12692 12855]
[12856 12916]
[12917 12982]
[12983 13054]
[13055 13126]
[13127 13163]
[13164 13183]
[13184 13299]
[13300 13419]
[13420 13539]
[13540 13682]
[13683 14055]
[14057 14212]
[14213 14373]
[14374 14504]
[14505 14549]
[14550 14660]
[14661 14753]
[14754 14859]
[14860 15007]
[15008 15325]
[15326 15382]
[15383 15440]
[15441 15509]
[15510 15593]
[15594 15657]
[15658 15733]
[15734 15803]
[15804 15860]
[15861 15918]
[15919 15977]
[15978 16033]
[16034 16089]
[16090 16133]
[16134 16214]
[16215 16424]
[16425 16486]
[16487 16730]
[16731 16841]
[16842 16994]
[16995 17093]
[17094 17252]
[17253 17305]
[17306 17373]
[17374 17458]
[17459 17872]
[17874 18031]
[18032 18060]
[18061 18143]
[18144 18178]
[18179 18990]
[18991 19081]
[19082 19144]
[19145 19202]
[19203 19338]
[19339 19382]
[19383 19427]
[19428 19470]
[19471 19518]
[19519 19787]
[19788 20085]
[20086 20162]
[20163 20239]
[20240 20288]
[20289 20356]
[20357 20417]
[20418 20477]
[20478 20538]
[20539 20597]
[20598 20660]
[20661 20705]
[20706 20751]
[20752 20790]
[20791 20828]
[20829 20878]
[20879 21260]
[21261 21993]
[21994 22055]
[22056 22122]
[22123 22362]
[22363 22833]
[22834 23147]
[23148 23420]
[23421 23520]
[23521 23605]
[23606 23682]
[23683 23737]
[23738 23772]
[23773 23821]
[23822 23855]
[23856 24017]
[24018 24073]
[24074 24449]
[24450 24535]
[24536 24587]
[24588 24655]
[24656 24714]
[24715 24783]
[24784 24847]
[24848 24909]
[24910 24970]
[24971 25029]
[25030 25095]
[25096 25222]
[25223 25301]
[25302 25650]
[25651 25709]
[25710 25826]
[25827 25898]
[25899 26291]
[26292 26371]
[26372 26445]
[26446 26491]
[26492 26536]
[26537 26616]
[26617 26659]
[26660 26740]
[26741 26845]
[26846 26905]
[26906 26944]
[26945 27277]
[27278 27428]
[27429 27588]
[27589 27778]
[27779 27851]
[27852 28215]
[28216 28801]
[28802 28889]
