[ 0 13]
[14 64]
[ 65 361]
[362 419]
[420 455]
[456 485]
[486 513]
[514 546]
[547 582]
[583 612]
[613 640]
[641 670]
[671 795]
[796 828]
[829 859]
[860 890]
[891 920]
[ 921 1001]
[1002 1690]
[1691 1739]
[1740 1838]
[1839 1903]
[1904 1937]
[1938 2081]
[2082 2138]
[2139 2251]
[2252 2330]
[2331 2442]
[2443 2751]
[2752 2830]
[2831 3313]
[3314 3375]
[3376 3419]
[3420 3454]
[3455 3490]
[3491 3527]
[3528 3640]
[3641 3748]
[3749 3796]
[3797 3903]
[3904 3938]
[3939 3983]
[3984 4021]
[4022 4162]
[4163 4216]
[4217 4259]
[4260 4311]
[4312 4363]
[4364 4406]
[4407 4448]
[4449 4484]
[4485 4530]
[4531 4575]
[4576 4600]
[4601 4650]
[4651 4683]
[4684 4725]
[4726 5179]
[5180 5252]
[5253 5338]
[5339 5421]
[5422 5475]
[5476 5537]
[5538 5586]
[5587 5634]
[5635 5727]
[5728 5811]
[5812 5887]
[5888 5950]
[5951 6009]
[6010 6078]
[6079 6147]
[6148 6213]
[6214 6296]
[6297 6372]
[6373 6435]
[6436 6496]
[6497 6570]
[6571 6614]
[6615 7286]
[7287 7312]
[7313 7412]
[7413 7495]
[7496 7517]
[7518 7687]
[7688 7726]
[7727 7772]
[7773 7806]
[7807 7847]
[7848 7887]
[7888 7973]
[7974 8005]
[8006 8037]
[8038 8065]
[8066 8101]
[8102 8126]
[8127 8170]
[8171 8243]
[8244 8307]
[8308 8360]
[8361 8381]
[8382 8412]
[8413 8441]
[8442 8471]
[8472 8510]
[8511 8532]
[8533 8640]
[8641 8736]
[8737 8801]
[8802 8847]
[8848 8878]
[8879 8919]
[8920 9232]
[9233 9291]
[9292 9343]
[9344 9446]
[9447 9514]
[9515 9601]
[9602 9667]
[9668 9719]
[9720 9791]
[9792 9869]
[9870 9916]
[9917 9956]
[ 9957 10014]
[10015 10088]
[10089 10145]
[10146 10234]
[10235 10325]
[10326 10426]
[10427 10526]
[10527 10616]
[10617 10722]
[10723 10765]
[10766 10782]
[10783 10826]
[10827 10850]
[10851 10928]
[10929 11071]
[11072 11122]
[11123 11208]
[11209 11341]
[11342 11393]
[11394 11437]
[11438 11482]
[11483 11525]
[11526 11573]
[11574 11622]
[11623 11669]
[11670 11712]
[11713 11749]
[11750 11831]
[11832 12318]
[12319 12719]
[12720 12874]
[12875 13282]
[13283 13612]
[13613 13694]
[13695 13745]
[13746 13801]
[13802 13856]
[13857 13909]
[13910 13962]
[13963 14042]
[14043 14102]
[14103 14256]
[14257 14360]
[14361 14440]
[14441 14523]
[14524 14646]
[14647 14705]
[14706 14750]
[14751 15298]
[15299 15389]
[15390 15511]
[15512 15591]
[15592 15651]
[15652 16247]
[16248 16327]
[16328 16422]
[16423 16534]
[16535 16594]
[16595 16619]
[16620 17169]
[17170 17255]
[17256 17311]
[17312 17340]
[17341 17489]
[17490 17559]
[17560 17685]
[17686 17773]
[17774 17933]
[17934 18002]
[18003 18070]
[18071 18125]
[18126 18241]
[18242 18289]
[18290 18327]
[18328 18365]
[18366 18422]
[18423 18519]
[18520 18836]
[18837 18967]
[18968 19068]
[19069 19215]
[19216 19318]
[19319 19421]
[19422 19515]
[19516 19582]
[19583 19644]
[19645 19717]
[19718 19819]
[19820 19866]
[19867 19914]
[19915 19950]
[19951 20006]
[20007 20088]
[20089 20157]
[20158 20265]
[20266 20310]
[20311 20494]
[20495 20807]
[20808 20856]
[20857 20894]
[20895 20925]
[20926 20960]
[20961 20991]
[20992 21042]
[21043 21066]
[21067 21094]
[21095 21115]
[21116 21158]
[21159 21191]
[21192 21227]
[21228 21269]
[21270 21341]
[21342 21360]
[21361 21406]
[21407 21448]
[21449 21480]
[21481 21547]
[21548 21588]
[21589 21628]
[21629 21662]
[21663 21720]
[21721 21874]
[21875 21963]
[21964 22013]
[22014 22047]
[22048 22087]
[22088 22567]
[22568 22741]
[22742 22858]
[22859 22937]
[22938 22984]
[22985 23064]
[23065 23137]
[23138 23202]
[23203 23265]
[23266 23363]
[23364 23439]
[23440 23499]
[23500 23581]
[23582 23662]
[23663 23743]
[23744 23795]
[23796 23933]
[23934 24187]
[24188 24225]
[24226 24271]
[24272 24316]
[24317 24365]
[24366 24394]
[24395 24424]
[24425 24456]
[24457 24493]
[24494 24538]
[24539 24600]
[24601 24667]
[24668 24709]
[24710 24731]
[24732 24787]
[24788 25008]
[25009 25072]
[25073 25115]
[25116 25170]
[25171 25235]
[25236 25318]
[25319 25388]
[25389 25492]
[25493 25573]
[25574 25672]
[25673 25763]
[25764 25828]
[25829 25885]
[25886 25958]
[25959 26031]
[26032 26095]
[26096 26346]
[26347 26376]
[26377 26508]
[26509 26661]
[26662 26795]
[26796 27047]
[27048 27161]
[27162 27239]
[27240 27431]
[27432 27494]
[27495 27583]
[27584 27650]
[27651 27704]
[27705 27775]
[27776 27864]
[27865 28132]
[28133 28208]
[28209 28290]
[28291 28352]
[28353 28464]
[28465 28572]
[28573 28630]
[28631 28709]
[28710 28804]
[28805 28903]
[28904 28971]
[28972 29017]
[29018 29355]
[29356 29416]
[29417 29480]
[29481 29546]
[29547 29583]
[29584 29691]
[29692 29751]
[29752 29793]
[29794 29821]
[29822 29904]
[29905 29932]
[29933 29982]
[29983 30032]
[30033 30063]
[30064 30114]
[30115 30166]
[30167 30195]
[30196 30275]
[30276 30316]
[30317 30378]
[30379 30561]
[30562 30695]
[30696 31233]
[31234 31295]
[31296 31376]
[31377 31448]
[31449 31534]
[31535 31709]
[31710 31758]
[31759 31900]
[31901 31995]
[31996 32080]
[32081 32181]
[32182 32387]
[32388 32432]
[32433 32481]
[32482 32556]
[32557 32606]
[32607 32662]
[32663 32739]
[32740 32825]
[32826 32914]
[32915 32944]
[32945 32999]
[33000 33066]
[33067 33133]
[33134 33225]
[33226 33341]
[33342 33399]
[33400 33437]
[33438 33528]
[33529 33964]
[33965 34057]
