[0 7]
[ 8 38]
[ 40 437]
[438 491]
[492 520]
[521 542]
[543 565]
[566 618]
[619 650]
[651 681]
[682 712]
[713 740]
[741 790]
[ 791 1381]
[1382 1442]
[1443 1495]
[1496 1554]
[1555 1612]
[1613 1671]
[1672 1739]
[1740 1809]
[1810 1855]
[1856 1864]
[1865 1933]
[1934 1997]
[1998 2061]
[2062 2124]
[2125 2188]
[2189 2244]
[2245 2282]
[2283 2333]
[2334 2454]
[2455 2509]
[2510 2572]
[2573 2660]
[2661 2756]
[2757 2830]
[2831 2935]
[2936 2963]
[2964 3092]
[3093 3139]
[3140 3181]
[3182 3280]
[3281 3304]
[3305 3433]
[3434 3471]
[3472 3520]
[3521 3624]
[3625 3685]
[3686 3727]
[3728 3799]
[3800 3834]
[3835 3892]
[3893 4241]
[4242 4329]
[4330 4471]
[4472 4531]
[4532 4654]
[4655 4738]
[4739 4840]
[4841 4920]
[4921 4963]
[4964 5058]
[5059 5130]
[5131 5284]
[5285 5805]
[5806 5892]
[5893 5950]
[5951 6009]
[6010 6094]
[6095 6158]
[6159 6217]
[6218 6308]
[6309 6418]
[6419 6494]
[6495 6557]
[6558 6613]
[6614 6666]
[6667 6760]
[6761 6799]
[6800 6844]
[6845 6880]
[6881 6934]
[6935 6978]
[6979 7035]
[7036 7098]
[7099 7151]
[7152 7211]
[7212 7273]
[7274 7785]
[7787 7919]
[7920 8002]
[8003 8053]
[8054 8106]
[8107 8202]
[8203 8259]
[8260 8335]
[8336 8397]
[8398 8480]
[8481 8571]
[8572 8611]
[8612 8653]
[8654 8795]
[8796 8996]
[8997 9050]
[9051 9152]
[9153 9189]
[9190 9214]
[9215 9250]
[9251 9283]
[9284 9757]
[9758 9914]
[9915 9973]
[ 9974 10040]
[10041 10112]
[10113 10194]
[10195 10263]
[10264 10387]
[10388 10458]
[10459 10511]
[10512 10547]
[10548 10610]
[10611 10634]
[10635 10667]
[10668 10822]
[10823 10874]
[10875 10928]
[10929 10978]
[10979 11027]
[11028 11109]
[11110 11132]
[11133 11177]
[11178 11220]
[11221 11263]
[11264 11294]
[11295 11689]
[11690 12112]
[12113 12170]
[12171 12200]
[12201 12251]
[12252 12296]
[12297 12336]
[12337 12466]
[12467 12536]
[12537 12563]
[12564 12596]
[12597 12637]
[12638 12682]
[12683 12709]
[12710 12800]
[12801 12900]
[12901 12935]
[12936 12991]
[12992 13026]
[13027 13073]
[13074 13151]
[13152 13183]
[13184 13250]
[13251 13299]
[13300 13374]
[13375 13404]
[13405 13450]
[13451 13612]
[13613 13686]
[13687 13721]
[13722 13828]
[13829 14052]
[14053 14105]
[14106 14174]
[14175 14233]
[14234 14294]
[14295 14347]
[14348 14490]
[14491 14575]
[14576 14664]
[14665 14737]
[14738 14807]
[14808 14901]
[14902 14968]
[14969 15238]
[15239 15313]
[15314 15406]
[15407 15446]
[15447 15496]
[15497 15609]
[15610 15645]
[15646 15694]
[15695 15743]
[15744 15780]
[15781 15834]
[15835 15920]
[15921 16029]
[16030 16096]
[16097 16173]
[16174 16279]
[16280 16377]
[16378 16456]
[16457 16545]
[16546 16609]
[16610 16659]
[16660 17006]
[17007 17243]
[17244 17347]
[17348 17421]
[17422 17498]
[17499 17530]
[17531 17708]
[17709 17763]
[17764 17815]
[17816 17881]
[17882 17932]
[17933 18052]
[18053 18153]
[18154 18378]
[18379 18408]
[18409 18438]
[18439 18470]
[18471 18502]
[18503 18532]
[18533 18558]
[18559 18623]
[18624 18665]
[18666 18699]
[18700 18732]
[18733 18833]
[18834 18836]
[18837 19106]
[19107 19236]
[19237 19340]
[19341 19377]
[19378 19457]
[19458 19524]
[19525 19605]
[19606 19691]
[19692 19808]
[19809 19926]
[19927 20023]
[20024 20106]
[20107 20196]
[20197 20271]
[20272 20305]
[20306 20518]
[20519 20744]
[20745 20815]
[20816 20879]
[20880 20944]
[20945 21020]
[21021 21140]
[21141 21184]
[21185 21255]
[21256 21350]
[21351 21395]
[21396 21464]
[21465 21501]
[21502 21705]
[21706 21935]
[21936 22023]
[22024 22126]
[22127 22246]
[22247 22367]
[22368 22455]
[22456 22530]
[22531 22605]
[22606 22691]
[22692 22979]
[22980 23095]
[23096 23153]
[23154 23223]
[23224 23317]
[23318 23368]
[23369 23485]
[23486 23537]
[23538 23585]
[23586 23626]
[23627 23681]
[23682 23751]
[23752 23817]
[23818 23912]
[23913 24462]
[24463 24549]
