[0 8]
[ 9 62]
[ 63 350]
[351 405]
[406 425]
[426 456]
[457 508]
[509 533]
[534 581]
[582 612]
[613 667]
[ 668 1520]
[1521 1622]
[1623 1722]
[1723 1794]
[1795 1856]
[1857 1897]
[1898 2004]
[2005 2116]
[2117 2183]
[2184 2224]
[2225 2295]
[2296 2375]
[2376 2482]
[2483 2506]
[2507 2537]
[2538 2589]
[2590 2641]
[2642 2707]
[2708 2816]
[2817 2941]
[2942 2966]
[2967 3021]
[3022 3053]
[3054 3445]
[3446 3493]
[3494 3540]
[3541 3589]
[3590 3613]
[3614 3646]
[3647 3692]
[3693 3738]
[3739 3773]
[3774 3826]
[3827 3929]
[3930 3983]
[3984 4025]
[4026 4050]
[4051 4099]
[4100 4166]
[4167 4211]
[4212 4262]
[4263 4307]
[4308 4377]
[4378 4408]
[4409 4440]
[4441 4526]
[4527 4534]
[4535 4598]
[4599 4670]
[4671 4697]
[4698 4753]
[4754 4811]
[4812 4864]
[4865 5980]
[5981 6613]
[6614 6658]
[6659 6694]
[6695 6775]
[6776 6839]
[6840 6885]
[6886 6923]
[6924 6973]
[6974 7060]
[7061 7254]
[7255 7320]
[7321 7406]
[7407 7430]
[7431 7496]
[7497 7750]
[7751 7785]
[7786 7831]
[7832 7880]
[7881 7945]
[7946 8004]
[8005 8054]
[8055 8074]
[8075 8725]
[8726 8948]
[8949 9008]
[9009 9048]
[9049 9192]
[9193 9282]
[9283 9402]
[9403 9456]
[9457 9548]
[9549 9630]
[9631 9715]
[9716 9776]
[9777 9828]
[9829 9873]
[9874 9907]
[9908 9955]
[ 9956 10006]
[10007 10162]
[10163 10231]
[10232 10295]
[10296 10342]
[10343 10387]
[10388 10410]
[10411 10457]
[10458 10488]
[10489 11083]
[11084 11293]
[11294 11393]
[11394 11522]
[11523 11630]
[11631 11716]
[11717 11839]
[11840 11941]
[11942 12483]
[12484 12578]
[12579 12617]
[12618 12641]
[12642 12661]
[12662 12809]
[12810 12894]
[12895 13046]
[13047 13074]
[13075 13111]
[13112 13133]
[13134 13277]
[13278 13377]
[13378 13389]
[13390 13407]
[13408 13464]
[13465 13535]
[13536 13640]
[13641 13661]
[13662 13699]
[13700 13735]
[13736 13780]
[13781 13816]
[13817 13835]
[13836 13867]
[13868 13893]
[13894 13922]
[13923 13954]
[13955 13964]
[13965 14030]
[14031 14495]
[14496 14613]
[14614 14990]
[14992 15258]
[15259 15538]
[15539 15751]
[15753 15966]
[15967 16062]
[16063 16232]
[16234 16349]
[16350 16418]
[16419 16502]
[16503 16585]
[16586 16665]
[16666 16714]
[16715 16849]
[16850 16937]
[16938 17054]
[17055 17128]
[17129 17214]
[17215 17288]
[17289 17354]
[17355 17416]
[17417 17503]
[17504 17748]
[17749 17946]
[17947 17975]
[17976 18018]
[18019 18092]
[18093 18154]
[18155 18211]
[18212 18251]
[18252 18308]
[18309 18357]
[18358 18405]
[18406 18456]
[18457 18505]
[18506 18541]
[18542 18596]
[18597 18660]
[18661 18711]
[18712 18760]
[18761 18789]
[18790 18832]
[18833 18902]
[18903 18931]
[18932 18951]
[18952 18976]
[18977 18997]
[18998 19033]
[19034 19073]
[19074 19108]
[19109 19138]
[19139 19175]
[19176 19198]
[19199 19242]
[19243 19275]
[19276 19317]
[19318 19371]
[19372 19411]
[19412 19490]
[19491 19530]
[19531 19629]
[19630 19699]
[19700 19750]
[19751 19785]
[19786 19812]
[19813 19867]
[19868 19896]
[19897 19941]
[19942 19983]
[19984 20072]
[20073 20774]
[20776 20843]
[20844 20891]
[20892 20962]
[20963 21033]
[21034 21089]
[21090 21171]
[21172 21232]
[21233 21281]
[21282 21316]
[21317 21347]
[21348 21378]
[21379 21403]
[21404 21448]
[21449 21563]
[21564 21634]
[21635 21680]
[21681 21723]
[21724 21761]
[21762 21835]
[21836 21906]
[21907 21977]
[21978 22012]
[22013 22093]
[22094 22235]
[22236 22385]
[22386 22633]
[22634 22855]
[22856 22937]
[22938 23026]
[23027 23132]
[23133 23333]
[23334 23508]
[23509 23712]
[23713 23785]
[23786 23866]
[23867 24240]
[24241 24338]
[24339 24511]
[24512 24606]
[24607 24698]
[24699 24776]
[24777 24908]
[24909 24996]
[24997 25084]
[25085 25158]
[25159 25255]
[25256 25342]
[25343 25394]
[25395 25493]
[25494 25798]
[25799 25874]
[25875 25986]
[25987 26074]
[26075 26154]
[26155 26214]
[26215 26264]
[26265 26324]
[26325 26394]
[26395 26468]
[26469 26528]
[26529 26588]
[26589 26648]
[26649 26688]
[26689 26738]
[26739 26798]
[26799 26858]
[26859 26918]
[26919 27005]
[27006 27234]
[27235 27351]
[27352 27655]
[27656 27737]
[27738 27795]
[27796 27856]
[27857 27895]
[27896 28009]
[28010 28051]
[28052 28096]
[28097 28166]
[28167 28244]
[28245 28287]
[28288 28313]
[28314 28360]
[28361 28659]
[28660 28744]
[28745 28887]
[28888 28996]
[28997 29097]
[29098 29136]
[29137 29217]
[29218 29271]
[29272 29538]
[29539 29596]
[29597 29671]
[29672 29798]
[29799 30014]
[30015 30119]
[30120 30205]
[30206 30423]
[30424 30566]
[30567 30655]
[30656 30888]
[30889 30959]
[30960 31085]
[31086 31130]
[31131 31181]
[31182 31257]
[31258 31373]
[31374 32077]
[32078 32211]
[32212 32387]
[32388 32456]
[32457 32527]
[32528 32622]
[32623 32718]
[32719 32794]
[32795 32871]
[32872 32950]
[32951 33037]
[33038 33109]
[33110 33366]
[33367 33478]
[33479 33524]
[33525 33567]
[33568 33720]
[33721 33831]
[33832 34071]
[34072 34146]
[34147 34250]
[34251 34328]
[34329 34522]
[34523 34830]
[34831 34913]
