[0 7]
[ 8 29]
[ 31 266]
[267 320]
[321 363]
[364 404]
[405 488]
[489 530]
[531 558]
[559 627]
[ 628 1026]
[1027 1113]
[1114 1166]
[1167 1225]
[1226 1275]
[1276 1332]
[1333 1368]
[1369 1449]
[1450 1533]
[1534 1615]
[1616 1693]
[1694 1761]
[1762 1824]
[1825 1860]
[1861 2186]
[2187 2257]
[2258 2339]
[2340 2412]
[2413 2479]
[2480 2504]
[2505 2564]
[2565 2672]
[2673 2814]
[2815 2850]
[2851 2933]
[2934 2998]
[2999 3085]
[3086 3153]
[3154 3222]
[3223 3678]
[3679 3716]
[3717 3780]
[3781 3846]
[3847 3916]
[3917 3970]
[3971 4043]
[4044 4114]
[4115 4185]
[4186 4247]
[4248 4306]
[4307 4354]
[4355 4412]
[4413 4782]
[4783 4893]
[4894 4934]
[4935 4977]
[4978 5026]
[5027 5110]
[5111 5195]
[5196 5238]
[5239 5283]
[5284 5329]
[5330 5376]
[5377 5411]
[5412 5501]
[5502 5539]
[5540 5573]
[5574 5611]
[5612 5648]
[5649 5781]
[5782 5825]
[5826 5871]
[5872 5914]
[5915 5955]
[5956 6005]
[6006 6065]
[6066 6133]
[6134 6176]
[6177 6216]
[6217 6255]
[6256 6306]
[6307 6402]
[6403 6641]
[6642 6675]
[6676 6732]
[6733 6789]
[6790 6847]
[6848 6909]
[6910 6975]
[6976 7045]
[7046 7101]
[7102 7172]
[7173 7216]
[7217 7259]
[7260 7310]
[7311 7367]
[7368 7424]
[7425 7481]
[7482 7538]
[7539 7597]
[7598 7645]
[7646 7692]
[7693 7734]
[7735 7780]
[7781 8070]
[8071 8120]
[8121 8166]
[8167 8207]
[8208 8246]
[8247 8284]
[8285 8332]
[8333 8373]
[8374 8407]
[8408 8455]
[8456 8472]
[8473 8527]
[8528 8581]
[8582 8655]
[8656 8702]
[8703 8751]
[8752 8797]
[8798 8844]
[8845 8907]
[8908 8942]
[8943 8982]
[8983 9021]
[9022 9064]
[9065 9109]
[9110 9146]
[9147 9195]
[9196 9239]
[9240 9276]
[9277 9307]
[9308 9359]
[9360 9406]
[9407 9481]
[9482 9539]
[9540 9614]
[9615 9677]
[9678 9800]
[ 9801 10236]
[10237 10392]
[10393 10506]
[10507 10634]
[10635 10739]
[10740 10839]
[10840 10935]
[10936 11005]
[11006 11097]
[11098 11150]
[11151 11216]
[11217 11642]
[11643 11909]
[11910 12025]
[12026 12125]
[12126 12345]
[12346 12428]
[12429 12802]
[12803 12909]
[12910 13063]
[13064 13130]
[13131 13251]
[13252 13378]
[13379 13483]
[13484 13664]
[13665 13949]
[13950 14080]
[14081 14201]
[14202 14573]
[14574 14688]
[14689 14827]
[14828 14897]
[14898 14986]
[14987 15047]
[15048 15117]
[15118 15207]
[15208 15267]
[15268 15398]
[15399 15425]
[15426 15548]
[15549 15660]
[15661 15750]
[15751 15810]
[15811 15940]
[15941 16030]
[16031 16075]
[16076 16166]
[16167 16457]
[16458 16566]
[16567 16692]
[16693 16736]
[16737 16851]
[16852 16961]
[16962 17061]
[17062 17135]
[17136 17269]
[17270 17338]
[17339 17398]
[17399 17591]
[17592 17656]
[17657 17805]
[17806 17884]
[17885 17954]
[17955 18024]
[18025 18308]
[18309 18399]
[18400 18460]
[18461 18533]
[18534 18609]
[18610 18720]
[18721 18765]
[18766 18827]
[18828 18925]
[18926 19016]
[19017 19079]
[19080 19147]
[19148 19212]
[19213 19282]
[19283 19347]
[19348 19418]
[19419 19472]
[19473 19515]
[19516 19555]
[19556 19596]
[19597 19642]
[19643 19680]
[19681 19716]
[19717 20066]
[20067 20165]
[20166 20275]
[20276 20416]
[20417 20481]
[20482 20567]
[20568 20603]
[20604 20641]
[20642 20688]
[20689 20724]
[20725 20766]
[20767 20817]
[20818 20856]
[20857 20892]
[20893 20930]
[20931 21197]
[21198 21336]
[21337 21461]
[21462 21578]
[21579 21720]
[21721 21784]
[21785 21832]
[21833 22128]
[22129 22241]
[22242 22386]
[22387 22453]
[22454 22530]
[22531 22724]
[22725 23082]
[23083 23176]
[23177 23387]
[23388 23619]
[23620 23830]
[23831 23963]
[23964 24016]
[24017 24072]
[24073 24479]
[24480 24553]
[24554 24614]
[24615 24686]
[24687 24750]
[24751 24805]
[24806 24850]
[24851 24903]
[24904 25010]
[25011 25058]
[25059 25159]
[25160 25215]
[25216 25279]
[25280 25315]
[25316 25365]
[25366 25408]
[25409 25495]
[25496 25565]
[25566 25736]
[25737 25854]
[25855 25994]
[25995 26055]
[26056 26386]
[26387 26472]
[26473 26534]
[26535 26657]
[26658 26709]
[26710 26766]
[26767 26811]
[26812 26871]
[26872 27209]
[27210 27269]
[27270 27306]
[27307 27341]
[27342 27396]
[27397 27456]
[27457 27494]
[27495 27566]
[27567 27620]
[27621 27686]
[27687 27736]
[27737 27762]
[27763 27836]
[27837 27906]
[27907 27962]
[27963 28030]
[28031 28086]
[28087 28149]
[28150 28204]
[28205 28255]
[28256 28317]
[28318 28374]
[28375 28418]
[28419 28484]
[28485 28536]
[28537 28914]
[28916 29011]
