[ 0 12]
[14 33]
[34 53]
[55 75]
[76 98]
[100 166]
[168 484]
[485 538]
[539 577]
[578 618]
[619 666]
[667 699]
[700 745]
[746 789]
[790 836]
[837 875]
[876 915]
[916 988]
[ 989 1114]
[1115 1494]
[1495 1554]
[1555 1610]
[1611 1669]
[1670 1756]
[1757 1806]
[1807 1870]
[1871 1932]
[1933 2096]
[2097 2166]
[2167 2211]
[2212 2254]
[2255 2283]
[2284 2465]
[2466 2502]
[2503 2558]
[2559 2607]
[2608 2657]
[2658 2713]
[2714 2772]
[2773 2777]
[2778 2840]
[2841 2907]
[2908 2961]
[2962 3026]
[3027 3074]
[3075 3100]
[3101 3111]
[3112 3834]
[3835 3918]
[3919 3996]
[3997 4049]
[4050 4091]
[4092 4149]
[4150 4194]
[4195 4244]
[4245 4300]
[4301 4357]
[4358 4475]
[4476 4536]
[4537 4590]
[4591 4647]
[4648 4782]
[4783 4820]
[4821 5167]
[5168 5230]
[5231 5810]
[5811 5877]
[5878 5938]
[5939 5984]
[5985 6042]
[6043 6088]
[6089 6126]
[6127 6164]
[6165 6230]
[6231 6258]
[6259 6307]
[6308 6402]
[6403 6454]
[6455 6522]
[6523 6593]
[6594 6636]
[6637 6678]
[6679 6869]
[6870 6926]
[6927 6980]
[6981 7030]
[7031 7083]
[7084 7128]
[7129 7178]
[7179 7280]
[7281 7370]
[7371 7760]
[7761 7844]
[7845 7891]
[7892 7940]
[7941 8164]
[8165 8263]
[8264 8332]
[8333 8368]
[8369 8444]
[8445 8495]
[8496 8583]
[8584 8630]
[8631 8647]
[8648 8664]
[8665 8708]
[8709 8731]
[8732 8827]
[8828 8890]
[8891 8928]
[8929 8989]
[8990 9071]
[9072 9107]
[9108 9605]
[9607 9772]
[9773 9834]
[9835 9882]
[9883 9933]
[ 9934 10026]
[10027 10117]
[10118 10218]
[10219 10265]
[10266 10522]
[10523 10634]
[10635 10757]
[10758 10798]
[10799 10933]
[10934 10980]
[10981 11037]
[11038 11083]
[11084 11201]
[11202 11525]
[11526 11644]
[11645 11777]
[11778 11884]
[11885 12027]
[12028 12117]
[12118 12203]
[12204 12240]
[12241 12279]
[12280 12635]
[12636 12759]
[12760 12844]
[12845 12952]
[12953 13053]
[13054 13162]
[13163 13278]
[13279 13400]
[13401 13486]
[13487 13554]
[13555 13631]
[13632 13701]
[13702 14099]
[14101 14182]
[14183 14256]
[14257 14350]
[14351 14454]
[14455 14568]
[14569 14692]
[14693 14742]
[14743 14821]
[14822 15012]
[15013 15095]
[15096 15155]
[15156 15510]
[15511 15637]
[15638 15787]
[15788 15807]
[15808 15883]
[15884 15937]
[15938 15978]
[15979 16044]
[16045 16155]
[16156 16268]
[16269 16425]
[16426 16487]
[16488 16523]
[16524 16559]
[16560 16595]
[16596 16910]
[16911 17166]
[17167 17200]
[17201 17241]
[17242 17283]
[17284 17405]
[17406 17451]
[17452 17480]
[17481 17532]
[17533 17564]
[17565 17609]
[17610 17635]
[17636 17654]
[17655 17715]
[17716 17760]
[17761 17770]
[17771 17864]
[17865 17882]
[17883 17941]
[17942 17978]
[17979 18044]
[18045 18083]
[18084 18120]
[18121 18155]
[18156 18186]
[18187 18218]
[18219 18265]
[18266 18309]
[18310 18358]
[18359 18461]
[18462 18522]
[18523 18547]
[18548 18584]
[18585 18641]
[18642 18675]
[18676 18727]
[18728 18764]
[18765 18802]
[18803 18905]
[18906 19147]
[19148 19210]
[19211 19264]
[19265 19322]
[19323 19376]
[19377 19425]
[19426 19484]
[19485 19529]
[19530 19588]
[19589 19637]
[19638 19666]
[19667 19723]
[19724 19821]
[19822 19931]
[19932 20039]
[20040 20154]
[20155 20499]
[20500 20814]
[20815 20910]
[20911 21096]
[21097 21255]
[21256 21412]
[21413 21463]
[21464 21517]
[21518 21583]
[21584 22002]
[22003 22133]
[22134 22215]
[22216 22294]
[22295 22366]
[22367 22428]
[22429 22501]
[22502 22567]
[22568 22635]
[22636 22698]
[22699 22745]
[22746 22800]
[22801 22881]
[22882 22961]
[22962 23110]
[23111 23219]
[23220 23335]
[23336 23650]
[23651 23816]
[23817 23965]
[23966 24020]
[24021 24160]
[24161 24251]
[24252 24432]
[24433 24463]
[24464 24512]
[24513 24578]
[24579 24646]
[24647 24747]
[24748 24840]
[24841 25207]
[25208 25276]
[25277 25326]
[25327 25373]
[25374 25427]
[25428 25477]
[25478 25548]
[25549 25594]
[25595 25645]
[25646 25766]
[25767 25828]
[25829 25880]
[25881 25927]
[25928 26038]
[26039 26110]
[26111 26159]
[26160 26249]
[26250 26306]
[26307 26374]
[26375 26442]
[26443 26505]
[26506 26571]
[26572 27028]
[27029 27062]
[27063 27130]
[27131 27197]
[27198 27255]
[27256 27330]
[27332 27405]
[27406 27476]
[27477 27502]
[27503 27548]
[27549 27624]
[27625 27650]
[27651 27693]
[27694 27732]
[27733 27754]
[27755 27818]
[27819 27890]
[27891 27953]
[27954 28016]
[28017 28062]
[28063 28107]
[28108 28163]
[28164 28220]
[28221 28268]
[28269 28312]
[28313 28386]
[28387 28566]
[28567 28634]
[28635 28680]
[28681 28724]
[28725 28826]
[28827 29372]
[29373 29634]
[29635 29677]
[29678 29963]
[29964 30040]
[30041 30215]
[30216 30510]
[30511 30637]
[30638 30713]
[30714 30793]
[30794 30866]
[30867 31268]
[31269 31614]
[31615 31699]
