[ 0 20]
[22 41]
[42 61]
[ 63 106]
[108 178]
[179 440]
[441 493]
[494 513]
[514 543]
[544 568]
[569 592]
[593 619]
[620 695]
[696 716]
[717 744]
[745 821]
[822 870]
[871 930]
[931 984]
[ 985 1072]
[1073 1468]
[1469 1531]
[1532 1578]
[1579 1622]
[1623 1663]
[1664 1678]
[1679 1718]
[1719 1753]
[1754 1785]
[1786 1800]
[1801 1852]
[1853 1895]
[1896 1928]
[1929 1997]
[1998 2058]
[2059 2217]
[2218 2260]
[2261 2301]
[2302 2400]
[2401 2602]
[2603 2650]
[2651 2711]
[2712 2727]
[2728 2857]
[2858 2897]
[2898 3240]
[3241 3343]
[3344 3376]
[3377 3422]
[3423 3451]
[3452 3500]
[3501 3540]
[3541 3691]
[3692 3793]
[3794 3873]
[3874 3929]
[3930 4140]
[4141 4203]
[4204 4263]
[4264 4344]
[4345 4421]
[4422 4486]
[4487 4519]
[4520 4559]
[4560 4610]
[4611 4842]
[4843 4972]
[4973 5128]
[5129 5190]
[5191 5249]
[5250 5282]
[5283 5335]
[5336 5387]
[5388 5467]
[5468 5581]
[5582 5651]
[5652 5724]
[5725 5823]
[5824 5928]
[5929 6066]
[6067 6486]
[6487 7680]
[7681 7746]
[7747 8009]
[8010 8054]
[8055 8107]
[8108 8148]
[8149 8218]
[8219 8265]
[8266 8314]
[8315 8382]
[8383 8419]
[8420 8492]
[8493 8565]
[8566 8619]
[8620 8667]
[8668 8757]
[8758 8821]
[8822 9118]
[9119 9157]
[9158 9212]
[9213 9269]
[9270 9334]
[9335 9428]
[9429 9502]
[9503 9577]
[9578 9652]
[9653 9727]
[9728 9928]
[9929 9970]
[ 9971 10014]
[10015 10303]
[10304 10396]
[10397 10462]
[10463 10569]
[10570 10628]
[10629 10689]
[10690 10740]
[10741 10837]
[10838 10911]
[10912 10967]
[10968 11010]
[11011 11073]
[11074 11204]
[11205 11288]
[11289 11652]
[11653 12180]
[12181 12353]
[12354 12562]
[12563 12686]
[12687 12811]
[12812 12963]
[12964 13028]
[13029 13074]
[13075 13134]
[13135 13143]
[13144 13164]
[13165 13227]
[13228 13266]
[13267 13312]
[13313 13404]
[13405 13728]
[13730 13795]
[13796 13863]
[13864 13930]
[13931 14005]
[14006 14093]
[14094 14181]
[14182 14225]
[14226 14305]
[14306 14360]
[14361 14417]
[14418 14448]
[14449 14511]
[14512 14658]
[14659 14986]
[14987 15023]
[15024 15064]
[15065 15104]
[15105 15185]
[15186 15231]
[15232 15291]
[15292 15399]
[15400 15497]
[15498 15569]
[15570 15624]
[15625 15653]
[15654 15716]
[15717 15761]
[15762 15814]
[15815 15870]
[15871 15915]
[15916 15990]
[15991 16034]
[16035 16134]
[16135 16441]
[16442 16602]
[16603 16834]
[16835 16984]
[16985 17050]
[17051 17145]
[17146 17197]
[17198 17253]
[17254 17329]
[17330 17415]
[17416 17483]
[17484 17551]
[17552 17903]
[17904 17964]
[17965 18004]
[18005 18067]
[18068 18106]
[18107 18152]
[18153 18281]
[18282 18322]
[18323 18371]
[18372 18416]
[18417 18643]
[18644 18729]
[18730 18780]
[18781 18818]
[18819 18878]
[18879 18932]
[18933 18971]
[18972 19051]
[19052 19300]
[19301 19335]
[19336 19437]
[19438 19521]
[19522 19584]
[19585 19634]
[19635 19723]
[19724 19868]
[19869 19996]
[19997 20043]
[20044 20117]
[20118 20147]
[20148 20220]
[20221 20345]
[20346 20384]
[20385 20419]
[20420 20476]
[20477 20572]
[20573 20643]
[20644 20867]
[20868 20897]
[20898 20945]
[20946 21000]
[21001 21053]
[21054 21089]
[21090 21162]
[21163 21259]
[21260 21334]
[21335 21448]
[21449 21496]
[21497 21546]
[21547 21619]
[21620 21667]
[21668 21756]
[21757 21856]
[21857 21919]
[21920 22125]
[22126 22573]
[22574 22653]
[22654 22759]
[22760 22841]
[22842 22939]
[22940 23016]
[23017 23093]
[23094 23297]
[23298 23407]
[23408 23464]
[23465 23490]
[23491 23597]
[23598 23642]
[23643 23726]
[23727 24072]
[24073 24121]
[24122 24133]
[24134 24151]
[24152 24158]
[24159 24176]
[24177 24217]
[24218 24229]
[24230 24300]
[24301 24369]
[24370 24425]
[24426 24642]
[24643 24720]
[24721 24768]
[24769 24831]
[24832 24916]
[24917 24978]
[24979 24996]
[24997 25201]
[25202 25375]
[25376 25502]
[25503 25582]
[25583 25737]
[25738 25951]
[25952 26345]
[26346 26449]
