[ 0 24]
[26 45]
[46 65]
[ 67 110]
[112 205]
[207 525]
[526 564]
[565 599]
[600 623]
[624 653]
[654 690]
[691 715]
[716 736]
[737 776]
[777 816]
[817 842]
[843 863]
[864 899]
[900 947]
[ 948 1380]
[1381 1430]
[1431 1494]
[1495 1548]
[1549 1599]
[1600 1654]
[1655 1709]
[1710 1760]
[1761 1831]
[1832 1869]
[1871 1940]
[1942 2065]
[2066 2104]
[2105 2161]
[2162 2193]
[2194 2286]
[2287 2381]
[2382 2427]
[2428 2466]
[2467 2527]
[2528 2577]
[2578 2627]
[2628 2655]
[2657 2697]
[2699 2792]
[2794 2825]
[2826 2857]
[2859 2896]
[2897 3159]
[3160 3240]
[3241 3327]
[3328 3388]
[3389 3432]
[3433 3509]
[3510 3564]
[3565 3650]
[3651 3731]
[3732 3823]
[3824 3913]
[3914 3966]
[3967 4018]
[4019 4057]
[4058 4108]
[4109 4365]
[4366 4437]
[4438 4507]
[4508 4587]
[4588 4736]
[4737 4830]
[4831 4913]
[4914 5006]
[5007 5373]
[5374 5416]
[5417 5483]
[5484 5525]
[5526 5550]
[5551 5586]
[5587 5651]
[5652 5679]
[5680 5721]
[5722 5749]
[5750 5859]
[5860 5960]
[5961 6034]
[6035 6122]
[6123 6204]
[6205 6233]
[6234 6349]
[6350 6406]
[6407 6467]
[6468 6504]
[6505 6589]
[6590 6675]
[6676 6718]
[6719 6771]
[6772 6823]
[6824 6867]
[6868 7177]
[7178 7255]
[7256 7345]
[7346 7424]
[7425 7503]
[7504 7583]
[7584 7667]
[7668 7750]
[7751 7824]
[7825 7894]
[7895 7952]
[7953 8011]
[8012 8100]
[8101 8174]
[8175 8229]
[8230 8691]
[8693 8754]
[8755 8814]
[8815 8896]
[8897 8958]
[8959 8989]
[8990 9012]
[9013 9106]
[9107 9169]
[9170 9218]
[9219 9253]
[9254 9287]
[9288 9330]
[9331 9382]
[9383 9444]
[9445 9494]
[9495 9535]
[9536 9557]
[9558 9583]
[9584 9622]
[9623 9665]
[9666 9752]
[9753 9787]
[9788 9817]
[9818 9837]
[9838 9889]
[9890 9960]
[ 9961 10032]
[10033 10101]
[10102 10140]
[10141 10180]
[10181 10241]
[10242 10774]
[10775 10839]
[10840 10907]
[10908 10954]
[10955 11020]
[11021 11066]
[11067 11102]
[11103 11129]
[11130 11172]
[11173 11233]
[11234 11242]
[11243 11335]
[11336 11404]
[11405 11461]
[11462 11510]
[11511 11545]
[11546 11604]
[11605 11662]
[11663 11704]
[11705 11743]
[11744 11777]
[11778 11982]
[11983 12024]
[12025 12110]
[12111 12146]
[12147 12189]
[12190 12213]
[12214 12252]
[12253 12258]
[12259 12653]
[12654 12746]
[12747 12803]
[12804 12860]
[12861 12970]
[12971 13027]
[13028 13156]
[13157 13210]
[13211 13259]
[13260 13333]
[13334 13400]
[13401 13469]
[13470 13478]
[13479 13724]
[13725 13793]
[13794 13868]
[13869 13920]
[13921 13981]
[13982 14048]
[14049 14124]
[14125 14174]
[14175 14240]
[14241 14315]
[14316 14387]
[14388 14459]
[14460 14537]
[14538 14615]
[14616 14693]
[14694 14776]
[14777 15011]
[15012 15097]
[15098 15192]
[15193 15266]
[15267 15342]
[15343 15411]
[15412 15463]
[15464 15533]
[15534 15604]
[15605 15685]
[15686 15749]
[15750 15833]
[15834 15914]
[15915 15984]
[15985 16108]
[16109 16154]
[16155 16242]
[16243 16289]
[16290 16323]
[16324 16358]
[16359 16396]
[16397 16437]
[16438 16548]
[16549 16935]
[16936 17151]
[17152 17340]
[17341 17380]
[17381 17425]
[17426 17474]
[17475 17495]
[17496 17586]
[17587 17665]
[17666 17792]
[17793 18158]
[18159 18253]
[18254 18314]
[18315 18387]
[18388 18409]
[18410 18476]
[18477 18525]
[18526 18874]
[18875 18959]
[18960 19019]
[19020 19081]
[19082 19143]
[19144 19205]
[19206 19273]
[19274 19324]
[19325 19415]
[19416 19835]
[19836 19950]
[19951 20052]
[20053 20156]
[20157 20200]
[20201 20231]
[20232 20309]
[20310 20373]
[20374 20463]
[20464 20541]
[20542 20581]
[20582 20626]
[20627 20708]
[20709 20766]
[20767 20817]
[20818 20870]
[20871 20930]
[20931 20990]
[20991 21056]
[21057 21135]
[21136 21556]
[21557 21628]
[21629 21696]
[21697 21753]
[21754 21819]
[21820 21896]
[21897 21965]
[21966 22042]
[22043 22116]
[22117 22199]
[22200 22278]
[22279 22353]
[22354 22443]
[22444 22498]
[22499 22591]
[22592 22692]
[22693 23075]
[23076 23132]
[23133 23198]
[23199 23274]
[23275 23359]
[23360 23427]
[23428 23467]
[23468 23507]
[23508 23547]
[23548 23608]
[23609 23633]
[23634 23673]
[23674 23728]
[23729 23800]
[23801 23936]
[23937 24028]
[24029 24066]
[24067 24135]
[24136 24304]
[24305 24364]
[24365 24548]
[24549 24591]
[24592 24975]
[24976 25035]
[25036 25226]
[25227 25301]
[25302 25451]
[25452 25513]
[25514 25552]
[25553 25591]
[25592 25629]
[25630 25714]
[25715 25769]
[25770 25825]
[25826 25898]
[25899 25977]
[25978 26025]
[26026 26218]
[26219 26248]
[26249 26356]
[26358 26443]
[26444 26494]
[26495 26598]
[26599 26642]
[26643 26704]
[26705 26811]
[26812 26881]
[26882 26966]
[26967 27032]
[27033 27167]
[27168 27278]
[27279 27409]
[27410 27515]
[27516 27591]
[27592 27661]
[27662 27941]
[27942 28508]
[28509 28662]
[28663 28791]
[28792 28872]
[28873 28941]
[28942 29009]
[29010 29450]
[29451 29549]
