[ 0 21]
[23 42]
[43 62]
[ 64 107]
[109 192]
[193 444]
[445 499]
[500 543]
[544 578]
[579 626]
[627 656]
[657 687]
[688 713]
[714 750]
[751 832]
[833 874]
[875 924]
[ 925 1423]
[1424 1478]
[1479 1517]
[1518 1554]
[1555 1599]
[1600 1622]
[1623 1648]
[1649 1687]
[1688 1753]
[1754 1796]
[1797 1893]
[1894 1934]
[1935 1975]
[1976 2035]
[2036 2099]
[2100 2154]
[2155 2208]
[2209 2263]
[2264 2432]
[2433 2493]
[2494 2546]
[2547 2592]
[2593 2635]
[2636 2679]
[2680 2720]
[2721 2766]
[2767 2847]
[2848 2883]
[2884 2930]
[2931 3359]
[3360 3405]
[3406 3483]
[3484 3573]
[3574 3671]
[3672 3717]
[3718 3764]
[3765 3947]
[3948 4000]
[4001 4029]
[4030 4099]
[4100 4221]
[4222 4278]
[4279 4361]
[4362 4425]
[4426 4493]
[4494 5002]
[5003 5159]
[5160 5201]
[5202 5249]
[5250 5339]
[5340 5387]
[5388 5497]
[5498 5599]
[5600 5615]
[5616 5701]
[5702 5867]
[5868 5996]
[5997 6047]
[6048 6067]
[6068 6128]
[6129 6237]
[6238 6356]
[6357 6452]
[6453 6513]
[6514 6672]
[6673 7018]
[7019 7097]
[7098 7228]
[7229 7273]
[7274 7320]
[7321 7365]
[7366 7412]
[7413 7549]
[7550 7830]
[7831 7865]
[7866 7934]
[7935 8260]
[8261 8681]
[8682 8685]
[8686 8760]
[8761 8814]
[8815 8927]
[8928 8994]
[8995 9138]
[9139 9255]
[9256 9524]
[9525 9935]
[ 9936 10148]
[10149 10460]
[10461 10553]
[10554 10635]
[10636 10720]
[10721 10768]
[10769 10867]
[10868 10916]
[10917 10961]
[10962 11045]
[11046 11116]
[11117 11164]
[11165 11210]
[11211 11269]
[11270 11336]
[11337 11392]
[11393 11455]
[11456 11753]
[11754 11920]
[11921 12006]
[12007 12066]
[12067 12146]
[12147 12254]
[12255 12333]
[12334 12425]
[12426 12514]
[12515 12612]
[12613 12750]
[12751 12850]
[12851 12890]
[12891 12942]
[12943 13035]
[13036 13126]
[13127 13255]
[13256 13660]
[13661 13819]
[13820 13974]
[13975 14180]
[14181 14292]
[14293 14375]
[14376 14486]
[14487 14553]
[14554 14691]
[14692 14747]
[14748 14946]
[14947 15239]
[15240 15322]
[15323 15416]
[15417 15518]
[15519 15583]
[15584 15794]
[15795 15878]
[15879 15980]
[15981 16047]
[16048 16121]
[16122 16209]
[16210 16280]
[16281 16352]
[16353 16376]
[16377 16423]
[16424 16491]
[16492 16569]
[16570 16644]
[16645 16720]
[16721 16756]
[16757 16843]
[16844 17015]
[17016 17212]
[17213 17289]
[17290 17360]
[17361 17442]
[17443 17518]
[17519 17544]
[17545 17594]
[17595 17645]
[17646 17679]
[17680 17712]
[17713 17775]
[17776 17817]
[17818 17870]
[17871 17919]
[17920 17973]
[17974 18046]
[18047 18117]
[18118 18173]
[18174 18265]
[18266 18350]
[18351 18406]
[18407 18455]
[18456 18519]
[18520 18576]
[18577 18623]
[18624 18707]
[18708 18953]
[18954 19007]
[19008 19105]
[19106 19138]
[19139 19198]
[19199 19335]
[19336 19400]
[19401 19488]
[19489 19561]
[19562 19647]
[19648 19678]
[19679 19759]
[19760 19888]
[19889 19940]
[19941 19967]
[19968 20042]
[20043 20119]
[20120 20162]
[20163 20201]
[20202 20260]
[20261 20503]
[20504 20668]
[20669 20838]
[20839 20945]
[20946 20993]
[20994 21037]
[21038 21059]
[21060 21107]
[21108 21264]
[21265 21527]
[21528 21583]
[21584 21636]
[21637 21686]
[21687 21755]
[21756 21834]
[21835 21938]
[21939 22032]
[22033 22105]
[22106 22156]
[22157 22202]
[22204 22481]
[22482 22599]
