[ 0 18]
[20 39]
[40 59]
[ 61 104]
[106 451]
[452 513]
[514 552]
[553 587]
[588 611]
[612 641]
[642 678]
[679 703]
[704 724]
[725 763]
[764 821]
[822 880]
[881 964]
[ 965 1452]
[1453 1598]
[1599 1752]
[1753 1908]
[1909 1987]
[1988 2067]
[2068 2142]
[2143 2222]
[2223 2304]
[2305 2383]
[2384 2457]
[2458 2533]
[2534 2609]
[2610 2688]
[2689 2765]
[2766 2815]
[2816 3097]
[3098 3512]
[3513 3784]
[3785 3910]
[3911 4046]
[4047 4464]
[4465 4743]
[4744 4842]
[4843 4908]
[4909 4978]
[4979 5010]
[5011 5067]
[5068 5154]
[5155 5320]
[5321 5574]
[5575 5655]
[5656 5689]
[5690 5741]
[5742 5808]
[5809 5884]
[5885 5971]
[5972 6038]
[6039 6103]
[6104 6147]
[6148 6416]
[6417 6469]
[6470 6566]
[6567 6664]
[6665 6738]
[6739 6859]
[6860 6970]
[6971 7032]
[7033 7143]
[7144 7204]
[7205 7266]
[7267 7305]
[7306 7462]
[7463 7514]
[7515 7642]
[7643 7693]
[7694 7730]
[7731 7768]
[7769 7812]
[7813 7900]
[7901 8272]
[8273 8686]
[8687 8844]
[8845 9319]
[9320 9423]
[9424 9593]
[9594 9671]
[9672 9987]
[ 9988 10194]
[10195 10232]
[10233 10441]
[10442 10675]
[10676 10754]
[10755 10915]
[10916 10958]
[10959 11007]
[11008 11061]
[11062 11125]
[11126 11468]
[11469 11547]
[11548 11595]
[11596 11652]
[11653 11683]
[11684 11731]
[11732 11781]
[11782 11874]
[11875 11936]
[11937 12001]
[12002 12176]
[12177 12308]
[12309 12497]
[12498 12827]
[12828 12900]
[12901 12947]
[12948 13024]
[13025 13093]
[13094 13181]
[13182 13218]
[13219 13292]
[13293 13365]
[13366 13444]
[13445 13512]
[13513 13581]
[13582 13658]
[13659 13727]
[13728 13817]
[13818 13889]
[13890 13937]
[13938 13977]
[13978 14012]
[14013 14422]
[14423 14490]
[14491 14540]
[14541 14587]
[14588 14666]
[14667 14752]
[14753 14846]
[14847 14889]
[14890 14946]
[14947 14998]
[14999 15041]
[15042 15129]
[15130 15209]
[15210 15248]
[15249 15321]
[15322 15390]
[15391 15502]
[15503 15723]
[15724 15924]
[15925 16055]
[16056 16123]
[16124 16227]
[16228 16276]
[16277 16322]
[16323 16446]
[16447 16632]
[16633 16667]
[16668 16730]
[16731 17058]
[17059 17115]
[17116 17198]
[17199 17245]
[17246 17288]
[17289 17362]
[17363 17465]
[17466 17591]
[17592 17636]
[17637 17652]
[17653 17693]
[17694 17755]
[17756 17815]
[17816 17887]
[17888 17939]
[17940 17978]
[17979 18001]
[18002 18043]
[18044 18084]
[18085 18148]
[18149 18660]
[18661 18897]
[18898 18937]
[18938 18995]
[18996 19142]
[19143 19260]
[19261 19338]
[19339 19401]
[19402 19435]
[19436 19500]
[19501 19571]
[19572 19626]
[19627 19669]
[19670 19683]
[19684 19975]
[19976 20034]
[20035 20104]
[20105 20157]
[20158 20222]
[20223 20275]
[20276 20322]
[20323 20364]
[20365 20559]
[20560 20648]
[20649 20769]
[20770 20818]
[20819 20894]
[20895 20935]
[20936 21020]
[21021 21072]
[21073 21161]
[21162 21255]
[21256 21339]
[21340 21465]
[21466 21585]
[21586 21676]
[21677 21770]
[21771 21851]
[21852 21947]
[21948 22053]
[22054 22119]
[22120 22206]
[22207 22341]
[22342 22432]
[22433 22686]
[22687 22788]
[22789 23040]
[23041 23079]
[23080 23125]
[23126 23185]
[23186 23277]
[23278 23327]
[23328 23373]
[23374 23418]
[23419 23455]
[23456 23524]
[23525 23797]
[23798 23886]
[23887 23943]
[23944 24019]
[24020 24119]
[24120 24181]
[24182 24253]
[24254 24338]
[24339 24406]
[24407 24474]
[24475 24523]
[24524 24589]
[24590 24663]
[24664 24998]
[24999 25099]
