[ 0 19]
[21 40]
[41 60]
[ 62 105]
[107 197]
[198 568]
[569 625]
[626 661]
[662 691]
[692 719]
[720 752]
[753 778]
[779 808]
[809 842]
[843 876]
[877 913]
[914 944]
[945 971]
[972 998]
[ 999 1068]
[1069 1740]
[1741 1770]
[1771 1822]
[1823 1856]
[1857 1874]
[1875 1920]
[1921 1942]
[1943 2011]
[2012 2067]
[2068 2108]
[2109 2139]
[2140 2188]
[2189 2229]
[2230 2299]
[2300 2354]
[2355 2420]
[2421 2486]
[2487 2525]
[2526 3164]
[3165 3266]
[3267 3314]
[3315 3359]
[3360 3445]
[3446 3559]
[3560 3696]
[3697 3746]
[3747 3782]
[3783 3807]
[3808 3825]
[3826 3858]
[3859 3892]
[3893 4172]
[4173 4532]
[4533 4592]
[4593 4661]
[4662 4694]
[4695 4772]
[4773 4858]
[4859 4922]
[4923 4940]
[4941 5001]
[5002 5048]
[5049 5111]
[5112 5180]
[5181 5223]
[5224 5287]
[5288 5342]
[5343 5394]
[5395 5509]
[5510 5552]
[5553 5599]
[5600 5692]
[5693 5717]
[5718 5767]
[5768 5820]
[5821 5880]
[5881 5938]
[5939 5989]
[5990 6024]
[6025 6080]
[6081 6124]
[6125 6410]
[6411 6687]
[6688 6741]
[6742 6802]
[6803 6894]
[6895 7066]
[7067 7183]
[7184 7270]
[7271 7666]
[7667 7732]
[7733 7771]
[7772 7849]
[7850 7880]
[7881 7943]
[7944 7988]
[7989 8041]
[8042 8142]
[8143 8186]
[8187 8251]
[8252 8361]
[8362 8438]
[8439 8491]
[8492 8549]
[8550 8658]
[8659 8702]
[8703 8756]
[8757 8852]
[8853 9158]
[9159 9240]
[9241 9339]
[9340 9362]
[9363 9441]
[9442 9464]
[9465 9486]
[9487 9586]
[9587 9704]
[9705 9782]
[9783 9844]
[ 9845 10094]
[10095 10216]
[10217 10336]
[10337 10390]
[10391 10436]
[10437 10526]
[10527 10620]
[10621 10725]
[10726 10757]
[10758 10824]
[10825 11033]
[11034 11199]
[11200 11276]
[11277 11340]
[11341 11395]
[11396 11435]
[11436 11462]
[11463 11518]
[11519 11599]
[11600 11686]
[11687 11796]
[11797 12085]
[12086 12121]
[12122 12185]
[12186 12232]
[12233 12295]
[12296 12367]
[12368 12466]
[12467 12517]
[12518 12577]
[12578 12595]
[12596 12649]
[12650 12681]
[12682 12762]
[12763 12786]
[12787 12872]
[12873 13224]
[13225 13315]
[13316 13422]
[13423 13551]
[13552 13720]
[13721 13748]
[13749 13799]
[13800 13865]
[13866 13942]
[13943 14037]
[14038 14090]
[14091 14143]
[14144 14196]
[14197 14244]
[14245 14323]
[14324 14380]
[14381 14416]
[14417 14447]
[14448 14714]
[14715 14772]
[14773 14853]
[14854 14893]
[14894 14976]
[14977 15026]
[15027 15204]
[15205 15273]
[15274 15431]
[15432 15477]
[15478 15562]
[15563 15662]
[15663 15937]
[15938 16278]
[16279 16359]
[16360 16488]
[16489 16557]
[16558 16676]
[16677 16782]
[16783 16864]
[16865 16919]
[16920 17319]
[17320 17414]
[17415 17518]
[17519 17634]
[17635 17686]
[17687 17874]
[17875 17947]
[17948 18082]
[18083 18138]
[18139 18191]
[18192 18271]
[18272 18331]
[18332 18395]
[18396 18506]
[18507 18596]
[18597 18641]
[18642 19121]
[19122 19185]
[19186 19257]
[19258 19304]
[19305 19420]
[19421 19465]
[19466 19587]
[19588 19616]
[19617 19655]
[19656 19720]
[19721 19772]
[19773 19809]
[19810 19867]
[19868 19925]
[19926 20066]
[20067 20167]
[20168 20266]
[20267 20331]
[20332 20375]
[20376 20451]
[20452 20576]
[20577 20671]
[20672 20726]
[20727 20974]
[20975 21030]
[21031 21138]
[21139 21180]
[21181 21276]
[21277 21346]
[21347 21379]
[21380 21409]
[21410 21458]
[21459 21474]
[21475 21523]
[21524 21551]
[21552 21609]
[21610 21657]
[21658 21706]
[21707 21724]
[21725 21824]
[21825 21949]
[21950 21999]
[22000 22067]
[22068 22119]
[22120 22513]
[22514 22664]
[22665 22704]
[22705 22853]
[22854 22968]
[22969 23016]
[23017 23033]
[23034 23072]
[23073 23124]
[23125 23152]
[23153 23205]
[23206 23257]
[23258 23300]
[23301 23473]
[23474 23597]
[23598 23641]
[23642 23929]
[23930 24342]
[24343 24658]
[24659 24698]
[24699 24768]
[24769 24848]
[24849 25182]
[25183 25299]
