[ 0 28]
[30 49]
[50 69]
[ 71 114]
[116 200]
[201 565]
[566 618]
[619 655]
[656 698]
[699 745]
[746 786]
[787 823]
[824 869]
[870 916]
[917 944]
[945 969]
[970 992]
[ 993 1043]
[1044 1374]
[1376 1431]
[1432 1494]
[1495 1542]
[1543 1592]
[1593 1651]
[1652 1688]
[1689 1770]
[1771 1876]
[1877 2133]
[2134 2218]
[2219 2283]
[2284 2444]
[2445 2575]
[2576 2652]
[2653 2717]
[2718 2759]
[2760 2806]
[2807 2868]
[2869 3010]
[3011 3428]
[3430 3454]
[3455 3490]
[3491 3515]
[3516 3638]
[3639 3689]
[3690 3697]
[3698 3742]
[3743 3751]
[3752 3784]
[3785 3830]
[3831 3851]
[3852 3870]
[3871 3906]
[3907 3948]
[3949 3961]
[3962 3982]
[3983 4015]
[4016 4049]
[4050 4080]
[4081 4117]
[4118 4162]
[4163 4179]
[4180 4213]
[4214 4256]
[4257 4321]
[4322 4366]
[4367 4384]
[4385 4424]
[4425 4470]
[4471 4488]
[4489 4548]
[4549 4610]
[4611 4920]
[4921 5082]
[5083 5120]
[5121 5195]
[5196 5251]
[5252 5284]
[5285 5337]
[5338 5434]
[5435 5475]
[5476 5585]
[5586 5625]
[5626 5676]
[5677 5703]
[5704 5757]
[5758 5792]
[5793 5806]
[5807 6147]
[6148 6202]
[6203 6241]
[6242 6292]
[6293 6336]
[6337 6411]
[6412 6451]
[6452 6497]
[6498 6545]
[6546 6590]
[6591 6626]
[6627 6674]
[6675 6716]
[6717 6765]
[6766 6823]
[6824 6872]
[6873 6973]
[6974 7022]
[7023 7083]
[7084 7097]
[7098 7159]
[7160 7189]
[7190 7240]
[7241 7278]
[7279 7313]
[7314 7356]
[7357 7395]
[7396 7507]
[7508 7768]
[7769 7897]
[7898 7972]
[7973 8015]
[8016 8098]
[8099 8179]
[8180 8227]
[8228 8309]
[8310 8360]
[8361 8432]
[8433 8569]
[8570 8603]
[8604 8653]
[8654 8710]
[8711 8824]
[8825 8968]
[8969 9022]
[9023 9037]
[9038 9107]
[9108 9133]
[9134 9174]
[9175 9210]
[9211 9264]
[9265 9305]
[9306 9348]
[9349 9384]
[9385 9480]
[9481 9555]
[9556 9605]
[9606 9649]
[9650 9660]
[9661 9927]
[ 9928 10246]
[10247 10320]
[10321 10398]
[10399 10431]
[10432 10694]
[10695 10772]
[10773 10836]
[10837 10883]
[10884 10921]
[10922 10928]
[10929 11233]
[11234 11300]
[11301 11379]
[11380 11400]
[11401 11512]
[11513 11554]
[11555 11651]
[11652 11886]
[11887 11951]
[11952 11988]
[11989 12028]
[12029 12077]
[12078 12124]
[12125 12161]
[12162 12221]
[12222 12379]
[12380 12475]
[12476 12593]
[12594 12717]
[12718 12775]
[12776 12823]
[12824 12923]
[12924 13006]
[13007 13103]
[13104 13191]
[13192 13479]
[13480 13789]
[13790 13865]
[13866 14525]
[14526 14591]
[14592 14666]
[14667 14704]
[14705 14771]
[14772 14824]
[14825 14866]
[14867 14918]
[14919 15030]
[15031 15261]
[15262 15313]
[15314 15382]
[15383 15501]
[15502 15571]
[15572 15642]
[15643 15697]
[15698 15766]
[15767 15809]
[15810 15882]
[15883 15984]
[15985 16015]
[16016 16102]
[16103 16176]
[16177 16204]
[16205 16257]
[16258 16285]
[16286 16310]
[16311 16330]
[16331 16375]
[16376 16719]
[16720 16828]
[16829 16906]
[16907 16990]
[16991 17050]
[17051 17111]
[17112 17212]
[17213 17261]
[17262 17366]
[17367 17426]
[17427 17467]
[17468 17525]
[17526 17578]
[17579 17630]
[17631 17705]
[17706 17752]
[17753 17805]
[17806 17845]
[17846 17895]
[17896 17948]
[17949 18010]
[18011 18067]
[18068 18111]
[18112 18153]
[18154 18196]
[18197 18363]
[18364 18434]
[18435 18460]
[18461 18569]
[18570 18664]
[18665 18733]
[18734 18811]
[18812 18852]
[18853 18915]
[18916 18949]
[18950 18996]
[18997 19026]
[19027 19050]
[19051 19104]
[19105 19149]
[19150 19179]
[19180 19199]
[19200 19254]
[19255 19327]
[19328 19368]
[19369 19439]
[19440 19470]
[19471 19553]
[19554 19629]
[19630 19985]
[19986 20022]
[20023 20122]
[20123 20160]
[20161 20247]
[20248 20342]
[20343 20411]
[20412 20529]
[20530 20571]
[20572 20576]
[20577 20711]
[20712 20778]
[20779 20832]
[20833 20865]
[20866 20899]
[20900 20924]
[20925 21054]
[21055 21096]
[21097 21139]
[21140 21184]
[21185 21232]
[21233 21554]
[21555 21685]
[21686 21758]
[21759 21820]
[21821 21899]
[21900 21960]
[21961 22017]
[22018 22065]
[22066 22110]
[22111 22172]
[22173 22220]
[22221 22274]
[22275 22417]
[22418 22472]
[22473 22537]
[22538 22606]
[22607 22660]
[22661 22708]
[22709 23162]
[23163 23249]
