[ 0 17]
[19 38]
[39 58]
[ 60 103]
[105 201]
[202 492]
[493 549]
[550 588]
[589 623]
[624 646]
[647 677]
[678 714]
[715 739]
[740 775]
[776 800]
[801 839]
[840 866]
[867 924]
[925 962]
[963 997]
[ 998 1044]
[1045 1135]
[1136 1495]
[1496 1548]
[1549 1592]
[1593 1637]
[1638 1683]
[1684 1735]
[1736 1770]
[1771 1812]
[1813 1879]
[1880 1924]
[1925 1956]
[1957 2045]
[2046 2091]
[2092 2133]
[2134 2191]
[2192 2229]
[2230 2341]
[2342 2395]
[2396 2454]
[2455 2519]
[2520 2575]
[2576 2697]
[2698 2746]
[2747 2796]
[2797 2855]
[2856 2921]
[2922 2978]
[2979 3037]
[3038 3085]
[3086 3453]
[3454 3510]
[3511 3593]
[3594 3671]
[3672 3732]
[3733 3805]
[3806 3868]
[3869 3935]
[3936 3998]
[3999 4057]
[4058 4123]
[4124 4190]
[4191 4208]
[4209 4271]
[4272 4323]
[4324 4386]
[4387 4449]
[4450 4511]
[4512 4541]
[4542 5066]
[5067 5128]
[5129 5258]
[5259 5302]
[5303 5353]
[5354 5408]
[5409 5498]
[5499 5549]
[5550 5599]
[5600 5663]
[5664 5675]
[5676 5821]
[5822 5873]
[5874 5915]
[5916 5981]
[5982 6044]
[6045 6100]
[6101 6153]
[6154 6227]
[6228 6258]
[6259 6306]
[6307 6337]
[6338 6374]
[6375 6428]
[6429 6481]
[6482 6515]
[6516 6555]
[6556 6608]
[6609 6668]
[6669 6723]
[6724 6775]
[6776 7294]
[7295 7340]
[7341 7405]
[7406 7431]
[7432 7465]
[7466 7537]
[7538 7600]
[7601 7715]
[7716 7757]
[7758 7799]
[7800 7861]
[7862 7937]
[7938 8225]
[8226 8362]
[8363 8532]
[8533 8579]
[8580 8671]
[8672 8893]
[8894 9168]
[9169 9220]
[9221 9258]
[9259 9306]
[9307 9355]
[9356 9399]
[9400 9443]
[9444 9495]
[9496 9544]
[9545 9664]
[9665 9732]
[9733 9784]
[9785 9844]
[9845 9914]
[9915 9977]
[ 9978 10032]
[10033 10103]
[10104 10156]
[10157 10194]
[10195 10249]
[10250 10573]
[10574 10588]
[10589 10701]
[10702 10830]
[10831 10893]
[10894 10976]
[10977 11040]
[11041 11106]
[11107 11199]
[11200 11322]
[11323 11350]
[11351 11419]
[11420 11467]
[11468 11715]
[11716 11843]
[11844 11899]
[11900 11958]
[11959 12021]
[12022 12084]
[12085 12150]
[12151 12213]
[12215 12300]
[12301 12375]
[12376 12442]
[12443 12499]
[12500 12550]
[12551 12600]
[12601 12747]
[12748 13081]
[13082 13185]
[13186 13370]
[13371 13475]
[13476 13753]
[13754 14108]
[14109 14424]
[14425 14492]
[14493 14594]
[14595 14693]
[14694 14759]
[14760 14833]
[14834 14914]
[14915 14998]
[14999 15078]
[15079 15141]
[15142 15176]
[15177 15356]
[15357 15403]
[15404 15451]
[15452 15696]
[15697 15827]
[15828 16068]
[16069 16169]
[16170 16372]
[16373 16868]
[16869 16965]
[16966 17104]
[17105 17124]
[17125 17199]
[17200 17289]
[17290 17383]
[17384 17419]
[17420 17514]
[17515 17545]
[17546 17620]
[17621 17698]
[17699 17740]
[17741 17800]
[17801 17866]
[17867 17933]
[17934 17983]
[17984 18122]
[18123 18194]
[18195 18253]
[18254 18345]
[18346 18404]
[18405 18454]
[18455 18533]
[18534 18726]
[18727 18808]
[18809 18847]
[18849 18907]
[18908 18991]
[18992 19058]
[19059 19109]
[19110 19147]
[19148 19237]
[19238 19348]
[19349 19499]
[19500 19549]
[19550 19623]
[19624 19704]
[19706 19770]
[19771 19845]
[19846 19908]
[19909 19951]
[19953 20056]
[20057 20333]
[20334 20494]
[20495 20569]
[20570 20648]
[20649 20703]
[20704 20772]
[20773 20837]
[20838 20906]
[20907 21026]
[21027 21125]
[21126 21180]
[21181 21221]
[21222 21263]
[21264 21308]
[21309 21361]
[21362 21756]
[21757 21801]
[21802 21855]
[21856 22009]
[22010 22102]
[22103 22156]
[22157 22238]
[22239 22484]
[22485 22545]
[22546 22598]
[22599 22632]
[22633 22663]
[22664 22747]
[22748 22925]
[22926 22984]
[22985 23090]
[23091 23158]
[23159 23230]
[23231 23279]
[23280 23383]
[23384 23443]
[23444 23548]
[23549 23678]
[23679 23768]
[23769 23807]
[23808 23930]
[23931 23964]
[23965 24013]
[24014 24400]
[24401 24499]
