[ 0 18]
[20 39]
[40 59]
[ 61 104]
[106 208]
[209 494]
[495 546]
[547 586]
[587 627]
[628 674]
[675 711]
[712 753]
[754 797]
[798 866]
[867 922]
[923 984]
[ 985 1129]
[1130 1605]
[1606 1661]
[1662 1710]
[1711 1771]
[1772 1830]
[1831 1884]
[1885 1976]
[1977 2028]
[2029 2090]
[2091 2276]
[2277 2322]
[2323 2386]
[2387 2449]
[2450 2512]
[2513 2562]
[2563 2682]
[2683 2703]
[2704 2733]
[2734 2758]
[2759 2786]
[2787 2847]
[2848 2911]
[2912 2975]
[2976 3055]
[3056 3130]
[3131 3189]
[3190 3514]
[3515 3608]
[3609 3672]
[3673 3787]
[3788 3894]
[3895 3995]
[3996 4096]
[4097 4196]
[4197 4302]
[4303 4412]
[4413 4511]
[4512 4608]
[4609 4688]
[4689 4758]
[4759 4924]
[4925 4979]
[4980 5341]
[5342 5415]
[5416 5486]
[5487 5560]
[5561 5643]
[5644 5725]
[5726 5802]
[5803 5867]
[5868 5938]
[5939 5995]
[5996 6061]
[6062 6129]
[6130 6200]
[6201 6260]
[6261 6309]
[6310 6367]
[6368 6668]
[6669 6810]
[6811 6936]
[6937 7042]
[7043 7210]
[7211 7421]
[7422 7587]
[7588 7709]
[7710 7773]
[7774 7825]
[7826 7889]
[7890 8016]
[8017 8151]
[8152 8468]
[8469 8548]
[8549 8776]
[8777 9282]
[9283 9364]
[9365 9475]
[9476 9788]
[9789 9854]
[9855 9934]
[ 9935 10003]
[10004 10079]
[10080 10118]
[10119 10168]
[10169 10242]
[10243 10305]
[10306 10366]
[10367 10419]
[10420 10579]
[10580 10636]
[10637 10706]
[10707 10969]
[10970 11117]
[11118 11172]
[11173 11371]
[11372 11538]
[11539 11662]
[11663 11776]
[11777 12004]
[12005 12097]
[12098 12230]
[12231 12282]
[12283 12369]
[12370 12434]
[12435 12572]
[12573 12663]
[12664 12892]
[12894 13016]
[13017 13176]
[13177 13350]
[13351 13439]
[13440 13609]
[13610 13978]
[13979 14063]
[14064 14118]
[14119 14216]
[14217 14258]
[14259 14319]
[14320 14346]
[14347 14420]
[14421 14470]
[14471 14542]
[14543 14590]
[14591 14635]
[14636 14672]
[14673 14729]
[14730 14772]
[14773 14821]
[14822 14847]
[14848 14901]
[14902 14985]
[14986 15050]
[15051 15126]
[15127 15305]
[15306 15360]
[15361 15398]
[15399 15430]
[15431 15485]
[15486 15524]
[15525 15557]
[15558 15870]
[15871 15959]
[15960 16046]
[16047 16104]
[16105 16172]
[16173 16267]
[16268 16354]
[16355 16448]
[16449 16540]
[16541 16641]
[16642 16694]
[16695 16736]
[16737 16854]
[16855 16918]
[16919 16963]
[16964 17005]
[17006 17034]
[17035 17099]
[17100 17161]
[17162 17295]
[17296 17594]
[17595 17715]
[17716 17781]
[17782 17877]
[17878 17971]
[17972 18064]
[18065 18133]
[18134 18253]
[18254 18336]
[18337 18404]
[18405 18460]
[18461 18507]
[18508 18618]
[18619 18701]
[18702 18819]
[18820 18924]
[18925 18974]
[18975 19036]
[19037 19509]
[19510 19579]
[19580 19635]
[19636 19695]
[19696 19749]
[19750 19805]
[19806 19852]
[19853 19978]
[19979 20256]
[20257 20349]
[20350 20541]
[20542 20822]
[20824 20913]
[20914 21055]
[21056 21134]
[21135 21306]
[21307 21365]
[21366 21474]
[21475 21513]
[21514 21610]
[21611 21656]
[21657 21691]
[21692 21753]
[21754 22040]
[22041 22115]
[22116 22166]
[22167 22218]
[22219 22271]
[22272 22314]
[22315 22361]
[22362 22469]
[22470 22509]
[22510 22544]
[22545 22557]
[22558 22633]
[22634 22686]
[22687 22720]
[22721 22757]
[22758 22799]
[22800 22842]
[22843 22885]
[22886 22954]
[22955 23367]
[23368 23506]
[23507 23656]
[23657 23805]
[23806 23860]
[23861 23914]
[23915 24031]
[24032 24132]
[24133 24175]
[24176 24221]
[24222 24264]
[24265 24316]
[24317 24757]
[24758 24815]
[24816 24919]
[24920 24975]
[24976 25067]
[25068 25129]
[25130 25195]
[25196 25252]
[25253 25317]
[25318 25381]
[25382 25450]
[25451 25510]
[25511 25550]
[25551 25596]
[25597 25631]
[25632 25957]
[25958 26049]
