[ 0 36]
[ 38 289]
[290 349]
[350 379]
[380 409]
[410 439]
[440 476]
[477 506]
[507 536]
[537 566]
[567 600]
[601 630]
[631 660]
[661 690]
[691 725]
[726 755]
[756 785]
[786 815]
[816 845]
[846 928]
[ 929 1660]
[1661 1697]
[1698 1765]
[1766 1814]
[1815 1909]
[1910 1971]
[1972 2020]
[2021 2064]
[2065 2095]
[2096 2172]
[2173 2201]
[2202 2270]
[2271 2311]
[2312 2355]
[2356 2427]
[2428 2493]
[2494 2521]
[2522 2672]
[2673 2674]
[2675 2773]
[2774 2896]
[2897 2937]
[2938 2980]
[2981 3045]
[3046 3090]
[3091 3163]
[3164 3179]
[3180 3221]
[3222 3283]
[3284 3333]
[3334 3373]
[3374 3401]
[3402 4025]
[4026 4146]
[4147 4228]
[4229 4302]
[4303 4375]
[4376 4447]
[4448 4491]
[4492 4535]
[4536 4648]
[4649 4699]
[4700 4761]
[4762 4836]
[4837 4888]
[4889 4926]
[4927 4970]
[4971 5022]
[5023 5065]
[5066 5148]
[5149 5212]
[5213 5273]
[5274 5331]
[5332 5445]
[5446 5969]
[5970 6014]
[6015 6050]
[6051 6151]
[6152 6190]
[6191 6232]
[6233 6295]
[6296 6356]
[6357 6414]
[6415 6458]
[6459 6539]
[6540 6626]
[6627 6673]
[6674 6737]
[6738 7358]
[7359 7397]
[7398 7422]
[7423 7510]
[7511 7601]
[7602 7683]
[7684 7823]
[7824 7883]
[7884 7923]
[7924 7972]
[7973 8010]
[8011 8089]
[8090 8122]
[8123 8211]
[8212 8309]
[8310 8395]
[8396 8455]
[8456 8497]
[8498 8546]
[8547 8714]
[8715 8758]
[8759 8803]
[8804 8846]
[8847 8894]
[8895 8927]
[8928 8959]
[8960 8986]
[8987 9016]
[9017 9038]
[9039 9069]
[9070 9163]
[9164 9557]
[9558 9641]
[9642 9688]
[9689 9773]
[9774 9823]
[9824 9897]
[ 9898 10126]
[10127 10223]
[10224 10296]
[10297 10358]
[10359 10396]
[10397 10486]
[10487 10531]
[10532 10643]
[10644 10821]
[10822 10958]
[10959 11357]
[11358 11456]
[11457 11546]
[11547 11721]
[11722 11833]
[11834 11880]
[11881 11922]
[11923 12016]
[12017 12098]
[12099 12160]
[12161 12210]
[12211 12262]
[12263 12456]
[12457 12539]
[12540 12608]
[12609 12991]
[12992 13074]
[13075 13120]
[13121 13164]
[13165 13238]
[13239 13318]
[13319 13405]
[13406 13539]
[13540 13631]
[13632 13832]
[13833 13955]
[13956 14077]
[14078 14204]
[14205 14269]
[14270 14333]
[14334 14646]
[14647 14722]
[14723 14761]
[14762 14809]
[14810 14899]
[14900 14999]
[15000 15040]
[15041 15099]
[15100 15239]
[15240 15410]
[15411 15493]
[15494 15631]
[15632 15709]
[15710 15842]
[15843 15985]
[15986 16008]
[16009 16081]
[16082 16297]
[16298 16424]
[16426 16490]
[16491 16563]
[16564 16611]
[16612 16684]
[16685 16783]
[16784 16875]
[16876 16939]
[16940 16993]
[16994 17117]
[17118 17169]
[17170 17255]
[17256 17323]
[17324 17393]
[17394 17471]
[17472 17549]
[17550 17622]
[17623 17694]
[17695 17835]
[17836 17924]
[17925 17967]
[17968 18015]
[18016 18064]
[18065 18111]
[18112 18146]
[18147 18183]
[18184 18278]
[18279 18713]
[18714 18776]
[18777 18955]
[18956 19035]
[19036 19117]
[19118 19191]
[19192 19260]
[19261 19333]
[19334 19374]
[19375 19450]
[19451 19528]
[19529 19607]
[19608 19670]
[19671 19905]
[19906 20166]
[20167 20261]
[20262 20352]
[20353 20421]
[20422 20492]
[20493 20574]
[20575 20673]
[20674 20762]
[20763 20834]
[20835 20934]
[20935 21171]
[21172 21220]
[21221 21316]
[21317 21364]
[21365 21428]
[21429 21455]
[21456 21565]
[21566 21670]
[21671 21756]
[21757 21860]
[21861 21922]
[21923 21981]
[21982 22029]
[22030 22062]
[22063 22103]
[22104 22123]
[22124 22358]
[22359 22647]
[22648 22823]
[22824 22940]
[22941 23086]
[23087 23193]
[23194 23315]
[23316 23638]
[23639 23729]
[23730 23808]
[23809 23871]
[23872 23931]
[23932 23988]
[23989 24043]
[24044 24111]
[24112 24177]
[24178 24236]
[24237 24309]
[24310 24387]
[24388 24511]
[24512 24624]
[24625 24998]
[25000 25026]
[25027 25072]
[25073 25184]
[25185 25232]
[25233 25280]
[25281 25352]
[25353 25422]
[25423 25471]
[25472 25517]
[25518 25549]
[25550 25616]
[25617 25672]
[25673 25701]
[25702 26142]
[26143 26679]
[26680 26936]
[26937 27195]
[27196 27346]
[27347 27385]
[27386 27436]
[27437 27478]
[27479 27537]
[27538 28128]
[28129 28249]
