[ 0 17]
[ 19 322]
[323 377]
[378 417]
[418 460]
[461 504]
[505 551]
[552 596]
[597 627]
[628 645]
[646 795]
[ 796 1226]
[1227 1273]
[1274 1305]
[1306 1365]
[1366 1407]
[1408 1450]
[1451 1484]
[1485 1509]
[1510 1649]
[1650 1713]
[1714 1780]
[1781 1835]
[1836 1875]
[1876 1911]
[1912 1962]
[1963 2089]
[2090 2152]
[2153 2292]
[2293 2366]
[2367 2429]
[2430 2513]
[2514 2576]
[2577 2650]
[2651 2730]
[2731 2787]
[2788 2808]
[2809 2871]
[2872 3112]
[3113 3158]
[3159 3212]
[3213 3255]
[3256 3305]
[3306 3371]
[3372 3441]
[3442 3480]
[3481 3536]
[3537 3594]
[3595 3656]
[3657 3705]
[3706 3752]
[3753 3827]
[3828 3851]
[3852 3920]
[3921 3956]
[3957 4004]
[4005 4046]
[4047 4152]
[4153 4212]
[4213 4281]
[4282 4383]
[4384 4502]
[4503 4574]
[4575 4646]
[4647 4715]
[4716 4775]
[4776 4835]
[4836 4915]
[4916 5439]
[5440 5503]
[5504 5602]
[5603 5693]
[5694 5852]
[5853 5931]
[5932 6005]
[6006 6089]
[6090 6152]
[6153 6211]
[6212 6268]
[6269 6313]
[6314 6353]
[6354 6402]
[6403 6479]
[6480 6527]
[6528 6587]
[6588 6641]
[6642 6698]
[6699 6776]
[6777 6804]
[6805 6845]
[6846 6880]
[6881 6916]
[6917 6955]
[6956 6995]
[6996 7052]
[7053 7090]
[7091 7135]
[7136 7169]
[7170 7225]
[7226 7584]
[7585 7623]
[7624 7683]
[7684 7719]
[7720 7793]
[7794 7859]
[7860 7932]
[7933 7992]
[7993 8043]
[8044 8110]
[8111 8190]
[8191 8270]
[8271 8340]
[8341 8381]
[8382 8491]
[8492 8926]
[8927 8970]
[8971 9013]
[9014 9062]
[9063 9097]
[9098 9143]
[9144 9193]
[9194 9228]
[9229 9278]
[9279 9328]
[9329 9381]
[9382 9426]
[9427 9521]
[9522 9568]
[9569 9592]
[9593 9617]
[9618 9656]
[9657 9692]
[9693 9737]
[9738 9775]
[9776 9855]
[ 9856 10020]
[10021 10078]
[10079 10149]
[10150 10190]
[10191 10232]
[10233 10258]
[10259 10347]
[10348 10397]
[10398 10444]
[10445 10497]
[10498 10622]
[10623 10657]
[10658 10682]
[10683 10734]
[10735 10807]
[10808 10833]
[10834 10862]
[10863 10903]
[10904 10933]
[10934 10966]
[10967 11061]
[11062 11535]
[11536 11620]
[11621 11708]
[11709 12119]
[12120 12179]
[12180 12232]
[12233 12316]
[12317 12373]
[12374 12416]
[12417 12500]
[12501 12582]
[12583 12689]
[12690 12781]
[12782 12801]
[12802 12826]
[12827 12954]
[12955 12994]
[12995 13034]
[13035 13074]
[13075 13114]
[13115 13174]
[13175 13224]
[13225 13294]
[13295 13364]
[13365 13449]
[13450 13849]
[13850 13902]
[13903 13981]
[13982 14085]
[14086 14140]
[14141 14261]
[14262 14372]
[14373 14409]
[14410 14688]
[14689 14754]
[14755 14783]
[14784 14824]
[14825 14854]
[14855 14887]
[14888 14907]
[14908 14958]
[14959 15001]
[15002 15060]
[15061 15110]
[15111 15172]
[15173 15222]
[15223 15268]
[15269 15518]
[15519 15606]
[15607 15691]
[15692 15782]
[15783 15867]
[15868 15981]
[15982 16057]
[16058 16144]
[16145 16256]
[16257 16338]
[16339 16379]
[16380 16453]
[16454 16580]
[16581 16640]
[16641 16690]
[16691 16766]
[16767 16818]
[16819 16902]
[16903 17014]
[17015 17269]
[17270 17330]
[17331 17587]
[17588 17787]
[17788 18046]
[18047 18348]
[18349 18674]
[18675 18751]
[18752 18798]
[18799 18857]
[18858 18907]
[18908 18989]
[18990 19032]
[19033 19082]
[19083 19206]
[19207 19286]
[19287 19346]
[19347 19681]
[19682 19788]
[19789 19806]
[19807 19887]
[19888 19987]
[19988 20033]
[20034 20191]
[20192 20380]
[20381 20487]
[20488 20586]
[20587 20754]
[20755 20795]
[20796 20860]
[20861 20911]
[20912 20992]
[20993 21042]
[21043 21092]
[21093 21152]
[21153 21202]
[21203 21314]
[21315 21412]
[21413 21462]
[21463 21512]
[21513 21562]
[21563 21632]
[21633 21788]
[21789 22168]
[22169 22225]
[22226 22309]
[22310 22427]
[22428 22486]
[22487 22621]
[22622 22712]
[22713 22796]
[22797 22866]
[22867 22987]
[22988 23091]
[23092 23179]
[23180 23242]
[23243 23576]
[23577 23649]
