[0 6]
[  8 264]
[265 321]
[322 334]
[335 353]
[354 385]
[386 448]
[449 471]
[472 505]
[506 536]
[537 572]
[573 604]
[605 635]
[636 667]
[668 698]
[699 732]
[733 767]
[768 803]
[804 900]
[ 901 1431]
[1432 1521]
[1522 1598]
[1599 1656]
[1657 1720]
[1721 1771]
[1772 1834]
[1835 1851]
[1852 1907]
[1908 1958]
[1959 2011]
[2012 2070]
[2071 2122]
[2123 2150]
[2151 2172]
[2173 2228]
[2229 2257]
[2258 2322]
[2323 2336]
[2337 2369]
[2370 2399]
[2400 2424]
[2425 2482]
[2483 2554]
[2555 2625]
[2626 2690]
[2691 2824]
[2825 2870]
[2871 2939]
[2940 2952]
[2953 3284]
[3285 3334]
[3335 3377]
[3378 3489]
[3490 3551]
[3552 3596]
[3597 3655]
[3656 3699]
[3700 3918]
[3919 4023]
[4024 4062]
[4063 4221]
[4222 4435]
[4436 4515]
[4516 4584]
[4585 4652]
[4653 4752]
[4753 5091]
[5092 5217]
[5218 5259]
[5260 5296]
[5297 5349]
[5350 5410]
[5411 5480]
[5481 5534]
[5535 5831]
[5832 5924]
[5925 5995]
[5996 6043]
[6044 6091]
[6092 6179]
[6180 6261]
[6262 6366]
[6367 6486]
[6487 6603]
[6604 6659]
[6660 6679]
[6680 6750]
[6751 6784]
[6785 6867]
[6868 6994]
[6995 7079]
[7080 7176]
[7177 7251]
[7252 7355]
[7356 7427]
[7428 7538]
[7539 7577]
[7578 7597]
[7598 7653]
[7654 7724]
[7725 7785]
[7786 7833]
[7834 7903]
[7904 7973]
[7974 7997]
[7998 8056]
[8057 8100]
[8101 8164]
[8165 8205]
[8206 8249]
[8250 8283]
[8284 8328]
[8329 8936]
[8937 9022]
[9023 9112]
[9113 9161]
[9162 9203]
[9204 9244]
[9246 9383]
[9384 9422]
[9423 9475]
[9476 9541]
[9542 9586]
[9587 9639]
[9640 9674]
[9675 9696]
[9697 9748]
[9749 9789]
[9790 9838]
[9839 9963]
[ 9964 10317]
[10318 10351]
[10352 10412]
[10413 10461]
[10462 10492]
[10493 10535]
[10536 10566]
[10567 10594]
[10595 10668]
[10669 10697]
[10698 10725]
[10726 10776]
[10777 10815]
[10816 10843]
[10844 10901]
[10902 10967]
[10968 11038]
[11039 11083]
[11084 11156]
[11157 11204]
[11205 11315]
[11316 11388]
[11389 11424]
[11425 11510]
[11511 11543]
[11544 11588]
[11589 11625]
[11626 11663]
[11664 11834]
[11835 11944]
[11945 12012]
[12013 12078]
[12079 12168]
[12169 12265]
[12266 12317]
[12318 12373]
[12374 12438]
[12439 12506]
[12507 12568]
[12569 12631]
[12632 12706]
[12707 12766]
[12767 12834]
[12835 12924]
[12925 12991]
[12992 13052]
[13053 13215]
[13216 13260]
[13261 13294]
[13295 13327]
[13328 13360]
[13361 13395]
[13396 13437]
[13438 13460]
[13461 13511]
[13512 13654]
[13655 13970]
[13971 14033]
[14034 14098]
[14099 14170]
[14171 14240]
[14241 14329]
[14330 14420]
[14421 14529]
[14530 14634]
[14635 14741]
[14742 14863]
[14864 14986]
[14987 15153]
[15154 15463]
[15464 15505]
[15506 15556]
[15557 15628]
[15629 15692]
[15693 15775]
[15776 15837]
[15838 15900]
[15901 15980]
[15981 16041]
[16042 16091]
[16092 16180]
[16181 16218]
[16219 16285]
[16286 16330]
[16331 16387]
[16388 16425]
[16426 16459]
[16460 16514]
[16515 16759]
[16761 16814]
[16815 16983]
[16984 17047]
[17048 17300]
[17301 17535]
[17536 17955]
[17956 18022]
[18023 18076]
[18077 18121]
[18122 18161]
[18162 18194]
[18195 18482]
[18483 18542]
[18543 18622]
[18623 18682]
[18683 18747]
[18748 18793]
[18794 18880]
[18881 18915]
[18916 18959]
[18960 18997]
[18998 19056]
[19057 19133]
[19134 19211]
[19212 19282]
[19283 19329]
[19330 19379]
[19380 19466]
[19467 19755]
[19756 19806]
[19807 19876]
[19877 19935]
[19936 20006]
[20007 20070]
[20071 20159]
[20160 20244]
[20245 20303]
[20304 20336]
[20337 20429]
[20430 20499]
[20500 20544]
[20545 20590]
[20591 20642]
[20643 20696]
[20697 20740]
[20741 20776]
[20777 20814]
[20815 20845]
[20846 20877]
[20878 20913]
[20914 21148]
[21149 21276]
[21277 21415]
[21416 21549]
[21550 21677]
[21678 21800]
[21801 21950]
[21951 21993]
[21994 22012]
[22013 22151]
[22152 22220]
[22221 22263]
[22264 22326]
[22327 22393]
[22394 22411]
[22412 22447]
[22448 22481]
[22482 22521]
[22522 22556]
[22557 22583]
[22584 22627]
[22628 22745]
[22746 22926]
[22927 22958]
[22959 22984]
[22985 23015]
[23016 23096]
[23097 23180]
[23181 23415]
[23416 23627]
[23628 23833]
[23834 23888]
[23889 23935]
[23936 23971]
[23972 23999]
[24000 24055]
[24056 24103]
[24104 24161]
[24162 24203]
[24204 24237]
[24238 24251]
[24252 24362]
[24363 24675]
[24676 24730]
[24731 24803]
[24804 24892]
[24893 24940]
[24941 25001]
[25002 25038]
[25039 25110]
[25111 25157]
[25158 25222]
[25223 25286]
[25287 25384]
[25385 25447]
[25448 25620]
[25621 25673]
[25674 25713]
[25714 25913]
[25914 26019]
[26020 26280]
[26281 26502]
[26503 26730]
[26731 27034]
[27035 27532]
[27533 27785]
[27786 27847]
[27848 27910]
[27911 27968]
[27969 28007]
[28008 28088]
[28089 28134]
[28135 28187]
[28188 28245]
[28246 28316]
[28317 28366]
[28367 28441]
[28442 28510]
[28511 28572]
[28573 28612]
[28613 28670]
[28671 28715]
[28716 28743]
[28744 28931]
[28932 29087]
[29088 29200]
[29201 29383]
[29384 29432]
[29433 29505]
[29506 29548]
[29549 29704]
[29705 29765]
[29766 29831]
[29832 29921]
[29922 29966]
[29967 30035]
[30036 30080]
[30081 30137]
[30138 30174]
[30175 30257]
[30258 30297]
[30298 30493]
[30494 30556]
[30557 30622]
[30623 31026]
[31027 31099]
[31100 31193]
[31194 31306]
[31307 31359]
[31360 31439]
[31440 31492]
[31493 31807]
[31808 31899]
