[ 0 19]
[ 20 585]
[586 644]
[645 669]
[670 696]
[697 722]
[723 767]
[768 771]
[772 794]
[795 818]
[819 845]
[846 871]
[872 895]
[896 953]
[954 984]
[ 985 1020]
[1021 1055]
[1056 1082]
[1083 1126]
[1127 1215]
[1216 1812]
[1813 1905]
[1906 1972]
[1973 2034]
[2035 2104]
[2105 2175]
[2176 2221]
[2222 2291]
[2292 2333]
[2334 2385]
[2386 2410]
[2411 2440]
[2441 2493]
[2494 2552]
[2553 2628]
[2629 2669]
[2670 2731]
[2732 2756]
[2757 2800]
[2801 2838]
[2839 2887]
[2888 2945]
[2946 2990]
[2991 3019]
[3020 3084]
[3085 3126]
[3127 3165]
[3166 3196]
[3197 3227]
[3228 3312]
[3313 3859]
[3860 3937]
[3938 4017]
[4018 4097]
[4098 4173]
[4174 4246]
[4247 4316]
[4317 4400]
[4401 4462]
[4463 4543]
[4544 4601]
[4602 4723]
[4724 4802]
[4803 4850]
[4851 4903]
[4904 4958]
[4959 4985]
[4986 5259]
[5260 5532]
[5533 5557]
[5558 5603]
[5604 5749]
[5750 5827]
[5828 5873]
[5874 5956]
[5957 6016]
[6017 6062]
[6063 6128]
[6129 6169]
[6170 6189]
[6190 6211]
[6212 6253]
[6254 6308]
[6309 6360]
[6361 6445]
[6446 6525]
[6526 6612]
[6613 6688]
[6689 6747]
[6748 6806]
[6807 6889]
[6890 6948]
[6949 6995]
[6996 7073]
[7074 7112]
[7113 7190]
[7191 7355]
[7356 7395]
[7396 7450]
[7451 7508]
[7509 7568]
[7569 8017]
[8018 8087]
[8088 8139]
[8140 8173]
[8174 8218]
[8219 8269]
[8270 8321]
[8322 8383]
[8384 8431]
[8432 8542]
[8543 8595]
[8596 8623]
[8624 8674]
[8675 8718]
[8719 8762]
[8763 8820]
[8821 8864]
[8865 8900]
[8901 9298]
[9299 9344]
[9345 9394]
[9395 9428]
[9429 9487]
[9488 9519]
[9520 9572]
[9573 9639]
[9640 9725]
[9726 9788]
[9789 9890]
[9891 9916]
[9917 9986]
[ 9987 10065]
[10066 10151]
[10152 10257]
[10258 10324]
[10325 10372]
[10373 10399]
[10400 10459]
[10460 10509]
[10510 10569]
[10570 10636]
[10637 10692]
[10693 10722]
[10723 10747]
[10748 11250]
[11251 11311]
[11312 11377]
[11378 11450]
[11451 11514]
[11515 11574]
[11575 11640]
[11641 11698]
[11699 11879]
[11880 11948]
[11949 12014]
[12015 12062]
[12063 12168]
[12169 12249]
[12250 12564]
[12565 12645]
[12646 12719]
[12720 12772]
[12773 12814]
[12815 12867]
[12868 12939]
[12940 13001]
[13002 13070]
[13071 13134]
[13135 13192]
[13193 13256]
[13257 13297]
[13298 13371]
[13372 13422]
[13423 13808]
[13809 13949]
[13950 14200]
[14201 14251]
[14252 14343]
[14344 14516]
[14517 14552]
[14553 14821]
[14822 14896]
[14897 15000]
[15001 15045]
[15046 15182]
[15183 15282]
[15283 15410]
[15411 15487]
[15488 15568]
[15569 15783]
[15784 15863]
[15864 15918]
[15919 16354]
[16355 16417]
[16418 16641]
[16642 16699]
[16700 16765]
[16766 16976]
[16977 17122]
[17123 17209]
[17210 17242]
[17243 17292]
[17293 17330]
[17331 17371]
[17372 17405]
[17406 17437]
[17438 17472]
[17473 17544]
[17545 17590]
[17591 17620]
[17621 17646]
[17647 17739]
[17740 17972]
[17973 18312]
[18313 18381]
[18382 18491]
[18492 18723]
[18724 18952]
[18953 19029]
[19030 19089]
[19090 19154]
[19155 19211]
[19212 19268]
[19269 19332]
[19333 19404]
[19405 19453]
[19454 19517]
[19518 19583]
[19584 19620]
[19621 19673]
[19674 19927]
[19928 20066]
[20067 20136]
[20137 20199]
[20200 20262]
[20263 20327]
[20328 20387]
[20388 20480]
[20481 20549]
[20550 20587]
[20588 20875]
[20876 21000]
[21001 21065]
[21066 21150]
[21151 21430]
[21431 21551]
[21552 21598]
[21599 21627]
[21628 21676]
[21677 21722]
[21724 21811]
[21812 21924]
[21925 22070]
[22071 22118]
[22119 22175]
[22176 22231]
[22232 22310]
[22311 22427]
[22428 22481]
[22482 22523]
[22524 22751]
[22752 23308]
[23309 23677]
[23678 23753]
[23754 23854]
[23855 23911]
[23912 23956]
[23957 23984]
[23985 24186]
[24187 24294]
[24295 24597]
[24598 24682]
[24683 24771]
[24772 24858]
[24859 24938]
[24939 24995]
[24996 25065]
[25066 25208]
[25209 25433]
[25434 25561]
[25562 25739]
[25740 25922]
[25923 26047]
[26048 26172]
[26173 26364]
[26365 26435]
[26436 26775]
[26776 26849]
