[ 0 21]
[ 22 277]
[278 335]
[336 364]
[365 400]
[401 429]
[430 463]
[464 492]
[493 523]
[524 558]
[559 587]
[588 619]
[620 659]
[660 709]
[710 759]
[ 760 1087]
[1088 1109]
[1110 1139]
[1140 1167]
[1168 1208]
[1209 1231]
[1232 1264]
[1265 1283]
[1284 1302]
[1303 1337]
[1338 1364]
[1365 1452]
[1453 1482]
[1483 1518]
[1519 1547]
[1548 1570]
[1571 1630]
[1631 1660]
[1661 1690]
[1691 1714]
[1715 1747]
[1748 1795]
[1796 1849]
[1850 1883]
[1884 1990]
[1991 2036]
[2037 2074]
[2075 2108]
[2109 2144]
[2145 2176]
[2177 2276]
[2277 2333]
[2334 2384]
[2385 2522]
[2523 2595]
[2596 2622]
[2623 2994]
[2995 3064]
[3065 3125]
[3126 3236]
[3237 3286]
[3287 3387]
[3388 3464]
[3465 3532]
[3533 3596]
[3597 3664]
[3665 3732]
[3733 3768]
[3769 3812]
[3813 3941]
[3942 3978]
[3979 4022]
[4023 4063]
[4064 4085]
[4086 4125]
[4126 4168]
[4169 4231]
[4232 4260]
[4261 4299]
[4300 4336]
[4337 4406]
[4407 4458]
[4459 4521]
[4522 4571]
[4572 5027]
[5028 5094]
[5095 5153]
[5154 5219]
[5220 5413]
[5414 5536]
[5537 5587]
[5588 5748]
[5749 5795]
[5796 5926]
[5927 6022]
[6023 6080]
[6081 6128]
[6129 6186]
[6187 6278]
[6279 6416]
[6417 6469]
[6470 6521]
[6522 6572]
[6573 6606]
[6607 6958]
[6959 7028]
[7029 7071]
[7072 7104]
[7105 7149]
[7150 7192]
[7193 7239]
[7240 7275]
[7276 7324]
[7325 7431]
[7432 7484]
[7485 7538]
[7539 7665]
[7666 7752]
[7753 7870]
[7871 7957]
[7958 8020]
[8021 8070]
[8071 8124]
[8125 8175]
[8176 8217]
[8218 8245]
[8246 8622]
[8623 8660]
[8661 8699]
[8700 8745]
[8746 8786]
[8787 8837]
[8838 8870]
[8871 8906]
[8907 8943]
[8944 9093]
[9094 9125]
[9126 9174]
[9175 9213]
[9214 9261]
[9262 9305]
[9306 9359]
[9360 9408]
[9409 9432]
[9433 9465]
[9466 9508]
[9509 9545]
[9546 9585]
[9586 9626]
[9627 9666]
[9667 9725]
[9726 9789]
[9790 9848]
[9849 9901]
[9902 9939]
[9940 9983]
[ 9984 10028]
[10029 10069]
[10070 10440]
[10441 10535]
[10536 10592]
[10593 10650]
[10651 10688]
[10689 10714]
[10715 10734]
[10735 10842]
[10843 10887]
[10888 10946]
[10947 10984]
[10985 11007]
[11008 11047]
[11048 11275]
[11276 11318]
[11319 11328]
[11329 11353]
[11354 11424]
[11425 11461]
[11462 11586]
[11587 11611]
[11612 11646]
[11647 11679]
[11680 11708]
[11709 11737]
[11738 11766]
[11767 11831]
[11832 11879]
[11880 11922]
[11923 12021]
[12022 12119]
[12120 12552]
[12553 12614]
[12615 12649]
[12650 12726]
[12727 12794]
[12795 12863]
[12864 12958]
[12959 13025]
[13026 13083]
[13084 13138]
[13139 13208]
[13209 13283]
[13284 13356]
[13357 13465]
[13466 13820]
[13821 13894]
[13895 13987]
[13988 14060]
[14061 14131]
[14132 14201]
[14202 14253]
[14254 14317]
[14318 14455]
[14456 14660]
[14661 14724]
[14725 14762]
[14763 14830]
[14831 14872]
[14873 14919]
[14920 14960]
[14961 15018]
[15019 15120]
[15121 15535]
[15537 15581]
[15582 15615]
[15616 15667]
[15668 15700]
[15701 15741]
[15742 15784]
[15785 15840]
[15841 15903]
[15904 16127]
[16128 16177]
[16178 16223]
[16224 16297]
[16298 16353]
[16354 16393]
[16394 16462]
[16463 16495]
[16496 16556]
[16557 16610]
[16611 16662]
[16663 16732]
[16733 16786]
[16787 16856]
[16857 16928]
[16929 17012]
[17013 17388]
[17389 17550]
[17551 17610]
[17611 17671]
[17672 17921]
[17922 18008]
[18009 18194]
[18195 18387]
[18388 18490]
[18491 18546]
[18547 18596]
[18597 18644]
[18645 19051]
[19052 19160]
[19161 19217]
[19218 19274]
[19275 19345]
[19346 19477]
[19478 19579]
[19580 19702]
[19703 19825]
[19826 19950]
[19951 20029]
[20030 20156]
[20157 20212]
[20213 20269]
[20270 20347]
[20348 20390]
[20391 20635]
[20636 20693]
[20694 20743]
[20744 20801]
[20802 20851]
[20852 20890]
[20891 20942]
[20943 21035]
[21036 21088]
[21089 21129]
[21130 21195]
[21196 21246]
[21247 21566]
[21567 21643]
[21644 21700]
[21701 21744]
[21745 21821]
[21822 21887]
[21888 21925]
[21926 21985]
[21986 22034]
[22035 22079]
[22080 22132]
[22133 22403]
[22404 22486]
[22487 22573]
[22574 22621]
[22622 22658]
[22659 22764]
[22765 22857]
[22858 22916]
[22917 22963]
[22964 23010]
[23011 23071]
[23072 23135]
[23136 23178]
[23179 23220]
[23221 23262]
[23263 23304]
[23305 23349]
[23350 23380]
[23381 23653]
[23654 23743]
[23744 23828]
[23829 23910]
[23911 23994]
[23995 24078]
[24079 24151]
[24152 24215]
[24216 24278]
[24279 24328]
[24329 24386]
[24387 24443]
[24444 24513]
[24514 24587]
[24588 24634]
[24635 24673]
[24674 24698]
[24699 24957]
[24958 25079]
[25080 25240]
[25241 25404]
[25405 25522]
[25523 25573]
[25574 25640]
[25641 25724]
[25725 26054]
[26055 26116]
[26117 26207]
[26208 26250]
[26251 26298]
[26299 26341]
[26342 26444]
[26445 26603]
[26604 26661]
[26662 26754]
[26755 26831]
[26832 26884]
[26885 26970]
[26971 27358]
[27359 27449]
