[ 0 61]
[ 62 353]
[354 409]
[410 445]
[446 475]
[476 503]
[504 536]
[537 572]
[573 602]
[603 630]
[631 660]
[661 693]
[694 724]
[725 755]
[756 785]
[786 848]
[849 878]
[879 908]
[909 986]
[ 987 1401]
[1402 1457]
[1458 1530]
[1531 1570]
[1571 1621]
[1622 1696]
[1697 1755]
[1756 1799]
[1800 1855]
[1856 1894]
[1895 1944]
[1945 1981]
[1982 2236]
[2237 2308]
[2309 2400]
[2401 2492]
[2493 2629]
[2630 2686]
[2687 2736]
[2737 2788]
[2789 2896]
[2897 2973]
[2974 3304]
[3305 3358]
[3359 3386]
[3387 3410]
[3411 3476]
[3477 3528]
[3529 3571]
[3572 3631]
[3632 3676]
[3677 3787]
[3788 3857]
[3858 3933]
[3934 4011]
[4012 4061]
[4062 4109]
[4110 4151]
[4152 4199]
[4200 4235]
[4236 4252]
[4253 4310]
[4311 4379]
[4380 4466]
[4467 4506]
[4507 4538]
[4539 4871]
[4872 4935]
[4936 4988]
[4989 5042]
[5043 5072]
[5073 5116]
[5117 5169]
[5170 5223]
[5224 5280]
[5281 5346]
[5347 5405]
[5406 5467]
[5468 5536]
[5537 5597]
[5598 5668]
[5669 5741]
[5742 5791]
[5792 5874]
[5875 6261]
[6262 6293]
[6294 6393]
[6394 6457]
[6458 6557]
[6558 6625]
[6626 6669]
[6670 6760]
[6761 6859]
[6860 6970]
[6971 7085]
[7086 7155]
[7156 7384]
[7385 7437]
[7438 7639]
[7640 7707]
[7708 7835]
[7836 7871]
[7872 7987]
[7988 8049]
[8050 8152]
[8153 8213]
[8214 8261]
[8262 8329]
[8330 8796]
[8798 8850]
[8851 8900]
[8901 8960]
[8961 9042]
[9043 9084]
[9085 9162]
[9163 9193]
[9194 9232]
[9233 9267]
[9268 9309]
[9310 9357]
[9358 9408]
[9409 9459]
[9460 9506]
[9507 9609]
[9610 9652]
[9653 9748]
[9749 9795]
[9796 9815]
[9816 9854]
[9855 9874]
[9875 9911]
[9912 9941]
[9942 9966]
[ 9967 10017]
[10018 10068]
[10069 10131]
[10132 10172]
[10173 10357]
[10358 10401]
[10402 10537]
[10538 10586]
[10587 10633]
[10634 10676]
[10677 10712]
[10713 10792]
[10793 11230]
[11231 11278]
[11279 11346]
[11347 11417]
[11418 11492]
[11493 11560]
[11561 11710]
[11711 11879]
[11880 11937]
[11938 11995]
[11996 12050]
[12051 12108]
[12109 12161]
[12162 12225]
[12226 12289]
[12290 12359]
[12360 12673]
[12674 12751]
[12752 12796]
[12797 13223]
[13224 13391]
[13392 13555]
[13556 13752]
[13753 14030]
[14031 14171]
[14172 14224]
[14225 14382]
[14383 14717]
[14719 14768]
[14769 14865]
[14866 14955]
[14956 15031]
[15032 15102]
[15103 15196]
[15197 15264]
[15265 15366]
[15367 15427]
[15428 15478]
[15479 15529]
[15530 15590]
[15591 15678]
[15679 15767]
[15768 15822]
[15823 15913]
[15914 16248]
[16249 16417]
[16418 16457]
[16458 16518]
[16519 16563]
[16564 16602]
[16603 16643]
[16644 16693]
[16694 16754]
[16755 16814]
[16815 16854]
[16855 16933]
[16934 16995]
[16996 17061]
[17062 17094]
[17095 17172]
[17173 17200]
[17201 17236]
[17237 17313]
[17314 17414]
[17415 17464]
[17465 17542]
[17543 17770]
[17771 17861]
[17862 17980]
[17981 18051]
[18052 18129]
[18130 18167]
[18168 18220]
[18221 18253]
[18254 18296]
[18297 18344]
[18345 18534]
[18535 18606]
[18607 18688]
[18689 18853]
[18854 18897]
[18898 18942]
[18943 18985]
[18986 19033]
[19034 19082]
[19083 19129]
[19130 19173]
[19174 19209]
[19210 19290]
[19291 19580]
[19581 19693]
[19694 19798]
[19799 19864]
[19865 19914]
[19915 20063]
[20064 20137]
[20138 20214]
[20215 20297]
[20298 20360]
[20361 20437]
[20438 20916]
[20917 20958]
[20959 20986]
[20987 21045]
[21046 21083]
[21084 21143]
[21144 21187]
[21188 21247]
[21248 21290]
[21291 21325]
[21326 21369]
[21370 21407]
[21408 21429]
[21430 21460]
[21461 21508]
[21509 21561]
[21562 21706]
[21707 21758]
[21759 21809]
[21810 21869]
[21870 21912]
[21913 21928]
[21929 21964]
[21965 22028]
[22029 22076]
[22077 22130]
[22131 22185]
[22186 22383]
[22384 22448]
[22449 22505]
[22506 22591]
[22592 22673]
[22674 22777]
[22778 22867]
[22868 22994]
[22995 23037]
[23038 23089]
[23090 23136]
[23137 23179]
[23180 23284]
[23285 23340]
[23341 23386]
[23387 23696]
[23697 23766]
[23767 23839]
[23840 23916]
[23917 23994]
[23995 24057]
[24058 24194]
[24195 24264]
[24265 24324]
[24325 24392]
[24393 24458]
[24459 24525]
[24526 24595]
[24596 24665]
[24666 24745]
[24746 24907]
[24908 24982]
[24983 25047]
[25048 25138]
[25139 25214]
[25215 25286]
[25287 25351]
[25352 25413]
[25414 25475]
[25476 25538]
[25539 25600]
[25601 25662]
[25663 25718]
[25719 25801]
[25802 25984]
[25985 26192]
[26193 26260]
[26261 26334]
[26335 26414]
[26415 26476]
[26477 26541]
[26542 26601]
[26602 26681]
[26682 26752]
[26753 27037]
[27038 27117]
[27118 27138]
[27139 27186]
[27187 27228]
[27229 27269]
[27270 27324]
[27325 27422]
[27423 27456]
[27457 27562]
[27563 27771]
[27772 27826]
[27827 28105]
[28106 28201]
[28202 28280]
[28281 28316]
[28317 28434]
[28435 28485]
[28486 28560]
[28561 28622]
[28623 28675]
[28676 28739]
[28740 28800]
[28801 28883]
[28884 29126]
[29127 29198]
[29199 29279]
[29280 29368]
[29369 29455]
[29456 29517]
[29518 29602]
[29603 29696]
[29697 29796]
[29797 29875]
[29876 29974]
[29975 30062]
[30063 30164]
[30165 30228]
[30229 30324]
[30325 30407]
[30408 30466]
[30467 30849]
