[ 0 24]
[ 26 359]
[360 413]
[414 449]
[450 479]
[480 507]
[508 532]
[533 540]
[541 576]
[577 606]
[607 634]
[635 664]
[665 728]
[729 759]
[760 789]
[790 821]
[822 852]
[853 882]
[883 912]
[913 995]
[ 996 1614]
[1615 1653]
[1654 1735]
[1736 1760]
[1761 1835]
[1836 1872]
[1873 1916]
[1917 1973]
[1974 2014]
[2015 2048]
[2049 2067]
[2068 2141]
[2142 2220]
[2221 2279]
[2280 2347]
[2348 2423]
[2424 2443]
[2444 2494]
[2495 2533]
[2534 2567]
[2568 2608]
[2609 2643]
[2644 2697]
[2698 2756]
[2757 2805]
[2806 2831]
[2832 2863]
[2864 2899]
[2900 2948]
[2949 2994]
[2995 3059]
[3060 3117]
[3118 3159]
[3160 3184]
[3185 3635]
[3636 3666]
[3667 3725]
[3726 3784]
[3785 3828]
[3829 3884]
[3885 3950]
[3951 4003]
[4004 4185]
[4186 4300]
[4301 4348]
[4349 4387]
[4388 4430]
[4431 4484]
[4485 4537]
[4538 4597]
[4598 4645]
[4646 4708]
[4709 4796]
[4797 4858]
[4859 4905]
[4906 4955]
[4956 5022]
[5023 5084]
[5085 5143]
[5144 5179]
[5180 5701]
[5702 5738]
[5739 5852]
[5853 5912]
[5913 5972]
[5973 6006]
[6007 6062]
[6063 6120]
[6121 6171]
[6172 6212]
[6213 6257]
[6258 6371]
[6372 6426]
[6427 6457]
[6458 6492]
[6493 6548]
[6549 6646]
[6647 6710]
[6711 6766]
[6767 6802]
[6803 6837]
[6838 6892]
[6893 6980]
[6981 7066]
[7067 7153]
[7154 7265]
[7266 7337]
[7338 7389]
[7390 7554]
[7555 7600]
[7601 7965]
[7966 8048]
[8049 8109]
[8110 8168]
[8169 8232]
[8233 8287]
[8288 8343]
[8344 8474]
[8475 8544]
[8545 8587]
[8588 8694]
[8695 8763]
[8764 8805]
[8806 8905]
[8906 8953]
[8954 9068]
[9069 9398]
[9399 9474]
[9475 9518]
[9519 9571]
[9572 9630]
[9631 9685]
[9686 9715]
[9716 9779]
[9780 9846]
[9847 9918]
[9919 9940]
[9941 9985]
[ 9986 10019]
[10020 10094]
[10095 10135]
[10136 10169]
[10170 10206]
[10207 10347]
[10348 10487]
[10488 10538]
[10539 10573]
[10574 10640]
[10641 10680]
[10681 10728]
[10729 10772]
[10773 10806]
[10807 10842]
[10843 10883]
[10884 10937]
[10938 10981]
[10982 11026]
[11027 11069]
[11070 11117]
[11118 11166]
[11167 11213]
[11214 11256]
[11257 11293]
[11294 11382]
[11383 11708]
[11709 11742]
[11743 11810]
[11811 11881]
[11882 11979]
[11980 12145]
[12146 12209]
[12210 12319]
[12320 12368]
[12369 12410]
[12411 12458]
[12459 12610]
[12611 12620]
[12621 12716]
[12717 12756]
[12757 12799]
[12800 12861]
[12862 12915]
[12916 12952]
[12953 12962]
[12963 12994]
[12995 13035]
[13036 13066]
[13067 13475]
[13476 13560]
[13561 13640]
[13641 13710]
[13711 13784]
[13785 13881]
[13882 13932]
[13933 14094]
[14095 14155]
[14156 14242]
[14243 14323]
[14324 14392]
[14393 14462]
[14463 14528]
[14529 14581]
[14582 14629]
[14630 14684]
[14685 14736]
[14737 14786]
[14787 14896]
[14897 14975]
[14976 15123]
[15124 15183]
[15184 15229]
[15230 15287]
[15288 15340]
[15341 15383]
[15384 15442]
[15443 15493]
[15494 15582]
[15583 15652]
[15653 15726]
[15727 15800]
[15801 15862]
[15863 15930]
[15931 15976]
[15977 16014]
[16015 16073]
[16074 16441]
[16442 16471]
[16472 16498]
[16499 16531]
[16532 16560]
[16561 16591]
[16592 16622]
[16623 16666]
[16667 16771]
[16772 16796]
[16797 16823]
[16824 16862]
[16863 16886]
[16887 17059]
[17060 17108]
[17109 17136]
[17137 17155]
[17156 17223]
[17224 17253]
[17254 17305]
[17306 17338]
[17339 17361]
[17362 17403]
[17404 17458]
[17459 17765]
[17766 17946]
[17947 18133]
[18134 18331]
[18332 18427]
[18428 18487]
[18488 18841]
[18842 18936]
[18937 19019]
[19020 19137]
[19138 19238]
[19239 19289]
[19290 19360]
[19361 19397]
[19398 19438]
[19439 19476]
[19477 19513]
[19514 19560]
[19561 19595]
[19596 19629]
[19630 19677]
[19678 19724]
[19725 19771]
[19772 19817]
[19818 19940]
[19941 20012]
[20013 20299]
[20300 20682]
[20683 20773]
[20774 20829]
[20830 20889]
[20890 21028]
[21029 21114]
[21115 21230]
[21231 21649]
[21650 21751]
[21752 21964]
[21965 22208]
[22209 22284]
[22285 22646]
[22647 22741]
[22742 22807]
[22808 22897]
[22898 22991]
[22992 23115]
[23116 23209]
[23210 23291]
[23292 23362]
[23363 23445]
[23446 23505]
[23506 23542]
[23543 23595]
[23596 23938]
[23939 24037]
[24038 24100]
[24101 24158]
[24159 24223]
[24224 24288]
[24289 24368]
[24369 24443]
[24444 24508]
[24509 24580]
[24581 24633]
[24634 24664]
[24665 24740]
[24741 24807]
[24808 24995]
[24996 25099]
[25100 25173]
[25174 25425]
[25426 25467]
[25468 25567]
[25568 25662]
[25663 25734]
[25735 25764]
[25765 25809]
[25810 25862]
[25863 25937]
[25938 26037]
[26038 26134]
[26135 26204]
[26205 26443]
[26444 26516]
[26517 26604]
[26605 26676]
[26677 26781]
[26782 26823]
[26824 26931]
[26932 27050]
[27051 27167]
[27168 27261]
[27262 27297]
[27298 27319]
[27320 27364]
[27365 27407]
[27408 27429]
[27430 27658]
[27659 27716]
[27717 27773]
[27774 27862]
[27863 27929]
[27930 28038]
[28039 28130]
[28131 28186]
[28187 28292]
[28293 28352]
[28353 28407]
[28408 28485]
[28486 28548]
[28549 28671]
[28672 29013]
[29015 29099]
