[ 0 39]
[ 41 273]
[274 329]
[330 368]
[369 389]
[390 423]
[424 456]
[457 499]
[500 532]
[533 555]
[556 580]
[581 623]
[624 651]
[652 705]
[706 740]
[741 793]
[794 907]
[ 908 1346]
[1347 1400]
[1401 1463]
[1464 1534]
[1535 1575]
[1576 1611]
[1612 1684]
[1685 1723]
[1724 1766]
[1767 1783]
[1784 1886]
[1887 1986]
[1987 2067]
[2068 2072]
[2073 2103]
[2104 2251]
[2252 2339]
[2340 2375]
[2376 2431]
[2432 2466]
[2467 2501]
[2502 2559]
[2560 2577]
[2578 2687]
[2688 2709]
[2710 2754]
[2755 2824]
[2825 3442]
[3443 3482]
[3483 3505]
[3506 3533]
[3534 3595]
[3596 3623]
[3624 3665]
[3666 3707]
[3708 3721]
[3722 4028]
[4029 4086]
[4087 4140]
[4141 4189]
[4190 4260]
[4261 4306]
[4307 4430]
[4431 4540]
[4541 4652]
[4653 4701]
[4702 4733]
[4734 4801]
[4802 4856]
[4857 4936]
[4937 4980]
[4981 5518]
[5519 5552]
[5553 5599]
[5600 5663]
[5664 5733]
[5734 5818]
[5819 5874]
[5875 5908]
[5909 6101]
[6102 6228]
[6229 6288]
[6289 6313]
[6314 6369]
[6370 6423]
[6424 6460]
[6461 6515]
[6516 6561]
[6562 6614]
[6615 6836]
[6837 6877]
[6878 6918]
[6919 7307]
[7308 7391]
[7392 7476]
[7477 7581]
[7582 7676]
[7677 7775]
[7776 7870]
[7871 7969]
[7970 8052]
[8053 8146]
[8147 8328]
[8329 8428]
[8429 8515]
[8516 8596]
[8597 8693]
[8694 9090]
[9092 9225]
[9226 9311]
[9312 9373]
[9374 9621]
[9622 9833]
[9834 9925]
[ 9926 10031]
[10032 10121]
[10122 10233]
[10234 10341]
[10342 10454]
[10455 10526]
[10527 10898]
[10899 10928]
[10929 11043]
[11044 11205]
[11206 11446]
[11447 11578]
[11579 11648]
[11649 11739]
[11740 11873]
[11874 11946]
[11947 12071]
[12072 12114]
[12115 12170]
[12171 12217]
[12218 12251]
[12252 12360]
[12361 12444]
[12445 12513]
[12514 13191]
[13192 13294]
[13295 13323]
[13324 13363]
[13364 13548]
[13549 13620]
[13621 13670]
[13671 13756]
[13757 13810]
[13811 13902]
[13903 14138]
[14139 14667]
[14669 14728]
[14729 14862]
[14863 14920]
[14921 14959]
[14960 15027]
[15028 15193]
[15194 15248]
[15249 15292]
[15293 15382]
[15383 15494]
[15495 15582]
[15583 15616]
[15617 15628]
[15629 15707]
[15708 15763]
[15764 15799]
[15800 15834]
[15835 15865]
[15866 15914]
[15915 16192]
[16193 16320]
[16321 16389]
[16390 16484]
[16485 16562]
[16563 16775]
[16776 16881]
[16882 16959]
[16960 17070]
[17071 17125]
[17126 17231]
[17232 17281]
[17282 17577]
[17578 17682]
[17683 17779]
[17780 17979]
[17980 17996]
[17997 18043]
[18044 18115]
[18116 18241]
[18242 18313]
[18314 18385]
[18386 18477]
[18478 18629]
[18630 18865]
[18867 19058]
[19059 19271]
[19272 19558]
[19559 19696]
[19697 19797]
[19798 19854]
[19855 20087]
[20088 20267]
[20268 20379]
[20380 20529]
[20530 21369]
[21370 21537]
[21538 21619]
[21620 21674]
[21675 22047]
[22048 22146]
[22147 22278]
[22279 22360]
[22361 22502]
[22503 22627]
[22628 22722]
[22723 22819]
[22820 22895]
[22896 22962]
[22963 23063]
[23064 23166]
[23167 23245]
[23246 23321]
[23322 23427]
[23428 23536]
[23537 23890]
[23891 23966]
[23967 24065]
[24066 24147]
[24148 24229]
[24230 24312]
[24313 24395]
[24396 24476]
[24477 24547]
[24548 24619]
[24620 24675]
[24676 24756]
[24757 25055]
[25056 25304]
[25305 25415]
[25416 25540]
[25541 25665]
[25666 25790]
[25791 25915]
[25916 26040]
[26041 26127]
[26128 26190]
[26191 26403]
[26404 26676]
[26677 26729]
[26730 26915]
[26916 27014]
[27015 27081]
[27082 27241]
[27242 27761]
[27762 27884]
[27885 28001]
[28002 28078]
[28079 28192]
[28193 28306]
[28307 28462]
[28463 28574]
[28575 28683]
[28684 28916]
[28917 29086]
[29088 29252]
[29253 29416]
[29419 29426]
[29427 29724]
[29725 29756]
[29757 29802]
[29803 29847]
[29848 29914]
[29915 29975]
[29976 30062]
[30063 30247]
[30248 30391]
[30392 30485]
[30486 30561]
[30562 30626]
[30627 30770]
[30771 31175]
[31176 31291]
[31292 31397]
[31398 31502]
[31503 31608]
[31609 31720]
[31721 32202]
[32203 32233]
[32234 32277]
[32278 32298]
[32299 32362]
[32363 32377]
[32378 32422]
[32423 32467]
[32468 32513]
[32514 32607]
[32608 32680]
[32681 32704]
[32705 32946]
[32947 33049]
