[ 0 25]
[27 46]
[47 66]
[ 68 111]
[113 206]
[207 712]
[713 770]
[771 808]
[809 843]
[844 865]
[866 899]
[900 926]
[927 949]
[950 976]
[977 997]
[ 998 1023]
[1024 1062]
[1063 1098]
[1099 1139]
[1140 1187]
[1188 1784]
[1785 1829]
[1830 1902]
[1903 1943]
[1944 1990]
[1991 2018]
[2019 2050]
[2051 2090]
[2091 2125]
[2126 2160]
[2161 2233]
[2234 2297]
[2298 2359]
[2360 2423]
[2424 2519]
[2520 2576]
[2577 3010]
[3011 3069]
[3070 3119]
[3120 3171]
[3172 3227]
[3228 3289]
[3290 3368]
[3369 3415]
[3416 3480]
[3481 3540]
[3541 3581]
[3582 3644]
[3645 3708]
[3709 3732]
[3733 3819]
[3820 4085]
[4086 4163]
[4164 4195]
[4196 4251]
[4252 4309]
[4310 4402]
[4403 4435]
[4436 4641]
[4642 5008]
[5009 5071]
[5072 5115]
[5116 5165]
[5166 5190]
[5191 5229]
[5230 5282]
[5283 5324]
[5325 5372]
[5373 5406]
[5407 5464]
[5465 5542]
[5543 5584]
[5585 5640]
[5641 5691]
[5692 5737]
[5738 5785]
[5786 5831]
[5832 5935]
[5936 5987]
[5988 6235]
[6236 6303]
[6304 6393]
[6394 6476]
[6477 6546]
[6547 6614]
[6615 7107]
[7108 7147]
[7148 7188]
[7189 7233]
[7234 7297]
[7298 7371]
[7372 7446]
[7447 7518]
[7519 7652]
[7653 7682]
[7683 7756]
[7757 7816]
[7817 7868]
[7869 7935]
[7936 7994]
[7995 8021]
[8022 8076]
[8077 8112]
[8113 8143]
[8144 8218]
[8219 8280]
[8281 8338]
[8339 8386]
[8387 8442]
[8443 8508]
[8509 8576]
[8577 8826]
[8827 9028]
[9029 9317]
[9318 9380]
[9381 9422]
[9423 9471]
[9472 9508]
[9509 9719]
[9720 9752]
[9753 9799]
[9800 9845]
[9846 9887]
[9888 9925]
[9926 9967]
[ 9968 10055]
[10056 10090]
[10091 10134]
[10135 10171]
[10172 10208]
[10209 10242]
[10243 10320]
[10321 10369]
[10370 10408]
[10409 10447]
[10448 10480]
[10481 10519]
[10520 10559]
[10560 10602]
[10603 10635]
[10636 10688]
[10689 10729]
[10730 10800]
[10801 10861]
[10862 11422]
[11423 11609]
[11610 11644]
[11645 11688]
[11689 11734]
[11735 11775]
[11776 11839]
[11840 11916]
[11917 11960]
[11961 12034]
[12035 12125]
[12126 12212]
[12213 12285]
[12286 12462]
[12463 12526]
[12527 12645]
[12646 12837]
[12838 12899]
[12900 12935]
[12936 13161]
[13162 13203]
[13204 13532]
[13533 13690]
[13691 13896]
[13897 14144]
[14145 14192]
[14193 14243]
[14244 14261]
[14262 14293]
[14294 14316]
[14317 14358]
[14359 14423]
[14424 14448]
[14449 14508]
[14509 14570]
[14571 14622]
[14623 14641]
[14642 14646]
[14647 14679]
[14680 14721]
[14722 14758]
[14759 14819]
[14820 14855]
[14856 14888]
[14889 14926]
[14927 14977]
[14978 15000]
[15001 15034]
[15035 15065]
[15066 15115]
[15116 15153]
[15154 15181]
[15182 15265]
[15266 15634]
[15635 15680]
[15681 15716]
[15717 15767]
[15768 15803]
[15804 15862]
[15863 15900]
[15901 15966]
[15967 16009]
[16010 16050]
[16051 16084]
[16085 16125]
[16126 16168]
[16169 16216]
[16217 16236]
[16237 16267]
[16268 16318]
[16319 16374]
[16375 16408]
[16409 16477]
[16478 16500]
[16501 16547]
[16548 16610]
[16611 16653]
[16654 16699]
[16700 16756]
[16757 16764]
[16765 17140]
[17141 17216]
[17217 17277]
[17278 17317]
[17318 17338]
[17339 17393]
[17394 17452]
[17453 17514]
[17515 17546]
[17547 17604]
[17605 17691]
[17692 17765]
[17766 17799]
[17800 17852]
[17853 17903]
[17904 17961]
[17962 18019]
[18020 18095]
[18096 18183]
[18184 18252]
[18253 18387]
[18388 18432]
[18433 18466]
[18467 18520]
[18521 18901]
[18902 18943]
[18944 19103]
[19104 19179]
[19180 19248]
[19249 19308]
[19309 19363]
[19364 19403]
[19404 19427]
[19428 19533]
[19534 19658]
[19659 19791]
[19792 19868]
[19869 19923]
[19924 19970]
[19971 20008]
[20009 20190]
[20191 20263]
[20264 20388]
[20389 20467]
[20468 20657]
[20658 20703]
[20704 20749]
[20750 20829]
[20830 20890]
[20891 20953]
[20954 20992]
[20993 21065]
[21066 21111]
[21112 21222]
[21223 21278]
[21279 21304]
[21305 21429]
[21430 21501]
[21502 21588]
[21589 21648]
[21649 21723]
[21724 21811]
[21812 21897]
[21898 21934]
[21935 22193]
[22194 22284]
[22285 22315]
[22316 22342]
[22343 22386]
[22387 22461]
[22462 22500]
[22501 22580]
[22581 22637]
[22638 22661]
[22662 22688]
[22689 22748]
[22749 22833]
[22834 22970]
[22971 23068]
[23069 23167]
[23168 23237]
[23238 23288]
[23289 23384]
[23385 23480]
[23481 23519]
[23520 23563]
[23564 23955]
[23956 24049]
