[ 0 32]
[33 56]
[58 81]
[ 83 106]
[107 135]
[136 210]
[211 740]
[741 813]
[814 873]
[874 905]
[906 936]
[937 964]
[ 965 1006]
[1007 1042]
[1043 1079]
[1080 1114]
[1115 1126]
[1127 1155]
[1156 1189]
[1190 1219]
[1220 1264]
[1265 1365]
[1366 2065]
[2066 2132]
[2133 2172]
[2173 2211]
[2212 2250]
[2251 2313]
[2314 2349]
[2350 2404]
[2405 2451]
[2452 2476]
[2477 2566]
[2567 2625]
[2626 2731]
[2732 2851]
[2852 2960]
[2961 3031]
[3032 3096]
[3097 3154]
[3155 3210]
[3211 3254]
[3255 3332]
[3333 3366]
[3367 3386]
[3387 3417]
[3418 3451]
[3452 3480]
[3481 3510]
[3511 3536]
[3537 3564]
[3565 3600]
[3601 3628]
[3629 3667]
[3668 3708]
[3709 3786]
[3787 4470]
[4471 4560]
[4561 4594]
[4595 4658]
[4659 4682]
[4683 4723]
[4724 4764]
[4765 4814]
[4815 4880]
[4881 4928]
[4929 4966]
[4967 5038]
[5039 5073]
[5074 5106]
[5107 5169]
[5170 5862]
[5863 5928]
[5929 5989]
[5990 6034]
[6035 6108]
[6109 6208]
[6209 6330]
[6331 6390]
[6391 6435]
[6436 6542]
[6543 6582]
[6583 6616]
[6617 6896]
[6897 6966]
[6967 7030]
[7031 7099]
[7100 7212]
[7213 7282]
[7283 7365]
[7366 7438]
[7439 7527]
[7528 7608]
[7609 8030]
[8031 8078]
[8079 8212]
[8213 8348]
[8349 8400]
[8401 8563]
[8564 8648]
[8649 8733]
[8734 8798]
[8799 8926]
[8927 9028]
[9029 9249]
[9250 9361]
[9362 9468]
[9469 9576]
[9577 9663]
[9664 9818]
[9819 9928]
[ 9929 10329]
[10330 10375]
[10376 10426]
[10427 10482]
[10483 10551]
[10552 10599]
[10600 10650]
[10651 10704]
[10705 10914]
[10915 11026]
[11027 11088]
[11089 11142]
[11143 11200]
[11201 11253]
[11254 11300]
[11301 11463]
[11464 11535]
[11536 11638]
[11639 11724]
[11725 11814]
[11815 12022]
[12023 12076]
[12077 12223]
[12224 12296]
[12297 12348]
[12349 12375]
[12376 12401]
[12402 12439]
[12440 12493]
[12494 12543]
[12544 12594]
[12595 12644]
[12645 12754]
[12755 13148]
[13149 13410]
[13411 13656]
[13657 13919]
[13920 13945]
[13946 13991]
[13992 14040]
[14041 14141]
[14142 14213]
[14214 14683]
[14684 14863]
[14864 15043]
[15044 15223]
[15224 15398]
[15399 15499]
[15500 15872]
[15873 16194]
[16195 16534]
[16535 16592]
[16593 16646]
[16647 16957]
[16958 17048]
[17049 17153]
[17154 17198]
[17199 17294]
[17295 17380]
[17381 17459]
[17460 17590]
[17591 17615]
[17616 17663]
[17664 17711]
[17712 17746]
[17747 17801]
[17802 17831]
[17832 17882]
[17883 17976]
[17977 18042]
[18043 18403]
[18404 18492]
[18493 18564]
[18565 18671]
[18672 18817]
[18818 18878]
[18879 19036]
[19037 19177]
[19178 19322]
[19323 19442]
[19443 19643]
[19644 19704]
[19705 19747]
[19748 19793]
[19794 19825]
[19826 19859]
[19860 19906]
[19907 19987]
[19988 20034]
[20035 20065]
[20066 20170]
[20171 20564]
[20565 20643]
[20644 20686]
[20687 20748]
[20749 20936]
[20937 21048]
[21049 21143]
[21144 21207]
[21208 21276]
[21277 21348]
[21349 21453]
[21454 21546]
[21547 21594]
[21595 21650]
[21651 21720]
[21721 21747]
[21748 21834]
[21835 22223]
[22224 22354]
[22355 22506]
[22507 22527]
[22528 22786]
[22787 22992]
[22993 23016]
[23017 23116]
[23117 23246]
[23247 23289]
[23290 23326]
[23327 23487]
[23488 23634]
[23635 23666]
[23667 23976]
[23977 24088]
[24089 24208]
[24209 24299]
[24300 24431]
[24432 24506]
[24507 24562]
[24563 24705]
[24706 24800]
[24801 25217]
[25218 25280]
[25281 25486]
[25487 25559]
[25560 25630]
[25631 25703]
[25704 25882]
[25883 26064]
[26065 26153]
[26154 26274]
[26275 26367]
[26368 26679]
[26680 27158]
[27159 27318]
[27319 27404]
[27405 27468]
[27469 27564]
[27565 27598]
[27599 27650]
[27651 27704]
[27705 27755]
[27756 27862]
[27863 27894]
[27895 28104]
[28105 28139]
[28140 28208]
[28209 28253]
[28254 28338]
[28339 28707]
[28708 28849]
