[ 0 25]
[27 46]
[47 66]
[ 68 111]
[113 223]
[224 265]
[266 289]
[290 310]
[311 329]
[330 346]
[347 430]
[431 457]
[458 471]
[472 511]
[512 552]
[553 596]
[597 653]
[ 654 1228]
[1229 1287]
[1288 1346]
[1347 1398]
[1399 1505]
[1506 1579]
[1580 1684]
[1685 1764]
[1765 1844]
[1845 2010]
[2011 2051]
[2052 2215]
[2216 2265]
[2266 2310]
[2311 2368]
[2369 2508]
[2509 2619]
[2620 2684]
[2685 2739]
[2740 3144]
[3145 3194]
[3195 3225]
[3226 3273]
[3274 3313]
[3314 3351]
[3352 3407]
[3408 3478]
[3479 3527]
[3528 3580]
[3581 3639]
[3640 3691]
[3692 3735]
[3736 3766]
[3767 3831]
[3832 3883]
[3884 3952]
[3953 3999]
[4000 4068]
[4069 4095]
[4096 4127]
[4128 4182]
[4183 4216]
[4217 4254]
[4255 4284]
[4285 4311]
[4312 4462]
[4463 4496]
[4497 4553]
[4554 4607]
[4608 4662]
[4663 5015]
[5016 5043]
[5044 5061]
[5062 5085]
[5086 5106]
[5107 5125]
[5126 5193]
[5194 5322]
[5323 5372]
[5373 5408]
[5409 5437]
[5438 5463]
[5464 5498]
[5499 5539]
[5540 5595]
[5596 5626]
[5627 5653]
[5654 5743]
[5744 5754]
[5755 5791]
[5792 5813]
[5814 5848]
[5849 5867]
[5868 5888]
[5889 5924]
[5925 6020]
[6021 6038]
[6039 6090]
[6091 6105]
[6106 6116]
[6117 6153]
[6154 6175]
[6176 6203]
[6204 6240]
[6241 6267]
[6268 6322]
[6323 6351]
[6352 6377]
[6378 6739]
[6740 6805]
[6806 6876]
[6877 6955]
[6956 7027]
[7028 7102]
[7103 7173]
[7174 7237]
[7238 7305]
[7306 7380]
[7381 7458]
[7459 7528]
[7529 7613]
[7614 7702]
[7703 7780]
[7781 7837]
[7838 7915]
[7916 7952]
[7953 7984]
[7985 8017]
[8018 8075]
[8076 8126]
[8127 8168]
[8169 8286]
[8287 8595]
[8596 8645]
[8646 8709]
[8710 8768]
[8769 8853]
[8854 8923]
[8924 8978]
[8979 9036]
[9037 9118]
[9119 9167]
[9168 9228]
[9229 9516]
[9517 9579]
[9580 9656]
[9657 9721]
[9722 9839]
[9840 9895]
[ 9896 10005]
[10006 10081]
[10082 10146]
[10147 10186]
[10187 10271]
[10272 10320]
[10321 10401]
[10402 10486]
[10487 10862]
[10863 11054]
[11055 11184]
[11185 11324]
[11325 11455]
[11456 11655]
[11656 11787]
[11788 12110]
[12111 12167]
[12168 12218]
[12219 12266]
[12267 12310]
[12311 12357]
[12358 12409]
[12410 12484]
[12485 12538]
[12539 12595]
[12596 12649]
[12650 12682]
[12683 12739]
[12740 12798]
[12799 12877]
[12878 12949]
[12950 13044]
[13045 13248]
[13249 13299]
[13300 13359]
[13360 13437]
[13438 13514]
[13515 13592]
[13593 13669]
[13670 13729]
[13730 13784]
[13785 13860]
[13861 13937]
[13938 14005]
[14006 14059]
[14060 14111]
[14112 14177]
[14178 14234]
[14235 14291]
[14292 14319]
[14320 14408]
[14409 14465]
[14466 14560]
[14561 14896]
[14897 14898]
[14899 14945]
[14946 15012]
[15013 15120]
[15121 15182]
[15183 15297]
[15298 15377]
[15378 15457]
[15458 15534]
[15535 15612]
[15613 15700]
[15701 15794]
[15795 15841]
[15842 16109]
[16110 16219]
[16220 16331]
[16332 16455]
[16456 16519]
[16520 16828]
[16829 16856]
[16857 16931]
[16932 16986]
[16987 17043]
[17044 17102]
[17103 17151]
[17152 17201]
[17202 17268]
[17269 17331]
[17332 17380]
[17381 17433]
[17434 17682]
[17683 17825]
[17826 17868]
[17869 17924]
[17925 17987]
[17988 18055]
[18056 18081]
[18082 18134]
[18135 18214]
[18215 18611]
[18612 18682]
[18683 18740]
[18741 18808]
[18809 19098]
[19099 19363]
[19364 19437]
[19438 19517]
[19518 19575]
[19576 19631]
[19632 19695]
[19696 20006]
[20007 20030]
[20031 20122]
[20123 20223]
[20224 20306]
[20307 20384]
[20385 20461]
[20462 20548]
[20549 20824]
[20825 20875]
[20876 20927]
[20928 21062]
[21063 21144]
[21145 21189]
[21190 21244]
[21245 21285]
[21286 21334]
[21335 21392]
[21393 21426]
[21427 21805]
[21806 21899]
