[ 0 28]
[30 49]
[50 69]
[ 71 114]
[116 184]
[186 420]
[421 472]
[473 508]
[509 536]
[537 566]
[567 599]
[600 636]
[637 664]
[665 689]
[690 723]
[724 758]
[759 785]
[786 811]
[812 848]
[849 882]
[883 920]
[921 958]
[ 959 1050]
[1051 1351]
[1353 1402]
[1403 1436]
[1437 1486]
[1487 1514]
[1515 1547]
[1548 1583]
[1584 1606]
[1607 1789]
[1790 1845]
[1846 1908]
[1909 1973]
[1974 2043]
[2044 2132]
[2133 2208]
[2209 2258]
[2259 2300]
[2301 2725]
[2726 2756]
[2757 2802]
[2803 2856]
[2857 3001]
[3002 3162]
[3163 3212]
[3213 3256]
[3257 3376]
[3377 3456]
[3457 3712]
[3713 3784]
[3785 4272]
[4273 4379]
[4380 4470]
[4471 4551]
[4552 4586]
[4587 5102]
[5103 5130]
[5131 5350]
[5352 5416]
[5417 5488]
[5489 5549]
[5550 5604]
[5605 5675]
[5676 5696]
[5697 5811]
[5812 5879]
[5880 5913]
[5914 6007]
[6008 6052]
[6053 6108]
[6109 6169]
[6170 6228]
[6229 6379]
[6380 6456]
[6457 6535]
[6536 6624]
[6625 6663]
[6664 6706]
[6707 6764]
[6765 6828]
[6829 6875]
[6876 7228]
[7230 7262]
[7263 7314]
[7315 7383]
[7384 7454]
[7455 7539]
[7540 7586]
[7587 7641]
[7642 7675]
[7676 7703]
[7704 7761]
[7762 7835]
[7836 7880]
[7881 7926]
[7927 7971]
[7972 8026]
[8027 8059]
[8060 8106]
[8107 8169]
[8170 8210]
[8211 8282]
[8283 8337]
[8338 8408]
[8409 8508]
[8509 8553]
[8554 8589]
[8590 8624]
[8625 8652]
[8653 8688]
[8689 8723]
[8724 8764]
[8765 8805]
[8806 8836]
[8837 8866]
[8867 8957]
[8958 9175]
[9176 9239]
[9240 9301]
[9302 9352]
[9353 9413]
[9414 9475]
[9476 9539]
[9540 9589]
[9590 9668]
[9669 9755]
[9756 9804]
[9805 9839]
[9840 9969]
[ 9970 10021]
[10022 10068]
[10069 10121]
[10122 10159]
[10160 10218]
[10219 10341]
[10342 10390]
[10391 10447]
[10448 10527]
[10528 10605]
[10606 10944]
[10945 11025]
[11026 11076]
[11077 11134]
[11135 11191]
[11192 11252]
[11253 11305]
[11306 11365]
[11366 11420]
[11421 11482]
[11483 11532]
[11533 11673]
[11674 11735]
[11736 11792]
[11793 11849]
[11850 11900]
[11901 11957]
[11958 12015]
[12016 12084]
[12085 12108]
[12109 12410]
[12411 12436]
[12437 12477]
[12478 12527]
[12528 12595]
[12596 12659]
[12660 12710]
[12711 12796]
[12797 12829]
[12830 12885]
[12886 12977]
[12978 13069]
[13070 13114]
[13115 13149]
[13150 13186]
[13187 13275]
[13276 13406]
[13407 13524]
[13525 13596]
[13597 13656]
[13657 13954]
[13955 14022]
[14023 14070]
[14071 14122]
[14123 14138]
[14139 14226]
[14227 14490]
[14491 14564]
[14565 14619]
[14620 14678]
[14679 14791]
[14792 14822]
[14823 14879]
[14880 14919]
[14920 14965]
[14966 15043]
[15044 15112]
[15113 15181]
[15182 15242]
[15243 15317]
[15318 15345]
[15346 15634]
[15635 15697]
[15698 15740]
[15741 15796]
[15797 15882]
[15883 15948]
[15949 16044]
[16045 16089]
[16090 16131]
[16132 16196]
[16197 16496]
[16497 16638]
[16639 16790]
[16791 16909]
[16910 17040]
[17041 17187]
[17188 17284]
[17285 17391]
[17392 17480]
[17481 17824]
[17825 17902]
[17903 18081]
[18082 18156]
[18157 18256]
[18257 18284]
[18285 18336]
[18337 18391]
[18392 18471]
[18472 18532]
[18533 18566]
[18567 18684]
[18685 18871]
[18872 18949]
[18950 18976]
[18977 19018]
[19019 19159]
[19160 19548]
[19549 19641]
[19642 19722]
[19723 19901]
[19902 20013]
[20014 20143]
[20144 20299]
[20300 20323]
[20324 20440]
[20441 20494]
[20495 20601]
[20602 20707]
[20708 20806]
[20807 20902]
[20903 20921]
[20922 21557]
[21558 21730]
[21731 21850]
[21851 21957]
[21958 22110]
[22111 22328]
[22329 22405]
[22406 22493]
[22494 22680]
[22681 22757]
[22758 23286]
[23287 23399]
