[ 0 20]
[22 41]
[42 61]
[ 63 106]
[108 190]
[191 535]
[536 596]
[597 631]
[632 649]
[650 696]
[697 723]
[724 727]
[728 756]
[757 816]
[817 923]
[ 924 1507]
[1508 1554]
[1555 1604]
[1605 1660]
[1661 1713]
[1714 1753]
[1754 1804]
[1805 1864]
[1865 1916]
[1917 1937]
[1938 1972]
[1973 2001]
[2002 2027]
[2028 2058]
[2059 2140]
[2141 2234]
[2235 2273]
[2274 2397]
[2398 2449]
[2450 2477]
[2478 2519]
[2520 2557]
[2558 2605]
[2606 2666]
[2667 2776]
[2777 3217]
[3218 3245]
[3246 3260]
[3261 3293]
[3294 3313]
[3314 3355]
[3356 3400]
[3401 3423]
[3424 3452]
[3453 3503]
[3504 3536]
[3537 3577]
[3578 4062]
[4063 4209]
[4210 4233]
[4234 4295]
[4296 4311]
[4312 4364]
[4365 4405]
[4406 4431]
[4432 4498]
[4499 4515]
[4516 4571]
[4572 4608]
[4609 4738]
[4739 4812]
[4813 4842]
[4843 4886]
[4887 4909]
[4910 4966]
[4967 5032]
[5033 5052]
[5053 5079]
[5080 5109]
[5110 5180]
[5181 5214]
[5215 5239]
[5240 5293]
[5294 5347]
[5348 5367]
[5368 5402]
[5403 5433]
[5434 5473]
[5474 5532]
[5533 5607]
[5608 5737]
[5738 6066]
[6067 6174]
[6175 6276]
[6277 6355]
[6356 6451]
[6452 6532]
[6533 6617]
[6618 6736]
[6737 6799]
[6800 6903]
[6904 7001]
[7002 7092]
[7093 7180]
[7181 7277]
[7278 7393]
[7394 7477]
[7478 7536]
[7537 7598]
[7599 7644]
[7645 7676]
[7677 7919]
[7920 8013]
[8014 8113]
[8114 8240]
[8241 8362]
[8363 8479]
[8480 8610]
[8611 8874]
[8875 9012]
[9013 9238]
[9239 9348]
[9349 9664]
[9665 9764]
[ 9765 10044]
[10045 10222]
[10223 10284]
[10285 10338]
[10339 10463]
[10464 10516]
[10517 10584]
[10585 10638]
[10639 10709]
[10710 10762]
[10763 10826]
[10827 10897]
[10898 10949]
[10950 11017]
[11018 11071]
[11072 11129]
[11130 11198]
[11199 11258]
[11259 11331]
[11332 11387]
[11388 11429]
[11430 11463]
[11464 11494]
[11495 11535]
[11536 11567]
[11568 11616]
[11617 11660]
[11661 11702]
[11703 11825]
[11826 12223]
[12224 12246]
[12247 12356]
[12357 12425]
[12426 12515]
[12516 12669]
[12670 12791]
[12792 12913]
[12914 12985]
[12986 13083]
[13084 13182]
[13183 13232]
[13233 13257]
[13258 13587]
[13588 13682]
[13683 13731]
[13732 13780]
[13781 13825]
[13826 13877]
[13878 13976]
[13977 14020]
[14021 14056]
[14057 14205]
[14206 14314]
[14315 14423]
[14424 14451]
[14452 14489]
[14490 14538]
[14539 14644]
[14645 14695]
[14696 15067]
[15068 15133]
[15134 15198]
[15199 15252]
[15253 15299]
[15300 15354]
[15355 15412]
[15413 15645]
[15646 15716]
[15717 15806]
[15807 15913]
[15914 16137]
[16138 16198]
[16199 16344]
[16345 16397]
[16398 16492]
[16493 16553]
[16554 16704]
[16705 16822]
[16823 16908]
[16909 16934]
[16935 17030]
[17031 17142]
[17143 17268]
[17269 17538]
[17539 17621]
[17622 17674]
[17675 17708]
[17709 18064]
[18065 18149]
