[ 0 29]
[31 50]
[51 70]
[ 72 115]
[117 218]
[220 534]
[535 596]
[597 660]
[661 690]
[691 722]
[723 795]
[796 847]
[848 937]
[938 972]
[ 973 1011]
[1012 1183]
[1184 1527]
[1528 1591]
[1592 1628]
[1629 1678]
[1679 1716]
[1717 1741]
[1742 1781]
[1782 1827]
[1828 1886]
[1887 1915]
[1916 1956]
[1957 2109]
[2110 2156]
[2157 2279]
[2280 2363]
[2364 2409]
[2410 2438]
[2439 2487]
[2488 2579]
[2580 2646]
[2647 2693]
[2694 2710]
[2711 2789]
[2790 2902]
[2903 2987]
[2988 3035]
[3036 3320]
[3321 3849]
[3850 4190]
[4192 4535]
[4537 4819]
[4820 5099]
[5100 5205]
[5206 5278]
[5279 5339]
[5340 5389]
[5390 5447]
[5448 5470]
[5471 5550]
[5551 5603]
[5604 5684]
[5685 5740]
[5741 5790]
[5791 5847]
[5848 5918]
[5919 5957]
[5958 5993]
[5994 6028]
[6029 6097]
[6098 6172]
[6173 6227]
[6228 6585]
[6586 6635]
[6636 6676]
[6677 6729]
[6730 6807]
[6808 6866]
[6867 6931]
[6932 6976]
[6977 7061]
[7062 7223]
[7224 7281]
[7282 7333]
[7334 7362]
[7363 7415]
[7416 7463]
[7464 7529]
[7530 7592]
[7593 7637]
[7638 7922]
[7923 8204]
[8205 8258]
[8259 8301]
[8302 8344]
[8345 8389]
[8390 8431]
[8432 8498]
[8499 8565]
[8566 8618]
[8619 8678]
[8679 8744]
[8745 8816]
[8817 8941]
[8942 9349]
[9350 9712]
[9713 9835]
[9836 9987]
[ 9988 10148]
[10149 10322]
[10323 10483]
[10484 10848]
[10849 11310]
[11311 11372]
[11373 11692]
[11693 11751]
[11752 12095]
[12096 12226]
[12227 12607]
[12608 12771]
[12772 12864]
[12865 12917]
[12918 12974]
[12975 13218]
[13219 13374]
[13375 13413]
[13414 13466]
[13467 13580]
[13581 13644]
[13645 13705]
[13706 13769]
[13770 13832]
[13833 13967]
[13968 14000]
[14001 14067]
[14068 14129]
[14130 14183]
[14184 14228]
[14229 14477]
[14478 14569]
[14570 14634]
[14635 14720]
[14721 14769]
[14770 14855]
[14856 14940]
[14941 15001]
[15002 15054]
[15055 15119]
[15120 15174]
[15175 15220]
[15221 15284]
[15285 15349]
[15350 15410]
[15411 15464]
[15465 15542]
[15543 15626]
[15627 15727]
[15728 16123]
[16124 16382]
[16383 16719]
[16720 16868]
[16869 16947]
[16948 17045]
[17046 17216]
[17217 17271]
[17272 17335]
[17336 17654]
[17655 17726]
[17727 17864]
[17865 17985]
[17986 18034]
[18035 18170]
[18171 18253]
[18254 18347]
[18348 18424]
[18425 18531]
[18532 18803]
[18804 18867]
[18868 18918]
[18919 19046]
[19047 19157]
[19158 19210]
[19211 19274]
[19275 19358]
[19359 19399]
[19400 19467]
[19468 19534]
[19535 19597]
[19598 19674]
[19675 19727]
[19728 19790]
[19791 19860]
[19861 19913]
[19914 19982]
[19983 20043]
[20044 20101]
[20102 20156]
[20157 20197]
[20198 20258]
[20259 20348]
[20349 20757]
[20758 20799]
[20800 20923]
[20924 21005]
[21006 21115]
[21116 21206]
[21207 21297]
[21298 21447]
[21448 21544]
[21545 21600]
[21601 21676]
[21677 21843]
[21844 21896]
[21897 22158]
[22159 22226]
[22227 22270]
[22271 22321]
[22322 22459]
[22460 22511]
[22512 22586]
[22587 22637]
[22638 22712]
[22713 22745]
[22746 22787]
[22788 23086]
[23087 23122]
[23123 23192]
[23193 23227]
[23228 23311]
[23312 23424]
[23425 23488]
[23489 23529]
[23530 23585]
[23586 23643]
[23644 23696]
[23697 23749]
[23750 23807]
[23808 24354]
[24355 24449]
