[ 0 14]
[16 35]
[36 55]
[57 77]
[ 78 100]
[102 199]
[200 502]
[503 538]
[539 578]
[579 613]
[614 619]
[620 664]
[665 731]
[732 761]
[762 789]
[790 839]
[840 872]
[873 914]
[915 967]
[968 995]
[ 996 1028]
[1029 1111]
[1112 1595]
[1596 1663]
[1664 1726]
[1727 1782]
[1783 1841]
[1842 1918]
[1919 1987]
[1988 2051]
[2052 2088]
[2089 2144]
[2145 2202]
[2203 2235]
[2236 2287]
[2288 2372]
[2373 2404]
[2405 2460]
[2461 2521]
[2522 2572]
[2573 2643]
[2644 2691]
[2692 2743]
[2744 2995]
[2996 3025]
[3026 3065]
[3066 3158]
[3159 3367]
[3368 3423]
[3424 3520]
[3521 3608]
[3609 3669]
[3670 3716]
[3717 3764]
[3765 3839]
[3840 3902]
[3903 3922]
[3923 3958]
[3959 3984]
[3985 4412]
[4413 4483]
[4484 4526]
[4527 4563]
[4564 4610]
[4611 4650]
[4651 4688]
[4689 4729]
[4730 4798]
[4799 4837]
[4838 4874]
[4875 4929]
[4930 4982]
[4983 5023]
[5024 5073]
[5074 5132]
[5133 5290]
[5291 5363]
[5364 5465]
[5466 5564]
[5565 5610]
[5611 5633]
[5634 5671]
[5672 5726]
[5727 5772]
[5773 5845]
[5846 5936]
[5937 6313]
[6314 6393]
[6394 6445]
[6446 6503]
[6504 6521]
[6522 6584]
[6585 6620]
[6621 6630]
[6631 6709]
[6710 6843]
[6844 6885]
[6886 6962]
[6963 6991]
[6992 7102]
[7103 7176]
[7177 7245]
[7246 7328]
[7329 7411]
[7412 7494]
[7495 7609]
[7610 7717]
[7718 7776]
[7777 7803]
[7804 8028]
[8029 8215]
[8216 8454]
[8455 8582]
[8583 8768]
[8769 8868]
[8869 8989]
[8990 9047]
[9048 9105]
[9106 9226]
[9227 9412]
[9413 9467]
[9468 9528]
[9529 9571]
[9572 9614]
[9615 9650]
[9651 9733]
[9734 9769]
[9770 9810]
[9811 9909]
[ 9910 10190]
[10191 10269]
[10270 10316]
[10317 10402]
[10403 10435]
[10436 10476]
[10477 10540]
[10541 10604]
[10605 10655]
[10656 10719]
[10720 10870]
[10871 10930]
[10931 11099]
[11100 11394]
[11395 11479]
[11480 11511]
[11512 11585]
[11586 11697]
[11698 11758]
[11759 11812]
[11813 11892]
[11893 11935]
[11936 11979]
[11980 12045]
[12046 12069]
[12070 12159]
[12160 12393]
[12394 12442]
[12443 12525]
[12526 12565]
[12566 12610]
[12611 12661]
[12662 12701]
[12702 12740]
[12741 12761]
[12762 12807]
[12808 12864]
[12865 12888]
[12889 12968]
[12969 13046]
[13047 13060]
[13061 13104]
[13105 13200]
[13201 13303]
[13304 13412]
[13413 13512]
[13513 13610]
[13611 13720]
[13721 13820]
[13821 13913]
[13914 14023]
[14024 14047]
[14048 14117]
[14118 14167]
[14168 14418]
[14419 14453]
[14454 14495]
[14496 14545]
[14546 14581]
[14582 14623]
[14624 14667]
[14668 14710]
[14711 14747]
[14748 14842]
[14843 14893]
[14894 15083]
[15084 15175]
[15176 15223]
[15224 15354]
[15355 15377]
[15378 15450]
[15451 15531]
[15532 15640]
[15641 15697]
[15698 15756]
[15757 15818]
[15819 15891]
[15892 15959]
[15960 15998]
[15999 16067]
[16068 16128]
[16129 16256]
[16257 16532]
[16533 16591]
[16592 16786]
[16787 16842]
[16843 16983]
[16984 17081]
[17082 17199]
[17200 17299]
[17300 17343]
[17344 17594]
[17595 17711]
[17712 17804]
[17805 17985]
[17986 18384]
[18385 18434]
[18435 18531]
[18532 18544]
[18545 18622]
[18623 18693]
[18694 18789]
[18790 18863]
[18864 18944]
[18945 19009]
[19010 19076]
[19077 19113]
[19114 19141]
[19142 19248]
[19249 19285]
[19286 19341]
[19342 19397]
[19398 19448]
[19449 19522]
[19523 19932]
[19933 20009]
[20010 20126]
[20127 20161]
[20162 20251]
[20252 20298]
[20299 20372]
[20373 20433]
[20434 20457]
[20458 20532]
[20533 20646]
[20647 20696]
[20697 20764]
[20765 20813]
[20814 20831]
[20832 20886]
[20887 20955]
[20956 21020]
[21021 21074]
[21075 21114]
[21115 21133]
[21134 21298]
[21299 21386]
[21387 21654]
[21655 21717]
[21718 21832]
[21833 21908]
[21909 21966]
[21967 22062]
[22063 22175]
[22176 22250]
[22251 22285]
[22286 22415]
[22416 22472]
[22473 22513]
[22514 22609]
[22610 22656]
[22657 22732]
[22733 23004]
[23005 23136]
[23137 23230]
[23231 23245]
[23246 23288]
[23289 23338]
[23339 23387]
[23388 23437]
[23438 23545]
[23546 23620]
[23621 23633]
[23634 23769]
[23770 23916]
[23917 24061]
[24062 24328]
[24329 24379]
[24380 24453]
[24454 24529]
[24530 24562]
[24563 24655]
[24656 24692]
[24693 24749]
[24750 24810]
[24811 24887]
[24888 24938]
[24939 24999]
[25000 25072]
[25073 25170]
[25171 25250]
[25251 25624]
[25625 25699]
