[ 0 23]
[25 44]
[45 64]
[ 66 109]
[111 197]
[198 593]
[594 644]
[645 682]
[683 730]
[731 771]
[772 801]
[802 834]
[835 865]
[866 895]
[896 928]
[929 960]
[961 990]
[ 991 1020]
[1021 1107]
[1108 1519]
[1520 1569]
[1570 1603]
[1604 1657]
[1658 1724]
[1725 1776]
[1777 1837]
[1838 1887]
[1888 1947]
[1948 1995]
[1996 2068]
[2069 2139]
[2140 2219]
[2220 2263]
[2264 2283]
[2284 2325]
[2326 2406]
[2407 2478]
[2480 2550]
[2551 2734]
[2735 2800]
[2801 2857]
[2858 2908]
[2909 2984]
[2985 3035]
[3036 3096]
[3097 3128]
[3129 3148]
[3149 3217]
[3218 3292]
[3293 3349]
[3350 3383]
[3384 3438]
[3439 3481]
[3482 3548]
[3549 3606]
[3607 3740]
[3741 3806]
[3807 3846]
[3847 3898]
[3899 3945]
[3946 3986]
[3987 4045]
[4046 4589]
[4590 4607]
[4608 4645]
[4646 4684]
[4685 4729]
[4730 4778]
[4779 4810]
[4811 4841]
[4842 4861]
[4862 4899]
[4900 4933]
[4934 4952]
[4953 4976]
[4977 4992]
[4993 5020]
[5021 5049]
[5050 5092]
[5093 5115]
[5116 5186]
[5187 5322]
[5323 5409]
[5410 5446]
[5447 5475]
[5476 5505]
[5506 5532]
[5533 5574]
[5575 5633]
[5634 5846]
[5847 5881]
[5882 5908]
[5909 5931]
[5932 5963]
[5964 5986]
[5987 6013]
[6014 6062]
[6063 6466]
[6467 6492]
[6493 6622]
[6623 6703]
[6704 6734]
[6735 6785]
[6786 6856]
[6857 6949]
[6950 6991]
[6992 7050]
[7051 7087]
[7088 7143]
[7144 7216]
[7217 7307]
[7308 7389]
[7390 7454]
[7455 7484]
[7485 7632]
[7633 7707]
[7708 7747]
[7748 7790]
[7791 7820]
[7821 7855]
[7856 7908]
[7909 8019]
[8020 8356]
[8357 8395]
[8396 8481]
[8482 8523]
[8524 8582]
[8583 8620]
[8621 8664]
[8665 8728]
[8729 8776]
[8777 8834]
[8835 8874]
[8875 8915]
[8916 8958]
[8959 9008]
[9009 9055]
[9056 9094]
[9095 9168]
[9169 9226]
[9227 9274]
[9275 9288]
[9289 9330]
[9331 9392]
[9393 9432]
[9433 9461]
[9462 9488]
[9489 9515]
[9516 9546]
[9547 9572]
[9573 9608]
[9609 9640]
[9641 9683]
[9684 9723]
[9724 9754]
[9755 9836]
[ 9837 10027]
[10028 10307]
[10308 10389]
[10390 10504]
[10505 10880]
[10881 11157]
[11158 11200]
[11201 11228]
[11229 11285]
[11286 11328]
[11329 11369]
[11370 11400]
[11401 11478]
[11479 11565]
[11566 11619]
[11620 11675]
[11676 11734]
[11735 11776]
[11777 11855]
[11856 11890]
[11891 11924]
[11925 12214]
[12215 12419]
[12420 12480]
[12481 12551]
[12552 12719]
[12720 12782]
[12783 12880]
[12881 12948]
[12949 12995]
[12996 13053]
[13054 13206]
[13207 13535]
[13536 13598]
[13599 13671]
[13672 13804]
[13805 13882]
[13883 13996]
[13997 14028]
[14029 14064]
[14065 14116]
[14117 14143]
[14144 14224]
[14225 14309]
[14310 14368]
[14369 14426]
[14427 14470]
[14471 14495]
[14496 14525]
[14526 14546]
[14547 14577]
[14578 14606]
[14607 14642]
[14643 14674]
[14675 14716]
[14717 14745]
[14746 14780]
[14781 14869]
[14870 15234]
[15235 15276]
[15277 15394]
[15395 15460]
[15461 15518]
[15519 15634]
[15635 15746]
[15747 15852]
[15853 15964]
[15965 16069]
[16070 16190]
[16191 16274]
[16275 16317]
[16318 16389]
[16390 16430]
[16431 16733]
[16734 16896]
[16897 16996]
[16997 17073]
[17074 17113]
[17114 17213]
[17214 17233]
[17234 17251]
[17252 17304]
[17305 17357]
[17358 17394]
[17395 17470]
[17471 17493]
[17494 17530]
[17531 17577]
[17578 17601]
[17602 17621]
[17622 17668]
[17669 17709]
[17710 17750]
[17751 17795]
[17796 18214]
[18215 18254]
[18255 18313]
[18314 18378]
[18379 18452]
[18453 18498]
[18499 18615]
[18616 18657]
[18658 18704]
[18705 18738]
[18739 18769]
[18770 18815]
[18816 18859]
[18860 18902]
[18903 18938]
[18939 18972]
[18973 19010]
[19011 19050]
[19051 19100]
[19101 19136]
[19137 19173]
[19174 19201]
[19202 19239]
[19240 19612]
[19613 19717]
[19718 19784]
[19785 19849]
[19850 20043]
[20044 20139]
[20140 20220]
[20221 20344]
[20345 20414]
[20415 20707]
[20708 20778]
[20779 20876]
[20877 20904]
[20905 21014]
[21015 21124]
[21125 21190]
[21191 21243]
[21244 21553]
[21554 21690]
[21691 21779]
[21780 21823]
[21824 21912]
[21913 22251]
[22252 22341]
[22342 22400]
[22401 22460]
[22461 22492]
[22493 22556]
[22557 22606]
[22607 22678]
[22679 22767]
[22768 22817]
[22818 22870]
[22871 23001]
[23002 23040]
[23041 23078]
[23079 23119]
[23120 23213]
[23214 23635]
[23636 23753]
[23754 23851]
[23852 23968]
[23969 23988]
[23989 24091]
[24092 24126]
[24127 24258]
[24259 24346]
[24347 24550]
[24551 24624]
[24625 24700]
[24701 25172]
[25173 25249]
