[ 0 26]
[28 47]
[48 67]
[ 69 112]
[114 218]
[220 720]
[721 774]
[775 812]
[813 850]
[851 872]
[873 901]
[902 934]
[935 959]
[960 985]
[ 986 1025]
[1026 1078]
[1079 1116]
[1117 1152]
[1153 1205]
[1206 1241]
[1242 1355]
[1356 1653]
[1654 1706]
[1707 1755]
[1756 1784]
[1785 1802]
[1803 1837]
[1838 1865]
[1866 1907]
[1908 1989]
[1990 2033]
[2034 2081]
[2082 2102]
[2103 2218]
[2219 2283]
[2284 2343]
[2344 2390]
[2391 2456]
[2457 2507]
[2508 2525]
[2526 2567]
[2568 2590]
[2591 2631]
[2632 2786]
[2787 2818]
[2819 2872]
[2873 2930]
[2931 2985]
[2986 3038]
[3039 3115]
[3116 3171]
[3172 3225]
[3226 3262]
[3263 3307]
[3308 3691]
[3692 3801]
[3802 3864]
[3865 3904]
[3905 3949]
[3950 4046]
[4047 4091]
[4092 4181]
[4182 4226]
[4227 4260]
[4261 4293]
[4294 4315]
[4316 4370]
[4371 4404]
[4405 4461]
[4462 4569]
[4570 4633]
[4634 4692]
[4693 4749]
[4750 4904]
[4905 4958]
[4959 5010]
[5011 5063]
[5064 5122]
[5123 5157]
[5158 5207]
[5208 5254]
[5255 5653]
[5654 5727]
[5728 5773]
[5774 5847]
[5848 5879]
[5880 5955]
[5956 5991]
[5992 6024]
[6025 6049]
[6050 6089]
[6090 6113]
[6114 6316]
[6317 6383]
[6384 6436]
[6437 6519]
[6520 6545]
[6546 6620]
[6621 6660]
[6661 6710]
[6711 6769]
[6770 6831]
[6832 6852]
[6853 6906]
[6907 6962]
[6963 6998]
[6999 7055]
[7056 7104]
[7105 7135]
[7136 7189]
[7190 7224]
[7225 7299]
[7300 7581]
[7582 7673]
[7674 7725]
[7726 7782]
[7783 7838]
[7839 7935]
[7936 7976]
[7977 8042]
[8043 8074]
[8075 8132]
[8133 8355]
[8356 8399]
[8400 8461]
[8462 8520]
[8521 8573]
[8574 8612]
[8613 8666]
[8667 8704]
[8705 8794]
[8795 8839]
[8840 8916]
[8917 9207]
[9208 9358]
[9359 9436]
[9437 9504]
[9505 9563]
[9564 9625]
[9626 9649]
[9650 9708]
[9709 9753]
[ 9754 10016]
[10017 10065]
[10066 10178]
[10179 10221]
[10222 10318]
[10319 10410]
[10411 10472]
[10473 10534]
[10535 10581]
[10582 10634]
[10635 10658]
[10659 10765]
[10766 10913]
[10914 10983]
[10984 11092]
[11093 11614]
[11615 11664]
[11665 11676]
[11677 11774]
[11775 11888]
[11889 12063]
[12064 12227]
[12228 12295]
[12296 12440]
[12441 12520]
[12521 12570]
[12571 12607]
[12608 12655]
[12656 12667]
[12668 12765]
[12766 12879]
[12880 13048]
[13049 13150]
[13151 13207]
[13208 13235]
[13236 13273]
[13274 13308]
[13309 13344]
[13345 13390]
[13391 13433]
[13434 13505]
[13506 13575]
[13576 13657]
[13658 13986]
[13987 14071]
[14072 14140]
[14141 14198]
[14199 14269]
[14270 14317]
[14318 14371]
[14372 14428]
[14429 14490]
[14491 14543]
[14544 14799]
[14800 14919]
[14920 14979]
[14980 15295]
[15296 15356]
[15357 15413]
[15414 15446]
[15447 15519]
[15520 15549]
[15550 15607]
[15608 15633]
[15634 15694]
[15695 15748]
[15749 15771]
[15772 15805]
[15806 15853]
[15854 15935]
[15936 15972]
[15973 16005]
[16006 16047]
[16048 16104]
[16105 16143]
[16144 16215]
[16216 16273]
[16274 16332]
[16333 16377]
[16378 16420]
[16421 16464]
[16465 16509]
[16510 16550]
[16551 16775]
[16776 16887]
[16888 16967]
[16968 17008]
[17009 17064]
[17065 17189]
[17190 17266]
[17267 17300]
[17301 17389]
[17390 17416]
[17417 17476]
[17477 17701]
[17702 17755]
[17756 17829]
[17830 17905]
[17906 18012]
[18013 18069]
[18070 18183]
[18184 18269]
[18270 18331]
[18332 18435]
[18436 18479]
[18480 18529]
[18530 18605]
[18606 18702]
[18703 18755]
[18756 19013]
[19014 19063]
[19064 19109]
[19110 19159]
[19160 19211]
[19212 19268]
[19269 19286]
[19287 19332]
[19333 19374]
[19375 19434]
[19435 19466]
[19467 19532]
[19533 19608]
[19609 19650]
[19651 19725]
[19726 19759]
[19760 19840]
[19841 19885]
[19886 19957]
[19958 20027]
[20028 20084]
[20085 20111]
[20112 20148]
[20149 20208]
[20209 20287]
[20288 20340]
[20341 20390]
[20391 20501]
[20502 20546]
[20547 20654]
[20655 21128]
[21129 21316]
[21317 21384]
[21385 21540]
[21541 21641]
[21642 21715]
[21716 21958]
[21959 22116]
[22117 22157]
[22158 22521]
[22522 22576]
[22577 22694]
[22695 22734]
[22735 22789]
[22790 22841]
[22842 22897]
[22898 23000]
[23001 23055]
[23056 23110]
[23111 23195]
[23196 23241]
[23242 23282]
[23283 23333]
[23334 23374]
[23375 23777]
[23778 23901]
[23902 24024]
[24025 24124]
[24125 24222]
[24223 24329]
[24330 24411]
[24412 24494]
[24495 24588]
[24589 24668]
[24669 25071]
[25072 25140]
[25141 25214]
[25215 25276]
[25277 25338]
[25339 25395]
[25396 25474]
[25475 25529]
[25530 25612]
[25613 25698]
[25699 25869]
[25870 25941]
[25942 26023]
[26024 26082]
[26083 26203]
[26204 26273]
[26274 26379]
[26380 26410]
[26411 26465]
[26466 26541]
[26542 26890]
[26891 27001]
[27002 27046]
[27047 27109]
[27110 27159]
[27160 27215]
[27216 27322]
[27323 27411]
[27412 27607]
[27608 27681]
[27682 27815]
[27816 27897]
[27898 27987]
[27988 28061]
[28062 28145]
[28146 28197]
[28198 28286]
[28287 28383]
[28384 28767]
[28768 28858]
[28859 28913]
[28914 28997]
[28998 29068]
[29069 29126]
[29127 29187]
[29188 29262]
[29263 29342]
[29343 29373]
[29374 29418]
[29419 29562]
[29563 29617]
[29618 29699]
[29700 29756]
[29757 29780]
[29781 29827]
[29828 29855]
[29856 29927]
[29928 29972]
[29973 30314]
[30315 30399]
