[ 0 22]
[24 43]
[44 63]
[ 65 108]
[110 186]
[187 515]
[516 568]
[569 604]
[605 634]
[635 662]
[663 695]
[696 721]
[722 751]
[752 785]
[786 819]
[820 856]
[857 887]
[888 914]
[915 944]
[945 988]
[ 989 1023]
[1024 1052]
[1053 1156]
[1157 1604]
[1605 1639]
[1640 1692]
[1693 1739]
[1740 1771]
[1772 1823]
[1824 1882]
[1883 1940]
[1941 2005]
[2006 2059]
[2060 2109]
[2110 2152]
[2153 2333]
[2334 2385]
[2386 2433]
[2434 2482]
[2483 2533]
[2534 2584]
[2585 2747]
[2748 2805]
[2806 2866]
[2867 2923]
[2924 2991]
[2992 3086]
[3087 3402]
[3403 3437]
[3438 3495]
[3496 3548]
[3549 3603]
[3604 3661]
[3662 3706]
[3707 3756]
[3757 3792]
[3793 3843]
[3844 3893]
[3894 3931]
[3932 3962]
[3963 3970]
[3971 4342]
[4343 4423]
[4424 4541]
[4542 4571]
[4572 4607]
[4608 4635]
[4636 4669]
[4670 4782]
[4783 4871]
[4872 4939]
[4940 5037]
[5038 5078]
[5079 5101]
[5102 5164]
[5165 5217]
[5218 5266]
[5267 5371]
[5372 5417]
[5418 5499]
[5500 5852]
[5853 5893]
[5894 5950]
[5952 6028]
[6030 6092]
[6094 6181]
[6182 6294]
[6295 6360]
[6361 6481]
[6482 6516]
[6517 6579]
[6580 6648]
[6649 6700]
[6701 6779]
[6780 6808]
[6809 6861]
[6862 6927]
[6928 7035]
[7036 7074]
[7075 7245]
[7246 7330]
[7331 7394]
[7395 7485]
[7486 7781]
[7782 7902]
[7903 8027]
[8028 8138]
[8139 8231]
[8232 8333]
[8334 8489]
[8490 8574]
[8575 8664]
[8665 8766]
[8767 8877]
[8878 8964]
[8965 9017]
[9018 9141]
[9142 9447]
[9448 9506]
[9507 9610]
[9611 9682]
[9683 9742]
[9743 9802]
[9803 9931]
[ 9932 10019]
[10020 10084]
[10085 10118]
[10119 10195]
[10196 10468]
[10469 10549]
[10550 10600]
[10601 10663]
[10664 10730]
[10731 10781]
[10782 10849]
[10850 10924]
[10925 11003]
[11004 11055]
[11056 11110]
[11111 11167]
[11168 11249]
[11250 11602]
[11603 11669]
[11670 11736]
[11737 11805]
[11806 11875]
[11876 11985]
[11986 12076]
[12077 12133]
[12134 12419]
[12420 12846]
[12847 12920]
[12921 12971]
[12972 13045]
[13046 13127]
[13128 13165]
[13166 13211]
[13212 13291]
[13292 13393]
[13394 13463]
[13464 13581]
[13582 13664]
[13665 13700]
[13701 13757]
[13758 13812]
[13813 13888]
[13889 13960]
[13961 14039]
[14040 14106]
[14107 14336]
[14337 14473]
[14474 14525]
[14526 14585]
[14586 14673]
[14674 14709]
[14710 14778]
[14779 14836]
[14837 14896]
[14897 15060]
[15061 15125]
[15126 15184]
[15185 15307]
[15308 15378]
[15379 15442]
[15443 15541]
[15542 15926]
[15927 16047]
[16049 16101]
[16102 16189]
[16190 16246]
[16247 16326]
[16327 16370]
[16371 16423]
[16424 16466]
[16467 16516]
[16517 16601]
[16602 16632]
[16633 16688]
[16689 16731]
[16732 16784]
[16785 16853]
[16854 16906]
[16907 17058]
[17059 17120]
[17121 17165]
[17166 17436]
[17437 17515]
[17516 17596]
[17597 17687]
[17688 17782]
[17783 17848]
[17849 17894]
[17895 17952]
[17953 18016]
[18017 18093]
[18094 18139]
[18140 18217]
[18218 18541]
[18542 18702]
[18703 18735]
[18736 18857]
[18858 18951]
[18952 19020]
[19021 19069]
[19070 19154]
[19155 19217]
[19218 19285]
[19286 19328]
[19329 19408]
[19409 19956]
[19957 20049]
