[  0 360]
[361 419]
[420 452]
[453 497]
[498 546]
[547 579]
[580 623]
[624 670]
[671 711]
[712 754]
[755 795]
[796 847]
[848 892]
[ 893 1008]
[1009 1463]
[1465 1540]
[1541 1627]
[1628 1709]
[1710 1787]
[1788 1831]
[1832 1866]
[1867 1927]
[1928 1989]
[1990 2010]
[2011 2069]
[2070 2083]
[2084 2126]
[2127 2176]
[2177 2258]
[2259 2296]
[2297 2342]
[2343 2394]
[2395 2465]
[2466 2497]
[2498 2527]
[2528 2586]
[2587 2647]
[2648 2709]
[2710 2776]
[2777 3241]
[3242 3338]
[3339 3389]
[3390 3424]
[3425 3450]
[3451 3488]
[3489 3531]
[3532 3557]
[3558 3601]
[3602 3721]
[3722 3794]
[3795 3884]
[3885 3957]
[3958 4034]
[4035 4071]
[4072 4143]
[4144 4262]
[4263 4339]
[4340 4402]
[4403 4556]
[4557 4624]
[4625 4666]
[4667 4726]
[4727 5255]
[5257 5380]
[5381 5490]
[5491 5588]
[5589 5664]
[5665 5788]
[5789 5852]
[5853 5913]
[5914 5953]
[5954 6011]
[6012 6099]
[6100 6135]
[6136 6167]
[6168 6207]
[6208 6224]
[6225 6293]
[6294 6392]
[6393 6479]
[6480 6563]
[6564 6641]
[6642 6728]
[6729 7258]
[7259 7312]
[7313 7373]
[7374 7449]
[7450 7580]
[7581 7621]
[7622 7682]
[7683 7740]
[7741 7793]
[7794 7848]
[7849 7924]
[7925 8001]
[8002 8052]
[8053 8107]
[8108 8155]
[8156 8235]
[8236 8280]
[8281 8418]
[8419 8860]
[8863 8952]
[8953 8998]
[8999 9048]
[9049 9085]
[9086 9234]
[9235 9403]
[9404 9432]
[9433 9490]
[9491 9615]
[9616 9638]
[9639 9641]
[9642 9692]
[9693 9765]
[9766 9823]
[9824 9859]
[9860 9889]
[9890 9908]
[9909 9945]
[9946 9974]
[ 9975 10033]
[10034 10085]
[10086 10162]
[10163 10440]
[10441 10504]
[10505 10585]
[10586 10681]
[10682 10740]
[10741 10802]
[10803 10845]
[10846 10900]
[10901 10975]
[10976 11026]
[11027 11084]
[11085 11165]
[11166 11218]
[11219 11241]
[11242 11308]
[11309 11360]
[11361 11417]
[11418 11511]
[11512 11545]
[11546 11821]
[11822 12077]
[12078 12097]
[12098 12138]
[12139 12148]
[12149 12183]
[12184 12232]
[12233 12289]
[12290 12337]
[12338 12388]
[12389 12439]
[12440 12448]
[12449 12469]
[12470 12477]
[12478 12489]
[12490 12498]
[12499 12509]
[12510 12529]
[12530 12539]
[12540 12559]
[12560 12724]
[12725 13026]
[13027 13173]
[13174 13280]
[13281 13374]
[13375 13535]
[13536 13653]
[13654 14001]
[14003 14258]
[14259 14313]
[14314 14403]
[14404 14465]
[14466 14592]
[14593 14665]
[14666 14819]
[14820 14923]
[14924 15040]
[15041 15114]
[15115 15189]
[15190 15307]
[15308 15572]
[15573 15698]
[15699 15911]
[15912 16010]
[16011 16094]
[16095 16219]
[16220 16261]
[16262 16506]
[16507 16771]
[16772 16848]
[16849 17101]
[17102 17170]
[17171 17236]
[17237 17297]
[17298 17351]
[17352 17485]
[17486 17576]
[17577 17731]
[17732 17793]
[17794 17867]
[17868 17978]
[17979 18137]
[18138 18414]
[18415 18456]
[18457 18584]
[18585 18632]
[18633 18689]
[18690 18745]
[18746 18801]
[18802 18845]
[18846 18902]
[18903 18993]
[18994 19074]
[19075 19197]
[19198 19248]
[19249 19287]
[19288 19335]
[19336 19377]
[19378 19425]
[19426 19461]
[19462 19502]
[19503 19543]
[19544 19635]
[19636 20383]
[20384 20451]
[20452 20553]
[20554 20718]
[20719 20823]
[20824 21083]
[21084 21231]
[21232 21318]
[21319 21364]
[21365 21409]
[21410 21473]
[21474 21779]
[21781 21984]
[21986 22189]
[22190 22402]
[22404 22615]
[22616 22636]
[22637 22720]
[22721 22810]
[22811 23344]
[23345 23447]
[23448 23477]
[23478 23533]
[23534 23576]
[23577 23695]
[23696 23840]
[23841 23895]
[23896 24123]
[24124 24407]
[24408 24580]
[24581 24750]
[24751 24858]
[24859 25185]
[25186 25303]
[25304 25368]
[25369 25430]
[25431 25543]
[25544 25683]
[25684 25729]
[25730 25803]
[25804 25858]
[25859 25927]
[25928 25997]
[25998 26044]
[26045 26098]
[26099 26446]
[26447 26530]
[26531 26556]
[26557 26592]
[26593 26637]
[26638 26676]
[26677 26801]
[26802 26990]
[26991 27046]
[27047 27079]
[27080 27120]
[27121 27152]
[27153 27245]
[27246 27326]
[27327 27363]
[27364 27428]
[27429 27489]
[27490 27545]
[27546 27611]
[27612 27688]
[27689 27807]
[27808 28021]
[28022 28141]
[28142 28216]
[28217 28279]
[28280 28319]
[28320 28381]
[28382 28406]
[28407 28442]
[28443 28472]
[28473 28503]
[28504 28554]
[28555 28584]
[28585 28636]
[28637 28687]
[28688 28747]
[28748 28820]
[28821 28845]
[28846 28877]
[28878 28964]
[28965 28988]
[28989 29016]
[29017 29066]
[29067 29375]
[29376 29495]
[29496 29578]
[29579 29654]
[29655 29701]
[29702 29763]
[29764 29790]
[29791 29826]
[29827 29911]
[29912 29945]
[29946 29997]
[29998 30051]
[30052 30087]
[30088 30136]
[30137 30179]
[30180 30212]
[30213 30240]
[30241 30275]
[30276 30331]
[30332 30364]
[30365 30404]
[30405 30452]
[30453 30495]
[30496 30525]
[30526 30555]
[30556 30894]
[30895 31001]
[31002 31074]
[31075 31225]
[31226 31291]
[31292 31414]
[31415 31482]
[31483 31592]
[31593 31666]
[31667 31732]
[31733 31794]
[31795 31838]
[31839 31908]
[31909 31969]
[31970 32567]
[32568 32649]
