[ 0 18]
[ 19 289]
[290 346]
[347 404]
[405 436]
[437 475]
[476 512]
[513 548]
[549 597]
[598 635]
[636 687]
[688 722]
[723 783]
[784 823]
[824 934]
[ 935 1389]
[1390 1514]
[1515 1575]
[1576 1624]
[1625 1706]
[1707 1749]
[1750 1815]
[1816 1867]
[1868 1943]
[1944 2022]
[2023 2166]
[2167 2215]
[2216 2304]
[2305 2386]
[2387 2449]
[2450 2532]
[2533 2616]
[2617 2700]
[2701 2836]
[2837 3407]
[3408 3470]
[3471 3496]
[3497 3543]
[3544 3590]
[3591 3668]
[3669 3821]
[3822 4108]
[4109 4195]
[4196 4276]
[4277 4380]
[4381 4504]
[4505 4807]
[4808 4888]
[4889 4932]
[4933 4975]
[4976 5010]
[5011 5055]
[5056 5098]
[5099 5141]
[5142 5514]
[5515 5601]
[5602 5668]
[5669 5692]
[5693 5791]
[5792 5834]
[5835 5905]
[5906 5968]
[5969 6010]
[6011 6069]
[6070 6114]
[6115 6190]
[6191 6251]
[6252 6298]
[6299 6358]
[6359 6425]
[6426 6475]
[6476 6506]
[6507 6548]
[6549 6615]
[6616 6680]
[6681 6713]
[6714 6782]
[6783 6828]
[6830 6894]
[6895 6945]
[6946 7448]
[7449 7477]
[7478 7516]
[7517 7557]
[7558 7608]
[7609 7615]
[7616 7675]
[7676 7700]
[7701 7813]
[7814 7894]
[7895 7925]
[7926 7977]
[7978 8026]
[8027 8053]
[8054 8151]
[8152 8178]
[8179 8222]
[8223 8285]
[8286 8322]
[8323 8459]
[8460 8535]
[8536 8629]
[8630 8709]
[8710 8745]
[8746 8798]
[8799 8852]
[8853 8897]
[8898 8938]
[8939 8972]
[8973 9004]
[9005 9037]
[9038 9100]
[9101 9499]
[9501 9547]
[9548 9575]
[9576 9615]
[9616 9634]
[9635 9674]
[9675 9716]
[9717 9755]
[9756 9881]
[9882 9935]
[ 9936 10079]
[10080 10132]
[10133 10136]
[10137 10255]
[10256 10300]
[10301 10359]
[10360 10421]
[10422 10445]
[10446 10496]
[10497 10631]
[10632 10639]
[10640 10698]
[10699 10741]
[10742 10905]
[10906 10947]
[10948 10994]
[10995 11058]
[11059 11147]
[11148 11189]
[11190 11229]
[11230 11260]
[11261 11339]
[11340 11793]
[11794 11899]
[11900 11970]
[11971 12029]
[12030 12089]
[12090 12176]
[12177 12250]
[12251 12305]
[12306 12389]
[12390 12492]
[12493 12549]
[12550 12621]
[12622 12688]
[12689 12751]
[12752 12795]
[12796 12847]
[12848 13060]
[13061 13144]
[13145 13227]
[13228 13315]
[13316 13402]
[13403 13482]
[13483 13566]
[13567 13650]
[13651 13724]
[13725 13799]
[13800 13899]
[13900 13987]
[13988 14301]
[14302 14410]
[14411 14519]
[14520 14644]
[14645 14764]
[14765 14851]
[14852 14956]
[14957 15004]
[15005 15196]
[15197 15287]
[15288 15320]
[15321 15360]
[15361 16162]
[16163 16519]
[16520 16633]
[16634 16749]
[16750 16867]
[16868 16986]
[16987 17100]
[17101 17226]
[17227 17412]
[17413 17482]
[17483 17551]
[17552 17594]
[17595 17650]
[17651 17717]
[17718 17755]
[17756 17854]
[17855 18225]
[18226 18314]
[18315 18378]
[18379 18480]
[18481 18530]
[18531 18658]
[18659 18724]
[18725 18829]
[18830 18882]
[18883 18914]
[18915 19094]
[19095 19148]
[19149 19195]
[19196 19266]
[19267 19305]
[19306 19364]
[19365 19412]
[19413 19448]
[19449 19537]
[19538 19899]
[19900 20010]
[20011 20100]
[20101 20205]
[20206 20314]
[20315 20413]
[20414 20492]
[20493 20569]
[20570 20641]
[20642 20722]
[20723 20794]
[20795 20878]
[20879 20955]
[20956 21025]
[21026 21112]
[21113 21191]
[21192 21501]
[21502 21576]
[21577 21649]
[21650 21723]
[21724 21799]
[21800 21889]
[21890 22015]
[22016 22128]
[22129 22215]
[22216 22299]
[22300 22369]
[22370 22424]
[22425 22501]
[22502 22576]
[22577 22632]
[22633 22707]
[22708 22763]
[22764 22838]
[22839 23146]
[23147 23298]
[23299 23446]
[23447 23550]
[23551 23671]
[23672 23729]
[23730 23819]
[23820 23926]
[23927 23985]
[23986 24337]
[24338 24405]
[24406 24517]
[24518 24599]
[24600 24663]
[24664 24763]
[24764 24896]
[24897 24986]
[24987 25047]
[25048 25140]
[25141 25180]
[25181 25250]
[25251 25754]
[25755 25818]
[25819 25872]
[25873 25934]
[25935 25995]
[25996 26017]
[26018 26106]
[26107 26177]
[26178 26200]
[26201 26277]
[26278 26333]
[26334 26456]
[26457 26673]
[26674 26745]
[26746 26807]
[26808 26879]
[26880 26941]
[26942 26958]
[26959 27032]
[27033 27069]
[27070 27097]
[27098 27180]
[27181 27247]
[27248 27320]
[27321 27348]
[27349 27428]
[27429 27493]
[27494 27554]
[27555 27629]
[27630 27687]
[27688 27824]
[27825 27916]
[27917 28025]
[28026 28114]
[28115 28181]
[28182 28354]
[28355 28442]
[28443 28574]
[28575 28732]
[28733 28845]
[28846 29284]
[29285 29349]
