[ 0 12]
[ 13 360]
[361 415]
[416 442]
[443 479]
[480 518]
[519 542]
[543 580]
[581 604]
[605 626]
[627 645]
[646 668]
[669 793]
[794 833]
[834 875]
[ 876 1000]
[1001 1367]
[1368 1442]
[1443 1481]
[1482 1521]
[1522 1577]
[1578 1616]
[1617 1653]
[1654 1704]
[1705 1803]
[1804 1844]
[1845 1880]
[1881 1920]
[1921 1976]
[1977 2038]
[2039 2085]
[2086 2142]
[2143 2192]
[2193 2258]
[2259 2565]
[2566 2616]
[2617 2691]
[2692 2728]
[2729 2783]
[2784 2832]
[2833 3168]
[3169 3389]
[3390 3459]
[3460 3495]
[3496 3540]
[3541 3608]
[3609 3667]
[3668 3718]
[3719 4383]
[4384 4441]
[4442 4491]
[4492 4539]
[4540 4584]
[4585 4629]
[4630 4690]
[4691 4739]
[4740 4765]
[4766 4826]
[4827 4897]
[4898 4994]
[4995 5064]
[5065 5121]
[5122 5138]
[5139 5227]
[5228 5297]
[5298 5399]
[5400 5434]
[5435 5469]
[5470 5521]
[5522 5573]
[5574 5627]
[5628 5908]
[5909 5951]
[5952 5991]
[5992 6046]
[6047 6088]
[6089 6140]
[6141 6272]
[6273 6326]
[6327 6370]
[6371 6586]
[6587 6622]
[6623 6662]
[6663 6690]
[6691 6736]
[6737 6788]
[6789 6819]
[6820 7025]
[7026 7073]
[7074 7098]
[7099 7127]
[7128 7164]
[7165 7195]
[7196 7651]
[7653 7751]
[7752 7804]
[7805 7869]
[7870 7934]
[7935 7995]
[7996 8041]
[8042 8086]
[8087 8123]
[8124 8142]
[8143 8225]
[8226 8337]
[8338 8371]
[8372 8418]
[8419 8438]
[8439 8463]
[8464 8506]
[8507 8586]
[8587 8633]
[8634 8656]
[8657 8713]
[8714 8811]
[8812 8860]
[8861 8918]
[8919 9000]
[9001 9105]
[9106 9154]
[9155 9251]
[9252 9346]
[9347 9393]
[9394 9433]
[9434 9460]
[9461 9530]
[9531 9567]
[9568 9611]
[9612 9701]
[ 9702 10030]
[10031 10190]
[10191 10298]
[10299 10539]
[10540 10619]
[10620 10659]
[10660 10719]
[10720 10773]
[10774 10841]
[10842 11147]
[11148 11259]
[11260 11311]
[11312 11462]
[11463 11603]
[11604 11796]
[11797 11882]
[11883 11983]
[11984 12275]
[12276 12357]
[12358 12426]
[12427 12573]
[12574 12675]
[12676 12954]
[12955 13092]
[13093 13222]
[13223 13289]
[13290 13462]
[13463 13763]
[13764 13905]
[13906 14039]
[14040 14286]
[14287 14366]
[14367 14476]
[14477 14539]
[14540 14603]
[14604 14685]
[14686 14760]
[14761 14837]
[14838 14906]
[14907 14982]
[14983 15034]
[15035 15095]
[15096 15404]
[15405 15515]
[15516 15597]
[15598 15680]
[15681 15815]
[15816 15923]
[15924 16066]
[16067 16149]
[16150 16235]
[16236 16326]
[16327 16392]
[16393 16673]
[16675 16764]
[16765 16820]
[16821 16861]
[16862 16921]
[16922 16983]
[16984 17126]
[17127 17194]
[17195 17278]
[17279 17339]
[17340 17394]
[17395 17519]
[17520 17552]
[17553 17598]
[17599 17654]
[17655 17687]
[17688 17701]
[17702 17755]
[17756 17804]
[17805 17959]
[17960 18606]
[18607 18671]
[18672 18749]
[18750 18778]
[18779 18822]
[18823 18941]
[18942 19005]
[19006 19071]
[19072 19186]
[19187 19236]
[19237 19317]
[19318 19418]
[19419 19542]
[19543 19600]
[19601 19663]
[19664 19698]
[19699 19780]
[19781 19911]
[19912 20020]
[20021 20048]
[20049 20195]
[20196 20271]
[20272 20307]
[20308 20361]
[20362 20400]
[20401 20446]
[20447 20492]
[20493 20548]
[20549 20581]
[20582 20610]
[20611 20642]
[20643 20936]
[20937 20985]
[20986 21042]
[21043 21113]
[21114 21201]
[21202 21485]
[21486 21528]
[21529 21575]
[21576 21620]
[21621 21657]
[21658 21700]
[21701 21747]
[21748 21793]
[21794 21840]
[21841 21885]
[21886 21926]
[21927 22046]
[22047 22090]
[22091 22150]
[22151 22246]
[22247 22295]
[22296 22343]
[22344 22399]
[22400 22442]
[22443 22501]
[22502 22565]
[22566 22634]
[22635 22970]
[22971 23036]
[23037 23112]
[23113 23214]
[23215 23270]
[23271 23366]
[23367 23464]
[23465 23573]
[23574 23640]
[23641 23734]
[23735 23854]
[23855 23940]
[23941 24035]
[24036 24073]
[24074 24231]
[24232 24397]
[24399 24459]
[24460 24578]
[24579 24703]
[24704 24738]
[24739 24806]
[24808 24852]
[24853 24894]
[24895 24925]
[24926 24989]
[24990 25027]
[25029 25164]
[25165 25195]
[25196 25402]
[25403 25487]
[25488 25554]
[25555 25610]
[25611 25941]
[25942 26158]
[26159 26268]
[26269 26310]
[26311 26370]
[26371 26423]
[26424 26460]
[26461 26504]
[26505 26570]
[26571 26591]
[26592 26819]
[26821 26858]
[26859 26903]
[26904 27003]
[27004 27103]
[27104 27203]
[27204 27300]
[27301 27685]
[27686 27799]
