[ 0 16]
[ 17 353]
[354 415]
[416 457]
[458 498]
[499 542]
[543 583]
[584 603]
[604 635]
[636 666]
[667 761]
[762 788]
[789 844]
[ 845 1598]
[1599 1640]
[1641 1694]
[1695 1742]
[1743 1814]
[1815 1877]
[1878 1953]
[1954 2001]
[2002 2248]
[2249 2398]
[2399 2454]
[2455 2506]
[2507 2578]
[2579 2639]
[2640 2700]
[2701 2768]
[2769 2956]
[2957 2983]
[2984 3084]
[3085 3148]
[3149 3170]
[3171 3215]
[3216 3237]
[3238 3288]
[3289 3341]
[3342 3688]
[3690 3756]
[3757 3800]
[3801 3841]
[3842 3877]
[3878 3911]
[3912 3956]
[3957 3996]
[3997 4065]
[4066 4122]
[4123 4168]
[4169 4206]
[4207 4258]
[4259 4474]
[4475 4516]
[4517 4558]
[4559 4672]
[4673 4726]
[4727 4835]
[4836 4891]
[4892 4905]
[4906 4952]
[4953 4998]
[4999 5079]
[5080 5623]
[5624 5792]
[5793 5966]
[5967 6032]
[6033 6217]
[6218 6264]
[6265 6316]
[6317 6354]
[6355 6395]
[6396 6445]
[6446 6531]
[6532 6640]
[6641 6749]
[6750 6870]
[6871 6981]
[6982 7038]
[7039 7086]
[7087 7137]
[7138 7183]
[7184 7252]
[7253 7339]
[7340 7741]
[7742 7792]
[7793 7849]
[7850 7911]
[7912 7973]
[7974 8101]
[8102 8161]
[8162 8213]
[8214 8280]
[8281 8328]
[8329 8359]
[8360 8535]
[8536 8654]
[8655 8692]
[8693 8721]
[8722 8752]
[8753 8791]
[8792 8833]
[8834 8871]
[8872 8909]
[8910 9137]
[9138 9169]
[9170 9215]
[9216 9263]
[9264 9305]
[9306 9345]
[9346 9383]
[9384 9737]
[9738 9840]
[9841 9903]
[ 9904 10116]
[10117 10177]
[10178 10236]
[10237 10290]
[10291 10359]
[10360 10399]
[10400 10521]
[10522 10615]
[10616 10725]
[10726 10893]
[10894 10982]
[10983 11046]
[11047 11104]
[11105 11152]
[11153 11204]
[11205 11258]
[11259 11291]
[11292 11359]
[11360 11769]
[11770 12111]
[12112 12707]
[12708 13043]
[13044 13271]
[13272 13319]
[13320 13374]
[13375 13475]
[13476 13539]
[13540 13571]
[13572 13602]
[13603 13678]
[13679 13751]
[13752 13810]
[13811 13885]
[13886 14299]
[14300 14337]
[14338 14402]
[14403 14478]
[14479 14550]
[14551 14618]
[14619 14638]
[14639 14682]
[14683 14721]
[14722 14754]
[14755 14836]
[14837 14875]
[14876 14945]
[14946 15183]
[15184 15338]
[15339 15467]
[15468 15933]
[15934 16005]
[16006 16078]
[16079 16147]
[16148 16611]
[16612 16971]
[16972 17029]
[17030 17113]
[17114 17150]
[17151 17236]
[17237 17332]
[17333 17401]
[17402 17469]
[17470 17534]
[17535 17786]
[17787 17851]
[17852 17923]
[17924 18015]
[18016 18077]
[18078 18135]
[18136 18296]
[18297 18365]
[18366 18403]
[18404 18443]
[18444 18476]
[18477 18544]
[18545 18592]
[18593 18625]
[18626 18656]
[18657 18731]
[18732 18988]
[18989 19130]
[19131 19233]
[19234 19377]
[19378 19755]
[19756 19799]
[19800 19896]
[19897 19998]
[19999 20059]
[20060 20132]
[20133 20247]
[20248 20287]
[20288 20383]
[20384 20452]
[20453 20514]
[20515 20669]
[20670 20749]
[20750 20871]
[20872 21000]
[21001 21065]
[21066 21155]
[21156 21269]
[21270 21328]
[21329 21683]
[21684 21747]
[21748 21795]
[21796 21851]
[21852 21887]
[21888 22012]
[22013 22100]
[22101 22151]
[22152 22191]
[22192 22318]
[22319 22367]
[22368 22537]
[22538 22600]
[22601 22643]
[22644 22696]
[22697 22766]
[22767 23035]
[23036 23184]
[23185 23310]
[23311 23361]
[23362 23439]
[23440 23483]
[23484 23545]
[23546 23633]
[23634 23775]
[23776 23845]
[23846 23905]
[23906 23961]
[23962 24078]
[24079 24161]
[24162 24261]
[24262 24430]
[24431 24475]
[24476 24617]
[24618 24947]
[24948 25053]
[25054 25162]
[25163 25236]
[25237 25273]
[25274 25354]
[25355 25405]
[25406 25498]
[25499 25529]
[25530 25571]
[25572 25626]
[25627 25672]
[25673 25769]
[25770 25830]
[25831 25889]
[25890 25945]
[25946 26001]
[26002 26081]
[26082 26161]
[26162 26239]
[26240 26301]
[26302 26588]
[26589 26627]
[26628 26774]
[26776 26875]
[26876 26939]
[26940 27002]
[27003 27052]
[27053 27094]
[27095 27150]
[27151 27209]
[27210 27236]
[27237 27280]
[27281 27329]
[27330 27364]
[27365 27430]
[27431 27535]
[27536 27617]
[27618 27670]
[27671 27727]
[27728 27752]
[27753 27799]
[27800 27838]
[27839 27872]
[27873 27946]
[27947 28203]
[28204 28276]
[28277 28321]
[28322 28400]
[28401 28457]
[28458 28484]
[28485 28550]
[28551 28576]
[28577 28645]
[28646 28802]
[28803 29007]
[29008 29065]
[29066 29141]
[29142 29210]
[29211 29269]
[29270 29474]
[29475 29540]
[29541 29597]
[29598 29646]
[29647 29739]
[29740 29824]
[29825 29853]
[29854 29909]
[29910 29961]
[29962 30014]
[30015 30092]
[30093 30124]
[30125 30217]
[30218 30242]
[30243 30282]
[30283 30336]
[30337 30420]
[30421 30479]
[30480 30911]
[30912 30999]
