[ 0 39]
[ 40 345]
[346 398]
[399 434]
[435 464]
[465 492]
[493 525]
[526 556]
[557 586]
[587 615]
[616 649]
[650 686]
[687 717]
[718 744]
[745 819]
[ 820 1540]
[1541 1602]
[1603 1671]
[1672 1732]
[1733 1780]
[1781 1829]
[1830 1876]
[1877 1927]
[1928 1995]
[1996 2036]
[2037 2104]
[2105 2146]
[2147 2205]
[2206 2265]
[2266 2314]
[2315 2353]
[2354 2658]
[2659 2838]
[2839 2893]
[2894 2951]
[2952 3010]
[3011 3068]
[3069 3132]
[3133 3205]
[3206 3275]
[3276 3333]
[3334 3401]
[3402 3483]
[3484 3535]
[3536 3620]
[3621 3681]
[3682 4084]
[4085 4169]
[4170 4201]
[4202 4283]
[4284 4329]
[4330 4445]
[4446 4524]
[4525 4563]
[4564 4604]
[4605 4636]
[4637 4668]
[4669 4791]
[4792 4809]
[4810 4863]
[4864 4879]
[4880 4909]
[4910 4956]
[4957 4982]
[4983 5030]
[5031 5235]
[5236 5283]
[5284 5339]
[5340 5368]
[5369 5422]
[5423 5452]
[5453 5526]
[5527 5577]
[5578 5666]
[5667 5753]
[5754 6049]
[6050 6080]
[6081 6133]
[6134 6159]
[6160 6207]
[6208 6256]
[6257 6304]
[6305 6350]
[6351 6378]
[6379 6426]
[6427 6484]
[6485 6549]
[6550 6566]
[6567 6644]
[6645 6679]
[6680 6745]
[6746 6797]
[6798 6837]
[6838 6895]
[6896 6925]
[6926 6971]
[6972 7052]
[7053 7312]
[7313 7561]
[7562 7638]
[7639 7700]
[7701 7781]
[7782 7832]
[7833 7936]
[7937 8013]
[8014 8146]
[8147 8222]
[8223 8306]
[8307 8334]
[8335 8416]
[8417 8444]
[8445 8471]
[8472 8490]
[8491 8554]
[8555 8646]
[8647 8698]
[8699 8763]
[8764 8782]
[8783 8809]
[8810 8856]
[8857 8887]
[8888 8929]
[8930 8948]
[8949 9067]
[9068 9468]
[9469 9548]
[9549 9602]
[9603 9674]
[9675 9752]
[9753 9843]
[ 9844 10012]
[10013 10088]
[10089 10152]
[10153 10242]
[10243 10348]
[10349 10439]
[10440 10540]
[10541 10603]
[10604 10696]
[10697 10729]
[10730 10781]
[10782 10823]
[10824 10885]
[10886 10936]
[10937 10987]
[10988 11034]
[11035 11075]
[11076 11116]
[11117 11151]
[11152 11185]
[11186 11220]
[11221 11257]
[11258 11293]
[11294 11380]
[11381 11666]
[11667 11716]
[11717 11783]
[11784 11870]
[11871 11942]
[11943 12026]
[12027 12112]
[12113 12170]
[12171 12221]
[12222 12315]
[12316 12396]
[12397 12443]
[12444 12710]
[12711 12789]
[12790 12861]
[12862 12937]
[12938 12987]
[12988 13053]
[13054 13114]
[13115 13168]
[13169 13232]
[13233 13274]
[13275 13324]
[13325 13366]
[13367 13601]
[13602 13962]
[13963 14072]
[14073 14127]
[14128 14217]
[14218 14290]
[14291 14341]
[14342 14746]
[14747 14832]
[14833 14944]
[14945 15031]
[15032 15106]
[15107 15156]
[15157 15227]
[15228 15309]
[15310 15406]
[15407 15474]
[15475 15567]
[15568 15621]
[15622 15693]
[15694 15753]
[15754 15981]
[15982 16070]
[16071 16157]
[16158 16220]
[16221 16282]
[16283 16374]
[16375 16450]
[16451 16552]
[16553 16635]
[16636 16725]
[16726 16852]
[16853 16930]
[16931 17018]
[17019 17304]
[17305 17398]
[17399 17521]
[17522 17584]
[17585 17634]
[17635 17777]
[17778 17812]
[17813 17938]
[17939 17984]
[17985 18141]
[18142 18510]
[18511 18583]
[18584 18657]
[18658 18746]
[18747 18835]
[18836 18933]
[18934 18980]
[18981 19094]
[19095 19158]
[19159 19259]
[19260 19330]
[19331 19433]
[19434 19492]
[19493 19543]
[19544 19590]
[19591 19631]
[19632 19672]
[19673 19737]
[19738 19782]
[19783 19832]
[19833 19937]
[19938 20052]
[20053 20364]
[20365 20429]
[20430 20488]
[20489 20549]
[20550 20653]
[20654 20702]
[20703 20791]
[20792 20861]
[20862 20918]
[20919 21010]
[21011 21101]
[21102 21187]
[21188 21237]
[21238 21290]
[21291 21378]
[21379 21531]
[21532 21606]
[21607 21664]
[21665 21813]
[21814 21883]
[21884 22034]
[22035 22153]
[22154 22300]
[22301 22442]
[22443 22476]
[22477 22527]
[22528 22579]
[22580 22616]
[22617 22685]
[22686 22725]
[22726 22766]
[22767 22850]
[22851 22884]
[22885 22918]
[22919 22962]
[22963 23069]
[23070 23138]
[23139 23193]
[23194 23241]
[23242 23293]
[23294 23337]
[23338 23383]
[23384 23412]
[23413 23483]
[23484 23609]
[23610 23981]
[23982 24072]
[24073 24140]
[24141 24211]
[24212 24240]
[24241 24279]
[24280 24370]
[24371 24439]
[24440 24487]
[24488 24520]
[24521 24605]
[24606 24679]
[24680 24771]
[24772 24842]
[24843 24896]
[24897 25197]
[25198 25264]
[25265 25301]
[25302 25345]
[25346 25415]
[25416 25523]
[25524 25614]
[25615 25650]
[25651 25710]
[25711 25762]
[25763 25851]
[25852 25915]
[25916 25986]
[25987 26070]
[26071 26119]
[26120 26171]
[26172 26576]
[26577 26634]
[26635 26686]
[26687 26738]
[26739 26791]
[26792 26848]
[26849 26896]
[26897 26962]
[26963 27022]
[27023 27138]
[27139 27212]
[27213 27287]
[27288 27382]
[27383 27507]
[27508 27559]
[27560 27611]
[27612 27670]
[27671 27725]
[27726 27771]
[27772 27816]
[27817 27853]
[27854 28271]
[28272 28349]
