[ 0 27]
[ 28 402]
[403 450]
[451 493]
[494 534]
[535 576]
[577 618]
[619 660]
[661 741]
[742 783]
[784 901]
[ 902 1034]
[1035 1398]
[1399 1478]
[1479 1520]
[1521 1658]
[1659 1723]
[1724 1767]
[1768 1812]
[1813 1870]
[1871 1914]
[1915 1975]
[1976 2068]
[2069 2156]
[2157 2229]
[2230 2365]
[2366 2533]
[2534 2597]
[2598 2659]
[2660 2748]
[2749 2837]
[2838 2929]
[2930 3016]
[3017 3424]
[3425 3514]
[3515 3595]
[3596 3661]
[3662 3756]
[3757 3850]
[3851 3971]
[3972 4046]
[4047 4105]
[4106 4124]
[4125 4204]
[4205 4274]
[4275 4338]
[4339 4436]
[4437 4476]
[4477 4797]
[4798 4827]
[4828 4918]
[4919 5068]
[5069 5129]
[5130 5193]
[5194 5267]
[5268 5333]
[5334 5405]
[5406 5464]
[5465 5530]
[5531 5574]
[5575 5645]
[5646 5709]
[5710 5769]
[5770 5836]
[5837 5883]
[5884 5931]
[5932 5995]
[5996 6069]
[6070 6135]
[6136 6169]
[6170 6253]
[6254 6337]
[6338 6748]
[6749 6774]
[6775 6830]
[6831 6889]
[6890 6944]
[6945 6980]
[6981 7015]
[7016 7040]
[7041 7067]
[7068 7148]
[7149 7211]
[7212 7297]
[7298 7325]
[7326 7364]
[7365 7387]
[7388 7400]
[7401 7465]
[7466 7494]
[7495 7539]
[7540 7558]
[7559 7641]
[7642 7681]
[7682 7708]
[7709 7753]
[7754 7790]
[7791 7821]
[7822 7863]
[7864 7922]
[7923 7944]
[7945 8050]
[8051 8075]
[8076 8119]
[8120 8147]
[8148 8196]
[8197 8220]
[8221 8261]
[8262 8282]
[8283 8324]
[8325 8657]
[8658 8714]
[8715 8763]
[8764 8801]
[8802 8831]
[8832 8860]
[8861 9079]
[9080 9245]
[9246 9290]
[9291 9338]
[9339 9386]
[9387 9439]
[9440 9471]
[9472 9510]
[9511 9724]
[9725 9768]
[9769 9800]
[9801 9855]
[9856 9895]
[9896 9936]
[9937 9993]
[ 9994 10046]
[10047 10093]
[10094 10168]
[10169 10226]
[10227 10266]
[10267 10301]
[10302 10364]
[10365 10487]
[10488 10830]
[10831 10941]
[10942 11103]
[11104 11222]
[11223 11350]
[11351 11436]
[11437 11515]
[11516 11692]
[11693 11755]
[11756 11806]
[11807 11920]
[11921 12091]
[12092 12388]
[12389 12472]
[12473 12636]
[12637 12786]
[12787 12870]
[12871 12994]
[12995 13057]
[13058 13137]
[13138 13173]
[13174 13288]
[13289 13594]
[13595 13628]
[13629 13670]
[13671 13732]
[13733 13929]
[13930 14020]
[14021 14058]
[14059 14219]
[14220 14259]
[14260 14301]
[14302 14363]
[14364 14420]
[14421 14735]
[14736 14771]
[14772 14805]
[14806 14844]
[14845 14898]
[14899 14962]
[14963 15036]
[15037 15068]
[15069 15130]
[15131 15180]
[15181 15238]
[15239 15283]
[15284 15323]
[15324 15369]
[15370 15413]
[15414 15450]
[15451 15493]
[15494 15540]
[15541 15607]
[15608 15656]
[15657 16017]
[16018 16049]
[16050 16101]
[16102 16204]
[16205 16261]
[16262 16394]
[16395 16461]
[16462 16513]
[16514 16591]
[16592 16635]
[16636 16686]
[16687 16765]
[16766 16822]
[16823 16890]
[16891 16951]
[16952 16999]
[17000 17051]
[17052 17104]
[17105 17159]
[17160 17211]
[17212 17295]
[17296 17412]
[17413 17459]
[17460 17546]
[17547 17602]
[17603 17637]
[17638 17679]
[17680 17725]
[17726 17782]
[17783 17857]
[17858 17920]
[17921 18031]
[18032 18678]
[18679 19125]
[19127 19478]
[19479 19548]
[19549 19660]
[19661 19729]
[19730 19859]
[19860 20209]
[20210 20238]
[20239 20311]
[20312 20386]
[20387 20461]
[20462 20535]
[20536 20610]
[20611 20686]
[20687 20761]
[20762 20836]
[20837 20937]
[20938 21002]
[21003 21099]
[21100 21149]
[21150 21196]
[21197 21231]
[21232 21264]
[21265 21581]
[21582 21633]
[21634 21699]
[21700 22236]
[22237 22276]
[22277 22355]
[22356 22462]
[22463 22518]
[22519 22673]
[22674 22710]
[22711 22785]
[22786 22834]
[22835 22890]
[22891 22947]
[22948 23001]
[23002 23293]
[23294 23417]
[23418 23452]
[23453 23493]
[23494 23583]
[23584 23797]
[23798 23855]
[23856 23916]
[23917 23970]
[23971 24033]
[24034 24087]
[24088 24143]
[24144 24190]
[24191 24636]
[24637 24772]
[24773 24862]
[24863 25010]
[25011 25122]
[25123 25218]
[25219 25328]
[25329 25441]
[25442 25536]
[25537 25851]
[25852 25973]
[25974 26054]
[26055 26246]
[26247 26331]
[26332 26383]
[26384 26430]
[26431 26459]
[26460 26485]
[26486 26534]
[26535 26563]
[26564 26635]
[26636 26787]
[26788 26866]
[26867 27295]
[27297 27349]
