[0 9]
[ 11 341]
[342 397]
[398 428]
[429 452]
[453 481]
[482 506]
[507 526]
[527 570]
[572 611]
[612 648]
[649 773]
[774 827]
[828 844]
[845 870]
[871 976]
[ 977 1539]
[1540 1677]
[1678 1773]
[1774 1811]
[1812 1836]
[1837 1880]
[1881 1914]
[1915 1958]
[1959 1978]
[1979 2069]
[2070 2123]
[2124 2191]
[2192 2260]
[2261 2314]
[2315 2376]
[2377 2475]
[2476 2537]
[2538 2590]
[2591 2869]
[2870 2916]
[2917 2960]
[2961 3113]
[3114 3430]
[3431 3508]
[3509 3579]
[3580 3668]
[3669 3736]
[3737 3839]
[3840 3949]
[3950 4042]
[4043 4103]
[4104 4159]
[4160 4222]
[4223 4290]
[4291 4356]
[4357 4474]
[4475 4525]
[4526 4613]
[4614 4908]
[4909 5177]
[5178 5298]
[5299 5384]
[5385 5534]
[5535 5598]
[5599 5667]
[5668 5857]
[5858 5890]
[5891 5966]
[5967 6018]
[6019 6096]
[6097 6304]
[6305 6358]
[6359 6649]
[6650 6761]
[6762 6880]
[6881 6970]
[6971 7094]
[7095 7187]
[7188 7223]
[7224 7297]
[7298 7406]
[7407 7483]
[7484 8193]
[8194 8251]
[8252 8308]
[8309 8368]
[8369 8415]
[8416 8473]
[8474 8533]
[8534 8554]
[8555 8619]
[8620 8878]
[8879 8914]
[8915 8979]
[8980 9053]
[9054 9079]
[9080 9127]
[9128 9148]
[9149 9212]
[9213 9260]
[9261 9303]
[9304 9318]
[9319 9384]
[9385 9409]
[9410 9468]
[9469 9536]
[9537 9599]
[9600 9662]
[9663 9766]
[9767 9815]
[9816 9853]
[9854 9947]
[ 9948 10214]
[10215 10717]
[10718 10803]
[10804 10874]
[10875 10930]
[10931 10995]
[10996 11083]
[11084 11170]
[11171 11223]
[11224 11290]
[11291 11362]
[11363 11430]
[11431 11507]
[11508 11573]
[11574 11631]
[11632 11738]
[11739 11826]
[11827 11913]
[11914 12004]
[12005 12083]
[12084 12149]
[12150 12207]
[12208 12286]
[12287 12584]
[12585 12591]
[12592 12671]
[12672 12763]
[12764 13004]
[13005 13082]
[13083 13168]
[13169 13231]
[13232 13291]
[13292 13434]
[13435 13590]
[13591 13708]
[13709 13764]
[13765 13824]
[13825 13960]
[13961 15080]
[15081 15453]
[15454 16271]
[16272 16781]
[16782 16841]
[16842 16912]
[16913 16943]
[16944 16985]
[16986 17026]
[17027 17054]
[17055 17129]
[17130 17229]
[17230 17288]
[17289 17324]
[17325 17337]
[17338 17462]
[17463 17677]
[17678 17733]
[17734 17824]
[17825 17898]
[17899 18034]
[18035 18124]
[18125 18223]
[18224 18341]
[18342 18520]
[18521 18553]
[18554 18596]
[18597 18653]
[18654 18701]
[18702 18741]
[18742 18772]
[18773 18817]
[18818 18879]
[18880 18966]
[18967 19262]
[19263 19402]
[19403 19755]
[19756 19766]
[19767 20071]
[20072 20569]
[20570 20902]
[20903 21046]
[21047 21130]
[21131 21296]
[21297 21416]
[21417 21570]
[21571 21612]
[21613 21789]
[21790 21908]
[21909 22002]
[22003 22436]
[22437 22511]
[22512 22644]
[22645 22691]
[22692 22779]
[22780 22825]
[22826 22860]
[22861 23095]
[23096 23164]
[23165 23276]
[23277 23369]
[23370 23576]
[23577 23670]
[23671 23724]
[23726 23817]
[23818 23937]
[23938 24041]
[24042 24144]
[24145 24214]
[24215 24295]
[24296 24385]
[24386 24480]
[24481 24553]
[24554 24618]
[24619 24727]
[24728 24773]
[24774 24847]
[24848 24905]
[24906 24954]
[24955 24996]
[24997 25032]
[25033 25117]
[25118 25178]
[25179 25655]
[25656 25782]
[25784 25907]
[25908 26105]
[26106 26152]
[26153 26232]
[26233 26286]
[26287 26321]
[26322 26383]
[26384 26447]
[26448 26504]
[26505 26548]
[26549 26950]
[26951 27112]
[27113 27408]
[27409 27495]
[27496 27519]
[27520 27760]
[27761 27870]
[27871 27986]
[27987 28074]
[28075 28437]
[28438 28590]
[28591 28790]
[28791 28915]
[28916 29040]
[29041 29165]
[29166 29273]
[29274 29450]
[29451 29575]
[29576 29634]
[29635 29727]
[29728 30141]
[30142 30249]
