[ 0 17]
[ 18 450]
[451 511]
[512 547]
[548 577]
[578 605]
[606 638]
[639 668]
[669 698]
[699 728]
[729 762]
[763 799]
[800 830]
[831 857]
[858 884]
[885 939]
[ 940 1421]
[1422 1462]
[1463 1596]
[1597 1665]
[1666 1751]
[1752 1849]
[1850 1996]
[1997 2155]
[2156 2219]
[2220 2289]
[2290 2318]
[2319 2403]
[2404 2560]
[2561 2620]
[2621 2653]
[2654 2730]
[2731 2800]
[2801 2854]
[2855 2934]
[2935 3303]
[3304 3356]
[3357 3437]
[3438 3455]
[3456 3520]
[3521 3569]
[3570 3625]
[3626 3664]
[3665 3734]
[3735 3807]
[3808 3862]
[3863 3921]
[3922 3993]
[3994 4062]
[4063 4128]
[4129 4194]
[4195 4233]
[4234 4265]
[4266 4360]
[4361 4449]
[4450 4528]
[4529 4554]
[4555 4617]
[4618 4644]
[4645 4756]
[4757 4768]
[4769 4807]
[4808 4834]
[4835 5053]
[5054 5159]
[5160 5210]
[5211 5278]
[5279 5392]
[5393 5465]
[5466 5595]
[5596 5701]
[5702 5792]
[5793 5837]
[5838 5935]
[5936 5992]
[5993 6063]
[6064 6154]
[6155 6224]
[6225 6285]
[6286 6328]
[6329 6371]
[6372 6817]
[6818 6910]
[6911 7025]
[7026 7069]
[7070 7268]
[7269 7307]
[7308 7329]
[7330 7372]
[7374 7866]
[7867 7942]
[7943 7979]
[7980 8037]
[8038 8075]
[8076 8137]
[8138 8183]
[8184 8413]
[8414 8481]
[8482 8516]
[8517 8570]
[8571 8616]
[8617 8774]
[8775 8801]
[8802 9113]
[9114 9209]
[9210 9280]
[9281 9314]
[9315 9344]
[9345 9387]
[9388 9701]
[9702 9780]
[9781 9892]
[9893 9954]
[ 9955 10022]
[10023 10096]
[10098 10171]
[10172 10246]
[10247 10304]
[10305 10377]
[10378 10463]
[10465 10548]
[10549 10591]
[10592 10617]
[10618 10705]
[10706 10776]
[10777 10842]
[10843 10878]
[10879 11085]
[11086 11231]
[11232 11402]
[11403 11449]
[11450 11522]
[11523 11594]
[11595 11669]
[11670 11744]
[11745 11819]
[11820 11877]
[11878 12057]
[12058 12133]
[12134 12198]
[12199 12275]
[12276 12313]
[12314 12668]
[12669 12759]
[12760 12852]
[12853 12971]
[12972 13071]
[13072 13097]
[13098 13177]
[13178 13255]
[13256 13441]
[13442 13549]
[13550 13638]
[13639 13714]
[13715 13813]
[13814 13878]
[13879 14068]
[14069 14398]
[14399 14514]
[14515 14637]
[14638 14760]
[14761 14935]
[14936 15024]
[15025 15173]
[15174 15360]
[15361 15540]
[15541 15623]
[15624 15666]
[15667 15789]
[15790 15855]
[15856 15916]
[15917 15985]
[15986 16056]
[16057 16113]
[16114 16191]
[16192 16264]
[16265 16458]
[16459 16641]
[16642 16815]
[16816 17012]
[17013 17207]
[17208 17386]
[17387 17545]
[17546 17720]
[17721 17889]
[17890 18189]
[18190 18299]
[18300 18447]
[18448 18548]
[18549 18673]
[18674 18924]
[18925 19049]
[19050 19102]
[19103 19169]
[19170 19254]
[19255 19420]
[19421 19452]
[19453 19475]
[19476 19906]
[19907 20040]
[20041 20281]
[20282 20327]
[20328 20373]
[20374 20439]
[20440 20483]
[20484 20543]
[20544 20615]
[20616 20725]
[20726 20870]
[20871 20991]
[20992 21130]
[21131 21271]
[21272 21387]
[21388 21677]
[21678 21743]
[21744 21814]
[21815 21864]
[21865 21920]
[21921 22028]
[22029 22068]
[22069 22121]
[22122 22154]
[22155 22263]
[22264 22299]
[22300 22358]
[22359 22422]
[22423 22474]
[22475 22512]
[22513 22731]
[22732 22810]
[22811 22966]
[22967 23111]
[23112 23210]
[23211 23435]
[23436 23491]
[23492 23540]
[23541 23632]
[23633 23681]
[23682 23739]
[23740 24126]
[24127 24165]
[24166 24241]
[24242 24288]
[24289 24318]
[24319 24363]
[24364 24439]
[24440 24467]
[24468 24504]
[24505 24557]
[24558 24653]
[24654 24696]
[24697 24727]
[24728 24792]
[24793 24832]
[24833 24881]
[24882 24933]
[24934 24971]
[24972 25036]
[25037 25088]
[25089 25131]
[25132 25567]
[25568 25688]
[25689 25731]
[25732 25796]
[25797 25837]
[25838 25864]
[25865 25876]
[25877 25919]
[25920 25956]
[25957 26003]
[26004 26053]
[26054 26145]
[26146 26172]
[26173 26266]
[26267 26360]
[26361 26437]
[26438 26899]
