[ 0 43]
[ 44 295]
[296 345]
[346 388]
[389 426]
[427 513]
[514 549]
[550 601]
[602 636]
[637 678]
[679 715]
[716 772]
[ 773 1274]
[1275 1360]
[1361 1408]
[1409 1467]
[1468 1757]
[1758 1799]
[1800 1858]
[1859 1892]
[1893 1926]
[1927 1965]
[1966 2005]
[2006 2061]
[2062 2229]
[2230 2296]
[2297 2332]
[2333 2622]
[2623 2936]
[2937 2984]
[2985 3051]
[3052 3105]
[3106 3163]
[3164 3224]
[3225 3297]
[3298 3347]
[3348 3410]
[3411 3475]
[3476 3522]
[3523 3636]
[3637 3735]
[3736 3843]
[3844 3938]
[3939 4033]
[4034 4129]
[4130 4212]
[4213 4296]
[4297 4392]
[4393 4467]
[4468 4830]
[4831 4864]
[4865 4962]
[4963 5045]
[5046 5142]
[5143 5212]
[5213 5294]
[5295 5382]
[5383 5452]
[5453 5522]
[5523 5572]
[5573 5602]
[5603 5662]
[5663 5692]
[5693 5762]
[5763 5822]
[5823 5876]
[5877 5962]
[5963 6009]
[6010 6077]
[6078 6161]
[6162 6269]
[6270 6491]
[6492 6523]
[6524 6577]
[6578 6635]
[6636 6692]
[6693 6745]
[6746 6820]
[6821 6930]
[6931 6983]
[6984 7043]
[7044 7105]
[7106 7174]
[7175 7217]
[7218 7290]
[7291 7347]
[7348 7414]
[7415 7798]
[7799 7930]
[7931 7990]
[7991 8197]
[8198 8260]
[8261 8310]
[8311 8480]
[8481 8530]
[8531 8588]
[8589 8703]
[8704 8803]
[8804 8888]
[8889 8957]
[8958 9007]
[9008 9092]
[9093 9149]
[9150 9196]
[9197 9223]
[9224 9271]
[9272 9329]
[9330 9404]
[9405 9467]
[9468 9589]
[ 9590 10111]
[10112 10236]
[10237 10386]
[10387 10445]
[10446 10499]
[10500 10537]
[10538 10598]
[10599 10652]
[10653 10712]
[10713 10775]
[10776 10848]
[10849 10877]
[10878 10954]
[10955 11024]
[11025 11091]
[11092 11192]
[11193 11241]
[11242 11305]
[11306 11344]
[11345 11446]
[11447 11488]
[11489 11547]
[11548 11591]
[11592 11651]
[11652 12071]
[12072 12573]
[12575 12811]
[12812 13237]
[13238 13313]
[13314 13398]
[13399 13483]
[13484 13551]
[13552 13663]
[13664 13753]
[13754 13833]
[13834 13893]
[13894 14013]
[14014 14073]
[14074 14225]
[14226 14475]
[14476 14648]
[14649 14789]
[14790 14916]
[14917 15007]
[15008 15133]
[15134 15303]
[15304 15597]
[15598 15626]
[15627 15694]
[15695 15734]
[15735 15814]
[15815 15864]
[15865 15947]
[15948 16017]
[16018 16067]
[16068 16147]
[16148 16223]
[16224 16338]
[16339 16421]
[16422 16506]
[16507 16576]
[16577 16633]
[16634 16711]
[16712 16785]
[16786 16825]
[16826 17341]
[17342 17430]
[17431 17500]
[17501 17567]
[17568 17614]
[17615 17675]
[17676 17722]
[17723 17756]
[17757 17794]
[17795 17845]
[17846 17886]
[17887 18022]
[18023 18149]
[18150 18186]
[18187 18215]
[18216 18245]
[18246 18298]
[18299 18320]
[18321 18408]
[18409 18474]
[18475 18613]
[18614 18646]
[18647 18705]
[18706 18750]
[18751 18804]
[18805 18849]
[18850 18901]
[18902 18962]
[18963 19013]
[19014 19081]
[19082 19152]
[19153 19204]
[19205 19253]
[19254 19340]
[19341 19868]
[19869 19961]
[19962 20056]
[20057 20127]
[20128 20197]
[20198 20264]
[20265 20327]
[20328 20446]
[20447 20519]
[20520 20552]
[20553 20576]
[20577 20830]
[20831 21116]
[21117 21227]
[21228 21254]
[21255 21315]
[21316 21394]
[21395 21483]
[21484 21617]
[21618 21730]
[21731 21781]
[21782 21832]
[21833 21888]
[21889 22167]
[22168 22221]
[22222 22297]
[22298 22411]
[22412 22554]
[22555 22658]
[22659 22728]
[22729 22770]
[22771 22810]
[22811 22853]
[22854 22936]
[22937 23435]
[23436 23501]
[23502 23571]
[23572 23661]
[23662 23726]
[23727 23780]
[23781 23855]
[23856 23897]
[23898 23934]
[23935 24010]
[24011 24094]
[24095 24164]
[24165 24224]
[24225 24295]
[24296 24348]
[24349 24471]
[24472 24915]
[24916 24973]
[24974 25026]
[25027 25083]
[25084 25130]
[25131 25187]
[25188 25262]
[25263 25342]
[25343 25412]
[25413 25651]
[25652 25706]
[25707 25751]
[25752 25847]
[25848 25929]
[25930 25971]
[25972 26057]
[26058 26128]
[26129 26190]
[26191 26230]
[26231 26283]
[26284 26697]
[26698 26742]
[26743 26873]
[26874 26956]
[26957 27026]
[27027 27095]
[27096 27168]
[27169 27221]
[27222 27302]
[27303 27386]
[27387 27456]
[27457 27495]
[27496 27553]
[27554 27573]
[27574 27698]
[27699 27789]
[27790 27861]
[27862 27933]
[27934 27977]
[27978 28060]
[28061 28131]
[28132 28178]
[28179 28227]
[28228 28677]
[28678 28732]
[28733 28834]
[28835 28877]
[28878 28914]
[28915 28970]
[28971 29006]
[29007 29038]
[29039 29075]
[29076 29126]
[29127 29174]
[29175 29226]
[29227 29286]
[29287 29386]
[29387 29435]
[29436 29481]
[29482 29525]
[29526 29636]
[29637 29703]
[29704 30117]
[30118 30199]
