[ 0 18]
[ 20 324]
[325 383]
[384 437]
[438 469]
[470 512]
[513 562]
[563 593]
[594 634]
[635 677]
[678 718]
[719 757]
[758 807]
[ 808 1863]
[1864 1893]
[1894 1922]
[1923 1999]
[2000 2032]
[2033 2064]
[2065 2229]
[2230 2281]
[2282 2353]
[2354 2440]
[2441 2470]
[2471 2525]
[2526 2558]
[2559 2651]
[2652 2684]
[2685 2727]
[2728 2837]
[2838 2966]
[2967 3001]
[3002 3201]
[3202 3247]
[3248 3288]
[3289 3325]
[3326 3365]
[3366 3464]
[3465 3755]
[3756 3809]
[3810 3860]
[3861 3900]
[3901 3974]
[3975 4039]
[4040 4110]
[4111 4251]
[4252 4317]
[4318 4376]
[4377 4443]
[4444 4511]
[4512 4580]
[4581 4644]
[4645 4702]
[4703 4753]
[4754 4769]
[4770 5157]
[5158 5208]
[5209 5322]
[5323 5342]
[5343 5448]
[5449 5513]
[5514 5586]
[5587 5725]
[5726 5876]
[5877 5901]
[5902 6018]
[6019 6063]
[6064 6103]
[6104 6150]
[6151 6216]
[6217 6296]
[6297 6375]
[6376 6475]
[6476 6520]
[6521 6624]
[6625 6661]
[6662 6819]
[6820 7084]
[7085 7141]
[7142 7217]
[7218 7274]
[7275 7328]
[7329 7424]
[7425 7486]
[7487 7538]
[7539 7612]
[7613 7671]
[7672 7734]
[7735 7793]
[7794 7851]
[7852 7950]
[7951 8058]
[8059 8113]
[8114 8175]
[8176 8225]
[8226 8283]
[8284 8332]
[8333 8690]
[8691 8754]
[8755 8805]
[8806 8868]
[8869 8921]
[8922 8966]
[8967 9095]
[9096 9145]
[9146 9149]
[9150 9187]
[9188 9234]
[9235 9280]
[9281 9420]
[9421 9450]
[9451 9502]
[9503 9544]
[9545 9616]
[9617 9651]
[9652 9694]
[9695 9728]
[9729 9754]
[9755 9840]
[9841 9875]
[9876 9929]
[9930 9946]
[9947 9995]
[ 9996 10049]
[10050 10092]
[10093 10130]
[10131 10178]
[10179 10235]
[10236 10352]
[10353 10655]
[10656 10690]
[10691 10737]
[10738 10784]
[10785 10845]
[10846 10887]
[10888 10912]
[10913 10964]
[10965 11001]
[11002 11035]
[11036 11104]
[11105 11196]
[11197 11266]
[11267 11319]
[11320 11386]
[11387 11435]
[11436 11481]
[11482 11529]
[11530 11568]
[11569 11618]
[11619 11665]
[11666 11703]
[11704 11743]
[11744 11910]
[11911 11940]
[11941 11998]
[11999 12044]
[12045 12113]
[12114 12499]
[12500 12585]
[12586 12674]
[12675 12839]
[12840 13009]
[13010 13129]
[13130 13169]
[13170 13255]
[13256 13323]
[13324 13353]
[13354 13399]
[13400 13445]
[13446 13492]
[13493 13524]
[13525 13601]
[13602 13659]
[13660 13713]
[13714 13794]
[13795 13875]
[13876 13905]
[13906 13972]
[13973 14037]
[14038 14105]
[14106 14132]
[14133 14349]
[14350 14410]
[14411 14449]
[14450 14500]
[14501 14555]
[14556 14605]
[14606 14669]
[14670 14724]
[14725 14784]
[14785 14857]
[14858 14930]
[14931 14980]
[14981 15012]
[15013 15278]
[15279 15337]
[15338 15369]
[15370 15436]
[15437 15493]
[15494 15616]
[15617 15656]
[15657 15690]
[15691 15728]
[15729 15792]
[15793 15845]
[15846 15914]
[15915 16047]
[16048 16066]
[16067 16112]
[16113 16151]
[16152 16197]
[16198 16396]
[16397 16437]
[16438 16484]
[16485 16537]
[16538 16596]
[16597 16636]
[16637 16785]
[16786 16972]
[16973 17047]
[17048 17100]
[17101 17193]
[17194 17266]
[17267 17314]
[17315 17365]
[17366 17463]
[17464 17535]
[17536 17596]
[17597 17686]
[17687 17706]
[17707 17766]
[17767 17824]
[17825 17925]
[17926 17956]
[17957 18006]
[18007 18046]
[18047 18085]
[18086 18314]
[18315 18672]
[18673 18822]
[18823 18994]
[18995 19052]
[19053 19111]
[19112 19186]
[19187 19234]
[19235 19289]
[19290 19353]
[19354 19391]
[19392 19493]
[19494 19780]
[19781 19970]
[19971 20133]
[20134 20170]
[20171 20214]
[20215 20289]
[20290 20336]
[20337 20387]
[20388 20441]
[20442 20477]
[20478 20547]
[20548 20573]
[20574 20607]
[20608 20658]
[20659 20684]
[20685 21112]
[21113 21220]
[21221 21271]
[21272 21323]
[21324 21358]
[21359 21364]
[21365 21498]
[21499 21559]
[21560 21602]
[21603 21689]
[21690 21720]
[21721 21830]
[21831 21850]
[21851 21913]
[21914 21950]
[21951 22008]
[22009 22052]
[22053 22080]
[22081 22132]
[22133 22381]
[22382 22455]
[22456 22514]
[22515 22564]
[22565 22915]
[22916 23048]
[23049 23177]
[23178 23295]
[23296 23400]
[23401 23433]
[23434 23578]
[23579 23650]
[23651 23738]
[23739 23812]
[23813 23930]
[23931 23992]
[23993 24086]
[24087 24117]
[24118 24195]
[24196 24504]
[24505 24553]
[24554 24595]
[24596 24652]
[24653 24691]
[24692 24757]
[24758 24784]
[24785 24831]
[24832 24883]
[24884 25020]
[25021 25212]
[25213 25321]
[25322 25356]
[25357 25396]
[25397 25467]
[25468 25518]
[25519 25581]
[25582 25621]
[25622 25707]
[25708 25753]
[25754 25794]
[25795 25841]
[25842 26331]
[26332 26362]
[26363 26411]
[26412 26458]
[26459 26646]
[26647 26696]
[26697 26797]
[26798 26925]
[26926 27026]
[27027 27078]
[27079 27136]
[27137 27244]
[27245 27365]
[27366 27420]
[27421 27628]
[27629 27681]
[27682 27782]
[27783 27856]
[27857 28046]
[28047 28087]
[28088 28156]
[28157 28202]
[28203 28265]
[28266 28296]
[28297 28345]
[28346 28389]
[28390 28421]
[28422 28448]
[28449 28520]
[28521 28621]
[28622 28683]
[28684 28718]
[28719 28741]
[28742 29268]
[29269 29349]
