[0 1]
[  2 307]
[308 343]
[344 373]
[374 401]
[402 434]
[435 514]
[515 558]
[559 595]
[596 626]
[627 653]
[654 683]
[684 740]
[741 800]
[801 887]
[ 888 1297]
[1298 1350]
[1351 1396]
[1397 1451]
[1452 1495]
[1496 1533]
[1534 1595]
[1596 1665]
[1666 1706]
[1707 1741]
[1742 1806]
[1807 1856]
[1857 1919]
[1920 1966]
[1967 2026]
[2027 2076]
[2077 2121]
[2122 2158]
[2159 2197]
[2198 2236]
[2237 2261]
[2262 2292]
[2293 2332]
[2333 2907]
[2908 2968]
[2969 3023]
[3024 3077]
[3078 3153]
[3154 3235]
[3236 3273]
[3274 3374]
[3375 3460]
[3461 3501]
[3502 3555]
[3556 3596]
[3597 3735]
[3736 3807]
[3808 3875]
[3876 3938]
[3939 4010]
[4011 4081]
[4082 4157]
[4158 4247]
[4248 4301]
[4302 4355]
[4356 4382]
[4383 4710]
[4711 4797]
[4798 4951]
[4952 5060]
[5061 5204]
[5205 5309]
[5310 5328]
[5329 5476]
[5477 5548]
[5549 5640]
[5641 5677]
[5678 5701]
[5702 6017]
[6018 6424]
[6426 6470]
[6471 6551]
[6552 6591]
[6592 6677]
[6678 6726]
[6727 6745]
[6746 6807]
[6808 6852]
[6853 6921]
[6922 7018]
[7019 7086]
[7087 7160]
[7161 7194]
[7195 7239]
[7240 7308]
[7309 7405]
[7406 7458]
[7459 7530]
[7531 7593]
[7594 7706]
[7707 7804]
[7805 7845]
[7846 7886]
[7887 7943]
[7944 7996]
[7997 8031]
[8032 8067]
[8068 8144]
[8145 8414]
[8415 8464]
[8465 8531]
[8532 8566]
[8567 8588]
[8589 8632]
[8633 8671]
[8672 8727]
[8728 8769]
[8770 8812]
[8813 8876]
[8877 8976]
[8977 9045]
[9046 9108]
[9109 9177]
[9178 9245]
[9246 9309]
[9310 9663]
[ 9664 10017]
[10018 10095]
[10096 10187]
[10188 10296]
[10297 10351]
[10352 10443]
[10444 10900]
[10901 11301]
[11302 11479]
[11480 11533]
[11534 11592]
[11593 11653]
[11654 11718]
[11719 11766]
[11767 11822]
[11823 11877]
[11878 11937]
[11938 12128]
[12129 12182]
[12183 12302]
[12303 12357]
[12358 12380]
[12381 12731]
[12732 12920]
[12921 13065]
[13066 13233]
[13234 13325]
[13326 13439]
[13440 13536]
[13537 13720]
[13721 13952]
[13953 14003]
[14004 14050]
[14051 14091]
[14092 14132]
[14133 14159]
[14160 14200]
[14201 14242]
[14243 14280]
[14281 14312]
[14313 14384]
[14385 14984]
[14985 15189]
[15190 15413]
[15414 15470]
[15471 15530]
[15531 15590]
[15591 15694]
[15695 15740]
[15741 15794]
[15795 15857]
[15858 15915]
[15916 15985]
[15986 16284]
[16285 16369]
[16370 16430]
[16431 16509]
[16510 16556]
[16557 16593]
[16594 16713]
[16714 16786]
[16787 16822]
[16823 16876]
[16877 16930]
[16931 17024]
[17025 17083]
[17084 17140]
[17141 17203]
[17204 17269]
[17270 17344]
[17345 17402]
[17403 17707]
[17708 17754]
[17755 17816]
[17817 17856]
[17857 17905]
[17906 17964]
[17965 18034]
[18035 18074]
[18075 18170]
[18171 18226]
[18227 18280]
[18281 18329]
[18330 18378]
[18379 18446]
[18447 18494]
[18495 18542]
[18543 18587]
[18588 18635]
[18636 18690]
[18691 18742]
[18743 18789]
[18790 18835]
[18836 18885]
[18886 18933]
[18934 19440]
[19441 19495]
[19496 19545]
[19546 19592]
[19593 19652]
[19653 19706]
[19707 19764]
[19765 19823]
[19824 19889]
[19890 20118]
[20119 20176]
[20177 20232]
[20233 20271]
[20272 20337]
[20338 20431]
[20432 20476]
[20477 20514]
[20515 20778]
[20779 20810]
[20811 20905]
[20906 21042]
[21043 21096]
[21097 21184]
[21185 21223]
[21224 21261]
[21262 21365]
[21366 21497]
[21498 21561]
[21562 21708]
[21709 21784]
[21785 21878]
[21879 22008]
[22009 22354]
[22355 22443]
[22444 22536]
[22537 22647]
[22648 22687]
[22688 22731]
[22732 22769]
[22770 22807]
[22808 22848]
[22849 22895]
[22896 22949]
[22950 23196]
[23197 23273]
[23274 23376]
[23377 23472]
[23473 23563]
[23564 23660]
[23661 23723]
[23724 23806]
[23807 23861]
[23862 23934]
[23935 23993]
[23994 24041]
[24042 24094]
[24095 24328]
[24329 24400]
[24401 24568]
[24569 24631]
[24632 24706]
[24707 24781]
[24782 24850]
[24851 24909]
[24910 24983]
[24984 25035]
[25036 25108]
[25109 25143]
[25144 25260]
[25261 25815]
[25816 25899]
