[ 0 41]
[ 42 377]
[378 431]
[432 467]
[468 497]
[498 525]
[526 558]
[559 590]
[591 616]
[617 646]
[647 682]
[683 747]
[748 777]
[778 804]
[805 867]
[ 868 1325]
[1326 1391]
[1392 1432]
[1433 1478]
[1479 1522]
[1523 1567]
[1568 1620]
[1621 1689]
[1690 1767]
[1768 1833]
[1834 1985]
[1986 2025]
[2026 2088]
[2089 2154]
[2155 2263]
[2264 2311]
[2312 2362]
[2363 2763]
[2764 2818]
[2819 2879]
[2880 2937]
[2938 2992]
[2993 3056]
[3057 3112]
[3113 3165]
[3166 3225]
[3226 3281]
[3282 3343]
[3344 3542]
[3543 3611]
[3612 3705]
[3706 3863]
[3864 3928]
[3929 3997]
[3998 4073]
[4074 4137]
[4138 4217]
[4218 4285]
[4286 4378]
[4379 4952]
[4954 5007]
[5008 5067]
[5068 5112]
[5113 5191]
[5192 5235]
[5236 5346]
[5347 5392]
[5393 5485]
[5486 5557]
[5558 5668]
[5669 5747]
[5748 5836]
[5837 5908]
[5909 5948]
[5949 6020]
[6021 6096]
[6097 6147]
[6148 6180]
[6181 6217]
[6218 6254]
[6255 6317]
[6318 6384]
[6385 6472]
[6473 6528]
[6529 6585]
[6586 6932]
[6933 6971]
[6972 7008]
[7009 7040]
[7041 7079]
[7080 7115]
[7116 7232]
[7233 7356]
[7357 7532]
[7533 7570]
[7571 7619]
[7620 7673]
[7674 7720]
[7721 7762]
[7763 7811]
[7812 7864]
[7865 7919]
[7920 7965]
[7966 8128]
[8129 8153]
[8154 8210]
[8211 8291]
[8292 8368]
[8369 8981]
[8983 9315]
[9316 9496]
[9497 9536]
[9537 9574]
[9575 9656]
[9657 9723]
[9724 9747]
[9748 9806]
[9807 9845]
[9846 9906]
[9907 9958]
[9959 9994]
[ 9995 10064]
[10065 10083]
[10084 10133]
[10134 10160]
[10161 10243]
[10244 10297]
[10298 10419]
[10420 10469]
[10470 10538]
[10539 10850]
[10852 10909]
[10910 10958]
[10959 11004]
[11005 11066]
[11067 11136]
[11137 11212]
[11213 11256]
[11257 11315]
[11316 11396]
[11397 11447]
[11448 11483]
[11484 11553]
[11554 11639]
[11640 11716]
[11717 11809]
[11810 11891]
[11892 11968]
[11969 12024]
[12025 12100]
[12101 12144]
[12145 12269]
[12270 12338]
[12339 12449]
[12450 12485]
[12486 12517]
[12518 12556]
[12557 12594]
[12595 12631]
[12632 12712]
[12713 14134]
[14135 14412]
[14413 14485]
[14486 14506]
[14507 14547]
[14548 14612]
[14613 14670]
[14671 14750]
[14751 14805]
[14806 14856]
[14857 14914]
[14915 14965]
[14966 15017]
[15018 15073]
[15074 15150]
[15151 15486]
[15487 15555]
[15556 15623]
[15624 15688]
[15689 15768]
[15769 15845]
[15846 15923]
[15924 15993]
[15994 16057]
[16058 16128]
[16129 16182]
[16183 16273]
[16274 16582]
[16583 16677]
[16678 16741]
[16742 16844]
[16845 16894]
[16895 17006]
[17007 17089]
[17090 17138]
[17139 17198]
[17199 17265]
[17266 17319]
[17320 17385]
[17386 17425]
[17426 17486]
[17487 17533]
[17534 17584]
[17585 17652]
[17653 17775]
[17776 17806]
[17807 17912]
[17913 17978]
[17979 18010]
[18011 18098]
[18099 18567]
[18568 18634]
[18635 18692]
[18693 18786]
[18787 18858]
[18859 18921]
[18922 19053]
[19054 19099]
[19100 19217]
[19218 19351]
[19352 19395]
[19396 19504]
[19505 19573]
[19574 19617]
[19618 19681]
[19682 19803]
[19804 19852]
[19853 19901]
[19902 19942]
[19943 19983]
[19984 20041]
[20042 20093]
[20094 20149]
[20150 20257]
[20258 20573]
[20574 20647]
[20648 20710]
[20711 21023]
[21024 21165]
[21166 21229]
[21230 21355]
[21356 21422]
[21423 21828]
[21829 22002]
[22003 22069]
[22070 22113]
[22114 22164]
[22165 22213]
[22214 22246]
[22247 22303]
[22304 22370]
[22371 22480]
[22481 22542]
[22543 22611]
[22612 22662]
[22663 22729]
[22730 22825]
[22826 22888]
[22889 22951]
[22952 23013]
[23014 23069]
[23070 23125]
[23126 23174]
[23175 23226]
[23227 23326]
[23327 23398]
[23399 23474]
[23475 23898]
[23899 23949]
[23950 23999]
[24000 24072]
[24073 24123]
[24124 24177]
[24178 24214]
[24215 24266]
[24267 24307]
[24308 24435]
[24436 24469]
[24470 24835]
[24836 24898]
[24899 24976]
[24977 25019]
[25020 25073]
[25074 25121]
[25122 25223]
[25224 25345]
[25346 25396]
[25397 25464]
[25465 25777]
[25778 25865]
[25866 25972]
[25973 26076]
[26077 26160]
[26161 26197]
[26198 26317]
[26318 26355]
[26356 26423]
[26424 26464]
[26465 26517]
[26518 26546]
[26547 26590]
[26591 26682]
[26683 26730]
[26731 26777]
[26778 26833]
[26834 26880]
[26881 26930]
[26931 26977]
[26978 27021]
[27022 27070]
[27071 27219]
[27220 27260]
[27261 27375]
[27376 27772]
[27773 27948]
[27949 28106]
[28107 28159]
[28160 28401]
[28402 28606]
[28607 28700]
[28701 28766]
[28767 28871]
[28872 28957]
[28958 29015]
[29016 29075]
[29076 29157]
[29158 29231]
[29232 29346]
[29347 29406]
[29407 29496]
[29498 29602]
[29603 29662]
[29663 29884]
[29885 30030]
[30031 30176]
[30177 30236]
[30237 30393]
[30394 30583]
[30584 30603]
[30604 30652]
[30653 30750]
[30751 30806]
[30807 30981]
[30982 31083]
[31084 31271]
[31272 31445]
[31446 31598]
[31599 31653]
[31654 31754]
[31755 31946]
[31947 32056]
[32057 32116]
[32117 32169]
[32170 32225]
[32226 33051]
[33052 33121]
[33122 33166]
[33167 33205]
[33206 33250]
[33251 33415]
[33416 33605]
[33606 33676]
[33677 33724]
[33725 33773]
[33774 33820]
[33821 33850]
[33851 33901]
[33902 33943]
[33944 33991]
[33992 34029]
[34030 34055]
[34056 34491]
[34492 34549]
