[ 0 14]
[ 15 258]
[259 316]
[317 359]
[360 400]
[401 484]
[485 526]
[527 607]
[608 649]
[650 726]
[727 767]
[768 808]
[809 900]
[ 901 1381]
[1382 1490]
[1491 1540]
[1541 1601]
[1602 1667]
[1668 1717]
[1718 1788]
[1789 1859]
[1860 1944]
[1945 2040]
[2041 2141]
[2142 2184]
[2185 2247]
[2248 2313]
[2314 2340]
[2341 2371]
[2372 2765]
[2766 2792]
[2793 2853]
[2854 2893]
[2894 2911]
[2912 2979]
[2980 3052]
[3053 3097]
[3098 3132]
[3133 3240]
[3241 3373]
[3374 3445]
[3446 3675]
[3676 3800]
[3801 3929]
[3930 4030]
[4031 4184]
[4185 4251]
[4252 4316]
[4317 4365]
[4366 4435]
[4436 4512]
[4513 4578]
[4579 4691]
[4692 4814]
[4815 4859]
[4860 5219]
[5220 5335]
[5336 5392]
[5393 5442]
[5443 5507]
[5508 5539]
[5540 5634]
[5635 5676]
[5677 5722]
[5723 5815]
[5816 5876]
[5877 5983]
[5984 6042]
[6043 6117]
[6118 6171]
[6172 6233]
[6234 6285]
[6286 6411]
[6412 6499]
[6500 6537]
[6538 6600]
[6601 6682]
[6683 7012]
[7013 7190]
[7191 7505]
[7506 7721]
[7722 7752]
[7754 7787]
[7788 7800]
[7801 7842]
[7843 7877]
[7878 7915]
[7916 7961]
[7962 7998]
[7999 8106]
[8107 8161]
[8162 8236]
[8237 8284]
[8285 8341]
[8342 8417]
[8418 8478]
[8479 8603]
[8604 8880]
[8881 9017]
[9019 9102]
[9103 9339]
[9340 9622]
[9623 9752]
[ 9755 10001]
[10002 10069]
[10070 10165]
[10166 10253]
[10254 10454]
[10455 10578]
[10579 10637]
[10638 10718]
[10719 10832]
[10833 10956]
[10957 11048]
[11049 11244]
[11245 11376]
[11377 11470]
[11471 11567]
[11568 11662]
[11663 11751]
[11752 11842]
[11843 12120]
[12121 12210]
[12211 12305]
[12306 12362]
[12363 12438]
[12439 12531]
[12532 12625]
[12626 12690]
[12691 12733]
[12734 12811]
[12812 12882]
[12883 12956]
[12957 13020]
[13021 13065]
[13066 13099]
[13100 13538]
[13539 13597]
[13598 13655]
[13656 13703]
[13704 13749]
[13750 13788]
[13789 13823]
[13824 13886]
[13887 13929]
[13930 13975]
[13976 14020]
[14021 14059]
[14060 14099]
[14100 14753]
[14754 14985]
[14986 15042]
[15043 15127]
[15128 15237]
[15238 15349]
[15350 15388]
[15389 15470]
[15471 15675]
[15676 15762]
[15763 15990]
[15991 16249]
[16250 16360]
[16361 16431]
[16432 16546]
[16547 16674]
[16675 16721]
[16722 16796]
[16797 16854]
[16855 16929]
[16930 16967]
[16968 16996]
[16997 17111]
[17112 17506]
[17507 17593]
[17594 17724]
[17725 17768]
[17769 17873]
[17874 17949]
[17950 17996]
[17997 18053]
[18054 18110]
[18111 18228]
[18229 18265]
[18266 18323]
[18324 18391]
[18392 18464]
[18465 18496]
[18497 18762]
[18763 18843]
[18844 18962]
[18963 19054]
[19055 19317]
[19318 19416]
[19417 19466]
[19467 19633]
[19634 19764]
[19765 19965]
[19966 20072]
[20073 20104]
[20105 20509]
[20510 20641]
[20642 20713]
[20714 20800]
[20801 20878]
[20879 20927]
[20928 21035]
[21036 21088]
[21089 21184]
[21185 21254]
[21255 21306]
[21307 21383]
[21384 21450]
[21451 21509]
[21510 21575]
[21576 21645]
[21646 21687]
[21688 21711]
[21712 22285]
[22286 22495]
[22496 22547]
[22548 22598]
[22599 22630]
[22631 22675]
[22676 22783]
[22784 22818]
[22819 22936]
[22937 22982]
[22983 23036]
[23037 23210]
[23211 23317]
[23318 23490]
[23491 23664]
[23665 23792]
[23793 23889]
[23890 23964]
[23965 24481]
[24482 24544]
[24545 24582]
[24583 24645]
[24646 24754]
[24755 24801]
[24802 24882]
[24883 24931]
[24932 25029]
[25030 25130]
[25131 25190]
[25191 25287]
[25288 25344]
[25345 25407]
[25408 25494]
[25495 25528]
[25529 25611]
[25612 25689]
[25690 25738]
[25739 25823]
[25824 25864]
[25865 26191]
[26192 26249]
