[ 0 32]
[ 33 283]
[284 349]
[350 381]
[382 412]
[413 445]
[446 450]
[451 564]
[565 660]
[661 769]
[ 770 1160]
[1161 1239]
[1240 1306]
[1307 1404]
[1405 1438]
[1439 1510]
[1512 1586]
[1588 1690]
[1691 1795]
[1796 1888]
[1889 1964]
[1965 2017]
[2018 2070]
[2071 2134]
[2135 2278]
[2279 2342]
[2343 2663]
[2664 2763]
[2764 2842]
[2843 2933]
[2934 2985]
[2986 3058]
[3059 3107]
[3108 3324]
[3325 3406]
[3407 3479]
[3480 3584]
[3585 3670]
[3671 3761]
[3762 3840]
[3841 3935]
[3936 4003]
[4004 4036]
[4037 4317]
[4318 4358]
[4359 4417]
[4418 4470]
[4471 4514]
[4515 4563]
[4564 4612]
[4613 4654]
[4655 5093]
[5094 5208]
[5209 5333]
[5334 5454]
[5455 5502]
[5503 5567]
[5568 5653]
[5654 6077]
[6078 6166]
[6167 6221]
[6222 6282]
[6283 6334]
[6335 6369]
[6370 6416]
[6417 6449]
[6450 6573]
[6574 6871]
[6872 6923]
[6924 6966]
[6967 7003]
[7004 7071]
[7072 7106]
[7107 7161]
[7162 7404]
[7405 7443]
[7444 7553]
[7554 7566]
[7567 7857]
[7858 8407]
[8408 8478]
[8479 8600]
[8601 8663]
[8664 8840]
[8841 8903]
[8904 9025]
[9026 9088]
[9089 9218]
[9219 9289]
[9290 9349]
[9350 9674]
[9675 9821]
[ 9822 10128]
[10129 10828]
[10830 11091]
[11092 11210]
[11211 11300]
[11301 11723]
[11724 11874]
[11875 12000]
[12001 12175]
[12176 12303]
[12304 12317]
[12318 12397]
[12398 12523]
[12524 12629]
[12630 12731]
[12732 12828]
[12829 12955]
[12956 13117]
[13118 13149]
[13150 13219]
[13220 13283]
[13284 13320]
[13321 13361]
[13362 13399]
[13400 13429]
[13430 13460]
[13461 13504]
[13505 13543]
[13544 13577]
[13578 13650]
[13651 13948]
[13949 14037]
[14038 14111]
[14112 14173]
[14174 14241]
[14242 14306]
[14307 14387]
[14388 14469]
[14470 14540]
[14541 14612]
[14613 14686]
[14687 14770]
[14771 14849]
[14850 14886]
[14887 14954]
[14955 15038]
[15039 15087]
[15088 15140]
[15141 15201]
[15202 15239]
[15240 15316]
[15317 15359]
[15360 15642]
[15643 15777]
[15778 15902]
[15903 16027]
[16028 16149]
[16150 16351]
[16352 16442]
[16443 16612]
[16613 16818]
[16819 16927]
[16928 16989]
[16990 17201]
[17202 17335]
[17336 17514]
[17515 17703]
[17704 17827]
[17828 17980]
[17981 18062]
[18063 18186]
[18187 18279]
[18280 18377]
[18378 18480]
[18481 18670]
[18671 18913]
[18914 18957]
[18958 19180]
[19181 19234]
[19235 19273]
[19274 19318]
[19319 19376]
[19377 19428]
[19429 19521]
[19522 19849]
[19850 20811]
[20812 21076]
[21077 21202]
[21203 21297]
[21298 21336]
[21337 21377]
[21378 21421]
[21422 21465]
[21466 21502]
[21503 21578]
[21579 21637]
[21638 21721]
[21722 21784]
[21785 21863]
[21864 21870]
[21871 22649]
[22650 22718]
[22719 22745]
[22746 22791]
[22792 22828]
[22829 22875]
[22876 22903]
[22904 22951]
[22952 23045]
[23046 23107]
[23108 23183]
[23184 23296]
[23297 23481]
[23482 23649]
[23650 23696]
[23697 23747]
[23748 23796]
[23797 23829]
[23830 23880]
[23881 23917]
[23918 23954]
[23955 23999]
[24000 24036]
[24037 24066]
[24067 24161]
[24163 24535]
[24536 24758]
[24759 24838]
[24839 24953]
[24954 25150]
[25151 25227]
[25228 25412]
[25413 25492]
[25493 25587]
[25588 25688]
[25689 25766]
[25767 25872]
[25873 25995]
[25996 26340]
[26341 26394]
[26395 26452]
[26453 26499]
[26500 26549]
[26550 26593]
[26594 26636]
[26637 26672]
[26673 26716]
[26717 26763]
[26764 26860]
[26861 26906]
[26907 26956]
[26957 27007]
[27008 27068]
[27070 27410]
[27411 27650]
[27651 27720]
[27721 27797]
[27798 27864]
[27865 27985]
[27986 28039]
[28040 28064]
[28065 28086]
[28087 28139]
[28140 28185]
[28186 28226]
[28227 28299]
[28300 28378]
[28379 28531]
[28532 28802]
[28803 28938]
[28939 29047]
[29048 29258]
[29259 29357]
[29358 29459]
[29460 29554]
[29555 29611]
[29612 29690]
[29691 30028]
[30029 30099]
