[ 0 29]
[ 30 447]
[448 501]
[502 537]
[538 556]
[557 596]
[597 628]
[629 714]
[715 752]
[753 815]
[816 868]
[869 912]
[ 913 1571]
[1572 1622]
[1623 1641]
[1642 1713]
[1714 1767]
[1768 1847]
[1848 1874]
[1875 1932]
[1933 1968]
[1969 2248]
[2249 2362]
[2363 2487]
[2488 2568]
[2569 2766]
[2767 2892]
[2893 2960]
[2961 3011]
[3012 3050]
[3051 3149]
[3150 3215]
[3216 3517]
[3518 3561]
[3562 3596]
[3597 3652]
[3653 3778]
[3779 3816]
[3817 3888]
[3889 3954]
[3955 4011]
[4012 4049]
[4050 4073]
[4074 4109]
[4110 4174]
[4175 4236]
[4237 4303]
[4304 4372]
[4373 4432]
[4433 4471]
[4472 4517]
[4518 4552]
[4553 4596]
[4597 4662]
[4663 4697]
[4698 5224]
[5225 5293]
[5294 5437]
[5438 5523]
[5524 5584]
[5585 5747]
[5748 5819]
[5820 5948]
[5949 6019]
[6020 6072]
[6073 6143]
[6144 6320]
[6321 6420]
[6421 6476]
[6477 6663]
[6664 6876]
[6877 6942]
[6943 7010]
[7011 7066]
[7067 7165]
[7166 7229]
[7230 7674]
[7675 7718]
[7719 7850]
[7851 7911]
[7912 8017]
[8018 8072]
[8073 8204]
[8205 8442]
[8443 8507]
[8508 8597]
[8598 9032]
[9033 9088]
[9089 9158]
[9159 9196]
[9197 9289]
[9290 9373]
[9374 9491]
[9492 9579]
[9580 9652]
[9653 9883]
[9884 9918]
[9919 9952]
[ 9953 10009]
[10010 10150]
[10151 10226]
[10227 10547]
[10548 10560]
[10561 10660]
[10661 10747]
[10748 10809]
[10810 10854]
[10855 10923]
[10924 11007]
[11008 11106]
[11107 11174]
[11175 11222]
[11223 11286]
[11287 11350]
[11351 11461]
[11462 11524]
[11525 11603]
[11604 11649]
[11650 11730]
[11731 11791]
[11792 11938]
[11939 11971]
[11972 12037]
[12038 12152]
[12153 12238]
[12239 12531]
[12532 12796]
[12797 12956]
[12957 13231]
[13232 13335]
[13336 13455]
[13456 13575]
[13576 13647]
[13648 13904]
[13905 14214]
[14215 14590]
[14591 14694]
[14695 14819]
[14820 14944]
[14945 15069]
[15070 15194]
[15195 15227]
[15228 15535]
[15536 15688]
[15689 15840]
[15841 16213]
[16214 16262]
[16263 16701]
[16702 17015]
[17016 17542]
[17543 17613]
[17614 17735]
[17736 17798]
[17799 17986]
[17987 18061]
[18062 18136]
[18137 18211]
[18212 18274]
[18275 18328]
[18329 18656]
[18657 18940]
[18941 19056]
[19057 19231]
[19232 19359]
[19360 19484]
[19485 19609]
[19610 19706]
[19707 19950]
[19951 20003]
[20004 20054]
[20055 20101]
[20102 20150]
[20151 20183]
[20184 20238]
[20239 20293]
[20294 20349]
[20350 20442]
[20443 20672]
[20673 20775]
[20776 20888]
[20889 20947]
[20948 21015]
[21016 21143]
[21144 21184]
[21185 21378]
[21379 21447]
[21448 21545]
[21546 21796]
[21797 21858]
[21859 21919]
[21920 21985]
[21986 21995]
[21996 22051]
[22052 22160]
[22161 22222]
[22223 22342]
[22343 22386]
[22387 22735]
[22736 22971]
[22972 23094]
[23095 23344]
[23345 23530]
[23531 23544]
[23545 23685]
[23686 23782]
[23783 23917]
[23918 23926]
[23927 24200]
[24201 24277]
[24278 24357]
[24358 24437]
[24438 24523]
[24524 24603]
[24604 24652]
[24653 24772]
[24773 24811]
[24812 24883]
[24884 25052]
[25053 25118]
[25119 25211]
[25212 25272]
[25273 25398]
[25399 25908]
[25909 25920]
[25921 25963]
[25964 25999]
[26000 26013]
[26014 26039]
[26040 26071]
[26072 26090]
[26091 26106]
[26107 26135]
[26136 26180]
[26181 26267]
[26268 26276]
[26277 26298]
[26299 26358]
[26359 26418]
[26419 26452]
[26453 26475]
[26476 26493]
[26494 26510]
[26511 26519]
[26520 26537]
[26538 26563]
[26564 26587]
[26588 26730]
[26731 26845]
[26846 27046]
[27047 27137]
[27138 27311]
[27312 27495]
[27496 27880]
[27881 28002]
[28003 28064]
[28065 28104]
[28105 28215]
[28216 28272]
[28273 28360]
[28361 28450]
[28451 28570]
[28571 28633]
[28634 28672]
[28673 28870]
[28871 28928]
[28929 29023]
[29024 29090]
[29091 29178]
[29179 29223]
[29224 29344]
[29345 29626]
[29627 29694]
[29695 29815]
[29816 29914]
[29915 29916]
[29917 30043]
[30044 30295]
[30296 30412]
[30413 30521]
[30522 30759]
[30760 30966]
[30967 31176]
[31177 31431]
[31432 31775]
[31776 32012]
[32013 32335]
[32336 32428]
[32429 32538]
[32539 33007]
[33009 33099]
