[ 0 18]
[ 20 261]
[262 322]
[323 373]
[374 412]
[413 451]
[452 528]
[529 573]
[574 611]
[612 663]
[664 678]
[679 696]
[697 748]
[ 749 1203]
[1204 1282]
[1283 1342]
[1343 1476]
[1477 1490]
[1491 1569]
[1570 1597]
[1598 1635]
[1636 1676]
[1677 1730]
[1731 1831]
[1832 1867]
[1868 1992]
[1993 2036]
[2037 2088]
[2089 2171]
[2172 2318]
[2319 2353]
[2354 2448]
[2449 2527]
[2528 2703]
[2704 3009]
[3010 3049]
[3050 3099]
[3100 3139]
[3140 3178]
[3179 3243]
[3244 3373]
[3374 3412]
[3413 3475]
[3476 3550]
[3551 3582]
[3583 3797]
[3798 3960]
[3961 4006]
[4007 4062]
[4063 4128]
[4129 4170]
[4171 4241]
[4242 4317]
[4318 4377]
[4378 4448]
[4449 4525]
[4526 4965]
[4966 5040]
[5041 5119]
[5120 5308]
[5309 5384]
[5385 5495]
[5496 5622]
[5623 5719]
[5720 5818]
[5819 5929]
[5930 6027]
[6028 6051]
[6052 6303]
[6304 6506]
[6507 6638]
[6639 6783]
[6784 6856]
[6857 6926]
[6927 7072]
[7073 7522]
[7523 7577]
[7578 7656]
[7657 7727]
[7728 7785]
[7786 7864]
[7865 7893]
[7894 7993]
[7994 8103]
[8104 8191]
[8192 8244]
[8245 8288]
[8289 8332]
[8333 8403]
[8404 8420]
[8421 8474]
[8475 8490]
[8491 8532]
[8533 8597]
[8598 8645]
[8646 8673]
[8674 8714]
[8715 8834]
[8835 8902]
[8903 8945]
[8946 9023]
[9024 9609]
[9611 9679]
[9680 9734]
[9735 9811]
[9812 9866]
[9867 9899]
[9900 9959]
[ 9960 10023]
[10024 10076]
[10077 10150]
[10151 10198]
[10199 10259]
[10260 10285]
[10286 10343]
[10344 10459]
[10460 10525]
[10526 10556]
[10557 10594]
[10595 10661]
[10662 10749]
[10750 10813]
[10814 10868]
[10869 10912]
[10913 10950]
[10951 11262]
[11263 11324]
[11325 11355]
[11356 11412]
[11413 11492]
[11493 11569]
[11570 11614]
[11615 11694]
[11695 11776]
[11777 11845]
[11846 11923]
[11924 12002]
[12003 12077]
[12078 12128]
[12129 12251]
[12252 12326]
[12327 12411]
[12412 12516]
[12517 12699]
[12700 12853]
[12854 13028]
[13029 13194]
[13195 13337]
[13338 13634]
[13635 13863]
[13864 13991]
[13992 14166]
[14167 14260]
[14261 14326]
[14327 14539]
[14540 14644]
[14645 14833]
[14834 14951]
[14952 14996]
[14997 15150]
[15151 15255]
[15256 15412]
[15413 15500]
[15501 15640]
[15641 15705]
[15706 15764]
[15765 15822]
[15823 15883]
[15884 15918]
[15919 16081]
[16082 16429]
[16430 16844]
[16845 17111]
[17112 17161]
[17162 17220]
[17221 17252]
[17253 17321]
[17322 17351]
[17352 17390]
[17391 17423]
[17424 17472]
[17473 17838]
[17839 17895]
[17896 17932]
[17933 17968]
[17969 18022]
[18023 18067]
[18068 18185]
[18186 18284]
[18285 18317]
[18318 18352]
[18353 18390]
[18391 18435]
[18436 18486]
[18487 18537]
[18538 18581]
[18582 18640]
[18641 18736]
[18737 18780]
[18781 18823]
[18824 18868]
[18869 18942]
[18943 19069]
[19070 19545]
[19546 19992]
[19993 20033]
[20034 20339]
[20340 20402]
[20403 20453]
[20454 20753]
[20754 20821]
[20822 20907]
[20908 20952]
[20953 21026]
[21027 21103]
[21104 21160]
[21161 21245]
[21246 21497]
[21498 21569]
[21570 21643]
[21644 21722]
[21723 21782]
[21783 22131]
[22132 22199]
