[ 0 10]
[ 11 242]
[243 305]
[306 366]
[367 406]
[407 432]
[433 489]
[490 529]
[530 558]
[559 601]
[602 639]
[640 684]
[685 742]
[743 774]
[775 886]
[ 887 1271]
[1272 1332]
[1333 1395]
[1396 1458]
[1459 1494]
[1495 1529]
[1530 1575]
[1576 1625]
[1626 1680]
[1681 1715]
[1716 1767]
[1768 1824]
[1825 1889]
[1890 1954]
[1955 2021]
[2022 2074]
[2075 2093]
[2094 2167]
[2168 2241]
[2242 2307]
[2308 2376]
[2377 2449]
[2450 2468]
[2469 2518]
[2519 2928]
[2929 2950]
[2951 3010]
[3011 3071]
[3072 3126]
[3127 3164]
[3165 3215]
[3216 3260]
[3261 3313]
[3314 3361]
[3362 3407]
[3408 3477]
[3478 3541]
[3542 3576]
[3577 3844]
[3845 4030]
[4031 4075]
[4076 4110]
[4111 4144]
[4145 4196]
[4197 4261]
[4262 4362]
[4363 4621]
[4622 4702]
[4703 4790]
[4791 4878]
[4879 4970]
[4971 5056]
[5057 5145]
[5146 5256]
[5257 5364]
[5365 5457]
[5458 5558]
[5559 5646]
[5647 5733]
[5734 5818]
[5819 6336]
[6337 6447]
[6448 6480]
[6481 6511]
[6512 6571]
[6572 6624]
[6625 6675]
[6676 6770]
[6771 6815]
[6816 6880]
[6881 6925]
[6926 6963]
[6964 7040]
[7041 7109]
[7110 7182]
[7183 7244]
[7245 7316]
[7317 7387]
[7388 7444]
[7445 7509]
[7510 7573]
[7574 7635]
[7637 7692]
[7693 7799]
[7800 8013]
[8014 8121]
[8122 8174]
[8175 8281]
[8282 8343]
[8344 8473]
[8474 8528]
[8529 8588]
[8589 8658]
[8659 8724]
[8725 8790]
[8791 8843]
[8844 8903]
[8904 8967]
[8968 9022]
[9023 9070]
[9071 9126]
[9127 9183]
[9184 9322]
[9323 9601]
[9602 9710]
[9711 9777]
[9778 9842]
[9843 9885]
[9886 9978]
[ 9979 10068]
[10069 10091]
[10092 10175]
[10176 10231]
[10232 10292]
[10293 10350]
[10351 10428]
[10429 10528]
[10529 10684]
[10685 10743]
[10744 10784]
[10785 10823]
[10824 10866]
[10867 10922]
[10923 10978]
[10979 11018]
[11019 11123]
[11124 11553]
[11554 11606]
[11607 11638]
[11639 11687]
[11688 11720]
[11721 11784]
[11785 11821]
[11822 11877]
[11878 11959]
[11960 12016]
[12017 12046]
[12047 12089]
[12090 12113]
[12114 12165]
[12166 12268]
[12269 12319]
[12320 12390]
[12391 12419]
[12420 12440]
[12441 12504]
[12505 12598]
[12599 12636]
[12637 12654]
[12655 12685]
[12686 12770]
[12771 12816]
[12817 12872]
[12873 12914]
[12915 12968]
[12969 13050]
[13051 13318]
[13319 13377]
[13378 13449]
[13450 13573]
[13574 13653]
[13654 13717]
[13718 13753]
[13755 13874]
[13875 13972]
[13973 14034]
[14035 14087]
[14088 14120]
[14121 14180]
[14181 14218]
[14219 14278]
[14279 14316]
[14317 14364]
[14365 14404]
[14405 14666]
[14667 14740]
[14741 14835]
[14836 14942]
[14943 15017]
[15018 15110]
[15111 15222]
[15223 15309]
[15310 15417]
[15418 15470]
[15471 15515]
[15516 15862]
[15863 15954]
[15955 16060]
[16061 16390]
[16391 16458]
[16459 16530]
[16531 16597]
[16598 16711]
[16712 16824]
[16825 16928]
[16929 16991]
[16992 17163]
[17164 17263]
[17264 17383]
[17384 17499]
[17500 17599]
[17600 17717]
[17718 17777]
[17778 17875]
[17876 18087]
[18088 18208]
[18209 18263]
[18264 18329]
[18330 18521]
[18522 18650]
[18651 18713]
[18714 18878]
[18879 18937]
[18938 18990]
[18991 19024]
[19025 19063]
[19064 19116]
[19117 19178]
[19179 19314]
[19315 19652]
[19653 19828]
[19829 20095]
[20096 20135]
[20136 20284]
[20285 20327]
[20328 20440]
[20441 20496]
[20497 20554]
[20555 20625]
[20626 20678]
[20679 20849]
[20850 20943]
[20944 21046]
[21047 21102]
[21103 21193]
[21194 21242]
[21243 21349]
[21350 21754]
[21755 21823]
[21824 21882]
[21883 21948]
[21949 22021]
[22022 22064]
[22065 22091]
[22092 22135]
[22136 22173]
[22174 22208]
[22209 22265]
[22266 22299]
[22300 22330]
[22331 22555]
[22556 22614]
[22615 22651]
[22652 22725]
[22726 22817]
[22818 22873]
[22874 22927]
[22928 22973]
[22974 23042]
[23043 23231]
[23232 23712]
[23713 23841]
[23842 23891]
[23892 23941]
[23942 24010]
[24011 24101]
[24102 24171]
[24172 24278]
[24279 24355]
[24356 24420]
[24421 24484]
[24485 24568]
[24569 24671]
[24672 24721]
[24722 24778]
[24779 24822]
[24823 24910]
[24911 24965]
[24966 25045]
[25046 25102]
[25103 25143]
[25144 25242]
[25243 25452]
[25453 25572]
[25573 25618]
[25619 25668]
[25669 25718]
[25719 25818]
[25819 25867]
[25868 25943]
[25944 26059]
[26060 26111]
[26112 26169]
[26170 26216]
[26217 26273]
[26274 26418]
[26419 26456]
[26457 26496]
[26497 26546]
[26547 26690]
[26691 26745]
[26746 26800]
[26801 26880]
[26881 26929]
[26930 26961]
[26962 26994]
[26995 27038]
[27039 27068]
[27069 27283]
[27284 27407]
[27408 27639]
[27640 27812]
[27813 27865]
[27866 27902]
[27903 28016]
[28017 28132]
[28133 28240]
[28241 28610]
[28611 28699]
