[ 0 17]
[ 18 325]
[326 383]
[384 419]
[420 449]
[450 477]
[478 510]
[511 550]
[551 591]
[592 634]
[635 702]
[703 729]
[730 759]
[760 803]
[804 838]
[839 874]
[875 961]
[ 962 1574]
[1575 1750]
[1751 1967]
[1968 2212]
[2213 2447]
[2448 2585]
[2586 2784]
[2785 3053]
[3054 3143]
[3144 3571]
[3572 3616]
[3617 3669]
[3670 3862]
[3863 3927]
[3928 3990]
[3991 4062]
[4063 4117]
[4118 4239]
[4240 4339]
[4340 4759]
[4760 4844]
[4845 4909]
[4910 4972]
[4973 5044]
[5045 5113]
[5114 5160]
[5161 5223]
[5224 5352]
[5353 5406]
[5407 5561]
[5562 5625]
[5626 5663]
[5664 5744]
[5745 5873]
[5874 5992]
[5993 6203]
[6204 6455]
[6456 6554]
[6555 6702]
[6703 6739]
[6740 6791]
[6792 6857]
[6858 6886]
[6887 7170]
[7171 7739]
[7740 7815]
[7816 7890]
[7891 8019]
[8020 8092]
[8093 8203]
[8204 8283]
[8284 8332]
[8333 8384]
[8385 8448]
[8449 8518]
[8519 8601]
[8602 8653]
[8654 8724]
[8725 8765]
[8766 8855]
[8856 8904]
[8905 8938]
[8939 9007]
[9008 9077]
[9078 9147]
[9148 9161]
[9162 9194]
[9195 9685]
[9686 9744]
[9745 9924]
[ 9925 10036]
[10037 10312]
[10313 10378]
[10379 10492]
[10493 10664]
[10665 10789]
[10790 10914]
[10915 10979]
[10980 11396]
[11397 11445]
[11446 11516]
[11517 11571]
[11572 11611]
[11612 11676]
[11677 11734]
[11735 11799]
[11800 11828]
[11829 11880]
[11881 11921]
[11922 11980]
[11981 12039]
[12040 12076]
[12077 12130]
[12131 12192]
[12193 12229]
[12230 12261]
[12262 12334]
[12335 12384]
[12385 12437]
[12438 12490]
[12491 12544]
[12545 12604]
[12605 12658]
[12659 12727]
[12728 12781]
[12782 12807]
[12808 12838]
[12839 12903]
[12904 12948]
[12949 13004]
[13005 13092]
[13093 13587]
[13588 13646]
[13647 13690]
[13691 13747]
[13748 13771]
[13772 13835]
[13836 13879]
[13880 14013]
[14014 14062]
[14063 14114]
[14115 14176]
[14177 14215]
[14216 14396]
[14397 14442]
[14443 14516]
[14517 14570]
[14571 14647]
[14648 14707]
[14708 14790]
[14791 14849]
[14850 14860]
[14861 14902]
[14903 14918]
[14919 14973]
[14974 15028]
[15029 15080]
[15081 15113]
[15114 15162]
[15163 15166]
[15167 15520]
[15521 15648]
[15649 15772]
[15773 16097]
[16098 16205]
[16206 16450]
[16451 16521]
[16522 16898]
[16899 16976]
[16977 17052]
[17053 17106]
[17107 17176]
[17177 17234]
[17235 17288]
[17289 17336]
[17337 17405]
[17406 17471]
[17472 17542]
[17543 17607]
[17608 17781]
[17782 17810]
[17811 17856]
[17857 17908]
[17909 17946]
[17947 17990]
[17991 18016]
[18017 18286]
[18287 18438]
[18439 18563]
[18564 18734]
[18735 18869]
[18870 18951]
[18952 18969]
[18970 19066]
[19067 19395]
[19396 19397]
[19398 19569]
[19570 19634]
[19635 19691]
[19692 19722]
[19723 19773]
[19774 19853]
[19854 19895]
[19896 19967]
[19968 19994]
[19995 20015]
[20016 20042]
[20043 20074]
[20075 20111]
[20112 20161]
[20162 20204]
[20205 20267]
[20268 20322]
[20323 20373]
[20374 20414]
[20415 20458]
[20459 20609]
[20610 20664]
[20665 20715]
[20716 20757]
[20758 20812]
[20813 20849]
[20850 20904]
[20905 20973]
[20974 21015]
[21016 21027]
[21028 21449]
[21450 21601]
[21602 21873]
[21874 22230]
[22231 22355]
[22356 22480]
[22481 22600]
[22601 22655]
[22656 22706]
[22707 22751]
[22752 22786]
[22787 22835]
[22836 22900]
[22901 22945]
[22946 23081]
[23082 23270]
[23271 23459]
[23460 23549]
[23550 23584]
[23585 23629]
[23630 23667]
[23668 23702]
[23703 23752]
[23753 23799]
[23800 23883]
[23884 24146]
[24147 24290]
[24291 24433]
[24434 24496]
[24497 24722]
[24723 24876]
[24877 25057]
[25058 25257]
[25259 25331]
[25332 25396]
[25397 25470]
[25471 25524]
[25525 25587]
[25588 25711]
[25712 25807]
[25808 25881]
[25882 25942]
[25943 26011]
[26012 26063]
[26064 26116]
[26117 26281]
[26282 26325]
[26326 26375]
[26376 26424]
[26425 26493]
[26494 26588]
[26589 26631]
[26632 26664]
[26665 26897]
[26898 27014]
[27015 27141]
[27142 27227]
[27228 27346]
[27347 27475]
[27476 27565]
[27566 27626]
[27627 27694]
[27695 27765]
[27766 27860]
[27861 27965]
[27966 28025]
[28026 28088]
[28089 28157]
[28158 28220]
[28221 28278]
[28279 28306]
[28307 28730]
[28731 28799]
