[ 0 22]
[24 43]
[44 63]
[ 65 108]
[110 193]
[195 469]
[470 522]
[523 553]
[554 605]
[606 649]
[650 685]
[686 715]
[716 743]
[744 773]
[774 806]
[807 837]
[838 868]
[869 898]
[899 930]
[931 962]
[963 992]
[ 993 1026]
[1027 1107]
[1108 1687]
[1688 1807]
[1808 1865]
[1866 1914]
[1915 1957]
[1958 1988]
[1989 2024]
[2025 2238]
[2239 2301]
[2302 2393]
[2394 2457]
[2458 2540]
[2541 2636]
[2637 2696]
[2697 2752]
[2753 2791]
[2792 2922]
[2923 2988]
[2989 3052]
[3053 3121]
[3122 3192]
[3193 3793]
[3794 3873]
[3874 3943]
[3944 3989]
[3990 4026]
[4027 4081]
[4082 4135]
[4136 4178]
[4179 4225]
[4226 4264]
[4265 4309]
[4310 4391]
[4392 4440]
[4441 4486]
[4487 4537]
[4538 4565]
[4566 4624]
[4625 4662]
[4663 4715]
[4716 4769]
[4770 4798]
[4799 4901]
[4902 4935]
[4936 4972]
[4973 5025]
[5026 5043]
[5044 5086]
[5087 5121]
[5122 5162]
[5163 5217]
[5218 5272]
[5273 5294]
[5295 5518]
[5519 5591]
[5592 5667]
[5668 5754]
[5755 5821]
[5822 5886]
[5887 5962]
[5963 6022]
[6023 6054]
[6055 6146]
[6147 6207]
[6208 6274]
[6275 6331]
[6332 6376]
[6377 6403]
[6404 6907]
[6909 6990]
[6991 7141]
[7142 7186]
[7187 7232]
[7233 7277]
[7278 7630]
[7631 7836]
[7837 7887]
[7888 7935]
[7936 8025]
[8026 8094]
[8095 8175]
[8176 8673]
[8674 8728]
[8729 8775]
[8776 8836]
[8837 8901]
[8902 8946]
[8947 8980]
[8981 9053]
[9054 9085]
[9086 9209]
[9210 9244]
[9245 9278]
[9279 9320]
[9321 9353]
[9354 9368]
[9369 9422]
[9423 9451]
[9452 9480]
[9481 9496]
[9497 9546]
[9547 9574]
[9575 9606]
[9607 9634]
[9635 9881]
[9882 9918]
[9919 9953]
[9954 9997]
[ 9998 10043]
[10044 10098]
[10099 10134]
[10135 10340]
[10341 10609]
[10610 10688]
[10689 10767]
[10768 10853]
[10854 10933]
[10934 11032]
[11033 11157]
[11158 11246]
[11247 11335]
[11336 11425]
[11426 11547]
[11548 11626]
[11627 11669]
[11670 11724]
[11725 11768]
[11769 11813]
[11814 11856]
[11857 11904]
[11905 11948]
[11949 11992]
[11993 12036]
[12037 12081]
[12082 12164]
[12165 12595]
[12596 12749]
[12750 12918]
[12919 13043]
[13044 13139]
[13140 13243]
[13244 13450]
[13451 13660]
[13661 13716]
[13717 14062]
[14063 14153]
[14154 14232]
[14233 14351]
[14352 14412]
[14413 14487]
[14488 14706]
[14707 14844]
[14845 15264]
[15265 15405]
[15406 15482]
[15483 15572]
[15573 15629]
[15630 15698]
[15699 15758]
[15759 15816]
[15817 15870]
[15871 15930]
[15931 15995]
[15996 16129]
[16130 16185]
[16186 16240]
[16241 16294]
[16295 16359]
[16360 16417]
[16418 16476]
[16477 16532]
[16533 16587]
[16588 16641]
[16642 16698]
[16699 16756]
[16757 17097]
[17098 17143]
[17144 17187]
[17188 17224]
[17225 17256]
[17257 17284]
[17285 17348]
[17349 17487]
[17488 17518]
[17519 17718]
[17719 17784]
[17785 17832]
[17833 17876]
[17877 17944]
[17945 18055]
[18056 18166]
[18167 18233]
[18234 18296]
[18297 18701]
[18702 18755]
[18756 18804]
[18805 18846]
[18847 18923]
[18924 19042]
[19043 19139]
[19140 19193]
[19194 19234]
[19235 19388]
[19389 19426]
[19427 19462]
[19463 19507]
[19508 19556]
[19557 19586]
[19587 19749]
[19750 19886]
[19887 19959]
[19960 20021]
[20022 20093]
[20094 20193]
[20194 20354]
[20355 20408]
[20409 20471]
[20472 20535]
[20536 20624]
[20625 20689]
[20690 20774]
[20775 20900]
[20901 20987]
[20988 21057]
[21058 21490]
[21491 21546]
[21547 21590]
[21591 21654]
[21655 21739]
[21740 21863]
[21864 21944]
[21945 22044]
[22045 22087]
[22088 22172]
[22173 22375]
[22376 22486]
[22487 22577]
[22578 22674]
[22675 23032]
[23033 23160]
[23161 23285]
[23286 23410]
[23411 23660]
[23661 23785]
[23786 23910]
[23911 24026]
[24027 24454]
[24455 24517]
[24518 24572]
[24573 24624]
[24625 24678]
[24679 24737]
[24738 24803]
[24804 24852]
[24853 24907]
[24908 24960]
[24961 25013]
[25014 25070]
[25071 25125]
[25126 25190]
[25191 25253]
[25254 25317]
[25318 25378]
[25379 25442]
[25443 25564]
[25565 25605]
[25606 25662]
[25663 25687]
[25688 25965]
[25966 26043]
[26044 26086]
[26087 26150]
[26151 26197]
[26198 26336]
[26337 26495]
[26496 26526]
[26527 26578]
[26579 26667]
[26668 26758]
[26759 26894]
[26895 26934]
[26935 27043]
[27044 27085]
[27086 27288]
[27289 27385]
[27386 27584]
[27585 27673]
[27674 27761]
[27762 27841]
[27842 27891]
[27892 27985]
[27986 28047]
[28048 28112]
[28113 28179]
[28180 28456]
[28457 28684]
[28685 29094]
[29095 29434]
[29435 29501]
[29502 29568]
[29569 29633]
[29634 29700]
[29701 29770]
[29771 29840]
[29841 29915]
[29916 29984]
[29985 30047]
[30048 30107]
[30108 30166]
[30167 30234]
[30235 30296]
[30297 30354]
[30355 30601]
[30602 30699]
