[ 0 19]
[21 40]
[41 60]
[ 62 105]
[107 184]
[185 625]
[626 686]
[687 708]
[709 737]
[738 760]
[761 789]
[790 814]
[815 828]
[829 849]
[850 870]
[871 891]
[892 913]
[914 933]
[934 963]
[964 999]
[1000 1034]
[1035 1127]
[1128 1638]
[1639 1674]
[1675 1698]
[1699 1720]
[1721 1747]
[1748 1774]
[1775 1842]
[1843 1867]
[1868 1896]
[1897 1935]
[1936 1973]
[1974 2009]
[2010 2141]
[2142 2227]
[2228 2256]
[2257 2286]
[2287 2320]
[2321 2365]
[2366 2408]
[2409 2444]
[2445 2486]
[2487 2594]
[2595 2614]
[2615 2642]
[2643 2702]
[2703 2730]
[2731 2830]
[2831 2914]
[2915 2984]
[2985 3038]
[3039 3065]
[3066 3144]
[3145 3542]
[3543 3832]
[3833 3866]
[3867 3904]
[3905 3937]
[3938 3982]
[3983 4023]
[4024 4069]
[4070 4123]
[4124 4165]
[4166 4218]
[4219 4269]
[4270 4291]
[4292 4329]
[4330 4385]
[4386 4430]
[4431 4467]
[4468 4534]
[4535 4584]
[4585 4633]
[4634 4651]
[4652 4696]
[4697 4729]
[4730 4800]
[4801 4862]
[4863 4928]
[4929 4980]
[4981 5037]
[5038 5090]
[5091 5140]
[5141 5190]
[5191 5211]
[5212 5237]
[5238 5737]
[5738 5807]
[5808 5848]
[5849 5890]
[5891 5949]
[5950 5981]
[5982 6092]
[6093 6144]
[6145 6197]
[6198 6262]
[6263 6301]
[6302 6518]
[6519 6671]
[6672 6831]
[6832 6859]
[6860 6933]
[6934 6997]
[6998 7045]
[7046 7103]
[7104 7450]
[7451 7511]
[7512 7587]
[7588 7630]
[7631 7704]
[7705 7750]
[7751 7816]
[7817 7867]
[7868 7904]
[7905 7967]
[7968 8038]
[8039 8082]
[8083 8215]
[8216 8495]
[8496 8531]
[8532 8602]
[8603 8648]
[8649 8689]
[8690 8708]
[8709 8762]
[8763 9134]
[9136 9191]
[9192 9248]
[9249 9326]
[9327 9397]
[9398 9459]
[9460 9502]
[9503 9553]
[9554 9642]
[9643 9698]
[9699 9762]
[9763 9875]
[9876 9910]
[9911 9994]
[ 9995 10075]
[10076 10140]
[10141 10211]
[10212 10258]
[10259 10286]
[10287 10322]
[10323 10419]
[10420 10472]
[10473 10542]
[10543 10612]
[10613 10661]
[10662 10730]
[10731 10767]
[10768 10803]
[10804 10835]
[10836 10863]
[10864 10910]
[10911 10993]
[10994 11035]
[11036 11171]
[11172 11500]
[11501 11562]
[11563 11872]
[11873 12090]
[12091 12152]
[12153 12242]
[12243 12398]
[12399 12424]
[12425 12566]
[12567 12640]
[12641 12666]
[12667 12995]
[12996 13053]
[13054 13124]
[13125 13199]
[13200 13318]
[13319 13390]
[13391 13445]
[13446 13487]
[13488 13548]
[13549 13612]
[13613 13934]
[13935 13992]
[13993 14058]
[14059 14124]
[14125 14192]
[14193 14698]
[14699 14786]
[14787 14942]
[14943 15078]
[15079 15131]
[15132 15180]
[15181 15245]
[15246 15293]
[15294 15359]
[15360 15410]
[15411 15487]
[15488 15538]
[15539 15576]
[15577 15607]
[15608 15637]
[15638 15662]
[15663 15750]
[15751 15899]
[15900 15992]
[15993 16119]
[16120 16169]
[16170 16206]
[16207 16544]
[16545 16614]
[16615 16639]
[16640 16738]
[16739 16780]
[16781 16854]
[16855 17045]
[17046 17106]
[17107 17140]
[17141 17186]
[17187 17283]
[17284 17320]
[17321 17491]
[17492 17556]
[17557 17612]
[17613 17678]
[17679 17712]
[17713 17858]
[17859 17891]
[17892 17917]
[17918 17948]
[17949 17979]
[17980 18007]
[18008 18034]
[18035 18118]
[18119 18592]
[18593 18658]
[18659 18719]
[18720 18776]
[18777 18830]
[18831 18865]
[18866 18920]
[18921 18973]
[18974 18999]
[19000 19050]
[19051 19130]
[19131 19180]
[19181 19234]
[19235 19295]
[19296 19457]
[19458 19490]
[19491 19544]
[19545 19621]
[19622 19661]
[19662 19700]
[19701 19747]
[19748 19798]
[19799 19859]
[19860 19975]
[19976 20298]
[20299 20356]
[20357 20451]
[20452 20553]
[20554 20592]
[20593 20682]
[20683 20849]
[20850 20955]
[20956 20961]
[20962 21033]
[21034 21094]
[21095 21160]
[21161 21425]
[21426 22131]
[22132 22184]
[22185 22409]
[22410 22999]
[23000 23041]
[23042 23088]
[23089 23210]
[23211 23248]
[23249 23293]
[23294 23331]
[23332 23364]
[23365 23391]
[23392 23431]
[23432 23452]
[23453 23548]
[23549 23636]
[23637 23692]
[23693 23772]
[23773 23860]
[23861 23875]
[23876 23919]
[23920 24020]
[24021 24103]
[24104 24161]
[24162 24209]
[24210 24700]
[24701 24838]
[24839 24872]
[24873 24908]
[24909 24965]
[24966 25226]
[25227 25280]
[25281 25318]
[25319 25356]
[25357 25402]
[25403 25719]
[25720 25792]
[25793 25864]
[25865 25923]
[25924 25974]
[25975 26039]
[26040 26134]
[26135 26158]
[26159 26475]
[26476 26598]
[26599 26688]
[26689 26771]
[26772 26874]
[26875 26986]
[26987 27093]
[27094 27183]
[27184 27245]
[27246 27344]
[27345 27404]
[27405 27500]
[27501 27538]
[27539 27584]
[27585 28211]
[28212 28307]
[28308 28390]
[28391 28448]
[28449 28576]
[28577 28642]
[28643 28820]
[28821 28943]
[28944 29089]
[29090 29305]
[29306 29563]
[29564 29661]
[29662 29870]
[29871 29995]
[29996 30129]
[30130 30245]
[30246 30351]
[30352 30472]
[30473 30558]
[30559 30675]
[30676 30728]
[30729 30765]
[30766 30905]
[30906 30969]
[30970 31044]
[31045 31079]
[31080 31116]
[31117 31173]
[31174 31231]
[31232 31261]
[31262 31292]
[31293 31402]
[31403 31522]
[31523 31630]
[31631 31678]
[31679 31814]
[31815 32438]
[32439 32499]
