[ 0 20]
[22 41]
[42 61]
[ 63 106]
[108 197]
[198 535]
[536 589]
[590 646]
[647 682]
[683 716]
[717 753]
[754 781]
[782 815]
[816 843]
[844 885]
[886 923]
[924 955]
[ 956 1011]
[1012 1429]
[1430 1583]
[1584 1651]
[1652 1711]
[1712 1777]
[1778 1832]
[1833 1896]
[1897 1971]
[1972 2036]
[2037 2101]
[2102 2165]
[2166 2251]
[2252 2322]
[2323 2408]
[2409 2474]
[2475 2497]
[2498 3134]
[3135 3192]
[3193 3249]
[3250 3384]
[3385 3460]
[3461 3557]
[3558 3681]
[3682 3939]
[3940 4341]
[4342 4394]
[4395 4464]
[4465 4544]
[4545 4592]
[4593 4632]
[4633 4900]
[4901 5119]
[5120 5286]
[5287 5370]
[5371 5446]
[5447 5556]
[5557 5649]
[5650 5702]
[5703 5791]
[5792 5865]
[5866 5922]
[5923 6594]
[6595 6689]
[6690 6758]
[6759 6887]
[6888 6935]
[6936 6983]
[6984 7028]
[7029 7066]
[7067 7123]
[7124 7155]
[7156 7218]
[7219 7264]
[7265 7325]
[7326 7379]
[7380 7430]
[7431 7585]
[7586 7779]
[7780 7822]
[7823 7879]
[7880 7930]
[7931 7966]
[7967 8026]
[8027 8067]
[8068 8129]
[8130 8562]
[8563 8629]
[8630 8697]
[8698 8729]
[8730 8790]
[8791 8839]
[8840 9005]
[9006 9177]
[9178 9216]
[9217 9268]
[9269 9288]
[9289 9361]
[9362 9391]
[9392 9418]
[9419 9456]
[9457 9792]
[9793 9852]
[9853 9905]
[9906 9950]
[ 9951 10015]
[10016 10052]
[10053 10086]
[10087 10133]
[10134 10511]
[10512 10533]
[10534 10590]
[10591 10688]
[10689 10773]
[10774 10857]
[10858 10927]
[10928 11005]
[11006 11119]
[11120 11257]
[11258 11301]
[11302 11376]
[11377 11446]
[11447 11624]
[11625 11681]
[11682 11734]
[11735 11807]
[11808 11894]
[11895 11962]
[11963 12064]
[12065 12267]
[12268 12348]
[12349 12422]
[12423 12452]
[12453 12528]
[12529 12589]
[12590 12622]
[12623 12767]
[12768 13047]
[13048 13146]
[13147 13196]
[13197 13238]
[13239 13313]
[13314 13396]
[13397 13448]
[13449 13466]
[13467 13788]
[13789 13878]
[13879 13962]
[13963 14045]
[14046 14132]
[14133 14223]
[14224 14499]
[14500 14557]
[14558 14611]
[14612 14674]
[14675 14741]
[14742 14791]
[14792 14849]
[14850 14904]
[14905 14969]
[14970 15048]
[15049 15356]
[15357 15579]
[15580 15684]
[15685 15848]
[15849 15897]
[15898 15958]
[15959 16075]
[16076 16104]
[16105 16138]
[16139 16211]
[16212 16276]
[16277 16340]
[16341 16353]
[16354 16403]
[16404 16437]
[16438 16494]
[16495 16506]
[16507 16618]
[16619 16685]
[16686 16734]
[16735 16811]
[16812 16873]
[16874 16998]
[16999 17068]
[17069 17393]
[17394 17537]
[17538 17676]
[17677 17795]
[17796 17953]
[17954 18092]
[18093 18232]
[18233 18308]
[18309 18467]
[18468 18707]
[18708 18746]
[18747 18823]
[18824 19006]
[19007 19045]
[19046 19123]
[19124 19191]
[19192 19263]
[19264 19311]
[19312 19368]
[19369 19426]
[19427 19469]
[19470 19566]
[19567 19636]
[19637 19738]
[19739 19782]
[19783 19852]
[19853 19909]
[19910 19958]
[19959 20241]
[20242 20479]
[20480 20570]
[20571 21225]
[21226 21318]
[21319 21427]
[21428 21482]
[21483 21505]
[21506 21759]
[21760 21832]
[21833 21949]
[21950 22040]
[22041 22150]
[22151 22233]
[22234 22281]
[22282 22392]
[22393 22435]
[22436 22510]
[22511 22535]
[22536 22613]
[22614 22695]
[22696 22764]
[22765 22965]
[22966 23142]
[23143 23374]
[23375 23579]
[23580 23706]
[23707 23796]
[23797 23848]
[23849 24053]
[24054 24583]
[24584 24650]
[24651 24723]
[24724 24907]
[24908 24965]
[24966 25015]
[25016 25220]
[25221 25264]
[25265 25310]
[25311 25390]
[25391 25433]
[25434 25521]
[25522 25546]
[25547 25637]
[25638 25704]
[25705 25768]
[25769 25809]
[25810 25843]
[25844 25892]
[25893 25924]
[25925 26015]
[26016 26059]
[26060 26093]
[26094 26131]
[26132 26180]
[26181 26243]
[26244 26278]
[26279 26346]
[26347 26437]
[26438 26512]
[26513 26574]
[26575 26624]
[26625 26672]
[26673 26702]
[26703 26714]
[26715 26789]
[26790 26851]
[26852 26934]
[26935 27069]
[27070 27158]
[27159 27232]
[27233 27384]
[27385 27441]
[27442 27544]
[27545 27593]
[27594 27675]
[27676 27756]
[27757 27780]
[27781 27827]
[27828 27914]
[27915 27979]
[27980 28065]
[28066 28133]
[28134 28225]
[28226 28300]
[28301 28380]
[28381 28638]
[28639 28713]
[28714 28795]
[28796 28857]
[28858 28923]
[28924 29100]
[29101 29375]
[29376 29692]
[29693 29749]
