[ 0 22]
[24 43]
[44 63]
[ 65 108]
[110 452]
[453 508]
[509 544]
[545 574]
[575 602]
[603 635]
[636 671]
[672 701]
[702 729]
[730 759]
[760 792]
[793 823]
[824 854]
[855 884]
[885 924]
[925 962]
[963 996]
[ 997 1084]
[1085 1544]
[1546 1596]
[1597 1770]
[1771 1868]
[1869 1888]
[1889 1954]
[1955 2009]
[2010 2076]
[2077 2267]
[2268 2401]
[2402 2502]
[2503 2608]
[2609 2639]
[2640 2880]
[2881 2919]
[2920 2972]
[2973 3053]
[3054 3394]
[3396 3450]
[3451 3500]
[3501 3582]
[3583 3635]
[3636 3680]
[3681 3737]
[3738 3830]
[3831 3904]
[3905 4048]
[4049 4150]
[4151 4255]
[4256 4338]
[4339 4411]
[4412 4522]
[4523 4604]
[4605 4684]
[4685 4754]
[4755 4844]
[4845 4911]
[4912 4946]
[4947 5303]
[5304 5362]
[5363 5436]
[5437 5503]
[5504 5589]
[5590 5687]
[5688 5751]
[5752 5833]
[5834 5893]
[5894 5948]
[5950 6015]
[6016 6086]
[6087 6166]
[6167 6224]
[6225 6548]
[6549 6976]
[6977 7141]
[7142 7235]
[7236 7524]
[7526 7614]
[7615 7661]
[7662 7743]
[7744 7795]
[7796 7883]
[7884 8063]
[8064 8108]
[8109 8175]
[8176 8219]
[8220 8261]
[8262 8346]
[8347 8435]
[8436 8492]
[8493 8540]
[8541 8603]
[8604 8707]
[8708 8778]
[8779 8812]
[8813 8919]
[8920 9006]
[9007 9046]
[9047 9105]
[9106 9493]
[9494 9514]
[9515 9553]
[9554 9596]
[9597 9625]
[9626 9683]
[9684 9724]
[9725 9761]
[9762 9788]
[9789 9839]
[9840 9868]
[9869 9938]
[9939 9990]
[ 9991 10048]
[10049 10125]
[10126 10194]
[10195 10223]
[10224 10351]
[10352 10552]
[10553 10631]
[10632 10742]
[10743 10784]
[10785 10815]
[10816 10868]
[10869 10912]
[10913 10954]
[10955 11044]
[11045 11448]
[11449 11515]
[11516 11605]
[11606 11676]
[11677 11736]
[11737 11824]
[11825 11922]
[11923 12068]
[12069 12193]
[12194 12313]
[12314 12362]
[12363 12617]
[12618 12661]
[12662 12706]
[12707 12797]
[12798 12841]
[12842 12886]
[12887 12929]
[12930 12977]
[12978 13057]
[13058 13569]
[13570 13629]
[13630 13676]
[13677 13758]
[13759 13950]
[13951 14013]
[14014 14078]
[14079 14173]
[14174 14247]
[14248 14304]
[14305 14407]
[14408 14470]
[14471 14528]
[14529 14589]
[14590 14691]
[14692 14997]
[14998 15053]
[15054 15140]
[15141 15238]
[15239 15419]
[15420 15527]
[15528 15602]
[15603 15646]
[15647 15754]
[15755 16241]
[16242 16485]
[16486 17051]
[17052 17562]
[17563 17972]
[17973 18032]
[18033 18068]
[18069 18165]
[18166 18293]
[18294 18437]
[18438 18555]
[18556 18592]
[18593 18628]
[18629 18663]
[18664 18704]
[18705 18754]
[18755 18792]
[18793 18831]
[18832 18884]
[18885 18998]
[18999 19075]
[19076 19356]
[19357 19595]
[19596 19730]
[19731 19841]
[19842 19931]
[19932 20006]
[20007 20062]
[20063 20071]
[20072 20224]
[20225 20404]
[20405 20462]
[20463 20517]
[20518 20578]
[20579 20648]
[20649 20714]
[20715 20783]
[20784 20846]
[20847 20915]
[20916 21011]
[21012 21246]
[21247 21291]
[21292 21348]
[21349 21429]
[21430 21503]
[21504 21555]
[21556 21599]
[21600 21644]
[21645 21687]
[21688 21735]
[21736 21776]
[21777 21849]
[21850 21888]
[21889 21918]
[21919 21992]
[21993 22299]
[22300 22369]
[22370 22445]
[22446 22511]
[22512 22586]
[22587 22636]
[22637 22670]
[22671 22749]
[22750 22806]
[22807 22886]
[22887 22928]
[22929 22980]
[22981 23036]
[23037 23088]
[23089 23131]
[23132 23491]
[23492 23752]
[23753 23904]
[23905 23962]
[23963 24014]
[24015 24148]
[24149 24250]
[24251 24320]
[24321 24608]
[24609 24650]
[24651 24731]
[24732 24793]
[24794 25163]
[25164 25194]
[25195 25240]
[25241 25307]
[25308 25391]
[25392 25895]
[25896 26131]
[26132 26189]
[26190 26217]
[26218 26259]
[26260 26385]
[26386 26413]
[26414 26477]
[26478 26522]
[26523 26545]
[26546 26607]
[26608 26680]
[26681 26726]
[26727 27027]
[27029 27123]
[27124 27242]
[27243 27307]
[27308 27378]
[27379 27417]
[27419 27504]
[27505 27583]
[27584 27927]
[27928 28089]
[28090 28121]
[28122 28190]
[28191 28347]
[28348 28391]
[28393 28433]
[28434 28577]
[28578 28657]
[28658 28741]
[28742 28865]
[28866 28905]
[28906 28941]
[28942 29009]
[29010 29091]
[29092 29172]
[29173 29264]
[29265 29411]
[29412 29441]
[29442 29526]
[29527 29572]
[29573 29651]
[29652 29742]
[29743 29889]
[29890 30039]
[30040 30081]
[30082 30153]
[30154 30201]
[30202 30274]
[30275 30305]
[30306 30340]
[30341 30446]
[30447 30503]
[30504 30543]
[30544 30605]
[30606 30722]
[30723 30856]
[30857 30930]
[30931 30973]
[30974 31365]
[31366 31449]
