[ 0 30]
[32 51]
[52 71]
[ 73 116]
[118 225]
[226 618]
[619 675]
[676 726]
[727 774]
[775 804]
[805 839]
[840 878]
[879 926]
[927 968]
[ 969 1026]
[1027 1050]
[1051 1131]
[1132 1696]
[1697 1767]
[1768 1811]
[1812 1869]
[1870 1946]
[1947 2154]
[2155 2194]
[2195 2241]
[2242 2281]
[2282 2338]
[2339 2435]
[2436 2473]
[2474 2635]
[2636 2690]
[2691 2741]
[2742 2789]
[2790 2823]
[2824 2908]
[2909 2954]
[2955 2980]
[2981 3025]
[3026 3069]
[3070 3193]
[3194 3606]
[3607 3671]
[3672 3808]
[3809 3986]
[3987 4079]
[4080 4236]
[4237 4325]
[4326 4371]
[4372 4517]
[4518 4538]
[4539 4588]
[4589 4653]
[4654 4720]
[4721 4795]
[4796 4881]
[4882 4936]
[4937 5000]
[5001 5045]
[5046 5385]
[5386 5501]
[5502 5655]
[5656 5746]
[5747 5794]
[5795 5858]
[5859 5901]
[5902 5982]
[5983 6093]
[6094 6341]
[6342 6473]
[6474 6557]
[6558 7089]
[7090 7128]
[7129 7177]
[7178 7213]
[7214 7254]
[7255 7294]
[7295 7310]
[7311 7347]
[7348 7437]
[7438 7450]
[7451 7494]
[7495 7580]
[7581 7617]
[7618 7642]
[7643 7689]
[7690 7743]
[7744 7791]
[7792 7834]
[7835 7862]
[7863 7963]
[7964 8032]
[8033 8076]
[8077 8132]
[8133 8181]
[8182 8202]
[8203 8259]
[8260 8281]
[8282 8315]
[8316 8409]
[8410 8440]
[8441 8885]
[8886 8960]
[8961 9077]
[9078 9168]
[9169 9278]
[9279 9361]
[9362 9409]
[9410 9543]
[9544 9612]
[9613 9737]
[9738 9807]
[9808 9845]
[9846 9921]
[9922 9986]
[ 9987 10416]
[10417 10448]
[10449 10478]
[10479 10513]
[10514 10539]
[10540 10565]
[10566 10587]
[10588 10626]
[10627 10658]
[10659 10681]
[10682 10699]
[10700 10715]
[10716 10807]
[10808 10828]
[10829 10862]
[10863 10901]
[10902 10940]
[10941 10967]
[10968 11064]
[11065 11103]
[11104 11183]
[11184 11198]
[11199 11231]
[11232 11274]
[11275 11313]
[11314 11340]
[11341 11381]
[11382 11406]
[11407 11432]
[11433 11453]
[11454 11489]
[11490 11526]
[11527 11556]
[11557 11584]
[11585 11618]
[11619 11645]
[11646 11679]
[11680 11721]
[11722 11761]
[11762 11792]
[11793 11822]
[11823 11947]
[11948 12047]
[12048 12090]
[12091 12129]
[12130 12179]
[12180 12240]
[12241 12275]
[12276 12392]
[12393 12859]
[12860 12917]
[12918 13109]
[13110 13206]
[13207 13364]
[13365 13443]
[13444 13492]
[13493 13548]
[13549 13609]
[13610 13637]
[13638 13676]
[13677 13707]
[13708 13743]
[13744 13776]
[13777 13823]
[13824 13851]
[13852 13890]
[13891 13939]
[13940 14434]
[14435 14502]
[14503 14628]
[14629 14924]
[14925 14956]
[14957 14992]
[14993 15026]
[15027 15047]
[15048 15144]
[15146 15244]
[15245 15276]
[15277 15327]
[15328 15720]
[15721 15735]
[15736 15758]
[15759 15789]
[15790 15819]
[15820 15852]
[15853 16171]
[16172 16243]
[16244 16372]
[16373 16459]
[16460 16553]
[16554 16640]
[16641 16709]
[16710 17054]
[17055 17107]
[17108 17165]
[17166 17240]
[17241 17391]
[17392 17780]
[17781 17821]
[17822 17885]
[17887 17945]
[17946 17973]
[17974 18006]
[18007 18066]
[18067 18098]
[18099 18151]
[18152 18182]
[18183 18237]
[18238 18328]
[18329 18379]
[18380 18442]
[18443 18502]
[18503 18547]
[18548 18647]
[18648 18697]
[18698 18773]
[18774 18833]
[18834 18900]
[18901 18937]
[18938 18971]
[18972 19335]
[19336 19419]
[19420 19472]
[19473 19546]
[19547 19581]
[19582 19674]
[19675 19724]
[19725 19772]
[19773 19914]
[19915 20047]
[20048 20129]
[20130 20190]
[20191 20425]
[20426 20502]
[20503 20603]
[20604 20650]
[20651 20728]
[20729 20825]
[20826 20890]
[20891 20957]
[20958 21047]
[21048 21071]
[21072 21122]
[21123 21174]
[21175 21221]
[21222 21264]
[21265 21320]
[21321 21595]
[21596 21668]
[21669 21764]
[21765 21842]
[21843 21936]
[21937 22057]
[22058 22156]
[22157 22257]
[22258 22337]
[22338 22399]
[22400 22509]
[22510 22541]
[22542 22583]
[22584 22729]
[22730 22842]
[22843 23123]
[23124 23234]
[23235 23334]
[23335 23372]
[23373 23512]
[23513 23634]
[23635 23733]
[23734 23857]
[23858 23984]
[23985 24094]
[24095 24206]
[24207 24322]
[24323 24691]
[24692 24993]
[24994 25138]
[25139 25184]
[25185 25226]
[25227 25273]
[25274 25342]
[25343 25392]
[25393 25472]
[25473 25555]
[25556 25616]
[25617 25671]
[25672 25725]
[25726 25780]
[25781 25826]
[25827 26432]
[26433 26478]
[26479 26517]
[26518 27077]
[27078 27229]
[27230 27272]
[27273 27442]
[27443 27494]
[27495 27755]
[27756 27843]
[27844 27910]
[27911 28009]
[28010 28092]
[28093 28160]
[28161 28235]
[28236 28310]
[28311 28386]
[28387 28454]
[28455 28518]
[28519 28805]
[28806 28899]
