[ 0 23]
[25 44]
[45 64]
[ 66 109]
[111 188]
[189 624]
[625 684]
[685 714]
[715 737]
[738 764]
[765 787]
[788 811]
[812 842]
[843 875]
[876 901]
[902 935]
[936 958]
[959 983]
[ 984 1008]
[1009 1033]
[1034 1060]
[1061 1094]
[1095 1124]
[1125 1152]
[1153 1179]
[1180 1258]
[1259 1756]
[1757 1842]
[1843 1968]
[1969 2060]
[2061 2162]
[2163 2211]
[2212 2264]
[2265 2280]
[2281 2555]
[2556 2603]
[2604 2643]
[2644 2680]
[2681 2699]
[2700 2826]
[2827 3007]
[3008 3049]
[3050 3087]
[3088 3156]
[3157 3238]
[3239 3288]
[3289 3347]
[3348 3402]
[3403 3443]
[3444 3500]
[3501 3542]
[3543 3929]
[3930 3977]
[3978 4073]
[4074 4151]
[4152 4239]
[4240 4265]
[4266 4308]
[4309 4357]
[4358 4417]
[4418 4458]
[4459 4561]
[4562 4637]
[4638 4732]
[4733 4813]
[4814 4969]
[4970 5006]
[5007 5079]
[5080 5134]
[5135 5244]
[5245 5345]
[5346 6023]
[6024 6100]
[6101 6161]
[6162 6235]
[6236 6312]
[6313 6356]
[6357 6506]
[6507 6582]
[6583 6676]
[6677 6758]
[6759 6850]
[6851 6872]
[6873 6893]
[6894 6918]
[6919 7044]
[7045 7140]
[7141 7197]
[7198 7236]
[7237 7291]
[7292 7324]
[7325 7364]
[7365 7409]
[7410 7443]
[7444 7465]
[7466 7501]
[7502 7956]
[7957 8017]
[8018 8078]
[8079 8124]
[8125 8457]
[8458 8731]
[8732 8789]
[8790 8879]
[8880 8932]
[8933 9253]
[9254 9301]
[9302 9347]
[9348 9414]
[9415 9472]
[9473 9525]
[9526 9775]
[ 9776 10033]
[10034 10146]
[10147 10229]
[10230 10324]
[10325 10436]
[10437 10530]
[10531 10605]
[10606 10705]
[10706 10993]
[10994 11158]
[11159 11285]
[11286 11401]
[11402 11630]
[11631 11681]
[11682 11730]
[11731 11856]
[11857 11980]
[11981 12012]
[12013 12150]
[12151 12228]
[12229 12592]
[12593 12694]
[12695 12767]
[12768 12842]
[12843 12911]
[12912 12979]
[12980 13051]
[13052 13122]
[13123 13189]
[13190 13258]
[13259 13329]
[13330 13402]
[13403 13475]
[13476 13550]
[13551 13627]
[13628 13710]
[13711 13791]
[13792 13866]
[13867 13991]
[13992 14150]
[14151 14271]
[14272 14373]
[14374 14461]
[14462 14509]
[14510 14766]
[14767 14914]
[14915 15013]
[15014 15135]
[15136 15365]
[15366 15410]
[15411 15854]
[15855 15919]
[15920 15968]
[15969 16019]
[16020 16099]
[16100 16168]
[16169 16239]
[16240 16280]
[16281 16350]
[16351 16496]
[16497 16594]
[16595 16671]
[16672 16736]
[16737 16791]
[16792 16842]
[16843 16918]
[16919 16951]
[16952 17022]
[17023 17072]
[17073 17135]
[17136 17192]
[17193 17266]
[17267 17637]
[17638 17660]
[17661 17733]
[17734 17770]
[17771 17813]
[17814 17855]
[17856 17894]
[17895 18012]
[18013 18125]
[18126 18150]
[18151 18218]
[18219 18241]
[18242 18308]
[18309 18463]
[18464 18511]
[18512 18599]
[18600 18668]
[18669 18734]
[18735 18839]
[18840 19000]
[19001 19086]
[19087 19332]
[19333 19436]
[19437 19502]
[19503 19566]
[19567 19617]
[19618 19667]
[19668 19712]
[19713 19765]
[19766 19808]
[19809 19868]
[19869 19922]
[19923 19981]
[19982 20043]
[20044 20096]
[20097 20151]
[20152 20207]
[20208 20257]
[20258 20321]
[20322 20397]
[20398 20465]
[20466 20560]
[20561 20800]
[20801 20892]
[20893 20981]
[20982 21058]
[21059 21139]
[21140 21209]
[21210 21291]
[21292 21352]
[21353 21674]
[21675 21761]
[21762 21821]
[21822 21894]
[21895 21952]
[21953 22060]
[22061 22128]
[22129 22157]
[22158 22202]
[22203 22259]
[22260 22292]
[22293 22325]
[22326 22363]
[22364 22394]
[22395 22437]
[22438 22521]
[22522 22838]
[22839 22960]
[22961 23034]
[23035 23171]
[23172 23216]
[23217 23251]
[23252 23304]
[23305 23367]
[23368 23500]
[23501 23561]
[23562 23612]
[23613 23666]
[23667 23740]
[23741 23783]
[23784 23823]
[23824 24085]
[24086 24159]
[24160 24196]
[24197 24216]
[24217 24238]
[24239 24278]
[24279 24374]
[24375 24426]
[24427 24512]
[24513 24576]
[24577 24846]
[24847 24982]
[24983 25046]
[25047 25115]
[25116 25148]
[25149 25292]
[25293 25500]
[25501 25565]
[25566 25735]
[25736 25845]
[25846 25878]
[25879 26280]
[26281 26357]
[26358 26426]
[26427 26480]
[26481 26534]
[26535 26547]
[26548 26615]
[26616 26690]
[26691 26768]
[26769 26839]
[26840 26910]
[26911 26975]
[26976 27023]
[27024 27089]
[27090 27155]
[27156 27704]
[27705 27799]
