[ 0 18]
[20 39]
[40 59]
[ 61 104]
[106 195]
[196 422]
[423 482]
[483 516]
[517 552]
[553 609]
[610 632]
[633 691]
[692 733]
[734 770]
[771 810]
[811 834]
[835 858]
[859 907]
[ 908 1060]
[1061 1540]
[1541 1572]
[1573 1626]
[1627 1672]
[1673 1739]
[1740 1799]
[1800 1858]
[1859 1898]
[1899 1934]
[1935 1974]
[1975 2010]
[2011 2060]
[2061 2209]
[2210 2249]
[2250 2300]
[2301 2365]
[2366 2403]
[2404 2475]
[2476 2523]
[2524 2568]
[2569 2626]
[2627 2682]
[2683 2704]
[2705 2756]
[2757 2807]
[2808 2854]
[2855 2890]
[2891 2935]
[2936 2995]
[2996 3041]
[3042 3440]
[3441 3518]
[3519 3554]
[3555 3591]
[3592 3632]
[3633 3663]
[3664 3748]
[3749 3919]
[3920 4045]
[4046 4147]
[4148 4191]
[4192 4232]
[4233 4308]
[4309 4371]
[4372 4410]
[4411 4503]
[4504 4705]
[4706 4743]
[4744 4779]
[4780 4807]
[4808 4836]
[4837 4876]
[4877 5290]
[5291 5310]
[5311 5369]
[5370 5544]
[5545 5589]
[5590 5634]
[5635 5709]
[5710 5737]
[5738 5793]
[5794 5827]
[5828 5875]
[5876 6205]
[6206 6272]
[6273 6331]
[6332 6423]
[6424 6473]
[6474 6505]
[6506 6578]
[6579 6629]
[6630 6694]
[6695 6750]
[6751 6820]
[6821 6885]
[6886 6933]
[6934 6988]
[6989 7023]
[7024 7063]
[7064 7137]
[7138 7174]
[7175 7222]
[7223 7244]
[7245 7383]
[7384 7416]
[7417 7507]
[7508 7541]
[7542 7584]
[7585 7616]
[7617 7642]
[7643 7683]
[7684 8115]
[8116 8137]
[8138 8175]
[8176 8217]
[8218 8244]
[8245 8272]
[8273 8295]
[8296 8330]
[8331 8361]
[8362 8396]
[8397 8487]
[8488 8550]
[8551 8685]
[8686 8749]
[8750 8801]
[8802 8832]
[8833 8874]
[8875 8943]
[8944 9007]
[9008 9088]
[9089 9140]
[9141 9182]
[9183 9217]
[9218 9245]
[9246 9314]
[9315 9340]
[9341 9401]
[9402 9434]
[9435 9526]
[9527 9559]
[9560 9613]
[9614 9859]
[9860 9952]
[ 9953 10025]
[10026 10037]
[10038 10128]
[10129 10151]
[10152 10235]
[10236 10317]
[10318 10341]
[10342 10680]
[10681 10903]
[10904 11044]
[11045 11143]
[11144 11231]
[11232 11271]
[11272 11341]
[11342 11483]
[11484 11592]
[11593 11714]
[11715 11921]
[11922 11980]
[11981 12017]
[12018 12058]
[12059 12102]
[12103 12149]
[12150 12221]
[12222 12280]
[12281 12363]
[12364 12780]
[12781 12846]
[12847 12955]
[12956 13046]
[13047 13353]
[13354 13471]
[13472 13654]
[13655 13776]
[13777 14092]
[14093 14205]
[14206 14307]
[14308 14443]
[14444 14512]
[14513 14577]
[14578 14651]
[14652 14732]
[14733 14807]
[14808 14896]
[14897 14951]
[14952 15042]
[15043 15107]
[15108 15166]
[15167 15242]
[15243 15329]
[15330 15443]
[15444 15788]
[15789 15881]
[15882 15951]
[15952 16026]
[16027 16091]
[16092 16147]
[16148 16211]
[16212 16269]
[16270 16349]
[16350 16406]
[16407 16444]
[16445 16688]
[16689 16734]
[16735 16786]
[16787 16854]
[16855 16899]
[16900 16967]
[16968 17013]
[17014 17056]
[17057 17122]
[17123 17150]
[17151 17218]
[17219 17565]
[17566 17636]
[17637 17726]
[17727 17791]
[17792 17855]
[17856 18160]
[18161 18226]
[18227 18316]
[18317 18370]
[18371 18430]
[18431 18484]
[18485 18552]
[18553 18933]
[18934 18974]
[18975 19031]
[19032 19103]
[19104 19162]
[19163 19226]
[19227 19292]
[19293 19337]
[19338 19535]
[19536 19729]
[19730 19891]
[19892 19978]
[19979 20028]
[20029 20075]
[20076 20122]
[20123 20184]
[20185 20463]
[20464 20507]
[20508 20574]
[20575 20633]
[20634 20692]
[20693 20741]
[20742 20782]
[20783 20843]
[20844 20912]
[20913 20972]
[20973 21028]
[21029 21088]
[21089 21157]
[21158 21209]
[21210 21250]
[21251 21351]
[21352 21509]
[21510 21559]
[21560 21881]
[21882 21909]
[21910 21974]
[21975 22031]
[22032 22098]
[22099 22206]
[22207 22258]
[22259 22336]
[22337 22376]
[22377 22469]
[22470 22543]
[22544 22567]
[22568 22653]
[22654 22703]
[22704 22731]
[22732 22820]
[22821 23058]
[23059 23184]
[23185 23384]
[23385 23793]
[23794 23876]
[23877 23927]
[23928 23981]
[23982 24042]
[24043 24099]
[24100 24163]
[24164 24251]
[24252 24367]
[24368 24455]
[24456 24520]
[24521 24590]
[24591 24666]
[24667 24733]
[24734 24798]
[24799 25067]
[25068 25122]
[25123 25199]
[25200 25285]
[25286 25395]
[25396 25435]
[25436 25483]
[25484 25520]
[25521 25572]
[25573 25618]
[25619 25662]
[25663 25713]
[25714 25767]
[25768 25804]
[25805 25872]
[25873 25946]
[25947 25992]
[25993 26053]
[26054 26101]
[26102 26135]
[26136 26196]
[26197 26274]
[26275 26339]
[26340 26400]
[26401 26458]
[26459 26511]
[26512 26806]
[26807 26893]
[26894 26967]
[26968 27025]
[27026 27098]
[27099 27161]
[27162 27220]
[27221 27302]
[27303 27353]
[27354 27426]
[27427 27486]
[27487 27555]
[27556 27608]
[27609 27728]
[27729 28093]
[28094 28200]
[28201 28274]
[28275 28358]
[28359 28489]
[28490 28596]
[28597 28679]
[28680 28737]
[28738 28813]
[28814 28891]
[28892 28967]
[28968 29121]
[29122 29331]
[29332 29430]
[29431 29526]
[29527 29639]
[29640 29757]
[29758 29784]
[29785 29888]
[29889 29961]
[29962 30046]
[30047 30126]
[30127 30227]
[30228 30323]
[30324 30436]
[30437 30542]
[30543 30810]
[30811 30858]
[30859 30914]
[30915 30983]
[30984 31054]
[31055 31190]
[31191 31261]
[31262 31391]
[31392 31453]
[31454 31556]
[31557 31829]
[31830 31968]
[31969 32142]
[32143 32235]
[32236 32353]
[32354 32476]
[32477 32567]
[32568 32675]
[32676 33040]
[33041 33149]
