[ 0 23]
[25 44]
[45 64]
[ 66 109]
[111 191]
[193 463]
[464 518]
[519 554]
[555 584]
[585 612]
[613 645]
[646 679]
[680 726]
[727 769]
[770 806]
[807 846]
[847 938]
[ 939 1287]
[1288 1350]
[1351 1421]
[1422 1483]
[1484 1522]
[1523 1580]
[1581 1645]
[1646 1715]
[1716 1739]
[1740 1777]
[1778 1813]
[1814 1921]
[1922 1976]
[1977 2026]
[2027 2069]
[2070 2108]
[2109 2159]
[2160 2214]
[2215 2254]
[2255 2282]
[2283 2308]
[2309 2349]
[2350 2385]
[2386 2432]
[2433 2468]
[2469 2561]
[2562 2994]
[2995 3021]
[3022 3087]
[3088 3132]
[3133 3176]
[3177 3221]
[3222 3241]
[3242 3346]
[3347 3408]
[3409 3471]
[3472 3561]
[3562 3723]
[3724 3776]
[3777 3825]
[3826 3865]
[3866 4043]
[4044 4085]
[4086 4150]
[4151 4183]
[4184 4272]
[4273 4329]
[4330 4729]
[4731 4790]
[4791 4847]
[4848 4928]
[4929 4983]
[4984 5049]
[5050 5213]
[5214 5303]
[5304 5390]
[5391 5478]
[5479 5543]
[5544 5585]
[5586 5633]
[5634 5677]
[5678 5701]
[5702 5740]
[5741 5781]
[5782 5932]
[5933 5972]
[5973 6489]
[6490 6564]
[6565 6636]
[6637 6671]
[6672 6757]
[6758 6907]
[6908 6980]
[6981 7178]
[7179 7276]
[7277 7345]
[7346 7419]
[7420 7625]
[7626 7709]
[7710 7779]
[7780 7961]
[7962 8344]
[8345 8408]
[8409 8450]
[8451 8496]
[8497 8518]
[8519 8558]
[8559 8582]
[8583 8624]
[8625 8658]
[8659 8684]
[8685 8931]
[8932 8942]
[8943 8991]
[8992 9020]
[9021 9095]
[9096 9179]
[9180 9221]
[9222 9265]
[9266 9310]
[9311 9354]
[9355 9376]
[9377 9672]
[9673 9721]
[9722 9765]
[9766 9800]
[9801 9900]
[9901 9946]
[9947 9983]
[ 9984 10022]
[10023 10080]
[10081 10145]
[10146 10190]
[10191 10246]
[10247 10346]
[10347 10636]
[10637 10821]
[10822 10900]
[10901 10964]
[10965 11047]
[11048 11192]
[11193 11236]
[11238 11255]
[11257 11296]
[11297 11389]
[11390 11677]
[11679 11777]
[11778 11880]
[11881 11952]
[11953 12042]
[12043 12103]
[12104 12192]
[12193 12259]
[12260 12327]
[12328 12439]
[12440 12670]
[12671 12769]
[12770 13067]
[13069 13153]
[13154 13211]
[13213 13275]
[13276 13337]
[13338 13390]
[13391 13523]
[13524 13581]
[13582 13682]
[13683 13769]
[13770 13877]
[13878 13955]
[13956 14035]
[14036 14135]
[14136 14253]
[14254 14343]
[14344 14416]
[14417 14510]
[14511 14617]
[14618 15078]
[15080 15130]
[15131 15189]
[15190 15253]
[15254 15314]
[15315 15372]
[15373 15434]
[15435 15485]
[15486 15521]
[15522 15574]
[15575 15598]
[15599 15644]
[15645 15772]
[15773 15883]
[15884 15909]
[15910 15948]
[15949 16033]
[16034 16062]
[16063 16098]
[16099 16128]
[16129 16170]
[16171 16221]
[16222 16278]
[16279 16380]
[16381 16439]
[16440 16811]
[16812 16934]
[16935 17001]
[17002 17052]
[17053 17189]
[17190 17211]
[17212 17277]
[17278 17308]
[17309 17334]
[17335 17367]
[17368 17383]
[17384 17411]
[17412 17444]
[17445 17502]
[17503 17605]
[17606 17683]
[17684 17782]
[17783 17835]
[17836 18057]
[18058 18121]
[18122 18171]
[18172 18239]
[18240 18294]
[18295 18632]
[18633 18724]
[18725 18815]
[18816 18898]
[18899 19000]
[19001 19249]
[19250 19288]
[19289 19500]
[19501 19560]
[19561 19698]
[19699 19833]
[19834 19910]
[19911 20006]
[20007 20111]
[20112 20426]
[20428 20495]
[20496 20633]
[20634 20791]
[20792 20942]
[20943 20990]
[20991 21102]
[21103 21186]
[21187 21341]
[21342 21494]
[21495 21592]
[21593 21675]
[21676 21760]
[21761 21825]
[21826 21910]
[21911 22214]
[22215 22253]
[22254 22309]
[22310 22364]
[22365 22416]
[22417 22482]
[22483 22541]
[22542 22606]
[22607 22665]
[22666 22724]
[22725 22783]
[22784 22829]
[22830 22885]
[22886 22944]
[22945 22996]
[22997 23110]
[23111 23395]
[23396 23500]
[23501 23633]
[23634 23742]
[23743 23868]
[23869 24001]
[24002 24108]
[24109 24247]
[24248 24518]
[24519 24730]
[24731 24806]
[24807 24893]
[24894 24964]
[24965 25283]
[25284 25342]
[25343 25511]
[25512 25888]
[25889 25898]
[25899 25927]
[25928 25978]
[25979 26066]
[26067 26103]
[26104 26159]
[26160 26223]
[26224 26268]
[26269 26303]
[26304 26440]
[26441 26701]
[26703 26786]
[26787 26835]
[26836 26954]
[26955 27077]
[27078 27150]
[27151 27195]
[27196 27305]
[27306 27354]
[27355 27413]
[27414 27530]
[27531 27555]
[27556 27643]
[27644 27673]
[27674 27785]
[27786 28156]
[28157 28208]
[28209 28321]
[28322 28408]
[28409 28485]
[28486 28547]
[28548 28610]
[28611 28660]
[28661 28747]
[28748 29076]
[29077 29273]
[29274 29379]
[29380 30766]
[30767 30830]
[30831 30900]
[30901 30986]
[30987 31073]
[31074 31166]
[31167 31291]
[31292 31383]
[31384 31476]
[31477 31559]
[31560 31655]
[31656 31749]
[31750 31792]
[31793 31849]
[31850 31927]
[31928 32304]
[32305 32399]
