[ 0 17]
[19 38]
[39 58]
[ 60 103]
[105 177]
[178 392]
[393 452]
[453 488]
[489 518]
[519 546]
[547 579]
[580 615]
[616 645]
[646 673]
[674 703]
[704 767]
[768 798]
[799 828]
[829 865]
[866 904]
[905 945]
[ 946 1027]
[1028 1522]
[1523 1569]
[1570 1631]
[1632 1684]
[1685 1739]
[1740 1784]
[1785 1837]
[1838 1878]
[1879 1923]
[1924 2032]
[2033 2077]
[2078 2115]
[2116 2180]
[2181 2251]
[2252 2415]
[2416 2480]
[2481 2535]
[2536 2566]
[2567 2593]
[2594 2776]
[2777 2845]
[2846 2917]
[2918 2991]
[2992 3028]
[3029 3074]
[3075 3110]
[3111 3136]
[3137 3165]
[3166 3472]
[3473 3633]
[3634 3718]
[3719 3857]
[3858 3909]
[3910 3965]
[3966 4026]
[4027 4094]
[4095 4169]
[4170 4246]
[4247 4298]
[4299 4381]
[4382 4463]
[4464 4525]
[4526 4591]
[4592 4640]
[4641 4683]
[4684 4778]
[4779 4813]
[4814 4887]
[4888 5314]
[5315 5420]
[5421 5597]
[5598 5699]
[5700 5814]
[5815 6112]
[6113 6215]
[6216 6286]
[6287 6328]
[6329 6383]
[6384 6426]
[6427 6454]
[6455 6495]
[6496 6554]
[6555 6626]
[6627 6660]
[6661 6720]
[6721 6771]
[6772 7282]
[7283 7452]
[7453 7519]
[7520 7582]
[7583 7688]
[7689 7757]
[7758 7929]
[7930 8012]
[8013 8102]
[8103 8165]
[8166 8257]
[8258 8299]
[8300 8466]
[8467 8489]
[8490 8595]
[8596 8640]
[8641 8971]
[8972 9043]
[9044 9112]
[9113 9168]
[9169 9214]
[9215 9273]
[9274 9335]
[9336 9416]
[9417 9494]
[9495 9561]
[9562 9660]
[9661 9775]
[9776 9821]
[9822 9873]
[9874 9929]
[9930 9972]
[ 9973 10019]
[10020 10062]
[10063 10107]
[10108 10171]
[10172 10219]
[10220 10607]
[10608 10680]
[10681 10755]
[10756 10830]
[10831 10897]
[10898 10970]
[10971 11028]
[11029 11072]
[11073 11149]
[11150 11190]
[11191 11249]
[11250 11285]
[11286 11330]
[11331 11379]
[11380 11419]
[11420 11489]
[11490 11770]
[11771 11813]
[11814 11902]
[11903 12004]
[12005 12098]
[12099 12186]
[12187 12300]
[12301 12391]
[12392 12409]
[12410 12455]
[12456 12499]
[12500 12544]
[12545 12587]
[12588 12635]
[12636 12731]
[12732 12774]
[12775 12811]
[12812 12900]
[12901 13207]
[13209 13299]
[13300 13402]
[13403 13514]
[13515 13641]
[13642 13711]
[13712 13818]
[13819 13894]
[13895 13985]
[13986 14076]
[14077 14147]
[14148 14211]
[14212 14258]
[14259 14306]
[14307 14375]
[14376 14451]
[14452 14899]
[14900 15006]
[15007 15092]
[15093 15204]
[15205 15303]
[15304 15364]
[15365 15440]
[15441 15532]
[15533 15615]
[15616 15657]
[15658 15736]
[15737 15818]
[15819 15961]
[15962 16048]
[16049 16206]
[16207 16519]
[16520 16591]
[16592 16669]
[16670 16735]
[16736 16830]
[16831 16885]
[16886 16995]
[16996 17080]
[17081 17165]
[17166 17247]
[17248 17294]
[17295 17367]
[17368 17533]
[17534 17590]
[17591 17826]
[17827 17964]
[17965 18017]
[18018 18099]
[18100 18182]
[18183 18266]
[18267 18338]
[18339 18409]
[18410 18489]
[18490 18532]
[18533 18583]
[18584 18630]
[18631 18677]
[18678 18727]
[18728 18776]
[18777 18847]
[18848 18940]
[18941 19040]
[19041 19127]
[19128 19201]
[19202 19285]
[19286 19354]
[19355 19440]
[19441 19717]
[19718 19794]
[19795 19862]
[19863 19939]
[19940 20061]
[20062 20127]
[20128 20174]
[20175 20224]
[20225 20311]
[20312 20425]
[20426 20485]
[20486 20538]
[20539 20672]
[20673 20726]
[20727 21136]
[21137 21181]
[21182 21214]
[21215 21247]
[21248 21283]
[21284 21325]
[21326 21505]
[21506 21541]
[21542 21746]
[21747 21802]
[21803 21856]
[21857 21904]
[21905 21959]
[21960 22021]
[22022 22073]
[22074 22175]
[22176 22219]
[22220 22264]
[22265 22307]
[22308 22355]
[22356 22404]
[22405 22451]
[22452 22494]
[22495 22531]
[22532 22613]
[22614 23094]
[23095 23159]
[23160 23250]
[23251 23321]
[23322 23391]
[23392 23558]
[23559 23629]
[23630 23690]
[23691 23751]
[23752 23779]
[23780 23849]
[23850 23886]
[23887 23938]
[23939 23977]
[23978 24039]
[24040 24337]
[24338 24391]
[24392 24495]
[24496 24614]
[24615 24683]
[24684 24780]
[24781 24897]
[24898 24965]
[24966 25047]
[25048 25120]
[25121 25213]
[25214 25558]
[25559 25666]
[25667 25712]
[25713 25796]
[25797 25919]
[25920 25976]
[25977 26059]
[26060 26310]
[26311 26468]
[26469 26648]
[26649 26733]
[26734 26829]
[26830 26900]
[26901 26980]
[26981 27032]
[27033 27289]
[27290 27969]
[27970 28406]
[28407 28482]
[28483 28574]
[28575 28666]
[28667 28745]
[28746 28809]
[28810 28895]
[28896 28988]
[28989 29061]
[29062 29149]
[29150 29256]
[29257 29456]
[29457 29568]
[29569 29658]
[29659 29794]
[29795 29861]
[29862 29984]
[29985 30066]
[30067 30166]
[30167 30327]
[30328 30359]
[30360 30467]
[30468 30680]
[30681 30835]
[30836 30952]
[30953 31127]
[31128 31316]
[31317 31437]
[31438 31509]
[31510 31760]
[31761 31849]
