[ 0 23]
[25 44]
[45 64]
[ 66 109]
[111 172]
[174 438]
[439 498]
[499 534]
[535 564]
[565 592]
[593 625]
[626 661]
[662 691]
[692 719]
[720 749]
[750 782]
[783 813]
[814 844]
[845 873]
[874 945]
[ 946 1385]
[1386 1447]
[1448 1523]
[1524 1584]
[1585 1645]
[1646 1677]
[1678 2201]
[2202 2241]
[2242 2300]
[2301 2326]
[2327 2409]
[2410 2452]
[2453 2492]
[2493 2766]
[2767 2882]
[2883 2937]
[2938 2980]
[2981 3027]
[3028 3093]
[3094 3144]
[3145 3202]
[3203 3261]
[3262 3321]
[3322 3375]
[3376 3466]
[3467 3510]
[3511 4206]
[4207 4273]
[4274 4336]
[4337 4387]
[4388 4566]
[4567 4635]
[4636 4701]
[4702 4768]
[4769 4818]
[4819 4919]
[4920 4972]
[4973 5022]
[5023 5065]
[5066 5094]
[5095 5136]
[5137 5236]
[5237 5274]
[5275 5312]
[5313 5374]
[5375 5421]
[5422 5475]
[5476 5522]
[5523 5578]
[5579 5629]
[5630 5668]
[5669 6732]
[6733 6787]
[6788 6840]
[6841 6878]
[6879 6914]
[6915 6940]
[6941 6976]
[6977 7027]
[7028 7127]
[7128 7144]
[7145 7188]
[7189 7218]
[7219 7297]
[7298 7351]
[7352 7388]
[7389 7439]
[7440 7502]
[7503 7530]
[7531 7584]
[7585 7603]
[7604 7658]
[7659 7856]
[7857 7904]
[7905 7941]
[7942 7959]
[7960 8039]
[8040 8367]
[8368 8433]
[8434 8463]
[8464 8510]
[8511 8576]
[8577 8642]
[8643 8728]
[8729 8835]
[8836 8902]
[8903 8943]
[8944 8999]
[9000 9058]
[9059 9105]
[9106 9155]
[9156 9205]
[9206 9241]
[9242 9321]
[9322 9401]
[9402 9453]
[9454 9519]
[9520 9566]
[9567 9623]
[9624 9702]
[9703 9766]
[9767 9811]
[ 9812 10138]
[10139 10246]
[10247 10323]
[10324 10382]
[10383 10433]
[10434 10503]
[10504 10595]
[10596 10674]
[10675 10731]
[10732 10814]
[10815 10884]
[10885 10983]
[10984 11027]
[11028 11072]
[11073 11115]
[11116 11163]
[11164 11209]
[11210 11255]
[11256 11297]
[11298 11339]
[11340 11421]
[11422 11834]
[11835 11850]
[11851 11919]
[11920 11932]
[11933 11981]
[11982 12019]
[12020 12074]
[12075 12154]
[12155 12232]
[12233 12320]
[12321 12422]
[12423 12506]
[12507 12572]
[12573 12616]
[12617 12736]
[12737 12774]
[12775 12835]
[12836 12872]
[12873 12911]
[12912 12954]
[12955 12999]
[13000 13021]
[13022 13095]
[13096 13376]
[13377 13501]
[13502 13650]
[13651 13785]
[13786 13895]
[13896 13951]
[13952 14029]
[14030 14061]
[14062 14135]
[14136 14212]
[14213 14272]
[14273 14298]
[14299 14340]
[14341 14393]
[14394 14497]
[14498 14577]
[14578 14959]
[14960 15139]
[15140 15219]
[15220 15366]
[15367 15410]
[15411 15470]
[15471 15504]
[15505 15563]
[15564 15631]
[15632 15703]
[15704 15773]
[15774 15872]
[15873 15949]
[15950 16329]
[16331 16413]
[16414 16497]
[16498 16583]
[16584 16667]
[16668 16699]
[16700 16788]
[16789 16908]
[16909 16978]
[16979 17073]
[17074 17142]
[17143 17517]
[17518 17591]
[17592 17665]
[17666 17728]
[17729 17781]
[17782 17907]
[17908 17959]
[17960 18017]
[18018 18121]
[18122 18180]
[18181 18218]
[18219 18338]
[18339 18380]
[18381 18416]
[18417 18479]
[18480 18803]
[18804 18996]
[18997 19056]
[19057 19106]
[19107 19176]
[19177 19277]
[19278 19303]
[19304 19538]
[19539 19646]
[19647 19706]
[19707 19776]
[19777 19943]
[19944 19987]
[19988 20123]
[20124 20171]
[20172 20216]
[20217 20258]
[20259 20297]
[20298 20379]
[20380 20705]
[20706 20766]
[20767 20827]
[20828 20862]
[20863 20930]
[20931 20978]
[20979 21023]
[21024 21073]
[21074 21124]
[21125 21167]
[21168 21233]
[21234 21279]
[21280 21348]
[21349 21384]
[21385 21460]
[21461 21831]
[21832 21899]
[21900 21955]
[21956 21982]
[21983 22035]
[22036 22105]
[22106 22195]
[22196 22275]
[22276 22896]
[22897 23124]
[23125 23178]
[23179 23234]
[23235 23451]
[23452 23513]
[23514 23602]
[23603 23731]
[23732 23795]
[23796 23867]
[23868 23930]
[23931 23985]
[23986 24037]
[24038 24079]
[24080 24129]
[24130 24192]
[24193 24573]
[24574 24649]
[24650 24727]
[24728 24805]
[24806 24909]
[24910 25000]
[25001 25182]
[25183 25299]
[25300 25598]
[25599 25650]
[25651 25705]
[25706 25757]
[25758 25887]
[25888 25965]
[25966 26023]
[26024 26305]
[26306 26438]
[26440 26599]
[26600 26686]
[26687 26752]
[26753 27241]
[27242 27301]
[27302 27371]
[27372 27407]
[27408 27428]
[27429 27495]
[27496 27537]
[27538 27574]
[27575 27629]
[27630 27664]
[27665 27735]
[27736 27778]
[27779 27823]
[27824 27866]
[27867 28048]
[28049 28085]
[28086 28114]
[28115 28148]
[28149 28197]
[28198 28242]
[28243 28292]
[28293 28331]
[28332 28362]
[28363 28437]
[28438 28706]
[28707 28778]
[28779 28848]
[28849 28935]
[28936 29024]
[29025 29095]
[29096 29165]
[29166 29255]
[29256 29329]
[29330 29389]
[29390 29459]
[29460 29519]
[29520 29596]
[29597 29810]
[29811 29899]
