[ 0 19]
[21 40]
[41 60]
[ 62 105]
[107 187]
[189 597]
[598 650]
[651 683]
[684 697]
[698 716]
[717 741]
[742 760]
[761 780]
[781 840]
[841 866]
[867 901]
[902 944]
[945 980]
[ 981 1027]
[1028 1064]
[1065 1095]
[1096 1126]
[1127 1224]
[1225 1920]
[1921 2025]
[2027 2199]
[2200 2297]
[2298 2326]
[2327 2357]
[2358 2375]
[2376 2396]
[2397 2484]
[2485 2605]
[2606 2656]
[2657 2693]
[2694 2758]
[2759 2808]
[2809 2860]
[2861 2888]
[2889 2991]
[2992 3042]
[3043 3111]
[3112 3181]
[3182 3237]
[3238 3438]
[3439 3490]
[3491 3509]
[3510 3860]
[3861 3937]
[3938 4003]
[4004 4098]
[4099 4139]
[4140 4215]
[4216 4270]
[4271 4334]
[4335 4394]
[4395 4526]
[4527 4617]
[4618 4657]
[4658 4692]
[4693 4728]
[4729 4774]
[4775 4888]
[4889 4969]
[4970 5018]
[5019 5066]
[5067 5115]
[5116 5165]
[5166 5213]
[5214 5295]
[5296 5593]
[5594 5644]
[5645 5696]
[5697 5731]
[5732 5787]
[5788 5913]
[5914 5951]
[5952 6023]
[6024 6089]
[6090 6146]
[6147 6184]
[6185 6208]
[6209 6249]
[6250 6280]
[6281 6333]
[6334 6376]
[6377 6429]
[6430 6466]
[6467 6505]
[6506 6555]
[6556 6580]
[6581 6614]
[6615 6642]
[6643 6682]
[6683 6711]
[6712 6747]
[6748 7054]
[7055 7127]
[7128 7179]
[7180 7246]
[7247 7300]
[7301 7338]
[7339 7384]
[7385 7429]
[7430 7481]
[7482 7489]
[7490 7505]
[7506 7559]
[7560 7587]
[7588 7619]
[7620 7648]
[7649 7668]
[7669 7736]
[7737 7781]
[7782 7820]
[7821 7856]
[7857 7891]
[7892 7914]
[7915 7974]
[7975 8015]
[8016 8059]
[8060 8119]
[8120 8171]
[8172 8357]
[8358 8455]
[8456 8515]
[8516 8784]
[8785 9182]
[9183 9268]
[9269 9443]
[9444 9748]
[ 9749 10184]
[10185 10236]
[10237 10278]
[10279 10349]
[10350 10388]
[10389 10404]
[10405 10491]
[10492 10556]
[10557 10610]
[10611 10665]
[10666 10700]
[10701 10764]
[10766 10822]
[10823 10856]
[10857 11078]
[11079 11150]
[11151 11211]
[11212 11228]
[11229 11287]
[11288 11315]
[11316 11346]
[11347 11441]
[11443 11601]
[11602 11638]
[11639 11662]
[11663 11695]
[11696 11750]
[11751 11781]
[11782 11825]
[11826 11871]
[11872 11909]
[11910 11939]
[11940 11964]
[11965 12044]
[12045 12541]
[12542 12589]
[12590 12613]
[12614 12646]
[12647 12730]
[12732 12784]
[12785 12810]
[12811 12868]
[12869 12933]
[12934 12984]
[12985 13054]
[13055 13132]
[13133 13181]
[13182 13249]
[13250 13334]
[13335 13400]
[13401 13447]
[13448 13501]
[13502 13560]
[13561 13777]
[13778 13911]
[13912 14040]
[14041 14117]
[14118 14154]
[14155 14194]
[14195 14252]
[14253 14359]
[14360 14446]
[14447 14470]
[14471 14600]
[14601 14640]
[14641 14657]
[14658 14704]
[14705 14773]
[14774 14811]
[14812 15134]
[15136 15346]
[15347 15436]
[15437 15537]
[15538 15585]
[15586 15783]
[15784 15908]
[15909 16027]
[16028 16099]
[16100 16153]
[16154 16231]
[16232 16341]
[16342 16489]
[16490 16756]
[16757 16798]
[16799 16837]
[16838 16890]
[16891 16941]
[16942 16962]
[16963 17005]
[17006 17068]
[17069 17119]
[17120 17168]
[17169 17222]
[17223 17281]
[17282 17358]
[17359 17412]
[17413 17489]
[17490 17824]
[17825 17950]
[17951 18053]
[18054 18314]
[18315 18365]
[18366 18427]
[18428 18594]
[18595 18727]
[18728 18818]
[18819 19062]
[19063 19163]
[19164 19258]
[19259 19363]
[19364 19479]
[19480 19566]
[19567 19650]
[19651 19750]
[19751 19853]
[19854 20017]
[20018 20157]
[20158 20380]
[20381 20473]
[20474 20511]
[20512 20554]
[20555 20599]
[20600 20650]
[20651 20700]
[20701 20734]
[20735 20796]
[20797 20841]
[20842 21139]
[21140 21190]
[21191 21225]
[21226 21297]
[21298 21367]
[21368 21454]
[21455 21520]
[21521 21555]
[21556 21596]
[21597 21623]
[21624 21682]
[21683 22030]
[22031 22107]
[22108 22153]
[22154 22208]
[22209 22286]
[22287 22373]
[22374 22442]
[22443 22493]
[22494 22586]
[22587 22663]
[22664 22753]
[22754 22888]
[22889 23011]
[23012 23066]
[23067 23094]
[23095 23125]
[23126 23167]
[23168 23205]
[23206 23510]
[23511 23559]
[23560 23601]
[23602 23664]
[23665 23712]
[23713 23764]
[23765 23855]
[23856 24105]
[24106 24166]
[24167 24333]
[24334 24674]
[24675 24721]
[24722 24752]
[24753 24782]
[24783 24815]
[24816 24859]
[24860 24884]
[24885 24929]
[24930 24989]
[24990 25231]
[25232 25295]
[25296 25391]
[25392 25495]
[25496 25578]
[25579 25637]
[25638 25650]
[25651 25763]
[25764 25842]
[25843 25921]
[25922 26016]
[26017 26074]
[26075 26414]
[26415 26506]
[26507 26581]
[26582 26631]
[26632 26690]
[26691 26778]
[26779 26856]
[26857 26926]
[26927 27011]
[27012 27064]
[27065 27155]
[27156 27404]
[27405 27469]
[27470 27605]
[27606 27684]
[27685 27755]
[27756 27783]
[27784 27852]
[27853 27891]
[27892 27959]
[27960 28086]
[28087 28199]
[28200 28277]
[28278 28313]
[28314 28382]
[28383 28434]
[28435 28696]
[28697 28757]
[28758 28845]
[28846 28895]
[28896 28959]
[28960 29009]
[29010 29070]
[29071 29209]
[29210 29265]
[29266 29324]
[29325 29386]
[29387 29434]
[29435 29494]
[29495 29555]
[29556 29615]
[29616 29668]
[29669 29726]
[29727 29790]
[29791 29852]
[29853 29898]
[29899 30128]
[30129 30196]
[30197 30279]
[30280 30333]
[30334 30423]
[30424 30477]
[30478 30497]
[30498 30684]
[30685 30762]
[30763 30824]
[30825 30945]
[30946 30973]
[30974 31046]
[31047 31103]
[31104 31225]
[31226 31598]
[31599 31699]
