[ 0 19]
[21 40]
[41 60]
[ 62 105]
[107 197]
[199 413]
[414 470]
[471 500]
[501 528]
[529 559]
[560 597]
[598 637]
[638 665]
[666 689]
[690 721]
[722 771]
[772 796]
[797 846]
[847 876]
[877 903]
[904 928]
[929 957]
[ 958 1043]
[1044 1522]
[1523 1582]
[1583 1625]
[1626 1669]
[1670 1712]
[1713 1748]
[1749 1800]
[1801 1835]
[1836 1913]
[1914 2017]
[2018 2047]
[2048 2105]
[2106 2162]
[2163 2428]
[2429 2530]
[2531 2572]
[2573 2618]
[2619 2670]
[2671 2724]
[2725 2803]
[2804 2979]
[2980 3069]
[3070 3203]
[3204 3284]
[3285 3350]
[3351 3421]
[3422 3502]
[3503 3577]
[3578 3654]
[3655 3710]
[3711 3754]
[3755 3801]
[3802 3869]
[3870 3938]
[3939 3980]
[3981 4005]
[4006 4459]
[4460 4531]
[4532 4583]
[4584 4624]
[4625 4689]
[4690 4744]
[4745 4795]
[4796 4881]
[4882 4903]
[4904 4917]
[4918 4948]
[4949 4980]
[4981 5011]
[5012 5049]
[5050 5072]
[5073 5126]
[5127 5152]
[5153 5178]
[5179 5249]
[5250 5351]
[5352 5416]
[5417 5468]
[5469 5519]
[5520 5570]
[5571 5613]
[5614 5661]
[5662 5715]
[5716 5762]
[5763 5813]
[5814 5859]
[5860 5906]
[5907 5947]
[5948 5976]
[5977 6006]
[6007 6030]
[6031 6098]
[6099 6155]
[6156 6228]
[6229 6298]
[6299 6361]
[6362 6427]
[6428 6493]
[6494 6563]
[6564 6693]
[6694 6729]
[6730 6813]
[6814 6865]
[6866 6885]
[6886 6919]
[6920 7003]
[7004 7060]
[7061 7110]
[7111 7146]
[7147 7213]
[7214 7275]
[7276 7332]
[7333 7368]
[7369 7404]
[7405 7441]
[7442 7998]
[7999 8057]
[8058 8120]
[8121 8181]
[8182 8222]
[8223 8280]
[8281 8331]
[8332 8376]
[8377 8427]
[8428 8478]
[8479 8542]
[8543 8593]
[8594 8644]
[8645 8701]
[8702 8748]
[8749 8818]
[8819 8911]
[8912 8970]
[8971 9038]
[9039 9072]
[9073 9121]
[9122 9191]
[9192 9233]
[9234 9269]
[9270 9443]
[9444 9698]
[9699 9768]
[9769 9825]
[9826 9888]
[9889 9945]
[9946 9983]
[ 9984 10003]
[10004 10066]
[10067 10112]
[10113 10185]
[10186 10237]
[10238 10302]
[10303 10353]
[10354 10399]
[10400 10445]
[10446 10494]
[10495 10540]
[10541 10592]
[10593 10664]
[10665 10681]
[10682 10730]
[10731 10762]
[10763 11596]
[11597 11676]
[11677 11717]
[11718 11766]
[11767 11813]
[11814 11879]
[11880 11960]
[11961 12031]
[12032 12108]
[12109 12175]
[12176 12244]
[12245 12317]
[12318 12376]
[12377 12480]
[12481 12522]
[12523 12581]
[12582 12633]
[12634 12664]
[12665 12702]
[12703 12728]
[12729 12761]
[12762 12801]
[12802 12856]
[12857 12891]
[12892 12925]
[12926 13023]
[13024 13300]
[13301 13401]
[13402 13509]
[13510 13606]
[13607 13638]
[13639 13783]
[13784 13970]
[13971 14055]
[14056 14121]
[14122 14522]
[14523 14738]
[14740 14991]
[14992 15110]
[15111 15309]
[15310 15386]
[15387 15456]
[15457 15475]
[15476 15903]
[15904 15952]
[15953 16014]
[16015 16077]
[16078 16139]
[16140 16331]
[16332 16397]
[16398 16472]
[16473 16534]
[16535 16602]
[16603 17016]
[17017 17071]
[17072 17135]
[17136 17339]
[17340 17397]
[17398 17674]
[17675 17796]
[17797 17875]
[17876 18020]
[18021 18224]
[18225 18700]
[18701 18769]
[18770 18819]
[18820 18884]
[18885 18886]
[18887 18967]
[18968 19006]
[19007 19027]
[19028 19059]
[19060 19138]
[19139 19238]
[19239 19296]
[19297 19372]
[19373 19450]
[19451 19525]
[19526 19607]
[19608 19684]
[19685 19762]
[19763 19807]
[19808 19849]
[19850 19888]
[19889 19962]
[19963 20044]
[20045 20421]
[20422 20555]
[20556 20642]
[20643 20689]
[20690 20818]
[20819 20909]
[20910 20961]
[20962 20995]
[20996 21028]
[21029 21105]
[21106 21144]
[21145 21176]
[21177 21489]
[21490 21563]
[21564 21626]
[21627 21793]
[21794 21907]
[21908 21960]
[21961 22011]
[22012 22084]
[22085 22355]
[22356 22406]
[22407 22456]
[22457 22526]
[22527 22575]
[22576 22630]
[22631 22673]
[22674 22792]
[22793 22862]
[22863 22907]
[22908 22955]
[22956 22991]
[22992 23085]
[23086 23123]
[23124 23184]
[23185 23233]
[23234 23260]
[23261 23327]
[23328 23361]
[23362 23381]
[23382 23427]
[23428 23699]
[23700 23782]
[23783 23850]
[23851 23951]
[23952 24012]
[24013 24086]
[24087 24147]
[24148 24216]
[24217 24290]
[24291 24379]
[24380 24474]
[24475 24561]
[24562 24644]
[24645 24739]
[24740 24818]
[24819 25017]
[25018 25097]
[25098 25387]
[25388 25660]
[25661 25801]
[25802 25887]
[25888 25990]
[25991 26075]
[26076 26188]
[26189 26246]
[26247 26297]
[26298 26588]
[26589 26661]
[26662 26714]
[26715 26777]
[26778 26823]
[26824 26861]
[26862 26934]
[26935 26981]
[26982 27021]
[27022 27076]
[27077 27105]
[27106 27125]
[27126 27147]
[27148 27194]
[27195 27248]
[27249 27287]
[27288 27403]
[27404 27767]
[27768 28668]
[28669 28852]
[28853 29145]
[29146 29719]
[29720 29865]
[29866 30128]
[30129 30500]
[30501 31080]
[31081 31154]
[31155 31373]
[31374 31732]
[31733 31795]
[31796 32017]
[32018 32092]
[32093 32189]
[32190 32242]
[32243 32295]
[32296 32373]
[32374 32410]
[32411 32451]
[32452 32529]
[32530 32596]
[32597 32653]
[32654 32713]
[32714 32767]
[32768 32803]
[32804 33132]
[33133 33220]
[33221 33301]
[33302 33375]
[33376 33453]
[33454 33525]
[33526 33597]
[33598 33665]
[33666 33732]
[33733 33809]
[33810 33900]
[33901 33955]
[33956 33997]
[33998 34083]
[34084 34136]
[34137 34197]
[34198 34279]
[34280 34345]
[34346 34360]
[34361 34426]
[34427 34453]
[34454 34557]
[34558 34659]
[34660 34692]
[34693 34755]
[34756 34813]
[34814 34872]
[34873 34906]
[34907 34968]
[34969 35014]
[35015 35166]
[35167 35192]
[35193 35233]
[35234 35416]
[35417 35482]
[35483 35797]
[35799 35829]
[35830 35904]
[35905 36002]
[36003 36070]
[36071 36134]
[36135 36208]
[36209 36280]
[36281 36359]
[36360 36418]
[36419 36530]
[36531 36643]
[36644 37042]
[37043 37128]
[37129 37195]
[37196 37272]
[37273 37361]
[37362 37428]
[37429 37527]
[37528 37601]
[37602 37684]
[37685 37804]
[37805 37896]
[37897 38136]
[38137 38249]
