[ 0 26]
[28 47]
[48 67]
[ 69 112]
[114 193]
[194 475]
[477 510]
[511 556]
[557 600]
[601 640]
[641 681]
[682 726]
[727 761]
[762 801]
[802 842]
[843 889]
[890 999]
[1000 1090]
[1091 1695]
[1696 1775]
[1776 1936]
[1937 2004]
[2005 2046]
[2047 2104]
[2105 2156]
[2157 2203]
[2204 2353]
[2354 2418]
[2419 2483]
[2484 2520]
[2521 2632]
[2633 2757]
[2758 2835]
[2836 2876]
[2877 2910]
[2911 2956]
[2957 2995]
[2996 3076]
[3077 3125]
[3126 3157]
[3158 3201]
[3202 3514]
[3515 3591]
[3592 3660]
[3661 3723]
[3724 3781]
[3782 3831]
[3832 3881]
[3882 3931]
[3932 3963]
[3964 4015]
[4016 4065]
[4066 4111]
[4112 4179]
[4180 4580]
[4581 4638]
[4639 4692]
[4693 4750]
[4751 4800]
[4801 4854]
[4855 4904]
[4905 4956]
[4957 5034]
[5035 5080]
[5081 5123]
[5124 5188]
[5189 5253]
[5254 5315]
[5316 5378]
[5379 5422]
[5423 5482]
[5483 5528]
[5529 5575]
[5576 6010]
[6011 6084]
[6085 6159]
[6160 6217]
[6218 6262]
[6263 6326]
[6327 6395]
[6396 6464]
[6465 6512]
[6513 6581]
[6582 6651]
[6652 6718]
[6719 6797]
[6798 6875]
[6876 7176]
[7177 7293]
[7294 7346]
[7347 7410]
[7411 7463]
[7464 7513]
[7514 7612]
[7613 7940]
[7941 7981]
[7982 8062]
[8063 8116]
[8117 8218]
[8219 8292]
[8293 8371]
[8372 8445]
[8446 8504]
[8505 8564]
[8565 8627]
[8628 8689]
[8690 8762]
[8763 8829]
[8830 8890]
[8891 8949]
[8950 9003]
[9004 9094]
[9095 9150]
[9151 9264]
[9265 9328]
[9329 9398]
[9399 9458]
[9459 9490]
[9491 9841]
[9842 9940]
[9941 9987]
[ 9988 10082]
[10083 10125]
[10126 10149]
[10150 10184]
[10185 10251]
[10252 10311]
[10312 10379]
[10380 10428]
[10429 10474]
[10475 10535]
[10536 10634]
[10635 10676]
[10677 10734]
[10735 10850]
[10851 10892]
[10893 10962]
[10963 11045]
[11046 11424]
[11425 11551]
[11552 11621]
[11622 11686]
[11687 11750]
[11751 11853]
[11854 12008]
[12009 12113]
[12114 12237]
[12238 12433]
[12434 12573]
[12574 12637]
[12638 12790]
[12791 12928]
[12929 13287]
[13288 13296]
[13297 13678]
[13679 13857]
[13858 13979]
[13980 14123]
[14124 14240]
[14241 14350]
[14351 14451]
[14452 14565]
[14566 14684]
[14685 14798]
[14799 14909]
[14910 14968]
[14969 15434]
[15435 15606]
[15607 15735]
[15736 15765]
[15766 15787]
[15788 15888]
[15889 15942]
[15943 16028]
[16029 16100]
[16101 16148]
[16149 16233]
[16234 16360]
[16361 16461]
[16462 16549]
[16550 16617]
[16618 17138]
[17139 17225]
[17226 17367]
[17368 17485]
[17486 17596]
[17597 17727]
[17728 17852]
[17853 17952]
[17953 18023]
[18024 18067]
[18068 18608]
[18609 18664]
[18665 18708]
[18709 18748]
[18749 18775]
[18776 18852]
[18853 18889]
[18890 18931]
[18932 18977]
[18978 19074]
[19075 19132]
[19133 19152]
[19153 19211]
[19212 19251]
[19252 19294]
[19295 19465]
[19466 19520]
[19521 19568]
[19569 19612]
[19613 19632]
[19633 19712]
[19713 19836]
[19837 19928]
[19929 20011]
[20012 20165]
[20166 20211]
[20212 20278]
[20279 20473]
[20474 20577]
[20578 20687]
[20688 20790]
[20791 20878]
[20879 20961]
[20962 21111]
[21112 21307]
[21308 21356]
[21357 21402]
[21403 21431]
[21432 21461]
[21462 21492]
[21493 21587]
[21588 21731]
[21732 21837]
[21838 21967]
[21968 22055]
[22056 22100]
[22101 22228]
[22229 22342]
[22343 22407]
[22408 22501]
[22502 22591]
[22592 22688]
[22689 22785]
[22786 22873]
[22874 22941]
[22942 23030]
[23031 23033]
[23034 23050]
[23051 23199]
[23200 23307]
[23309 23420]
[23421 23601]
[23602 23721]
[23722 23834]
[23835 23992]
[23993 24034]
[24035 24078]
[24079 24119]
[24120 24147]
[24148 24200]
[24201 24239]
[24240 24534]
[24535 24562]
[24563 24638]
[24639 24658]
[24659 24704]
[24705 24737]
[24738 24989]
[24990 25031]
[25032 25081]
[25082 25128]
[25129 25167]
[25168 25198]
[25199 25255]
[25256 25506]
[25507 25638]
[25639 25668]
[25669 25823]
[25824 25943]
[25944 25989]
[25990 26063]
[26064 26106]
[26107 26351]
[26352 26429]
[26430 26637]
[26638 26669]
[26670 26738]
[26739 26784]
[26785 27105]
[27106 27168]
[27169 27272]
[27273 27303]
[27304 27383]
[27384 27502]
[27503 27550]
[27551 27612]
[27613 27651]
[27652 27689]
[27690 27726]
[27727 27763]
[27764 27824]
[27825 27867]
[27868 27894]
[27895 27924]
[27925 28288]
[28289 28349]
