[ 0 26]
[28 47]
[48 67]
[ 69 112]
[114 202]
[203 461]
[462 514]
[515 550]
[551 580]
[581 608]
[609 641]
[642 703]
[704 730]
[731 765]
[766 802]
[803 833]
[834 860]
[861 890]
[891 934]
[935 965]
[ 966 1006]
[1007 1091]
[1092 1620]
[1621 1691]
[1692 1725]
[1726 1778]
[1779 1845]
[1846 1914]
[1915 1980]
[1981 2036]
[2037 2077]
[2078 2154]
[2155 2228]
[2229 2259]
[2260 2279]
[2280 2355]
[2356 2419]
[2420 2473]
[2474 2619]
[2620 2672]
[2673 2729]
[2730 2788]
[2789 2855]
[2856 2906]
[2907 2955]
[2956 3338]
[3339 3420]
[3421 3667]
[3668 3755]
[3756 3871]
[3872 4036]
[4037 4131]
[4132 4203]
[4204 4367]
[4368 4455]
[4456 4514]
[4515 4595]
[4596 4664]
[4665 4763]
[4764 4877]
[4878 4976]
[4977 5109]
[5110 5224]
[5225 5316]
[5317 5372]
[5373 5479]
[5480 5877]
[5878 6477]
[6478 6687]
[6688 6764]
[6765 7276]
[7277 7458]
[7459 7502]
[7503 7576]
[7577 7616]
[7617 7667]
[7668 7754]
[7755 8065]
[8066 8305]
[8306 8369]
[8370 8424]
[8425 8525]
[8526 8586]
[8587 8637]
[8638 8684]
[8685 8725]
[8726 8766]
[8767 8823]
[8824 8869]
[8870 8930]
[8931 9027]
[9028 9311]
[9312 9336]
[9337 9366]
[9367 9391]
[9392 9414]
[9415 9457]
[9458 9514]
[9515 9597]
[9598 9682]
[9683 9713]
[9714 9746]
[ 9747 10005]
[10006 10079]
[10080 10199]
[10200 10306]
[10307 10426]
[10427 10534]
[10535 10561]
[10562 10681]
[10682 10806]
[10807 10944]
[10945 10999]
[11000 11113]
[11114 11222]
[11223 11258]
[11259 11599]
[11600 11699]
[11700 11795]
[11796 11930]
[11931 12034]
[12035 12149]
[12150 12235]
[12236 12341]
[12342 12378]
[12379 12447]
[12448 12597]
[12598 12698]
[12699 12748]
[12749 12868]
[12869 12918]
[12919 12945]
[12946 13227]
[13228 13325]
[13326 13372]
[13373 13423]
[13424 13607]
[13608 13706]
[13707 13829]
[13830 13941]
[13942 14014]
[14015 14126]
[14127 14160]
[14161 14218]
[14219 14522]
[14523 14657]
[14658 14844]
[14845 15027]
[15028 15126]
[15127 15238]
[15239 15363]
[15364 15420]
[15421 15478]
[15479 15529]
[15530 15576]
[15577 15617]
[15618 15658]
[15659 15701]
[15702 15727]
[15728 15777]
[15778 15824]
[15825 15923]
[15924 16369]
[16370 16470]
[16471 16597]
[16598 16690]
[16691 16730]
[16731 16784]
[16785 16820]
[16821 16991]
[16992 17023]
[17024 17154]
[17155 17274]
[17275 17365]
[17366 17439]
[17440 17757]
[17758 17927]
[17928 18038]
[18039 18102]
[18103 18237]
[18238 18348]
[18349 18398]
[18399 18520]
[18521 18535]
[18536 18618]
[18619 18678]
[18679 18812]
[18813 18871]
[18872 18922]
[18923 19001]
[19002 19100]
[19101 19343]
[19344 19394]
[19395 19478]
[19479 19603]
[19604 19709]
[19710 19819]
[19820 19972]
[19973 20040]
[20041 20108]
[20109 20174]
[20175 20254]
[20255 20592]
[20593 20615]
[20616 20731]
[20732 20854]
[20855 20950]
[20951 21078]
[21079 21138]
[21139 21244]
[21245 21373]
[21374 21471]
[21472 21542]
[21543 21573]
[21574 21707]
[21708 21771]
[21772 21878]
[21879 21965]
[21966 22027]
[22028 22312]
[22313 22704]
[22705 22762]
[22763 22825]
[22826 22880]
[22881 22907]
[22908 23008]
[23009 23082]
[23083 23211]
[23212 23364]
[23365 23455]
[23456 23509]
[23510 23737]
[23738 23821]
[23822 23875]
[23876 23921]
[23922 23963]
[23964 24008]
[24009 24075]
[24076 24122]
[24123 24182]
[24183 24227]
[24228 24299]
[24300 24368]
[24369 24425]
[24426 24708]
[24710 24799]
