[ 0 26]
[28 47]
[48 67]
[ 69 112]
[114 217]
[218 499]
[500 558]
[559 578]
[579 625]
[626 686]
[687 714]
[715 754]
[755 785]
[786 812]
[813 854]
[855 879]
[880 899]
[900 912]
[913 981]
[ 982 1387]
[1388 1426]
[1427 1473]
[1474 1504]
[1505 1581]
[1582 1637]
[1638 1803]
[1804 1828]
[1829 1863]
[1864 1971]
[1972 2007]
[2008 2049]
[2050 2087]
[2088 2127]
[2128 2168]
[2169 2220]
[2221 2483]
[2484 2549]
[2550 2594]
[2595 2644]
[2645 2694]
[2695 2777]
[2778 2829]
[2830 2932]
[2933 3005]
[3006 3097]
[3098 3131]
[3132 3197]
[3198 3253]
[3254 3292]
[3293 3376]
[3377 3426]
[3427 3525]
[3526 3564]
[3565 3655]
[3656 3717]
[3718 3752]
[3753 3792]
[3793 4130]
[4131 4190]
[4191 4239]
[4240 4295]
[4296 4369]
[4370 4437]
[4438 4480]
[4481 4533]
[4534 4580]
[4581 4633]
[4634 4684]
[4685 4740]
[4741 4797]
[4798 4850]
[4851 4912]
[4913 4967]
[4968 5008]
[5009 5052]
[5053 5649]
[5651 5697]
[5698 5805]
[5806 5964]
[5965 6022]
[6023 6074]
[6075 6121]
[6122 6192]
[6193 6653]
[6654 6708]
[6709 6769]
[6770 6834]
[6835 6910]
[6911 6974]
[6975 7271]
[7272 7426]
[7427 7560]
[7561 7657]
[7658 7788]
[7789 7862]
[7863 7908]
[7909 7975]
[7976 8018]
[8019 8138]
[8139 8180]
[8181 8228]
[8229 8291]
[8292 8318]
[8319 8353]
[8354 8390]
[8391 8497]
[8498 8582]
[8583 8911]
[8912 8970]
[8971 9021]
[9022 9071]
[9072 9126]
[9127 9179]
[9180 9227]
[9228 9274]
[9275 9322]
[9323 9385]
[9386 9447]
[9448 9492]
[9493 9583]
[9584 9869]
[ 9870 10097]
[10098 10207]
[10208 10408]
[10409 10641]
[10642 10711]
[10712 10993]
[10994 11186]
[11187 11269]
[11270 11378]
[11379 11463]
[11464 11614]
[11615 11847]
[11848 12076]
[12077 12486]
[12487 12497]
[12498 12839]
[12840 12887]
[12888 12951]
[12952 13024]
[13025 13076]
[13077 13127]
[13128 13186]
[13187 13296]
[13297 13356]
[13357 13421]
[13422 13476]
[13477 13605]
[13606 13625]
[13626 13675]
[13676 13714]
[13715 13785]
[13786 13837]
[13838 13881]
[13882 13913]
[13914 13973]
[13974 14048]
[14049 14430]
[14431 14480]
[14481 14551]
[14552 14615]
[14616 14665]
[14666 14723]
[14724 14800]
[14801 14848]
[14849 14915]
[14916 14962]
[14963 15061]
[15062 15439]
[15441 15541]
[15542 15577]
[15578 15619]
[15620 15669]
[15670 15746]
[15747 15999]
[16000 16037]
[16038 16159]
[16160 16209]
[16210 16291]
[16292 16406]
[16407 16506]
[16507 16599]
[16600 16735]
[16736 16829]
[16830 16883]
[16884 17280]
[17281 17555]
[17556 17594]
[17595 17643]
[17644 17833]
[17834 17869]
[17870 18017]
[18018 18084]
[18085 18148]
[18149 18308]
[18309 18489]
[18490 18600]
[18601 18911]
[18913 19019]
[19020 19093]
[19094 19195]
[19196 19241]
[19242 19373]
[19374 19400]
[19401 19423]
[19424 19465]
[19466 19496]
[19497 19541]
[19542 19583]
[19584 19592]
[19593 19612]
[19613 19634]
[19635 19652]
[19653 19681]
[19682 19716]
[19717 19746]
[19747 19789]
[19790 19821]
[19822 19851]
[19852 19867]
[19868 19923]
[19924 19956]
[19957 20315]
[20316 20400]
[20401 20529]
[20530 20646]
[20647 20712]
[20713 20777]
[20778 20898]
[20899 21022]
[21023 21289]
[21290 21379]
[21380 21513]
[21514 21577]
[21578 21636]
[21637 21825]
[21826 22061]
[22062 22136]
[22137 22183]
[22184 22241]
[22242 22313]
[22314 22387]
[22388 22459]
[22460 22513]
[22514 22712]
[22713 22745]
[22746 22788]
[22789 22823]
[22824 22876]
[22877 22935]
[22936 22981]
[22982 23029]
[23030 23237]
[23238 23277]
[23278 23384]
[23385 23425]
[23426 23498]
[23499 23539]
[23540 23860]
[23861 23929]
[23930 23998]
[23999 24068]
[24069 24131]
[24132 24191]
[24192 24254]
[24255 24299]
[24300 24370]
[24371 24453]
[24454 24523]
[24524 24604]
[24605 24678]
[24679 24726]
[24727 24813]
[24814 25305]
[25306 25399]
