[ 0 29]
[31 50]
[51 70]
[ 72 115]
[117 200]
[202 594]
[595 630]
[631 660]
[661 688]
[689 721]
[722 747]
[748 777]
[778 811]
[812 845]
[846 882]
[883 913]
[914 940]
[941 969]
[ 970 1042]
[1043 1462]
[1463 1498]
[1499 1636]
[1637 1714]
[1715 1836]
[1837 1887]
[1888 1956]
[1957 2067]
[2068 2127]
[2128 2242]
[2243 2361]
[2362 2456]
[2457 2524]
[2525 2600]
[2601 2764]
[2765 3225]
[3226 3257]
[3258 3292]
[3293 3328]
[3329 3355]
[3356 3387]
[3388 3528]
[3529 3696]
[3697 3763]
[3764 3938]
[3939 4064]
[4065 4189]
[4190 4226]
[4227 4292]
[4293 4312]
[4313 4361]
[4362 4416]
[4417 4453]
[4454 4518]
[4519 4556]
[4557 4604]
[4605 4649]
[4650 5337]
[5338 5447]
[5448 5516]
[5517 5585]
[5586 5656]
[5657 5725]
[5726 5794]
[5795 5855]
[5856 5920]
[5921 5983]
[5984 6034]
[6035 6067]
[6068 6087]
[6088 6594]
[6595 6674]
[6675 6723]
[6724 6767]
[6768 6834]
[6835 6869]
[6870 6956]
[6957 7002]
[7003 7074]
[7075 7140]
[7141 7242]
[7243 7277]
[7278 7344]
[7345 7400]
[7401 7446]
[7447 7546]
[7547 7605]
[7606 7652]
[7653 7703]
[7704 7726]
[7727 7786]
[7787 7809]
[7810 7872]
[7873 7978]
[7979 8027]
[8028 8048]
[8049 8080]
[8081 8605]
[8606 8659]
[8660 8722]
[8723 8752]
[8753 8821]
[8822 8859]
[8860 8924]
[8925 8987]
[8988 9038]
[9039 9095]
[9096 9163]
[9164 9246]
[9247 9303]
[9304 9449]
[9450 9495]
[9496 9540]
[9541 9582]
[9583 9648]
[9649 9720]
[9721 9771]
[9772 9814]
[9815 9870]
[ 9871 10266]
[10267 10359]
[10360 10416]
[10417 10456]
[10457 10495]
[10496 10614]
[10615 10788]
[10789 10931]
[10932 11010]
[11011 11114]
[11115 11157]
[11158 11195]
[11196 11238]
[11239 11283]
[11284 11549]
[11550 11635]
[11636 11714]
[11715 11777]
[11778 11902]
[11903 11926]
[11927 11953]
[11954 12000]
[12001 12041]
[12042 12082]
[12083 12141]
[12142 12193]
[12194 12248]
[12249 12338]
[12339 12896]
[12897 12916]
[12917 13014]
[13015 13139]
[13140 13282]
[13283 13387]
[13388 13472]
[13473 13561]
[13562 13610]
[13611 13649]
[13650 13702]
[13703 13736]
[13737 13778]
[13779 14031]
[14032 14100]
[14101 14182]
[14183 14253]
[14254 14320]
[14321 14399]
[14400 14474]
[14475 14552]
[14553 14624]
[14625 14666]
[14667 14700]
[14701 14755]
[14756 14809]
[14810 14852]
[14853 14899]
[14900 15244]
[15245 15302]
[15303 15436]
[15437 15548]
[15549 15652]
[15653 15743]
[15744 15817]
[15818 15912]
[15913 15973]
[15974 16136]
[16137 16330]
[16331 16606]
[16607 16726]
[16727 16839]
[16840 16898]
[16899 16963]
[16964 17089]
[17090 17290]
[17291 17381]
[17382 17442]
[17443 17499]
[17500 17546]
[17547 17651]
[17652 17721]
[17722 17783]
[17784 18008]
[18009 18060]
[18061 18093]
[18094 18180]
[18181 18206]
[18207 18254]
[18255 18321]
[18322 18378]
[18379 18489]
[18490 18551]
[18552 18628]
[18629 18663]
[18664 18717]
[18718 18738]
[18739 18821]
[18822 18854]
[18855 18899]
[18900 18912]
[18913 18967]
[18968 18993]
[18994 19030]
[19031 19458]
[19459 19538]
[19539 19680]
[19681 19751]
[19752 19846]
[19847 19941]
[19942 20051]
[20052 20159]
[20160 20271]
[20272 20398]
[20399 20505]
[20506 20582]
[20583 20702]
[20703 20770]
[20771 20825]
[20826 20877]
[20878 20898]
[20899 20964]
[20965 21210]
[21211 21583]
[21584 21612]
[21613 21707]
[21708 21797]
[21798 21867]
[21868 21951]
[21952 21983]
[21984 22020]
[22021 22075]
[22076 22116]
[22117 22153]
[22154 22191]
[22192 22245]
[22246 22261]
[22262 22314]
[22315 22397]
[22398 22426]
[22427 22453]
[22454 22523]
[22524 22583]
[22584 22657]
[22658 22678]
[22679 22729]
[22730 22758]
[22759 22800]
[22801 22823]
[22824 22853]
[22854 22892]
[22893 22935]
[22936 22963]
[22964 23007]
[23008 23035]
[23036 23091]
[23092 23677]
[23678 23988]
[23989 24100]
[24101 24227]
[24228 24296]
[24297 24451]
[24452 24540]
[24541 24629]
[24630 24807]
[24808 24975]
[24976 25030]
[25031 25485]
[25486 25669]
[25670 25815]
[25816 25948]
[25949 25997]
[25998 26028]
[26029 26126]
[26127 26168]
[26169 26223]
[26224 26269]
[26270 26361]
[26362 26417]
[26418 26473]
[26474 26533]
[26534 26663]
[26664 26718]
[26719 26775]
[26776 26828]
[26829 26937]
[26938 26966]
[26967 27012]
[27013 27352]
[27353 27449]
