[ 0 30]
[32 51]
[52 71]
[ 73 116]
[118 197]
[198 545]
[546 602]
[603 651]
[652 689]
[690 731]
[732 777]
[778 824]
[825 853]
[854 883]
[884 933]
[934 975]
[ 976 1033]
[1034 1305]
[1307 1376]
[1377 1465]
[1466 1565]
[1566 1621]
[1622 1683]
[1684 1750]
[1751 1908]
[1909 1970]
[1971 2045]
[2046 2065]
[2066 2130]
[2131 2464]
[2465 2592]
[2593 2641]
[2642 2705]
[2706 2751]
[2752 2805]
[2806 3203]
[3204 3232]
[3233 3297]
[3298 3461]
[3462 3514]
[3515 3599]
[3600 3668]
[3669 3769]
[3770 3868]
[3869 3950]
[3951 4006]
[4007 4053]
[4054 4101]
[4102 4149]
[4150 4187]
[4188 4233]
[4234 4277]
[4278 4313]
[4314 4652]
[4653 4708]
[4709 4823]
[4824 4903]
[4904 4997]
[4998 5086]
[5087 5139]
[5140 5160]
[5161 5218]
[5219 5280]
[5281 5332]
[5333 5458]
[5459 6004]
[6005 6080]
[6081 6156]
[6157 6229]
[6230 6285]
[6286 6356]
[6357 6430]
[6431 6504]
[6505 6543]
[6544 6630]
[6631 6725]
[6726 6804]
[6805 6828]
[6829 6873]
[6874 7012]
[7013 7040]
[7041 7092]
[7093 7176]
[7177 7241]
[7242 7323]
[7324 7344]
[7345 7371]
[7372 7423]
[7424 7463]
[7464 7596]
[7597 7630]
[7631 7710]
[7711 7776]
[7777 7832]
[7833 7862]
[7863 7901]
[7902 8034]
[8035 8469]
[8470 8608]
[8609 8672]
[8673 8742]
[8743 9076]
[9077 9145]
[9146 9189]
[9190 9239]
[9240 9287]
[9288 9349]
[9350 9387]
[9388 9429]
[9430 9478]
[9479 9874]
[9875 9983]
[ 9984 10076]
[10077 10126]
[10127 10206]
[10207 10339]
[10340 10674]
[10675 10752]
[10753 10785]
[10786 11113]
[11114 11137]
[11138 11169]
[11170 11209]
[11210 11240]
[11241 11288]
[11289 11342]
[11343 11433]
[11434 11466]
[11467 11570]
[11571 11623]
[11624 11688]
[11689 11724]
[11725 11770]
[11771 12076]
[12077 12147]
[12148 12212]
[12213 12798]
[12799 12853]
[12854 12893]
[12894 12956]
[12957 12994]
[12995 13039]
[13040 13091]
[13092 13146]
[13147 13202]
[13203 13291]
[13292 13860]
[13861 13910]
[13911 13991]
[13992 14096]
[14097 14152]
[14153 14244]
[14245 14298]
[14299 14408]
[14409 14525]
[14526 14576]
[14577 14613]
[14614 14654]
[14655 14701]
[14702 14764]
[14765 14816]
[14817 14861]
[14862 14899]
[14900 14942]
[14943 14980]
[14981 15377]
[15378 15409]
[15410 15526]
[15527 15548]
[15549 15595]
[15596 15646]
[15647 15696]
[15697 15740]
[15741 15778]
[15779 15899]
[15900 16051]
[16052 16111]
[16112 16160]
[16161 16196]
[16197 16256]
[16257 16295]
[16296 16599]
[16600 16670]
[16671 16746]
[16747 16795]
[16796 16861]
[16862 16927]
[16928 16967]
[16968 17055]
[17056 17095]
[17096 17130]
[17131 17183]
[17184 17222]
[17223 17250]
[17251 17293]
[17294 17329]
[17330 17380]
[17381 17572]
[17573 17627]
[17628 17676]
[17677 17740]
[17741 17786]
[17787 17831]
[17832 17875]
[17876 17912]
[17913 18213]
[18214 18281]
[18282 18324]
[18325 18373]
[18374 18471]
[18472 18591]
[18592 18789]
[18790 18822]
[18823 18868]
[18869 18947]
[18948 18975]
[18976 19020]
[19021 19061]
[19062 19105]
[19106 19139]
[19140 19195]
[19196 19261]
[19262 19624]
[19625 19698]
[19699 19728]
[19729 19785]
[19786 19905]
[19906 19971]
[19972 20036]
[20037 20117]
[20118 20159]
[20160 20201]
[20202 20240]
[20241 20272]
[20273 20348]
[20349 20412]
[20413 20442]
[20443 20568]
[20569 20623]
[20624 20679]
[20680 20756]
[20757 21065]
[21066 21137]
[21138 21206]
[21207 21332]
[21333 21498]
[21499 21728]
[21729 22104]
[22105 22199]
