[ 0 18]
[20 39]
[40 59]
[ 61 104]
[106 172]
[174 512]
[513 565]
[566 621]
[622 665]
[666 692]
[693 733]
[734 770]
[771 816]
[817 882]
[ 883 1540]
[1541 1582]
[1583 1603]
[1604 1656]
[1657 1714]
[1715 1758]
[1759 1819]
[1820 1882]
[1883 1918]
[1919 1951]
[1952 2140]
[2141 2199]
[2200 2271]
[2272 2325]
[2326 2408]
[2409 2455]
[2456 2557]
[2558 2668]
[2669 2737]
[2738 2796]
[2797 2902]
[2903 2983]
[2984 3046]
[3047 3104]
[3105 3788]
[3789 3828]
[3829 3866]
[3867 3911]
[3912 3958]
[3959 3995]
[3996 4024]
[4025 4066]
[4067 4103]
[4104 4148]
[4149 4198]
[4199 4224]
[4225 4244]
[4245 4273]
[4274 4298]
[4299 4318]
[4319 4341]
[4342 4364]
[4365 4389]
[4390 4444]
[4445 4474]
[4475 4503]
[4504 4530]
[4531 4555]
[4556 4585]
[4586 4605]
[4606 4623]
[4624 4661]
[4662 4698]
[4699 4742]
[4743 4800]
[4801 4812]
[4813 4840]
[4841 4900]
[4901 4960]
[4961 5008]
[5009 5063]
[5064 5121]
[5122 5183]
[5184 5695]
[5696 5822]
[5823 5917]
[5918 6056]
[6057 6239]
[6240 6274]
[6275 6759]
[6760 6972]
[6973 7080]
[7081 7148]
[7149 7214]
[7215 7295]
[7296 7421]
[7422 7526]
[7527 7635]
[7636 7707]
[7708 7771]
[7772 7896]
[7897 7965]
[7966 8007]
[8008 8040]
[8041 8078]
[8079 8111]
[8112 8604]
[8605 8670]
[8671 8728]
[8729 8779]
[8780 8843]
[8844 8904]
[8905 8930]
[8931 8997]
[8998 9042]
[9043 9094]
[9095 9165]
[9166 9234]
[9235 9430]
[9431 9541]
[9542 9590]
[9591 9639]
[9640 9705]
[9706 9742]
[9743 9779]
[9780 9819]
[9820 9944]
[9945 9997]
[ 9998 10074]
[10075 10125]
[10126 10178]
[10179 10270]
[10271 10381]
[10382 10716]
[10717 10809]
[10810 10929]
[10930 10987]
[10988 11181]
[11182 11525]
[11526 11614]
[11615 11691]
[11692 11715]
[11716 11771]
[11772 11846]
[11847 11896]
[11897 11976]
[11977 11999]
[12000 12068]
[12069 12129]
[12130 12228]
[12229 12330]
[12331 12388]
[12389 12474]
[12475 12909]
[12910 13026]
[13027 13104]
[13105 13223]
[13224 13351]
[13352 13455]
[13456 13535]
[13536 13576]
[13577 13631]
[13632 13667]
[13668 13777]
[13778 13876]
[13877 13947]
[13948 14228]
[14229 14301]
[14302 14393]
[14394 14483]
[14484 14584]
[14585 14630]
[14631 14658]
[14659 14750]
[14751 14846]
[14847 14910]
[14911 14942]
[14943 15009]
[15010 15064]
[15065 15285]
[15286 15349]
[15350 15415]
[15416 15532]
[15533 15618]
[15619 15704]
[15705 15806]
[15807 16378]
[16379 16435]
[16436 16469]
[16470 16502]
[16503 16533]
[16534 16601]
[16602 16690]
[16691 16738]
[16739 16782]
[16783 16834]
[16835 16905]
[16906 16964]
[16965 17122]
[17123 17195]
[17196 17253]
[17254 17359]
[17360 17428]
[17429 17464]
[17465 17517]
[17518 17554]
[17555 17593]
[17594 17629]
[17630 17664]
[17665 17701]
[17702 17734]
[17735 17772]
[17773 17810]
[17811 17839]
[17840 17908]
[17909 17927]
[17928 17988]
[17989 18066]
[18067 18468]
[18469 18615]
[18616 18780]
[18781 18873]
[18874 18924]
[18925 19010]
[19011 19039]
[19040 19140]
[19141 19334]
[19335 19433]
[19434 19525]
[19526 19643]
[19644 20081]
[20082 20109]
[20110 20156]
[20157 20218]
[20219 20359]
[20360 20442]
[20443 20567]
[20568 20687]
[20688 20784]
[20785 20897]
[20898 20965]
[20966 21328]
[21329 21399]
