[ 0 27]
[29 48]
[49 68]
[ 70 113]
[115 201]
[202 452]
[453 514]
[515 551]
[552 598]
[599 642]
[643 679]
[680 713]
[714 740]
[741 766]
[767 811]
[812 852]
[853 889]
[890 919]
[920 935]
[ 936 1001]
[1002 1102]
[1103 1433]
[1434 1470]
[1471 1500]
[1501 1549]
[1550 1582]
[1583 1614]
[1615 1631]
[1632 1719]
[1720 1751]
[1752 1784]
[1785 1827]
[1828 1858]
[1859 1887]
[1888 1926]
[1927 2057]
[2058 2085]
[2086 2125]
[2126 2151]
[2152 2173]
[2174 2209]
[2210 2261]
[2262 2310]
[2311 2373]
[2374 2423]
[2424 2484]
[2485 2892]
[2893 3066]
[3067 3171]
[3172 3195]
[3196 3262]
[3263 3317]
[3318 3493]
[3494 3519]
[3520 3636]
[3637 3716]
[3717 3789]
[3790 3840]
[3841 3923]
[3924 3992]
[3993 4046]
[4047 4107]
[4108 4218]
[4219 4413]
[4414 4882]
[4883 5006]
[5007 5060]
[5061 5099]
[5100 5126]
[5127 5178]
[5179 5221]
[5222 5263]
[5264 5321]
[5322 5390]
[5391 5492]
[5493 5562]
[5563 5634]
[5635 5697]
[5698 5746]
[5747 5795]
[5796 5823]
[5824 5879]
[5880 6164]
[6165 6268]
[6269 6304]
[6305 6344]
[6345 6432]
[6433 6471]
[6472 6537]
[6538 6575]
[6576 6618]
[6619 6638]
[6639 6704]
[6705 6751]
[6752 6823]
[6824 6893]
[6894 6959]
[6960 6987]
[6988 7102]
[7103 7144]
[7145 7189]
[7190 7276]
[7277 7322]
[7323 7375]
[7376 7413]
[7414 7467]
[7468 7522]
[7523 7541]
[7542 7598]
[7599 7639]
[7640 7672]
[7673 7755]
[7756 8098]
[8099 8157]
[8158 8239]
[8240 8315]
[8316 8372]
[8373 8449]
[8450 8523]
[8524 8587]
[8588 8646]
[8647 8734]
[8735 8832]
[8833 8899]
[8900 8956]
[8957 8992]
[8993 9160]
[9161 9198]
[9199 9259]
[9260 9340]
[9341 9391]
[9392 9441]
[9442 9497]
[9498 9607]
[9608 9821]
[9822 9896]
[ 9897 10004]
[10005 10045]
[10046 10169]
[10170 10455]
[10456 10783]
[10784 11037]
[11038 11405]
[11406 11616]
[11617 11839]
[11840 12043]
[12044 12427]
[12428 12623]
[12624 12702]
[12703 12752]
[12753 12883]
[12884 12949]
[12950 13087]
[13088 13187]
[13188 13267]
[13268 13354]
[13355 13594]
[13595 13684]
[13685 13793]
[13794 13878]
[13879 13969]
[13970 14034]
[14035 14124]
[14125 14179]
[14180 14310]
[14311 14364]
[14365 14416]
[14417 14491]
[14492 14539]
[14540 14911]
[14912 14980]
[14981 15009]
[15010 15045]
[15046 15078]
[15079 15111]
[15112 15141]
[15142 15187]
[15188 15295]
[15296 15347]
[15348 15386]
[15387 15420]
[15421 15444]
[15445 15483]
[15484 15529]
[15530 15563]
[15564 15597]
[15598 15616]
[15617 15648]
[15649 15682]
[15683 15715]
[15716 15750]
[15751 15765]
[15766 15818]
[15819 15941]
[15942 16049]
[16050 16380]
[16381 16424]
[16425 16641]
[16642 16815]
[16816 16883]
[16884 17100]
[17101 17163]
[17164 17231]
[17232 17298]
[17299 17351]
[17352 17411]
[17412 17517]
[17518 17830]
[17831 17924]
[17925 17995]
[17996 18095]
[18096 18143]
[18144 18199]
[18200 18301]
[18302 18355]
[18356 18389]
[18390 18484]
[18485 18534]
[18535 18538]
[18539 18704]
[18705 18790]
[18791 18810]
[18811 18838]
[18839 18844]
[18845 18864]
[18865 18897]
[18898 18948]
[18949 18972]
[18973 19028]
[19029 19118]
[19119 19407]
[19408 19506]
[19507 19595]
[19596 19653]
[19654 19773]
[19774 19877]
[19878 19918]
[19919 19961]
[19962 20000]
[20001 20056]
[20057 20096]
[20097 20143]
[20144 20197]
[20198 20254]
[20255 20294]
[20295 20371]
[20372 20622]
[20623 20682]
[20683 20718]
[20719 20781]
[20782 20924]
[20925 21036]
[21037 21151]
[21152 21203]
[21204 21426]
[21427 21468]
[21469 21530]
[21531 21623]
[21624 21697]
[21698 22088]
[22089 22304]
[22305 22568]
[22569 22714]
[22715 23149]
