[ 0 29]
[31 50]
[51 70]
[ 72 115]
[117 196]
[197 504]
[505 562]
[563 608]
[609 649]
[650 689]
[690 723]
[724 749]
[750 813]
[814 855]
[856 896]
[897 938]
[ 939 1016]
[1017 1043]
[1044 1137]
[1138 1632]
[1633 1674]
[1675 1729]
[1730 1833]
[1834 1902]
[1903 1967]
[1968 2030]
[2031 2074]
[2075 2139]
[2140 2195]
[2196 2318]
[2319 2415]
[2416 2517]
[2518 2530]
[2531 2771]
[2772 2903]
[2904 3336]
[3338 3581]
[3582 3705]
[3707 3808]
[3809 3862]
[3863 3911]
[3912 3968]
[3969 4014]
[4015 4709]
[4710 4736]
[4737 4826]
[4827 4864]
[4865 4886]
[4887 4933]
[4934 4973]
[4974 5155]
[5156 5206]
[5207 5252]
[5253 5293]
[5294 5339]
[5340 5393]
[5394 5450]
[5451 5492]
[5493 5511]
[5512 5654]
[5655 5853]
[5854 5896]
[5897 6094]
[6095 6145]
[6146 6200]
[6201 6238]
[6239 6303]
[6304 6368]
[6369 6785]
[6786 6794]
[6795 6806]
[6807 6837]
[6838 6948]
[6949 6996]
[6997 7020]
[7021 7081]
[7082 7135]
[7136 7195]
[7196 7230]
[7231 7319]
[7320 7372]
[7373 7419]
[7420 7534]
[7535 7621]
[7622 7685]
[7686 7744]
[7745 7832]
[7833 7868]
[7869 7910]
[7911 7947]
[7948 7957]
[7958 8203]
[8204 8257]
[8258 8311]
[8312 8362]
[8363 8447]
[8448 8514]
[8515 8564]
[8565 8626]
[8627 8696]
[8697 8749]
[8750 8789]
[8790 8840]
[8841 8871]
[8872 8962]
[8963 9384]
[9385 9765]
[9766 9985]
[ 9986 10024]
[10025 10066]
[10067 10101]
[10102 10175]
[10176 10255]
[10256 10352]
[10353 10410]
[10411 10511]
[10512 10604]
[10605 10678]
[10679 10733]
[10734 10781]
[10782 10811]
[10812 10836]
[10837 10874]
[10875 10913]
[10914 11029]
[11030 11073]
[11074 11174]
[11175 11397]
[11398 11564]
[11565 11654]
[11655 11734]
[11735 11803]
[11804 11865]
[11866 11905]
[11906 11961]
[11962 12011]
[12012 12048]
[12049 12308]
[12309 12444]
[12445 12575]
[12576 12684]
[12685 12774]
[12775 12804]
[12805 12880]
[12881 12935]
[12936 13055]
[13056 13178]
[13179 13230]
[13231 13313]
[13314 13413]
[13414 13473]
[13474 13554]
[13555 13654]
[13655 13754]
[13755 13854]
[13855 13943]
[13944 14019]
[14020 14306]
[14307 14604]
[14605 14729]
[14730 14832]
[14833 15076]
[15077 15141]
[15142 15223]
[15224 15449]
[15450 15546]
[15547 15577]
[15578 15600]
[15601 15653]
[15654 15717]
[15718 15765]
[15766 15810]
[15811 15889]
[15890 15944]
[15945 15999]
[16000 16043]
[16044 16087]
[16088 16177]
[16178 16208]
[16209 16500]
[16501 16565]
[16566 16666]
[16667 16679]
[16680 16920]
[16921 16985]
[16986 17059]
[17060 17169]
[17170 17276]
[17277 17368]
[17369 17464]
[17465 17520]
[17521 17580]
[17581 17617]
[17618 17662]
[17663 17701]
[17702 17766]
[17767 17799]
[17800 17829]
[17830 17867]
[17868 17960]
[17961 18291]
[18292 18537]
[18538 18620]
[18621 18672]
[18673 18766]
[18767 18823]
[18824 18901]
[18902 19078]
[19079 19157]
[19158 19202]
[19203 19244]
[19245 19302]
[19303 19365]
[19366 19471]
[19472 19531]
[19532 19592]
[19593 19644]
[19645 19695]
[19696 19746]
[19747 19795]
[19796 19848]
[19849 20259]
[20260 20311]
[20312 20405]
[20406 20452]
[20453 20483]
[20484 20514]
[20515 20583]
[20584 20626]
[20627 20725]
[20726 20773]
[20774 20840]
[20841 20898]
[20899 20936]
[20937 20995]
[20996 21051]
[21052 21164]
[21165 21206]
[21207 21283]
[21284 21311]
[21312 21370]
[21371 21431]
[21432 21468]
[21469 21745]
[21746 21925]
[21926 21975]
[21976 22103]
[22104 22175]
[22176 22277]
[22278 22371]
[22372 22418]
[22419 22572]
[22573 22721]
[22722 22786]
[22787 22828]
[22829 22882]
[22883 22939]
[22940 22984]
[22985 23092]
[23093 23149]
[23150 23187]
[23188 23226]
[23227 23300]
[23301 23376]
[23377 23470]
[23471 23530]
[23531 23633]
[23634 23673]
[23674 23702]
[23703 23736]
[23737 23768]
[23769 23803]
[23804 24153]
[24155 24232]
[24233 24289]
[24290 24348]
[24349 24389]
[24390 24445]
[24446 24494]
[24495 24541]
[24542 24584]
[24585 24655]
[24656 24705]
[24706 24804]
[24805 24861]
[24862 24941]
[24942 25058]
[25059 25117]
[25118 25156]
[25157 25201]
[25202 25242]
[25243 25331]
[25332 25675]
[25676 25734]
[25735 25792]
[25793 25853]
[25854 25913]
[25914 25968]
[25969 26102]
[26103 26201]
[26202 26331]
[26332 26410]
[26411 26492]
[26493 26552]
[26553 26621]
[26622 26682]
[26683 26730]
[26731 26791]
[26792 26816]
[26817 26866]
[26867 26928]
[26929 27043]
[27044 27102]
[27103 27154]
[27155 27208]
[27209 27233]
[27234 27310]
[27311 27367]
[27368 27426]
[27427 27518]
[27519 27663]
[27664 27722]
[27723 27827]
[27828 27950]
[27951 27998]
[27999 28053]
[28054 28110]
[28111 28141]
[28142 28270]
[28271 28399]
[28400 28468]
[28469 28875]
[28876 28999]
