[ 0 16]
[18 37]
[38 57]
[ 59 102]
[104 190]
[193 446]
[447 503]
[504 541]
[542 560]
[561 584]
[585 629]
[630 692]
[693 723]
[724 754]
[755 789]
[790 824]
[825 879]
[880 931]
[932 947]
[948 973]
[974 993]
[ 994 1085]
[1086 1603]
[1604 1670]
[1671 1734]
[1735 1780]
[1781 1840]
[1841 1895]
[1896 1960]
[1961 2008]
[2009 2169]
[2170 2218]
[2219 2247]
[2248 2281]
[2282 2319]
[2320 2421]
[2422 2466]
[2467 2498]
[2499 2522]
[2523 2667]
[2668 2701]
[2702 2735]
[2736 2763]
[2764 2801]
[2802 3031]
[3032 3345]
[3346 3417]
[3418 3498]
[3499 3566]
[3567 3645]
[3646 3746]
[3747 3865]
[3866 3971]
[3972 4053]
[4054 4300]
[4301 4307]
[4308 4825]
[4826 4898]
[4899 4929]
[4930 4986]
[4987 5047]
[5048 5086]
[5087 5155]
[5156 5208]
[5209 5290]
[5291 5318]
[5319 5362]
[5363 5412]
[5413 5457]
[5458 5515]
[5516 5545]
[5546 5603]
[5604 5650]
[5651 5711]
[5712 5758]
[5759 5826]
[5827 5871]
[5872 5949]
[5950 5995]
[5996 6060]
[6061 6105]
[6106 6173]
[6174 6252]
[6253 6342]
[6343 6440]
[6441 6484]
[6485 6549]
[6550 6621]
[6622 6722]
[6723 6767]
[6768 6879]
[6880 7228]
[7229 7294]
[7295 8251]
[8252 8493]
[8494 8568]
[8569 8658]
[8659 8763]
[8764 8828]
[8829 8909]
[8910 8961]
[8962 9008]
[9009 9091]
[9092 9149]
[9150 9241]
[9242 9328]
[9329 9473]
[9474 9684]
[9685 9743]
[9744 9797]
[9798 9876]
[9877 9939]
[ 9940 10007]
[10008 10063]
[10064 10114]
[10115 10160]
[10161 10215]
[10216 10273]
[10274 10351]
[10352 10622]
[10623 10657]
[10658 10705]
[10706 10741]
[10742 10827]
[10828 10891]
[10892 10942]
[10943 10984]
[10985 11087]
[11088 11134]
[11135 11182]
[11183 11217]
[11218 11284]
[11285 11335]
[11336 11390]
[11391 11499]
[11500 11551]
[11552 11580]
[11581 11608]
[11609 11645]
[11646 11695]
[11696 11737]
[11738 12054]
[12055 12390]
[12391 12717]
[12718 13031]
[13032 13162]
[13163 13258]
[13259 13329]
[13330 13603]
[13604 13674]
[13675 13771]
[13772 13815]
[13816 13997]
[13998 14070]
[14071 14105]
[14106 14125]
[14126 14196]
[14197 14286]
[14287 14376]
[14377 14454]
[14455 14539]
[14540 14596]
[14597 14649]
[14650 14798]
[14799 14862]
[14863 14926]
[14927 14980]
[14981 15117]
[15118 15140]
[15141 15238]
[15239 15569]
[15570 15676]
[15677 15796]
[15797 15849]
[15850 15880]
[15881 15951]
[15952 16006]
[16007 16070]
[16071 16119]
[16120 16176]
[16177 16233]
[16234 16327]
[16328 16402]
[16403 16441]
[16442 16473]
[16474 16511]
[16512 16584]
[16585 16731]
[16732 16782]
[16783 16831]
[16832 16887]
[16888 16944]
[16945 17003]
[17004 17328]
[17329 17358]
[17359 17391]
[17392 17442]
[17443 17485]
[17486 17539]
[17540 17594]
[17595 17698]
[17699 17804]
[17805 17880]
[17881 17930]
[17931 18022]
[18023 18105]
[18106 18165]
[18166 18235]
[18236 18263]
[18264 18327]
[18328 18379]
[18380 18434]
[18435 18500]
[18501 18531]
[18532 18576]
[18577 18613]
[18614 18656]
[18657 18723]
[18724 19191]
[19192 19243]
[19244 19294]
[19295 19348]
[19349 19442]
[19443 19481]
[19482 19569]
[19570 19611]
[19612 19705]
[19706 19844]
[19845 19919]
[19920 19987]
[19988 20049]
[20050 20155]
[20156 20211]
[20212 20357]
[20358 20424]
[20425 20488]
[20489 20547]
[20548 20597]
[20598 20641]
[20642 20946]
[20947 21037]
[21038 21082]
[21083 21243]
[21244 21298]
[21299 21322]
[21323 21349]
[21350 21379]
[21380 21407]
[21408 21454]
[21455 21481]
[21482 21535]
[21536 21550]
[21551 21698]
[21699 21791]
[21792 21834]
[21835 21886]
[21887 21930]
[21931 22377]
[22378 22537]
[22538 22634]
[22635 22778]
[22779 22826]
[22827 22887]
[22888 22947]
[22948 23002]
[23003 23043]
[23044 23082]
[23083 23149]
[23150 23175]
[23176 23280]
[23281 23334]
[23335 23372]
[23373 23416]
[23417 23457]
[23458 23493]
[23494 23534]
[23535 23588]
[23589 23683]
[23684 23736]
[23737 23783]
[23784 23840]
[23841 24011]
[24012 24348]
[24349 24407]
[24408 24480]
[24481 24556]
[24557 24628]
[24629 24695]
[24696 24738]
[24739 24769]
[24770 24805]
[24806 24908]
[24909 24980]
[24981 25042]
[25043 25124]
[25125 25196]
[25197 25232]
[25233 25304]
[25305 25343]
[25344 25378]
[25379 25425]
[25426 25701]
[25702 25818]
[25819 25908]
[25909 25939]
[25940 25994]
[25995 26063]
[26064 26094]
[26095 26151]
[26152 26198]
[26199 26218]
[26219 26311]
[26312 26361]
[26362 26428]
[26429 26773]
[26774 26858]
[26859 26966]
[26967 27089]
[27090 27212]
[27213 27335]
[27336 27461]
[27462 27585]
[27586 27680]
[27681 27764]
[27765 27843]
[27844 27935]
[27936 28024]
[28025 28116]
[28117 28209]
[28210 28295]
[28296 28368]
[28369 28727]
[28728 28799]
