[ 0 27]
[29 48]
[49 68]
[ 70 113]
[115 200]
[201 504]
[505 556]
[557 585]
[586 614]
[615 644]
[645 680]
[681 684]
[685 721]
[722 756]
[757 784]
[785 799]
[800 848]
[ 849 1299]
[1300 1382]
[1383 1470]
[1471 1542]
[1543 1624]
[1625 1696]
[1697 1740]
[1741 1826]
[1827 1908]
[1909 1959]
[1960 2014]
[2015 2062]
[2063 2118]
[2119 2165]
[2166 2195]
[2196 2233]
[2234 2322]
[2323 2673]
[2674 2723]
[2724 2801]
[2802 2910]
[2911 2937]
[2938 2991]
[2992 3048]
[3049 3111]
[3112 3158]
[3159 3213]
[3214 3261]
[3262 3317]
[3318 3364]
[3365 3404]
[3405 3778]
[3779 4009]
[4010 4158]
[4159 4201]
[4202 4325]
[4326 4401]
[4402 4481]
[4482 4627]
[4628 4697]
[4698 4901]
[4902 5051]
[5052 5189]
[5190 5658]
[5659 5714]
[5715 5763]
[5764 5826]
[5827 5871]
[5872 5909]
[5910 5962]
[5963 6009]
[6010 6319]
[6320 6461]
[6462 6501]
[6502 6554]
[6555 6606]
[6607 6630]
[6631 6695]
[6696 6771]
[6772 6834]
[6835 6921]
[6922 6964]
[6965 7018]
[7019 7192]
[7193 7270]
[7271 7274]
[7275 7390]
[7391 7577]
[7578 7598]
[7599 7760]
[7761 7821]
[7822 7859]
[7860 7917]
[7918 8005]
[8006 8102]
[8103 8159]
[8160 8209]
[8210 8387]
[8388 8470]
[8471 8624]
[8625 8683]
[8684 8719]
[8720 8751]
[8752 8804]
[8805 9163]
[9164 9238]
[9239 9288]
[9289 9350]
[9351 9447]
[9448 9522]
[9523 9571]
[9572 9744]
[9745 9826]
[9827 9890]
[9891 9957]
[ 9958 10013]
[10014 10307]
[10308 10343]
[10344 10508]
[10509 10553]
[10554 10667]
[10668 10746]
[10747 11025]
[11026 11146]
[11147 11286]
[11287 11397]
[11398 11486]
[11487 11562]
[11563 11686]
[11687 11800]
[11801 11899]
[11901 12058]
[12059 12115]
[12116 12178]
[12179 12454]
[12455 12565]
[12566 12667]
[12668 12743]
[12744 12838]
[12839 12915]
[12916 12999]
[13000 13113]
[13114 13242]
[13243 13344]
[13345 13638]
[13639 14362]
[14363 14450]
[14451 14505]
[14506 14551]
[14552 14857]
[14858 14995]
[14996 15077]
[15078 15131]
[15132 15218]
[15219 15264]
[15265 15336]
[15337 15452]
[15453 15508]
[15509 15588]
[15589 15650]
[15651 15718]
[15719 15767]
[15768 15853]
[15854 15937]
[15938 16028]
[16029 16095]
[16096 16174]
[16175 16233]
[16234 16261]
[16262 16308]
[16309 16357]
[16358 16414]
[16415 16466]
[16467 16566]
[16567 16671]
[16672 16982]
[16983 17014]
[17015 17209]
[17210 17369]
[17370 17487]
[17488 17543]
[17544 17617]
[17618 17684]
[17685 17749]
[17750 17831]
[17832 18302]
[18303 18397]
[18398 18431]
[18432 18555]
[18556 18610]
[18611 18670]
[18671 18717]
[18718 18788]
[18789 18901]
[18902 18982]
[18983 19067]
[19068 19071]
[19072 19125]
[19126 19169]
[19170 19223]
[19224 19287]
[19288 19367]
[19368 19452]
[19453 19526]
[19527 19571]
[19572 19622]
[19623 19675]
[19676 19759]
[19760 20133]
[20134 20237]
[20238 20354]
[20355 20403]
[20404 20500]
[20501 20630]
[20631 20664]
[20665 20809]
[20810 21052]
[21053 21140]
[21141 21195]
[21196 21288]
[21289 21326]
[21327 21563]
[21564 21677]
[21678 21709]
[21710 21828]
[21829 21958]
[21959 22106]
[22107 22195]
[22196 22272]
[22273 22358]
[22359 22435]
[22436 22498]
[22499 22559]
[22560 22620]
[22621 22688]
[22689 22757]
[22758 22811]
[22812 22838]
[22839 23161]
[23162 23209]
[23210 23345]
[23346 23477]
[23478 23595]
[23596 23721]
[23722 23831]
[23832 23934]
[23935 24050]
[24051 24190]
[24191 24253]
[24254 24379]
[24380 24455]
[24456 24532]
[24533 24963]
[24964 25120]
[25121 25182]
[25183 25258]
[25259 25440]
[25441 25491]
[25492 25591]
[25592 25676]
[25677 25848]
[25849 25888]
[25889 25945]
[25946 26129]
[26130 26566]
[26567 26649]
