[ 0 25]
[27 46]
[47 66]
[ 68 111]
[113 195]
[196 481]
[482 538]
[539 575]
[576 608]
[609 637]
[638 665]
[666 698]
[699 732]
[733 789]
[790 818]
[819 850]
[851 880]
[881 915]
[916 951]
[952 973]
[ 974 1003]
[1004 1114]
[1115 1408]
[1409 1484]
[1485 1534]
[1535 1591]
[1592 1652]
[1653 1705]
[1706 1759]
[1760 1809]
[1810 1895]
[1896 1967]
[1968 2034]
[2035 2088]
[2089 2139]
[2140 2190]
[2191 2241]
[2242 2274]
[2275 2313]
[2314 2365]
[2366 2422]
[2423 2581]
[2582 2682]
[2683 2714]
[2715 2759]
[2760 2815]
[2816 2862]
[2863 2935]
[2936 3360]
[3361 3419]
[3420 3508]
[3509 3553]
[3554 3615]
[3616 3705]
[3706 3772]
[3773 3843]
[3844 3912]
[3913 3989]
[3990 4077]
[4078 4134]
[4135 4200]
[4201 4229]
[4230 4531]
[4532 4632]
[4633 4702]
[4703 4763]
[4764 5048]
[5049 5129]
[5130 5237]
[5238 5560]
[5561 5931]
[5932 6002]
[6003 6062]
[6063 6126]
[6127 6197]
[6198 6213]
[6214 6493]
[6494 6551]
[6552 6623]
[6624 6691]
[6692 6764]
[6765 6835]
[6836 6865]
[6866 7138]
[7139 7448]
[7449 7505]
[7506 7574]
[7575 7640]
[7641 7705]
[7706 7717]
[7718 8117]
[8118 8154]
[8155 8197]
[8198 8232]
[8233 8270]
[8271 8312]
[8313 8363]
[8364 8401]
[8402 8445]
[8446 8622]
[8623 8682]
[8683 8776]
[8777 8809]
[8810 8848]
[8849 8897]
[8898 8935]
[8936 8965]
[8966 8999]
[9000 9024]
[9025 9053]
[9054 9083]
[9084 9126]
[9127 9159]
[9160 9191]
[9192 9230]
[9231 9244]
[9245 9275]
[9276 9322]
[9323 9664]
[9665 9749]
[9750 9821]
[9822 9900]
[9901 9967]
[ 9968 10029]
[10030 10106]
[10107 10172]
[10173 10244]
[10245 10309]
[10310 10363]
[10364 10444]
[10445 10715]
[10716 10895]
[10896 10988]
[10989 11044]
[11045 11208]
[11209 11396]
[11397 11561]
[11562 12110]
[12111 12195]
[12196 12243]
[12244 12278]
[12279 12356]
[12357 12434]
[12435 12512]
[12513 12590]
[12591 12668]
[12669 12746]
[12747 12824]
[12825 12856]
[12857 12897]
[12898 12953]
[12954 13373]
[13374 13529]
[13530 13587]
[13588 13661]
[13662 13701]
[13702 13736]
[13737 14016]
[14017 14107]
[14108 14148]
[14149 14184]
[14185 14240]
[14241 14256]
[14257 14585]
[14586 14614]
[14615 14711]
[14712 14781]
[14782 14903]
[14904 15188]
[15189 15314]
[15315 15465]
[15466 15668]
[15669 15743]
[15744 15818]
[15819 15950]
[15951 16001]
[16002 16050]
[16051 16084]
[16085 16130]
[16131 16152]
[16153 16195]
[16196 16315]
[16316 16387]
[16388 16831]
[16832 16929]
[16930 17013]
[17014 17089]
[17090 17149]
[17150 17228]
[17229 17286]
[17287 17351]
[17352 17476]
[17477 17516]
[17517 17568]
[17569 17603]
[17604 17704]
[17705 17776]
[17777 17894]
[17895 17987]
[17988 18016]
[18017 18073]
[18074 18134]
[18135 18230]
[18231 18423]
[18424 18625]
[18626 18750]
[18751 18854]
[18855 19016]
[19017 19177]
[19178 19313]
[19314 19372]
[19373 19546]
[19547 19679]
[19680 19872]
[19873 20042]
[20043 20368]
[20369 20547]
[20548 20704]
[20705 20802]
[20803 20916]
[20917 20973]
[20974 21001]
[21002 21100]
[21101 21159]
[21160 21243]
[21244 21341]
[21342 21483]
[21484 21599]
[21600 22028]
[22029 22061]
[22062 22178]
[22179 22300]
[22301 22393]
[22394 22478]
[22479 22490]
[22491 22634]
[22635 22881]
[22882 22937]
[22938 22993]
[22994 23045]
[23046 23316]
[23317 23405]
[23406 23490]
[23491 23573]
[23574 23663]
[23664 23791]
[23792 23899]
[23900 23982]
[23983 24037]
[24038 24089]
[24090 24168]
[24169 24232]
[24233 24294]
[24295 24353]
[24354 24408]
[24409 24482]
[24483 24733]
[24734 24925]
[24926 25030]
[25031 25155]
[25156 25261]
[25262 25304]
[25305 25492]
[25493 25669]
[25670 25700]
[25701 25762]
[25763 25825]
[25826 25887]
[25888 25978]
[25979 26508]
[26509 26599]
