[ 0 22]
[24 43]
[44 63]
[ 65 108]
[110 205]
[206 508]
[509 565]
[566 602]
[603 649]
[650 693]
[694 730]
[731 793]
[794 817]
[818 862]
[863 903]
[904 938]
[939 998]
[ 999 1683]
[1684 1790]
[1791 1906]
[1907 1988]
[1989 2071]
[2072 2129]
[2130 2163]
[2164 2199]
[2200 2233]
[2234 2275]
[2276 2306]
[2307 2485]
[2486 2512]
[2513 2537]
[2538 2614]
[2615 2739]
[2740 2784]
[2785 2906]
[2907 3079]
[3080 3140]
[3141 3572]
[3573 3648]
[3649 3717]
[3718 3794]
[3795 3864]
[3865 3940]
[3941 4048]
[4049 4103]
[4104 4431]
[4432 4485]
[4486 4546]
[4547 4612]
[4613 4766]
[4767 4820]
[4821 4887]
[4888 5030]
[5031 5158]
[5159 5452]
[5453 5513]
[5514 5555]
[5556 5634]
[5635 5717]
[5718 5800]
[5801 5875]
[5876 5940]
[5941 6020]
[6021 6136]
[6137 6207]
[6208 6253]
[6254 6284]
[6285 6347]
[6348 6396]
[6397 6440]
[6441 6505]
[6506 6615]
[6616 6656]
[6657 6711]
[6712 6754]
[6755 7223]
[7224 7301]
[7302 7381]
[7382 7419]
[7420 7472]
[7473 7548]
[7549 7791]
[7792 7835]
[7836 7999]
[8000 8222]
[8223 8276]
[8277 8346]
[8347 8416]
[8417 8465]
[8466 8517]
[8518 8554]
[8555 8585]
[8586 8634]
[8635 8689]
[8690 9137]
[9138 9302]
[9303 9594]
[9595 9678]
[9679 9827]
[9828 9904]
[ 9905 10000]
[10001 10060]
[10061 10091]
[10092 10157]
[10158 10300]
[10301 10348]
[10349 10382]
[10383 10408]
[10409 10486]
[10487 10569]
[10570 10638]
[10639 10710]
[10711 10817]
[10818 11351]
[11352 11497]
[11498 11616]
[11617 11719]
[11720 11835]
[11836 11978]
[11979 12057]
[12058 12178]
[12179 12269]
[12270 12373]
[12374 12468]
[12469 12580]
[12581 12700]
[12701 12731]
[12732 13046]
[13047 13111]
[13112 13159]
[13160 13220]
[13221 13273]
[13274 13371]
[13372 13444]
[13445 13520]
[13521 13605]
[13606 13685]
[13686 13775]
[13776 13842]
[13843 13925]
[13926 14219]
[14220 14448]
[14449 14592]
[14593 14819]
[14820 15056]
[15057 15150]
[15151 15239]
[15240 15293]
[15294 15321]
[15322 15407]
[15408 15474]
[15475 15526]
[15527 15576]
[15577 15608]
[15609 15673]
[15674 15742]
[15743 16060]
[16061 16254]
[16255 16410]
[16411 16525]
[16526 16599]
[16600 16690]
[16691 16739]
[16740 16812]
[16813 16890]
[16891 17009]
[17010 17058]
[17059 17109]
[17110 17269]
[17270 17323]
[17324 17409]
[17410 17472]
[17473 17543]
[17544 17832]
[17833 17892]
[17893 17991]
[17992 18091]
[18092 18191]
[18192 18291]
[18292 18391]
[18392 18491]
[18492 18567]
[18568 18625]
[18626 18694]
[18695 18735]
[18736 19060]
[19061 19134]
[19135 19191]
[19192 19245]
[19246 19322]
[19323 19357]
[19358 19396]
[19397 19506]
[19507 19631]
[19632 19742]
[19743 19851]
[19852 20012]
[20013 20072]
[20073 20279]
[20280 20362]
[20363 20532]
[20533 20602]
[20603 20669]
[20670 21032]
[21033 21069]
[21070 21118]
[21119 21192]
[21193 21360]
[21361 21403]
[21404 21439]
[21440 21475]
[21476 21511]
[21512 21690]
[21691 21757]
[21758 21821]
[21822 21931]
[21932 21969]
[21970 22394]
[22395 22522]
[22523 22697]
[22698 22892]
[22893 22938]
[22939 22985]
[22986 23045]
[23046 23138]
[23139 23180]
[23181 23222]
[23223 23267]
[23268 23344]
[23345 23479]
[23480 23524]
[23525 23629]
[23630 23706]
[23707 23754]
[23755 23824]
[23825 24181]
[24182 24242]
[24243 24316]
[24317 24387]
[24388 24451]
[24452 24524]
[24525 24580]
[24581 24657]
[24658 24734]
[24735 24807]
[24808 24876]
[24877 24945]
[24946 25012]
[25013 25058]
[25059 25449]
