[ 0 30]
[32 51]
[52 71]
[ 73 116]
[118 217]
[218 497]
[498 549]
[550 589]
[590 622]
[623 649]
[650 676]
[677 734]
[735 757]
[758 800]
[801 863]
[864 924]
[925 987]
[ 988 1422]
[1424 1471]
[1472 1504]
[1505 1531]
[1532 1562]
[1563 1600]
[1601 1654]
[1655 1703]
[1704 1752]
[1753 1809]
[1810 1855]
[1856 1899]
[1900 1950]
[1951 1979]
[1980 2471]
[2473 2476]
[2477 2928]
[2929 2971]
[2972 2996]
[2997 3039]
[3040 3057]
[3058 3102]
[3103 3134]
[3135 3207]
[3208 3291]
[3292 3343]
[3344 3373]
[3374 3407]
[3408 3503]
[3504 3557]
[3558 3588]
[3589 3605]
[3606 3648]
[3649 3678]
[3679 3775]
[3776 3827]
[3828 3881]
[3882 3937]
[3938 3967]
[3968 4005]
[4006 4042]
[4043 4071]
[4072 4109]
[4110 4171]
[4172 4214]
[4215 4248]
[4249 4287]
[4288 4858]
[4859 4901]
[4902 4967]
[4968 5467]
[5468 5593]
[5594 5667]
[5668 5757]
[5758 5835]
[5836 5924]
[5925 6025]
[6026 6105]
[6106 6184]
[6185 6274]
[6275 6396]
[6397 6466]
[6467 6576]
[6577 7005]
[7006 7177]
[7178 7296]
[7297 7344]
[7345 7388]
[7389 7461]
[7462 7542]
[7543 7603]
[7604 7636]
[7637 7763]
[7764 7818]
[7819 7843]
[7844 7871]
[7872 7902]
[7903 7933]
[7934 8003]
[8004 8062]
[8063 8152]
[8153 8360]
[8361 8412]
[8413 8482]
[8483 8540]
[8541 8587]
[8588 8645]
[8646 8697]
[8698 8799]
[8800 9141]
[9143 9174]
[9175 9261]
[9262 9304]
[9305 9386]
[9387 9466]
[9467 9520]
[9521 9569]
[9570 9621]
[9622 9652]
[9653 9715]
[9716 9834]
[9835 9898]
[9899 9997]
[ 9998 10055]
[10056 10096]
[10097 10169]
[10170 10564]
[10565 10623]
[10624 10663]
[10664 10739]
[10740 10821]
[10822 10858]
[10859 10895]
[10896 10972]
[10973 11009]
[11010 11059]
[11060 11114]
[11115 11439]
[11440 11714]
[11715 11802]
[11803 11958]
[11959 12116]
[12117 12234]
[12235 12303]
[12304 12529]
[12530 12820]
[12821 12871]
[12872 12921]
[12922 12972]
[12973 13030]
[13031 13100]
[13101 13160]
[13161 13205]
[13206 13250]
[13251 13300]
[13301 13395]
[13396 13481]
[13482 13525]
[13526 13573]
[13574 13653]
[13654 13717]
[13718 13824]
[13825 14142]
[14143 14179]
[14180 14376]
[14377 14414]
[14415 14469]
[14470 14575]
[14576 14597]
[14598 14642]
[14643 14682]
[14683 14744]
[14745 14795]
[14796 14829]
[14830 14875]
[14876 14896]
[14897 14957]
[14958 15020]
[15021 15065]
[15066 15106]
[15107 15169]
[15170 15211]
[15212 15268]
[15269 15299]
[15300 15326]
[15327 15523]
[15524 15529]
[15530 15592]
[15593 15661]
[15662 15774]
[15775 15826]
[15827 15896]
[15897 15954]
[15955 16059]
[16060 16107]
[16108 16212]
[16213 16556]
[16557 16697]
[16699 16782]
[16783 16830]
[16831 16955]
[16956 17002]
[17003 17108]
[17109 17194]
[17195 17245]
[17246 17329]
[17330 17403]
[17404 17697]
[17698 18078]
[18080 18301]
[18302 18398]
[18399 18590]
[18591 18661]
[18662 18790]
[18791 19029]
[19030 19100]
[19101 19224]
[19225 19269]
[19270 19308]
[19309 19348]
[19349 19403]
[19404 19501]
[19502 19849]
[19851 19954]
[19955 20012]
[20013 20067]
[20068 20110]
[20111 20181]
[20182 20323]
[20324 20383]
[20384 20486]
[20487 20520]
[20521 20619]
[20620 20660]
[20661 20732]
[20733 20769]
[20770 20803]
[20804 20874]
[20875 21161]
[21162 21214]
[21215 21258]
[21259 21317]
[21318 21380]
[21381 21435]
[21436 21483]
[21484 21575]
[21576 21624]
[21625 21666]
[21667 21727]
[21728 21759]
[21760 21828]
[21829 21977]
[21978 22048]
[22049 22089]
[22090 22165]
[22166 22224]
[22225 22292]
[22293 22382]
[22383 22437]
[22438 22484]
[22485 22524]
[22525 22558]
[22559 22608]
[22609 22958]
[22960 23021]
[23022 23079]
[23080 23188]
[23189 23322]
[23323 23401]
[23402 23449]
[23450 23521]
[23522 23562]
[23563 23631]
[23632 23726]
[23727 23817]
[23818 23875]
[23876 24484]
[24485 24590]
[24591 24623]
[24624 24646]
[24647 24696]
[24697 24720]
[24721 24791]
[24792 24826]
[24827 24880]
[24881 24926]
[24927 24983]
[24984 25013]
[25014 25094]
[25095 25165]
[25166 25314]
[25315 25491]
[25492 25578]
[25579 25629]
[25630 25662]
[25663 25704]
[25705 25828]
[25829 25978]
[25979 26018]
[26019 26061]
[26062 26143]
[26144 26612]
[26613 26867]
[26868 27439]
[27441 27801]
[27802 27899]
