[ 0 41]
[ 43 281]
[282 344]
[345 383]
[384 419]
[420 444]
[445 471]
[472 514]
[515 548]
[549 595]
[596 625]
[626 665]
[666 694]
[695 721]
[722 779]
[780 923]
[ 924 1291]
[1292 1432]
[1433 1575]
[1576 1635]
[1636 1699]
[1700 1779]
[1780 1993]
[1994 2100]
[2101 2159]
[2160 2231]
[2232 2303]
[2304 2363]
[2364 2478]
[2479 2709]
[2710 2891]
[2892 3494]
[3495 3689]
[3690 3841]
[3842 4014]
[4015 4153]
[4154 4464]
[4465 4810]
[4811 5106]
[5107 5265]
[5266 5415]
[5416 5565]
[5566 5715]
[5716 5865]
[5866 6015]
[6016 6165]
[6166 6315]
[6316 6465]
[6466 6555]
[6556 6655]
[6656 7129]
[7130 7214]
[7215 7285]
[7286 7339]
[7340 7438]
[7439 7499]
[7500 7551]
[7552 7619]
[7620 7682]
[7683 7735]
[7736 7813]
[7814 7885]
[7886 7942]
[7943 7984]
[7985 8414]
[8415 8473]
[8474 8549]
[8550 8578]
[8579 8645]
[8646 8689]
[8690 8767]
[8768 8824]
[8825 8889]
[8890 8955]
[8956 9003]
[9004 9052]
[9053 9107]
[9108 9154]
[9155 9860]
[9861 9959]
[ 9960 10071]
[10072 10106]
[10107 10200]
[10201 10251]
[10252 10276]
[10277 10362]
[10363 10422]
[10423 10458]
[10459 10486]
[10487 10522]
[10523 10557]
[10558 10610]
[10611 10654]
[10655 10693]
[10694 10763]
[10764 10795]
[10796 10829]
[10830 10918]
[10919 10960]
[10961 11029]
[11030 11334]
[11335 11419]
[11420 11517]
[11518 11586]
[11587 11697]
[11698 11765]
[11766 11851]
[11852 11961]
[11962 12554]
[12555 12742]
[12743 12832]
[12833 12969]
[12970 13114]
[13115 13213]
[13214 13257]
[13258 13757]
[13758 13864]
[13865 13957]
[13958 14082]
[14083 14206]
[14207 14336]
[14337 14455]
[14456 14666]
[14667 14756]
[14757 14835]
[14836 15222]
[15223 15299]
[15300 15506]
[15507 15682]
[15683 15996]
[15997 16125]
[16126 16236]
[16237 16352]
[16353 16467]
[16468 16561]
[16562 16635]
[16636 16712]
[16713 16779]
[16780 16896]
[16897 17002]
[17003 17170]
[17171 17274]
[17275 17364]
[17365 17610]
[17611 18084]
[18085 18170]
[18171 18270]
[18271 18352]
[18353 18634]
[18635 18702]
[18703 18726]
[18727 18790]
[18791 18814]
[18815 18857]
[18858 18880]
[18881 18915]
[18916 18948]
[18949 18976]
[18977 19072]
[19073 19324]
[19325 19847]
[19848 20046]
[20047 20436]
[20437 20512]
[20513 20569]
[20570 20634]
[20635 20716]
[20717 20827]
[20828 21004]
[21005 21076]
[21077 21148]
[21149 21374]
[21375 21418]
[21419 21498]
[21499 21577]
[21578 21635]
[21636 21716]
[21717 21802]
[21803 21851]
[21852 21904]
[21905 22308]
[22309 22379]
[22380 22459]
[22460 22531]
[22532 22613]
[22614 22677]
[22678 23004]
[23005 23076]
[23077 23148]
[23149 23239]
[23240 23289]
[23290 23399]
[23400 23523]
[23524 23587]
[23588 23655]
[23656 23995]
[23996 24049]
[24050 24111]
[24112 24214]
[24215 24256]
[24257 24316]
[24317 24359]
[24360 24394]
[24395 24442]
[24443 24488]
[24489 24630]
[24631 24726]
[24727 25018]
[25019 25108]
[25109 25509]
[25510 25576]
[25577 25909]
[25910 25968]
[25969 26045]
[26046 26118]
[26119 26235]
[26236 26297]
[26298 26371]
[26372 26430]
[26431 26498]
[26499 26585]
[26586 26664]
[26665 26709]
[26710 26754]
[26755 26806]
[26807 27236]
[27237 27368]
[27369 27492]
[27493 27563]
[27564 27656]
[27657 27800]
[27801 28006]
[28007 28154]
[28155 28226]
[28227 28295]
[28296 28489]
[28490 28601]
[28602 28842]
[28843 28984]
[28986 29144]
[29145 29274]
[29275 29360]
[29361 29433]
[29434 29534]
[29535 29648]
[29649 29735]
[29736 29882]
[29883 29993]
[29994 30156]
[30157 30241]
[30242 30511]
[30512 30599]
