[  0 357]
[358 416]
[417 465]
[466 494]
[495 517]
[518 548]
[549 571]
[572 613]
[614 669]
[670 792]
[793 843]
[844 998]
[ 999 1606]
[1607 1626]
[1627 1667]
[1668 1742]
[1743 1779]
[1780 1809]
[1810 1852]
[1853 1913]
[1914 2024]
[2025 2072]
[2073 2115]
[2116 2156]
[2157 2217]
[2218 2255]
[2256 2300]
[2301 2368]
[2369 2435]
[2436 2466]
[2467 2535]
[2536 2576]
[2577 2621]
[2622 2669]
[2670 2724]
[2725 2815]
[2816 2865]
[2866 2929]
[2930 3011]
[3012 3091]
[3092 3339]
[3340 3369]
[3370 3403]
[3404 3412]
[3413 3427]
[3428 3448]
[3449 3473]
[3474 3517]
[3518 3536]
[3537 3554]
[3555 3566]
[3567 3591]
[3592 3604]
[3605 3612]
[3613 3624]
[3625 3640]
[3641 3652]
[3653 3674]
[3675 3692]
[3693 3706]
[3707 3724]
[3725 3738]
[3739 3751]
[3752 3764]
[3765 3782]
[3783 3800]
[3801 3821]
[3822 3844]
[3845 3868]
[3869 3885]
[3886 3909]
[3910 3922]
[3923 3942]
[3943 3944]
[3945 4443]
[4444 4512]
[4513 4654]
[4655 4688]
[4689 4750]
[4751 4807]
[4808 4892]
[4893 4944]
[4945 5035]
[5036 5078]
[5079 5117]
[5118 5176]
[5177 5235]
[5236 5291]
[5292 5323]
[5324 5393]
[5394 5455]
[5456 5511]
[5512 5552]
[5553 5603]
[5604 6201]
[6203 6273]
[6274 6345]
[6346 6387]
[6388 6442]
[6443 6485]
[6486 6539]
[6540 6592]
[6593 6642]
[6643 6688]
[6689 6725]
[6726 6856]
[6857 7075]
[7076 7239]
[7240 7265]
[7266 7328]
[7329 7403]
[7404 7417]
[7418 7454]
[7455 7494]
[7495 7567]
[7568 7611]
[7612 7640]
[7641 8129]
[8130 8405]
[8406 8540]
[8541 8710]
[8711 8803]
[8804 8967]
[8968 9061]
[9063 9608]
[9609 9652]
[9653 9709]
[9710 9783]
[9784 9823]
[9824 9908]
[9909 9945]
[9946 9983]
[ 9984 10073]
[10074 10147]
[10148 10196]
[10197 10223]
[10224 10265]
[10266 10382]
[10383 10432]
[10433 10517]
[10518 10605]
[10606 10684]
[10685 10718]
[10719 10767]
[10768 10813]
[10814 10859]
[10860 10913]
[10914 10975]
[10976 11023]
[11024 11166]
[11167 11229]
[11230 11288]
[11289 11348]
[11349 11390]
[11391 11419]
[11420 11443]
[11444 11497]
[11498 11604]
[11605 11919]
[11920 11995]
[11996 12092]
[12093 12193]
[12194 12303]
[12304 12410]
[12411 12495]
[12496 12586]
[12587 12671]
[12672 12759]
[12760 12831]
[12832 12900]
[12901 12990]
[12991 13068]
[13069 13276]
[13277 13334]
[13335 13396]
[13397 13458]
[13459 13566]
[13567 13688]
[13689 13753]
[13754 13806]
[13807 13862]
[13863 14032]
[14033 14105]
[14106 14374]
[14375 15106]
[15107 15256]
[15257 15330]
[15331 15358]
[15359 15457]
[15458 15565]
[15566 15658]
[15659 16119]
[16120 16208]
[16209 16264]
[16265 16339]
[16340 16392]
[16393 16446]
[16447 16545]
[16546 16615]
[16616 16639]
[16640 16767]
[16768 17030]
[17031 17080]
[17081 17125]
[17126 17173]
[17174 17234]
[17235 17301]
[17302 17366]
[17367 17419]
[17420 17473]
[17474 17539]
[17540 17612]
[17613 17687]
[17688 17723]
[17724 17776]
[17777 18017]
[18018 19008]
[19009 19228]
[19229 19340]
[19341 19443]
[19444 19525]
[19526 19604]
[19605 19667]
[19668 19746]
[19747 19814]
[19815 19882]
[19883 19960]
[19961 20041]
[20042 20100]
[20101 20168]
[20169 20229]
[20230 20315]
[20316 20389]
[20390 20455]
[20456 20853]
[20854 20922]
[20923 21043]
[21044 21117]
[21118 21229]
[21230 21339]
[21340 21427]
[21428 21493]
[21494 21549]
[21550 21589]
[21590 21681]
[21682 21764]
[21765 21835]
[21836 21895]
[21896 21943]
[21944 22025]
[22026 22126]
[22127 22188]
[22189 22256]
[22257 22710]
[22711 22739]
[22740 22781]
[22782 22814]
[22815 22847]
[22848 22881]
[22882 22912]
[22913 22948]
[22949 22987]
[22988 23023]
[23024 23057]
[23058 23096]
[23097 23140]
[23141 23205]
[23206 23260]
[23261 23307]
[23308 23364]
[23365 23414]
[23415 23456]
[23457 23574]
[23575 23615]
[23616 23657]
[23658 23712]
[23713 23828]
[23829 23863]
[23864 23909]
[23910 23948]
[23949 23990]
[23991 24104]
[24105 24468]
[24470 24543]
[24544 24604]
[24605 24687]
[24688 24783]
[24784 24986]
[24987 25017]
[25018 25117]
[25118 25204]
[25205 25229]
[25230 25326]
[25327 25500]
[25501 25609]
[25610 25649]
[25650 25688]
[25689 25743]
[25744 25768]
[25769 26242]
[26243 26307]
[26308 26345]
[26346 26382]
[26383 26465]
[26466 26522]
[26523 26566]
[26567 26635]
[26636 26690]
[26691 26732]
[26733 26805]
[26806 26898]
[26899 27003]
[27004 27129]
[27130 27209]
[27210 27334]
[27335 27403]
[27404 27433]
[27434 27503]
[27504 27610]
[27611 27684]
[27685 27837]
[27838 28085]
[28087 28216]
[28217 28248]
[28249 28307]
[28308 28353]
[28354 28433]
[28434 28488]
[28489 28550]
[28551 28674]
[28675 28734]
[28735 28788]
[28789 28884]
[28885 28979]
[28980 29028]
[29029 29082]
[29083 29157]
[29158 29223]
[29224 29320]
[29321 29854]
[29855 30027]
[30028 30107]
[30108 30205]
[30206 30291]
[30292 30369]
[30370 30439]
[30440 30569]
[30570 30725]
[30726 30868]
[30869 31035]
[31036 31225]
[31226 31307]
[31309 31389]
[31390 31462]
[31463 31514]
[31515 31543]
[31544 31702]
[31703 31943]
[31944 32117]
[32118 32190]
[32191 32255]
[32256 32292]
[32293 32462]
[32463 32776]
[32777 32931]
[32932 33016]
[33017 33107]
[33108 33162]
[33163 33248]
[33249 33349]
[33350 33421]
[33422 33691]
[33692 33816]
[33817 33887]
[33888 33951]
[33952 34321]
[34322 34407]
[34408 34641]
[34642 34699]
[34700 34790]
[34791 34882]
[34883 34990]
[34991 35041]
[35042 35138]
[35139 35200]
[35201 35263]
[35264 35344]
[35345 35723]
[35724 35849]
