[  0 316]
[317 375]
[376 410]
[411 440]
[441 470]
[471 502]
[503 529]
[530 559]
[560 591]
[592 626]
[627 687]
[688 721]
[722 751]
[752 817]
[818 845]
[846 950]
[ 951 1224]
[1225 1319]
[1320 1408]
[1409 1477]
[1478 1546]
[1547 1615]
[1616 1686]
[1687 1767]
[1768 1857]
[1858 1952]
[1953 2076]
[2077 2181]
[2182 2269]
[2270 2352]
[2353 2403]
[2404 2495]
[2496 2542]
[2543 3021]
[3022 3063]
[3064 3083]
[3084 3122]
[3123 3169]
[3170 3223]
[3224 3281]
[3282 3333]
[3334 3427]
[3428 3498]
[3499 3569]
[3570 3628]
[3629 3671]
[3672 3799]
[3800 3851]
[3852 3933]
[3934 3967]
[3968 4051]
[4052 4194]
[4195 4244]
[4245 4296]
[4297 4383]
[4384 4506]
[4507 4545]
[4546 4623]
[4624 4666]
[4667 4720]
[4721 4770]
[4771 4847]
[4848 4883]
[4884 4948]
[4949 5009]
[5010 5037]
[5038 5080]
[5081 5144]
[5145 5201]
[5202 5225]
[5226 5274]
[5275 5336]
[5337 5431]
[5432 5785]
[5786 5889]
[5890 5995]
[5996 6023]
[6024 6139]
[6140 6215]
[6216 6322]
[6323 6388]
[6389 6458]
[6459 6487]
[6488 6518]
[6519 6608]
[6609 6639]
[6640 6685]
[6686 6751]
[6752 6781]
[6782 7376]
[7377 7608]
[7609 7756]
[7757 7895]
[7896 8123]
[8124 8270]
[8271 8343]
[8344 8521]
[8522 8628]
[8629 8694]
[8695 8753]
[8754 8923]
[8924 9268]
[ 9269 10233]
[10234 10292]
[10293 10340]
[10341 10368]
[10369 10403]
[10404 10472]
[10473 10513]
[10514 10569]
[10570 10612]
[10613 10646]
[10647 10730]
[10731 11125]
[11126 11200]
[11201 11276]
[11277 11347]
[11348 11413]
[11414 11463]
[11464 11649]
[11650 11758]
[11759 11813]
[11814 11947]
[11948 11995]
[11996 12021]
[12022 12089]
[12090 12188]
[12189 12408]
[12409 12664]
[12665 12827]
[12828 12932]
[12933 13041]
[13042 13092]
[13093 13214]
[13215 13273]
[13274 13450]
[13451 13522]
[13523 13568]
[13569 13590]
[13591 13658]
[13659 13697]
[13698 13752]
[13753 13844]
[13845 13911]
[13912 14005]
[14006 14066]
[14067 14114]
[14115 14134]
[14135 14248]
[14249 14353]
[14354 14665]
[14666 14809]
[14810 14866]
[14867 14936]
[14937 14998]
[14999 15100]
[15101 15156]
[15157 15206]
[15207 15245]
[15246 15306]
[15307 15355]
[15356 15376]
[15377 15434]
[15435 15452]
[15453 15486]
[15487 15533]
[15534 15865]
[15866 15924]
[15925 15994]
[15995 16066]
[16067 16137]
[16138 16198]
[16199 16261]
[16262 16337]
[16338 16418]
[16419 16491]
[16492 16568]
[16569 16639]
[16640 16703]
[16704 16782]
[16783 16859]
[16860 16906]
[16907 16960]
[16961 17189]
[17190 17291]
[17292 17423]
[17424 17446]
[17447 17505]
[17506 17564]
[17565 17660]
[17661 17678]
[17679 17750]
[17751 17791]
[17792 17853]
[17854 17890]
[17891 18084]
[18085 18146]
[18147 18191]
[18192 18220]
[18221 18243]
[18244 18264]
[18265 18299]
[18300 18326]
[18327 18359]
[18360 18394]
[18395 18423]
[18424 18516]
[18517 18874]
[18875 18991]
[18992 19128]
[19129 19223]
[19224 19297]
[19298 19359]
[19360 19421]
[19422 19498]
[19499 19584]
[19585 19665]
[19666 19791]
[19792 19863]
[19864 19926]
[19927 20005]
[20006 20100]
[20101 20525]
[20526 20657]
[20658 20734]
[20735 21036]
[21037 21085]
[21086 21272]
[21273 21325]
[21326 21393]
[21394 21467]
[21468 21510]
[21511 21560]
[21561 21597]
[21598 21856]
[21857 21932]
[21933 22049]
[22050 22134]
[22135 22401]
[22402 22484]
[22485 22539]
[22540 22621]
[22622 22680]
[22681 22724]
[22725 22830]
[22831 22905]
[22906 22981]
[22982 23014]
[23015 23071]
[23072 23134]
[23135 23178]
[23179 23223]
[23224 23278]
[23279 23316]
[23317 23379]
[23380 23432]
[23433 23463]
[23464 23512]
[23513 23764]
[23765 23835]
[23836 23923]
[23924 24001]
[24002 24111]
[24112 24179]
[24180 24202]
[24203 24311]
[24312 24464]
[24465 24551]
[24552 24655]
[24656 24762]
[24763 24803]
[24804 24834]
[24835 24866]
[24867 24931]
[24932 25233]
[25235 25318]
[25319 25404]
[25405 25492]
[25493 25579]
[25580 25647]
[25648 25729]
[25730 25810]
[25811 25907]
[25908 25995]
[25996 26070]
[26071 26168]
[26169 26271]
[26272 26335]
[26336 26389]
[26390 26789]
[26790 26840]
[26841 26918]
[26919 26999]
[27000 27100]
[27101 27174]
[27175 27327]
[27328 27529]
[27530 27622]
[27623 27695]
[27696 27784]
[27785 27849]
[27850 28300]
[28301 28456]
[28457 28547]
[28548 28726]
[28727 28898]
[28899 29050]
[29051 29142]
[29143 29236]
[29237 29296]
[29297 29454]
[29455 29630]
[29631 30031]
[30032 30149]
