[0 3]
[ 4 57]
[ 58 395]
[396 448]
[449 503]
[504 534]
[535 575]
[576 610]
[611 645]
[646 696]
[697 723]
[724 765]
[766 877]
[ 878 1198]
[1199 1320]
[1321 1362]
[1363 1399]
[1400 1452]
[1453 1508]
[1509 1580]
[1581 1653]
[1654 1721]
[1722 1766]
[1767 1823]
[1824 1895]
[1896 2006]
[2007 2062]
[2063 2122]
[2123 2175]
[2176 2216]
[2217 2274]
[2275 2317]
[2318 2348]
[2349 2708]
[2709 2747]
[2748 2804]
[2805 2867]
[2868 2914]
[2915 2964]
[2965 3021]
[3022 3110]
[3111 3176]
[3177 3299]
[3300 3394]
[3395 3526]
[3527 3974]
[3975 4022]
[4023 4080]
[4081 4107]
[4108 4155]
[4156 4191]
[4192 4238]
[4239 4281]
[4282 4308]
[4309 4353]
[4354 4405]
[4406 4449]
[4450 4485]
[4486 4538]
[4539 4607]
[4608 4661]
[4662 4710]
[4711 4778]
[4779 4833]
[4834 4898]
[4899 4995]
[4996 5125]
[5126 5238]
[5239 5316]
[5317 5329]
[5330 5373]
[5374 5395]
[5396 5417]
[5418 5447]
[5448 5472]
[5473 5506]
[5507 5544]
[5545 5593]
[5594 5668]
[5669 5738]
[5739 5805]
[5806 5851]
[5852 5927]
[5928 5999]
[6000 6097]
[6098 6149]
[6151 6206]
[6207 6245]
[6246 6315]
[6316 6349]
[6350 6837]
[6838 6875]
[6876 6921]
[6922 6981]
[6982 7015]
[7016 7053]
[7054 7091]
[7092 7128]
[7129 7173]
[7174 7200]
[7201 7279]
[7280 7327]
[7328 7371]
[7372 7409]
[7410 7456]
[7457 7651]
[7652 7697]
[7698 7761]
[7762 7801]
[7802 7863]
[7864 7913]
[7914 7954]
[7955 7988]
[7989 8025]
[8026 8068]
[8069 8113]
[8114 8152]
[8153 8200]
[8201 8565]
[8566 8634]
[8635 8707]
[8708 8761]
[8762 8803]
[8804 8856]
[8857 8908]
[8909 8974]
[8975 9017]
[9018 9073]
[9074 9122]
[9123 9186]
[9187 9227]
[9228 9274]
[9275 9326]
[9327 9365]
[9366 9435]
[9436 9488]
[9489 9536]
[9537 9590]
[9591 9645]
[9646 9687]
[9688 9766]
[9767 9819]
[9820 9853]
[9854 9916]
[9917 9953]
[9954 9999]
[10000 10064]
[10065 10139]
[10140 10261]
[10262 10514]
[10515 10585]
[10586 10648]
[10649 10724]
[10725 10768]
[10769 10833]
[10834 10930]
[10931 11005]
[11006 11072]
[11073 11136]
[11137 11280]
[11281 11359]
[11360 11366]
[11367 11432]
[11433 11673]
[11674 11763]
[11764 12009]
[12010 12088]
[12089 12148]
[12149 12210]
[12211 12428]
[12429 12467]
[12468 12867]
[12868 13083]
[13084 13209]
[13210 13339]
[13340 13457]
[13459 13588]
[13589 13710]
[13712 13835]
[13837 13960]
[13962 14044]
[14045 14103]
[14104 14407]
[14408 14437]
[14438 14487]
[14488 14708]
[14709 14819]
[14820 14894]
[14895 14991]
[14992 15075]
[15076 15183]
[15184 15233]
[15234 15282]
[15283 15326]
[15327 15757]
[15758 15809]
[15810 15852]
[15853 15919]
[15920 15948]
[15949 15990]
[15991 16063]
[16064 16186]
[16187 16375]
[16376 16434]
[16435 16534]
[16535 16582]
[16583 16668]
[16669 16738]
[16739 16816]
[16817 16840]
[16841 17092]
[17093 17785]
[17786 17949]
[17950 18156]
[18157 18224]
[18225 18525]
[18526 18565]
[18566 18633]
[18634 18660]
[18661 18697]
[18698 18751]
[18752 18795]
[18796 18847]
[18848 18894]
[18895 18921]
[18922 18952]
[18953 18985]
[18986 19011]
[19012 19056]
[19057 19105]
[19106 19141]
[19142 19233]
[19234 19494]
[19495 19576]
[19577 19664]
[19665 19747]
[19748 19822]
[19823 19903]
[19904 20015]
[20016 20079]
[20080 20222]
[20223 20275]
[20276 20360]
[20361 20455]
[20456 20534]
[20535 20599]
[20600 20717]
[20718 21136]
[21137 22404]
[22405 22768]
[22769 23094]
[23095 23164]
[23165 23217]
[23218 23261]
[23262 23311]
[23312 23377]
[23378 23532]
[23533 23589]
[23590 23639]
[23640 23800]
[23801 23904]
[23905 24001]
[24002 24093]
[24094 24175]
[24176 24633]
[24634 24735]
[24736 24877]
[24878 25037]
[25038 25169]
[25170 25342]
[25343 25445]
[25446 25577]
[25578 25699]
[25700 25852]
[25853 26213]
[26214 26516]
[26517 26671]
[26672 26751]
[26752 26804]
[26805 26853]
[26854 26901]
[26902 27162]
[27163 27271]
[27272 27340]
[27341 27415]
[27416 27512]
[27513 27558]
[27559 27970]
[27971 28057]
[28058 28091]
[28092 28132]
[28133 28181]
[28182 28202]
[28203 28254]
[28255 28357]
[28358 28665]
[28666 28714]
[28715 28782]
[28783 28841]
[28842 28873]
[28874 28953]
[28954 29007]
[29008 29071]
[29072 29135]
[29136 29194]
[29195 29357]
[29358 29617]
[29618 29703]
[29704 29744]
[29745 29781]
[29782 29840]
[29841 29886]
[29887 29971]
[29972 30010]
[30011 30065]
[30066 30173]
[30174 30218]
[30219 30285]
[30286 30339]
[30340 30387]
[30388 31017]
[31019 31099]
