[ 0 35]
[ 36 347]
[348 402]
[403 438]
[439 469]
[470 500]
[501 529]
[530 559]
[560 588]
[589 619]
[620 653]
[654 693]
[694 727]
[728 755]
[756 774]
[775 845]
[ 846 1277]
[1278 1342]
[1343 1414]
[1415 1476]
[1477 1540]
[1541 1589]
[1590 1622]
[1623 1744]
[1745 1791]
[1792 1930]
[1931 2012]
[2013 2292]
[2293 2512]
[2513 2576]
[2577 2633]
[2634 2701]
[2702 2772]
[2773 2835]
[2836 2854]
[2855 3212]
[3213 3262]
[3263 3327]
[3328 3382]
[3383 3458]
[3459 3811]
[3812 3886]
[3887 3952]
[3953 4006]
[4007 4053]
[4054 4116]
[4117 4163]
[4164 4415]
[4416 4478]
[4479 4544]
[4545 4583]
[4584 4624]
[4625 4677]
[4678 5015]
[5016 5082]
[5083 5131]
[5132 5183]
[5184 5219]
[5220 5277]
[5278 5306]
[5307 5353]
[5354 5398]
[5399 5686]
[5687 5869]
[5870 5901]
[5902 5944]
[5945 6141]
[6142 6189]
[6190 6235]
[6236 6285]
[6286 6354]
[6355 6406]
[6407 6450]
[6451 6495]
[6496 6525]
[6526 6980]
[6981 7120]
[7121 7479]
[7480 7725]
[7726 7800]
[7801 7934]
[7935 8010]
[8011 8112]
[8113 8194]
[8195 8269]
[8270 8348]
[8349 8448]
[8449 8552]
[8553 8587]
[8588 8625]
[8626 8686]
[8687 8744]
[8745 8815]
[8816 8878]
[8879 8922]
[8923 8987]
[8988 9043]
[9044 9079]
[9080 9114]
[9115 9161]
[9162 9188]
[9189 9251]
[9252 9290]
[9291 9334]
[9335 9386]
[9387 9446]
[9447 9489]
[9490 9520]
[9521 9566]
[9567 9606]
[9607 9661]
[9662 9706]
[9707 9740]
[9741 9827]
[ 9828 10160]
[10161 10252]
[10253 10340]
[10341 10424]
[10425 10499]
[10500 10579]
[10580 10650]
[10651 10722]
[10723 10806]
[10807 10890]
[10891 11039]
[11040 11572]
[11573 11970]
[11971 12262]
[12263 12309]
[12310 12386]
[12387 12511]
[12512 12568]
[12569 13008]
[13009 13077]
[13078 13143]
[13144 13313]
[13314 13384]
[13385 13489]
[13490 13522]
[13523 13583]
[13584 13637]
[13638 13706]
[13707 13774]
[13775 13839]
[13840 13902]
[13903 13957]
[13958 14019]
[14020 14069]
[14070 14141]
[14142 14210]
[14211 14329]
[14330 14601]
[14602 14684]
[14685 14764]
[14765 14884]
[14885 14984]
[14985 15084]
[15085 15174]
[15175 15284]
[15285 15388]
[15389 15489]
[15490 15554]
[15555 15677]
[15678 15757]
[15758 15817]
[15818 15967]
[15968 16014]
[16015 16419]
[16420 16488]
[16489 16534]
[16535 16601]
[16602 16681]
[16682 16766]
[16767 16858]
[16859 16901]
[16902 16954]
[16955 17018]
[17019 17069]
[17070 17130]
[17131 17172]
[17173 17241]
[17242 17288]
[17289 17360]
[17361 17472]
[17473 17510]
[17511 17656]
[17657 17714]
[17715 17826]
[17827 17860]
[17861 17894]
[17895 17969]
[17970 18032]
[18033 18155]
[18156 18386]
[18387 18819]
[18820 18874]
[18875 19428]
[19429 19550]
[19551 19659]
[19660 19694]
[19695 19753]
[19754 20018]
[20019 20451]
[20452 20605]
[20606 20781]
[20782 20977]
[20978 21052]
[21053 21141]
[21142 21240]
[21241 21308]
[21309 21495]
[21496 21558]
[21559 21603]
[21604 21667]
[21668 21983]
[21984 22166]
[22167 22619]
[22620 22716]
[22717 22862]
[22863 23106]
[23107 23508]
[23509 23559]
[23560 23627]
[23628 23746]
[23747 23813]
[23814 24046]
[24047 24154]
[24155 24332]
[24333 24604]
[24605 24640]
[24641 24730]
[24731 24774]
[24775 25177]
[25178 25270]
[25271 25299]
[25300 25342]
[25343 25405]
[25406 25439]
[25440 25543]
[25544 25598]
[25599 25680]
[25681 25755]
[25756 25808]
[25809 25891]
[25892 26006]
[26007 26032]
[26033 26082]
[26083 26156]
[26157 26213]
[26214 26269]
[26270 26357]
[26358 26435]
[26436 26512]
[26513 26542]
[26543 26846]
[26847 27312]
[27313 27337]
[27338 27768]
[27769 27790]
[27791 27971]
[27972 28017]
[28018 28114]
[28115 28266]
[28267 28390]
[28391 28524]
[28525 28961]
[28962 29449]
