[ 0 14]
[ 15 255]
[256 311]
[312 347]
[348 405]
[406 438]
[439 477]
[478 528]
[529 562]
[563 606]
[607 645]
[646 687]
[688 731]
[732 776]
[777 892]
[ 893 1498]
[1499 1761]
[1762 2011]
[2012 2153]
[2154 2428]
[2429 3004]
[3005 3072]
[3073 3164]
[3165 3238]
[3239 3306]
[3307 3383]
[3384 3452]
[3453 3525]
[3526 3597]
[3598 3669]
[3670 3729]
[3730 3774]
[3775 3829]
[3830 3890]
[3891 3949]
[3950 4011]
[4012 4193]
[4194 4261]
[4262 4300]
[4301 4800]
[4801 4843]
[4844 4883]
[4884 4945]
[4946 4991]
[4992 5017]
[5018 5065]
[5066 5108]
[5109 5152]
[5153 5190]
[5191 5225]
[5226 5271]
[5272 5309]
[5310 5375]
[5376 5445]
[5446 5462]
[5463 5521]
[5522 5550]
[5551 5606]
[5607 5779]
[5780 5965]
[5966 6089]
[6090 6136]
[6137 6211]
[6212 6298]
[6299 6423]
[6424 6548]
[6549 6597]
[6598 6712]
[6713 6826]
[6827 7184]
[7185 7283]
[7284 7587]
[7589 7730]
[7731 7796]
[7797 7828]
[7829 7930]
[7931 8003]
[8004 8065]
[8066 8167]
[8168 8224]
[8225 8258]
[8259 8284]
[8285 8327]
[8328 8377]
[8378 8416]
[8417 8477]
[8478 8526]
[8527 8547]
[8548 8605]
[8606 8623]
[8624 8657]
[8658 9251]
[9252 9302]
[9303 9352]
[9353 9416]
[9417 9492]
[9493 9529]
[9530 9559]
[9560 9640]
[9641 9717]
[9718 9783]
[9784 9833]
[9834 9882]
[9883 9917]
[9918 9980]
[9981 9985]
[ 9986 10091]
[10092 10128]
[10129 10409]
[10410 10461]
[10462 10532]
[10533 10591]
[10592 10654]
[10655 10712]
[10713 11201]
[11202 11222]
[11223 11325]
[11326 11400]
[11401 11520]
[11521 11557]
[11558 11646]
[11647 11836]
[11837 11953]
[11954 12068]
[12069 12160]
[12161 12254]
[12255 12309]
[12310 12480]
[12481 12713]
[12714 12848]
[12849 12923]
[12924 13014]
[13015 13094]
[13095 13185]
[13186 13296]
[13297 13425]
[13426 13649]
[13650 13933]
[13934 13993]
[13994 14032]
[14034 14073]
[14074 14121]
[14122 14221]
[14222 14266]
[14267 14319]
[14320 14356]
[14357 14414]
[14415 14614]
[14615 14703]
[14704 15114]
[15115 15572]
[15573 15817]
[15818 15998]
[15999 16138]
[16139 16457]
[16458 16509]
[16510 16571]
[16572 17011]
[17012 17125]
[17126 17250]
[17251 17507]
[17508 17635]
[17636 17755]
[17756 17819]
[17820 17920]
[17921 18399]
[18400 18472]
[18473 18527]
[18528 18580]
[18581 18688]
[18689 18772]
[18773 18880]
[18881 19144]
[19145 19253]
[19254 19337]
[19338 19461]
[19462 19499]
[19500 19616]
[19617 19849]
[19851 20030]
[20031 20156]
[20157 20241]
[20243 20326]
[20327 20395]
[20396 20494]
[20496 20888]
[20889 20988]
[20989 21156]
[21157 21244]
[21245 21389]
[21390 21446]
[21447 21509]
[21510 21565]
[21566 21629]
[21630 21740]
[21741 21772]
[21773 21837]
[21838 21926]
[21927 22356]
[22358 22466]
[22467 22557]
[22558 22634]
[22635 22749]
[22750 22868]
[22869 22999]
[23000 23093]
[23094 23207]
[23208 23409]
[23410 23509]
[23510 23618]
[23620 23673]
[23674 24026]
[24028 24078]
[24079 24262]
[24263 24328]
[24329 24415]
[24416 24558]
[24559 24710]
[24711 24761]
[24762 24810]
[24811 24875]
[24876 24935]
[24936 24996]
[24997 25431]
[25432 25766]
[25767 25871]
[25872 25927]
[25928 26103]
[26104 26253]
[26254 26388]
[26389 26439]
[26440 26492]
[26493 26610]
[26611 26624]
[26625 26750]
[26751 26918]
[26919 27177]
[27178 27229]
[27230 27373]
[27374 27457]
[27458 27628]
[27629 27678]
[27679 27903]
[27904 27999]
