[ 0 14]
[ 15 496]
[497 553]
[554 589]
[590 623]
[624 681]
[682 687]
[688 739]
[740 765]
[766 792]
[793 822]
[823 886]
[ 887 1026]
[1027 1520]
[1521 1563]
[1564 1631]
[1632 1711]
[1712 1810]
[1811 2015]
[2016 2089]
[2090 2154]
[2155 2200]
[2201 2258]
[2259 2330]
[2331 2418]
[2419 2514]
[2515 2589]
[2590 2740]
[2741 2838]
[2839 2883]
[2884 2927]
[2928 3029]
[3030 3451]
[3452 3526]
[3527 3588]
[3589 3642]
[3643 3721]
[3722 3791]
[3792 3855]
[3856 3901]
[3902 3957]
[3958 4005]
[4006 4088]
[4089 4142]
[4143 4199]
[4200 4507]
[4508 4553]
[4554 4599]
[4600 4637]
[4638 4683]
[4684 4731]
[4732 4766]
[4767 4791]
[4792 4821]
[4822 4841]
[4842 4869]
[4870 4924]
[4925 4955]
[4956 5185]
[5186 5222]
[5223 5273]
[5274 5320]
[5321 5351]
[5352 5383]
[5384 5424]
[5425 5474]
[5475 5575]
[5576 5630]
[5631 5745]
[5746 5800]
[5801 5854]
[5855 5898]
[5899 5969]
[5970 6122]
[6123 6409]
[6410 6444]
[6445 6539]
[6540 6563]
[6564 6652]
[6653 6685]
[6686 6742]
[6743 6785]
[6786 6835]
[6836 6949]
[6950 6989]
[6990 7216]
[7217 7277]
[7278 7336]
[7337 7381]
[7382 7521]
[7522 7770]
[7771 8174]
[8175 8207]
[8208 8261]
[8262 8313]
[8314 8364]
[8365 8443]
[8444 8508]
[8509 8605]
[8606 8632]
[8633 8677]
[8678 8738]
[8739 8791]
[8792 8845]
[8846 8872]
[8873 8915]
[8916 8965]
[8966 9010]
[9011 9044]
[9045 9115]
[9116 9139]
[9140 9167]
[9168 9198]
[9199 9250]
[9251 9309]
[9310 9378]
[9379 9427]
[9428 9459]
[9460 9513]
[9514 9541]
[9542 9567]
[ 9568 10006]
[10007 10442]
[10443 10532]
[10533 10577]
[10578 10648]
[10649 10676]
[10677 10698]
[10699 10725]
[10726 10785]
[10786 10846]
[10847 10887]
[10888 10998]
[10999 11084]
[11085 11124]
[11125 11201]
[11202 11251]
[11252 11405]
[11406 11582]
[11583 11637]
[11638 11684]
[11685 11743]
[11744 11784]
[11785 11817]
[11818 11847]
[11848 11914]
[11915 11965]
[11966 12077]
[12078 12588]
[12589 12811]
[12812 13006]
[13007 13099]
[13100 13210]
[13211 13399]
[13400 13586]
[13587 13771]
[13772 14209]
[14211 14279]
[14280 14826]
[14828 15077]
[15078 15141]
[15142 15196]
[15197 15268]
[15269 15387]
[15388 15439]
[15440 15568]
[15569 15635]
[15636 15708]
[15709 15782]
[15783 15844]
[15845 15904]
[15905 15939]
[15940 15976]
[15977 16371]
[16372 16457]
[16458 16524]
[16525 16575]
[16576 16639]
[16640 16700]
[16701 16763]
[16764 16803]
[16804 16865]
[16866 16905]
[16906 16981]
[16982 17047]
[17048 17089]
[17090 17161]
[17162 17240]
[17241 17278]
[17279 17627]
[17628 17702]
[17703 17774]
[17775 17877]
[17878 18037]
[18038 18312]
[18313 18624]
[18625 18690]
[18691 18823]
[18824 18866]
[18867 18943]
[18944 19029]
[19030 19065]
[19066 19120]
[19121 19157]
[19158 19210]
[19211 19272]
[19273 19322]
[19323 19367]
[19368 19430]
[19431 19493]
[19494 19545]
[19546 19795]
[19796 19803]
[19804 19894]
[19895 19929]
[19930 20004]
[20005 20059]
[20060 20117]
[20118 20175]
[20176 20203]
[20204 20229]
[20230 20270]
[20271 20314]
[20315 20360]
[20361 20422]
[20423 20594]
[20595 20736]
[20737 20896]
[20897 20968]
[20969 21038]
[21039 21110]
[21111 21172]
[21173 21213]
[21214 21284]
[21285 21728]
[21729 21775]
[21776 21864]
[21865 21918]
[21919 21973]
[21974 22040]
[22041 22094]
[22095 22138]
[22139 22232]
[22233 22377]
[22378 22406]
[22407 22455]
[22456 22509]
[22510 22554]
[22555 22615]
[22616 22664]
[22665 22713]
[22714 23098]
[23099 23153]
[23154 23254]
[23255 23446]
[23447 23559]
[23560 23783]
[23784 23911]
[23912 23986]
[23987 24443]
[24444 24764]
[24765 24999]
