[ 0 35]
[ 36 296]
[297 343]
[344 386]
[387 420]
[421 475]
[476 518]
[519 542]
[543 622]
[623 668]
[669 722]
[724 751]
[752 791]
[792 923]
[ 924 1242]
[1243 1295]
[1296 1349]
[1350 1411]
[1412 1452]
[1453 1543]
[1544 1629]
[1630 1695]
[1696 1735]
[1736 1784]
[1785 1855]
[1856 1939]
[1940 2005]
[2006 2071]
[2072 2117]
[2118 2200]
[2201 2283]
[2284 2362]
[2363 2408]
[2409 2486]
[2487 2549]
[2550 2599]
[2600 2643]
[2644 2676]
[2677 2702]
[2703 3053]
[3054 3140]
[3141 3218]
[3219 3287]
[3288 3357]
[3358 3458]
[3459 3686]
[3687 3807]
[3808 3842]
[3843 4450]
[4451 4515]
[4516 4546]
[4547 4615]
[4616 4659]
[4660 4738]
[4739 4771]
[4772 4797]
[4798 4823]
[4824 4827]
[4828 4883]
[4884 4920]
[4921 4939]
[4940 4980]
[4981 4985]
[4986 5029]
[5030 5056]
[5057 5097]
[5098 5143]
[5144 5193]
[5194 5439]
[5440 5541]
[5542 5603]
[5604 5669]
[5670 5731]
[5732 5780]
[5781 5818]
[5819 5869]
[5870 5909]
[5910 5932]
[5933 6411]
[6412 6488]
[6489 6538]
[6539 6564]
[6565 6637]
[6638 6696]
[6697 6750]
[6751 6886]
[6887 6925]
[6926 6969]
[6970 7083]
[7084 7137]
[7138 7186]
[7187 7301]
[7302 7365]
[7366 7419]
[7420 7507]
[7508 7538]
[7539 7587]
[7588 7608]
[7609 7669]
[7670 7712]
[7713 7784]
[7785 7810]
[7811 7874]
[7875 7918]
[7919 7952]
[7953 8032]
[8033 8729]
[8730 8759]
[8760 8837]
[8838 8858]
[8859 8874]
[8875 8933]
[8934 8995]
[8996 9070]
[9071 9142]
[9143 9182]
[9183 9572]
[9573 9649]
[9650 9712]
[9713 9743]
[9744 9855]
[9856 9894]
[9895 9955]
[9956 9988]
[ 9989 10061]
[10062 10133]
[10134 10195]
[10196 10217]
[10218 10339]
[10340 10570]
[10571 10670]
[10671 10706]
[10707 10755]
[10756 10793]
[10794 10849]
[10850 10892]
[10893 10952]
[10953 11014]
[11015 11030]
[11031 11120]
[11121 11156]
[11157 11189]
[11190 11200]
[11201 11216]
[11217 11277]
[11278 11306]
[11307 11359]
[11360 11383]
[11384 11419]
[11420 11453]
[11454 11507]
[11508 11557]
[11558 11573]
[11574 11601]
[11602 11652]
[11653 11691]
[11692 11752]
[11753 11811]
[11812 11853]
[11854 11896]
[11897 11941]
[11942 11975]
[11976 12015]
[12016 12072]
[12073 12104]
[12105 12131]
[12132 12173]
[12174 12233]
[12234 12254]
[12255 12283]
[12284 12338]
[12339 12365]
[12366 12413]
[12414 12431]
[12432 12482]
[12483 12583]
[12584 12671]
[12672 13211]
[13212 13282]
[13283 13318]
[13319 13330]
[13331 13357]
[13358 13427]
[13428 13493]
[13494 13557]
[13558 13651]
[13652 13703]
[13704 13902]
[13903 14008]
[14009 14114]
[14115 14201]
[14202 14265]
[14266 14743]
[14744 14793]
[14794 14830]
[14831 14885]
[14886 14948]
[14949 14986]
[14987 15058]
[15059 15108]
[15109 15121]
[15122 15205]
[15206 15277]
[15278 15351]
[15352 15412]
[15413 15474]
[15475 15537]
[15538 15601]
[15602 15669]
[15670 15734]
[15735 15800]
[15801 15858]
[15859 15891]
[15892 16058]
[16059 16125]
[16126 16177]
[16178 16245]
[16246 16607]
[16608 16726]
[16727 16771]
[16772 16843]
[16844 16906]
[16907 16972]
[16973 17020]
[17021 17127]
[17128 17165]
[17166 17212]
[17213 17249]
[17250 17299]
[17300 17331]
[17332 17390]
[17391 17432]
[17433 17490]
[17491 17545]
[17546 17611]
[17612 17733]
[17734 17799]
[17800 18030]
[18031 18061]
[18062 18159]
[18160 18285]
[18286 18404]
[18405 18436]
[18437 18579]
[18580 18709]
[18710 18810]
[18811 18934]
[18935 19182]
[19183 19225]
[19226 19465]
[19466 19564]
[19565 19651]
[19652 19705]
[19706 19811]
[19812 19867]
[19868 19926]
[19927 19972]
[19973 20017]
[20018 20244]
[20245 20816]
[20817 21012]
[21013 21166]
[21167 21422]
[21423 21472]
[21473 21761]
[21762 21828]
[21829 21905]
[21906 21934]
[21935 22014]
[22015 22070]
[22071 22134]
[22135 22188]
[22189 22231]
[22232 22282]
[22283 22345]
[22346 22419]
[22420 22511]
[22512 22576]
[22577 22629]
[22630 22899]
[22900 23012]
[23013 23094]
[23095 23184]
[23185 23264]
[23265 23363]
[23364 23423]
[23424 23498]
[23499 23755]
[23756 23798]
[23799 23840]
[23841 23885]
[23886 23925]
[23926 24010]
[24011 24063]
[24064 24108]
[24109 24159]
[24160 24200]
[24201 24238]
[24239 24288]
[24289 24338]
[24339 24383]
[24384 24432]
[24433 24521]
[24522 24584]
[24585 24630]
[24631 24925]
[24926 24960]
[24961 25071]
[25072 25128]
[25129 25270]
[25271 25320]
[25321 25431]
[25432 25545]
[25546 25655]
[25656 25717]
[25718 25755]
[25756 25867]
[25868 25909]
[25910 25961]
[25962 26060]
[26061 26129]
[26130 26194]
[26195 26236]
[26237 26282]
[26283 26316]
[26317 26418]
[26419 26488]
[26489 26770]
[26771 26821]
[26822 26969]
[26970 27058]
[27059 27119]
[27120 27183]
[27184 27301]
[27302 27400]
[27401 27523]
[27524 27636]
[27637 27762]
[27763 27833]
[27834 28222]
[28223 28299]
