[ 0 31]
[ 32 363]
[364 415]
[416 458]
[459 495]
[496 582]
[583 611]
[612 706]
[707 748]
[749 852]
[853 900]
[901 993]
[ 994 1532]
[1533 1575]
[1576 1617]
[1618 1705]
[1706 1784]
[1785 1869]
[1870 1955]
[1956 2167]
[2168 2232]
[2233 2266]
[2267 2319]
[2320 2389]
[2390 2453]
[2454 2516]
[2517 2577]
[2578 2619]
[2620 2683]
[2684 2741]
[2742 2805]
[2806 2871]
[2872 2933]
[2934 2984]
[2985 3037]
[3038 3091]
[3092 3155]
[3156 3496]
[3497 3608]
[3609 3672]
[3673 3761]
[3762 3830]
[3831 3932]
[3933 4013]
[4014 4075]
[4076 4236]
[4237 4329]
[4330 4397]
[4398 4477]
[4478 4507]
[4508 4577]
[4578 4652]
[4653 4691]
[4692 4744]
[4745 4811]
[4812 4905]
[4906 4971]
[4972 5008]
[5009 5012]
[5013 5359]
[5360 5458]
[5459 5505]
[5506 5557]
[5558 5607]
[5608 5659]
[5660 5778]
[5779 5843]
[5844 5906]
[5907 5978]
[5979 6049]
[6050 6134]
[6135 6199]
[6200 6255]
[6256 6311]
[6312 6353]
[6354 6395]
[6396 6911]
[6912 6982]
[6984 7057]
[7058 7282]
[7284 7357]
[7358 7432]
[7434 7507]
[7508 7732]
[7734 7807]
[7808 7882]
[7884 7957]
[7958 8182]
[8184 8225]
[8226 8597]
[8598 8676]
[8677 8767]
[8768 8856]
[8857 8929]
[8930 9019]
[9020 9049]
[9050 9116]
[9117 9174]
[9175 9265]
[9266 9356]
[9357 9445]
[9446 9538]
[9539 9669]
[9670 9753]
[9754 9842]
[9843 9898]
[9899 9984]
[ 9985 10131]
[10132 10211]
[10212 10321]
[10322 10406]
[10407 10481]
[10482 10550]
[10551 10616]
[10617 10678]
[10679 10724]
[10725 10774]
[10775 10841]
[10842 10904]
[10905 10956]
[10957 11048]
[11049 11130]
[11131 11210]
[11211 11277]
[11278 11338]
[11339 11400]
[11401 11417]
[11418 11543]
[11544 11570]
[11571 11631]
[11632 11680]
[11681 11712]
[11713 11754]
[11755 11805]
[11806 11845]
[11846 11877]
[11878 11912]
[11913 11950]
[11951 11985]
[11986 12032]
[12033 12075]
[12076 12118]
[12119 12150]
[12151 12244]
[12245 12559]
[12560 12827]
[12828 12991]
[12992 13209]
[13210 13400]
[13401 13719]
[13720 13814]
[13815 14021]
[14022 14187]
[14188 14584]
[14585 14658]
[14659 14733]
[14734 14802]
[14803 14877]
[14878 14941]
[14942 15069]
[15070 15169]
[15170 15248]
[15249 15305]
[15306 15361]
[15362 15405]
[15406 15453]
[15454 15825]
[15826 15920]
[15921 16022]
[16023 16158]
[16159 16251]
[16252 16354]
[16355 16457]
[16458 16573]
[16574 16638]
[16639 16725]
[16726 16812]
[16813 17019]
[17020 17049]
[17050 17165]
[17166 17193]
[17194 17291]
[17292 17336]
[17337 17416]
[17417 17704]
[17705 17784]
[17785 17870]
[17871 17941]
[17942 18040]
[18041 18134]
[18135 18212]
[18213 18291]
[18292 18377]
[18378 18442]
[18443 18525]
[18526 18585]
[18586 19076]
[19077 19293]
[19294 19377]
[19378 19457]
[19458 19538]
[19539 19608]
[19609 19683]
[19684 19799]
[19800 19877]
[19878 19933]
[19934 20077]
[20078 20131]
[20132 20173]
[20174 20208]
[20209 20243]
[20244 20277]
[20278 20311]
[20312 20374]
[20375 20414]
[20415 20484]
[20485 20571]
[20572 20878]
[20879 21054]
[21055 21127]
[21128 21350]
[21351 21444]
[21445 21675]
[21676 21758]
[21759 21877]
[21878 21978]
[21979 22051]
[22052 22118]
[22119 22153]
[22154 22207]
[22208 22616]
[22617 22707]
[22708 22782]
[22783 22912]
[22913 23039]
[23040 23159]
[23160 23225]
[23226 23377]
[23378 23481]
[23482 23599]
[23600 23719]
[23720 23751]
[23752 23844]
[23845 24051]
[24052 24425]
[24426 24515]
[24516 24656]
[24657 24862]
[24863 25204]
[25205 25287]
[25288 25349]
[25350 25479]
[25480 25581]
[25582 25749]
[25750 25816]
[25817 25875]
[25876 25983]
[25984 26008]
[26009 26405]
[26406 26505]
[26506 26556]
[26557 26693]
[26694 26800]
[26801 26959]
[26960 27088]
[27089 27178]
[27179 27280]
[27281 27416]
[27417 27547]
[27548 27667]
[27668 27751]
[27752 27835]
[27836 28244]
[28245 28362]
[28363 28398]
[28399 28510]
[28511 28660]
[28661 28771]
[28772 28865]
[28866 28905]
[28906 29139]
[29140 29325]
[29326 29427]
[29428 29429]
[29430 29485]
[29486 29612]
[29613 30001]
[30002 30049]
