[ 0 44]
[ 45 401]
[402 451]
[452 494]
[495 531]
[532 618]
[619 653]
[654 742]
[743 784]
[785 814]
[815 867]
[ 868 1282]
[1283 1345]
[1346 1391]
[1392 1425]
[1426 1470]
[1471 1516]
[1517 1558]
[1559 1629]
[1630 1720]
[1721 1817]
[1818 1864]
[1865 1916]
[1917 1982]
[1983 2019]
[2020 2048]
[2049 2112]
[2113 2176]
[2177 2231]
[2232 2284]
[2285 2353]
[2354 2438]
[2439 2532]
[2533 2637]
[2638 2710]
[2711 3121]
[3122 3150]
[3151 3204]
[3205 3269]
[3270 3309]
[3310 3376]
[3377 3605]
[3606 3650]
[3651 3694]
[3695 3730]
[3731 3765]
[3766 3810]
[3811 3882]
[3883 3938]
[3939 4010]
[4011 4061]
[4062 4112]
[4113 4146]
[4147 4191]
[4192 4211]
[4212 4336]
[4337 4785]
[4786 4935]
[4936 4977]
[4978 5012]
[5013 5028]
[5029 5072]
[5073 5140]
[5141 5187]
[5188 5236]
[5237 5287]
[5288 5326]
[5327 5354]
[5355 5398]
[5399 5470]
[5471 5593]
[5594 5659]
[5660 5710]
[5711 5738]
[5739 5825]
[5826 5952]
[5953 5986]
[5987 6034]
[6035 6065]
[6066 6166]
[6167 6185]
[6186 6214]
[6215 6234]
[6235 6252]
[6253 6277]
[6278 6355]
[6356 6445]
[6446 6628]
[6629 6786]
[6787 6920]
[6921 6966]
[6967 7012]
[7013 7048]
[7049 7085]
[7086 7125]
[7126 7164]
[7165 7206]
[7207 7284]
[7285 7338]
[7339 7392]
[7393 7446]
[7447 7501]
[7502 7552]
[7553 7592]
[7593 7651]
[7652 7720]
[7721 7780]
[7781 7836]
[7837 7892]
[7893 7942]
[7943 8024]
[8025 8104]
[8105 8167]
[8168 8253]
[8254 8303]
[8304 8344]
[8345 8368]
[8369 8399]
[8400 8479]
[8480 8548]
[8549 8906]
[8907 8976]
[8977 9047]
[9048 9112]
[9113 9179]
[9180 9245]
[9246 9306]
[9307 9372]
[9373 9439]
[9440 9501]
[9502 9537]
[9538 9667]
[9668 9739]
[9740 9821]
[9822 9893]
[9894 9947]
[ 9948 10059]
[10060 10130]
[10131 10148]
[10149 10317]
[10318 10349]
[10350 10401]
[10402 10836]
[10837 10899]
[10900 10970]
[10971 11063]
[11064 11183]
[11184 11288]
[11289 11426]
[11427 11544]
[11545 11603]
[11604 11666]
[11667 11724]
[11725 11844]
[11845 11899]
[11900 11942]
[11943 12161]
[12162 12247]
[12248 12363]
[12364 12426]
[12427 12626]
[12627 12690]
[12691 12792]
[12793 12867]
[12868 12935]
[12936 13002]
[13003 13066]
[13067 13122]
[13123 13323]
[13324 13627]
[13629 13859]
[13860 14047]
[14049 14208]
[14209 14514]
[14515 14516]
[14518 14530]
[14531 14804]
[14805 14876]
[14877 14935]
[14936 14986]
[14987 15043]
[15044 15090]
[15091 15153]
[15154 15174]
[15175 15225]
[15226 15289]
[15290 15348]
[15349 15408]
[15409 15456]
[15457 15479]
[15480 15528]
[15529 15640]
[15641 15691]
[15692 15748]
[15749 15820]
[15821 15878]
[15879 15929]
[15930 16331]
[16332 16375]
[16376 16412]
[16413 16443]
[16444 16479]
[16480 16515]
[16516 16555]
[16556 16596]
[16597 16618]
[16619 16656]
[16657 16718]
[16719 16776]
[16777 16807]
[16808 16847]
[16848 16935]
[16936 17003]
[17004 17075]
[17076 17138]
[17139 17192]
[17193 17243]
[17244 17300]
[17301 17372]
[17373 17443]
[17444 17499]
[17500 17634]
[17635 17927]
[17928 17997]
[17998 18067]
[18068 18137]
[18138 18221]
[18222 18286]
[18287 18341]
[18342 18379]
[18380 18467]
[18468 18475]
[18476 18552]
[18553 18612]
[18613 18650]
[18651 18691]
[18692 18728]
[18729 18748]
[18749 18802]
[18803 18864]
[18865 18909]
[18910 19136]
[19137 19226]
[19227 19261]
[19262 19382]
[19383 19444]
[19445 19512]
[19513 19566]
[19567 19614]
[19615 19654]
[19655 19690]
[19691 19732]
[19733 19758]
[19759 19802]
[19803 19842]
[19843 19906]
[19907 19953]
[19954 20243]
[20244 20329]
[20330 20393]
[20394 20487]
[20488 20634]
[20635 20667]
[20668 20732]
[20733 20787]
[20788 20828]
[20829 20889]
[20890 20940]
[20941 20972]
[20973 21000]
[21001 21054]
[21055 21095]
[21096 21165]
[21166 21230]
[21231 21288]
[21289 21347]
[21348 21410]
[21411 21465]
[21466 21487]
[21488 21553]
[21554 21635]
[21636 21939]
[21940 21972]
[21973 22071]
[22072 22154]
[22155 22192]
[22193 22227]
[22228 22315]
[22316 22388]
[22389 22582]
[22583 22650]
[22651 22709]
[22710 22743]
[22744 22824]
[22825 22880]
[22881 23000]
[23001 23206]
[23207 23275]
[23276 23367]
[23368 23447]
[23448 23471]
[23472 23525]
[23526 23559]
[23560 23677]
[23678 23759]
[23760 23951]
[23952 24005]
[24006 24077]
[24078 24252]
[24253 24405]
[24406 24474]
[24475 24583]
[24584 24640]
[24641 24697]
[24698 24777]
[24778 24829]
[24830 24859]
[24860 25248]
[25250 25349]
