[ 0 33]
[ 34 286]
[287 332]
[333 363]
[364 394]
[395 427]
[428 459]
[460 492]
[493 523]
[524 583]
[584 618]
[619 650]
[651 681]
[682 709]
[710 750]
[751 799]
[800 910]
[ 911 1424]
[1425 1474]
[1475 1528]
[1529 1565]
[1566 1642]
[1643 1671]
[1672 1751]
[1752 1807]
[1808 1878]
[1879 1958]
[1959 2015]
[2016 2106]
[2107 2183]
[2184 2293]
[2294 2341]
[2342 2383]
[2384 2430]
[2431 2495]
[2496 2571]
[2572 2685]
[2686 2780]
[2781 2865]
[2866 2913]
[2914 3516]
[3517 3593]
[3594 3690]
[3691 3748]
[3749 3823]
[3824 3881]
[3882 3978]
[3979 4113]
[4114 4197]
[4198 4321]
[4322 4377]
[4378 4411]
[4412 4449]
[4450 4514]
[4515 4624]
[4625 4748]
[4749 4817]
[4818 5293]
[5294 5341]
[5342 5402]
[5403 5444]
[5445 5493]
[5494 5540]
[5541 5565]
[5566 5603]
[5604 5765]
[5766 5791]
[5792 5856]
[5857 5925]
[5926 5991]
[5992 6199]
[6200 6279]
[6280 6329]
[6330 6349]
[6350 6397]
[6398 6458]
[6459 6525]
[6526 6582]
[6583 6647]
[6648 6711]
[6712 6795]
[6796 6849]
[6850 6880]
[6881 7286]
[7287 7351]
[7352 7385]
[7386 7443]
[7444 7484]
[7485 7545]
[7546 7604]
[7605 7650]
[7651 7857]
[7858 7965]
[7966 8009]
[8010 8068]
[8069 8115]
[8116 8178]
[8179 8241]
[8242 8335]
[8336 8403]
[8404 8474]
[8475 8525]
[8526 8570]
[8571 8618]
[8619 8660]
[8661 8728]
[8729 8773]
[8774 9130]
[9131 9219]
[9220 9296]
[9297 9371]
[9372 9451]
[9452 9546]
[9547 9604]
[9605 9638]
[9639 9805]
[9806 9858]
[9859 9917]
[9918 9986]
[ 9987 10229]
[10230 10294]
[10295 10367]
[10368 10432]
[10433 10523]
[10524 10616]
[10617 10690]
[10691 10946]
[10947 11096]
[11097 11224]
[11225 11440]
[11441 11603]
[11604 11635]
[11636 11761]
[11762 11811]
[11812 11926]
[11927 11948]
[11949 12177]
[12178 12291]
[12292 12327]
[12328 12399]
[12400 12449]
[12450 12493]
[12494 12555]
[12556 12588]
[12589 12623]
[12624 12655]
[12656 12687]
[12688 12736]
[12737 12793]
[12794 12832]
[12833 12891]
[12892 12994]
[12995 13317]
[13318 13382]
[13383 13461]
[13462 13533]
[13534 13608]
[13609 13692]
[13693 13766]
[13767 13840]
[13841 13956]
[13957 13996]
[13997 14091]
[14092 14175]
[14176 14262]
[14263 14375]
[14376 14490]
[14491 14553]
[14554 14632]
[14633 14690]
[14691 14944]
[14945 15021]
[15022 15113]
[15114 15197]
[15198 15280]
[15281 15356]
[15357 15476]
[15477 15563]
[15564 15714]
[15715 15779]
[15780 15873]
[15874 15910]
[15911 15936]
[15937 15993]
[15994 16204]
[16205 16305]
[16306 16368]
[16369 16414]
[16415 16511]
[16512 16586]
[16587 16632]
[16633 16712]
[16713 16856]
[16857 16943]
[16944 16952]
[16953 17031]
[17032 17080]
[17081 17234]
[17235 17321]
[17322 17597]
[17598 17860]
[17861 18095]
[18096 18179]
[18180 18450]
[18451 18497]
[18498 18542]
[18543 18616]
[18617 18903]
[18904 19075]
[19076 19158]
[19159 19229]
[19230 19262]
[19263 19485]
[19486 19519]
[19520 19600]
[19601 19659]
[19660 19692]
[19693 19727]
[19728 19759]
[19760 19791]
[19792 19840]
[19841 19867]
[19868 19897]
[19898 19936]
[19937 19995]
[19996 20102]
[20103 20197]
[20198 20425]
[20426 20512]
[20513 20571]
[20572 20702]
[20703 20777]
[20778 20855]
[20856 20903]
[20904 20949]
[20950 21034]
[21035 21103]
[21104 21125]
[21126 21149]
[21150 21264]
[21265 21338]
[21339 21383]
[21384 21747]
[21748 21917]
[21918 22214]
[22215 22236]
[22237 22343]
[22344 22575]
[22576 22679]
[22680 22819]
[22820 22915]
[22916 22964]
[22965 23008]
[23009 23034]
[23035 23104]
[23105 23194]
[23195 23680]
[23681 23790]
[23791 23865]
[23866 23901]
[23902 23944]
[23945 24214]
[24215 24282]
[24283 24697]
[24698 24736]
[24737 24878]
[24879 24930]
[24931 25077]
[25078 25113]
[25114 25238]
[25239 25403]
[25404 25469]
[25470 25525]
[25526 25584]
[25585 25667]
[25668 25723]
[25724 25829]
[25830 25907]
[25908 26012]
[26013 26472]
[26473 26585]
[26586 26829]
[26830 26980]
[26981 27117]
[27118 27180]
[27181 27241]
[27242 27302]
[27303 27428]
[27429 27465]
[27466 27524]
[27525 27568]
[27569 27689]
[27690 27732]
[27733 27808]
[27809 27876]
[27877 28059]
[28060 28169]
[28170 28256]
[28257 28320]
[28321 28380]
[28381 28436]
[28437 28462]
[28463 28507]
[28508 28563]
[28564 28613]
[28614 28678]
[28679 28731]
[28732 28773]
[28774 28859]
[28860 28940]
[28941 29036]
[29037 29273]
[29274 29371]
[29372 29473]
[29474 29582]
[29583 29678]
[29679 29771]
[29772 29867]
[29868 29959]
[29960 30042]
[30043 30071]
[30072 30167]
[30168 30269]
[30270 30317]
[30318 30488]
[30489 30791]
[30792 30849]
