[ 0 32]
[ 33 275]
[276 333]
[334 377]
[378 419]
[420 460]
[461 502]
[503 543]
[544 584]
[585 709]
[710 753]
[754 805]
[806 905]
[ 906 1454]
[1455 1521]
[1522 1597]
[1598 1673]
[1674 1737]
[1738 1829]
[1830 1888]
[1889 1938]
[1939 1982]
[1983 2011]
[2012 2049]
[2050 2102]
[2103 2187]
[2188 2248]
[2249 2389]
[2390 2435]
[2436 2505]
[2506 2603]
[2604 2644]
[2645 2722]
[2723 2785]
[2786 2855]
[2856 3222]
[3223 3310]
[3311 3475]
[3476 3505]
[3506 3521]
[3522 3584]
[3585 3647]
[3648 3716]
[3717 3790]
[3791 3836]
[3837 3901]
[3902 3982]
[3983 4099]
[4100 4148]
[4149 4205]
[4206 4248]
[4249 4600]
[4601 4658]
[4659 4715]
[4716 4765]
[4766 4792]
[4793 4840]
[4841 4911]
[4912 4983]
[4984 5071]
[5072 5146]
[5147 5229]
[5230 5277]
[5278 5303]
[5304 5358]
[5359 5405]
[5406 5487]
[5488 5548]
[5549 5591]
[5592 5658]
[5659 5692]
[5693 5750]
[5751 5808]
[5809 5849]
[5850 5920]
[5921 5936]
[5937 5969]
[5970 6444]
[6445 6491]
[6492 6553]
[6554 6630]
[6631 6721]
[6722 6753]
[6754 6802]
[6803 6854]
[6855 6897]
[6898 6949]
[6950 6998]
[6999 7026]
[7027 7082]
[7083 7120]
[7121 7170]
[7171 7215]
[7216 7259]
[7260 7300]
[7301 7348]
[7349 7424]
[7425 7450]
[7451 7495]
[7496 7556]
[7557 7643]
[7644 7696]
[7697 7784]
[7785 7823]
[7824 7857]
[7858 7899]
[7900 7932]
[7933 7959]
[7960 8304]
[8305 8506]
[8507 8713]
[8714 8918]
[8919 9127]
[9128 9715]
[9716 9800]
[9801 9903]
[ 9904 10098]
[10099 10127]
[10128 10164]
[10165 10257]
[10258 10272]
[10273 10323]
[10324 10385]
[10386 10408]
[10409 10464]
[10465 10508]
[10509 10611]
[10612 10744]
[10745 10836]
[10837 10921]
[10922 11000]
[11001 11090]
[11091 11189]
[11190 11328]
[11329 11367]
[11368 11438]
[11439 11575]
[11576 11696]
[11697 11777]
[11778 11850]
[11851 11913]
[11914 11959]
[11960 12002]
[12003 12047]
[12048 12093]
[12094 12142]
[12143 12193]
[12194 12247]
[12248 12350]
[12351 12820]
[12821 13447]
[13448 13792]
[13793 13999]
[14001 14123]
[14124 14382]
[14383 14548]
[14549 14738]
[14739 15090]
[15091 15153]
[15154 15226]
[15227 15319]
[15320 15359]
[15360 15483]
[15484 15543]
[15544 15648]
[15649 15709]
[15710 15795]
[15796 15925]
[15926 15997]
[15998 16227]
[16228 16311]
[16312 16390]
[16391 16484]
[16485 16539]
[16540 16612]
[16613 16697]
[16698 16768]
[16769 16806]
[16807 17049]
[17050 17116]
[17117 17440]
[17441 17789]
[17790 17840]
[17841 17873]
[17874 17911]
[17912 18138]
[18139 18217]
[18218 18269]
[18270 18716]
[18717 18915]
[18916 18996]
[18997 19087]
[19088 19174]
[19175 19236]
[19237 19327]
[19328 19461]
[19462 19531]
[19532 19595]
[19596 19688]
[19689 19746]
[19747 19792]
[19793 19835]
[19836 19879]
[19880 19926]
[19927 19975]
[19976 20026]
[20027 20080]
[20081 20183]
[20184 20667]
[20668 20927]
[20928 21232]
[21233 21299]
[21300 21334]
[21335 21734]
[21735 21857]
[21858 21962]
[21963 22072]
[22073 22142]
[22143 22199]
[22200 22333]
[22334 22450]
[22451 22495]
[22496 22560]
[22561 22636]
[22637 22709]
[22710 22777]
[22778 22822]
[22823 22862]
[22863 22943]
[22944 22998]
[22999 23038]
[23039 23073]
[23074 23417]
[23418 23630]
[23631 23692]
[23693 23765]
[23766 23840]
[23841 23912]
[23913 24012]
[24013 24080]
[24081 24149]
[24150 24203]
[24204 24389]
[24390 24476]
[24477 24546]
[24547 24633]
[24634 24753]
[24754 24850]
[24851 24975]
[24976 25096]
[25097 25189]
[25191 25499]
[25500 25584]
[25585 25761]
[25762 25975]
[25976 26139]
[26140 26308]
[26309 26385]
[26386 26521]
[26522 26630]
[26631 26719]
[26720 26817]
[26818 26876]
[26877 27053]
[27054 27328]
[27329 27431]
[27432 27512]
[27513 27551]
[27552 27584]
[27585 27664]
[27665 27753]
[27754 27837]
[27838 27971]
[27972 28092]
[28093 28156]
[28157 28291]
[28292 28342]
[28343 28371]
[28372 28432]
[28433 28504]
[28505 28569]
[28570 28617]
[28618 28655]
[28656 28707]
[28708 29021]
[29022 29101]
[29102 29559]
[29560 29657]
[29658 29687]
[29688 29768]
[29769 29950]
[29951 30022]
[30023 30117]
[30118 30200]
[30201 30220]
[30221 30657]
[30658 31709]
[31710 31921]
[31922 31981]
[31982 32083]
[32084 32126]
[32127 32180]
[32181 32271]
[32272 32334]
[32335 32402]
[32403 32467]
[32468 32591]
[32592 32691]
[32692 32798]
[32799 33065]
[33066 33149]
