[ 0 19]
[ 20 339]
[340 393]
[394 423]
[424 453]
[454 477]
[478 500]
[501 520]
[521 541]
[542 579]
[581 611]
[612 644]
[645 681]
[682 686]
[687 721]
[722 767]
[768 820]
[ 821 1387]
[1388 1461]
[1462 1528]
[1529 1585]
[1586 1654]
[1655 1719]
[1720 1774]
[1775 1845]
[1846 1893]
[1894 1961]
[1962 2028]
[2029 2083]
[2084 2138]
[2139 2197]
[2198 2252]
[2253 2307]
[2308 2368]
[2369 2439]
[2440 2506]
[2507 2561]
[2562 2624]
[2625 2699]
[2700 2765]
[2766 2803]
[2804 2877]
[2878 3451]
[3452 3540]
[3541 3583]
[3584 3629]
[3630 3701]
[3702 3774]
[3775 3862]
[3863 3939]
[3940 3981]
[3982 4065]
[4066 4194]
[4195 4377]
[4378 4562]
[4563 4614]
[4615 4672]
[4673 4741]
[4742 4830]
[4831 4887]
[4888 5000]
[5001 5072]
[5073 5597]
[5598 5672]
[5673 5754]
[5755 5942]
[5943 6102]
[6103 6188]
[6189 6255]
[6256 6341]
[6342 6494]
[6495 6582]
[6583 6646]
[6647 7233]
[7234 7276]
[7277 7346]
[7347 7408]
[7409 7564]
[7565 7628]
[7629 7698]
[7699 7901]
[7902 7954]
[7955 8005]
[8006 8069]
[8070 8129]
[8130 8199]
[8200 8261]
[8262 8344]
[8345 8546]
[8547 8579]
[8580 8626]
[8627 9040]
[9041 9118]
[9119 9193]
[9194 9299]
[9300 9390]
[9391 9458]
[9459 9518]
[9519 9593]
[9594 9690]
[9691 9748]
[9749 9883]
[ 9884 10060]
[10061 10233]
[10234 10288]
[10289 10327]
[10328 10357]
[10358 10386]
[10387 10413]
[10414 10450]
[10451 10516]
[10517 10553]
[10554 10573]
[10574 10672]
[10673 11121]
[11122 11201]
[11202 11266]
[11267 11389]
[11390 11642]
[11643 11743]
[11744 11814]
[11815 11922]
[11923 12096]
[12097 12536]
[12537 12644]
[12645 12740]
[12741 12840]
[12841 12897]
[12898 13011]
[13012 13086]
[13087 13194]
[13195 13260]
[13261 13334]
[13335 13394]
[13395 13463]
[13464 13544]
[13545 13595]
[13596 13664]
[13665 13738]
[13739 13795]
[13796 14200]
[14201 14295]
[14296 14350]
[14351 14441]
[14442 14516]
[14517 14578]
[14579 14638]
[14639 14707]
[14708 14760]
[14761 14862]
[14863 14907]
[14908 14972]
[14973 15031]
[15032 15095]
[15096 15172]
[15173 15569]
[15570 15634]
[15635 15694]
[15695 15762]
[15763 15832]
[15833 15906]
[15907 15987]
[15988 16079]
[16080 16152]
[16153 16236]
[16237 16306]
[16307 16439]
[16440 16509]
[16510 16565]
[16566 16619]
[16620 16701]
[16702 16794]
[16795 16877]
[16878 17245]
[17246 17308]
[17309 17474]
[17475 17571]
[17572 17631]
[17632 17691]
[17692 17751]
[17752 17811]
[17812 17871]
[17872 17931]
[17932 17991]
[17992 18051]
[18052 18106]
[18107 18491]
[18493 18613]
[18614 18857]
[18858 19607]
[19608 19792]
[19793 19924]
[19925 20204]
[20205 20580]
[20581 20770]
[20771 20934]
[20935 21048]
[21049 21216]
[21217 21485]
[21486 21738]
[21739 22152]
[22153 22366]
[22367 22566]
[22567 22640]
[22641 22751]
[22752 22978]
[22979 23041]
[23042 23119]
[23120 23175]
[23176 23260]
[23261 23341]
[23342 23422]
[23423 23737]
[23738 23804]
[23805 23911]
[23912 23982]
[23983 24096]
[24097 24201]
[24202 24306]
[24307 24437]
[24438 24526]
[24527 24724]
[24725 24863]
[24864 24986]
[24987 25169]
[25170 25291]
[25292 25576]
[25578 25656]
[25657 25755]
[25756 25805]
[25806 25877]
[25878 25972]
[25973 26111]
[26112 26151]
[26152 26199]
[26200 26328]
[26329 26392]
[26393 26451]
[26452 26518]
[26519 26595]
[26596 26675]
[26676 26753]
[26754 26799]
[26800 26869]
[26870 26976]
[26977 27080]
[27081 27127]
[27128 27198]
[27199 27260]
[27261 27382]
[27383 27446]
[27447 27487]
[27488 27562]
[27563 27619]
[27620 27666]
[27667 27707]
[27708 27742]
[27743 27822]
[27823 28124]
[28125 28139]
[28140 28335]
[28336 28407]
[28408 28559]
[28560 28690]
[28691 28727]
[28728 28970]
[28971 29265]
[29266 29345]
[29346 29425]
[29426 29638]
[29639 30121]
[30122 30242]
[30243 30342]
[30343 30442]
[30443 30542]
[30543 30612]
[30613 30812]
[30813 30867]
[30868 31179]
[31180 31263]
[31264 31348]
[31349 31788]
[31789 31899]
