[ 0 30]
[ 31 369]
[370 421]
[422 464]
[465 501]
[502 584]
[585 626]
[627 660]
[661 733]
[ 734 1186]
[1187 1232]
[1233 1275]
[1276 1323]
[1324 1370]
[1371 1415]
[1416 1463]
[1464 1509]
[1510 1560]
[1561 1614]
[1615 1649]
[1650 1695]
[1696 1747]
[1748 1796]
[1797 1852]
[1853 1906]
[1907 1961]
[1962 2011]
[2012 2070]
[2071 2113]
[2114 2144]
[2145 2189]
[2190 2568]
[2569 2711]
[2712 2815]
[2816 3065]
[3066 3479]
[3480 3606]
[3607 3815]
[3816 4136]
[4137 4330]
[4331 4579]
[4580 4780]
[4781 5066]
[5067 5146]
[5147 5240]
[5241 5567]
[5568 5670]
[5671 5720]
[5721 5778]
[5779 5815]
[5817 5894]
[5895 5973]
[5974 6091]
[6092 6161]
[6162 6208]
[6209 6261]
[6262 6354]
[6355 6386]
[6387 6481]
[6482 6544]
[6545 6577]
[6578 6757]
[6758 6903]
[6904 6949]
[6950 7022]
[7023 7047]
[7048 7102]
[7103 7135]
[7136 7155]
[7156 7657]
[7658 7729]
[7730 7809]
[7810 7851]
[7852 7886]
[7887 7913]
[7914 7944]
[7945 7984]
[7985 8023]
[8024 8071]
[8072 8133]
[8134 8194]
[8195 8347]
[8348 8443]
[8444 8486]
[8487 8617]
[8618 8679]
[8680 8750]
[8751 8822]
[8823 8888]
[8889 8945]
[8946 8995]
[8996 9046]
[9047 9087]
[9088 9134]
[9135 9156]
[9157 9634]
[9635 9685]
[9686 9692]
[9693 9741]
[9742 9775]
[9776 9831]
[9832 9946]
[9947 9978]
[ 9979 10052]
[10053 10119]
[10120 10133]
[10134 10199]
[10200 10219]
[10220 10292]
[10293 10338]
[10339 10362]
[10363 10428]
[10429 10465]
[10466 10542]
[10543 10581]
[10582 10645]
[10646 10698]
[10699 11049]
[11050 11161]
[11162 11283]
[11284 11402]
[11403 11440]
[11441 11526]
[11527 11623]
[11624 11688]
[11689 11770]
[11771 11850]
[11851 11943]
[11944 12017]
[12018 12082]
[12083 12338]
[12339 12421]
[12422 12473]
[12474 12503]
[12504 12660]
[12661 12697]
[12698 12780]
[12781 12823]
[12824 12933]
[12934 13052]
[13053 13395]
[13396 13563]
[13564 13726]
[13727 13890]
[13891 14056]
[14057 14177]
[14178 14371]
[14372 14523]
[14524 14577]
[14578 14757]
[14758 14828]
[14829 14902]
[14903 15020]
[15021 15352]
[15353 15727]
[15728 15935]
[15936 15987]
[15988 16101]
[16102 16258]
[16259 16311]
[16312 16388]
[16389 16447]
[16448 16703]
[16704 17343]
[17344 17389]
[17390 17491]
[17492 17532]
[17533 17583]
[17584 18026]
[18027 18223]
[18224 18444]
[18445 18657]
[18658 18783]
[18784 18858]
[18859 19232]
[19233 19341]
[19342 19386]
[19387 19420]
[19421 19448]
[19449 19494]
[19495 19514]
[19515 19569]
[19570 19609]
[19610 19663]
[19664 19705]
[19706 19761]
[19762 19832]
[19833 19879]
[19880 19957]
[19958 19993]
[19994 20018]
[20019 20048]
[20049 20170]
[20171 20211]
[20212 20219]
[20220 20276]
[20277 20333]
[20334 20346]
[20347 20391]
[20392 20472]
[20473 20537]
[20538 20926]
[20927 21027]
[21028 21167]
[21169 21295]
[21296 21538]
[21539 21623]
[21624 21716]
[21717 21916]
[21917 22121]
[22122 22219]
[22220 22329]
[22330 22614]
[22615 22727]
[22728 22790]
[22791 22854]
[22855 22915]
[22916 23101]
[23102 23221]
[23222 23313]
[23314 23382]
[23383 23467]
[23468 23520]
[23521 23780]
[23781 24002]
[24003 24004]
[24005 24050]
[24051 24363]
[24364 24404]
[24405 24488]
[24489 24594]
[24595 24696]
[24697 24993]
[24995 25099]
