[ 0 16]
[ 18 293]
[294 355]
[356 387]
[388 412]
[413 441]
[442 483]
[484 519]
[520 544]
[545 583]
[584 606]
[607 641]
[642 667]
[668 694]
[695 732]
[733 791]
[792 840]
[841 938]
[ 940 1444]
[1445 1526]
[1527 1584]
[1585 1800]
[1801 1878]
[1879 1925]
[1926 1991]
[1992 2106]
[2107 2327]
[2328 2476]
[2477 2505]
[2506 2656]
[2657 2717]
[2718 2806]
[2807 2920]
[2921 3278]
[3279 3341]
[3342 3422]
[3423 3512]
[3513 3550]
[3551 3623]
[3624 3674]
[3675 3726]
[3727 3786]
[3787 3837]
[3838 3966]
[3967 4019]
[4020 4075]
[4076 4104]
[4105 4151]
[4152 4211]
[4212 4288]
[4289 4316]
[4317 4367]
[4368 4410]
[4411 4444]
[4445 5033]
[5034 5100]
[5101 5129]
[5130 5146]
[5147 5172]
[5173 5187]
[5188 5210]
[5211 5242]
[5243 5275]
[5276 5310]
[5311 5343]
[5344 5375]
[5376 5409]
[5410 5443]
[5444 5476]
[5477 5507]
[5508 5543]
[5544 5576]
[5577 5608]
[5609 5641]
[5642 5675]
[5676 5694]
[5695 5788]
[5789 5836]
[5837 5892]
[5893 6005]
[6006 6041]
[6042 6082]
[6083 6179]
[6180 6204]
[6205 6291]
[6292 6350]
[6351 6401]
[6402 6792]
[6793 7086]
[7087 7194]
[7195 7326]
[7327 7373]
[7374 7546]
[7547 7594]
[7595 7637]
[7638 7909]
[7910 7945]
[7946 8002]
[8003 8022]
[8023 8055]
[8056 8093]
[8094 8136]
[8137 8193]
[8194 8238]
[8239 8265]
[8266 8297]
[8298 8337]
[8338 8376]
[8377 8393]
[8394 8519]
[8520 8560]
[8561 8573]
[8574 8607]
[8608 8647]
[8648 8747]
[8748 8773]
[8774 8837]
[8838 8868]
[8869 8945]
[8946 9049]
[9050 9118]
[9119 9154]
[9155 9179]
[9180 9205]
[9206 9229]
[9230 9297]
[9298 9399]
[9400 9496]
[9497 9952]
[ 9953 10006]
[10007 10054]
[10055 10192]
[10193 10236]
[10237 10284]
[10285 10310]
[10311 10372]
[10373 10429]
[10430 10478]
[10479 10567]
[10568 10637]
[10638 10691]
[10692 10744]
[10745 10822]
[10823 10903]
[10904 10972]
[10973 11049]
[11050 11139]
[11140 11200]
[11201 11336]
[11337 11582]
[11583 11657]
[11658 11750]
[11751 11861]
[11862 11957]
[11958 12024]
[12025 12062]
[12063 12123]
[12124 12179]
[12180 12242]
[12243 12302]
[12303 12361]
[12362 12388]
[12389 12430]
[12431 12476]
[12477 12510]
[12511 12647]
[12648 13290]
[13291 13378]
[13379 13527]
[13528 13948]
[13949 14200]
[14201 14802]
[14803 14940]
[14941 15036]
[15037 15127]
[15128 15236]
[15237 15291]
[15292 15349]
[15350 15419]
[15420 15488]
[15489 15555]
[15556 15621]
[15622 15690]
[15691 15757]
[15758 15827]
[15828 15884]
[15885 15922]
[15923 15978]
[15979 16047]
[16048 16093]
[16094 16121]
[16122 16470]
[16471 16668]
[16669 16855]
[16856 16940]
[16941 17102]
[17103 17181]
[17182 17378]
[17379 17516]
[17517 17584]
[17585 17620]
[17621 17655]
[17656 17696]
[17697 17762]
[17763 17814]
[17815 17854]
[17855 17955]
[17956 18468]
[18469 18553]
[18554 18661]
[18662 18703]
[18704 18800]
[18801 18893]
[18894 19008]
[19009 19089]
[19090 19217]
[19218 19315]
[19316 19668]
[19669 19769]
[19770 19840]
[19841 19907]
[19908 19955]
[19956 20030]
[20031 20063]
[20064 20092]
[20093 20192]
[20193 20214]
[20215 20247]
[20248 20286]
[20287 20353]
[20354 20394]
[20395 20513]
[20514 20549]
[20550 20580]
[20581 20614]
[20615 20671]
[20672 21170]
[21171 21256]
[21257 21321]
[21322 21810]
[21811 21953]
[21954 22088]
[22089 22144]
[22145 22323]
[22325 22395]
[22396 22794]
[22795 22855]
[22856 22928]
[22929 22977]
[22978 23063]
[23064 23208]
[23209 23271]
[23272 23338]
[23339 23401]
[23402 23487]
[23488 23537]
[23538 23657]
[23658 23781]
[23782 23830]
[23831 23911]
[23912 23959]
[23960 23993]
[23994 24036]
[24037 24135]
[24136 24208]
[24209 24569]
[24571 24643]
[24644 24703]
[24704 24832]
[24833 24871]
[24872 24916]
[24917 25069]
[25070 25130]
[25131 25207]
[25208 25289]
[25290 25333]
[25334 25374]
[25375 25442]
[25443 25487]
[25488 25635]
[25636 25793]
[25794 25801]
[25802 25815]
[25816 25874]
[25875 25893]
[25894 25931]
[25932 25966]
[25967 26004]
[26005 26079]
[26080 26464]
[26465 26619]
[26620 26686]
[26687 26724]
[26725 26833]
[26834 26907]
[26908 26943]
[26944 27035]
[27036 27043]
[27044 27195]
[27196 27424]
[27425 27580]
[27581 27767]
[27768 27864]
[27865 27940]
[27941 28008]
[28009 28090]
[28091 28161]
[28162 28203]
[28204 28233]
[28234 28280]
[28281 28514]
[28515 28586]
[28587 28694]
[28695 28758]
[28759 28802]
[28803 28879]
[28880 28990]
[28991 29107]
[29108 29140]
[29141 29225]
[29226 29273]
[29274 29282]
[29283 29322]
[29323 29397]
[29398 29444]
[29445 29494]
[29495 29538]
[29539 29864]
[29865 29949]
