[ 0 41]
[ 42 337]
[338 386]
[387 412]
[413 440]
[441 469]
[470 491]
[492 513]
[514 538]
[539 562]
[563 590]
[591 610]
[611 637]
[638 668]
[669 708]
[709 735]
[736 762]
[763 790]
[791 820]
[821 850]
[851 879]
[880 966]
[ 967 1314]
[1315 1427]
[1428 1495]
[1496 1540]
[1541 1625]
[1626 1675]
[1676 1724]
[1725 1763]
[1764 1789]
[1790 1912]
[1913 1963]
[1964 1972]
[1973 2304]
[2305 2447]
[2448 2529]
[2530 2594]
[2595 2662]
[2663 2726]
[2727 2797]
[2798 2853]
[2854 2929]
[2930 2990]
[2991 3048]
[3049 3112]
[3113 3166]
[3167 3219]
[3220 3270]
[3271 3301]
[3302 3779]
[3780 3818]
[3819 3875]
[3876 3929]
[3930 4000]
[4001 4054]
[4055 4115]
[4116 4172]
[4173 4241]
[4242 4363]
[4364 4425]
[4426 4466]
[4467 4511]
[4512 4588]
[4589 4641]
[4642 4648]
[4649 4685]
[4686 4748]
[4749 4837]
[4838 4879]
[4880 5345]
[5346 5378]
[5379 5463]
[5464 5516]
[5517 5555]
[5556 5597]
[5598 5641]
[5642 5689]
[5690 5720]
[5721 5803]
[5804 5852]
[5853 5901]
[5902 5954]
[5955 6010]
[6011 6065]
[6066 6107]
[6108 6255]
[6256 6324]
[6325 6402]
[6403 6990]
[6991 7049]
[7050 7114]
[7115 7225]
[7226 7315]
[7316 7391]
[7392 7458]
[7459 7591]
[7592 7667]
[7668 7746]
[7747 7832]
[7833 7900]
[7901 7948]
[7949 7999]
[8000 8047]
[8048 8131]
[8132 8424]
[8425 8478]
[8479 8589]
[8590 8642]
[8643 8687]
[8688 8745]
[8746 8832]
[8833 8867]
[8868 8966]
[8967 9065]
[9066 9164]
[9165 9200]
[9201 9255]
[9256 9381]
[9382 9417]
[9418 9568]
[9569 9613]
[9614 9688]
[9689 9739]
[9740 9837]
[9838 9906]
[9907 9989]
[ 9990 10877]
[10878 11107]
[11108 11143]
[11144 11448]
[11449 12206]
[12207 12266]
[12267 12325]
[12326 12365]
[12366 12402]
[12403 12446]
[12447 12491]
[12492 12524]
[12525 12578]
[12579 12619]
[12620 12705]
[12706 13306]
[13307 13419]
[13420 13476]
[13477 13562]
[13563 13734]
[13735 13779]
[13780 14028]
[14029 14053]
[14054 14111]
[14112 14186]
[14187 14540]
[14541 14798]
[14799 15103]
[15104 15265]
[15266 15461]
[15462 15910]
[15911 15974]
[15975 16024]
[16025 16086]
[16087 16109]
[16110 16128]
[16129 16152]
[16153 16184]
[16185 16212]
[16213 16252]
[16253 16303]
[16304 16359]
[16360 16433]
[16434 16523]
[16524 16545]
[16546 16629]
[16630 16735]
[16736 16771]
[16772 16812]
[16813 16872]
[16873 17076]
[17077 17238]
[17239 17323]
[17324 17477]
[17478 17662]
[17663 17819]
[17820 17981]
[17982 18160]
[18161 18214]
[18215 18325]
[18326 18372]
[18373 18513]
[18514 18559]
[18560 18582]
[18583 18695]
[18696 18740]
[18741 18834]
[18835 18975]
[18976 19039]
[19040 19098]
[19099 19169]
[19170 19251]
[19252 19297]
[19298 19340]
[19341 19380]
[19381 19447]
[19448 19734]
[19735 19917]
[19918 20004]
[20005 20031]
[20032 20120]
[20121 20153]
[20154 20194]
[20195 20242]
[20243 20352]
[20353 20549]
[20550 20583]
[20584 20730]
[20731 20785]
[20786 20855]
[20856 20919]
[20920 21231]
[21232 21311]
[21312 21495]
[21496 21581]
[21582 21796]
[21797 21847]
[21848 21880]
[21881 21954]
[21955 21983]
[21984 22040]
[22041 22072]
[22073 22107]
[22108 22182]
[22183 22229]
[22230 22265]
[22266 22664]
[22666 22749]
