[ 0 32]
[ 33 391]
[392 428]
[429 473]
[474 518]
[519 570]
[571 610]
[611 639]
[640 675]
[676 731]
[732 828]
[ 829 1423]
[1425 1472]
[1473 1535]
[1536 1575]
[1576 1664]
[1665 1730]
[1731 1763]
[1764 1815]
[1816 1866]
[1867 1956]
[1957 2049]
[2050 2106]
[2107 2141]
[2142 2270]
[2271 2306]
[2307 2340]
[2341 2364]
[2365 2396]
[2397 2407]
[2408 2445]
[2446 2480]
[2481 2518]
[2519 2548]
[2549 2584]
[2585 2656]
[2658 3345]
[3346 3440]
[3441 3485]
[3486 3576]
[3577 3648]
[3649 3702]
[3703 3876]
[3877 3948]
[3949 3983]
[3984 4050]
[4051 4105]
[4106 4361]
[4362 4623]
[4624 4662]
[4663 4692]
[4693 4762]
[4763 4832]
[4833 4885]
[4886 4948]
[4949 5025]
[5026 5089]
[5090 5148]
[5149 5185]
[5186 5222]
[5223 5368]
[5369 5686]
[5687 5763]
[5764 5788]
[5789 5904]
[5905 5943]
[5944 5997]
[5998 6043]
[6044 6107]
[6108 6144]
[6145 6181]
[6182 6236]
[6237 6272]
[6273 6326]
[6327 6369]
[6370 6434]
[6435 6487]
[6488 6495]
[6496 6695]
[6696 6913]
[6914 7009]
[7010 7075]
[7076 7177]
[7178 7268]
[7269 7320]
[7321 7407]
[7408 7475]
[7476 7524]
[7525 7548]
[7549 7717]
[7718 7753]
[7754 7810]
[7811 7844]
[7845 7897]
[7898 8010]
[8011 8051]
[8052 8409]
[8410 8495]
[8496 8532]
[8533 8632]
[8633 8663]
[8664 8694]
[8695 8707]
[8708 8721]
[8722 8762]
[8763 8777]
[8778 8815]
[8816 8876]
[8877 8902]
[8903 8980]
[8981 8986]
[8987 9061]
[9062 9137]
[9138 9156]
[9157 9192]
[9193 9230]
[9231 9326]
[9327 9398]
[9399 9471]
[9472 9483]
[9484 9569]
[9570 9606]
[9607 9651]
[9652 9723]
[9724 9748]
[9749 9808]
[9809 9871]
[9872 9934]
[9935 9995]
[ 9996 10022]
[10023 10055]
[10056 10116]
[10117 10176]
[10177 10239]
[10240 10368]
[10369 10794]
[10795 10930]
[10931 11103]
[11104 11210]
[11211 11320]
[11321 11371]
[11372 11455]
[11456 11590]
[11591 11687]
[11688 11753]
[11754 11841]
[11842 11943]
[11944 12066]
[12067 12354]
[12355 12568]
[12569 12624]
[12625 12680]
[12681 12731]
[12732 12781]
[12782 12831]
[12832 12883]
[12884 12930]
[12931 12977]
[12978 13065]
[13066 13341]
[13342 13431]
[13432 13490]
[13491 13586]
[13587 13620]
[13621 13716]
[13717 13782]
[13783 13866]
[13867 13974]
[13975 14138]
[14139 14166]
[14167 14241]
[14242 14608]
[14609 14694]
[14695 14785]
[14786 14835]
[14836 14926]
[14927 14989]
[14990 15054]
[15055 15167]
[15168 15247]
[15248 15327]
[15328 15390]
[15391 15477]
[15478 15669]
[15670 15730]
[15731 15829]
[15830 15884]
[15885 16345]
[16346 16403]
[16404 16445]
[16446 16513]
[16514 16572]
[16573 16624]
[16625 16682]
[16683 16736]
[16737 16802]
[16803 16864]
[16865 16939]
[16940 17014]
[17015 17080]
[17081 17209]
[17210 17265]
[17266 17315]
[17316 17363]
[17364 17402]
[17403 17448]
[17449 17500]
[17501 17583]
[17584 17694]
[17695 18052]
[18053 18392]
[18393 18458]
[18459 18515]
[18516 18576]
[18577 18633]
[18634 18685]
[18686 18726]
[18727 18786]
[18787 18842]
[18843 18881]
[18882 18959]
[18960 19029]
[19030 19390]
[19391 19540]
[19541 19751]
[19752 20017]
[20018 20196]
[20197 20343]
[20344 20609]
[20610 21163]
[21164 21319]
[21320 21365]
[21366 21449]
[21450 21498]
[21499 21556]
[21557 21620]
[21621 21818]
[21819 21878]
[21879 22144]
[22145 22319]
[22320 22482]
[22483 22744]
[22745 22932]
[22933 23114]
[23115 23475]
[23476 23616]
[23617 23677]
[23678 23735]
[23736 23792]
[23793 23846]
[23847 23897]
[23898 24009]
[24010 24345]
[24346 24415]
[24416 24480]
[24481 24547]
[24548 24621]
[24622 24678]
[24679 24736]
[24737 24763]
[24764 24853]
[24854 24894]
[24895 25030]
[25031 25113]
[25114 25324]
[25325 25390]
[25391 25432]
[25433 25491]
[25492 25581]
[25582 25609]
[25610 25674]
[25675 25717]
[25718 25799]
[25800 25853]
[25854 25895]
[25896 25995]
[25996 26049]
[26050 26095]
[26096 26164]
[26165 26210]
[26211 26270]
[26271 26315]
[26316 26384]
[26385 26449]
[26450 26474]
[26475 26534]
[26535 26863]
[26864 27072]
[27073 27158]
[27159 27262]
[27263 27390]
[27391 27501]
[27502 27596]
[27597 27765]
[27766 27919]
[27920 28374]
[28375 28522]
[28523 28572]
[28573 28635]
[28636 28703]
[28704 28764]
[28765 28842]
[28843 28947]
[28948 29049]
[29050 29167]
[29168 29273]
[29274 29379]
[29380 29458]
[29459 29854]
[29855 29949]
