[ 0 23]
[ 24 268]
[269 327]
[328 370]
[371 407]
[408 476]
[477 494]
[495 523]
[524 551]
[552 583]
[584 614]
[615 660]
[661 764]
[765 808]
[809 910]
[ 911 1255]
[1256 1345]
[1346 1432]
[1433 1515]
[1516 1803]
[1804 1887]
[1888 1956]
[1957 2005]
[2006 2061]
[2062 2120]
[2121 2175]
[2176 2225]
[2226 2267]
[2268 2322]
[2323 2360]
[2361 2826]
[2827 2848]
[2849 2886]
[2887 2937]
[2938 2982]
[2983 3053]
[3054 3092]
[3093 3147]
[3148 3217]
[3218 3266]
[3267 3311]
[3312 3347]
[3348 3386]
[3387 3426]
[3427 3483]
[3484 3538]
[3539 3586]
[3587 3617]
[3618 3638]
[3639 3726]
[3727 4172]
[4173 4212]
[4213 4278]
[4279 4368]
[4369 4466]
[4467 4527]
[4528 4572]
[4573 4638]
[4639 4692]
[4693 4712]
[4713 4739]
[4740 4784]
[4785 4825]
[4826 4864]
[4865 4912]
[4913 4926]
[4927 4965]
[4966 5027]
[5028 5084]
[5085 5137]
[5138 5168]
[5169 5217]
[5218 5229]
[5230 5308]
[5309 5370]
[5371 5392]
[5393 5448]
[5449 5498]
[5499 5541]
[5542 5673]
[5674 6141]
[6142 6188]
[6189 6239]
[6240 6304]
[6305 6350]
[6351 6493]
[6494 6547]
[6548 6590]
[6591 6622]
[6623 6667]
[6668 6727]
[6728 6815]
[6816 6948]
[6949 6993]
[6994 7040]
[7041 7100]
[7101 7140]
[7141 7287]
[7288 7370]
[7371 7417]
[7418 7459]
[7460 7503]
[7504 7550]
[7551 7621]
[7622 7695]
[7696 7810]
[7811 8250]
[8251 8254]
[8255 8305]
[8306 8493]
[8494 8588]
[8589 8651]
[8652 8704]
[8705 8803]
[8804 8925]
[8926 8996]
[8997 9050]
[9051 9106]
[9107 9214]
[9215 9410]
[9411 9527]
[9528 9562]
[9563 9623]
[9624 9671]
[9672 9698]
[9699 9785]
[ 9786 10072]
[10073 10166]
[10167 10355]
[10356 10480]
[10481 10611]
[10612 10721]
[10722 10870]
[10871 11001]
[11002 11131]
[11132 11147]
[11148 11224]
[11225 11664]
[11665 11776]
[11777 11873]
[11874 11995]
[11996 12089]
[12090 12222]
[12223 12292]
[12293 12474]
[12475 12598]
[12599 12709]
[12710 12802]
[12803 12876]
[12877 12970]
[12971 13299]
[13300 13393]
[13394 13458]
[13459 13530]
[13531 13610]
[13611 13695]
[13696 13833]
[13834 13930]
[13931 13995]
[13996 14047]
[14048 14105]
[14106 14180]
[14181 14245]
[14246 14284]
[14285 14343]
[14344 14387]
[14388 14642]
[14643 14761]
[14762 14870]
[14871 15107]
[15109 15184]
[15185 15355]
[15356 15451]
[15453 15533]
[15534 15614]
[15616 15655]
[15656 15725]
[15726 15798]
[15799 15845]
[15846 15887]
[15888 15931]
[15932 15978]
[15979 16049]
[16050 16123]
[16124 16242]
[16243 16495]
[16496 16531]
[16532 16612]
[16613 16980]
[16981 17011]
[17012 17296]
[17297 17378]
[17379 17447]
[17448 17537]
[17538 17662]
[17663 17758]
[17759 18014]
[18015 18129]
[18130 18215]
[18216 18336]
[18337 18408]
[18409 18489]
[18490 18552]
[18553 18620]
[18621 18946]
[18947 19005]
[19006 19046]
[19047 19084]
[19085 19153]
[19154 19314]
[19315 19409]
[19410 19454]
[19455 19547]
[19548 19586]
[19587 19653]
[19654 19759]
[19760 19782]
[19783 19866]
[19867 19983]
[19984 20065]
[20066 20160]
[20161 20204]
[20205 20319]
[20320 20805]
[20806 20898]
[20899 21056]
[21057 21158]
[21159 21275]
[21276 21404]
[21405 21475]
[21476 21545]
[21546 21638]
[21639 21720]
[21721 21879]
[21880 21963]
[21964 22201]
[22202 22745]
[22746 22892]
[22893 22972]
[22973 23069]
[23070 23118]
[23119 23180]
[23181 23232]
[23233 23291]
[23292 23420]
[23421 23520]
[23521 23569]
[23570 23632]
[23633 23749]
[23750 23797]
[23798 23925]
[23926 24054]
[24055 24247]
[24249 24382]
[24383 24590]
[24591 24718]
[24719 24772]
[24773 24917]
[24918 25052]
[25053 25101]
[25102 25229]
[25230 25261]
[25262 25365]
[25366 25464]
[25465 25656]
[25657 25749]
[25750 25801]
[25802 26018]
[26019 26086]
[26087 26188]
[26189 26259]
[26260 26450]
[26451 26494]
[26495 26721]
[26722 26919]
[26920 26973]
[26974 27086]
[27087 27311]
[27312 27419]
[27420 27489]
[27490 27584]
[27585 27686]
[27687 27805]
[27806 27900]
[27901 27969]
[27970 28043]
[28044 28110]
[28111 28159]
[28160 28453]
[28454 28549]
