[0 8]
[ 10 235]
[236 300]
[301 335]
[336 357]
[358 386]
[387 428]
[429 464]
[465 500]
[501 528]
[529 551]
[552 586]
[587 612]
[613 650]
[651 677]
[678 715]
[716 800]
[801 889]
[ 891 1384]
[1385 1716]
[1717 1739]
[1740 1752]
[1753 1790]
[1791 1809]
[1810 2185]
[2186 2219]
[2220 2333]
[2334 2453]
[2454 2545]
[2546 2635]
[2636 2700]
[2701 2758]
[2759 2796]
[2797 2834]
[2835 2887]
[2888 2922]
[2923 3018]
[3019 3062]
[3063 3114]
[3115 3162]
[3163 3190]
[3191 3262]
[3263 3316]
[3317 3369]
[3370 3704]
[3705 3739]
[3740 3786]
[3787 3827]
[3828 3864]
[3865 3904]
[3905 3944]
[3945 3985]
[3986 4023]
[4024 4176]
[4177 4216]
[4217 4256]
[4257 4298]
[4299 4343]
[4344 4394]
[4395 4443]
[4444 4492]
[4493 4539]
[4540 4583]
[4584 4635]
[4636 4696]
[4697 4882]
[4883 5265]
[5266 5327]
[5328 5390]
[5391 5465]
[5466 5524]
[5525 5657]
[5658 5715]
[5716 5739]
[5740 5764]
[5765 5818]
[5819 5976]
[5977 6032]
[6033 6079]
[6080 6102]
[6103 6147]
[6148 6207]
[6208 6276]
[6277 6332]
[6333 6391]
[6392 6446]
[6447 6496]
[6497 6748]
[6749 6841]
[6842 7305]
[7306 7370]
[7371 7480]
[7481 7538]
[7539 7606]
[7607 7673]
[7674 7750]
[7751 7770]
[7771 7813]
[7814 7874]
[7875 8055]
[8056 8107]
[8108 8178]
[8179 8253]
[8254 8396]
[8397 8752]
[8753 8789]
[8790 8849]
[8850 8908]
[8909 8983]
[8984 9043]
[9044 9115]
[9116 9172]
[9173 9232]
[9233 9290]
[9291 9385]
[9386 9474]
[9475 9551]
[9552 9637]
[9638 9725]
[9726 9823]
[9824 9904]
[9905 9965]
[ 9966 10004]
[10005 10758]
[10759 10807]
[10808 10862]
[10863 10927]
[10928 10970]
[10971 11029]
[11030 11101]
[11102 11160]
[11161 11179]
[11180 11216]
[11217 11332]
[11333 11375]
[11376 11421]
[11422 11436]
[11437 11504]
[11505 11530]
[11531 11586]
[11588 11634]
[11635 11676]
[11677 11714]
[11715 11741]
[11742 11791]
[11792 11886]
[11887 11910]
[11911 11948]
[11949 11999]
[12000 12035]
[12036 12153]
[12154 12239]
[12240 12305]
[12306 12328]
[12329 12635]
[12636 12812]
[12813 12881]
[12882 12981]
[12982 13040]
[13041 13107]
[13108 13353]
[13355 13521]
[13522 13694]
[13695 13763]
[13764 13846]
[13847 13893]
[13894 14420]
[14421 14475]
[14476 14628]
[14629 14800]
[14801 14868]
[14869 14960]
[14961 15086]
[15087 15135]
[15136 15194]
[15195 15331]
[15332 15395]
[15396 15820]
[15821 15891]
[15892 15926]
[15927 16005]
[16006 16054]
[16055 16114]
[16115 16181]
[16182 16223]
[16224 16252]
[16253 16302]
[16303 16349]
[16350 16425]
[16426 16458]
[16459 16494]
[16495 16568]
[16569 16638]
[16639 16712]
[16713 16755]
[16756 17413]
[17414 17487]
[17488 17566]
[17567 17643]
[17644 17702]
[17703 17765]
[17766 17844]
[17845 17920]
[17921 17998]
[17999 18201]
[18202 18278]
[18279 18351]
[18352 18403]
[18404 18442]
[18443 18667]
[18668 18755]
[18756 18824]
[18825 18904]
[18906 18990]
[18991 19076]
[19077 19158]
[19159 19230]
[19231 19302]
[19303 19396]
[19397 19471]
[19472 19551]
[19552 19698]
[19699 19735]
[19736 19797]
[19798 19866]
[19867 19934]
[19935 19970]
[19971 20016]
[20017 20046]
[20047 20112]
[20113 20148]
[20149 20186]
[20187 20223]
[20224 20308]
[20309 20598]
[20599 20683]
[20684 20750]
[20751 20942]
[20943 21062]
[21063 21165]
[21166 21417]
[21418 21603]
[21604 21709]
[21710 21819]
[21820 21884]
[21885 21981]
[21982 22048]
[22049 22109]
[22110 22432]
[22433 22493]
[22495 22546]
[22547 22584]
[22585 22652]
[22653 22722]
[22723 22768]
[22769 22806]
[22807 22862]
[22863 22910]
[22911 22974]
[22975 23046]
[23047 23458]
[23459 23517]
[23518 23554]
[23555 23594]
[23595 23613]
[23614 23692]
[23693 23782]
[23783 23799]
[23800 23850]
[23851 24065]
[24066 24240]
[24241 24307]
[24308 24346]
[24347 24393]
[24394 24467]
[24468 24554]
[24555 24617]
[24618 24694]
[24695 24809]
[24810 24854]
[24855 24932]
[24933 25245]
[25246 25423]
[25424 25681]
[25682 26037]
[26039 26070]
[26071 26124]
[26125 26150]
[26151 26209]
[26210 26372]
[26373 26405]
[26406 26457]
[26458 26528]
[26529 26595]
[26596 26680]
[26681 26772]
[26773 26846]
[26847 26956]
[26957 27008]
[27009 27200]
[27201 27616]
[27617 27683]
[27684 27758]
[27759 27871]
[27872 27991]
[27992 28215]
[28216 28448]
[28449 28702]
[28703 28861]
[28862 29094]
[29095 29287]
[29288 29360]
[29361 29408]
[29409 29484]
[29485 29581]
[29582 29660]
[29661 29714]
[29715 29755]
[29756 29800]
[29801 29818]
[29819 29861]
[29862 29923]
[29924 29952]
[29953 30026]
[30027 30311]
[30312 30399]
