[ 0 35]
[ 36 285]
[287 347]
[348 383]
[384 413]
[414 441]
[442 474]
[475 504]
[505 534]
[535 568]
[569 597]
[598 622]
[623 657]
[658 695]
[696 784]
[ 785 1120]
[1122 1170]
[1171 1211]
[1212 1251]
[1252 1303]
[1304 1350]
[1351 1380]
[1381 1439]
[1440 1506]
[1507 1575]
[1576 1635]
[1636 1684]
[1685 1747]
[1748 1818]
[1819 1850]
[1851 2390]
[2391 2458]
[2459 2518]
[2519 2578]
[2579 2672]
[2673 2742]
[2743 2798]
[2799 2855]
[2856 2917]
[2918 2935]
[2936 2995]
[2996 3061]
[3062 3118]
[3119 3195]
[3196 3227]
[3228 3265]
[3266 3327]
[3328 3377]
[3378 3444]
[3445 3503]
[3504 3560]
[3561 3598]
[3599 3628]
[3629 3675]
[3676 3709]
[3710 3761]
[3762 3792]
[3793 4261]
[4262 4296]
[4297 4382]
[4383 4443]
[4444 4474]
[4475 4507]
[4508 4526]
[4527 4553]
[4554 4576]
[4577 4662]
[4663 4693]
[4694 4749]
[4750 4802]
[4803 4982]
[4983 5132]
[5133 5169]
[5170 5207]
[5208 5295]
[5296 5340]
[5341 5410]
[5411 5459]
[5460 5519]
[5520 5563]
[5564 5620]
[5621 6318]
[6320 6370]
[6371 6402]
[6403 6437]
[6438 6468]
[6469 6500]
[6501 6534]
[6535 6578]
[6579 6623]
[6624 6652]
[6653 6685]
[6686 6802]
[6803 6854]
[6855 6910]
[6911 7010]
[7011 7046]
[7047 7078]
[7079 7108]
[7109 7148]
[7149 7372]
[7373 7426]
[7427 7490]
[7491 7565]
[7566 7633]
[7634 7733]
[7734 7806]
[7807 8238]
[8239 8286]
[8287 8353]
[8354 8525]
[8526 8577]
[8578 8666]
[8667 8775]
[8776 8988]
[8989 9093]
[9094 9376]
[9377 9441]
[9442 9667]
[9668 9847]
[9848 9912]
[9913 9963]
[ 9964 10006]
[10007 10108]
[10109 10330]
[10331 10417]
[10418 10490]
[10491 10619]
[10620 10695]
[10696 10944]
[10945 11054]
[11055 11385]
[11386 11544]
[11545 11913]
[11914 12037]
[12038 12112]
[12113 12258]
[12259 12316]
[12317 12365]
[12366 12417]
[12418 12469]
[12470 12729]
[12730 12851]
[12852 12973]
[12974 13090]
[13091 13133]
[13134 13215]
[13216 13330]
[13331 13385]
[13386 13426]
[13427 13508]
[13509 13628]
[13629 13939]
[13940 14032]
[14033 14100]
[14101 14195]
[14196 14394]
[14395 14612]
[14613 14777]
[14778 14926]
[14927 14995]
[14996 15019]
[15020 15064]
[15065 15100]
[15101 15133]
[15134 15175]
[15176 15236]
[15237 15285]
[15286 15330]
[15331 15435]
[15436 15759]
[15760 15821]
[15822 15961]
[15962 16030]
[16031 16150]
[16151 16175]
[16176 16241]
[16242 16318]
[16319 16374]
[16375 16429]
[16430 16533]
[16534 16586]
[16587 16640]
[16641 16683]
[16684 16716]
[16717 16791]
[16792 16888]
[16889 16952]
[16953 17275]
[17276 17330]
[17331 17378]
[17379 17437]
[17438 17474]
[17475 17513]
[17514 17561]
[17562 17613]
[17614 17657]
[17658 17760]
[17761 17811]
[17812 17870]
[17871 17947]
[17948 18167]
[18168 18316]
[18317 18393]
[18394 18479]
[18480 18545]
[18546 18596]
[18597 19483]
[19484 19541]
[19542 19622]
[19623 19755]
[19756 19803]
[19804 19882]
[19883 19986]
[19987 20050]
[20051 20136]
[20137 20233]
[20234 20286]
[20287 20343]
[20344 20417]
[20418 20475]
[20476 20564]
[20565 20642]
[20643 20689]
[20690 20785]
[20786 20881]
[20882 21424]
[21425 21470]
[21471 21523]
[21524 21675]
[21676 21715]
[21716 21793]
[21794 21837]
[21838 21883]
[21884 21938]
[21939 21987]
[21988 22611]
[22612 22733]
[22734 22818]
[22819 22896]
[22897 23015]
[23016 23293]
[23294 23381]
[23382 23472]
[23473 23589]
[23590 23764]
[23765 23839]
[23840 23909]
[23910 23981]
[23982 24105]
[24106 24393]
[24394 24449]
