[ 0 23]
[ 24 366]
[367 423]
[424 453]
[454 483]
[484 525]
[526 550]
[551 590]
[591 636]
[637 674]
[675 735]
[736 751]
[752 800]
[801 888]
[ 889 1002]
[1003 1363]
[1364 1504]
[1505 1599]
[1600 1678]
[1679 1737]
[1738 1793]
[1794 1855]
[1856 1924]
[1925 1992]
[1993 2060]
[2061 2125]
[2126 2180]
[2181 2253]
[2254 2318]
[2319 2374]
[2375 2492]
[2493 2519]
[2520 2561]
[2562 3116]
[3117 3239]
[3240 3307]
[3308 3376]
[3377 3400]
[3401 3454]
[3455 3577]
[3578 3666]
[3667 3733]
[3734 3824]
[3825 3900]
[3901 3941]
[3942 3991]
[3992 4502]
[4503 4583]
[4584 4736]
[4737 4819]
[4820 4894]
[4895 4973]
[4974 5044]
[5045 5089]
[5090 5143]
[5144 5266]
[5267 5400]
[5401 5441]
[5442 5477]
[5478 5506]
[5507 5576]
[5577 5651]
[5652 5717]
[5718 5799]
[5800 5843]
[5844 5879]
[5880 5912]
[5913 5940]
[5941 5989]
[5990 6696]
[6698 6763]
[6764 6837]
[6838 6890]
[6891 6963]
[6964 7032]
[7033 7095]
[7096 7155]
[7156 7194]
[7195 7243]
[7244 7467]
[7468 7552]
[7553 7601]
[7602 7657]
[7658 7724]
[7725 7793]
[7794 7830]
[7831 7956]
[7957 8010]
[8011 8067]
[8068 8093]
[8094 8134]
[8135 8202]
[8203 8606]
[8607 8674]
[8675 8725]
[8726 8754]
[8755 8898]
[8899 8963]
[8964 9000]
[9001 9076]
[9077 9127]
[9128 9163]
[9164 9198]
[9199 9227]
[9228 9239]
[9240 9368]
[9369 9420]
[9421 9442]
[9443 9543]
[9544 9588]
[9589 9671]
[9672 9737]
[9738 9791]
[9792 9877]
[9878 9949]
[ 9950 10047]
[10048 10091]
[10092 10134]
[10135 10425]
[10426 10681]
[10683 10726]
[10727 10771]
[10772 10811]
[10812 10839]
[10840 10883]
[10884 10921]
[10922 10956]
[10957 10992]
[10993 11032]
[11033 11065]
[11066 11187]
[11188 11251]
[11252 11312]
[11313 11383]
[11384 11481]
[11482 11560]
[11561 11653]
[11654 11795]
[11796 11907]
[11908 11965]
[11966 12000]
[12001 12059]
[12060 12113]
[12114 12180]
[12181 12324]
[12325 12363]
[12364 12398]
[12399 12425]
[12426 12447]
[12448 12504]
[12505 12558]
[12559 12604]
[12605 12634]
[12635 12663]
[12664 12698]
[12699 12767]
[12768 13190]
[13191 13232]
[13233 13308]
[13309 13366]
[13367 13386]
[13387 13447]
[13448 13506]
[13507 13566]
[13567 13580]
[13581 13652]
[13653 13723]
[13724 13746]
[13747 13785]
[13786 13826]
[13827 13865]
[13866 13885]
[13886 13913]
[13914 14330]
[14331 14396]
[14397 14517]
[14518 14610]
[14611 14679]
[14680 14767]
[14768 14795]
[14796 14851]
[14852 14892]
[14893 14963]
[14964 15031]
[15032 15082]
[15083 15158]
[15159 15224]
[15225 15270]
[15271 15323]
[15324 15609]
[15610 15692]
[15693 15800]
[15801 15822]
[15823 15879]
[15880 15908]
[15909 15943]
[15944 16027]
[16028 16099]
[16100 16148]
[16149 16190]
[16191 16548]
[16549 16599]
[16600 16650]
[16651 16730]
[16731 16813]
[16814 16878]
[16879 16942]
[16943 17032]
[17033 17145]
[17146 17184]
[17185 17233]
[17234 17378]
[17379 17525]
[17526 17782]
[17783 17917]
[17918 18048]
[18049 18138]
[18139 18194]
[18195 18302]
[18303 18339]
[18340 18376]
[18377 18413]
[18414 18450]
[18451 18487]
[18488 18572]
[18573 18608]
[18609 18687]
[18688 18779]
[18780 18901]
[18902 18957]
[18958 19014]
[19015 19053]
[19054 19090]
[19091 19161]
[19162 19208]
[19209 19324]
[19325 19355]
[19356 19382]
[19383 19445]
[19446 19496]
[19497 19844]
[19845 19919]
[19920 19974]
[19975 20052]
[20053 20110]
[20111 20170]
[20171 20265]
[20266 20314]
[20315 20357]
[20358 20501]
[20502 20615]
[20616 20724]
[20725 20785]
[20786 20862]
[20863 20918]
[20919 21000]
[21001 21073]
[21074 21198]
[21199 21347]
[21348 21452]
[21453 21533]
[21534 21587]
[21588 21640]
[21641 21680]
[21681 21727]
[21728 21857]
[21858 21916]
[21917 21982]
[21983 22039]
[22040 22132]
[22133 22194]
[22195 22278]
[22279 22395]
[22396 22450]
[22451 22503]
[22504 22544]
[22545 22599]
[22600 22613]
[22614 22693]
[22694 22744]
[22745 22796]
[22797 22828]
[22829 22873]
[22874 22998]
[22999 23128]
[23129 23411]
[23412 23597]
[23598 23695]
[23696 23735]
[23736 23852]
[23853 23935]
[23936 24013]
[24014 24083]
[24084 24151]
[24152 24221]
[24222 24319]
[24320 24379]
[24380 24530]
[24531 24567]
[24568 24671]
[24672 24742]
[24743 24830]
[24831 24885]
[24886 24919]
[24920 25041]
[25042 25096]
[25097 25263]
[25264 25356]
[25357 25391]
[25392 25436]
[25437 25482]
[25483 25543]
[25544 25591]
[25592 25649]
[25650 25715]
[25716 25787]
[25789 25832]
[25833 25900]
[25901 26002]
[26003 26076]
[26077 26225]
[26226 26379]
[26380 26467]
[26468 26515]
[26516 26593]
[26594 26665]
[26666 26905]
[26906 26963]
[26964 26997]
[26998 27048]
[27049 27091]
[27092 27148]
[27149 27476]
[27477 27640]
[27641 27750]
[27751 27776]
[27777 28017]
[28018 28089]
[28090 28488]
[28489 28549]
