[0 9]
[ 11 254]
[255 314]
[315 358]
[359 400]
[401 441]
[442 483]
[484 524]
[525 565]
[566 608]
[609 648]
[649 690]
[691 734]
[735 784]
[785 899]
[ 900 1148]
[1149 1189]
[1190 1260]
[1261 1317]
[1318 1480]
[1481 1538]
[1539 1597]
[1598 1658]
[1659 1692]
[1693 1828]
[1829 1890]
[1891 1950]
[1951 1972]
[1973 2006]
[2007 2034]
[2035 2050]
[2051 2074]
[2075 2134]
[2135 2185]
[2186 2448]
[2449 2500]
[2501 2538]
[2539 2580]
[2581 2904]
[2905 3013]
[3014 3068]
[3069 3135]
[3136 3203]
[3204 3267]
[3268 3339]
[3340 3399]
[3400 3554]
[3555 3593]
[3594 3652]
[3653 3725]
[3726 3784]
[3785 3819]
[3820 3839]
[3840 3888]
[3889 4006]
[4007 4082]
[4083 4158]
[4159 4311]
[4312 4329]
[4330 4386]
[4387 4474]
[4475 4556]
[4557 4598]
[4599 4618]
[4619 4671]
[4672 4730]
[4731 4807]
[4808 4880]
[4881 4938]
[4939 5022]
[5023 5092]
[5093 5156]
[5157 5238]
[5239 5318]
[5319 5375]
[5376 5455]
[5456 5743]
[5744 5778]
[5779 5909]
[5910 5975]
[5976 6026]
[6027 6102]
[6103 6173]
[6174 6250]
[6251 6385]
[6386 6436]
[6437 6493]
[6494 6561]
[6562 6619]
[6620 6712]
[6713 6782]
[6783 6852]
[6853 6920]
[6921 6977]
[6978 7053]
[7054 7110]
[7111 7352]
[7353 7404]
[7405 7458]
[7459 7507]
[7508 7548]
[7549 7580]
[7581 7638]
[7639 7694]
[7695 7718]
[7719 7752]
[7753 7780]
[7781 7833]
[7834 7903]
[7904 7962]
[7963 8103]
[8104 8148]
[8149 8186]
[8187 8218]
[8219 8249]
[8250 8323]
[8324 8393]
[8394 8469]
[8470 8547]
[8548 8672]
[8673 8718]
[8719 8761]
[8762 8806]
[8807 8852]
[8853 8952]
[8953 9112]
[9113 9368]
[9369 9662]
[9663 9682]
[9683 9736]
[9737 9859]
[9860 9926]
[9927 9959]
[ 9960 10050]
[10051 10104]
[10105 10206]
[10207 10479]
[10480 11115]
[11116 11184]
[11185 11250]
[11251 11318]
[11319 11392]
[11393 11499]
[11500 11761]
[11762 11813]
[11814 11862]
[11863 11886]
[11887 11946]
[11947 12003]
[12004 12061]
[12062 12109]
[12110 12143]
[12144 12223]
[12224 12287]
[12288 12350]
[12351 12411]
[12412 12464]
[12465 12494]
[12495 12556]
[12557 12622]
[12623 12977]
[12978 13962]
[13963 14226]
[14227 14306]
[14307 14433]
[14434 14513]
[14514 14598]
[14599 14655]
[14656 14725]
[14726 14805]
[14806 14940]
[14941 15074]
[15075 15120]
[15121 15165]
[15166 15209]
[15210 15254]
[15255 15303]
[15304 15348]
[15349 15393]
[15394 15428]
[15429 15513]
[15514 15885]
[15886 15996]
[15997 16066]
[16067 16219]
[16220 16386]
[16387 16471]
[16472 16758]
[16759 16867]
[16868 17071]
[17072 17376]
[17377 17505]
[17506 17551]
[17552 17626]
[17627 17740]
[17741 17777]
[17778 17828]
[17829 17999]
[18000 18046]
[18047 18140]
[18141 18205]
[18206 18314]
[18315 18423]
[18424 18467]
[18468 18519]
[18520 18633]
[18634 18665]
[18666 18801]
[18802 18884]
[18885 19185]
[19186 19247]
[19248 19358]
[19359 19471]
[19472 19520]
[19521 19552]
[19553 19906]
[19907 19989]
[19990 20095]
[20096 20184]
[20185 20477]
[20478 20597]
[20598 20650]
[20651 20721]
[20722 20790]
[20791 20865]
[20866 20931]
[20932 20995]
[20996 21039]
[21040 21208]
[21209 21297]
[21298 21349]
[21350 21414]
[21415 21575]
[21576 21628]
[21629 21823]
[21824 21844]
[21845 22137]
[22138 22239]
[22240 22284]
[22285 22398]
[22399 22502]
[22503 22610]
[22611 22705]
[22706 22814]
[22815 22918]
[22919 22947]
[22948 22963]
[22964 23038]
[23039 23091]
[23092 23174]
[23175 23709]
[23710 23799]
