[ 0 15]
[ 16 312]
[313 372]
[373 408]
[409 438]
[439 466]
[467 498]
[499 511]
[512 542]
[543 569]
[570 599]
[600 636]
[637 671]
[672 707]
[708 807]
[ 808 1153]
[1154 1260]
[1261 1388]
[1389 1526]
[1527 1652]
[1653 1805]
[1806 1929]
[1930 2054]
[2055 2179]
[2180 2304]
[2305 2429]
[2430 2557]
[2558 2927]
[2928 3101]
[3102 3154]
[3155 3199]
[3200 3314]
[3315 3366]
[3367 3523]
[3524 3604]
[3605 3686]
[3687 3762]
[3763 3830]
[3831 3908]
[3909 4007]
[4008 4124]
[4125 4249]
[4250 4298]
[4299 4783]
[4784 4828]
[4829 4922]
[4923 5031]
[5032 5114]
[5115 5191]
[5192 5257]
[5258 5303]
[5304 5350]
[5351 5478]
[5479 5549]
[5550 5638]
[5639 5764]
[5765 5865]
[5866 5928]
[5929 5986]
[5987 6033]
[6034 6086]
[6087 6128]
[6129 6186]
[6187 6620]
[6621 6677]
[6678 6736]
[6737 6796]
[6797 6896]
[6897 6953]
[6954 7078]
[7079 7198]
[7199 7268]
[7269 7372]
[7373 7425]
[7426 7547]
[7548 7595]
[7596 7790]
[7791 7873]
[7874 7930]
[7931 7996]
[7997 8075]
[8076 8425]
[8426 8519]
[8520 8621]
[8622 8715]
[8716 8795]
[8796 8866]
[8867 8953]
[8954 9054]
[9055 9168]
[9169 9330]
[9331 9597]
[9598 9634]
[9636 9701]
[9702 9806]
[ 9807 10005]
[10006 10180]
[10181 10416]
[10417 10481]
[10482 10559]
[10560 10610]
[10611 10657]
[10658 10698]
[10699 10739]
[10740 10796]
[10797 10849]
[10850 10901]
[10902 11000]
[11001 11419]
[11420 11520]
[11521 11625]
[11626 11713]
[11714 11844]
[11845 11941]
[11942 12041]
[12042 12135]
[12136 12274]
[12275 12370]
[12371 12432]
[12433 13010]
[13011 13101]
[13102 13206]
[13207 13296]
[13297 13381]
[13382 13455]
[13456 13556]
[13557 13618]
[13619 13697]
[13698 13759]
[13760 13926]
[13927 13984]
[13985 14182]
[14183 14431]
[14432 14555]
[14556 14566]
[14567 14595]
[14596 14650]
[14651 14695]
[14696 14748]
[14749 14798]
[14799 14842]
[14843 14935]
[14936 15001]
[15002 15123]
[15124 15181]
[15182 15246]
[15247 15309]
[15310 15422]
[15423 15606]
[15607 15694]
[15695 15731]
[15732 15791]
[15792 15874]
[15875 15916]
[15917 15963]
[15964 15996]
[15997 16045]
[16046 16358]
[16359 16410]
[16411 16477]
[16478 16508]
[16509 16555]
[16556 16612]
[16613 16917]
[16918 16977]
[16978 17037]
[17038 17118]
[17119 17170]
[17171 17225]
[17226 17261]
[17262 17297]
[17298 17482]
[17483 17540]
[17541 17606]
[17607 17700]
[17701 17741]
[17742 17795]
[17796 18064]
[18065 18154]
[18155 18226]
[18227 18288]
[18289 18375]
[18376 18445]
[18446 18679]
[18680 18752]
[18753 18815]
[18816 18900]
[18901 18969]
[18970 19046]
[19047 19097]
[19098 19194]
[19195 19253]
[19254 19321]
[19322 19414]
[19415 19752]
[19753 19830]
[19831 19923]
[19924 19999]
[20000 20075]
[20076 20132]
[20133 20216]
[20217 20360]
[20361 20440]
[20441 20514]
[20515 20600]
[20601 20959]
[20960 21049]
