[ 0 10]
[ 12 276]
[277 331]
[332 375]
[376 417]
[418 458]
[459 493]
[494 541]
[542 582]
[583 625]
[626 665]
[666 706]
[707 773]
[ 774 1277]
[1278 1353]
[1354 1515]
[1516 1640]
[1641 1763]
[1764 1830]
[1831 1905]
[1906 1972]
[1973 2045]
[2046 2104]
[2105 2168]
[2169 2239]
[2240 2388]
[2389 2527]
[2528 3118]
[3119 3205]
[3206 3384]
[3385 3610]
[3611 3659]
[3660 3732]
[3733 3826]
[3827 3938]
[3939 4039]
[4040 4140]
[4141 4244]
[4245 4337]
[4338 4457]
[4458 4500]
[4501 4601]
[4602 4728]
[4729 5137]
[5138 5193]
[5194 5257]
[5258 5317]
[5318 5371]
[5372 5408]
[5409 5477]
[5478 5561]
[5562 5636]
[5637 5708]
[5709 5776]
[5777 5833]
[5834 5879]
[5880 5946]
[5947 6007]
[6008 6065]
[6066 6128]
[6129 6680]
[6682 6719]
[6720 6761]
[6762 6831]
[6832 6911]
[6912 6958]
[6959 7107]
[7108 7181]
[7182 7253]
[7254 7372]
[7373 7418]
[7419 7464]
[7465 7574]
[7575 7610]
[7611 7650]
[7651 7705]
[7706 7747]
[7748 7787]
[7788 7916]
[7917 8022]
[8023 8093]
[8094 8155]
[8156 8652]
[8653 8719]
[8720 8763]
[8764 8922]
[8923 9041]
[9042 9165]
[9166 9200]
[9201 9258]
[9259 9365]
[9366 9395]
[9396 9433]
[9434 9487]
[9488 9554]
[9555 9632]
[9633 9693]
[9694 9769]
[9770 9814]
[9815 9880]
[9881 9990]
[ 9991 10063]
[10064 10741]
[10742 10780]
[10781 10831]
[10832 10879]
[10880 10982]
[10983 11031]
[11032 11114]
[11115 11152]
[11153 11223]
[11224 11263]
[11264 11306]
[11307 11403]
[11404 11451]
[11452 11513]
[11514 11746]
[11747 11792]
[11793 11853]
[11854 11892]
[11893 11926]
[11927 11975]
[11977 12026]
[12027 12080]
[12081 12183]
[12184 12595]
[12596 12706]
[12707 12808]
[12809 12969]
[12970 13040]
[13041 13086]
[13087 13176]
[13177 13273]
[13274 13378]
[13379 13503]
[13504 13580]
[13581 13942]
[13943 14062]
[14063 14121]
[14122 14222]
[14223 14332]
[14333 14485]
[14486 14635]
[14636 14920]
[14921 15050]
[15051 15462]
[15463 15527]
[15528 15609]
[15610 15680]
[15681 15833]
[15834 15929]
[15930 15989]
[15990 16041]
[16042 16093]
[16094 16186]
[16187 16247]
[16248 16290]
[16291 16362]
[16363 16871]
[16872 16940]
[16941 17020]
[17021 17098]
[17099 17166]
[17167 17216]
[17217 17297]
[17298 17372]
[17373 17449]
[17450 17528]
[17529 17655]
[17656 17704]
[17705 18319]
[18320 18406]
[18407 18583]
[18584 18648]
[18649 18681]
[18682 18813]
[18814 18928]
[18929 18983]
[18984 19125]
[19126 19177]
[19178 19345]
[19346 19402]
[19403 19472]
[19473 19617]
[19618 19775]
[19776 19821]
[19822 19875]
[19876 19916]
[19917 19955]
[19956 20003]
[20004 20057]
[20058 20106]
[20107 20211]
[20212 20811]
[20812 20945]
[20946 21136]
[21137 21262]
[21263 21376]
[21377 21427]
[21428 21585]
[21586 21670]
[21671 21751]
[21752 21901]
[21902 22070]
[22071 22670]
[22671 22732]
[22733 22879]
[22880 22965]
[22966 23012]
[23013 23201]
[23202 23256]
[23257 23336]
[23337 23582]
[23583 23599]
[23600 23633]
[23634 23728]
[23729 23810]
[23811 23924]
[23925 23959]
[23960 24011]
[24012 24064]
[24065 24142]
[24143 24184]
[24185 24246]
[24247 24662]
[24663 24736]
[24737 24810]
[24811 24883]
[24884 25028]
[25029 25153]
[25154 25273]
[25274 25375]
[25376 25453]
[25454 25557]
[25558 25707]
[25708 25769]
[25770 25910]
[25911 26570]
[26572 26690]
[26691 26773]
[26774 26810]
[26811 26844]
[26845 26894]
[26895 26945]
[26946 27000]
[27001 27095]
[27096 27161]
[27162 27283]
[27284 27333]
[27334 27371]
[27372 27456]
[27457 27582]
[27583 27711]
[27712 27781]
[27782 27829]
[27830 27881]
[27882 28285]
[28286 28553]
[28554 28603]
[28604 28776]
[28777 28991]
[28992 29076]
[29077 29239]
[29240 29351]
[29352 29521]
[29522 29712]
[29713 29783]
[29784 29872]
[29873 30313]
[30315 30421]
[30422 30504]
[30505 30606]
[30607 30712]
[30713 30776]
[30777 30833]
[30834 30895]
[30896 30943]
[30944 31033]
[31034 31083]
[31084 31195]
[31196 31329]
[31330 31455]
[31456 31867]
[31868 31929]
[31930 32076]
[32077 32319]
[32320 32409]
[32410 32499]
[32500 32567]
[32568 32679]
[32680 33134]
[33135 33188]
[33189 33228]
[33229 33308]
[33309 33322]
[33323 33347]
[33348 33370]
[33371 33398]
[33399 33424]
[33425 33654]
[33655 34062]
[34063 34199]
