[ 0 27]
[ 28 311]
[312 366]
[367 459]
[460 493]
[494 546]
[547 589]
[590 617]
[618 665]
[666 742]
[743 798]
[799 846]
[847 944]
[ 945 1378]
[1379 1449]
[1450 1537]
[1538 1611]
[1612 1673]
[1674 1746]
[1747 1891]
[1892 1956]
[1957 2031]
[2032 2089]
[2090 2141]
[2142 2199]
[2200 2273]
[2274 2330]
[2331 2404]
[2405 2886]
[2887 3149]
[3150 3203]
[3204 3280]
[3281 3351]
[3352 3415]
[3416 3473]
[3474 3541]
[3542 3612]
[3613 3692]
[3693 3798]
[3799 3835]
[3836 3878]
[3879 4338]
[4339 4392]
[4393 4461]
[4462 4520]
[4521 4590]
[4591 4667]
[4668 4736]
[4737 4777]
[4778 4912]
[4913 4971]
[4972 5038]
[5039 5080]
[5081 5133]
[5134 5185]
[5186 5246]
[5247 5275]
[5276 5307]
[5308 5388]
[5389 5436]
[5437 5485]
[5486 5541]
[5542 5573]
[5574 5612]
[5613 5665]
[5667 5716]
[5717 5757]
[5758 5792]
[5793 5827]
[5828 5878]
[5879 5923]
[5924 6042]
[6043 6359]
[6360 6486]
[6487 6534]
[6535 6607]
[6608 6667]
[6668 6693]
[6694 6742]
[6743 6777]
[6778 6829]
[6830 6925]
[6926 6980]
[6981 7041]
[7042 7120]
[7121 7168]
[7169 7226]
[7227 7261]
[7262 7334]
[7335 7386]
[7387 7465]
[7466 7515]
[7516 7557]
[7558 7606]
[7607 7643]
[7644 7680]
[7681 7718]
[7719 7773]
[7774 7808]
[7809 7841]
[7842 8326]
[8327 8386]
[8387 8450]
[8451 8508]
[8509 8564]
[8565 8613]
[8614 8674]
[8675 8728]
[8729 8799]
[8800 8872]
[8873 8931]
[8932 8990]
[8991 9037]
[9038 9083]
[9084 9192]
[9193 9264]
[9265 9293]
[9294 9356]
[9357 9397]
[9398 9444]
[9445 9496]
[9497 9537]
[9538 9557]
[9558 9637]
[9638 9708]
[9709 9793]
[9794 9849]
[9850 9918]
[9919 9987]
[ 9988 10031]
[10032 10097]
[10098 10144]
[10145 10191]
[10192 10287]
[10288 10812]
[10813 10869]
[10870 10925]
[10926 10985]
[10986 11044]
[11045 11218]
[11219 11320]
[11321 11382]
[11383 11473]
[11474 11538]
[11539 11574]
[11575 11602]
[11603 11642]
[11643 11688]
[11689 11765]
[11766 11806]
[11807 11838]
[11839 11882]
[11883 11914]
[11915 11945]
[11946 11996]
[11997 12073]
[12074 12129]
[12130 12213]
[12214 12290]
[12291 12333]
[12334 12546]
[12547 12636]
[12637 12749]
[12750 12846]
[12847 12954]
[12955 13021]
[13022 13103]
[13104 13181]
[13182 13246]
[13247 13326]
[13327 13625]
[13626 13736]
[13737 13795]
[13796 13984]
[13985 14133]
[14134 14269]
[14270 14344]
[14345 14421]
[14422 14494]
[14495 14565]
[14566 14824]
[14825 14888]
[14889 14944]
[14945 15002]
[15003 15071]
[15072 15177]
[15178 15300]
[15301 15455]
[15456 15510]
[15511 15735]
[15736 15840]
[15841 15922]
[15923 16017]
[16018 16114]
[16115 16188]
[16189 16257]
[16258 16327]
[16328 16395]
[16396 16463]
[16464 16550]
[16551 16677]
[16678 17080]
[17081 17123]
[17124 17170]
[17171 17234]
[17235 17645]
[17646 17698]
[17699 17757]
[17758 17806]
[17807 17879]
[17880 17975]
[17976 18203]
[18204 18288]
[18289 18347]
[18348 18391]
[18392 18460]
[18461 18527]
[18528 18570]
[18571 18629]
[18630 18698]
[18699 18734]
[18735 18812]
[18813 18877]
[18878 18956]
[18957 19072]
[19073 19495]
[19496 19593]
[19594 19675]
[19676 19776]
[19777 19896]
[19897 20019]
[20020 20148]
[20149 20316]
[20317 20496]
[20497 20620]
[20621 20776]
[20777 20858]
[20859 20909]
[20910 21581]
[21582 21674]
[21675 21711]
[21712 21809]
[21810 22011]
[22012 22145]
[22146 22215]
[22216 22265]
[22266 22335]
[22336 22400]
[22401 22480]
[22481 22548]
[22549 22655]
[22656 22722]
[22723 22783]
[22784 22866]
[22867 23122]
[23123 23216]
[23217 23339]
[23340 23411]
[23412 23490]
[23491 23584]
[23585 23626]
[23627 23670]
[23671 23706]
[23707 23762]
[23763 23910]
[23911 23952]
[23953 24007]
[24008 24181]
[24182 24270]
[24271 24322]
[24323 24374]
[24375 24572]
[24573 25002]
[25003 25149]
[25150 25269]
[25270 25420]
[25421 25476]
[25477 25504]
[25505 25565]
[25566 25668]
[25669 25731]
[25732 25790]
[25791 25922]
[25923 25961]
[25962 26294]
[26295 26432]
[26433 26600]
[26601 26681]
[26682 26769]
[26770 26853]
[26854 26934]
[26935 27008]
[27009 27127]
[27128 27176]
[27177 27225]
[27226 27261]
[27262 27314]
[27315 27370]
[27371 27439]
[27440 27500]
[27501 27547]
[27548 27606]
[27607 27667]
[27668 27729]
[27730 28159]
[28160 28371]
[28372 28476]
[28477 28571]
[28572 28612]
[28613 28695]
[28696 28800]
[28801 28946]
[28947 29078]
[29079 29113]
[29114 29155]
[29156 29311]
[29312 29555]
[29556 29669]
[29670 29714]
[29715 29807]
[29808 29945]
[29946 30032]
[30033 30145]
[30146 30223]
[30224 30393]
[30394 30528]
[30529 30876]
[30877 30949]
