[ 0 20]
[ 21 359]
[360 413]
[414 457]
[458 499]
[500 540]
[541 582]
[583 623]
[624 664]
[665 707]
[708 789]
[790 833]
[834 995]
[ 996 1493]
[1494 1742]
[1743 1978]
[1979 2034]
[2035 2097]
[2098 2149]
[2150 2202]
[2203 2236]
[2237 2441]
[2442 2553]
[2554 2619]
[2620 2674]
[2675 2714]
[2715 2760]
[2761 2818]
[2819 2891]
[2892 2919]
[2920 3379]
[3380 3416]
[3417 3468]
[3469 3520]
[3521 3571]
[3572 3606]
[3607 3648]
[3649 3685]
[3686 3721]
[3722 3751]
[3752 3798]
[3799 3850]
[3851 3897]
[3898 3951]
[3952 4008]
[4009 4036]
[4037 4099]
[4100 4140]
[4141 4158]
[4159 4227]
[4228 4282]
[4283 4329]
[4330 4355]
[4356 4416]
[4417 4481]
[4482 4500]
[4501 4541]
[4542 4630]
[4631 5270]
[5271 5324]
[5325 5388]
[5389 5454]
[5455 5507]
[5508 5567]
[5568 5625]
[5626 5682]
[5683 5749]
[5750 5823]
[5824 5893]
[5894 5946]
[5947 6009]
[6010 6081]
[6082 6131]
[6132 6171]
[6172 6237]
[6238 6305]
[6306 6374]
[6375 6458]
[6459 6524]
[6525 6581]
[6582 6641]
[6642 6694]
[6695 6741]
[6742 7117]
[7118 7189]
[7190 7247]
[7248 7305]
[7306 7358]
[7359 7439]
[7440 7518]
[7519 7594]
[7595 7667]
[7668 7706]
[7707 8018]
[8019 8126]
[8127 8245]
[8246 8345]
[8346 8453]
[8454 8484]
[8485 8602]
[8603 8895]
[8896 8948]
[8949 8998]
[8999 9063]
[9064 9143]
[9144 9181]
[9182 9221]
[9222 9287]
[9288 9366]
[9367 9450]
[9451 9537]
[9538 9634]
[9635 9765]
[9766 9835]
[9836 9914]
[9915 9986]
[ 9987 10054]
[10055 10121]
[10122 10229]
[10230 10327]
[10328 10406]
[10407 10471]
[10472 10517]
[10518 10560]
[10561 10605]
[10606 10651]
[10652 10700]
[10701 10751]
[10752 10805]
[10806 10904]
[10905 11282]
[11283 11379]
[11380 11447]
[11448 11530]
[11531 11691]
[11692 11786]
[11787 11865]
[11866 12003]
[12004 12081]
[12082 12155]
[12156 12241]
[12242 12323]
[12324 12402]
[12403 12487]
[12488 12495]
[12496 12777]
[12778 12939]
[12940 13107]
[13108 13262]
[13263 13403]
[13404 13558]
[13559 13613]
[13614 13765]
[13766 13845]
[13846 14238]
[14239 14416]
[14417 14578]
[14579 14895]
[14896 15022]
[15023 15082]
[15083 15169]
[15170 15239]
[15240 15297]
[15298 15429]
[15430 15468]
[15469 15725]
[15726 15875]
[15876 15956]
[15957 16034]
[16035 16116]
[16117 16269]
[16270 16375]
[16376 16526]
[16527 16607]
[16608 16671]
[16672 16987]
[16988 17092]
[17093 17167]
[17168 17307]
[17308 17412]
[17413 17530]
[17531 17627]
[17628 17747]
[17748 17836]
[17837 18140]
[18141 18817]
[18818 18935]
[18936 19062]
[19063 19186]
[19187 19244]
[19245 19290]
[19291 19333]
[19334 19378]
[19379 19424]
[19425 19473]
[19474 19515]
[19516 19555]
[19556 19687]
[19688 20001]
[20002 20133]
[20134 20264]
[20265 20475]
[20476 20619]
[20620 20738]
[20739 20817]
[20818 20984]
[20985 21098]
[21099 21351]
[21352 21432]
[21433 21538]
[21539 21761]
[21762 21810]
[21811 21874]
[21875 21950]
[21951 22034]
[22035 22090]
[22091 22192]
[22193 22256]
[22257 22327]
[22328 22398]
[22399 22469]
[22470 22520]
[22521 22857]
[22858 22934]
[22935 22973]
[22974 23030]
[23031 23116]
[23117 23131]
[23132 23177]
[23178 23273]
[23274 23374]
[23375 23408]
[23409 23445]
[23446 23634]
[23635 23820]
[23821 23997]
[23998 24055]
[24056 24102]
[24103 24158]
[24159 24487]
[24488 24547]
[24548 24599]
[24600 24680]
[24681 24776]
[24777 24867]
[24868 24939]
[24940 25135]
[25136 25175]
[25176 25217]
[25218 25261]
[25262 25292]
[25293 25335]
[25336 25768]
[25769 25898]
[25899 25968]
[25969 26120]
[26121 26263]
[26264 26384]
[26385 26594]
[26595 26845]
[26846 26981]
[26982 27063]
[27064 27120]
[27121 27155]
[27156 27211]
[27212 27600]
[27601 27674]
[27675 27794]
[27795 27819]
[27820 27846]
[27847 27922]
[27923 27999]
[28000 28047]
[28048 28067]
[28068 28110]
[28111 28238]
[28239 28254]
[28255 28305]
[28306 28330]
[28331 28399]
[28400 28489]
[28490 28511]
[28512 28578]
[28579 28654]
[28655 28675]
[28676 28706]
[28707 29059]
[29060 29153]
[29154 29187]
[29188 29352]
[29353 29363]
[29364 29495]
[29496 29671]
[29672 29827]
[29828 29958]
[29959 30031]
[30032 30078]
[30079 30223]
[30224 30337]
[30338 30494]
[30495 30579]
[30580 30651]
[30652 30701]
[30702 30771]
[30772 30843]
[30844 30961]
[30962 31052]
[31053 31126]
[31127 31210]
[31211 31296]
[31297 31671]
[31672 31749]
