[ 0 17]
[ 18 336]
[337 396]
[397 428]
[429 453]
[454 482]
[483 524]
[525 560]
[561 598]
[599 624]
[625 647]
[648 682]
[683 708]
[709 746]
[747 771]
[772 825]
[ 826 1288]
[1289 1403]
[1404 1514]
[1515 1600]
[1601 1706]
[1707 1840]
[1841 1929]
[1930 1995]
[1996 2057]
[2058 2103]
[2104 2186]
[2187 2318]
[2319 2791]
[2792 2958]
[2959 3020]
[3021 3094]
[3095 3145]
[3146 3186]
[3187 3213]
[3214 3367]
[3368 3493]
[3494 3513]
[3514 3540]
[3541 3634]
[3635 3709]
[3710 3963]
[3964 4016]
[4017 4073]
[4074 4251]
[4252 4303]
[4304 4369]
[4370 4438]
[4439 4759]
[4760 4817]
[4818 4867]
[4868 4918]
[4919 4957]
[4958 5067]
[5068 5192]
[5193 5249]
[5250 5340]
[5341 5415]
[5416 5461]
[5462 5531]
[5532 5565]
[5566 5611]
[5612 5750]
[5751 5807]
[5808 5900]
[5901 5942]
[5943 6005]
[6006 6061]
[6062 6150]
[6151 6265]
[6266 6314]
[6315 6831]
[6832 6929]
[6931 7014]
[7015 7050]
[7051 7121]
[7122 7308]
[7309 7342]
[7343 7432]
[7433 7514]
[7515 7567]
[7568 7611]
[7612 7657]
[7658 7712]
[7713 7746]
[7747 7858]
[7859 7920]
[7921 7965]
[7966 8033]
[8034 8098]
[8099 8139]
[8140 8190]
[8191 8238]
[8239 8253]
[8254 8793]
[8794 8888]
[8889 8976]
[8977 9014]
[9015 9049]
[9050 9142]
[9143 9238]
[9239 9309]
[9310 9381]
[9382 9440]
[9441 9478]
[9479 9507]
[9508 9560]
[9561 9624]
[9625 9658]
[9659 9703]
[9704 9817]
[9818 9862]
[9863 9897]
[9898 9951]
[9952 9998]
[ 9999 10038]
[10039 10071]
[10072 10100]
[10101 10128]
[10129 10168]
[10169 10199]
[10200 10320]
[10321 10359]
[10360 10389]
[10390 10429]
[10430 10450]
[10451 10500]
[10501 10568]
[10569 10592]
[10593 10642]
[10643 10673]
[10674 10765]
[10766 11074]
[11075 11132]
[11133 11234]
[11235 11352]
[11353 11434]
[11435 11507]
[11508 11612]
[11613 11644]
[11645 11677]
[11678 11762]
[11763 11830]
[11831 11908]
[11909 12011]
[12012 12457]
[12458 12512]
[12513 12593]
[12594 12663]
[12664 12778]
[12779 12823]
[12824 12916]
[12917 12976]
[12977 13056]
[13057 13144]
[13145 13194]
[13195 13379]
[13380 13523]
[13524 13664]
[13665 13747]
[13748 13825]
[13826 13884]
[13885 13948]
[13949 13955]
[13956 13995]
[13996 14125]
[14126 14163]
[14164 14266]
[14267 14682]
[14683 14754]
[14755 14795]
[14796 14824]
[14825 14880]
[14881 14929]
[14930 15026]
[15027 15085]
[15086 15161]
[15162 15220]
[15221 15282]
[15283 15342]
[15343 15398]
[15399 15470]
[15471 15593]
[15594 15624]
[15625 15661]
[15662 15697]
[15698 15743]
[15744 15773]
[15774 15809]
[15810 15839]
[15840 15875]
[15876 15938]
[15939 16035]
[16036 16440]
[16441 16478]
[16479 16531]
[16532 16567]
[16568 16624]
[16625 16781]
[16782 16839]
[16840 16898]
[16899 16959]
[16960 17021]
[17022 17043]
[17044 17156]
[17157 17200]
[17201 17331]
[17332 17353]
[17354 17748]
[17749 17857]
[17858 17983]
[17984 18088]
[18089 18282]
[18283 18347]
[18348 18461]
[18462 18538]
[18539 18646]
[18647 18746]
[18747 18809]
[18810 18944]
[18945 18979]
[18980 19046]
[19047 19126]
[19127 19175]
[19176 19465]
[19466 19571]
[19572 19720]
[19721 19771]
[19772 19813]
[19814 19895]
[19896 19984]
[19985 20072]
[20073 20119]
[20120 20172]
[20173 20272]
[20273 20376]
[20377 20523]
[20524 20620]
[20621 20795]
[20796 20847]
[20848 20992]
[20993 21121]
[21122 21341]
[21342 21456]
[21457 21649]
[21650 21812]
[21813 21879]
[21880 22040]
[22041 22114]
[22115 22193]
[22194 22425]
[22426 22484]
[22485 22549]
[22550 22977]
[22978 23087]
[23088 23146]
[23147 23302]
[23303 23322]
[23323 23388]
[23389 23570]
[23571 23642]
[23643 23701]
[23702 23763]
[23764 23815]
[23816 23880]
[23881 23905]
[23906 23945]
[23946 24043]
[24044 24132]
[24133 24168]
[24169 24205]
[24206 24240]
[24241 24297]
[24298 24343]
[24344 24371]
[24372 24453]
[24454 24565]
[24566 24789]
[24790 24857]
[24858 24882]
[24883 24937]
[24938 25002]
[25003 25126]
[25127 25164]
[25165 25187]
[25188 25215]
[25216 25255]
[25256 25283]
[25284 25366]
[25367 25505]
[25506 25547]
[25548 25579]
[25580 25619]
[25620 25664]
[25665 25691]
[25692 25753]
[25754 25788]
[25789 25883]
[25884 25969]
[25970 26114]
[26115 26141]
[26142 26242]
[26243 26340]
[26341 26446]
[26447 26512]
[26513 26553]
[26554 26606]
[26607 26771]
[26772 26895]
[26896 27040]
[27041 27128]
[27129 27238]
[27239 27947]
[27948 28030]
[28031 28160]
[28161 28405]
[28406 28449]
[28450 28564]
[28565 28673]
[28674 28764]
[28765 28831]
[28832 28901]
[28902 29063]
[29064 29689]
[29690 29799]
