[ 0 30]
[ 31 394]
[395 449]
[450 497]
[498 525]
[526 576]
[577 631]
[632 663]
[664 702]
[703 752]
[753 828]
[829 875]
[876 925]
[ 926 1024]
[1025 1531]
[1532 1602]
[1603 1670]
[1671 1703]
[1704 1746]
[1747 1844]
[1845 1904]
[1905 1947]
[1948 2151]
[2152 2389]
[2390 2480]
[2481 2503]
[2504 2565]
[2566 2621]
[2622 2696]
[2697 2821]
[2822 2892]
[2893 2966]
[2967 3014]
[3015 3066]
[3067 3533]
[3534 3577]
[3578 3629]
[3630 3662]
[3663 3692]
[3693 3726]
[3727 3813]
[3814 3891]
[3892 3923]
[3924 3959]
[3960 4053]
[4054 4111]
[4112 4172]
[4173 4207]
[4208 4264]
[4265 4407]
[4408 4445]
[4446 4487]
[4488 4516]
[4517 4544]
[4545 4684]
[4685 4712]
[4713 4751]
[4752 4902]
[4903 5045]
[5046 5101]
[5102 5573]
[5574 5776]
[5777 5935]
[5936 6081]
[6082 6166]
[6167 6394]
[6395 6611]
[6612 6653]
[6654 6785]
[6786 7036]
[7037 7066]
[7067 7155]
[7156 7212]
[7213 7285]
[7286 7359]
[7360 7451]
[7452 7487]
[7488 7557]
[7558 7619]
[7620 7682]
[7683 7756]
[7757 7804]
[7805 7919]
[7920 7988]
[7989 8055]
[8056 8163]
[8164 8222]
[8223 8312]
[8313 8399]
[8400 8753]
[8754 8790]
[8791 8871]
[8872 8891]
[8892 8900]
[8901 8934]
[8935 8984]
[8985 9031]
[9032 9119]
[9120 9293]
[9294 9338]
[9339 9433]
[9434 9468]
[9469 9543]
[9544 9622]
[ 9623 10148]
[10149 10241]
[10242 10362]
[10363 10448]
[10449 10504]
[10505 10614]
[10615 10652]
[10653 10797]
[10798 10822]
[10823 10856]
[10857 10893]
[10894 10984]
[10985 11046]
[11047 11101]
[11102 11134]
[11135 11195]
[11196 11374]
[11375 11416]
[11417 11512]
[11513 11553]
[11554 11602]
[11603 11660]
[11661 11734]
[11735 11783]
[11784 11823]
[11824 12140]
[12141 12322]
[12323 12407]
[12408 12672]
[12673 12765]
[12766 12857]
[12858 12953]
[12954 13049]
[13050 13231]
[13232 13299]
[13300 13603]
[13604 13730]
[13731 13826]
[13827 13908]
[13909 14025]
[14026 14062]
[14063 14085]
[14086 14182]
[14183 14283]
[14284 14306]
[14307 14462]
[14463 14539]
[14540 14616]
[14617 14980]
[14981 15069]
[15070 15147]
[15148 15233]
[15234 15321]
[15322 15404]
[15405 15484]
[15485 15562]
[15563 15633]
[15634 15707]
[15708 15779]
[15780 15855]
[15856 15927]
[15928 16003]
[16004 16069]
[16070 16138]
[16139 16214]
[16215 16220]
[16221 16612]
[16613 16669]
[16670 16813]
[16814 16963]
[16964 17000]
[17001 17078]
[17079 17134]
[17135 17278]
[17279 17325]
[17326 17371]
[17373 17378]
[17379 17426]
[17427 17491]
[17492 17576]
[17577 17835]
[17836 18226]
[18227 18500]
[18501 18694]
[18695 18734]
[18735 18801]
[18802 18889]
[18890 19141]
[19142 19421]
[19422 19721]
[19722 19778]
[19779 19934]
[19935 20076]
[20077 20166]
[20167 20199]
[20200 20345]
[20346 20403]
[20404 20471]
[20472 20551]
[20552 20672]
[20673 20761]
[20762 20808]
[20809 20881]
[20882 21371]
[21372 21401]
[21402 21451]
[21452 21501]
[21502 21550]
[21551 21600]
[21601 21650]
[21651 21700]
[21701 21750]
[21751 21800]
[21801 21850]
[21851 21900]
[21901 21950]
[21951 22000]
[22001 22050]
[22051 22100]
[22101 22173]
[22174 22373]
[22374 22423]
[22424 22472]
[22473 22522]
[22523 22534]
[22535 22933]
[22934 23158]
[23159 23242]
[23243 23316]
[23317 23404]
[23405 23503]
[23504 23570]
[23571 23581]
[23582 23629]
[23630 23697]
[23698 23797]
[23798 24014]
[24015 24040]
[24041 24450]
[24451 24549]
