[ 0 34]
[ 35 324]
[325 379]
[380 418]
[419 446]
[447 476]
[477 506]
[507 537]
[538 562]
[563 577]
[578 606]
[607 630]
[631 658]
[659 682]
[683 713]
[714 756]
[757 808]
[809 844]
[845 960]
[ 961 1344]
[1345 1462]
[1463 1556]
[1557 1637]
[1638 1685]
[1686 1882]
[1883 1961]
[1962 2061]
[2062 2207]
[2208 2321]
[2322 2363]
[2364 2414]
[2415 2499]
[2500 2577]
[2578 2642]
[2643 2686]
[2687 2786]
[2787 2892]
[2893 2982]
[2983 3087]
[3088 3163]
[3164 3743]
[3744 3814]
[3815 3862]
[3863 3912]
[3913 3958]
[3959 4006]
[4007 4049]
[4050 4099]
[4100 4169]
[4170 4201]
[4202 4217]
[4218 4252]
[4253 4294]
[4295 4338]
[4339 4389]
[4390 4414]
[4415 4454]
[4455 4497]
[4498 4537]
[4538 4590]
[4591 4634]
[4635 4675]
[4676 4696]
[4697 4757]
[4758 4795]
[4796 4866]
[4867 4908]
[4909 4955]
[4956 5011]
[5012 5030]
[5031 5095]
[5096 5150]
[5151 5196]
[5197 5247]
[5248 5298]
[5299 5331]
[5332 5336]
[5337 5766]
[5767 5950]
[5951 6081]
[6082 6154]
[6155 6192]
[6193 6236]
[6237 6256]
[6257 6302]
[6303 6340]
[6341 6389]
[6390 6519]
[6520 6600]
[6601 6681]
[6682 6725]
[6726 6799]
[6800 6862]
[6863 6898]
[6899 6938]
[6939 7007]
[7008 7094]
[7095 7153]
[7154 7209]
[7210 7280]
[7281 7364]
[7365 7455]
[7456 7527]
[7528 7585]
[7586 7679]
[7680 7721]
[7722 7799]
[7800 8204]
[8205 8240]
[8241 8394]
[8395 8492]
[8493 8552]
[8553 8621]
[8622 8690]
[8691 8762]
[8763 8829]
[8830 8957]
[8958 8990]
[8991 9034]
[9035 9085]
[9086 9154]
[9155 9206]
[9207 9272]
[9273 9332]
[9333 9506]
[9507 9631]
[9632 9751]
[9752 9808]
[9809 9871]
[9872 9915]
[9916 9988]
[ 9989 10014]
[10015 10056]
[10057 10091]
[10092 10249]
[10250 10518]
[10519 10605]
[10606 10719]
[10720 10880]
[10881 10991]
[10992 11107]
[11108 11141]
[11142 11324]
[11325 11407]
[11408 11494]
[11495 11624]
[11625 11631]
[11632 11695]
[11696 11782]
[11783 11850]
[11851 11877]
[11878 12261]
[12262 12301]
[12302 12339]
[12340 12384]
[12385 12694]
[12695 12860]
[12861 13119]
[13120 13151]
[13152 13174]
[13175 13414]
[13415 13717]
[13718 13978]
[13979 14282]
[14283 14337]
[14338 14619]
[14620 14736]
[14737 14831]
[14832 15031]
[15032 15190]
[15191 15272]
[15273 15379]
[15380 15470]
[15471 15523]
[15524 15584]
[15585 15623]
[15624 15662]
[15663 15703]
[15704 15852]
[15853 15970]
[15971 16375]
[16376 16498]
[16499 16541]
[16542 16788]
[16789 16809]
[16810 16991]
[16992 17044]
[17045 17063]
[17064 17177]
[17178 17267]
[17268 17386]
[17387 17426]
[17427 17504]
[17505 17543]
[17544 17596]
[17597 17618]
[17619 17665]
[17666 18144]
[18145 18275]
[18276 18314]
[18315 18423]
[18424 18509]
[18510 18554]
[18555 18755]
[18756 18848]
[18849 18992]
[18993 19077]
[19078 19190]
[19191 19273]
[19274 19354]
[19355 19690]
[19691 19789]
[19790 19883]
[19884 19920]
[19921 20012]
[20013 20079]
[20080 20117]
[20118 20194]
[20195 20260]
[20261 20299]
[20300 20318]
[20319 20397]
[20398 20412]
[20413 20457]
[20458 20493]
[20494 20555]
[20556 20629]
[20630 20708]
[20709 20752]
[20753 21169]
[21170 21350]
[21351 21466]
[21467 21554]
[21555 21608]
[21609 21651]
[21652 21782]
[21783 21885]
[21886 21927]
[21928 22007]
[22008 22061]
[22062 22166]
[22167 22226]
[22227 22288]
[22289 22353]
[22354 22481]
[22482 22579]
[22580 22648]
[22649 22859]
[22860 22934]
[22935 22986]
[22987 23028]
[23029 23101]
[23102 23133]
[23134 23206]
[23207 23268]
[23269 23298]
[23299 23347]
[23348 23429]
[23430 23590]
[23591 23659]
[23660 23707]
[23708 23763]
[23764 23804]
[23805 23823]
[23824 24343]
[24344 24399]
