[ 0 18]
[ 19 333]
[334 394]
[395 460]
[461 488]
[489 521]
[522 557]
[558 587]
[588 615]
[616 645]
[646 678]
[679 709]
[710 740]
[741 770]
[771 802]
[803 833]
[834 863]
[864 973]
[ 974 1293]
[1294 1514]
[1515 1587]
[1588 1662]
[1663 1910]
[1911 1971]
[1972 2083]
[2084 2152]
[2153 2205]
[2206 2242]
[2243 2293]
[2294 2350]
[2351 2373]
[2374 2459]
[2460 2520]
[2521 2603]
[2604 2981]
[2982 3020]
[3022 3076]
[3077 3145]
[3146 3183]
[3184 3274]
[3275 3384]
[3385 3508]
[3509 3571]
[3572 3639]
[3640 3702]
[3703 3780]
[3781 3857]
[3858 3978]
[3979 3999]
[4000 4068]
[4069 4106]
[4107 4172]
[4173 4239]
[4240 4302]
[4303 4606]
[4607 4693]
[4694 4783]
[4784 4873]
[4874 4936]
[4937 5008]
[5009 5074]
[5075 5206]
[5207 5294]
[5295 5364]
[5365 5412]
[5413 5479]
[5480 5573]
[5574 5665]
[5666 5733]
[5734 5826]
[5827 5900]
[5901 5992]
[5993 6394]
[6395 6467]
[6468 6528]
[6529 6574]
[6575 6627]
[6628 6691]
[6692 6739]
[6740 6840]
[6841 6913]
[6914 7133]
[7134 7234]
[7235 7349]
[7350 7395]
[7396 7447]
[7448 7497]
[7498 7946]
[7947 8106]
[8107 8156]
[8157 8221]
[8222 8295]
[8296 8387]
[8388 8429]
[8430 8559]
[8560 8636]
[8637 8701]
[8702 8726]
[8727 8759]
[8760 8815]
[8816 8966]
[8967 9022]
[9023 9056]
[9057 9128]
[9129 9170]
[9171 9293]
[9294 9339]
[9340 9404]
[9405 9459]
[9460 9513]
[9514 9559]
[9560 9611]
[9612 9831]
[ 9832 10157]
[10158 10241]
[10242 10324]
[10325 10433]
[10434 10524]
[10525 10638]
[10639 10682]
[10683 10748]
[10749 10820]
[10821 10871]
[10872 10915]
[10916 10957]
[10958 11005]
[11006 11065]
[11066 11128]
[11129 11249]
[11250 11301]
[11302 11354]
[11355 11416]
[11417 11491]
[11492 11544]
[11545 11588]
[11589 11634]
[11635 11690]
[11691 12093]
[12094 12125]
[12126 12172]
[12173 12218]
[12219 12251]
[12252 12271]
[12272 12314]
[12316 12380]
[12381 12430]
[12431 12487]
[12488 12533]
[12534 12645]
[12646 12740]
[12741 12753]
[12754 12787]
[12788 12837]
[12838 12901]
[12902 12973]
[12974 13049]
[13050 13106]
[13107 13170]
[13171 13228]
[13229 13243]
[13244 13302]
[13303 13354]
[13355 13412]
[13413 13447]
[13448 13497]
[13498 13532]
[13533 13974]
[13975 14090]
[14091 14172]
[14173 14258]
[14259 14350]
[14351 14447]
[14448 14556]
[14557 14645]
[14646 14773]
[14774 14890]
[14891 14974]
[14975 15053]
[15054 15152]
[15153 15372]
[15373 15796]
[15797 15834]
[15835 15879]
[15880 16000]
[16001 16056]
[16057 16089]
[16090 16135]
[16136 16342]
[16343 16492]
[16493 16561]
[16562 16703]
[16704 16826]
[16827 16955]
[16956 17039]
[17040 17088]
[17089 17159]
[17160 17224]
[17225 17656]
[17657 17709]
[17710 17794]
[17795 17852]
[17853 17949]
[17950 17990]
[17991 18041]
[18042 18114]
[18115 18194]
[18195 18232]
[18233 18282]
[18283 18342]
[18343 18394]
[18395 18432]
[18433 18458]
[18459 18567]
[18568 18628]
[18629 18695]
[18696 18753]
[18754 18825]
[18826 18883]
[18884 18927]
[18928 18976]
[18977 19055]
[19056 19415]
[19416 19529]
[19530 19592]
[19593 19641]
[19642 19672]
[19673 19717]
[19718 19761]
[19762 19814]
[19815 19856]
[19857 19889]
[19890 19949]
[19950 19992]
[19993 20026]
[20027 20151]
[20152 20178]
[20179 20242]
[20243 20290]
[20291 20325]
[20326 20350]
[20351 20398]
[20399 20419]
[20420 20480]
[20481 20509]
[20510 20571]
[20572 20649]
[20650 20743]
[20744 20784]
[20785 20850]
[20851 20902]
[20903 20934]
[20935 20976]
[20977 21309]
[21310 21463]
[21464 21605]
[21606 21730]
[21731 21845]
[21846 22033]
[22034 22159]
[22160 22216]
[22217 22260]
[22261 22299]
[22300 22344]
[22345 22396]
[22397 22445]
[22446 22492]
[22493 22535]
[22536 22572]
[22573 22656]
[22657 22878]
[22879 22938]
[22939 22986]
[22987 23030]
[23031 23131]
[23132 23190]
[23191 23248]
[23249 23294]
[23295 23337]
[23338 23390]
[23391 23441]
[23442 23472]
[23473 23489]
[23490 23537]
[23538 23601]
[23602 23656]
[23657 23704]
[23705 23747]
[23748 23845]
[23846 23883]
[23884 23936]
[23937 23971]
[23972 24236]
[24237 24332]
[24333 24385]
[24386 24423]
[24424 24470]
[24471 24575]
[24576 24717]
[24718 24900]
[24901 25033]
[25034 25158]
[25159 25271]
[25272 25741]
[25742 25782]
[25783 25826]
[25827 25882]
[25883 25920]
[25921 25980]
[25981 26032]
[26033 26095]
[26096 26142]
[26143 26187]
[26188 26237]
[26238 26323]
[26324 26377]
[26378 26447]
[26448 26503]
[26504 26818]
[26819 26908]
[26909 26995]
[26996 27063]
[27064 27160]
[27161 27203]
[27204 27238]
[27239 27428]
[27429 27467]
[27468 27562]
[27563 27599]
[27600 27816]
[27817 28019]
[28020 28135]
[28136 28268]
[28269 28405]
[28406 28477]
[28478 28545]
[28546 28624]
[28625 28671]
[28672 28722]
[28723 28795]
[28796 28852]
[28853 28913]
[28914 28939]
[28940 28959]
[28960 28994]
[28995 29036]
[29037 29060]
[29061 29087]
[29088 29121]
[29122 29123]
[29124 29151]
[29152 29187]
[29188 29215]
[29216 29240]
[29241 29255]
[29256 29288]
[29289 29317]
[29318 29347]
[29348 29429]
[29430 29455]
[29456 29491]
[29492 29502]
[29503 29530]
[29531 29574]
[29575 29600]
[29601 29621]
[29622 29637]
[29638 29672]
[29673 29700]
[29701 29777]
[29778 30062]
[30063 30140]
[30141 30221]
[30222 30291]
[30292 30373]
[30374 30445]
[30446 30514]
[30515 30595]
[30596 30682]
[30683 30750]
[30751 30817]
[30818 30873]
[30874 30963]
[30965 31523]
[31524 31599]
