[ 0 30]
[ 31 295]
[296 347]
[348 414]
[415 474]
[475 504]
[505 534]
[535 564]
[565 598]
[599 629]
[630 660]
[661 693]
[694 723]
[724 767]
[768 797]
[798 928]
[ 929 1251]
[1252 1321]
[1322 1388]
[1389 1465]
[1466 1553]
[1554 1695]
[1696 1729]
[1730 1775]
[1776 1860]
[1861 1904]
[1905 1981]
[1982 2025]
[2026 2055]
[2056 2229]
[2230 2262]
[2263 2294]
[2295 2333]
[2334 2360]
[2361 2495]
[2496 2545]
[2546 2584]
[2585 2613]
[2614 2654]
[2655 2721]
[2722 2784]
[2785 2827]
[2828 3252]
[3253 3433]
[3434 3519]
[3520 3614]
[3615 3679]
[3680 3736]
[3737 3918]
[3919 3920]
[3921 3959]
[3960 4025]
[4026 4090]
[4091 4160]
[4161 4235]
[4236 4572]
[4573 4773]
[4774 4824]
[4825 4906]
[4907 4958]
[4959 5242]
[5243 5340]
[5341 5404]
[5405 5461]
[5462 5518]
[5519 5545]
[5546 5617]
[5618 5664]
[5665 5731]
[5732 5768]
[5769 5810]
[5811 5895]
[5896 5993]
[5994 6082]
[6083 6189]
[6190 6276]
[6277 6337]
[6338 6416]
[6417 6500]
[6501 6539]
[6540 6619]
[6620 6631]
[6632 6910]
[6911 6958]
[6959 7121]
[7122 7209]
[7210 7525]
[7526 7585]
[7586 7642]
[7643 7705]
[7706 7766]
[7767 7840]
[7841 8494]
[8495 8560]
[8561 8640]
[8641 8723]
[8724 8809]
[8810 8900]
[8901 8918]
[8919 8971]
[8972 9032]
[9033 9177]
[9178 9230]
[9231 9282]
[9283 9349]
[9350 9450]
[9451 9659]
[9660 9711]
[9712 9824]
[9825 9876]
[ 9877 10011]
[10012 10082]
[10083 10150]
[10151 10419]
[10420 10481]
[10482 10508]
[10509 10611]
[10612 10666]
[10667 10745]
[10746 10808]
[10809 10883]
[10884 11013]
[11014 11074]
[11075 11147]
[11148 11249]
[11250 11520]
[11521 11625]
[11626 11991]
[11992 12092]
[12093 12143]
[12144 12283]
[12284 12370]
[12371 12451]
[12452 12554]
[12555 12622]
[12623 12725]
[12726 12773]
[12774 12854]
[12855 12913]
[12914 12974]
[12975 13034]
[13035 13139]
[13140 13210]
[13211 13266]
[13267 13309]
[13310 13408]
[13409 13475]
[13476 13562]
[13563 13665]
[13666 13747]
[13748 13835]
[13836 13893]
[13894 13935]
[13936 13982]
[13983 14024]
[14025 14073]
[14074 14126]
[14127 14169]
[14170 14207]
[14208 14244]
[14245 14330]
[14331 14756]
[14757 14813]
[14814 14863]
[14864 14926]
[14927 14966]
[14967 15026]
[15027 15099]
[15100 15147]
[15148 15297]
[15298 15540]
[15541 15600]
[15601 15657]
[15658 15714]
[15715 15776]
[15777 15837]
[15838 15901]
[15902 15959]
[15960 16012]
[16013 16406]
[16407 16485]
[16486 16540]
[16541 16584]
[16585 16626]
[16627 16765]
[16766 16820]
[16821 16881]
[16882 17011]
[17012 17073]
[17074 17171]
[17172 17296]
[17297 17417]
[17418 17470]
[17471 17578]
[17579 17859]
[17860 17905]
[17906 18057]
[18058 18099]
[18100 18146]
[18147 18207]
[18208 18321]
[18322 18381]
[18382 18471]
[18472 18563]
[18564 18589]
[18590 18660]
[18661 18724]
[18725 18789]
[18790 18857]
[18858 18912]
[18913 19191]
[19192 19259]
[19260 19413]
[19414 19497]
[19498 19579]
[19581 19908]
[19909 19987]
[19988 20142]
[20143 20367]
[20368 20479]
[20480 20665]
[20666 20944]
[20945 21024]
[21025 21074]
[21075 21135]
[21136 21191]
[21192 21234]
[21235 21312]
[21313 21353]
[21354 21407]
[21408 21459]
[21460 21525]
[21526 21578]
[21579 21635]
[21636 21680]
[21681 21738]
[21739 21804]
[21805 21857]
[21858 21928]
[21929 22194]
[22195 22260]
[22261 22328]
[22329 22403]
[22404 22468]
[22469 22534]
[22535 22600]
[22601 22681]
[22682 22741]
[22742 22802]
[22803 22889]
[22890 22946]
[22947 23004]
[23005 23058]
[23059 23119]
[23120 23176]
[23177 23237]
[23238 23293]
[23294 23352]
[23353 23421]
[23422 23483]
[23484 23581]
[23582 23663]
[23664 23720]
[23721 23757]
[23758 23797]
[23798 23834]
[23835 23930]
[23931 24230]
[24231 24303]
[24304 24379]
[24380 24458]
[24459 24534]
[24535 24601]
[24602 24677]
[24678 24752]
[24753 24825]
[24826 24902]
[24903 24976]
[24977 25045]
[25046 25110]
[25111 25393]
[25394 25817]
[25818 25942]
[25943 26067]
[26068 26302]
[26303 26572]
[26573 26633]
[26634 26697]
[26698 26780]
[26781 26865]
[26866 26899]
[26900 26990]
[26991 27076]
[27077 27147]
[27148 27209]
[27210 27271]
[27272 27334]
[27335 27397]
[27398 27471]
[27472 27558]
[27559 27628]
[27629 27691]
[27692 27760]
[27761 27838]
[27839 27918]
[27919 27999]
[28000 28063]
[28064 28131]
[28132 28190]
[28191 28236]
[28237 28488]
[28489 28586]
[28587 28639]
[28640 28708]
[28709 28770]
[28771 28848]
[28849 28906]
[28907 28944]
[28945 29016]
[29017 29058]
[29059 29111]
[29112 29215]
[29216 29307]
[29308 29353]
[29354 29422]
[29423 29452]
[29453 29489]
[29490 29749]
[29750 30536]
[30537 30661]
[30662 31069]
[31070 31179]
[31180 31487]
[31488 31560]
[31561 31703]
[31704 31774]
[31775 31841]
[31842 31908]
[31909 32133]
[32134 32214]
[32215 32277]
[32278 32363]
[32364 32439]
[32440 32522]
[32523 32586]
[32587 32657]
[32658 32724]
[32725 32794]
[32795 33180]
[33181 33351]
[33352 33412]
[33413 33499]
[33500 33567]
[33568 33711]
[33712 33809]
[33810 33865]
[33866 34050]
[34051 34121]
[34122 34397]
[34399 34499]
