[ 0 13]
[ 14 252]
[253 312]
[313 336]
[337 359]
[360 393]
[394 440]
[441 501]
[502 533]
[534 563]
[564 603]
[604 648]
[649 690]
[691 739]
[740 781]
[782 890]
[ 891 1450]
[1451 1526]
[1527 1575]
[1576 1620]
[1621 1668]
[1669 1754]
[1755 1804]
[1805 1854]
[1855 1907]
[1908 1965]
[1966 2005]
[2006 2074]
[2075 2128]
[2129 2203]
[2204 2245]
[2246 2331]
[2332 2391]
[2392 2440]
[2441 2479]
[2480 2562]
[2563 2735]
[2736 2781]
[2782 3159]
[3160 3214]
[3215 3235]
[3236 3299]
[3300 3342]
[3343 3359]
[3360 3401]
[3402 3437]
[3438 3506]
[3507 3523]
[3524 3631]
[3632 3677]
[3678 3741]
[3742 3795]
[3796 3828]
[3829 3881]
[3882 3946]
[3947 4029]
[4030 4114]
[4115 4165]
[4166 4193]
[4194 4237]
[4238 4311]
[4312 4404]
[4405 4462]
[4463 4516]
[4517 4558]
[4559 4596]
[4597 4632]
[4633 4969]
[4970 5928]
[5929 6003]
[6004 6086]
[6087 6165]
[6166 6244]
[6245 6334]
[6335 6388]
[6389 6443]
[6444 6486]
[6487 6564]
[6565 6639]
[6640 6706]
[6707 6793]
[6794 6874]
[6875 6938]
[6939 6969]
[6970 7001]
[7002 7172]
[7173 7434]
[7435 7510]
[7511 7587]
[7588 7668]
[7669 7752]
[7753 7830]
[7831 7898]
[7899 7946]
[7947 8000]
[8001 8104]
[8105 8183]
[8184 8258]
[8259 8333]
[8334 8471]
[8472 8521]
[8522 8571]
[8572 8620]
[8621 8766]
[8767 8842]
[8843 8919]
[8920 9071]
[9072 9350]
[9351 9420]
[9421 9482]
[9483 9556]
[9557 9633]
[9634 9675]
[9676 9746]
[9747 9827]
[9828 9899]
[9900 9985]
[ 9986 10066]
[10067 10144]
[10145 10230]
[10231 10285]
[10286 10346]
[10347 10413]
[10414 10471]
[10472 10517]
[10518 10595]
[10596 10718]
[10719 11071]
[11072 11162]
[11163 11217]
[11218 11271]
[11272 11315]
[11316 11365]
[11366 11443]
[11444 11755]
[11756 11834]
[11835 11935]
[11936 12035]
[12036 12136]
[12137 12235]
[12236 12354]
[12355 12635]
[12636 12731]
[12732 12861]
[12862 12977]
[12978 13080]
[13081 13248]
[13249 13501]
[13502 13562]
[13563 13684]
[13685 13820]
[13821 13882]
[13883 13959]
[13960 14073]
[14074 14175]
[14176 14279]
[14280 14377]
[14378 14458]
[14459 14524]
[14525 14602]
[14603 14672]
[14673 14795]
[14796 14808]
[14809 15099]
[15100 15163]
[15164 15234]
[15235 15296]
[15297 15358]
[15359 15414]
[15415 15472]
[15473 15538]
[15539 15687]
[15688 15763]
[15764 15833]
[15834 15892]
[15893 15945]
[15946 15999]
[16000 16133]
[16134 16191]
[16192 16555]
[16556 16672]
[16673 16746]
[16747 16823]
[16824 16938]
[16939 17023]
[17024 17061]
[17062 17101]
[17102 17157]
[17158 17193]
[17194 17430]
[17431 17477]
[17478 17526]
[17527 17727]
[17728 17861]
[17862 17930]
[17931 17996]
[17997 18052]
[18053 18139]
[18141 18192]
[18193 18299]
[18300 18520]
[18521 18613]
[18614 18725]
[18726 18811]
[18812 18907]
[18908 18997]
[18998 19098]
[19099 19184]
[19185 19269]
[19270 19383]
[19384 19440]
[19441 19510]
[19511 19739]
[19740 19858]
[19859 20103]
[20104 20279]
[20280 20367]
[20368 20457]
[20458 20548]
[20549 20644]
[20645 20737]
[20738 20829]
[20830 20894]
[20895 21408]
[21409 21478]
[21479 21567]
[21569 21645]
[21646 21751]
[21752 21810]
[21811 21912]
[21913 21967]
[21968 22044]
[22045 22137]
[22138 22260]
[22261 22356]
[22357 22408]
[22409 22460]
[22461 22565]
[22566 22961]
[22962 23047]
[23048 23137]
[23138 23263]
[23264 23345]
[23346 23451]
[23452 23562]
[23563 23694]
[23695 23766]
[23767 23886]
[23887 24007]
[24008 24091]
[24092 24205]
[24206 24286]
[24287 24411]
[24412 24474]
[24475 24891]
[24892 25278]
[25279 25331]
[25332 25385]
[25386 25443]
[25444 25715]
[25716 25876]
[25877 25968]
[25969 26080]
[26081 26209]
[26210 26344]
[26345 26400]
[26401 26625]
[26626 26796]
[26797 26898]
[26899 26971]
[26972 27025]
[27026 27108]
[27109 27152]
[27153 27261]
[27262 27389]
[27390 27490]
[27491 27578]
[27579 27691]
[27692 27751]
[27752 27875]
[27876 28116]
[28117 28185]
[28186 28240]
[28241 28296]
[28297 28347]
[28348 28412]
[28413 28465]
[28466 28585]
[28586 28645]
[28646 28736]
[28737 28805]
[28806 28852]
[28853 28880]
[28881 29099]
[29100 29199]
