[ 0 14]
[ 15 276]
[277 339]
[340 369]
[370 399]
[400 429]
[430 466]
[467 496]
[497 526]
[527 556]
[557 589]
[590 655]
[ 656 1263]
[1264 1328]
[1329 1358]
[1359 1405]
[1406 1450]
[1451 1484]
[1485 1551]
[1552 1599]
[1600 1644]
[1645 1679]
[1680 1717]
[1718 1767]
[1768 1840]
[1841 1919]
[1920 1946]
[1947 1980]
[1981 2027]
[2028 2085]
[2087 2119]
[2120 2152]
[2153 2186]
[2188 2207]
[2208 2334]
[2335 2370]
[2371 2401]
[2402 2432]
[2433 2517]
[2518 2536]
[2537 2554]
[2556 2603]
[2604 2641]
[2642 3214]
[3215 3269]
[3270 3338]
[3339 3389]
[3390 3490]
[3491 3545]
[3546 3600]
[3601 3712]
[3713 3743]
[3744 3780]
[3781 3816]
[3817 3854]
[3855 3934]
[3935 4006]
[4007 4060]
[4061 4242]
[4243 4296]
[4297 4348]
[4349 4403]
[4404 4458]
[4459 4519]
[4520 4589]
[4590 4634]
[4635 4671]
[4672 4715]
[4716 5165]
[5166 5222]
[5223 5278]
[5279 5330]
[5331 5371]
[5372 5427]
[5428 5545]
[5546 5607]
[5608 5655]
[5656 5753]
[5754 5807]
[5808 5847]
[5848 5934]
[5935 5995]
[5996 6031]
[6032 6087]
[6088 6183]
[6184 6240]
[6241 6297]
[6298 6377]
[6378 6425]
[6426 6464]
[6465 6517]
[6518 6544]
[6545 6588]
[6589 6648]
[6649 7048]
[7049 7104]
[7105 7164]
[7165 7235]
[7236 7299]
[7300 7342]
[7343 7390]
[7391 7545]
[7546 7648]
[7649 7753]
[7754 7816]
[7817 7853]
[7854 7948]
[7949 7976]
[7977 8004]
[8005 8114]
[8115 8161]
[8162 8228]
[8229 8308]
[8309 8390]
[8391 8458]
[8459 8534]
[8535 9046]
[9047 9111]
[9112 9205]
[9206 9261]
[9262 9324]
[9325 9394]
[9395 9435]
[9436 9534]
[9535 9778]
[9779 9865]
[9866 9948]
[ 9949 10008]
[10009 10073]
[10074 10163]
[10165 10234]
[10235 10322]
[10323 10483]
[10484 10598]
[10599 10642]
[10643 10687]
[10688 10730]
[10731 10778]
[10779 10827]
[10828 10874]
[10875 10917]
[10918 10954]
[10955 11037]
[11038 11302]
[11303 11393]
[11394 11506]
[11507 11726]
[11727 11781]
[11782 11911]
[11912 11962]
[11963 12071]
[12072 12142]
[12143 12239]
[12240 12331]
[12332 12426]
[12427 12542]
[12543 12607]
[12608 12672]
[12673 13172]
[13173 13253]
[13254 13318]
[13319 13394]
[13395 13435]
[13436 13517]
[13518 13602]
[13603 13663]
[13664 13737]
[13738 13846]
[13847 13922]
[13923 13984]
[13985 14078]
[14079 14148]
[14149 14195]
[14196 14312]
[14313 14652]
[14653 14754]
[14755 14839]
[14840 14909]
[14910 14993]
[14994 15094]
[15095 15171]
[15172 15280]
[15281 15338]
[15339 15414]
[15415 15456]
[15457 15529]
[15530 15661]
[15662 15718]
[15719 15788]
[15789 15848]
[15849 16204]
[16205 16255]
[16256 16316]
[16317 16381]
[16382 16441]
[16442 16502]
[16503 16556]
[16557 16612]
[16613 16675]
[16676 16738]
[16739 16964]
[16965 17018]
[17019 17082]
[17083 17139]
[17140 17184]
[17185 17265]
[17266 17331]
[17332 17375]
[17376 17457]
[17458 17559]
[17560 17674]
[17675 17731]
[17732 18039]
[18040 18083]
[18084 18128]
[18129 18296]
[18297 18352]
[18353 18433]
[18434 18478]
[18479 18511]
[18512 18549]
[18550 18585]
[18586 18676]
[18677 18763]
[18764 18815]
[18816 18860]
[18861 18994]
[18995 19082]
[19083 19167]
[19168 19514]
[19515 19590]
[19591 19630]
[19631 19684]
[19685 19755]
[19756 19839]
[19840 20019]
[20020 20091]
[20092 20153]
[20154 20245]
[20246 20307]
[20308 20416]
[20417 20469]
[20470 20515]
[20516 20640]
[20641 20859]
[20860 20956]
[20957 21009]
[21010 21053]
[21054 21097]
[21098 21141]
[21142 21189]
[21190 21238]
[21239 21285]
[21286 21328]
[21329 21356]
[21357 21446]
[21447 21821]
[21822 21877]
[21878 21925]
[21926 21969]
[21970 22070]
[22071 22129]
[22130 22187]
[22188 22233]
[22234 22276]
[22277 22329]
[22330 22376]
[22377 22406]
[22407 22423]
[22424 22471]
[22472 22535]
[22536 22590]
[22591 22630]
[22631 22671]
[22672 22769]
[22770 22807]
[22808 22831]
[22832 22880]
[22881 23139]
[23140 23206]
[23207 23282]
[23283 23359]
[23360 23426]
[23427 23501]
[23502 23576]
[23577 23649]
[23650 23764]
[23765 23983]
[23984 24048]
[24049 24078]
[24079 24150]
[24151 24214]
[24215 24269]
[24270 24332]
[24333 24414]
[24415 24472]
[24473 24534]
[24535 24612]
[24613 24666]
[24667 24771]
[24772 24849]
[24850 24957]
[24958 25023]
[25024 25084]
[25085 25382]
[25383 25443]
[25444 25505]
[25506 25551]
[25552 25645]
[25646 25710]
[25711 25774]
[25775 25840]
[25841 25890]
[25891 25942]
[25943 25995]
[25996 26224]
[26225 26330]
[26331 26541]
[26542 26665]
[26666 26764]
[26765 26858]
[26859 26956]
[26957 27004]
[27005 27043]
[27044 27119]
[27120 27185]
[27186 27258]
[27259 28054]
[28055 28097]
[28098 28144]
[28145 28204]
[28205 28288]
[28289 28345]
[28346 28394]
[28395 28492]
[28493 28516]
[28517 28598]
[28599 28696]
[28697 28762]
[28763 28835]
[28836 28920]
[28921 28996]
[28997 29066]
[29067 29126]
[29127 29189]
[29190 29249]
[29250 29293]
[29294 29373]
[29374 29715]
[29716 29799]
