[0 4]
[  5 249]
[250 310]
[311 353]
[354 394]
[395 478]
[479 520]
[521 601]
[602 643]
[644 680]
[681 748]
[ 749 1060]
[1061 1157]
[1158 1179]
[1180 1214]
[1215 1367]
[1368 1444]
[1445 1543]
[1544 1620]
[1621 1698]
[1699 1777]
[1778 1845]
[1846 2130]
[2131 2178]
[2179 2232]
[2233 2269]
[2270 2359]
[2360 2432]
[2433 2519]
[2520 2584]
[2585 2623]
[2624 2666]
[2667 2717]
[2718 2766]
[2767 2817]
[2818 2882]
[2883 3278]
[3279 3353]
[3354 3392]
[3393 3443]
[3444 3521]
[3522 3588]
[3589 3645]
[3646 3709]
[3710 3790]
[3791 3844]
[3845 4246]
[4247 4303]
[4304 4342]
[4343 4394]
[4395 4415]
[4416 4429]
[4430 4467]
[4468 4517]
[4518 4571]
[4572 4621]
[4622 4673]
[4674 4707]
[4708 4744]
[4745 4807]
[4808 4840]
[4841 4871]
[4872 4923]
[4924 5344]
[5345 5530]
[5531 5731]
[5733 5879]
[5880 6559]
[6560 6615]
[6616 6668]
[6669 6721]
[6722 6759]
[6760 6795]
[6796 6852]
[6853 6919]
[6920 6962]
[6963 7005]
[7006 7042]
[7043 7091]
[7092 7134]
[7135 7286]
[7287 7454]
[7455 7480]
[7481 7527]
[7528 7583]
[7584 7630]
[7631 7706]
[7707 7766]
[7767 7810]
[7811 7948]
[7949 8352]
[8353 8439]
[8440 8496]
[8497 8742]
[8744 8986]
[8989 9007]
[9008 9306]
[9308 9403]
[9404 9463]
[9464 9518]
[9519 9562]
[9563 9612]
[9613 9676]
[9677 9765]
[9766 9821]
[9822 9899]
[9900 9962]
[ 9963 10042]
[10043 10103]
[10104 10140]
[10141 10200]
[10201 10266]
[10267 10326]
[10327 10396]
[10397 10486]
[10487 10546]
[10547 10623]
[10624 10816]
[10817 10863]
[10864 10883]
[10884 10921]
[10922 10938]
[10939 10996]
[10997 11071]
[11072 11134]
[11135 11261]
[11262 11805]
[11806 11924]
[11925 12061]
[12062 12151]
[12152 12255]
[12256 12350]
[12351 12391]
[12392 12502]
[12503 12583]
[12584 12661]
[12662 12759]
[12760 12867]
[12868 13077]
[13078 13251]
[13252 13342]
[13343 13441]
[13442 13722]
[13723 13768]
[13769 13802]
[13803 13824]
[13825 13844]
[13845 13882]
[13883 13917]
[13918 13942]
[13943 13996]
[13997 14053]
[14054 14093]
[14094 14109]
[14110 14150]
[14151 14240]
[14241 14315]
[14317 14385]
[14386 14564]
[14565 14677]
[14678 14723]
[14724 14792]
[14793 14861]
[14862 15240]
[15241 15318]
[15319 15396]
[15397 15455]
[15456 15563]
[15564 15635]
[15636 15704]
[15705 15759]
[15760 16100]
[16101 16148]
[16149 16191]
[16192 16230]
[16231 16269]
[16270 16331]
[16332 16645]
[16646 16669]
[16670 16703]
[16704 16751]
[16752 16797]
[16798 16836]
[16837 16886]
[16887 16958]
[16959 17014]
[17015 17068]
[17069 17162]
[17163 17207]
[17208 17271]
[17272 17346]
[17347 17453]
[17454 17506]
[17507 17578]
[17579 17604]
[17605 17648]
[17649 17698]
[17699 17745]
[17746 17784]
[17785 17834]
[17835 18225]
[18226 18382]
[18383 18474]
[18475 18614]
[18615 18717]
[18718 18850]
[18851 18949]
[18950 19125]
[19126 19275]
[19276 19389]
[19390 19690]
[19691 19802]
[19803 19878]
[19879 20014]
[20015 20075]
[20076 20114]
[20115 20168]
[20169 20306]
[20307 20477]
[20478 20576]
[20577 20652]
[20653 20702]
[20703 20827]
[20828 20884]
[20885 20949]
[20950 21007]
[21008 21054]
[21055 21129]
[21130 21267]
[21268 21676]
[21677 21718]
[21719 21754]
[21755 21834]
[21835 21935]
[21936 22040]
[22041 22071]
[22072 22204]
[22205 22245]
[22246 22285]
[22286 22363]
[22364 22419]
[22420 22588]
[22589 22978]
[22979 23059]
[23060 23283]
[23284 23376]
[23377 23458]
[23459 23536]
[23537 23606]
[23607 23684]
[23685 23748]
[23749 23841]
[23842 24202]
[24203 24272]
[24273 24333]
[24334 24386]
[24387 24531]
[24532 24630]
[24631 24856]
[24857 24906]
[24907 24946]
[24947 24983]
[24984 24990]
[24991 25035]
[25036 25064]
[25065 25335]
[25336 25381]
[25382 25424]
[25425 25466]
[25467 25522]
[25523 25879]
[25881 26012]
[26013 26092]
[26093 26207]
[26208 26280]
[26281 26342]
[26343 26439]
[26440 26514]
[26515 26575]
[26576 26631]
[26632 27115]
[27116 27178]
[27179 27220]
[27221 27261]
[27262 27317]
[27318 27367]
[27368 27413]
[27414 27458]
[27459 27502]
[27503 27540]
[27541 27585]
[27586 27625]
[27626 27663]
[27664 27712]
[27713 27770]
[27771 27833]
[27834 27892]
[27893 27947]
[27948 28021]
[28022 28123]
[28124 28326]
[28328 28391]
[28392 28478]
[28479 28546]
[28547 28601]
[28602 28690]
[28691 28809]
[28810 28885]
[28886 28938]
[28939 28998]
[28999 29044]
[29045 29104]
[29105 29287]
[29288 29431]
[29432 29573]
[29574 29655]
[29656 29734]
[29735 29816]
[29817 29888]
[29889 30113]
[30114 30161]
[30162 30223]
[30224 30262]
[30263 30339]
[30340 30407]
[30408 30471]
[30472 30522]
[30523 30567]
[30568 30628]
[30629 30706]
[30707 30824]
[30826 30876]
[30877 30954]
[30955 31042]
[31043 31177]
[31178 31185]
[31186 31447]
[31448 31470]
[31471 31578]
[31579 31765]
[31766 31813]
[31814 31882]
[31883 32404]
[32405 32555]
[32556 32703]
[32704 33759]
[33760 34133]
[34134 34199]
