[ 0 27]
[ 28 284]
[285 344]
[345 384]
[385 433]
[434 472]
[473 503]
[504 551]
[552 580]
[581 596]
[597 654]
[655 691]
[692 720]
[721 764]
[765 807]
[808 919]
[ 920 1648]
[1649 1687]
[1688 1760]
[1761 1845]
[1846 1895]
[1896 1944]
[1945 1983]
[1984 2036]
[2037 2125]
[2126 2162]
[2163 2209]
[2210 2250]
[2251 2288]
[2289 2339]
[2340 2465]
[2466 2527]
[2528 2563]
[2564 2605]
[2606 2654]
[2655 2775]
[2776 2832]
[2833 2916]
[2917 2978]
[2979 3060]
[3061 3109]
[3110 3165]
[3166 3561]
[3562 3591]
[3592 3629]
[3630 3658]
[3659 3709]
[3710 3747]
[3748 3808]
[3809 3837]
[3838 3877]
[3878 3903]
[3904 4028]
[4029 4063]
[4064 4102]
[4103 4144]
[4145 4186]
[4187 4263]
[4264 4381]
[4382 4429]
[4430 4486]
[4487 4527]
[4528 4571]
[4572 4614]
[4615 4804]
[4805 4862]
[4863 4893]
[4894 4927]
[4928 5009]
[5010 5044]
[5045 5100]
[5101 5542]
[5543 5607]
[5608 5694]
[5695 5757]
[5758 5817]
[5818 5887]
[5888 5957]
[5958 5973]
[5974 6020]
[6021 6090]
[6091 6160]
[6161 6230]
[6231 6301]
[6302 6324]
[6325 6390]
[6391 6426]
[6427 6452]
[6453 6522]
[6523 6613]
[6614 6956]
[6957 7052]
[7053 7148]
[7149 7317]
[7318 7429]
[7430 7495]
[7496 7599]
[7600 7685]
[7686 7770]
[7771 7850]
[7851 7952]
[7953 8071]
[8072 8138]
[8139 8206]
[8207 8380]
[8381 8479]
[8480 8622]
[8623 8654]
[8655 8749]
[8750 8807]
[8808 8898]
[8899 8974]
[8975 9013]
[9014 9140]
[9141 9292]
[9293 9323]
[9324 9372]
[9373 9434]
[9435 9485]
[9486 9581]
[9582 9990]
[ 9991 10024]
[10025 10066]
[10067 10138]
[10139 10172]
[10173 10220]
[10221 10258]
[10259 10326]
[10327 10391]
[10392 10443]
[10444 10609]
[10610 10655]
[10656 10690]
[10691 10717]
[10718 10764]
[10765 10829]
[10830 10856]
[10857 10890]
[10891 11000]
[11001 11023]
[11024 11060]
[11062 11100]
[11101 11177]
[11178 11267]
[11268 11334]
[11335 11652]
[11653 11709]
[11710 11816]
[11817 11855]
[11856 11894]
[11895 11939]
[11940 11980]
[11981 12036]
[12037 12143]
[12144 12210]
[12211 12291]
[12292 12355]
[12356 12407]
[12408 12449]
[12450 12535]
[12536 12624]
[12625 12683]
[12684 12743]
[12744 12857]
[12858 12906]
[12907 12984]
[12985 13344]
[13345 13460]
[13461 13555]
[13556 13635]
[13636 13724]
[13725 13823]
[13824 13929]
[13930 13963]
[13964 14006]
[14007 14080]
[14081 14140]
[14141 14211]
[14212 14624]
[14625 14653]
[14654 14825]
[14826 14890]
[14891 14900]
[14901 14923]
[14924 15108]
[15109 15186]
[15187 15293]
[15294 15319]
[15320 16024]
[16025 16095]
[16096 16160]
[16161 16315]
[16316 16372]
[16373 16465]
[16466 16547]
[16548 16593]
[16594 16630]
[16631 16690]
[16691 16727]
[16728 16783]
[16784 16919]
[16920 16952]
[16953 16991]
[16992 17024]
[17025 17075]
[17076 17161]
[17162 17566]
[17567 17622]
[17623 17674]
[17675 17736]
[17737 17808]
[17809 17870]
[17871 17948]
[17949 18010]
[18011 18081]
[18082 18130]
[18131 18280]
[18281 18327]
[18328 18356]
[18357 18412]
[18413 18481]
[18482 18545]
[18546 18646]
[18647 18732]
[18733 18787]
[18788 18825]
[18826 18975]
[18976 18996]
[18997 19113]
[19114 19159]
[19160 19248]
[19249 19422]
[19423 19699]
[19700 19780]
[19781 19833]
[19834 19875]
[19876 19925]
[19926 19968]
[19969 20035]
[20036 20095]
[20096 20154]
[20155 20214]
[20215 20276]
[20277 20331]
[20332 20366]
[20367 20425]
[20426 20477]
[20478 20535]
[20536 20605]
[20606 20684]
[20685 20745]
[20746 20809]
[20810 21195]
[21196 22190]
[22191 22484]
[22485 22594]
[22595 22806]
[22807 23003]
[23004 23094]
[23095 23159]
[23160 23234]
[23235 23309]
[23310 23401]
[23402 23663]
[23664 23752]
[23753 23805]
[23806 23857]
[23858 23942]
[23943 23994]
[23995 24068]
[24069 24130]
[24131 24215]
[24216 24308]
[24309 24373]
[24374 24599]
[24600 24699]
[24700 24806]
[24807 24874]
[24875 25124]
[25125 25150]
[25151 25301]
[25302 25356]
[25357 25542]
[25543 25604]
[25605 26072]
[26073 26406]
[26407 26675]
[26676 26743]
[26744 26783]
[26784 26835]
[26836 26922]
[26923 26988]
[26989 27047]
[27048 27279]
[27280 27367]
[27368 27630]
[27631 27797]
[27798 27926]
[27927 28081]
[28082 28216]
[28217 28503]
[28504 28957]
[28958 29676]
[29677 30073]
[30074 30631]
[30632 30925]
[30926 31046]
[31047 31168]
[31169 31280]
[31281 31391]
[31392 31507]
[31508 31641]
[31642 31713]
[31714 31952]
[31953 32049]
