[ 0 36]
[ 37 449]
[450 496]
[497 538]
[539 577]
[578 623]
[624 668]
[669 700]
[701 747]
[748 791]
[792 832]
[833 872]
[873 919]
[920 970]
[ 971 1073]
[1074 1734]
[1735 1772]
[1773 1830]
[1831 1875]
[1876 1940]
[1941 2024]
[2025 2077]
[2078 2124]
[2125 2148]
[2149 2236]
[2237 2291]
[2292 2360]
[2361 2401]
[2402 2441]
[2442 2494]
[2495 2572]
[2573 2723]
[2724 2778]
[2779 2840]
[2841 2910]
[2911 2987]
[2988 3051]
[3052 3117]
[3118 3168]
[3169 3230]
[3231 3874]
[3875 3913]
[3914 3945]
[3946 3992]
[3993 4062]
[4063 4110]
[4111 4175]
[4176 4264]
[4265 4281]
[4282 4384]
[4385 4449]
[4450 4487]
[4488 4553]
[4554 4626]
[4627 4648]
[4649 4683]
[4684 4720]
[4721 4728]
[4729 4823]
[4824 4930]
[4931 4976]
[4977 5005]
[5006 5076]
[5077 5130]
[5131 5228]
[5229 5327]
[5328 5431]
[5432 5920]
[5921 5943]
[5944 6094]
[6095 6132]
[6133 6195]
[6196 6343]
[6344 6488]
[6489 6597]
[6598 6846]
[6847 6879]
[6880 7474]
[7475 7574]
[7575 7649]
[7650 7711]
[7712 7759]
[7760 7800]
[7801 7847]
[7848 7886]
[7887 7920]
[7921 7956]
[7957 7997]
[7998 8036]
[8037 8102]
[8103 8185]
[8186 8266]
[8267 8327]
[8328 8405]
[8406 8502]
[8503 8587]
[8588 8734]
[8735 8871]
[8872 8970]
[8971 9064]
[9065 9349]
[9350 9406]
[9407 9534]
[9535 9589]
[9590 9665]
[9666 9734]
[9735 9838]
[9839 9951]
[ 9952 10030]
[10031 10176]
[10177 10216]
[10217 10246]
[10247 10320]
[10321 10385]
[10386 10450]
[10451 10511]
[10512 10576]
[10577 10637]
[10638 10704]
[10705 10809]
[10810 10871]
[10872 11312]
[11313 11367]
[11368 11427]
[11428 11484]
[11485 11532]
[11533 11574]
[11575 11649]
[11650 11700]
[11701 11742]
[11743 11892]
[11893 11946]
[11947 12014]
[12015 12046]
[12047 12093]
[12094 12138]
[12139 12182]
[12183 12236]
[12237 12279]
[12280 12312]
[12313 12354]
[12355 12399]
[12400 12451]
[12452 12492]
[12493 12523]
[12524 12551]
[12552 12646]
[12647 12733]
[12734 12813]
[12814 12864]
[12865 12914]
[12915 12967]
[12968 13018]
[13019 13065]
[13066 13106]
[13107 13147]
[13148 13215]
[13216 13267]
[13268 13410]
[13411 13797]
[13798 13965]
[13966 14083]
[14084 14187]
[14188 14268]
[14269 14346]
[14347 14441]
[14442 14552]
[14553 14627]
[14628 14705]
[14706 15093]
[15094 15207]
[15208 15266]
[15267 15372]
[15373 15471]
[15472 15599]
[15600 15851]
[15852 15918]
[15919 15962]
[15963 16017]
[16018 16097]
[16098 16115]
[16116 16174]
[16175 16258]
[16259 16315]
[16316 16326]
[16327 16415]
[16416 16690]
[16691 16734]
[16735 16810]
[16811 16840]
[16841 16922]
[16923 16962]
[16963 17007]
[17008 17085]
[17086 17153]
[17154 17230]
[17231 17365]
[17366 17459]
[17460 17498]
[17499 17525]
[17526 17600]
[17601 17715]
[17716 17773]
[17774 18096]
[18097 18144]
[18145 18264]
[18265 18351]
[18352 18424]
[18425 18465]
[18466 18565]
[18566 18673]
[18674 18737]
[18738 18781]
[18782 18838]
[18839 18855]
[18856 18969]
[18970 19062]
[19063 19214]
[19215 19356]
[19357 19412]
[19413 19786]
[19787 19846]
[19847 19900]
[19901 19970]
[19971 20029]
[20030 20071]
[20072 20198]
[20199 20253]
[20254 20323]
[20324 20370]
[20371 20410]
[20411 20459]
[20460 20521]
[20522 20577]
[20578 20636]
[20637 20699]
[20700 21022]
[21023 21264]
[21265 21368]
[21369 21445]
[21446 21677]
[21678 21786]
[21787 21905]
[21906 21944]
[21945 21983]
[21984 22023]
[22024 22144]
[22145 22307]
[22308 22389]
[22390 22439]
[22440 22619]
[22620 22680]
[22681 22729]
[22730 22785]
[22786 22879]
[22880 23195]
[23196 23369]
[23370 23461]
[23462 23613]
[23614 23766]
[23767 23836]
[23837 23930]
[23931 23996]
[23997 24034]
[24035 24369]
[24370 24898]
[24899 25240]
[25241 25314]
[25315 25559]
[25560 25735]
[25736 25804]
[25805 25861]
[25862 25931]
[25932 25988]
[25989 26334]
[26335 26407]
[26408 26497]
[26498 26583]
[26584 26613]
[26614 26649]
[26650 26690]
[26691 26786]
[26787 26841]
[26842 26864]
[26865 26950]
[26951 27006]
[27007 27076]
[27077 27172]
[27173 27254]
[27255 27322]
[27323 27646]
[27647 28097]
[28098 28215]
[28216 28306]
[28307 28416]
[28417 28501]
[28502 28739]
[28740 29046]
[29047 29602]
[29603 29710]
[29711 29796]
[29797 29894]
[29895 29984]
[29985 30067]
[30068 30177]
[30178 30254]
[30255 30336]
[30337 30415]
[30416 30485]
[30486 30545]
[30546 30794]
[30795 31165]
[31166 31303]
[31304 31353]
[31354 31489]
[31490 31598]
[31599 31722]
[31723 31815]
[31816 31866]
[31867 32101]
[32102 32162]
[32163 32262]
[32263 32336]
[32337 32433]
[32434 32537]
[32538 32571]
[32572 32625]
[32626 32726]
[32727 32799]
[32800 32890]
[32891 32964]
[32965 33003]
[33004 33278]
[33280 33349]
