[ 0 27]
[ 28 278]
[279 332]
[333 368]
[369 398]
[399 426]
[427 459]
[460 489]
[490 519]
[520 552]
[553 583]
[584 647]
[648 678]
[679 700]
[701 753]
[ 754 1098]
[1099 1132]
[1133 1175]
[1176 1218]
[1219 1260]
[1261 1384]
[1385 1455]
[1456 1516]
[1517 1587]
[1588 1647]
[1648 1809]
[1810 1904]
[1905 2030]
[2031 2086]
[2087 2188]
[2189 2359]
[2360 2540]
[2541 2618]
[2619 2674]
[2675 2826]
[2827 2907]
[2908 2965]
[2966 3286]
[3287 3387]
[3388 3436]
[3437 3557]
[3558 3635]
[3636 3766]
[3767 3868]
[3869 3970]
[3971 4064]
[4065 4195]
[4196 4228]
[4229 4337]
[4338 4577]
[4578 4672]
[4673 4765]
[4766 4843]
[4844 4943]
[4944 5032]
[5033 5133]
[5134 5238]
[5239 5286]
[5287 5333]
[5334 5382]
[5383 5433]
[5434 5486]
[5487 5537]
[5538 5582]
[5583 5648]
[5649 6087]
[6088 6143]
[6144 6197]
[6198 6241]
[6242 6280]
[6281 6320]
[6321 6373]
[6374 6430]
[6431 6477]
[6478 6524]
[6525 6567]
[6568 6609]
[6610 6649]
[6650 6690]
[6691 6726]
[6727 6770]
[6771 6919]
[6920 6967]
[6968 7014]
[7015 7065]
[7066 7116]
[7117 7175]
[7176 7246]
[7247 7313]
[7314 7365]
[7366 7415]
[7416 7465]
[7466 7517]
[7518 7844]
[7845 7899]
[7900 7961]
[7962 8047]
[8048 8126]
[8127 8204]
[8205 8312]
[8313 8386]
[8387 8462]
[8463 8520]
[8521 8571]
[8572 8618]
[8619 8659]
[8660 8700]
[8701 8741]
[8742 8782]
[8783 8823]
[8824 8864]
[8865 8953]
[8954 9450]
[9451 9501]
[9502 9634]
[9635 9754]
[9755 9883]
[9884 9954]
[9955 9999]
[10000 10113]
[10114 10301]
[10302 10470]
[10471 10587]
[10588 10700]
[10701 10788]
[10789 10923]
[10924 11013]
[11014 11162]
[11163 11234]
[11235 11314]
[11315 11370]
[11371 11429]
[11430 11482]
[11483 11539]
[11540 11587]
[11588 11626]
[11627 11666]
[11667 11712]
[11713 11767]
[11768 11829]
[11830 12024]
[12025 12066]
[12067 12125]
[12126 12170]
[12171 12216]
[12217 12268]
[12269 12315]
[12316 12376]
[12377 12412]
[12413 12448]
[12449 12501]
[12502 12537]
[12538 12782]
[12783 12924]
[12925 13006]
[13007 13048]
[13049 13137]
[13138 13184]
[13185 13378]
[13379 13515]
[13516 13765]
[13766 13848]
[13849 14003]
[14004 14052]
[14053 14091]
[14092 14216]
[14217 14280]
[14281 14653]
[14654 14716]
[14717 14745]
[14746 14788]
[14789 14868]
[14869 14945]
[14946 14984]
[14985 15019]
[15020 15055]
[15056 15109]
[15110 15155]
[15156 15216]
[15217 15302]
[15303 15386]
[15387 15427]
[15428 15467]
[15468 15501]
[15502 15580]
[15581 15628]
[15629 15673]
[15674 15710]
[15711 15767]
[15768 15859]
[15860 16085]
[16086 16165]
[16166 16262]
[16263 16321]
[16322 16493]
[16494 16594]
[16595 16636]
[16637 16675]
[16676 16747]
[16748 16820]
[16821 16922]
[16923 16987]
[16988 17064]
[17065 17116]
[17117 17144]
[17145 17242]
[17243 17316]
[17317 17336]
[17337 17399]
[17400 17493]
[17494 17566]
[17567 17647]
[17648 17701]
[17702 17749]
[17750 17789]
[17790 17827]
[17828 17916]
[17917 18019]
[18020 18542]
[18543 18615]
[18616 18687]
[18688 18753]
[18754 18824]
[18825 18927]
[18928 19070]
[19071 19129]
[19130 19204]
[19205 19279]
[19280 19354]
[19355 19417]
[19418 19483]
[19484 19550]
[19551 19624]
[19625 19699]
[19700 19765]
[19766 19839]
[19840 19913]
[19914 20078]
[20079 20685]
[20686 20980]
[20981 21152]
[21153 21223]
[21224 21286]
[21287 21351]
[21352 21417]
[21418 21460]
[21461 21507]
[21508 21548]
[21549 21626]
[21627 21935]
[21936 21992]
[21993 22057]
[22058 22103]
[22104 22168]
[22169 22233]
[22234 22270]
[22271 22297]
[22298 22324]
[22325 22409]
[22410 22455]
[22456 22513]
[22514 22591]
[22592 22638]
[22639 22687]
[22688 22703]
[22704 22727]
[22728 22785]
[22786 22837]
[22838 22907]
[22908 22958]
[22959 23165]
[23166 23215]
[23216 23275]
[23276 23327]
[23328 23377]
[23378 23417]
[23418 23497]
[23498 23597]
[23598 23643]
[23644 23683]
[23684 23764]
[23765 24195]
[24196 24286]
[24287 24508]
[24509 24555]
[24556 24625]
[24626 24694]
[24695 24748]
[24749 24779]
[24780 24809]
[24810 24967]
[24968 25012]
[25013 25077]
[25078 25117]
[25118 25192]
[25193 25265]
[25266 25357]
[25358 25426]
[25427 25726]
[25727 25804]
[25805 25845]
[25846 25917]
[25918 25973]
[25974 26076]
[26077 26114]
[26115 26159]
[26160 26211]
[26212 26259]
[26260 26325]
[26326 26527]
[26528 26611]
[26612 26709]
[26710 26817]
[26818 26907]
[26908 27032]
[27033 27197]
[27198 27541]
[27543 27599]
