[ 0 25]
[ 27 416]
[417 472]
[473 508]
[509 537]
[538 566]
[567 599]
[600 635]
[636 665]
[666 693]
[694 723]
[724 756]
[757 845]
[846 907]
[ 908 1493]
[1494 1521]
[1522 1566]
[1567 1595]
[1596 1621]
[1622 1653]
[1654 1697]
[1698 1848]
[1849 1903]
[1904 1971]
[1972 2011]
[2012 2106]
[2107 2199]
[2200 2239]
[2240 2289]
[2290 2341]
[2342 2399]
[2400 2445]
[2446 2508]
[2509 2615]
[2616 2668]
[2669 2722]
[2723 2770]
[2771 2803]
[2804 2850]
[2851 2880]
[2881 2928]
[2929 2967]
[2968 3001]
[3002 3039]
[3040 3071]
[3072 3117]
[3118 3152]
[3153 3500]
[3501 3576]
[3577 3643]
[3644 3713]
[3714 3772]
[3773 3841]
[3842 3899]
[3900 3958]
[3959 4028]
[4029 4146]
[4147 4171]
[4172 4228]
[4229 4285]
[4286 4353]
[4354 4421]
[4422 4489]
[4490 4542]
[4543 4590]
[4591 4977]
[4978 5020]
[5021 5141]
[5142 5179]
[5180 5219]
[5220 5251]
[5252 5291]
[5292 5358]
[5359 5388]
[5389 5441]
[5442 5462]
[5463 5645]
[5646 5809]
[5810 5882]
[5883 5969]
[5970 6054]
[6055 6110]
[6111 6305]
[6306 6368]
[6369 6431]
[6432 6490]
[6491 6543]
[6544 6589]
[6590 6619]
[6620 6708]
[6709 6810]
[6811 6871]
[6872 6982]
[6983 7367]
[7368 7420]
[7421 7446]
[7447 7477]
[7478 7525]
[7526 7604]
[7605 7664]
[7665 7712]
[7713 7750]
[7751 7895]
[7896 7969]
[7970 8039]
[8040 8073]
[8074 8110]
[8111 8171]
[8172 8246]
[8247 8271]
[8272 8318]
[8319 8364]
[8365 8429]
[8430 8475]
[8476 8511]
[8512 8563]
[8564 8617]
[8618 8666]
[8667 8727]
[8728 8773]
[8774 8839]
[8840 9392]
[9393 9472]
[9473 9541]
[9542 9585]
[9586 9652]
[9653 9744]
[9745 9865]
[9866 9968]
[ 9969 10070]
[10071 10140]
[10141 10186]
[10187 10312]
[10313 10361]
[10362 10424]
[10425 10543]
[10544 10677]
[10678 10763]
[10764 10796]
[10797 10831]
[10832 10887]
[10888 10936]
[10937 10962]
[10963 10990]
[10991 11040]
[11041 11100]
[11101 11144]
[11145 11189]
[11190 11232]
[11233 11280]
[11281 11329]
[11330 11376]
[11377 11419]
[11420 11456]
[11457 11541]
[11542 11957]
[11958 12028]
[12029 12091]
[12092 12159]
[12160 12215]
[12216 12260]
[12261 12275]
[12276 12336]
[12337 12389]
[12390 12482]
[12483 12604]
[12605 12660]
[12661 12677]
[12678 12734]
[12735 12832]
[12833 13153]
[13154 13210]
[13211 13240]
[13241 13307]
[13308 13358]
[13359 13407]
[13408 13465]
[13466 13576]
[13577 13622]
[13623 13717]
[13718 13779]
[13780 13858]
[13859 13945]
[13946 14002]
[14003 14086]
[14087 14148]
[14149 14190]
[14191 14233]
[14234 14306]
[14307 14369]
[14370 14417]
[14418 14470]
[14471 14875]
[14876 14920]
[14921 14943]
[14944 15102]
[15103 15236]
[15237 15436]
[15437 15471]
[15472 15571]
[15572 15793]
[15794 15989]
[15990 16033]
[16034 16391]
[16392 16747]
[16748 16820]
[16821 16893]
[16894 16924]
[16925 16996]
[16997 17089]
[17090 17207]
[17208 17258]
[17259 17434]
[17435 17483]
[17484 17525]
[17526 17601]
[17602 17654]
[17655 17700]
[17701 17772]
[17773 17835]
[17836 17880]
[17881 17996]
[17997 18101]
[18102 18183]
[18184 18238]
[18239 18278]
[18279 18333]
[18334 18375]
[18376 18414]
[18415 18453]
[18454 18696]
[18697 18763]
[18764 18830]
[18831 18861]
[18862 18901]
[18902 18944]
[18945 18986]
[18987 19032]
[19033 19125]
[19126 19161]
[19162 19193]
[19194 19229]
[19230 19300]
[19301 19352]
[19353 19385]
[19386 19536]
[19537 19569]
[19570 19595]
[19596 19675]
[19676 19720]
[19721 19759]
[19760 19789]
[19790 19828]
[19829 19855]
[19856 19888]
[19889 19963]
[19964 20194]
[20195 20396]
[20397 20463]
[20464 20527]
[20528 20587]
[20588 20675]
[20676 20735]
[20736 20787]
[20788 20830]
[20831 20909]
[20910 20949]
[20950 21035]
[21036 21121]
[21122 21201]
[21202 21258]
[21259 21305]
[21306 21364]
[21365 21434]
[21435 21474]
[21475 21554]
[21555 21632]
[21634 21686]
[21687 21730]
[21731 21775]
[21776 21818]
[21819 21866]
[21867 21915]
[21916 21962]
[21963 22005]
[22006 22042]
[22043 22127]
[22128 22450]
[22451 22516]
[22517 22592]
[22593 22622]
[22623 22714]
[22715 22796]
[22797 22915]
[22916 23108]
[23109 23148]
[23149 23492]
[23493 23564]
[23565 23643]
[23644 23749]
[23750 23806]
[23807 23913]
[23914 23976]
[23977 24022]
[24023 24079]
[24080 24326]
[24327 24582]
[24583 24663]
[24664 24705]
[24706 24773]
[24774 24893]
[24894 25103]
[25104 25193]
[25194 25247]
[25248 25552]
[25553 25631]
[25632 25679]
[25680 25742]
[25743 25816]
[25817 25878]
[25879 25940]
[25941 26013]
[26014 26071]
[26072 26118]
[26119 26187]
[26188 26240]
[26241 26303]
[26304 26596]
[26597 26645]
[26646 26677]
[26678 26713]
[26714 26757]
[26758 26789]
[26790 26865]
[26866 26935]
[26936 26986]
[26987 27037]
[27038 27109]
[27110 27150]
[27151 27206]
[27207 27251]
[27252 27329]
[27330 27398]
[27399 27438]
[27439 27492]
[27493 27558]
[27559 27597]
[27598 27648]
[27649 27695]
[27696 27724]
[27725 27755]
[27756 27789]
[27790 27841]
[27842 27886]
[27887 27911]
[27912 27952]
[27953 27976]
[27977 28003]
[28004 28073]
[28074 28140]
[28141 28179]
[28180 28230]
[28231 28265]
[28266 28309]
[28310 28662]
[28663 28755]
[28756 28867]
[28868 28973]
[28974 29016]
[29017 29192]
[29193 29299]
[29300 29442]
[29443 29521]
[29522 29574]
[29575 29996]
[29997 30099]
