[0 6]
[ 7 21]
[22 44]
[45 52]
[53 60]
[61 68]
[69 75]
[76 82]
[83 97]
[ 98 106]
[107 128]
[129 143]
[144 153]
[154 166]
[167 180]
[181 200]
[201 222]
[223 238]
[239 252]
[253 265]
[266 281]
[282 297]
[298 312]
[313 326]
[327 342]
[343 356]
[357 370]
[371 397]
[398 603]
[604 644]
[645 786]
[787 873]
[874 989]
[ 990 1074]
[1075 1196]
[1197 1238]
[1239 1299]
[1300 1325]
[1326 1355]
[1356 1385]
[1386 1438]
[1439 1524]
[1525 1701]
[1702 1732]
[1733 1782]
[1783 1846]
[1847 1885]
[1886 1939]
[1940 2069]
[2070 2167]
[2168 2250]
[2251 2388]
[2389 2434]
[2435 2554]
[2555 2633]
[2634 2688]
[2689 2778]
[2779 2852]
[2853 2894]
[2895 2998]
[2999 3035]
[3036 3060]
[3061 3123]
[3124 3205]
[3206 3240]
[3241 3283]
[3284 3368]
[3369 3415]
[3416 3538]
[3539 3603]
[3604 3717]
[3718 3897]
[3898 3945]
[3946 4021]
[4022 4086]
[4087 4211]
[4212 4257]
[4258 4344]
[4345 4408]
[4409 4446]
[4447 4546]
[4547 4620]
[4621 4660]
[4661 4760]
[4761 4813]
[4814 4858]
[4859 4907]
[4908 4970]
[4971 5026]
[5027 5050]
[5051 5090]
[5091 5134]
[5135 5183]
[5184 5263]
[5264 5436]
[5437 5504]
[5505 5572]
[5573 5674]
[5675 5770]
[5771 5911]
[5912 6029]
[6030 6108]
[6109 6203]
[6204 6337]
[6338 6419]
[6420 6499]
[6500 6613]
[6614 6696]
[6697 6804]
[6805 6839]
[6840 6881]
[6882 6933]
[6934 7025]
[7026 7148]
[7149 7200]
[7201 7268]
[7269 7316]
[7317 7339]
[7340 7387]
[7388 7430]
[7431 7479]
[7480 7551]
[7552 7608]
[7609 7676]
[7677 7761]
[7762 7815]
[7816 7903]
[7904 7966]
[7967 8026]
[8027 8138]
[8139 8221]
[8222 8285]
[8286 8372]
[8373 8498]
[8499 8585]
[8586 8699]
[8700 8867]
[8868 8932]
[8933 9005]
[9006 9039]
[9040 9128]
[9129 9233]
[9234 9360]
[9361 9394]
[9395 9430]
[9431 9564]
[9565 9738]
[9739 9787]
[9788 9883]
[9884 9929]
[ 9930 10005]
[10006 10077]
[10078 10153]
[10154 10239]
[10240 10314]
[10315 10351]
[10352 10481]
[10482 10578]
[10579 10672]
[10673 10716]
[10717 10855]
[10856 11025]
[11026 11131]
[11132 11185]
[11186 11249]
[11250 11364]
[11365 11442]
[11443 11524]
[11525 11660]
[11661 11761]
[11762 11865]
[11866 11933]
[11934 12103]
[12104 12560]
[12561 12760]
[12761 13315]
[13316 13374]
[13375 13499]
