[0 6]
[ 7 21]
[22 44]
[45 52]
[53 60]
[61 68]
[69 82]
[83 97]
[ 98 106]
[107 128]
[129 143]
[144 166]
[167 183]
[184 200]
[201 215]
[216 238]
[239 265]
[266 281]
[282 297]
[298 312]
[313 342]
[343 356]
[357 364]
[365 383]
[384 396]
[398 563]
[564 578]
[579 594]
[595 607]
[608 623]
[624 642]
[643 658]
[659 670]
[671 683]
[684 697]
[698 708]
[709 719]
[720 732]
[733 744]
[745 757]
[758 968]
[ 969 1449]
[1450 1539]
[1540 1601]
[1602 1692]
[1693 2026]
[2027 2222]
[2223 2389]
[2390 2458]
[2459 2524]
[2525 2579]
[2580 2642]
[2643 2759]
[2760 2829]
[2830 2904]
[2905 2936]
[2937 3041]
[3042 3176]
[3177 3237]
[3238 3335]
[3336 3555]
[3556 3606]
[3607 3642]
[3643 3684]
[3685 3771]
[3772 3820]
[3821 3865]
[3866 3911]
[3912 4069]
[4070 4208]
[4209 4368]
[4369 4435]
[4436 4496]
[4497 4573]
[4574 4595]
[4596 4633]
[4634 4691]
[4692 4716]
[4717 4754]
[4755 4810]
[4811 4855]
[4856 4944]
[4945 5004]
[5005 5131]
[5132 5239]
[5240 5293]
[5294 5474]
[5475 5507]
[5508 5571]
[5572 5616]
[5617 5652]
[5653 5726]
[5727 5800]
[5801 5965]
[5966 6020]
[6021 6154]
[6155 6246]
[6247 6325]
[6326 6906]
[6907 6936]
[6937 6972]
[6973 7099]
[7100 7168]
[7169 7188]
[7189 7242]
[7243 7293]
[7294 7311]
[7312 7334]
[7335 7367]
[7368 7412]
[7413 7464]
[7465 7498]
[7499 7527]
[7528 7560]
[7561 7637]
[7638 7742]
[7743 7920]
[7921 7975]
[7976 8024]
[8025 8208]
[8209 8237]
[8238 8297]
[8298 8386]
[8387 8489]
[8490 8588]
[8589 8686]
[8687 8831]
[8832 8894]
[8895 8991]
[8992 9075]
[9076 9147]
[9148 9224]
[9225 9292]
[9293 9457]
[9458 9505]
[9506 9883]
[9884 9975]
[ 9976 10065]
[10066 10127]
[10128 10204]
[10205 10274]
[10275 10350]
[10351 10448]
[10449 10548]
[10549 10595]
[10596 10645]
[10646 10841]
[10842 10957]
[10958 11104]
[11105 11214]
[11215 11300]
[11301 11334]
[11335 11375]
[11376 11434]
[11435 11489]
[11490 11610]
[11611 11662]
[11663 11724]
[11725 11817]
[11818 12082]
[12083 12720]
[12721 12818]
[12819 13199]
