[0 6]
[ 7 21]
[22 44]
[45 52]
[53 60]
[61 68]
[69 82]
[83 97]
[ 98 106]
[107 128]
[129 143]
[144 166]
[167 183]
[184 200]
[201 215]
[216 238]
[239 265]
[266 281]
[282 297]
[298 312]
[313 342]
[343 356]
[357 364]
[365 383]
[384 396]
[398 553]
[554 571]
[572 580]
[581 595]
[596 608]
[609 630]
[631 642]
[643 655]
[656 665]
[666 694]
[695 709]
[710 720]
[721 734]
[735 745]
[746 755]
[756 764]
[765 786]
[787 801]
[802 813]
[814 824]
[825 838]
[839 849]
[850 860]
[861 872]
[ 873 1078]
[1079 1108]
[1109 1143]
[1144 1242]
[1243 1262]
[1263 1307]
[1308 1573]
[1574 1695]
[1696 1783]
[1784 1963]
[1964 2063]
[2064 2125]
[2126 2220]
[2221 2345]
[2346 2539]
[2540 2588]
[2589 2676]
[2677 2710]
[2711 2783]
[2784 2870]
[2871 2958]
[2959 3007]
[3008 3063]
[3064 3345]
[3346 3787]
[3788 4053]
[4054 4103]
[4104 4145]
[4146 4282]
[4283 4327]
[4328 4377]
[4378 4420]
[4421 4441]
[4442 4471]
[4472 4510]
[4511 4552]
[4553 4599]
[4600 4647]
[4648 4705]
[4706 4786]
[4787 4860]
[4861 4935]
[4936 5063]
[5064 5098]
[5099 5162]
[5163 5195]
[5196 5246]
[5247 5272]
[5273 5326]
[5327 5375]
[5376 5431]
[5432 5485]
[5486 5684]
[5685 5835]
[5836 5917]
[5918 5974]
[5975 6245]
[6246 6303]
[6304 6373]
[6374 6466]
[6467 6532]
[6533 6587]
[6588 6671]
[6672 6775]
[6776 6818]
[6819 6864]
[6865 6907]
[6908 7136]
[7137 7198]
[7199 7474]
[7475 7571]
[7572 7610]
[7611 7660]
[7661 7836]
[7837 7867]
[7868 7975]
[7976 8143]
[8144 8369]
[8370 8511]
[8512 8554]
[8555 8594]
[8595 8812]
[8813 8888]
[8889 9076]
[9077 9114]
[9115 9258]
[9259 9270]
[9271 9401]
[9402 9430]
[9431 9468]
[9469 9497]
[9498 9537]
[9538 9580]
[9581 9649]
[9650 9715]
[9716 9776]
[9777 9834]
[9835 9892]
[9893 9930]
[9931 9971]
[ 9972 10013]
[10014 10076]
[10077 10164]
[10165 10224]
[10225 10252]
[10254 10294]
[10295 10446]
[10447 10523]
[10524 10581]
[10582 10632]
[10633 10659]
[10660 10699]
[10700 10813]
[10814 10907]
[10908 10995]
[10996 11484]
[11485 11625]
[11626 12011]
[12012 12073]
[12074 12499]
