[0 6]
[ 7 21]
[22 44]
[45 52]
[53 60]
[61 68]
[69 75]
[76 82]
[83 97]
[ 98 106]
[107 128]
[129 143]
[144 153]
[154 166]
[167 180]
[181 200]
[201 222]
[223 238]
[239 252]
[253 265]
[266 281]
[282 297]
[298 312]
[313 326]
[327 342]
[343 356]
[357 370]
[371 397]
[398 691]
[692 779]
[780 893]
[ 894 1105]
[1106 1217]
[1218 1284]
[1285 1332]
[1333 1380]
[1381 1461]
[1462 1539]
[1540 1641]
[1642 1698]
[1699 1742]
[1743 1794]
[1795 1847]
[1848 1892]
[1893 1959]
[1960 2013]
[2014 2055]
[2056 2648]
[2649 2728]
[2729 2795]
[2796 3000]
[3001 3050]
[3051 3086]
[3087 3128]
[3129 3177]
[3178 3216]
[3217 3243]
[3244 3537]
[3538 3695]
[3696 3785]
[3786 3884]
[3885 3952]
[3953 4034]
[4035 4052]
[4053 4105]
[4106 4180]
[4181 4259]
[4260 4299]
[4300 4370]
[4371 4407]
[4408 4446]
[4447 4488]
[4489 4522]
[4523 4551]
[4552 4635]
[4636 4683]
[4684 4768]
[4769 4908]
[4909 4950]
[4951 4982]
[4983 5019]
[5020 5064]
[5065 5128]
[5129 5161]
[5162 5193]
[5194 5242]
[5243 5312]
[5313 5353]
[5354 5379]
[5380 5415]
[5416 5452]
[5453 5495]
[5496 5557]
[5558 5597]
[5598 5637]
[5638 5662]
[5663 5743]
[5744 5769]
[5770 5878]
[5879 5943]
[5944 6075]
[6076 6159]
[6160 6255]
[6256 6296]
[6297 6364]
[6365 6511]
[6512 6555]
[6556 6622]
[6623 6690]
[6691 6806]
[6807 6842]
[6843 6905]
[6906 6956]
[6957 7044]
[7045 7069]
[7070 7139]
[7140 7183]
[7184 7269]
[7270 7341]
[7342 7405]
[7406 7447]
[7448 7466]
[7467 7499]
[7500 7526]
[7527 7572]
[7573 7628]
[7629 7679]
[7680 7784]
[7785 7830]
[7831 7878]
[7879 7939]
[7940 8010]
[8011 8106]
[8107 8176]
[8177 8222]
[8223 8272]
[8273 8307]
[8308 8318]
[8319 8328]
[8329 8332]
[8333 8387]
[8388 8433]
[8434 8465]
[8466 8482]
[8483 8528]
[8529 8572]
[8573 8670]
[8671 8701]
[8702 8744]
[8745 8790]
[8791 8831]
[8832 8861]
[8862 8880]
[8881 8908]
[8909 8963]
[8964 8989]
[8990 9104]
[9105 9156]
[9157 9208]
[9209 9232]
[9233 9259]
[9260 9293]
[9294 9312]
[9313 9343]
[9344 9376]
[9377 9412]
[9413 9476]
[9477 9528]
[9529 9582]
[9583 9594]
[9595 9619]
[9620 9694]
[9695 9821]
[9822 9843]
[9844 9868]
[9869 9929]
[9930 9979]
[ 9980 10013]
[10014 10048]
[10049 10076]
[10077 10105]
[10106 10143]
[10144 10200]
[10201 10221]
[10222 10264]
[10265 10286]
[10287 10320]
[10321 10351]
[10352 10390]
[10391 10450]
[10451 10471]
[10472 10489]
[10490 10523]
[10524 10546]
[10547 10654]
[10655 10702]
[10703 10783]
[10784 10861]
[10862 10901]
[10902 10980]
[10981 11028]
[11029 11073]
[11074 11127]
[11128 11177]
[11178 11233]
[11234 11304]
[11305 11372]
[11373 11446]
[11447 11475]
[11476 11526]
[11527 11556]
[11557 11581]
[11582 11651]
[11652 11742]
[11743 11775]
[11776 11824]
[11825 11884]
[11885 11995]
[11996 12108]
[12109 12214]
[12215 12257]
[12258 12295]
[12296 12340]
[12341 12454]
[12455 12487]
[12488 12519]
[12520 12563]
[12564 12648]
[12649 12732]
[12733 12835]
[12836 12918]
[12919 13425]
[13426 13528]
[13529 13549]
