[0 6]
[ 7 21]
[22 44]
[45 52]
[53 60]
[61 68]
[69 75]
[76 82]
[83 97]
[ 98 106]
[107 128]
[129 143]
[144 153]
[154 166]
[167 180]
[181 200]
[201 222]
[223 238]
[239 252]
[253 265]
[266 281]
[282 297]
[298 312]
[313 326]
[327 342]
[343 356]
[357 370]
[371 397]
[398 570]
[571 597]
[598 631]
[632 666]
[667 761]
[762 841]
[842 887]
[888 914]
[915 967]
[968 999]
[1000 1031]
[1032 1238]
[1239 1298]
[1299 1418]
[1419 1484]
[1485 1536]
[1537 1590]
[1591 1631]
[1632 1738]
[1739 1795]
[1796 1880]
[1881 1938]
[1939 2250]
[2251 2372]
[2373 2425]
[2426 2493]
[2494 2535]
[2536 2580]
[2581 2643]
[2644 2874]
[2875 2972]
[2973 3087]
[3088 3220]
[3221 3263]
[3264 3303]
[3304 3348]
[3349 3485]
[3486 3610]
[3611 3691]
[3692 3795]
[3796 3848]
[3849 3938]
[3939 4066]
[4067 4114]
[4115 4269]
[4270 4351]
[4352 4417]
[4418 4480]
[4481 4750]
[4751 4855]
[4856 4912]
[4913 5002]
[5003 5123]
[5124 5255]
[5256 5387]
[5388 5547]
[5548 5601]
[5602 5743]
[5744 5944]
[5945 6087]
[6088 6166]
[6167 6198]
[6199 6283]
[6284 6484]
[6485 6767]
[6768 6848]
[6849 6948]
[6949 7090]
[7091 7251]
[7252 7332]
[7333 7464]
[7465 7612]
[7613 7750]
[7751 7865]
[7866 7983]
[7984 8044]
[8045 8076]
[8077 8110]
[8111 8164]
[8165 8200]
[8201 8288]
[8289 8349]
[8350 8543]
[8544 8636]
[8637 9076]
[9077 9162]
[9163 9457]
[9458 9609]
[9610 9663]
[9664 9761]
[9762 9889]
[9890 9968]
[ 9969 10065]
[10066 10173]
[10174 10632]
[10633 10707]
[10708 10780]
[10781 10911]
[10912 11066]
[11067 11172]
[11173 11235]
[11236 11560]
[11561 11654]
[11655 11766]
[11767 11862]
[11863 12052]
[12053 12123]
[12124 12196]
[12197 12297]
[12298 12378]
[12379 12642]
[12643 13109]
[13110 13499]
