[0 6]
[ 7 21]
[22 44]
[45 52]
[53 60]
[61 68]
[69 82]
[83 97]
[ 98 106]
[107 128]
[129 143]
[144 166]
[167 183]
[184 200]
[201 215]
[216 238]
[239 265]
[266 281]
[282 297]
[298 312]
[313 342]
[343 356]
[357 364]
[365 383]
[384 396]
[398 547]
[548 557]
[558 566]
[567 575]
[576 591]
[592 602]
[603 625]
[626 637]
[638 647]
[648 663]
[664 680]
[681 697]
[698 716]
[717 736]
[737 747]
[748 760]
[761 774]
[775 798]
[ 799 1034]
[1035 1090]
[1091 1196]
[1197 1357]
[1358 1527]
[1528 1625]
[1626 1657]
[1658 1736]
[1737 1892]
[1893 1962]
[1963 2078]
[2079 2275]
[2276 2318]
[2319 2398]
[2399 2469]
[2470 2518]
[2519 2598]
[2599 2667]
[2668 2722]
[2723 2816]
[2817 2879]
[2880 3034]
[3035 3089]
[3090 3209]
[3210 3256]
[3257 3297]
[3298 3431]
[3432 3477]
[3478 3568]
[3569 3637]
[3638 3849]
[3850 4213]
[4214 4323]
[4324 4394]
[4395 4437]
[4438 4516]
[4517 4638]
[4639 4753]
[4754 4843]
[4844 4935]
[4936 4998]
[4999 5043]
[5044 5146]
[5147 5302]
[5303 5373]
[5374 5463]
[5464 5552]
[5553 5698]
[5699 5838]
[5839 5891]
[5892 5931]
[5932 5977]
[5978 6038]
[6039 6094]
[6095 6178]
[6179 6225]
[6226 6302]
[6303 6351]
[6352 6455]
[6456 6514]
[6515 6558]
[6559 6891]
[6892 6972]
[6973 7085]
[7086 7320]
[7321 7374]
[7375 7473]
[7474 7551]
[7552 7640]
[7641 7738]
[7739 7803]
[7804 7926]
[7927 8060]
[8061 8149]
[8150 8220]
[8221 8290]
[8291 8337]
[8338 8391]
[8392 8421]
[8422 8466]
[8467 8665]
[8666 8731]
[8732 8817]
[8818 8897]
[8898 8983]
[8984 9052]
[9053 9120]
[9121 9216]
[9217 9433]
[9434 9524]
[9525 9723]
[9724 9872]
[ 9873 10001]
[10002 10109]
[10110 10205]
[10206 10291]
[10292 10405]
[10406 10497]
[10498 10637]
[10638 11499]
