[0 6]
[ 7 21]
[22 44]
[45 52]
[53 60]
[61 68]
[69 82]
[83 97]
[ 98 106]
[107 128]
[129 143]
[144 166]
[167 183]
[184 200]
[201 215]
[216 238]
[239 265]
[266 281]
[282 297]
[298 312]
[313 342]
[343 356]
[357 364]
[365 383]
[384 396]
[398 528]
[529 626]
[627 749]
[750 821]
[822 878]
[879 911]
[912 941]
[942 977]
[ 978 1011]
[1012 1164]
[1165 1249]
[1250 1329]
[1330 1389]
[1390 1445]
[1446 1652]
[1653 1677]
[1678 1812]
[1813 1905]
[1906 1951]
[1952 2010]
[2011 2084]
[2085 2168]
[2169 2234]
[2235 2287]
[2288 2314]
[2315 2372]
[2373 2411]
[2412 2453]
[2454 2482]
[2483 2558]
[2559 2592]
[2593 2663]
[2664 2745]
[2746 2848]
[2849 2886]
[2887 2954]
[2955 3031]
[3032 3122]
[3123 3185]
[3186 3234]
[3235 3282]
[3283 3370]
[3371 3480]
[3481 3544]
[3545 3598]
[3599 3664]
[3665 3749]
[3750 3800]
[3801 3852]
[3853 3883]
[3884 3944]
[3945 3998]
[3999 4053]
[4054 4084]
[4085 4149]
[4150 4189]
[4190 4304]
[4305 4373]
[4374 4497]
[4498 4536]
[4537 4591]
[4592 4625]
[4626 4700]
[4701 4746]
[4747 4797]
[4798 4849]
[4850 4924]
[4925 5073]
[5074 5234]
[5235 5266]
[5267 5390]
[5391 5457]
[5458 5532]
[5533 5556]
[5557 5615]
[5616 5647]
[5648 5705]
[5706 5789]
[5790 5833]
[5834 5875]
[5876 5958]
[5959 5983]
[5984 6006]
[6007 6061]
[6062 6137]
[6138 6190]
[6191 6250]
[6251 6295]
[6296 6337]
[6338 6362]
[6363 6413]
[6414 6494]
[6495 6580]
[6581 6622]
[6623 6750]
[6751 6885]
[6886 6960]
[6961 7042]
[7043 7131]
[7132 7160]
[7161 7252]
[7253 7320]
[7321 7346]
[7347 7424]
[7425 7475]
[7476 7515]
[7516 7576]
[7577 7661]
[7662 7701]
[7702 7739]
[7740 7854]
[7855 7951]
[7952 8003]
[8004 8062]
[8063 8136]
[8137 8199]
[8200 8236]
[8237 8298]
[8299 8332]
[8333 8368]
[8369 8438]
[8439 8473]
[8474 8548]
[8549 8625]
[8626 8681]
[8682 8707]
[8708 8735]
[8736 8769]
[8770 8807]
[8808 8873]
[8874 8935]
[8936 8992]
[8993 9042]
[9043 9088]
[9089 9129]
[9130 9160]
[9161 9325]
[9326 9485]
[9486 9837]
[9838 9886]
[9887 9920]
[9921 9952]
[ 9953 10069]
[10070 10134]
[10135 10315]
[10316 10358]
[10359 10790]
[10791 10899]
