[0 6]
[ 7 21]
[22 44]
[45 52]
[53 60]
[61 68]
[69 75]
[76 82]
[83 97]
[ 98 106]
[107 128]
[129 143]
[144 153]
[154 166]
[167 180]
[181 200]
[201 222]
[223 238]
[239 252]
[253 265]
[266 281]
[282 297]
[298 312]
[313 326]
[327 342]
[343 356]
[357 370]
[371 397]
[398 638]
[639 720]
[721 805]
[806 844]
[845 868]
[869 972]
[ 973 1182]
[1183 1333]
[1334 1459]
[1460 1546]
[1547 1626]
[1627 1724]
[1725 1874]
[1875 1976]
[1977 2054]
[2055 2106]
[2107 2153]
[2154 2242]
[2243 2521]
[2522 2870]
[2871 2979]
[2980 3110]
[3111 3171]
[3172 3246]
[3247 3338]
[3339 3402]
[3403 3460]
[3461 3516]
[3517 3565]
[3566 3601]
[3602 3692]
[3693 3863]
[3864 3920]
[3921 4017]
[4018 4071]
[4072 4277]
[4278 4441]
[4442 4492]
[4493 4592]
[4593 4742]
[4743 4816]
[4817 4867]
[4868 4934]
[4935 5006]
[5007 5080]
[5081 5153]
[5154 5246]
[5247 5342]
[5343 5477]
[5478 5590]
[5591 5633]
[5634 5968]
[5969 6062]
[6063 6168]
[6169 6229]
[6230 6413]
[6414 6541]
[6542 6919]
[6920 7104]
[7105 7199]
[7200 7338]
[7339 7462]
[7463 7515]
[7516 7591]
[7592 7632]
[7633 7701]
[7702 7934]
[7935 7989]
[7990 8069]
[8070 8140]
[8141 8221]
[8222 8273]
[8274 8384]
[8385 8438]
[8439 8477]
[8478 8690]
[8691 8772]
[8773 8844]
[8845 9003]
[9004 9160]
[9161 9283]
[9284 9352]
[9353 9419]
[9420 9491]
[9492 9538]
[9539 9601]
[9602 9650]
[9651 9697]
[9698 9788]
[9789 9897]
[ 9898 10012]
[10013 10124]
[10125 10209]
[10210 10273]
[10274 10360]
[10361 10439]
[10440 10482]
[10483 10537]
[10538 10561]
[10562 10756]
[10757 11021]
[11022 11125]
[11126 11243]
[11244 11328]
[11329 11387]
[11388 11430]
[11431 11462]
[11463 11566]
[11567 11630]
[11631 11832]
[11833 11934]
[11935 12029]
[12030 12278]
[12279 13022]
[13023 13070]
[13071 13149]
