[0 6]
[ 7 21]
[22 44]
[45 52]
[53 60]
[61 68]
[69 75]
[76 82]
[83 97]
[ 98 106]
[107 128]
[129 143]
[144 153]
[154 166]
[167 180]
[181 200]
[201 222]
[223 238]
[239 252]
[253 265]
[266 281]
[282 297]
[298 312]
[313 326]
[327 342]
[343 356]
[357 370]
[371 397]
[398 558]
[559 595]
[596 627]
[628 666]
[667 744]
[745 817]
[818 874]
[ 875 1061]
[1062 1163]
[1164 1285]
[1286 1422]
[1423 1597]
[1598 1679]
[1680 1802]
[1803 1914]
[1915 1952]
[1953 2016]
[2017 2177]
[2178 2239]
[2240 2292]
[2293 2375]
[2376 2705]
[2706 2820]
[2821 2895]
[2896 3098]
[3099 3194]
[3195 3276]
[3277 3389]
[3390 3489]
[3490 3574]
[3575 3670]
[3671 3761]
[3762 3880]
[3881 4039]
[4040 4125]
[4126 4188]
[4189 4484]
[4485 4749]
[4750 4806]
[4807 5040]
[5041 5130]
[5131 5210]
[5211 5245]
[5246 5312]
[5313 5365]
[5366 5424]
[5425 5531]
[5532 5630]
[5631 5813]
[5814 6167]
[6168 6267]
[6268 6353]
[6354 6441]
[6442 6525]
[6526 6579]
[6580 6646]
[6647 6726]
[6727 6801]
[6802 6888]
[6889 6962]
[6963 7025]
[7026 7101]
[7102 7201]
[7202 7482]
[7483 7598]
[7599 7693]
[7694 7745]
[7746 7819]
[7820 7871]
[7872 7914]
[7915 8052]
[8053 8093]
[8094 8153]
[8154 8241]
[8242 8296]
[8297 8341]
[8342 8493]
[8494 8566]
[8567 8618]
[8619 8823]
[8824 8929]
[8930 8986]
[8987 9085]
[9086 9238]
[9239 9598]
[9599 9685]
[9686 9778]
[9779 9859]
[9860 9931]
[ 9932 10016]
[10017 10147]
[10148 10316]
[10317 10490]
[10491 10654]
[10655 10753]
[10754 10817]
[10818 10923]
[10924 11065]
[11066 11195]
[11196 11285]
[11286 11397]
[11398 11508]
[11509 11755]
[11756 11957]
[11958 12114]
[12115 12234]
[12235 12377]
[12378 12749]
[12750 13099]
