[0 6]
[ 7 21]
[22 44]
[45 52]
[53 60]
[61 68]
[69 82]
[83 97]
[ 98 106]
[107 128]
[129 143]
[144 166]
[167 183]
[184 200]
[201 215]
[216 238]
[239 265]
[266 281]
[282 297]
[298 312]
[313 342]
[343 356]
[357 364]
[365 383]
[384 396]
[398 591]
[592 638]
[639 680]
[681 731]
[732 774]
[775 844]
[845 915]
[ 916 1503]
[1504 1515]
[1516 1529]
[1530 1542]
[1543 1555]
[1556 1567]
[1568 1584]
[1585 1598]
[1599 1610]
[1611 1624]
[1625 1634]
[1635 1642]
[1643 1651]
[1652 1664]
[1665 1676]
[1677 1689]
[1690 1701]
[1702 1717]
[1718 1734]
[1735 1756]
[1757 1955]
[1956 1970]
[1971 1987]
[1988 2006]
[2007 2027]
[2028 2074]
[2075 2121]
[2122 2194]
[2195 2263]
[2264 2301]
[2302 2339]
[2340 2399]
[2400 2479]
[2480 2529]
[2530 2565]
[2566 2861]
[2862 2901]
[2902 3158]
[3159 3249]
[3250 3375]
[3376 3447]
[3448 3775]
[3776 3872]
[3873 3905]
[3906 3931]
[3932 3954]
[3955 3976]
[3977 3996]
[3997 4022]
[4023 4052]
[4053 4190]
[4191 4240]
[4241 4309]
[4310 4376]
[4377 4457]
[4458 4486]
[4487 4512]
[4513 4559]
[4560 4589]
[4590 4719]
[4720 4779]
[4780 4824]
[4825 4870]
[4871 4917]
[4918 4953]
[4954 4978]
[4979 5019]
[5020 5081]
[5082 5151]
[5152 5207]
[5208 5279]
[5280 5350]
[5351 5526]
[5527 5592]
[5593 5740]
[5741 5806]
[5807 5846]
[5847 5896]
[5897 5969]
[5970 6028]
[6029 6086]
[6087 6134]
[6135 6230]
[6231 6275]
[6276 6318]
[6319 6381]
[6382 6415]
[6416 6544]
[6545 6726]
[6727 6826]
[6827 6896]
[6897 6964]
[6965 7024]
[7025 7086]
[7087 7136]
[7137 7201]
[7202 7236]
[7237 7286]
[7287 7373]
[7374 7440]
[7441 7502]
[7503 7540]
[7541 7763]
[7764 7840]
[7841 7971]
[7972 8162]
[8163 8283]
[8284 8379]
[8380 8425]
[8426 8476]
[8477 8621]
[8622 8697]
[8698 8824]
[8825 8919]
[8920 9042]
[9043 9084]
[9085 9123]
[9124 9177]
[9178 9217]
[9218 9248]
[9249 9322]
[9323 9399]
[9400 9445]
[9446 9525]
[9526 9596]
[9597 9751]
[9752 9935]
[ 9936 10000]
[10001 10051]
[10052 10204]
[10205 10284]
[10285 11160]
[11161 11649]
