[0 6]
[ 7 21]
[22 44]
[45 52]
[53 60]
[61 68]
[69 82]
[83 97]
[ 98 106]
[107 128]
[129 143]
[144 166]
[167 183]
[184 200]
[201 215]
[216 238]
[239 265]
[266 281]
[282 297]
[298 312]
[313 342]
[343 356]
[357 364]
[365 383]
[384 396]
[398 865]
[ 866 1258]
[1259 1296]
[1297 1361]
[1362 1393]
[1394 1419]
[1420 1440]
[1441 1494]
[1495 1535]
[1536 1583]
[1584 1635]
[1636 1683]
[1684 1735]
[1736 1819]
[1820 1947]
[1948 2005]
[2006 2048]
[2049 2086]
[2087 2161]
[2162 2218]
[2219 2278]
[2279 2321]
[2322 2391]
[2392 2486]
[2487 2581]
[2582 2631]
[2632 2713]
[2714 2838]
[2839 2873]
[2874 2952]
[2953 3055]
[3056 3086]
[3087 3130]
[3131 3148]
[3149 3178]
[3179 3206]
[3207 3226]
[3227 3249]
[3250 3257]
[3258 3275]
[3276 3294]
[3295 3393]
[3394 3412]
[3413 3448]
[3449 3477]
[3478 3525]
[3526 3544]
[3545 3906]
[3907 4336]
[4337 4395]
[4396 4571]
[4572 4604]
[4605 4615]
[4616 4630]
[4631 4767]
[4768 4800]
[4801 4929]
[4930 4981]
[4982 5012]
[5013 5073]
[5074 5208]
[5209 5256]
[5257 5337]
[5338 5385]
[5386 5477]
[5478 5487]
[5488 5595]
[5596 5631]
[5632 5730]
[5731 5785]
[5786 5851]
[5852 5992]
[5993 6059]
[6060 6115]
[6116 6190]
[6191 6298]
[6299 6331]
[6332 6380]
[6381 6413]
[6414 6467]
[6468 6609]
[6610 6719]
[6720 6791]
[6792 6856]
[6857 6913]
[6914 6973]
[6974 7008]
[7009 7053]
[7054 7108]
[7109 7142]
[7143 7200]
[7201 7224]
[7225 7279]
[7280 7298]
[7299 7353]
[7354 7414]
[7415 7463]
[7464 7507]
[7508 7539]
[7540 7589]
[7590 7614]
[7615 7688]
[7689 7708]
[7709 7719]
[7720 7880]
[7881 7933]
[7934 7965]
[7966 8053]
[8054 8125]
[8126 8199]
[8200 8254]
[8255 8321]
[8322 8417]
[8418 8443]
[8444 8522]
[8523 8540]
[8541 8573]
[8574 8608]
[8609 8623]
[8624 8691]
[8692 8896]
[8897 8985]
[8986 9042]
[9043 9065]
[9066 9154]
[9155 9187]
[9188 9213]
[9214 9238]
[9239 9270]
[9271 9309]
[9310 9367]
[9368 9408]
[9409 9430]
[9431 9449]
[9450 9478]
[9479 9515]
[9516 9563]
[9564 9594]
[9595 9619]
[9620 9633]
[9634 9650]
[9651 9720]
[9721 9776]
[9777 9819]
[9820 9860]
[9861 9923]
[9924 9988]
[ 9989 10026]
[10027 10066]
[10067 10114]
[10115 10157]
[10158 10215]
[10216 10251]
[10252 10286]
[10287 10341]
[10342 10390]
[10391 10448]
[10449 10518]
[10519 10597]
[10598 10621]
[10622 10654]
[10655 10680]
[10681 10725]
[10726 10769]
[10770 10816]
[10817 10873]
[10874 10897]
[10898 10922]
[10923 10957]
[10958 10993]
[10994 11018]
[11019 11044]
[11045 11186]
[11187 11226]
[11227 11354]
[11355 11463]
[11464 11499]
[11500 11544]
[11545 11582]
[11583 11600]
[11601 11642]
[11643 11778]
[11779 12020]
[12021 12949]
