[0 6]
[ 7 21]
[22 44]
[45 52]
[53 60]
[61 68]
[69 82]
[83 97]
[ 98 106]
[107 128]
[129 143]
[144 166]
[167 183]
[184 200]
[201 215]
[216 238]
[239 265]
[266 281]
[282 297]
[298 312]
[313 342]
[343 356]
[357 364]
[365 383]
[384 396]
[398 651]
[652 784]
[785 825]
[826 907]
[908 949]
[950 972]
[ 973 1009]
[1010 1041]
[1042 1067]
[1068 1092]
[1093 1335]
[1336 1359]
[1360 1390]
[1391 1417]
[1418 1516]
[1517 1585]
[1587 1721]
[1722 1791]
[1792 1860]
[1861 1992]
[1993 2078]
[2079 2142]
[2143 2196]
[2197 2252]
[2253 2296]
[2297 2348]
[2349 2441]
[2442 2514]
[2515 2603]
[2604 2677]
[2678 2747]
[2748 2821]
[2822 2867]
[2868 2968]
[2969 3015]
[3016 3107]
[3108 3199]
[3200 3231]
[3232 3256]
[3257 3283]
[3284 3322]
[3323 3426]
[3427 3517]
[3518 3586]
[3587 3624]
[3625 3664]
[3665 3696]
[3697 3727]
[3728 3787]
[3788 3813]
[3814 3840]
[3841 3908]
[3909 3951]
[3952 3981]
[3982 4031]
[4032 4098]
[4099 4201]
[4202 4240]
[4241 4307]
[4308 4386]
[4387 4455]
[4456 4512]
[4513 4547]
[4548 4691]
[4692 4839]
[4840 4907]
[4908 5223]
[5224 5291]
[5292 5343]
[5344 5392]
[5393 5548]
[5549 5600]
[5601 5641]
[5642 5686]
[5687 5732]
[5733 6022]
[6023 6101]
[6102 6198]
[6199 6256]
[6257 6334]
[6335 6447]
[6448 6483]
[6484 6536]
[6537 6624]
[6625 6719]
[6720 6787]
[6788 6898]
[6899 7001]
[7002 7092]
[7093 7177]
[7178 7216]
[7217 7303]
[7304 7329]
[7330 7599]
[7600 7669]
[7670 7725]
[7726 7743]
[7744 7819]
[7820 7871]
[7872 7932]
[7933 7985]
[7986 8047]
[8048 8163]
[8164 8223]
[8224 8260]
[8261 8286]
[8287 8319]
[8320 8344]
[8345 8375]
[8376 8410]
[8411 8476]
[8477 8520]
[8521 8584]
[8585 8617]
[8618 8660]
[8661 8702]
[8703 8747]
[8748 8785]
[8786 8849]
[8850 8928]
[8929 8970]
[8971 9168]
[9169 9329]
[9330 9394]
[9395 9435]
[9436 9733]
[9734 9786]
[ 9787 10076]
[10077 10116]
[10117 10145]
[10146 10187]
[10188 10262]
[10263 10347]
[10348 10386]
[10387 10434]
[10435 10485]
[10486 10552]
[10553 10599]
[10600 10644]
[10645 10689]
[10690 10735]
[10736 10787]
[10788 10818]
[10819 10879]
[10880 10945]
[10946 11052]
[11053 11099]
[11100 11247]
[11248 11290]
[11291 11438]
[11439 11499]
[11500 11572]
[11573 11624]
[11625 11682]
[11683 11742]
[11743 11887]
[11888 12449]
