[0 6]
[ 7 21]
[22 44]
[45 52]
[53 60]
[61 68]
[69 75]
[76 82]
[83 97]
[ 98 106]
[107 128]
[129 143]
[144 153]
[154 166]
[167 180]
[181 200]
[201 222]
[223 238]
[239 252]
[253 265]
[266 281]
[282 297]
[298 312]
[313 326]
[327 342]
[343 356]
[357 370]
[371 397]
[398 609]
[610 643]
[644 702]
[703 785]
[786 817]
[818 872]
[873 896]
[897 940]
[941 993]
[ 994 1082]
[1083 1236]
[1237 1306]
[1307 1477]
[1478 1633]
[1634 1803]
[1804 2416]
[2417 2484]
[2485 2540]
[2541 2606]
[2607 2683]
[2684 2918]
[2919 3008]
[3009 3156]
[3157 3244]
[3245 3405]
[3406 3573]
[3574 3698]
[3699 3784]
[3785 3895]
[3896 3992]
[3993 4102]
[4103 4218]
[4219 4356]
[4357 4550]
[4551 4650]
[4651 4900]
[4901 5105]
[5106 5282]
[5283 5591]
[5592 5668]
[5669 5803]
[5804 5906]
[5907 6032]
[6033 6167]
[6168 6235]
[6236 6328]
[6329 6391]
[6392 6467]
[6468 6507]
[6508 6571]
[6572 6677]
[6678 6839]
[6840 6891]
[6892 7038]
[7039 7215]
[7216 7359]
[7360 7525]
[7526 7616]
[7617 7658]
[7659 7733]
[7734 7780]
[7781 7831]
[7832 7873]
[7874 7955]
[7956 8004]
[8005 8078]
[8079 8232]
[8233 8364]
[8365 8659]
[8660 8784]
[8785 8851]
[8852 9044]
[9045 9201]
[9202 9450]
[9451 9526]
[9527 9581]
[9582 9785]
[9786 9945]
[ 9946 10003]
[10004 10108]
[10109 10192]
[10193 10272]
[10273 10439]
[10440 10608]
[10609 10720]
[10721 10825]
[10826 10926]
[10927 10977]
[10978 11054]
[11055 11143]
[11144 11229]
[11230 11338]
[11339 11398]
[11399 11480]
[11481 11568]
[11569 11936]
[11937 12147]
[12148 12587]
[12588 12735]
[12736 12875]
[12876 12949]
