[0 6]
[ 7 21]
[22 44]
[45 52]
[53 60]
[61 68]
[69 82]
[83 97]
[ 98 106]
[107 128]
[129 143]
[144 166]
[167 183]
[184 200]
[201 215]
[216 238]
[239 265]
[266 281]
[282 297]
[298 312]
[313 342]
[343 356]
[357 364]
[365 383]
[384 396]
[398 553]
[554 566]
[567 579]
[580 590]
[591 605]
[606 642]
[643 663]
[664 681]
[682 697]
[698 714]
[715 734]
[735 759]
[760 795]
[796 985]
[ 986 1262]
[1263 1400]
[1401 1503]
[1504 1774]
[1775 1838]
[1839 2016]
[2017 2105]
[2106 2356]
[2357 2436]
[2437 2477]
[2478 2521]
[2522 2586]
[2587 2653]
[2654 2724]
[2725 2879]
[2880 3024]
[3025 3157]
[3158 3224]
[3225 3378]
[3379 3482]
[3483 3558]
[3559 3644]
[3645 3754]
[3755 3794]
[3795 3847]
[3848 3907]
[3908 3993]
[3994 4040]
[4041 4098]
[4099 4141]
[4142 4189]
[4190 4233]
[4234 4282]
[4283 4348]
[4349 4414]
[4415 4463]
[4464 4515]
[4516 4565]
[4566 4684]
[4685 4730]
[4731 4796]
[4797 4901]
[4902 4959]
[4960 5049]
[5050 5104]
[5105 5188]
[5189 5341]
[5342 5530]
[5531 5571]
[5572 5581]
[5582 5642]
[5643 5687]
[5688 5764]
[5765 5844]
[5845 5905]
[5906 5972]
[5973 6090]
[6091 6156]
[6157 6184]
[6185 6260]
[6261 6297]
[6298 6391]
[6392 6466]
[6467 6705]
[6706 6819]
[6820 6929]
[6930 7025]
[7026 7084]
[7085 7198]
[7199 7269]
[7270 7312]
[7313 7384]
[7385 7454]
[7455 7509]
[7510 7559]
[7560 7687]
[7688 7792]
[7793 7900]
[7901 7979]
[7980 8027]
[8028 8124]
[8125 8281]
[8282 8524]
[8525 8628]
[8629 8709]
[8710 8780]
[8781 8838]
[8839 8909]
[8910 9006]
[9007 9115]
[9116 9457]
[9458 9704]
[9705 9970]
[ 9971 10024]
[10025 10063]
[10064 10123]
[10124 10303]
[10304 10418]
[10419 10526]
[10527 10598]
[10599 10683]
[10684 10803]
[10804 10875]
[10876 10943]
[10944 11023]
[11024 11082]
[11083 11161]
[11162 11208]
[11209 11251]
[11252 11291]
[11292 11320]
[11321 11349]
[11350 11499]
[11500 11582]
[11583 11667]
[11668 11816]
[11817 11943]
[11944 12305]
[12306 12799]
