[0 7]
[ 8 22]
[23 45]
[46 53]
[54 61]
[62 69]
[70 76]
[77 83]
[84 98]
[ 99 107]
[108 129]
[130 144]
[145 154]
[155 167]
[168 181]
[182 201]
[202 223]
[224 239]
[240 253]
[254 266]
[267 282]
[283 298]
[299 313]
[314 327]
[328 343]
[344 357]
[358 371]
[372 398]
[399 594]
[595 679]
[680 722]
[723 752]
[753 785]
[786 821]
[822 902]
[903 939]
[940 990]
[ 991 1155]
[1156 1187]
[1188 1311]
[1312 1380]
[1381 1554]
[1555 1597]
[1598 1640]
[1641 1768]
[1769 1843]
[1844 1889]
[1890 2072]
[2073 2297]
[2298 2346]
[2347 2389]
[2390 2481]
[2482 2565]
[2566 2646]
[2647 2737]
[2738 2883]
[2884 2999]
[3000 3089]
[3090 3201]
[3202 3301]
[3302 3475]
[3476 3516]
[3517 3543]
[3544 3642]
[3643 3757]
[3758 3861]
[3862 4036]
[4037 4062]
[4063 4270]
[4271 4323]
[4324 4413]
[4414 4437]
[4438 4565]
[4566 4631]
[4632 4696]
[4697 4843]
[4844 4996]
[4997 5094]
[5095 5268]
[5269 5342]
[5343 5536]
[5537 5624]
[5625 5795]
[5796 5865]
[5866 6034]
[6035 6148]
[6149 6358]
[6359 6562]
[6563 6661]
[6662 7088]
[7089 7341]
[7342 7513]
[7514 7644]
[7645 7718]
[7719 7907]
[7908 7971]
[7972 8015]
[8016 8119]
[8120 8174]
[8175 8204]
[8205 8247]
[8248 8280]
[8281 8383]
[8384 8696]
[8697 8938]
[8939 8993]
[8994 9084]
[9085 9139]
[9140 9199]
[9200 9304]
[9305 9372]
[9373 9399]
