[0 6]
[ 7 21]
[22 44]
[45 52]
[53 60]
[61 68]
[69 82]
[83 97]
[ 98 106]
[107 128]
[129 143]
[144 166]
[167 183]
[184 200]
[201 215]
[216 238]
[239 265]
[266 281]
[282 297]
[298 312]
[313 342]
[343 356]
[357 364]
[365 383]
[384 396]
[398 528]
[529 705]
[706 746]
[747 791]
[792 837]
[838 948]
[ 949 1019]
[1020 1094]
[1095 1212]
[1213 1255]
[1256 1285]
[1286 1329]
[1330 1369]
[1370 1393]
[1394 1443]
[1444 1491]
[1492 1562]
[1563 1646]
[1647 1710]
[1711 1789]
[1790 1909]
[1910 1957]
[1958 2020]
[2021 2090]
[2091 2178]
[2179 2283]
[2284 2531]
[2532 2583]
[2584 2684]
[2685 2802]
[2803 3071]
[3072 3150]
[3151 3222]
[3223 3258]
[3259 3319]
[3320 3405]
[3406 3484]
[3485 3547]
[3548 3606]
[3607 3659]
[3660 3720]
[3721 3765]
[3766 3820]
[3821 3844]
[3845 3867]
[3868 3914]
[3915 3939]
[3940 3991]
[3992 4020]
[4021 4191]
[4192 4236]
[4237 4278]
[4279 4372]
[4373 4465]
[4466 4501]
[4502 4562]
[4563 4586]
[4587 4620]
[4621 4660]
[4661 4751]
[4752 4810]
[4811 4836]
[4837 4915]
[4916 4983]
[4984 5020]
[5021 5060]
[5061 5192]
[5193 5240]
[5241 5292]
[5293 5341]
[5342 5416]
[5417 5480]
[5481 5517]
[5518 5698]
[5699 5752]
[5753 5847]
[5848 5991]
[5992 6107]
[6108 6189]
[6190 6266]
[6267 6311]
[6312 6388]
[6389 6421]
[6422 6444]
[6445 6468]
[6469 6511]
[6512 6546]
[6547 6593]
[6594 6620]
[6621 6675]
[6676 6722]
[6723 6762]
[6763 6817]
[6818 6878]
[6879 6926]
[6927 6958]
[6959 6988]
[6989 7039]
[7040 7115]
[7116 7191]
[7192 7264]
[7265 7303]
[7304 7388]
[7389 7518]
[7519 7627]
[7628 7750]
[7751 7829]
[7830 7881]
[7882 8113]
[8114 8218]
[8219 8263]
[8264 8303]
[8304 8373]
[8374 8441]
[8442 8464]
[8465 8491]
[8492 8532]
[8533 8584]
[8585 8676]
[8677 8894]
[8895 8993]
[8994 9253]
[9254 9335]
[9336 9542]
[9543 9580]
[9581 9610]
[9611 9641]
[9642 9687]
[9688 9711]
[9712 9807]
[9808 9831]
[9832 9866]
[9867 9898]
[9899 9965]
[ 9966 10031]
[10032 10095]
[10096 10112]
[10113 10185]
[10186 10250]
[10251 10338]
[10339 10422]
[10423 10545]
[10546 10599]
[10600 10663]
[10664 10743]
[10744 10836]
[10837 10974]
[10975 11002]
[11003 11054]
[11055 11096]
[11097 11148]
[11149 11206]
[11207 11294]
[11295 11332]
[11333 11398]
[11399 11436]
[11437 11491]
[11492 11525]
[11526 11567]
[11568 11662]
[11663 11731]
[11732 11792]
[11793 11871]
[11872 11920]
[11921 11995]
[11996 12053]
[12054 12091]
[12092 12190]
[12191 12329]
[12330 12367]
[12368 12433]
[12434 12501]
[12502 12566]
[12567 12667]
[12668 12802]
[12803 12950]
[12951 13119]
[13120 13268]
[13269 13397]
[13398 13515]
[13516 13728]
[13729 13973]
[13974 14055]
[14056 14135]
[14136 14167]
[14168 14257]
[14258 14302]
[14303 14349]
