[ 0 22]
[24 43]
[44 63]
[ 65 108]
[110 416]
[417 472]
[473 508]
[509 544]
[545 573]
[574 599]
[600 633]
[634 664]
[665 694]
[695 722]
[723 797]
[798 919]
[ 920 1228]
[1229 1306]
[1307 1355]
[1356 1406]
[1407 1443]
[1444 1497]
[1498 1554]
[1555 1597]
[1598 1633]
[1634 1698]
[1699 1769]
[1770 2116]
[2117 2203]
[2204 2269]
[2270 2349]
[2350 2403]
[2404 2458]
[2459 2529]
[2530 2624]
[2625 2731]
[2732 2784]
[2785 2871]
[2872 2929]
[2930 3008]
[3009 3091]
[3092 3182]
[3183 3246]
[3247 3334]
[3335 3412]
[3413 3453]
[3454 3516]
[3517 3604]
[3605 3641]
[3642 3943]
[3944 4020]
[4021 4067]
[4068 4145]
[4146 4232]
[4233 4352]
[4353 4420]
[4421 4486]
[4487 4546]
[4547 4606]
[4607 4684]
[4685 4755]
[4756 4779]
[4780 5182]
[5183 5234]
[5235 5269]
[5270 5324]
[5325 5383]
[5384 5457]
[5458 5571]
[5572 5628]
[5629 5686]
[5687 5778]
[5779 5826]
[5827 5871]
[5872 5906]
[5907 5931]
[5932 6094]
[6095 6147]
[6148 6216]
[6217 6266]
[6267 6420]
[6421 6471]
[6472 6587]
[6588 6666]
[6667 6734]
[6735 6773]
[6774 7311]
[7312 7373]
[7374 7448]
[7449 7535]
[7536 7606]
[7607 7680]
[7681 7757]
[7758 7828]
[7829 7900]
[7901 7980]
[7981 8055]
[8056 8096]
[8097 8164]
[8165 8225]
[8226 8272]
[8273 8707]
[8708 8807]
[8808 8895]
[8896 8989]
[8990 9084]
[9085 9180]
[9181 9270]
[9271 9350]
[9351 9452]
[9453 9538]
[9539 9679]
[9680 9782]
[9783 9837]
[9838 9931]
[ 9932 10010]
[10011 10043]
[10044 10281]
[10282 10355]
[10356 10404]
[10405 10460]
[10461 10525]
[10526 10590]
[10591 10654]
[10655 10710]
[10711 10776]
[10777 10868]
[10869 10952]
[10953 11023]
[11024 11126]
[11127 11199]
[11200 11278]
[11279 11356]
[11357 11569]
[11570 11593]
[11594 11643]
[11644 11699]
[11700 11722]
[11723 11740]
[11741 11766]
[11767 11861]
[11862 12127]
[12129 12177]
[12178 12233]
[12234 12256]
[12257 12274]
[12275 12300]
[12301 12445]
[12446 12693]
[12694 12946]
[12947 13046]
[13047 13173]
[13174 13324]
[13325 13706]
[13707 13876]
[13877 13930]
[13931 13962]
[13963 13995]
[13996 14032]
[14033 14064]
[14065 14110]
[14111 14172]
[14173 14223]
[14224 14252]
[14253 14366]
[14367 14807]
[14808 14926]
[14927 14972]
[14973 15018]
[15019 15071]
[15072 15156]
[15157 15356]
[15357 15383]
[15384 15539]
[15540 15582]
[15583 15625]
[15626 15673]
[15674 15723]
[15724 15774]
[15775 15830]
[15831 15915]
[15916 15978]
[15979 16061]
[16062 16129]
[16130 16247]
[16248 16287]
[16288 16662]
[16663 16765]
[16766 16842]
[16843 16907]
[16908 16974]
[16975 17038]
[17039 17103]
[17104 17397]
[17398 17474]
[17475 17567]
[17568 17757]
[17758 18120]
[18121 18159]
[18160 18295]
[18296 18352]
[18353 18405]
[18406 18454]
[18455 18514]
[18515 18567]
[18568 18636]
[18637 18686]
[18687 18824]
[18825 18900]
[18901 18967]
[18968 19019]
[19020 19098]
[19099 19168]
[19169 19224]
[19225 19276]
[19277 19351]
[19352 19456]
[19457 19510]
[19511 19683]
[19684 20074]
[20075 20133]
[20134 20186]
[20187 20245]
[20246 20299]
[20300 20387]
[20388 20480]
[20481 20529]
[20530 20578]
[20579 20656]
[20657 20766]
[20767 20810]
[20811 20858]
[20859 20933]
[20934 21004]
[21005 21043]
[21044 21085]
[21086 21133]
[21134 21188]
[21189 21230]
[21231 21277]
[21278 21347]
[21348 21401]
[21402 21447]
[21448 21499]
[21500 21528]
[21529 21866]
[21867 22129]
[22130 22151]
[22152 22279]
[22280 22437]
[22438 22492]
[22493 22617]
[22618 22955]
[22956 23078]
[23079 23384]
[23385 23499]
