[ 0 30]
[32 51]
[52 71]
[ 73 116]
[118 205]
[206 516]
[517 579]
[580 615]
[616 645]
[646 673]
[674 706]
[707 732]
[733 762]
[763 796]
[797 830]
[831 867]
[868 898]
[899 925]
[926 955]
[956 999]
[1000 1034]
[1035 1063]
[1064 1161]
[1162 1568]
[1569 1612]
[1613 1656]
[1657 1706]
[1707 1748]
[1749 1791]
[1792 1877]
[1878 1977]
[1978 2049]
[2050 2120]
[2121 2179]
[2180 2238]
[2239 2293]
[2294 2340]
[2341 2414]
[2415 2479]
[2480 2883]
[2884 3019]
[3020 3077]
[3078 3154]
[3155 3249]
[3250 3305]
[3306 3375]
[3376 3449]
[3450 3492]
[3493 3681]
[3682 3974]
[3975 4022]
[4023 4065]
[4066 4152]
[4153 4557]
[4558 4750]
[4751 4920]
[4921 5078]
[5079 5117]
[5118 5152]
[5153 5194]
[5195 5458]
[5459 5512]
[5513 5558]
[5559 5606]
[5607 5659]
[5660 5751]
[5752 5802]
[5803 5858]
[5859 5939]
[5940 5990]
[5991 6036]
[6037 6081]
[6082 6172]
[6173 6660]
[6661 6679]
[6680 6747]
[6748 6812]
[6813 6866]
[6867 6901]
[6902 6934]
[6935 6975]
[6976 7051]
[7052 7749]
[7750 7824]
[7825 7878]
[7879 7922]
[7923 7984]
[7985 8039]
[8040 8071]
[8072 8106]
[8107 8135]
[8136 8234]
[8235 8259]
[8260 8288]
[8289 8362]
[8363 8422]
[8423 8451]
[8452 8509]
[8510 8586]
[8587 8655]
[8656 8706]
[8707 8763]
[8764 8844]
[8845 8890]
[8891 8920]
[8921 9045]
[9046 9449]
[9450 9521]
[9522 9595]
[9596 9653]
[9654 9746]
[9747 9788]
[9789 9834]
[9835 9877]
[9878 9938]
[9939 9955]
[ 9956 10007]
[10008 10065]
[10066 10121]
[10122 10166]
[10167 10205]
[10206 10255]
[10256 10298]
[10299 10339]
[10340 10382]
[10383 10437]
[10438 10484]
[10485 10533]
[10534 10563]
[10564 10600]
[10601 10641]
[10642 10702]
[10703 10753]
[10754 10800]
[10801 10841]
[10842 10882]
[10883 10947]
[10948 10983]
[10984 11024]
[11025 11056]
[11057 11146]
[11147 11516]
[11517 11518]
[11519 11726]
[11727 11834]
[11835 11878]
[11879 11949]
[11950 12013]
[12014 12090]
[12091 12159]
[12160 12189]
[12190 12249]
[12250 12316]
[12317 12390]
[12391 12446]
[12447 12492]
[12493 12541]
[12542 12604]
[12605 12626]
[12627 12640]
[12641 12689]
[12690 12792]
[12793 12839]
[12840 12866]
[12867 12917]
[12918 12935]
[12936 12958]
[12959 13021]
[13022 13074]
[13075 13100]
[13101 13167]
[13168 13209]
[13210 13241]
[13242 13673]
[13674 13792]
[13793 13861]
[13862 13921]
[13922 14025]
[14026 14085]
[14086 14136]
[14137 14192]
[14193 14260]
[14261 14315]
[14316 14386]
[14387 14448]
[14449 14594]
[14595 14677]
[14678 15137]
[15138 15220]
[15221 15273]
[15274 15320]
[15321 15470]
[15471 15505]
[15506 15535]
[15536 15754]
[15755 15799]
[15800 15835]
[15836 15929]
[15930 16004]
[16005 16052]
[16053 16063]
[16064 16445]
[16446 16572]
[16573 16621]
[16622 16692]
[16693 16769]
[16770 16847]
[16848 16966]
[16967 17035]
[17036 17114]
[17115 17189]
[17190 17291]
[17292 17353]
[17354 17404]
[17405 17437]
[17438 17498]
[17499 17549]
[17550 17596]
[17597 17637]
[17638 17678]
[17679 17741]
[17742 17788]
[17789 17844]
[17845 17943]
[17944 18183]
[18184 18300]
[18301 18357]
[18358 18412]
[18413 18460]
[18461 18535]
[18536 18595]
[18596 18648]
[18649 18712]
[18713 18771]
[18772 18827]
[18828 18907]
[18908 18958]
[18959 19021]
[19022 19099]
[19100 19145]
[19146 19197]
[19198 19224]
[19225 19533]
[19535 19678]
[19679 19857]
[19858 20426]
[20427 20662]
[20663 21050]
[21051 21292]
[21293 21399]
[21400 21514]
[21515 21614]
[21615 21849]
[21850 21919]
[21920 22041]
[22042 22091]
[22092 22138]
[22139 22340]
[22341 22389]
[22390 22433]
[22434 22498]
[22499 22529]
[22530 22637]
[22638 22700]
[22701 22733]
[22734 22848]
[22849 23087]
[23088 23151]
[23152 23205]
[23206 23275]
[23276 23363]
[23364 23429]
[23430 23541]
[23542 23675]
[23676 23741]
[23742 23817]
[23818 23935]
[23936 24003]
[24004 24213]
[24214 24418]
[24419 24615]
[24616 24728]
[24729 24794]
[24795 24866]
[24867 24944]
[24945 25033]
[25034 25205]
[25206 25281]
[25282 25325]
[25326 25361]
[25362 25498]
[25499 25543]
[25544 25588]
[25589 25623]
[25624 25660]
[25661 25701]
[25702 25747]
[25748 25805]
[25806 26051]
[26052 26214]
[26215 26419]
[26420 26526]
[26527 26597]
[26598 26655]
[26656 27099]
