[ 0 23]
[25 44]
[45 64]
[ 66 109]
[111 205]
[206 505]
[506 561]
[562 597]
[598 627]
[628 655]
[656 688]
[689 714]
[715 744]
[745 778]
[779 811]
[812 881]
[ 882 1004]
[1005 1526]
[1527 1618]
[1619 1715]
[1716 1757]
[1758 1783]
[1784 1820]
[1821 1850]
[1851 1880]
[1881 1908]
[1909 2094]
[2095 2167]
[2168 2358]
[2359 2410]
[2411 2558]
[2559 2596]
[2597 2685]
[2686 2748]
[2749 2855]
[2856 2894]
[2895 3188]
[3189 3259]
[3260 3327]
[3328 3403]
[3404 3495]
[3496 3532]
[3533 3583]
[3584 3705]
[3706 3827]
[3828 3870]
[3871 3946]
[3947 4050]
[4051 4139]
[4140 4180]
[4181 4295]
[4296 4352]
[4353 4408]
[4409 4472]
[4473 4548]
[4549 4589]
[4590 4656]
[4657 4693]
[4694 4778]
[4779 4836]
[4837 4870]
[4871 5221]
[5222 5314]
[5315 5372]
[5373 5435]
[5436 5502]
[5503 5545]
[5546 5778]
[5779 5829]
[5830 5878]
[5879 6181]
[6182 6187]
[6188 6256]
[6257 6322]
[6323 6370]
[6371 6440]
[6441 6493]
[6494 6538]
[6539 6847]
[6848 7217]
[7218 7339]
[7340 7436]
[7437 7559]
[7560 7629]
[7630 7669]
[7670 7956]
[7957 8561]
[8562 8830]
[8831 8890]
[8891 8949]
[8950 9272]
[9273 9720]
[9721 9804]
[9805 9873]
[9874 9930]
[9931 9984]
[ 9985 10093]
[10094 10434]
[10435 10509]
[10510 10584]
[10585 10627]
[10628 10729]
[10730 10974]
[10975 11136]
[11137 11207]
[11208 11282]
[11283 11351]
[11352 11426]
[11427 11501]
[11502 11547]
[11548 11557]
[11558 11863]
[11864 12079]
[12080 12266]
[12267 12328]
[12329 12645]
[12646 12728]
[12729 12821]
[12822 12913]
[12914 13020]
[13021 13119]
[13120 13211]
[13212 13260]
[13261 13318]
[13319 13373]
[13374 13424]
[13425 13463]
[13464 13514]
[13515 13553]
[13554 13618]
[13619 13657]
[13658 13689]
[13690 13724]
[13725 13811]
[13812 14138]
[14139 14343]
[14344 14398]
[14399 14479]
[14480 14523]
[14524 14619]
[14620 14663]
[14664 14718]
[14719 14970]
[14971 15033]
[15034 15103]
[15104 15175]
[15176 15289]
[15290 15366]
[15367 15591]
[15592 15642]
[15643 15725]
[15726 15764]
[15765 15829]
[15830 16034]
[16035 16288]
[16289 16371]
[16372 16452]
[16453 16518]
[16519 16573]
[16574 16637]
[16638 16852]
[16853 16950]
[16951 17068]
[17069 17135]
[17136 17206]
[17207 17316]
[17317 17370]
[17371 17492]
[17493 17593]
[17594 17698]
[17699 17730]
[17731 17791]
[17792 17805]
[17806 18088]
[18089 18261]
[18262 18370]
[18371 18495]
[18496 18697]
[18698 18848]
[18849 18962]
[18963 19235]
[19236 19297]
[19298 19351]
[19352 19542]
[19543 19601]
[19602 19704]
[19705 19769]
[19770 19858]
[19859 19955]
[19956 20028]
[20029 20110]
[20111 20330]
[20331 20432]
[20434 20533]
[20534 20602]
[20603 20679]
[20680 20733]
[20734 20870]
[20871 20921]
[20922 20965]
[20966 21014]
[21015 21073]
[21074 21110]
[21111 21147]
[21148 21191]
[21192 21258]
[21259 21314]
[21315 21366]
[21367 21416]
[21417 21460]
[21461 21540]
[21541 21571]
[21572 21835]
[21836 21876]
[21877 22013]
[22014 22087]
[22088 22182]
[22183 22209]
[22210 22289]
[22290 22320]
[22321 22446]
[22447 22530]
[22531 22566]
[22567 22686]
[22687 22761]
[22762 22828]
[22829 23113]
[23114 23314]
[23315 23415]
[23416 23550]
[23551 23587]
[23588 23615]
[23616 23650]
[23651 23727]
[23728 23770]
[23771 23843]
[23844 24124]
[24125 24176]
[24177 24290]
[24291 24362]
[24363 24655]
[24656 24744]
[24745 24850]
[24851 24933]
[24934 25069]
[25070 25168]
[25169 25263]
[25264 25351]
[25352 25438]
[25439 25479]
[25480 25528]
[25529 25618]
[25619 25712]
[25713 26149]
[26150 26249]
