[ 0 18]
[20 39]
[40 59]
[ 61 104]
[106 202]
[204 475]
[476 531]
[532 567]
[568 597]
[598 625]
[626 658]
[659 684]
[685 714]
[715 748]
[749 782]
[783 819]
[820 850]
[851 881]
[882 907]
[908 951]
[952 986]
[ 987 1015]
[1016 1117]
[1118 1473]
[1474 1622]
[1623 1664]
[1665 1720]
[1721 1758]
[1759 1799]
[1800 1848]
[1849 1907]
[1908 1952]
[1953 1994]
[1995 2062]
[2063 2099]
[2100 2141]
[2142 2188]
[2189 2219]
[2220 2264]
[2265 2314]
[2315 2366]
[2367 2390]
[2391 2468]
[2469 2521]
[2522 2566]
[2567 2998]
[2999 3050]
[3051 3132]
[3133 3193]
[3194 3312]
[3313 3348]
[3349 3434]
[3435 3557]
[3558 3609]
[3610 3689]
[3690 3808]
[3809 3932]
[3933 4144]
[4145 4244]
[4245 4344]
[4345 4594]
[4595 4678]
[4679 4740]
[4741 4817]
[4818 4946]
[4947 5002]
[5003 5079]
[5080 5152]
[5153 5234]
[5235 5275]
[5276 5677]
[5678 5822]
[5823 5908]
[5909 5975]
[5976 6046]
[6047 6135]
[6136 6246]
[6247 6519]
[6520 6745]
[6746 6886]
[6887 6966]
[6968 7319]
[7320 7388]
[7389 7568]
[7569 8223]
[8224 8276]
[8277 8335]
[8336 8397]
[8398 8439]
[8440 8510]
[8511 8581]
[8582 8651]
[8652 8718]
[8719 8796]
[8797 9253]
[9254 9273]
[9274 9338]
[9339 9372]
[9373 9407]
[9408 9473]
[9474 9502]
[9503 9546]
[9547 9577]
[9578 9612]
[9613 9656]
[9657 9759]
[9760 9827]
[9828 9850]
[9851 9901]
[9902 9916]
[9917 9944]
[ 9945 10003]
[10004 10036]
[10037 10087]
[10088 10131]
[10132 10180]
[10181 10218]
[10219 10273]
[10274 10327]
[10328 10357]
[10358 10376]
[10377 10411]
[10412 10465]
[10466 10524]
[10525 10575]
[10576 10622]
[10623 10663]
[10664 10704]
[10705 10753]
[10754 10795]
[10796 10837]
[10838 10875]
[10876 10970]
[10971 11496]
[11497 11561]
[11562 11766]
[11767 11803]
[11804 11860]
[11861 12022]
[12023 12112]
[12113 12155]
[12156 12250]
[12251 12365]
[12366 12491]
[12492 12606]
[12607 13014]
[13015 13100]
[13101 13172]
[13173 13268]
[13269 13419]
[13420 13498]
[13499 13543]
[13544 13633]
[13634 13742]
[13743 13877]
[13878 13938]
[13939 13988]
[13989 14102]
[14103 14413]
[14414 14475]
[14476 14516]
[14517 14567]
[14568 14633]
[14634 14667]
[14668 14763]
[14764 14934]
[14935 15054]
[15055 15136]
[15137 15283]
[15284 15329]
[15330 15420]
[15421 15467]
[15468 15941]
[15942 16012]
[16013 16078]
[16079 16155]
[16156 16237]
[16238 16319]
[16320 16389]
[16390 16465]
[16466 16538]
[16539 16611]
[16612 16692]
[16693 16775]
[16776 16898]
[16899 16971]
[16972 17361]
[17362 17456]
[17457 17509]
[17510 17544]
[17545 17609]
[17610 17661]
[17662 17720]
[17721 17741]
[17742 17792]
[17793 17843]
[17844 18107]
[18108 18476]
[18477 18527]
[18528 18607]
[18608 18676]
[18677 18751]
[18752 18827]
[18828 18919]
[18920 18951]
[18952 19021]
[19022 19082]
[19083 19122]
[19123 19236]
[19237 19287]
[19288 19334]
[19335 19375]
[19376 19416]
[19417 19470]
[19471 19513]
[19514 19555]
[19556 19594]
[19595 19684]
[19685 20185]
[20187 20257]
[20258 20498]
[20499 20595]
[20596 20665]
[20666 20835]
[20836 20898]
[20899 21095]
[21096 21221]
[21222 21371]
[21372 21600]
[21601 21902]
[21903 22207]
[22208 22336]
[22337 22642]
[22643 22722]
[22723 22802]
[22803 22876]
[22877 23175]
[23176 23287]
[23288 23344]
[23345 23393]
[23394 23455]
[23456 23525]
[23526 23609]
[23610 23855]
[23856 23910]
[23911 23959]
[23960 24040]
[24041 24111]
[24112 24188]
[24189 24263]
[24264 24433]
[24434 24737]
[24738 24991]
[24992 25053]
[25054 25140]
[25141 25217]
[25218 25307]
[25308 25385]
[25386 25420]
[25421 25462]
[25463 25515]
[25516 25581]
[25582 25605]
[25606 25667]
[25668 25697]
[25698 25744]
[25745 25795]
[25796 25846]
[25847 25875]
[25876 25977]
[25978 26123]
[26124 26180]
[26181 26273]
[26274 26354]
[26355 26427]
[26428 26496]
[26497 26929]
[26930 27020]
[27021 27109]
[27110 27187]
[27188 27248]
[27249 27327]
[27328 27392]
[27393 27601]
[27602 27675]
[27676 27772]
[27773 27854]
[27855 27990]
[27991 28058]
[28059 28117]
[28118 28167]
[28168 28278]
[28279 28321]
[28322 28352]
[28353 28383]
[28384 28426]
[28427 28771]
[28772 28902]
[28903 29016]
[29017 29116]
[29117 29217]
[29218 29311]
[29312 29526]
[29527 29549]
[29550 29662]
[29663 29772]
[29773 29802]
[29803 29841]
[29842 29971]
[29972 30039]
[30041 30121]
[30122 30591]
[30592 30707]
[30708 30739]
[30740 30787]
[30788 30890]
[30891 30947]
[30948 31045]
[31046 31122]
[31123 31233]
[31234 31267]
[31268 31361]
[31362 31451]
[31452 31503]
[31504 31531]
[31532 31593]
[31594 31706]
[31707 31753]
[31754 31801]
[31802 31883]
[31884 32246]
[32247 32349]
