[ 0 21]
[23 42]
[43 62]
[ 64 107]
[109 186]
[188 457]
[458 517]
[518 550]
[551 645]
[646 694]
[695 724]
[725 768]
[769 808]
[809 828]
[829 889]
[890 940]
[ 941 1489]
[1490 1608]
[1609 1728]
[1729 2055]
[2056 2236]
[2237 2503]
[2504 2577]
[2578 2636]
[2637 2682]
[2683 2730]
[2731 2791]
[2792 2853]
[2854 2906]
[2907 2967]
[2968 3012]
[3013 3557]
[3559 3705]
[3706 3747]
[3748 3796]
[3797 3825]
[3826 3881]
[3882 3979]
[3980 4030]
[4031 4105]
[4106 4148]
[4149 4180]
[4181 4234]
[4235 4268]
[4269 4297]
[4298 4379]
[4380 4431]
[4432 4486]
[4487 4546]
[4547 4619]
[4620 4692]
[4693 4748]
[4749 4777]
[4778 4807]
[4808 4838]
[4839 4994]
[4995 5061]
[5062 5092]
[5093 5425]
[5426 5478]
[5479 5532]
[5533 5662]
[5663 5695]
[5696 5736]
[5737 5778]
[5779 5825]
[5826 5894]
[5895 5984]
[5985 6047]
[6048 6071]
[6072 6127]
[6128 6203]
[6204 6333]
[6334 6431]
[6432 6492]
[6493 6512]
[6513 6679]
[6680 6722]
[6723 6772]
[6773 6812]
[6813 6878]
[6879 6913]
[6914 6957]
[6958 7030]
[7031 7543]
[7544 7581]
[7582 7631]
[7632 7673]
[7674 7714]
[7715 7767]
[7768 7896]
[7897 8013]
[8014 8069]
[8070 8117]
[8118 8168]
[8169 8226]
[8227 8283]
[8284 8324]
[8325 8374]
[8375 8535]
[8536 8686]
[8687 8738]
[8739 8828]
[8829 8862]
[8863 8894]
[8895 8933]
[8934 8967]
[8968 9010]
[9011 9050]
[9051 9137]
[9138 9256]
[9257 9317]
[9318 9368]
[9369 9414]
[9415 9450]
[9451 9579]
[9580 9952]
[ 9953 10003]
[10004 10039]
[10040 10100]
[10101 10162]
[10163 10225]
[10226 10389]
[10390 10438]
[10439 10481]
[10482 10525]
[10526 10557]
[10558 10611]
[10612 10684]
[10685 10728]
[10729 10796]
[10797 10971]
[10972 11011]
[11012 11137]
[11138 11202]
[11203 11240]
[11241 11599]
[11600 12560]
[12561 12660]
[12661 13058]
[13059 13124]
[13125 13195]
[13196 13253]
[13254 13304]
[13305 13373]
[13374 13426]
[13427 13465]
[13466 13520]
[13521 13588]
[13589 13663]
[13664 13715]
[13716 13783]
[13784 13854]
[13855 13883]
[13884 13939]
[13940 13985]
[13986 14035]
[14036 14090]
[14091 14139]
[14140 14196]
[14197 14257]
[14258 14308]
[14309 14340]
[14341 14658]
[14659 14684]
[14685 14742]
[14743 14860]
[14861 14919]
[14920 14986]
[14987 15047]
[15048 15125]
[15126 15247]
[15248 15316]
[15317 15351]
[15352 15389]
[15390 15508]
[15509 15567]
[15568 15670]
[15671 15710]
[15711 15778]
[15779 15973]
[15974 16323]
[16324 16374]
[16375 16455]
[16456 16548]
[16549 16614]
[16615 16661]
[16662 16750]
[16751 17119]
[17120 17220]
[17221 17309]
[17310 17371]
[17372 17420]
[17421 17469]
[17470 17488]
[17489 17555]
[17556 17595]
[17596 17649]
[17650 17713]
[17714 17777]
[17778 17887]
[17888 17995]
[17996 18018]
[18019 18046]
[18047 18068]
[18069 18102]
[18103 18131]
[18132 18172]
[18173 18207]
[18208 18241]
[18242 18330]
[18331 18644]
[18645 18855]
[18856 19013]
[19014 19149]
[19150 19216]
[19217 19276]
[19277 19359]
[19360 19541]
[19542 19584]
[19585 19675]
[19676 19730]
[19731 19802]
[19803 19883]
[19884 20172]
[20173 20597]
[20598 20655]
[20656 20715]
[20716 20821]
[20822 20860]
[20861 20916]
[20917 21203]
[21204 21282]
[21283 21335]
[21336 21399]
[21400 21485]
[21486 21710]
[21711 21773]
[21774 21837]
[21838 21904]
[21905 21965]
[21966 22310]
[22312 22418]
[22419 22506]
[22507 22763]
[22764 22877]
[22878 22924]
[22925 22960]
[22961 23036]
[23037 23105]
[23106 23145]
[23146 23185]
[23186 23231]
[23232 23283]
[23284 23336]
[23337 23370]
[23371 23407]
[23408 23446]
[23447 23489]
[23490 23536]
[23537 23570]
[23571 23689]
[23690 23981]
[23982 24067]
[24068 24169]
[24170 24221]
[24222 24278]
[24279 24334]
[24335 24401]
[24402 24490]
[24491 24577]
[24578 24756]
[24757 24805]
[24806 24870]
[24871 24982]
[24983 25031]
[25032 25103]
[25104 25151]
[25152 25191]
[25192 25238]
[25239 25293]
[25294 25437]
[25438 25475]
[25476 25555]
[25556 25706]
[25707 25777]
[25778 25827]
[25828 26039]
[26040 26099]
[26100 26158]
[26159 26209]
[26210 26267]
[26268 26421]
[26422 26470]
[26471 26537]
[26538 26606]
[26607 27037]
[27039 27099]
