[ 0 13]
[15 34]
[35 54]
[56 76]
[77 99]
[101 208]
[209 528]
[529 584]
[585 631]
[632 679]
[680 713]
[714 761]
[762 792]
[793 837]
[838 881]
[882 917]
[918 959]
[ 960 1054]
[1055 1539]
[1540 1580]
[1581 1636]
[1637 1683]
[1684 1727]
[1728 1758]
[1759 1797]
[1798 1839]
[1840 1880]
[1881 1922]
[1923 2030]
[2031 2096]
[2097 2180]
[2181 2231]
[2232 2263]
[2264 2338]
[2339 2406]
[2407 2476]
[2477 2522]
[2523 2576]
[2577 2640]
[2641 2707]
[2708 2752]
[2753 2841]
[2842 2894]
[2895 2928]
[2929 2999]
[3000 3035]
[3036 3078]
[3079 3394]
[3395 3737]
[3738 3800]
[3801 3841]
[3842 3935]
[3936 4029]
[4030 4115]
[4116 4166]
[4167 4213]
[4214 4472]
[4473 4686]
[4687 4998]
[4999 5047]
[5048 5089]
[5090 5166]
[5167 5225]
[5226 5287]
[5288 5696]
[5697 5833]
[5834 6009]
[6010 6249]
[6250 6819]
[6820 6859]
[6860 6893]
[6894 6947]
[6948 7010]
[7011 7074]
[7075 7145]
[7146 7196]
[7197 7260]
[7261 7316]
[7317 7384]
[7385 7449]
[7450 7477]
[7478 7509]
[7510 7515]
[7516 7548]
[7549 7557]
[7558 7620]
[7621 7629]
[7630 7758]
[7759 7892]
[7893 7942]
[7943 7976]
[7977 8030]
[8031 8051]
[8052 8119]
[8120 8174]
[8175 8472]
[8473 8491]
[8492 8539]
[8540 8594]
[8595 8664]
[8665 8740]
[8741 8790]
[8791 8840]
[8841 8890]
[8891 8942]
[8943 9043]
[9044 9492]
[9493 9542]
[9543 9586]
[9587 9826]
[9827 9911]
[ 9912 10035]
[10036 10184]
[10185 10254]
[10255 10338]
[10339 10464]
[10465 10547]
[10548 10676]
[10677 10969]
[10970 11008]
[11009 11089]
[11090 11166]
[11167 11242]
[11243 11272]
[11273 11318]
[11319 11356]
[11357 11422]
[11423 11448]
[11449 11477]
[11478 11535]
[11536 11591]
[11592 11628]
[11629 11655]
[11656 11698]
[11699 11727]
[11728 11780]
[11781 11815]
[11816 11851]
[11852 11870]
[11871 11904]
[11905 11962]
[11963 12006]
[12007 12044]
[12045 12085]
[12086 12145]
[12146 12199]
[12200 12250]
[12251 12306]
[12307 12406]
[12407 12832]
[12833 12938]
[12939 13032]
[13033 13067]
[13068 13131]
[13132 13224]
[13225 13277]
[13278 13356]
[13357 13459]
[13460 13523]
[13524 13577]
[13578 13641]
[13642 13704]
[13705 13855]
[13856 13939]
[13940 14034]
[14035 14123]
[14124 14176]
[14177 14211]
[14212 14532]
[14533 14618]
[14619 14685]
[14686 14768]
[14769 14847]
[14848 14920]
[14921 15063]
[15064 15157]
[15158 15231]
[15232 15291]
[15292 15354]
[15355 15420]
[15421 15487]
[15488 15572]
[15573 15626]
[15627 15685]
[15686 15730]
[15731 15784]
[15785 15835]
[15836 16348]
[16349 16515]
[16516 16626]
[16627 16730]
[16731 16768]
[16769 16825]
[16826 16863]
[16864 16918]
[16919 16984]
[16985 17039]
[17040 17086]
[17087 17135]
[17136 17192]
[17193 17241]
[17242 17284]
[17285 17346]
[17347 17418]
[17419 17487]
[17488 17511]
[17512 17846]
[17847 17945]
[17946 18051]
[18052 18120]
[18121 18278]
[18279 18409]
[18410 18466]
[18467 18553]
[18554 18725]
[18726 18819]
[18820 18971]
[18972 19007]
[19008 19304]
[19305 19688]
[19690 19788]
[19789 19864]
[19865 19940]
[19941 19986]
[19987 20042]
[20043 20102]
[20103 20195]
[20196 20234]
[20235 20264]
[20265 20286]
[20287 20358]
[20359 20401]
[20402 20502]
[20503 20535]
[20536 20731]
[20732 20765]
[20766 20895]
[20896 20967]
[20968 21026]
[21027 21270]
[21271 21374]
[21375 21435]
[21436 21514]
[21515 21583]
[21584 21647]
[21648 21710]
[21711 21778]
[21779 21853]
[21854 21903]
[21904 21948]
[21949 21991]
[21992 22034]
[22035 22084]
[22085 22600]
[22601 22783]
[22784 22831]
[22832 23096]
[23097 23119]
[23120 23176]
[23177 23293]
[23294 23324]
[23325 23521]
[23522 23660]
[23661 23801]
[23802 23892]
[23893 23967]
[23968 24399]
