[ 0 13]
[15 34]
[35 54]
[56 76]
[77 99]
[101 183]
[184 480]
[481 542]
[543 578]
[579 608]
[609 636]
[637 669]
[670 695]
[696 725]
[726 759]
[760 793]
[794 830]
[831 861]
[862 888]
[889 918]
[919 962]
[963 997]
[ 998 1026]
[1027 1118]
[1119 1528]
[1529 1568]
[1569 1711]
[1712 1758]
[1759 1825]
[1826 1980]
[1981 2050]
[2052 2151]
[2152 2310]
[2311 2373]
[2374 2437]
[2438 2485]
[2486 2535]
[2536 2574]
[2575 2603]
[2604 3139]
[3140 3181]
[3182 3223]
[3224 3264]
[3265 3357]
[3358 3393]
[3394 3427]
[3428 3457]
[3458 3516]
[3517 3575]
[3576 3641]
[3642 3702]
[3703 3752]
[3753 3802]
[3803 3862]
[3863 3937]
[3938 4007]
[4008 4056]
[4057 4120]
[4121 4156]
[4157 4380]
[4381 4692]
[4694 4958]
[4959 5270]
[5271 5380]
[5381 5447]
[5449 5702]
[5703 5778]
[5779 5858]
[5859 5943]
[5944 6037]
[6038 6119]
[6120 6208]
[6209 6284]
[6285 6357]
[6358 6407]
[6408 6941]
[6942 6986]
[6987 7004]
[7005 7050]
[7051 7077]
[7078 7129]
[7130 7160]
[7161 7221]
[7222 7266]
[7267 7323]
[7324 7422]
[7423 7511]
[7512 7573]
[7574 7646]
[7647 7708]
[7709 7811]
[7812 7854]
[7855 7933]
[7934 7988]
[7989 8035]
[8036 8063]
[8064 8613]
[8614 8694]
[8695 8767]
[8768 8864]
[8865 8926]
[8927 9000]
[9001 9078]
[9079 9138]
[9139 9219]
[9220 9247]
[9248 9389]
[9390 9499]
[9500 9574]
[9575 9641]
[9642 9732]
[9733 9780]
[9781 9831]
[9832 9892]
[9893 9957]
[ 9958 10010]
[10011 10061]
[10062 10165]
[10166 10205]
[10206 10268]
[10269 10319]
[10320 10366]
[10367 10407]
[10408 10448]
[10449 10504]
[10505 10513]
[10514 10558]
[10559 10614]
[10615 10714]
[10715 10959]
[10960 11035]
[11036 11100]
[11101 11147]
[11148 11294]
[11295 11408]
[11409 11512]
[11513 11584]
[11585 11655]
[11656 11704]
[11705 12052]
[12053 12121]
[12122 12174]
[12175 12309]
[12310 12357]
[12358 12370]
[12371 12413]
[12414 12462]
[12463 12547]
[12548 12583]
[12584 12641]
[12642 12702]
[12703 12770]
[12771 12825]
[12826 12959]
[12960 13002]
[13003 13352]
[13353 13468]
[13469 13552]
[13553 13683]
[13684 13761]
[13762 13824]
[13825 13908]
[13909 13985]
[13986 14037]
[14038 14107]
[14108 14182]
[14183 14249]
[14250 14295]
[14296 14342]
[14343 14419]
[14420 14468]
[14469 14542]
[14543 14603]
[14604 14660]
[14661 14716]
[14717 15160]
[15161 15228]
[15229 15301]
[15302 15378]
[15379 15473]
[15474 15560]
[15561 15592]
[15593 15644]
[15645 15729]
[15730 15830]
[15831 15920]
[15921 15995]
[15996 16082]
[16083 16124]
[16125 16216]
[16217 16289]
[16290 16346]
[16347 16427]
[16428 16509]
[16510 16556]
[16557 16920]
[16921 16973]
[16974 17011]
[17012 17052]
[17053 17098]
[17099 17129]
[17130 17213]
[17214 17296]
[17297 17358]
[17359 17435]
[17436 17493]
[17494 17566]
[17567 17650]
[17651 17719]
[17720 17805]
[17806 17893]
[17894 17980]
[17981 18067]
[18068 18124]
[18125 18192]
[18193 18245]
[18246 18333]
[18334 18396]
[18397 18460]
[18461 18511]
[18512 18558]
[18559 18599]
[18600 18640]
[18641 18705]
[18706 18742]
[18743 18780]
[18781 18814]
[18815 18896]
[18897 19323]
[19324 19476]
[19477 19521]
[19522 19606]
[19607 19865]
[19866 20025]
[20026 20192]
[20193 20293]
[20294 20338]
[20339 20431]
[20432 20497]
[20498 20549]
[20550 20948]
[20949 21024]
[21025 21092]
[21093 21168]
[21169 21244]
[21245 21404]
[21405 21443]
[21444 21568]
[21569 21662]
[21663 21712]
[21713 21860]
[21861 21914]
[21915 22002]
[22003 22188]
[22189 22517]
[22518 22576]
[22577 22624]
[22625 22651]
[22652 22783]
[22784 22940]
[22941 22989]
[22990 23045]
[23046 23078]
[23079 23116]
[23117 23163]
[23164 23230]
[23231 23287]
[23288 23337]
[23338 23409]
[23410 23460]
[23461 23510]
[23511 23599]
[23600 23656]
[23657 23719]
[23720 23764]
[23765 23803]
[23804 23817]
[23818 24289]
[24290 24339]
[24340 24407]
[24408 24446]
[24447 24510]
[24511 24561]
[24562 24603]
[24604 24653]
[24654 24843]
[24844 24898]
[24899 24937]
[24938 24993]
[24994 25033]
[25034 25106]
[25107 25175]
[25176 25556]
[25557 25599]
[25600 25641]
[25642 25692]
[25693 25743]
[25744 25792]
[25793 25835]
[25836 26220]
[26221 26539]
[26540 26665]
[26666 26789]
[26790 26909]
[26910 26999]
[27000 27112]
[27113 27397]
[27398 27465]
[27466 27574]
[27575 27661]
[27662 27749]
[27750 27951]
[27952 28221]
[28222 28300]
[28301 28557]
[28558 28616]
[28617 28675]
[28676 28746]
[28747 28824]
[28825 28948]
[28949 29040]
[29041 29120]
[29121 29182]
[29183 29265]
[29266 29353]
[29354 29599]
[29600 29677]
[29678 29783]
[29784 29813]
[29814 29903]
[29904 29985]
[29986 30062]
[30063 30102]
[30103 30150]
[30151 30240]
[30241 30290]
[30291 30354]
[30355 30419]
[30420 30526]
[30527 30625]
[30626 30696]
[30697 30753]
[30754 30860]
[30861 30931]
[30932 31262]
[31263 31349]
