[ 0 24]
[26 45]
[46 65]
[ 67 110]
[112 204]
[205 478]
[479 534]
[535 570]
[571 600]
[601 628]
[629 661]
[662 698]
[699 729]
[730 756]
[757 786]
[787 830]
[831 865]
[866 894]
[895 924]
[925 965]
[ 966 1005]
[1006 1106]
[1107 1353]
[1354 1518]
[1519 1578]
[1579 1642]
[1643 1697]
[1698 1751]
[1752 1809]
[1810 1859]
[1860 1913]
[1914 1963]
[1964 2015]
[2016 2091]
[2092 2413]
[2414 2588]
[2589 2692]
[2693 2767]
[2768 2828]
[2829 2838]
[2839 2908]
[2909 3010]
[3011 3101]
[3102 3140]
[3141 3194]
[3195 3250]
[3251 3316]
[3317 3658]
[3659 3801]
[3802 3883]
[3884 4077]
[4078 4668]
[4669 4738]
[4739 4796]
[4797 4904]
[4905 5181]
[5182 5262]
[5263 5298]
[5299 5398]
[5399 5792]
[5793 5831]
[5832 5866]
[5867 5901]
[5902 5961]
[5962 6025]
[6026 6066]
[6067 6158]
[6159 6582]
[6583 6683]
[6684 6759]
[6760 6845]
[6846 6874]
[6875 6982]
[6983 7013]
[7014 7122]
[7123 7198]
[7199 7275]
[7276 7416]
[7417 7516]
[7517 7606]
[7607 7733]
[7734 7794]
[7795 7876]
[7877 7983]
[7984 8019]
[8020 8064]
[8065 8390]
[8391 8604]
[8605 8699]
[8700 9069]
[9070 9179]
[9180 9303]
[9304 9392]
[9393 9646]
[9647 9712]
[9713 9757]
[9758 9847]
[9848 9917]
[ 9918 10022]
[10023 10111]
[10112 10205]
[10206 10297]
[10298 10357]
[10358 10407]
[10408 10500]
[10501 10620]
[10621 10717]
[10718 10798]
[10799 10885]
[10886 10963]
[10964 11032]
[11033 11096]
[11097 11168]
[11169 11268]
[11269 11344]
[11345 11620]
[11621 11737]
[11738 11832]
[11833 11951]
[11952 12046]
[12047 12131]
[12132 12236]
[12237 12267]
[12268 12330]
[12331 12367]
[12368 12399]
[12400 12435]
[12436 12474]
[12475 12510]
[12511 12575]
[12576 12620]
[12621 12676]
[12677 12771]
[12772 13157]
[13158 13279]
[13280 13401]
[13402 13468]
[13469 13553]
[13554 13656]
[13657 13774]
[13775 13877]
[13878 13963]
[13964 14058]
[14059 14101]
[14102 14184]
[14185 14194]
[14195 14241]
[14242 14784]
[14785 14829]
[14830 14865]
[14866 14917]
[14918 14975]
[14976 15177]
[15178 15259]
[15260 15313]
[15314 15363]
[15364 15442]
[15443 15493]
[15494 15846]
[15847 15877]
[15878 15961]
[15962 16041]
[16042 16142]
[16143 16216]
[16217 16373]
[16374 16474]
[16475 16595]
[16596 16723]
[16724 16825]
[16826 16926]
[16927 16987]
[16988 17020]
[17021 17361]
[17362 17579]
[17580 17765]
[17766 17830]
[17831 17847]
[17848 18216]
[18217 18256]
[18257 18330]
[18331 18423]
[18424 18487]
[18488 18535]
[18536 18615]
[18616 18750]
[18751 18858]
[18859 19081]
[19082 19176]
[19177 19269]
[19270 19354]
[19355 19401]
[19402 19554]
[19555 19633]
[19634 19721]
[19722 19842]
[19843 19974]
[19975 20087]
[20088 20184]
[20185 20247]
[20248 20366]
[20367 20544]
[20545 20673]
[20674 20734]
[20735 20831]
[20832 20904]
[20905 20943]
[20944 21308]
[21309 21731]
[21733 22061]
[22062 22252]
[22253 22491]
[22492 22692]
[22693 22786]
[22787 22851]
[22852 22919]
[22920 22993]
[22994 23050]
[23051 23127]
[23128 23174]
[23175 23202]
[23203 23247]
[23248 23280]
[23281 23336]
[23337 23391]
[23392 23427]
[23428 23494]
[23495 23778]
[23779 23899]
