[ 0 16]
[18 37]
[38 57]
[ 59 102]
[104 193]
[194 560]
[561 610]
[611 634]
[635 715]
[716 737]
[738 756]
[757 805]
[806 827]
[828 862]
[863 891]
[892 942]
[943 985]
[ 986 1055]
[1056 1584]
[1585 1640]
[1641 1710]
[1711 1776]
[1777 1843]
[1844 1852]
[1853 1903]
[1904 1999]
[2000 2052]
[2053 2106]
[2107 2134]
[2135 2196]
[2197 2240]
[2241 2255]
[2256 2303]
[2304 2327]
[2328 2374]
[2375 2417]
[2418 2448]
[2449 2500]
[2501 2541]
[2542 2596]
[2597 2613]
[2614 2665]
[2666 2681]
[2682 2703]
[2704 2734]
[2735 2776]
[2777 2805]
[2806 2828]
[2829 2876]
[2877 2916]
[2917 2958]
[2959 3006]
[3007 3041]
[3042 3092]
[3093 3429]
[3430 3479]
[3480 3520]
[3521 3574]
[3575 3631]
[3632 3672]
[3673 3708]
[3709 3762]
[3763 3800]
[3801 3925]
[3926 3955]
[3956 4005]
[4006 4051]
[4052 4092]
[4093 4135]
[4136 4206]
[4207 4245]
[4246 4301]
[4302 4367]
[4368 4424]
[4425 4442]
[4443 4515]
[4516 4608]
[4609 4644]
[4645 4681]
[4682 4721]
[4722 4761]
[4762 4823]
[4824 4917]
[4918 5349]
[5350 5398]
[5399 5479]
[5480 5512]
[5513 5561]
[5563 5656]
[5657 5696]
[5697 5864]
[5865 5918]
[5919 5972]
[5973 6027]
[6028 6063]
[6064 6115]
[6116 6174]
[6175 6450]
[6451 6502]
[6503 6562]
[6563 6613]
[6614 6684]
[6685 6755]
[6756 6787]
[6788 6817]
[6818 6923]
[6924 7162]
[7163 7210]
[7211 7276]
[7277 7391]
[7392 7441]
[7442 7488]
[7489 7542]
[7543 7577]
[7578 7777]
[7778 7913]
[7914 7988]
[7989 8032]
[8033 8063]
[8064 8123]
[8124 8190]
[8191 8224]
[8225 8253]
[8254 8300]
[8301 8700]
[8701 8757]
[8758 8795]
[8796 8854]
[8855 8929]
[8930 8993]
[8994 9042]
[9043 9211]
[9212 9443]
[9444 9559]
[9560 9630]
[9631 9676]
[9677 9859]
[9860 9938]
[9939 9977]
[ 9978 10021]
[10022 10055]
[10056 10124]
[10125 10184]
[10185 10213]
[10214 10270]
[10271 10302]
[10303 10325]
[10326 10347]
[10348 10364]
[10365 10627]
[10628 10925]
[10926 11280]
[11281 11315]
[11316 11343]
[11344 11388]
[11389 11436]
[11437 11469]
[11470 11554]
[11555 11605]
[11606 11645]
[11646 11691]
[11692 11773]
[11774 11820]
[11821 11916]
[11917 12005]
[12006 12053]
[12054 12107]
[12108 12169]
[12170 12249]
[12250 12318]
[12319 12413]
[12414 12542]
[12543 12999]
[13000 13055]
[13056 13112]
[13113 13144]
[13145 13167]
[13168 13189]
[13190 13211]
[13212 13306]
[13307 13365]
[13366 13516]
[13517 13538]
[13539 13593]
[13594 13644]
[13645 13679]
[13680 13751]
[13752 13850]
[13851 13936]
[13937 14062]
[14064 14187]
[14188 14311]
[14312 14413]
[14414 14423]
[14424 14775]
[14776 15083]
[15084 15347]
[15348 15387]
[15388 15487]
[15488 15537]
[15538 15676]
[15677 15783]
[15784 16170]
[16171 16230]
[16231 16350]
[16351 16686]
[16687 16761]
[16762 16813]
[16814 16862]
[16863 16918]
[16919 17236]
[17237 17506]
[17507 17567]
[17568 17634]
[17635 17700]
[17701 17772]
[17773 17856]
[17857 17929]
[17930 17997]
[17998 18087]
[18088 18136]
[18137 18187]
[18188 18219]
[18220 18504]
[18505 18556]
[18557 18602]
[18603 18646]
[18647 18688]
[18689 18750]
[18751 18809]
[18810 18880]
[18881 18945]
[18946 19007]
[19008 19089]
[19090 19165]
[19166 19217]
[19218 19262]
[19263 19280]
[19281 19307]
[19308 19344]
[19345 19409]
[19410 19457]
[19458 19527]
[19528 19589]
[19590 19654]
[19655 19729]
[19730 19764]
[19765 19851]
[19852 20064]
[20065 20279]
[20280 20440]
[20441 20499]
[20500 20686]
[20687 20720]
[20721 21020]
[21021 21191]
[21192 21268]
[21269 21368]
[21369 21476]
[21477 21526]
[21527 21578]
[21579 21683]
[21684 21763]
[21764 21874]
[21875 21922]
[21923 21976]
[21977 22031]
[22032 22092]
[22093 22164]
[22165 22248]
[22249 22302]
[22303 22347]
[22348 22374]
[22375 22765]
[22766 22844]
[22845 22919]
[22920 22954]
[22955 23078]
[23079 23133]
[23134 23222]
[23223 23295]
[23296 23373]
[23374 23492]
[23493 23788]
[23789 23842]
[23843 23893]
[23894 23960]
[23961 24011]
[24012 24070]
[24071 24121]
[24122 24182]
[24183 24372]
[24373 24579]
[24580 24679]
[24680 24716]
[24717 24829]
[24830 24894]
[24895 24966]
[24967 25002]
[25003 25277]
[25278 25473]
[25474 25499]
[25500 25627]
[25628 25804]
[25805 25941]
[25942 26013]
[26014 26075]
[26076 26111]
[26112 26250]
[26251 26387]
[26388 26769]
[26770 26831]
[26832 26891]
[26892 26950]
[26951 27004]
[27005 27094]
[27095 27159]
[27160 27227]
[27228 27286]
[27287 27343]
[27344 27405]
[27406 27699]
[27700 27751]
[27752 27805]
[27806 27844]
[27845 27902]
[27903 27964]
[27965 28002]
[28003 28060]
[28061 28111]
[28112 28430]
[28431 28499]
