[ 0 22]
[24 43]
[44 63]
[ 65 108]
[110 187]
[190 478]
[479 540]
[541 579]
[580 614]
[615 638]
[639 668]
[669 705]
[706 720]
[721 730]
[731 747]
[748 766]
[767 791]
[792 830]
[831 857]
[858 876]
[877 915]
[916 953]
[954 988]
[ 989 1016]
[1017 1040]
[1041 1125]
[1126 1562]
[1563 1612]
[1613 1662]
[1663 1719]
[1720 1775]
[1776 1815]
[1816 2180]
[2181 2257]
[2258 2350]
[2351 2426]
[2427 2523]
[2524 2639]
[2640 2710]
[2711 2793]
[2794 2884]
[2885 2955]
[2956 3037]
[3038 3101]
[3102 3426]
[3427 3438]
[3439 3535]
[3537 3616]
[3617 3664]
[3665 3723]
[3724 3870]
[3871 3877]
[3878 3913]
[3914 3979]
[3980 4045]
[4046 4086]
[4087 4153]
[4154 4227]
[4228 4257]
[4258 4294]
[4295 4374]
[4375 4510]
[4511 4593]
[4594 4673]
[4674 4752]
[4753 4841]
[4842 4885]
[4886 4925]
[4926 5326]
[5327 5459]
[5460 5505]
[5506 5567]
[5568 5634]
[5635 5712]
[5713 5767]
[5768 5819]
[5820 5882]
[5883 5974]
[5975 6052]
[6053 6314]
[6315 6340]
[6341 6469]
[6470 6557]
[6558 6641]
[6642 6732]
[6733 6772]
[6773 6841]
[6842 7283]
[7284 7348]
[7349 7366]
[7367 7393]
[7394 7410]
[7411 7433]
[7434 7467]
[7468 7496]
[7497 7521]
[7522 7555]
[7556 7587]
[7588 7624]
[7625 7654]
[7655 7731]
[7732 7789]
[7790 7857]
[7858 7902]
[7903 7953]
[7954 8035]
[8036 8080]
[8081 8107]
[8108 8139]
[8140 8232]
[8233 8332]
[8333 8421]
[8422 8452]
[8453 8479]
[8480 8513]
[8514 8541]
[8542 8572]
[8573 8590]
[8591 8637]
[8638 8674]
[8675 8705]
[8706 8733]
[8734 8760]
[8761 9091]
[9092 9632]
[9633 9931]
[ 9932 10018]
[10019 10094]
[10095 10174]
[10175 10256]
[10257 10333]
[10334 10412]
[10413 10509]
[10510 10596]
[10597 10682]
[10683 10761]
[10762 10848]
[10849 10930]
[10931 11010]
[11011 11023]
[11024 11079]
[11080 11164]
[11165 11239]
[11240 11290]
[11291 11671]
[11672 11742]
[11743 11810]
[11811 11880]
[11881 11948]
[11949 12013]
[12014 12092]
[12093 12184]
[12185 12268]
[12269 12347]
[12348 12414]
[12415 12507]
[12508 12582]
[12583 12653]
[12654 12690]
[12691 12993]
[12994 13113]
[13114 13209]
[13210 13271]
[13272 13315]
[13316 13386]
[13387 13465]
[13466 13567]
[13568 13674]
[13675 13763]
[13764 13820]
[13821 13959]
[13960 14030]
[14031 14208]
[14209 14244]
[14245 14296]
[14297 14335]
[14336 14358]
[14359 14389]
[14390 14423]
[14424 14512]
[14513 14556]
[14557 14651]
[14652 14923]
[14924 14981]
[14982 15018]
[15019 15081]
[15082 15125]
[15126 15195]
[15196 15256]
[15257 15333]
[15334 15366]
[15367 15411]
[15412 15454]
[15455 15502]
[15503 15576]
[15577 15641]
[15642 15735]
[15736 15791]
[15792 15875]
[15876 15936]
[15937 16034]
[16035 16082]
[16083 16118]
[16119 16163]
[16164 16204]
[16205 16378]
[16379 16780]
[16781 16816]
[16817 16891]
[16892 16925]
[16926 17027]
[17028 17079]
[17080 17223]
[17224 17265]
[17266 17344]
[17345 17602]
[17603 17682]
[17683 17760]
[17761 17804]
[17805 18199]
[18200 18256]
[18257 18296]
[18297 18337]
[18338 18376]
[18377 18417]
[18418 18499]
[18500 18543]
[18544 18708]
[18709 18739]
[18740 18807]
[18808 18843]
[18844 18872]
[18873 18907]
[18908 18937]
[18938 18983]
[18984 19048]
[19049 19080]
[19081 19116]
[19117 19172]
[19173 19232]
[19233 19277]
[19278 19320]
[19321 19576]
[19577 19698]
[19699 19773]
[19774 19844]
[19845 19955]
[19956 19998]
[19999 20047]
[20048 20212]
[20213 20259]
[20260 20305]
[20306 20359]
[20360 20434]
[20435 20514]
[20515 20571]
[20572 20634]
[20635 20677]
[20678 20731]
[20732 20768]
[20769 20812]
[20813 20948]
[20949 20995]
[20996 21050]
[21051 21104]
[21105 21146]
[21147 21189]
[21190 21434]
[21435 21574]
[21575 21698]
[21699 21799]
[21800 21918]
[21919 22017]
[22018 22199]
[22200 22352]
[22353 22454]
[22455 22543]
[22544 22689]
[22690 23034]
[23035 23095]
[23096 23160]
[23161 23219]
[23220 23290]
[23291 23364]
[23365 23412]
[23413 23479]
[23480 23525]
[23526 23554]
[23555 23591]
[23592 23656]
[23657 23703]
[23704 23742]
[23743 23798]
[23799 23822]
[23823 23867]
[23868 23919]
[23920 23961]
[23962 24034]
[24035 24079]
[24080 24125]
[24126 24194]
[24195 24255]
[24256 24313]
[24314 24366]
[24367 24421]
[24422 24472]
[24473 24578]
[24579 24616]
[24617 24701]
[24702 24727]
[24728 24790]
[24791 24910]
[24911 24959]
[24960 25034]
[25035 25110]
[25111 25140]
[25141 25251]
[25252 25359]
[25360 25450]
[25451 25475]
[25476 25526]
[25527 25553]
[25554 25572]
[25573 25737]
[25738 26159]
[26160 26249]
