[ 0 20]
[22 41]
[42 61]
[ 63 106]
[108 201]
[202 526]
[527 582]
[583 629]
[630 663]
[664 711]
[712 835]
[836 884]
[885 922]
[923 957]
[ 958 1031]
[1032 1307]
[1308 1368]
[1369 1416]
[1417 1467]
[1468 1496]
[1497 1558]
[1559 1603]
[1604 1661]
[1662 1720]
[1721 1781]
[1782 1810]
[1811 1875]
[1876 1935]
[1936 2006]
[2007 2052]
[2053 2136]
[2137 2231]
[2232 2362]
[2363 2381]
[2382 2447]
[2448 2513]
[2514 2628]
[2629 2678]
[2679 2749]
[2750 2814]
[2815 2861]
[2862 2926]
[2927 3011]
[3012 3303]
[3304 3358]
[3359 3423]
[3424 3501]
[3502 3582]
[3583 3640]
[3641 3717]
[3718 3768]
[3769 3835]
[3836 3910]
[3911 3989]
[3990 4032]
[4033 4066]
[4067 4094]
[4095 4121]
[4122 4161]
[4162 4681]
[4682 4883]
[4884 5229]
[5230 5363]
[5364 5517]
[5518 5660]
[5661 5722]
[5723 5872]
[5873 5961]
[5962 6042]
[6043 6343]
[6344 6895]
[6896 7254]
[7255 7276]
[7277 7307]
[7308 7322]
[7323 7372]
[7373 7420]
[7421 7489]
[7490 7538]
[7539 7596]
[7597 7644]
[7645 7690]
[7691 7727]
[7728 7774]
[7775 8340]
[8341 8377]
[8378 8419]
[8420 8464]
[8465 8501]
[8502 8557]
[8558 8593]
[8594 8644]
[8645 8679]
[8680 8702]
[8703 8755]
[8756 8796]
[8797 8841]
[8842 8877]
[8878 8913]
[8914 8949]
[8950 8991]
[8992 9122]
[9123 9183]
[9184 9270]
[9271 9318]
[9319 9365]
[9366 9718]
[9719 9761]
[9762 9827]
[9828 9862]
[9863 9954]
[9955 9997]
[ 9998 10053]
[10054 10099]
[10100 10182]
[10183 10235]
[10236 10292]
[10293 10344]
[10345 10386]
[10387 10491]
[10492 11086]
[11087 11159]
[11160 11206]
[11207 11241]
[11242 11304]
[11305 11354]
[11355 11433]
[11434 11540]
[11541 11598]
[11599 11682]
[11683 11735]
[11736 11762]
[11763 11825]
[11826 11875]
[11876 11954]
[11955 12061]
[12062 12119]
[12120 12203]
[12204 12258]
[12259 12333]
[12334 12572]
[12573 12645]
[12646 12774]
[12775 12909]
[12910 13013]
[13014 13064]
[13065 13131]
[13132 13172]
[13173 13224]
[13225 13277]
[13278 13323]
[13324 13414]
[13415 13528]
[13529 13602]
[13603 13661]
[13662 13726]
[13727 13984]
[13985 14050]
[14051 14107]
[14108 14162]
[14163 14218]
[14219 14290]
[14291 14349]
[14350 14410]
[14411 14496]
[14497 14551]
[14552 14613]
[14614 14689]
[14690 14741]
[14742 14772]
[14773 14827]
[14828 14893]
[14894 15320]
[15321 15385]
[15386 15445]
[15446 15474]
[15475 15529]
[15530 15583]
[15584 15652]
[15653 15715]
[15716 15767]
[15768 15844]
[15845 15896]
[15897 15977]
[15978 16031]
[16032 16100]
[16101 16233]
[16234 16361]
[16362 16925]
[16926 16965]
[16966 17027]
[17028 17305]
[17306 17368]
[17369 17539]
[17540 17578]
[17579 17826]
[17827 17904]
[17905 17967]
[17968 18162]
[18163 18231]
[18232 18670]
[18671 18694]
[18695 18760]
[18761 18831]
[18832 18897]
[18898 18926]
[18927 18979]
[18980 19019]
[19020 19117]
[19118 19180]
[19181 19201]
[19202 19260]
[19261 19318]
[19319 19372]
[19373 19407]
[19408 19461]
[19462 19475]
[19476 19503]
[19504 19560]
[19561 19914]
[19915 20085]
[20086 20178]
[20179 20241]
[20242 20307]
[20308 20377]
[20378 20440]
[20441 20708]
[20709 20737]
[20738 20777]
[20778 20871]
[20872 20916]
[20917 20977]
[20978 21334]
[21335 21456]
[21457 21545]
[21546 21743]
[21744 21816]
[21817 21951]
[21952 22016]
[22017 22087]
[22088 22188]
[22189 22266]
[22267 22372]
[22373 22683]
[22684 22774]
[22775 22843]
[22844 22934]
[22935 23022]
[23023 23097]
[23098 23373]
[23374 23423]
[23424 23462]
[23463 23525]
[23526 23575]
[23576 23609]
[23610 23894]
[23895 23927]
[23928 23999]
[24000 24125]
[24126 24168]
[24169 24315]
[24316 24366]
[24367 24499]
[24500 24552]
[24553 24619]
[24620 24650]
[24651 24689]
[24690 24741]
[24742 24770]
[24771 25219]
[25220 25282]
[25283 25328]
[25329 25385]
[25386 25439]
[25440 25493]
[25494 25544]
[25545 25593]
[25594 25679]
[25680 25739]
[25740 25882]
[25883 25934]
[25935 25993]
[25994 26040]
[26041 26070]
[26071 26093]
[26094 26169]
[26170 26230]
[26231 26273]
[26274 26322]
[26323 26393]
[26394 26446]
[26447 26718]
[26719 26796]
[26797 26815]
[26816 26842]
[26843 27105]
[27106 27216]
[27217 27261]
[27262 27315]
[27316 27387]
[27388 27454]
[27455 27518]
[27519 27560]
[27561 27613]
[27614 27685]
[27686 27833]
[27834 27870]
[27871 28070]
[28072 28149]
