[ 0 14]
[15 43]
[45 64]
[65 84]
[ 86 129]
[131 219]
[220 492]
[493 549]
[550 582]
[583 607]
[608 676]
[677 704]
[705 733]
[734 764]
[765 799]
[800 863]
[ 864 1268]
[1269 1349]
[1350 1400]
[1401 1446]
[1447 1603]
[1604 1728]
[1729 1868]
[1869 1969]
[1970 2103]
[2104 2215]
[2216 2339]
[2340 2388]
[2389 2474]
[2475 2856]
[2857 3043]
[3044 3116]
[3117 3207]
[3208 3303]
[3304 3381]
[3382 3446]
[3447 3514]
[3515 3572]
[3573 3645]
[3646 3694]
[3695 4321]
[4322 4393]
[4394 4463]
[4464 4497]
[4498 4559]
[4560 4651]
[4652 4729]
[4730 4803]
[4804 4887]
[4888 4961]
[4962 5027]
[5028 5082]
[5083 5140]
[5141 5234]
[5235 5476]
[5477 5516]
[5517 5577]
[5578 5626]
[5627 5683]
[5684 5742]
[5743 5806]
[5807 5852]
[5853 5914]
[5915 5968]
[5969 6005]
[6006 6096]
[6097 6143]
[6144 6188]
[6189 6263]
[6264 6330]
[6331 6434]
[6435 6472]
[6473 6516]
[6517 6572]
[6573 6630]
[6631 6697]
[6698 6797]
[6798 6858]
[6859 6911]
[6912 6953]
[6954 7005]
[7006 7058]
[7059 7491]
[7492 7562]
[7563 7714]
[7715 7918]
[7919 8058]
[8059 8119]
[8120 8158]
[8159 8192]
[8193 8425]
[8426 8517]
[8518 8645]
[8646 9179]
[9180 9223]
[9224 9633]
[ 9634 10219]
[10220 10674]
[10675 10731]
[10732 10760]
[10761 10779]
[10780 10812]
[10813 10833]
[10834 10850]
[10851 10887]
[10888 10911]
[10912 10990]
[10991 11039]
[11040 11077]
[11078 11171]
[11172 11670]
[11671 12367]
[12368 12618]
[12619 13113]
[13114 13217]
[13218 13270]
[13271 13299]
[13300 13357]
[13358 13404]
[13405 13454]
[13455 13479]
[13480 13512]
[13513 13533]
[13534 13550]
[13551 13587]
[13588 13613]
[13614 13660]
[13661 13698]
[13699 13723]
[13724 13753]
[13754 13779]
[13780 13797]
[13798 13838]
[13839 13892]
[13893 13950]
[13951 14017]
[14018 14070]
[14071 14122]
[14123 14195]
[14196 14261]
[14262 14566]
[14567 14624]
[14625 14714]
[14715 14763]
[14764 14847]
[14848 14887]
[14888 14955]
[14956 15081]
[15082 15140]
[15141 15206]
[15207 15282]
[15283 15303]
[15304 15347]
[15348 15410]
[15411 15459]
[15460 15633]
[15634 15693]
[15694 15836]
[15837 15872]
[15873 15914]
[15915 15962]
[15963 16089]
[16090 16285]
[16286 16349]
[16350 16412]
[16413 16561]
[16562 16645]
[16646 16770]
[16771 16869]
[16870 16956]
[16957 17042]
[17043 17128]
[17129 17161]
[17162 17186]
[17187 17269]
[17270 17353]
[17354 17494]
[17495 17868]
[17869 17927]
[17928 17960]
[17961 17993]
[17994 18123]
[18124 18364]
[18365 18432]
[18433 18558]
[18559 18704]
[18705 18776]
[18777 18887]
[18888 19020]
[19021 19176]
[19177 19276]
[19277 19318]
[19319 19636]
[19637 19724]
[19725 19868]
[19869 19931]
[19932 20061]
[20062 20119]
[20120 20147]
[20148 20214]
[20215 20316]
[20317 20357]
[20358 20390]
[20391 20469]
[20470 20505]
[20506 20525]
[20526 20588]
[20589 20615]
[20616 20668]
[20669 20718]
[20719 20836]
[20837 20900]
[20901 20953]
[20954 20987]
[20988 21014]
[21015 21053]
[21054 21080]
[21081 21122]
[21123 21166]
[21167 21202]
[21203 21339]
[21340 22028]
[22029 22103]
[22104 22159]
[22160 22213]
[22214 22289]
[22290 22311]
[22312 22389]
[22390 22476]
[22477 22537]
[22538 22595]
[22596 22643]
[22644 22772]
[22773 22852]
[22853 22928]
[22929 22995]
[22996 23028]
[23029 23096]
[23097 23131]
[23132 23192]
[23193 23274]
[23275 23326]
[23327 23633]
[23634 23701]
[23702 23747]
[23748 23980]
[23981 24033]
[24034 24228]
[24229 24482]
[24483 24555]
[24556 24645]
[24646 25008]
[25009 25077]
[25078 25128]
[25129 25167]
[25168 25210]
[25211 25267]
[25268 25323]
[25324 25409]
[25410 25477]
[25478 25507]
[25508 25571]
[25572 25620]
[25621 25659]
[25660 25719]
[25720 25761]
[25762 25805]
[25806 25842]
[25843 25905]
[25906 26362]
[26363 26520]
[26521 26601]
[26602 26670]
[26671 26738]
[26739 26798]
[26799 26859]
[26860 26927]
[26928 26996]
[26997 27053]
[27054 27123]
[27124 27348]
[27349 27803]
[27804 27871]
[27872 27952]
[27953 28117]
[28118 28192]
[28193 28279]
[28280 28421]
[28422 28531]
[28532 28587]
[28588 28647]
[28648 28705]
[28706 28761]
[28762 28833]
[28834 28884]
[28885 29349]
[29350 29440]
[29441 29521]
[29522 29620]
[29621 29705]
[29706 29757]
[29758 29891]
[29892 29984]
[29985 30050]
[30051 30221]
[30222 30407]
[30408 30564]
[30565 30770]
[30771 30897]
[30898 31171]
[31173 31258]
