[ 0 17]
[18 46]
[48 67]
[68 87]
[ 89 132]
[134 211]
[212 483]
[484 537]
[538 604]
[605 629]
[630 664]
[665 697]
[698 733]
[734 759]
[760 788]
[789 872]
[873 912]
[913 957]
[ 958 1422]
[1423 1460]
[1461 1480]
[1481 1522]
[1523 1545]
[1546 1608]
[1609 1768]
[1769 1831]
[1832 1966]
[1967 2029]
[2030 2240]
[2241 2294]
[2295 2382]
[2383 2444]
[2445 2509]
[2510 2562]
[2563 2786]
[2787 2861]
[2862 2910]
[2911 2979]
[2980 3017]
[3018 3053]
[3054 3384]
[3385 3440]
[3441 3499]
[3500 3592]
[3593 3637]
[3638 3742]
[3743 3827]
[3828 3870]
[3871 3912]
[3913 3951]
[3952 3988]
[3989 4039]
[4040 4067]
[4068 4136]
[4137 4193]
[4194 4289]
[4290 4466]
[4467 4514]
[4515 4591]
[4592 4648]
[4649 4682]
[4683 4979]
[4980 5305]
[5307 5380]
[5381 5432]
[5433 5510]
[5511 5572]
[5573 5609]
[5610 5653]
[5654 5712]
[5713 5748]
[5749 5810]
[5811 5870]
[5871 5914]
[5915 5979]
[5980 6012]
[6013 6073]
[6074 6144]
[6145 6200]
[6201 6258]
[6259 6298]
[6299 6348]
[6349 6384]
[6385 6441]
[6442 6504]
[6505 6566]
[6567 6578]
[6579 6698]
[6699 6739]
[6740 6763]
[6764 6800]
[6801 6834]
[6835 6912]
[6913 7377]
[7378 7439]
[7440 7490]
[7491 7534]
[7535 7578]
[7579 7635]
[7636 7670]
[7671 7743]
[7744 7770]
[7771 7828]
[7829 7873]
[7874 7901]
[7902 8031]
[8032 8102]
[8103 8150]
[8151 8187]
[8188 8241]
[8242 8323]
[8324 8349]
[8350 8387]
[8388 8443]
[8444 8507]
[8508 8556]
[8557 8594]
[8595 8634]
[8635 8662]
[8663 8697]
[8698 9179]
[9180 9251]
[9252 9300]
[9301 9381]
[9382 9447]
[9448 9565]
[9566 9610]
[9611 9669]
[9670 9700]
[9701 9751]
[ 9752 10034]
[10035 10276]
[10277 10354]
[10355 10402]
[10403 10440]
[10441 10509]
[10510 10535]
[10536 10864]
[10865 10947]
[10948 10993]
[10994 11029]
[11030 11066]
[11067 11109]
[11110 11155]
[11156 11186]
[11187 11236]
[11237 11292]
[11293 11358]
[11359 11405]
[11406 11443]
[11444 11509]
[11510 11632]
[11633 11697]
[11698 11733]
[11734 11778]
[11779 11826]
[11827 11887]
[11888 11953]
[11954 11977]
[11978 12038]
[12039 12131]
[12132 12166]
[12167 12223]
[12224 12254]
[12255 12363]
[12364 12425]
[12426 12476]
[12477 12521]
[12522 12549]
[12550 12576]
[12577 12605]
[12606 12865]
[12866 13306]
[13307 13379]
[13380 13430]
[13431 13491]
[13492 13553]
[13554 13613]
[13614 13668]
[13669 13723]
[13724 13794]
[13795 13838]
[13839 13900]
[13901 13973]
[13974 14041]
[14042 14107]
[14108 14173]
[14174 14244]
[14245 14313]
[14314 14375]
[14376 14441]
[14442 14561]
[14562 14921]
[14922 14981]
[14982 15073]
[15074 15126]
[15127 15173]
[15175 15223]
[15224 15278]
[15279 15332]
[15333 15390]
[15391 15444]
[15445 15499]
[15500 15563]
[15564 15626]
[15627 15682]
[15683 15724]
[15725 15782]
[15783 15850]
[15851 16031]
[16032 16082]
[16083 16127]
[16128 16178]
[16179 16223]
[16224 16276]
[16277 16328]
[16329 16378]
[16379 16419]
[16420 16751]
[16752 16833]
[16834 16894]
[16895 16952]
[16953 16997]
[16998 17090]
[17091 17153]
[17154 17198]
[17199 17322]
[17323 17637]
[17638 17734]
[17735 17798]
[17799 17867]
[17868 17936]
[17937 18004]
[18005 18062]
[18063 18122]
[18123 18542]
[18543 19599]
[19600 20084]
[20085 20342]
[20343 20472]
[20473 20619]
[20620 20705]
[20706 20789]
[20790 20889]
[20890 21036]
[21037 21184]
[21185 21240]
[21241 21271]
[21272 21298]
[21299 21326]
[21327 21364]
[21365 21432]
[21433 21462]
[21463 21525]
[21526 21621]
[21622 21867]
[21868 21973]
[21974 22037]
[22038 22105]
[22106 22193]
[22194 22259]
[22260 22358]
[22359 22494]
[22495 22638]
[22639 22774]
[22775 22867]
[22868 22906]
[22907 23223]
[23224 23624]
[23625 23696]
[23697 23745]
[23746 23808]
[23809 23852]
[23853 23914]
[23915 23947]
[23948 24014]
[24015 24082]
[24083 24183]
[24184 24240]
[24241 24417]
[24418 24765]
[24766 25218]
[25219 25306]
[25307 25400]
[25401 25513]
[25514 25565]
[25566 25608]
[25609 25899]
[25900 25999]
[26000 26082]
[26083 26142]
[26143 26201]
[26202 26235]
[26236 26330]
[26331 26366]
[26367 26429]
[26430 26463]
[26464 26519]
[26520 26534]
[26535 26739]
[26740 26845]
[26846 26887]
[26888 26936]
[26937 26977]
[26978 27041]
[27042 27188]
[27189 27538]
[27539 27690]
[27691 27737]
[27738 27791]
[27792 27941]
[27942 27991]
[27992 28087]
[28088 28161]
[28162 28273]
[28274 28341]
[28342 28387]
[28388 28741]
[28742 28889]
[28890 28956]
[28957 29035]
[29036 29072]
[29073 29248]
[29249 29286]
[29287 29327]
[29328 29388]
[29389 29459]
[29460 29503]
[29504 29572]
[29573 29620]
[29621 29883]
[29884 29978]
