[ 0 12]
[13 41]
[43 62]
[63 82]
[ 84 127]
[129 198]
[199 601]
[602 664]
[665 700]
[701 730]
[731 791]
[792 805]
[806 821]
[822 851]
[852 884]
[885 915]
[ 916 1039]
[1040 1090]
[1091 1564]
[1565 1598]
[1599 1612]
[1613 1689]
[1690 1770]
[1771 1800]
[1801 1830]
[1831 1921]
[1922 2006]
[2007 2047]
[2048 2105]
[2106 2127]
[2128 2179]
[2180 2280]
[2281 2346]
[2347 2454]
[2455 2512]
[2513 2548]
[2549 2648]
[2649 2707]
[2708 2743]
[2744 2783]
[2784 2819]
[2820 2880]
[2881 2912]
[2913 2944]
[2945 2960]
[2961 3029]
[3030 3390]
[3391 3439]
[3440 3496]
[3497 3536]
[3537 3570]
[3571 3604]
[3605 3781]
[3782 3809]
[3810 3845]
[3846 3875]
[3876 3899]
[3900 3926]
[3927 3952]
[3953 3989]
[3990 4019]
[4020 4049]
[4050 4078]
[4079 4180]
[4181 4216]
[4217 4261]
[4262 4298]
[4299 4327]
[4328 4403]
[4404 4472]
[4473 4525]
[4526 4548]
[4549 4576]
[4577 4591]
[4592 4621]
[4622 4645]
[4646 4672]
[4673 4710]
[4711 5059]
[5061 5095]
[5096 5138]
[5139 5191]
[5192 5266]
[5267 5314]
[5315 5368]
[5369 5481]
[5482 5566]
[5567 5601]
[5602 5644]
[5645 5821]
[5822 5913]
[5914 6123]
[6124 6195]
[6196 6254]
[6255 6318]
[6319 6389]
[6390 6441]
[6442 6502]
[6503 6561]
[6562 6636]
[6637 6660]
[6661 6699]
[6700 7043]
[7044 7091]
[7092 7138]
[7139 7188]
[7189 7239]
[7240 7270]
[7271 7330]
[7331 7365]
[7366 7531]
[7532 7574]
[7575 7712]
[7713 7787]
[7788 7845]
[7846 7871]
[7872 7931]
[7932 7968]
[7969 8024]
[8025 8063]
[8064 8116]
[8117 8511]
[8512 8548]
[8549 8568]
[8569 8611]
[8612 8655]
[8656 8679]
[8680 8734]
[8735 8783]
[8784 8844]
[8845 8980]
[8981 9013]
[9014 9045]
[9046 9118]
[9119 9179]
[9180 9233]
[9234 9287]
[9288 9332]
[9333 9370]
[9371 9411]
[9412 9466]
[9467 9492]
[9493 9521]
[9522 9545]
[9546 9686]
[9687 9730]
[9731 9775]
[9776 9818]
[9819 9866]
[9867 9915]
[9916 9962]
[ 9963 10005]
[10006 10042]
[10043 10123]
[10124 10434]
[10435 10493]
[10494 10573]
[10574 10617]
[10618 10697]
[10698 10715]
[10716 10786]
[10787 10900]
[10901 10984]
[10985 11088]
[11089 11157]
[11158 11233]
[11234 11293]
[11294 11365]
[11366 11420]
[11421 11485]
[11486 11539]
[11540 11587]
[11588 11645]
[11646 11702]
[11703 11746]
[11747 11792]
[11793 12149]
[12150 12301]
[12302 12431]
[12432 12464]
[12465 12560]
[12561 12644]
[12645 13091]
[13092 13201]
[13202 13341]
[13342 13430]
[13431 13472]
[13473 13515]
[13516 13567]
[13568 13634]
[13635 13732]
[13733 14107]
[14108 14246]
[14247 14446]
[14447 14597]
[14598 14668]
[14669 14720]
[14721 14773]
[14774 14832]
[14833 14937]
[14938 15114]
[15115 15491]
[15492 15683]
[15684 15826]
[15827 15962]
[15963 16135]
[16136 16258]
[16259 16356]
[16357 16447]
[16448 16619]
[16620 16683]
[16684 16745]
[16746 17105]
[17106 17158]
[17159 17271]
[17272 17311]
[17312 17539]
[17540 17595]
[17596 17681]
[17682 17716]
[17717 17751]
[17752 17777]
[17778 17883]
[17884 17945]
[17946 18009]
[18010 18074]
[18075 18106]
[18107 18152]
[18153 18212]
[18213 18256]
[18257 18301]
[18302 18344]
[18345 18392]
[18393 18441]
[18442 18488]
[18489 18531]
[18532 18568]
[18569 18646]
[18647 18953]
[18954 18989]
[18990 19116]
[19117 19168]
[19169 19202]
[19203 19250]
[19251 19323]
[19324 19364]
[19365 19421]
[19422 19500]
[19501 19573]
[19574 19620]
[19621 19678]
[19679 19726]
[19727 19819]
[19820 19858]
[19859 19886]
[19887 20159]
[20160 20212]
[20213 20320]
[20321 20386]
[20387 20451]
[20452 20584]
[20585 20654]
[20655 20738]
[20739 20773]
[20774 20929]
[20930 21060]
[21061 21205]
[21206 21316]
[21317 21433]
[21434 21640]
[21641 22023]
[22024 22086]
[22087 22355]
[22356 22422]
[22423 22531]
[22532 22668]
[22669 22708]
[22709 22787]
[22788 22860]
[22861 23201]
[23202 23389]
[23390 23787]
[23788 24417]
[24418 24664]
[24665 24739]
[24740 24922]
[24923 25189]
[25190 25490]
[25491 25552]
[25553 25620]
[25621 25704]
[25705 25797]
[25798 25883]
[25884 25971]
[25972 26039]
[26040 26108]
[26109 26196]
[26197 26272]
[26273 26338]
[26339 26406]
[26407 26485]
[26486 26536]
[26537 26753]
[26754 26839]
[26840 26929]
[26930 27025]
[27026 27138]
[27139 27251]
[27252 27353]
[27354 27450]
[27451 27560]
[27561 27674]
[27675 27953]
[27954 28224]
[28225 28339]
[28341 28485]
[28486 28574]
[28575 28710]
[28711 29033]
[29034 29127]
