[ 0 16]
[17 45]
[47 66]
[67 86]
[ 88 131]
[133 227]
[229 458]
[459 511]
[512 552]
[553 583]
[584 613]
[614 643]
[644 676]
[677 704]
[705 734]
[735 764]
[765 797]
[798 828]
[829 859]
[860 889]
[890 925]
[926 959]
[960 995]
[ 996 1100]
[1101 1628]
[1629 1671]
[1672 1705]
[1706 1781]
[1782 1870]
[1871 1960]
[1961 2023]
[2024 2068]
[2069 2116]
[2117 2151]
[2152 2194]
[2195 2229]
[2230 2275]
[2276 2330]
[2331 2350]
[2351 2379]
[2380 2425]
[2426 2491]
[2492 2533]
[2534 2602]
[2603 2667]
[2668 2759]
[2760 2815]
[2816 2867]
[2868 2918]
[2919 2972]
[2973 3057]
[3058 3460]
[3462 3515]
[3516 3569]
[3570 3594]
[3595 3624]
[3625 3652]
[3653 3685]
[3686 3707]
[3708 3841]
[3842 3927]
[3928 3969]
[3970 4012]
[4013 4042]
[4043 4080]
[4081 4117]
[4118 4147]
[4148 4189]
[4190 4222]
[4223 4371]
[4372 4392]
[4393 4444]
[4445 4478]
[4479 4503]
[4504 4542]
[4543 4663]
[4664 4808]
[4809 4859]
[4860 4921]
[4922 4950]
[4951 4985]
[4986 5027]
[5028 5365]
[5366 5453]
[5454 5506]
[5507 5581]
[5582 5664]
[5665 5729]
[5730 5778]
[5779 5832]
[5833 5877]
[5878 5930]
[5931 5982]
[5983 6039]
[6040 6098]
[6099 6145]
[6146 6211]
[6212 6243]
[6244 6296]
[6297 6342]
[6343 6391]
[6392 6440]
[6441 6478]
[6479 6509]
[6510 6537]
[6538 6883]
[6885 6931]
[6932 6975]
[6976 7006]
[7007 7045]
[7046 7083]
[7084 7097]
[7098 7151]
[7152 7188]
[7189 7215]
[7216 7252]
[7253 7286]
[7287 7320]
[7321 7343]
[7344 7377]
[7378 7411]
[7412 7435]
[7436 7462]
[7463 7488]
[7489 7525]
[7526 7555]
[7556 7585]
[7586 7614]
[7615 7634]
[7635 7661]
[7662 7700]
[7701 7769]
[7770 7822]
[7823 7839]
[7840 8320]
[8321 8381]
[8382 8447]
[8448 8516]
[8517 8583]
[8584 8925]
[8926 8984]
[8985 9043]
[9044 9103]
[9104 9288]
[9289 9316]
[9317 9367]
[9368 9400]
[9401 9423]
[9424 9470]
[9471 9583]
[9584 9651]
[9652 9712]
[9713 9769]
[9770 9813]
[9814 9858]
[9859 9901]
[9902 9949]
[9950 9998]
[ 9999 10045]
[10046 10086]
[10087 10125]
[10126 10225]
[10226 10448]
[10449 10478]
[10479 10632]
[10633 10715]
[10716 10784]
[10785 10839]
[10840 10903]
[10904 10950]
[10951 11009]
[11010 11058]
[11059 11107]
[11108 11189]
[11190 11250]
[11251 11320]
[11321 11385]
[11386 11437]
[11438 11485]
[11486 11523]
[11524 11566]
[11567 11623]
[11624 11686]
[11687 11758]
[11759 11799]
[11800 11829]
[11830 11866]
[11867 12227]
[12229 12268]
[12269 12306]
[12307 12360]
[12361 12413]
[12414 12473]
[12474 12535]
[12536 12649]
[12650 12709]
[12710 12788]
[12789 12831]
[12832 12872]
[12873 12893]
[12894 12909]
[12910 12964]
[12965 13006]
[13007 13043]
[13044 13081]
[13082 13110]
[13111 13156]
[13157 13201]
[13202 13552]
[13553 13626]
[13627 13709]
[13710 13949]
[13950 14113]
[14114 14315]
[14316 14366]
[14367 14431]
[14432 14498]
[14499 14828]
[14829 14921]
[14922 14963]
[14964 15009]
[15010 15032]
[15033 15113]
[15114 15207]
[15208 15269]
[15270 15343]
[15344 15393]
[15394 15438]
[15439 15521]
[15522 15667]
[15668 15736]
[15737 15829]
[15830 15923]
[15924 16013]
[16014 16106]
[16107 16216]
[16217 16286]
[16287 16372]
[16373 16491]
[16492 16543]
[16544 16594]
[16595 16654]
[16655 16716]
[16717 16777]
[16778 16837]
[16838 17082]
[17083 17146]
[17147 17213]
[17214 17282]
[17283 17354]
[17355 17432]
[17433 17516]
[17517 17750]
[17751 17798]
[17799 17852]
[17853 17911]
[17912 17960]
[17961 18015]
[18016 18083]
[18084 18161]
[18162 18357]
[18358 18481]
[18482 18545]
[18546 18826]
[18827 19420]
[19421 19531]
[19532 19575]
[19576 19920]
[19921 20124]
[20125 20245]
[20246 20295]
[20296 20493]
[20494 20525]
[20526 20923]
[20924 21136]
[21137 21250]
[21251 21376]
[21377 21524]
[21525 21586]
[21587 21659]
[21660 21782]
[21783 21918]
[21919 22006]
[22007 22096]
[22097 22194]
[22195 22272]
[22273 22350]
[22351 22433]
[22434 22482]
[22483 22549]
[22550 22609]
[22610 22653]
[22654 22693]
[22694 22790]
[22791 22868]
[22869 22921]
[22922 23185]
[23186 23268]
[23269 23338]
[23339 23404]
[23405 23469]
[23470 23553]
[23554 23671]
[23672 23754]
[23755 23833]
[23834 23921]
[23922 23963]
[23964 24007]
[24008 24250]
[24251 24396]
[24397 24409]
[24410 24496]
[24497 24633]
[24634 24686]
[24687 24741]
[24742 24784]
[24785 24852]
[24853 24959]
[24960 25088]
[25089 25239]
[25240 25353]
[25354 25401]
[25402 25474]
[25475 25544]
[25545 25609]
[25610 25662]
[25663 25998]
[25999 26160]
[26161 26199]
[26200 26274]
[26275 26393]
[26394 26496]
[26497 26512]
[26513 26600]
[26601 26650]
[26651 26698]
[26699 26728]
[26729 26979]
[26980 27073]
