[ 0 13]
[14 42]
[44 63]
[64 83]
[ 85 128]
[130 211]
[213 504]
[505 565]
[566 601]
[602 631]
[632 659]
[660 692]
[693 718]
[719 754]
[755 782]
[783 816]
[817 853]
[854 884]
[885 911]
[912 931]
[932 981]
[ 982 1456]
[1457 1532]
[1533 1612]
[1613 1693]
[1694 1748]
[1749 1775]
[1776 1839]
[1840 1891]
[1892 1977]
[1978 2045]
[2046 2108]
[2109 2178]
[2179 2340]
[2341 2401]
[2402 2467]
[2468 2510]
[2511 2635]
[2636 2801]
[2802 2921]
[2922 3424]
[3425 3465]
[3466 3521]
[3522 3622]
[3623 3680]
[3681 3727]
[3728 3775]
[3776 3821]
[3822 3888]
[3889 3967]
[3968 4067]
[4068 4197]
[4198 4275]
[4276 4364]
[4365 4434]
[4435 4488]
[4489 4560]
[4561 4617]
[4618 4669]
[4670 4734]
[4735 4780]
[4781 4815]
[4816 4881]
[4882 5314]
[5315 5450]
[5451 5500]
[5501 5555]
[5556 5656]
[5657 5724]
[5725 5968]
[5969 6127]
[6128 6177]
[6178 6227]
[6228 6265]
[6266 6392]
[6393 6445]
[6446 6508]
[6509 6597]
[6598 6696]
[6697 6769]
[6770 6854]
[6855 7286]
[7287 7335]
[7336 7406]
[7407 7469]
[7470 7600]
[7601 7660]
[7661 7869]
[7870 7927]
[7928 7985]
[7986 8129]
[8130 8204]
[8205 8282]
[8283 8380]
[8381 8451]
[8452 8536]
[8537 8590]
[8591 8660]
[8661 8717]
[8718 8829]
[8830 8946]
[8947 9279]
[9280 9411]
[9412 9466]
[9467 9497]
[9498 9561]
[9562 9631]
[9632 9699]
[9700 9757]
[9758 9881]
[9882 9969]
[ 9970 10032]
[10033 10134]
[10135 10195]
[10196 10252]
[10253 10314]
[10315 10374]
[10375 10433]
[10434 10494]
[10495 10549]
[10550 10659]
[10660 10971]
[10972 11061]
[11062 11114]
[11115 11189]
[11190 11218]
[11219 11275]
[11276 11324]
[11325 11365]
[11366 11403]
[11404 11456]
[11457 11508]
[11509 11544]
[11545 11586]
[11587 11652]
[11653 11684]
[11685 11737]
[11738 11775]
[11776 11810]
[11811 11845]
[11846 11925]
[11926 12045]
[12046 12115]
[12116 12241]
[12242 12317]
[12318 12361]
[12362 12377]
[12378 12380]
[12381 12792]
[12793 12872]
[12873 12926]
[12927 12990]
[12991 13083]
[13084 13202]
[13203 13295]
[13296 13381]
[13382 13467]
[13468 13525]
[13526 13595]
[13596 13716]
[13717 13768]
[13769 13842]
[13843 14200]
[14201 14310]
[14311 14489]
[14490 14542]
[14543 14632]
[14633 14696]
[14697 14716]
[14717 14891]
[14892 15009]
[15010 15356]
[15357 15491]
[15492 15567]
[15568 15635]
[15636 15789]
[15790 15883]
[15884 16006]
[16007 16129]
[16130 16223]
[16224 16314]
[16315 16415]
[16416 16499]
[16500 16563]
[16564 16592]
[16593 16665]
[16666 16743]
[16744 16842]
[16843 17165]
[17166 17219]
[17220 17369]
[17370 17422]
[17423 17623]
[17624 17690]
[17691 17786]
[17787 18076]
[18077 18150]
[18151 18258]
[18259 18608]
[18609 18612]
[18613 18630]
[18631 18692]
[18693 18725]
[18726 18753]
[18754 18786]
[18787 18817]
[18818 18843]
[18844 18872]
[18873 18937]
[18938 19016]
[19017 19129]
[19130 19415]
[19416 19504]
[19505 19573]
[19574 19668]
[19669 19763]
[19764 19833]
[19834 19864]
[19865 19920]
[19921 20016]
[20017 20119]
[20120 20179]
[20180 20254]
[20255 20326]
[20327 20335]
[20336 20419]
[20420 20505]
[20506 20568]
[20569 20775]
[20776 20814]
[20815 20962]
[20963 21091]
[21092 21223]
[21224 21257]
[21258 21431]
[21432 21509]
[21510 21580]
[21581 21636]
[21637 21973]
[21974 22108]
[22109 22179]
[22180 22241]
[22242 22297]
[22298 22361]
[22362 22411]
[22412 22470]
[22471 22518]
[22519 22581]
[22582 22645]
[22646 22736]
[22737 23099]
[23100 23168]
[23169 23209]
[23210 23278]
[23279 23449]
[23450 23538]
[23539 23608]
[23609 23698]
[23699 23758]
[23759 23835]
[23836 23893]
[23894 24101]
[24102 24283]
[24284 24370]
[24371 24524]
[24525 24733]
[24734 24750]
[24751 24941]
[24942 24993]
[24994 25054]
[25055 25152]
[25153 25394]
[25395 25440]
[25441 25548]
[25549 25686]
[25687 25779]
[25781 25839]
[25840 25880]
[25881 25907]
[25908 26002]
[26003 26039]
[26040 26127]
[26128 26152]
[26153 26265]
[26266 26314]
[26315 26342]
[26343 26450]
[26451 26482]
[26483 26583]
[26584 26684]
[26685 26776]
[26777 26815]
[26816 27112]
[27113 27189]
