[ 0 20]
[21 49]
[51 70]
[71 90]
[ 92 135]
[137 234]
[235 497]
[498 557]
[558 593]
[594 624]
[625 651]
[652 684]
[685 720]
[721 750]
[751 778]
[779 808]
[809 841]
[842 872]
[873 933]
[934 970]
[ 971 1005]
[1006 1039]
[1040 1135]
[1136 1442]
[1443 1507]
[1508 1607]
[1608 1657]
[1658 1728]
[1729 1776]
[1777 1901]
[1902 1951]
[1952 2001]
[2002 2051]
[2052 2101]
[2102 2151]
[2152 2189]
[2190 2698]
[2699 2729]
[2730 2774]
[2775 2865]
[2866 2914]
[2915 2945]
[2946 3004]
[3005 3041]
[3042 3094]
[3095 3123]
[3124 3163]
[3164 3204]
[3205 3249]
[3250 3304]
[3305 3347]
[3348 3436]
[3437 3481]
[3482 3522]
[3523 3580]
[3581 3639]
[3640 3685]
[3686 3734]
[3735 3765]
[3766 3900]
[3901 3951]
[3952 3994]
[3995 4058]
[4059 4132]
[4133 4194]
[4195 4253]
[4254 4362]
[4363 4405]
[4406 4459]
[4460 4514]
[4515 4578]
[4579 4612]
[4613 4655]
[4656 4724]
[4725 4786]
[4787 4857]
[4858 4886]
[4887 4936]
[4937 4986]
[4987 5016]
[5017 5057]
[5058 5112]
[5113 5178]
[5179 5315]
[5316 5359]
[5360 5764]
[5765 5866]
[5867 5939]
[5940 6009]
[6010 6075]
[6076 6165]
[6166 6233]
[6234 6302]
[6303 6358]
[6359 6443]
[6444 6564]
[6565 6662]
[6663 6773]
[6774 6857]
[6858 6961]
[6962 7034]
[7035 7156]
[7157 7219]
[7220 7674]
[7675 7785]
[7786 7830]
[7831 7994]
[7995 8036]
[8037 8081]
[8082 8280]
[8281 8450]
[8451 8632]
[8633 8757]
[8758 8836]
[8837 8866]
[8867 8936]
[8937 9007]
[9008 9081]
[9082 9190]
[9191 9307]
[9308 9372]
[9373 9578]
[9579 9605]
[9606 9631]
[9632 9673]
[9674 9724]
[9725 9828]
[9829 9869]
[9870 9933]
[ 9934 10167]
[10168 10233]
[10234 10261]
[10262 10314]
[10315 10413]
[10414 10501]
[10502 10564]
[10565 10629]
[10630 10691]
[10692 10739]
[10740 10776]
[10777 10819]
[10820 10937]
[10938 10981]
[10982 11026]
[11027 11069]
[11070 11117]
[11118 11166]
[11167 11213]
[11214 11256]
[11257 11293]
[11294 11390]
[11391 11810]
[11811 11899]
[11900 11981]
[11982 12056]
[12057 12112]
[12113 12177]
[12178 12210]
[12211 12321]
[12322 12405]
[12406 12461]
[12462 12498]
[12499 12591]
[12592 12732]
[12733 12832]
[12833 12888]
[12889 12944]
[12945 13017]
[13018 13115]
[13116 13210]
[13211 13558]
[13559 13884]
[13885 13918]
[13919 13956]
[13957 14000]
[14001 14050]
[14051 14112]
[14113 14165]
[14166 14218]
[14219 14260]
[14261 14314]
[14315 14357]
[14358 14398]
[14399 14444]
[14445 14588]
[14589 14634]
[14635 14682]
[14683 14762]
[14763 14837]
[14838 14910]
[14911 14969]
[14970 15027]
[15028 15103]
[15104 15151]
[15152 15206]
[15207 15634]
[15635 15695]
[15696 15808]
[15809 15883]
[15884 16081]
[16082 16158]
[16159 16218]
[16219 16278]
[16279 16328]
[16329 16388]
[16389 16448]
[16449 16559]
[16560 16631]
[16632 16713]
[16714 17121]
[17123 17177]
[17178 17214]
[17215 17253]
[17254 17293]
[17294 17360]
[17361 17414]
[17415 17485]
[17486 17642]
[17643 17779]
[17780 17825]
[17826 17960]
[17961 18038]
[18039 18089]
[18090 18290]
[18291 18360]
[18361 18513]
[18514 18868]
[18869 18935]
[18936 19048]
[19049 19192]
[19193 19231]
[19232 19315]
[19316 19381]
[19382 19454]
[19455 19508]
[19509 19546]
[19547 19618]
[19619 19696]
[19697 19749]
[19750 19791]
[19792 19849]
[19850 19879]
[19880 19937]
[19938 20036]
[20037 20086]
[20087 20155]
[20156 20216]
[20217 20352]
[20353 20509]
[20510 20612]
[20613 20662]
[20663 20720]
[20721 20880]
[20881 20938]
[20939 21283]
[21284 21490]
[21491 21556]
[21557 21622]
[21623 21692]
[21693 21745]
[21746 22075]
[22076 22135]
[22136 22179]
[22180 22217]
[22218 22310]
[22311 22928]
[22929 23390]
[23391 23479]
[23480 23514]
[23515 23574]
[23575 23619]
[23620 23663]
[23664 23713]
[23714 23761]
[23762 23783]
[23784 23816]
[23817 23866]
[23867 23916]
[23917 23954]
[23955 24008]
[24009 24064]
[24065 24130]
[24131 24180]
[24181 24238]
[24239 24292]
[24293 24348]
[24349 24402]
[24403 24449]
[24450 24478]
[24479 24507]
[24508 24792]
[24793 24957]
[24958 25102]
[25103 25270]
[25271 25421]
[25422 25491]
[25492 25574]
[25575 25681]
[25682 25765]
[25766 25867]
[25868 25957]
[25958 26249]
[26250 26390]
[26391 26541]
[26542 26633]
[26634 26689]
[26690 26866]
[26867 26948]
[26949 27237]
[27238 27293]
[27294 27329]
[27330 27389]
[27390 27646]
[27647 27649]
[27650 27712]
[27713 27821]
[27822 27873]
[27874 27946]
[27947 27993]
[27994 28041]
[28042 28049]
[28050 28386]
[28387 28412]
[28413 28450]
[28451 28503]
[28504 28515]
[28516 28539]
[28540 28594]
[28595 28714]
[28715 28814]
[28815 28856]
[28857 28941]
[28942 29032]
[29033 29255]
[29256 29288]
[29289 29352]
[29353 29496]
[29497 29538]
[29539 29622]
[29623 29687]
[29688 29749]
[29750 29892]
[29893 29955]
[29956 30023]
[30024 30174]
[30175 30283]
[30284 30328]
[30329 30453]
[30454 30578]
[30579 30770]
[30771 30815]
[30816 30864]
[30865 31000]
[31001 31070]
[31071 31147]
[31148 31304]
[31305 31532]
[31533 31678]
[31679 31801]
[31802 31941]
[31942 32051]
[32052 32079]
[32080 32320]
[32321 32411]
