[0 8]
[ 9 37]
[39 58]
[59 78]
[ 80 123]
[125 202]
[204 468]
[469 524]
[525 560]
[561 590]
[591 618]
[619 651]
[652 687]
[688 717]
[718 746]
[747 775]
[776 820]
[821 854]
[855 900]
[901 936]
[937 969]
[ 970 1001]
[1002 1105]
[1106 1706]
[1707 1745]
[1746 1785]
[1786 1820]
[1821 1860]
[1861 2006]
[2007 2042]
[2043 2184]
[2185 2232]
[2233 2279]
[2280 2369]
[2370 2397]
[2398 2498]
[2499 2579]
[2580 2633]
[2634 2695]
[2696 2732]
[2733 2752]
[2753 2846]
[2847 3006]
[3007 3096]
[3097 3580]
[3581 3669]
[3670 3720]
[3721 3757]
[3758 3811]
[3812 3837]
[3838 3940]
[3941 3992]
[3993 4041]
[4042 4073]
[4074 4133]
[4134 4167]
[4168 4217]
[4218 4268]
[4269 4393]
[4394 4448]
[4449 4505]
[4506 4571]
[4572 4606]
[4607 4633]
[4634 4680]
[4681 4765]
[4766 4791]
[4793 4836]
[4837 4903]
[4904 4965]
[4966 5023]
[5024 5071]
[5072 5118]
[5119 5513]
[5514 5546]
[5547 5600]
[5601 5647]
[5648 5709]
[5710 5750]
[5751 5806]
[5807 5858]
[5859 5966]
[5967 6049]
[6050 6115]
[6116 6220]
[6221 6353]
[6354 6404]
[6405 6938]
[6939 7053]
[7054 7110]
[7111 7190]
[7191 7319]
[7320 7428]
[7429 7509]
[7510 7548]
[7549 7581]
[7582 7610]
[7611 7634]
[7635 7660]
[7661 7682]
[7683 7887]
[7888 7994]
[7995 8209]
[8210 8275]
[8276 8329]
[8330 8369]
[8370 8438]
[8439 8489]
[8490 8946]
[8947 9027]
[9028 9317]
[9318 9406]
[9407 9453]
[9454 9501]
[9502 9575]
[9576 9683]
[9684 9774]
[9775 9834]
[9835 9949]
[ 9950 10004]
[10005 10043]
[10044 10483]
[10485 10576]
[10577 10654]
[10655 10734]
[10735 10805]
[10806 10865]
[10866 10990]
[10991 11080]
[11081 11184]
[11185 11235]
[11236 11282]
[11283 11364]
[11365 11402]
[11403 11444]
[11445 11492]
[11493 11537]
[11538 11622]
[11623 12027]
[12029 12278]
[12279 12328]
[12329 12378]
[12379 12667]
[12668 12682]
[12683 12782]
[12783 12912]
[12913 13046]
[13047 13128]
[13129 13203]
[13204 13590]
[13591 13677]
[13678 13760]
[13761 13886]
[13887 13935]
[13936 13970]
[13971 14037]
[14038 14080]
[14081 14135]
[14136 14204]
[14205 14244]
[14245 14329]
[14330 14399]
[14400 14448]
[14449 14522]
[14523 14587]
[14588 14681]
[14682 14736]
[14737 14829]
[14830 15143]
[15144 15284]
[15285 15387]
[15388 15504]
[15505 15614]
[15615 15690]
[15691 15729]
[15730 15833]
[15834 15875]
[15876 15959]
[15960 16000]
[16001 16049]
[16050 16536]
[16538 16573]
[16574 16628]
[16629 16744]
[16745 16814]
[16815 16921]
[16922 17065]
[17066 17130]
[17131 17219]
[17220 17271]
[17272 17333]
[17334 17386]
[17387 17423]
[17424 17488]
[17489 17560]
[17561 17662]
[17663 17717]
[17718 17734]
[17735 17778]
[17779 17835]
[17836 17982]
[17983 18004]
[18005 18058]
[18059 18109]
[18110 18156]
[18157 18197]
[18198 18238]
[18239 18303]
[18304 18348]
[18349 18404]
[18405 18508]
[18509 18938]
[18939 19048]
[19049 19212]
[19213 19248]
[19249 19282]
[19283 19376]
[19377 19442]
[19443 19501]
[19502 19584]
[19585 19781]
[19782 19824]
[19825 19991]
[19992 20059]
[20060 20127]
[20128 20222]
[20223 20621]
[20622 20830]
[20831 20950]
[20951 21026]
[21027 21151]
[21152 21213]
[21214 21311]
[21312 21610]
[21611 21708]
[21709 21815]
[21816 21889]
[21890 21940]
[21941 21987]
[21988 22054]
[22055 22319]
[22320 22567]
[22568 22658]
[22659 22781]
[22782 23040]
[23041 23135]
[23136 23396]
[23397 23649]
[23650 24130]
[24131 24210]
[24211 24281]
[24282 24381]
[24382 24633]
[24634 24796]
[24797 24954]
[24955 25037]
[25038 25168]
[25169 25260]
[25261 25385]
[25386 25510]
[25511 25635]
[25636 25760]
[25761 25866]
[25867 26396]
[26397 27512]
[27513 27619]
[27620 27707]
[27708 27785]
[27786 27867]
[27868 27948]
[27949 28025]
[28026 28111]
[28112 28198]
[28199 28287]
[28288 28374]
[28375 28464]
[28465 28552]
[28553 28571]
[28572 28715]
[28716 28834]
[28835 28938]
[28939 29042]
[29043 29080]
[29081 29116]
[29117 29309]
[29310 29373]
[29374 29526]
[29527 29663]
[29664 29730]
[29731 29788]
[29789 30307]
[30309 30596]
[30597 30671]
[30672 30784]
[30785 31073]
[31074 31183]
