[ 0 18]
[19 47]
[49 68]
[69 88]
[ 90 133]
[135 233]
[234 532]
[533 546]
[547 582]
[583 612]
[613 640]
[641 673]
[674 709]
[710 739]
[740 767]
[768 797]
[798 830]
[831 861]
[862 892]
[893 922]
[ 923 1000]
[1001 1029]
[1030 1126]
[1127 1514]
[1515 1616]
[1617 1667]
[1668 1819]
[1820 1842]
[1843 1923]
[1924 1949]
[1950 1997]
[1998 2010]
[2011 2024]
[2025 2159]
[2160 2331]
[2332 2421]
[2422 2563]
[2564 2727]
[2728 2760]
[2761 2788]
[2789 2829]
[2830 3176]
[3177 3229]
[3230 3288]
[3289 3331]
[3332 3459]
[3460 3533]
[3534 3543]
[3544 3579]
[3580 3653]
[3654 3728]
[3729 3779]
[3780 3856]
[3857 3917]
[3918 3988]
[3989 4440]
[4441 4498]
[4499 4581]
[4582 4645]
[4646 4722]
[4723 4792]
[4793 4834]
[4835 4915]
[4916 5022]
[5023 5085]
[5086 5139]
[5140 5173]
[5174 5221]
[5222 5258]
[5259 5420]
[5421 5656]
[5657 5704]
[5705 5758]
[5759 5825]
[5826 5891]
[5892 5946]
[5947 6036]
[6037 6403]
[6404 6445]
[6446 6504]
[6505 6617]
[6618 6706]
[6707 6775]
[6776 6868]
[6869 6981]
[6982 7049]
[7050 7117]
[7118 7183]
[7184 7704]
[7705 8136]
[8137 8227]
[8228 8310]
[8311 8387]
[8388 8489]
[8490 8552]
[8553 8617]
[8618 8691]
[8692 8719]
[8720 8728]
[8729 8747]
[8748 8774]
[8775 8783]
[8784 8873]
[8874 8902]
[8903 8964]
[8965 9030]
[9031 9057]
[9058 9078]
[9079 9112]
[9113 9220]
[9221 9290]
[9291 9378]
[9379 9450]
[9451 9531]
[9532 9602]
[9603 9645]
[9646 9727]
[9728 9778]
[9779 9833]
[9834 9881]
[9882 9937]
[9938 9974]
[9975 9994]
[ 9995 10053]
[10054 10142]
[10143 10186]
[10187 10273]
[10274 10347]
[10348 10403]
[10404 10470]
[10471 10559]
[10560 10613]
[10614 10671]
[10672 10721]
[10722 10765]
[10766 10810]
[10811 10853]
[10854 10901]
[10902 10950]
[10951 10997]
[10998 11040]
[11041 11077]
[11078 11170]
[11171 11491]
[11492 11531]
[11532 11623]
[11624 11699]
[11700 11753]
[11754 11835]
[11836 11891]
[11892 11958]
[11959 12007]
[12008 12076]
[12077 12150]
[12151 12221]
[12222 12256]
[12257 12303]
[12304 12383]
[12384 12459]
[12460 12540]
[12541 12608]
[12609 12689]
[12690 12752]
[12753 12795]
[12796 12847]
[12848 12886]
[12887 13290]
[13291 13690]
[13691 13842]
[13843 13985]
[13986 14170]
[14171 14400]
[14401 14493]
[14494 14604]
[14605 14767]
[14768 15168]
[15169 15237]
[15238 15268]
[15269 15320]
[15321 15358]
[15359 15535]
[15536 15542]
[15543 15732]
[15733 15787]
[15788 15848]
[15849 15919]
[15920 15987]
[15988 16038]
[16039 16391]
[16392 16468]
[16469 16549]
[16550 16611]
[16612 16697]
[16698 16829]
[16830 16993]
[16994 17096]
[17097 17157]
[17158 17203]
[17204 17268]
[17269 17336]
[17337 17455]
[17456 17515]
[17516 17626]
[17627 17676]
[17677 17729]
[17730 17831]
[17832 17889]
[17890 18069]
[18070 18118]
[18119 18165]
[18166 18208]
[18209 18245]
[18246 18330]
[18331 18713]
[18714 18799]
[18800 18911]
[18912 18983]
[18984 19043]
[19044 19120]
[19121 19205]
[19206 19320]
[19321 19381]
[19382 19465]
[19466 19543]
[19544 19625]
[19626 19693]
[19694 19747]
[19748 20129]
[20130 20906]
[20907 21200]
[21201 21314]
[21315 21406]
[21407 21472]
[21473 21550]
[21551 21626]
[21627 21685]
[21686 21724]
[21725 21770]
[21771 21817]
[21818 21878]
[21879 22202]
[22203 22397]
[22398 22683]
[22684 22737]
[22738 22774]
[22775 22848]
[22849 22885]
[22886 22920]
[22921 23243]
[23244 23321]
[23322 23396]
[23397 23460]
[23461 23464]
[23465 23580]
[23581 23628]
[23629 23705]
[23706 23873]
[23874 23936]
[23937 24012]
[24013 24083]
[24084 24156]
[24157 24266]
[24267 24330]
[24331 24473]
[24474 24555]
[24556 24609]
[24610 24634]
[24635 24716]
[24717 24808]
[24809 24900]
[24901 24970]
[24971 25073]
[25074 25185]
[25186 25291]
[25292 25391]
[25392 25466]
[25467 25686]
[25687 25791]
[25792 25887]
[25888 25984]
[25985 26071]
[26072 26105]
[26106 26173]
[26174 26295]
[26296 26351]
[26352 26421]
[26422 26504]
[26505 26550]
[26551 26555]
[26556 26850]
[26851 27017]
[27018 27046]
[27047 27131]
[27132 27183]
[27184 27233]
[27234 27288]
[27289 27382]
[27383 27513]
[27514 27550]
[27551 27600]
[27601 27628]
[27629 27698]
[27699 27708]
[27709 27741]
[27742 27897]
[27898 27956]
[27957 28034]
[28035 28094]
[28095 28131]
[28132 28309]
[28310 28344]
[28345 28443]
[28444 28476]
[28477 28550]
[28551 28650]
[28651 28682]
[28683 28744]
[28745 29317]
[29318 29784]
[29785 30129]
[30130 31687]
[31688 31784]
