[0 7]
[ 8 36]
[38 57]
[58 77]
[ 79 122]
[124 225]
[226 487]
[488 543]
[544 576]
[577 605]
[606 636]
[637 670]
[671 699]
[700 731]
[732 762]
[763 794]
[795 822]
[823 850]
[851 878]
[879 917]
[918 965]
[ 966 1396]
[1397 1399]
[1400 1751]
[1752 1813]
[1814 1889]
[1890 1962]
[1963 2019]
[2020 2085]
[2086 2137]
[2138 2750]
[2751 2800]
[2801 2854]
[2855 2915]
[2916 2969]
[2970 3035]
[3036 3069]
[3070 3125]
[3126 3188]
[3189 3223]
[3224 3257]
[3258 3294]
[3295 3344]
[3345 3383]
[3384 3423]
[3424 3467]
[3468 3485]
[3486 3550]
[3551 3605]
[3606 3708]
[3709 3753]
[3754 3855]
[3856 3931]
[3932 4045]
[4046 4108]
[4109 4200]
[4201 4288]
[4289 4324]
[4325 4387]
[4388 4480]
[4481 4546]
[4547 4648]
[4649 4702]
[4703 4756]
[4757 4865]
[4866 4942]
[4943 4986]
[4987 5042]
[5043 5114]
[5115 5163]
[5164 5223]
[5224 5263]
[5264 5328]
[5329 5392]
[5393 5488]
[5489 5564]
[5565 5887]
[5888 5944]
[5945 5986]
[5987 6035]
[6036 6078]
[6079 6135]
[6136 6202]
[6203 6251]
[6252 6312]
[6313 6378]
[6379 6431]
[6432 6488]
[6489 6512]
[6513 6560]
[6561 6614]
[6615 6671]
[6672 6696]
[6697 6752]
[6753 6799]
[6800 6861]
[6862 6922]
[6923 6958]
[6959 7020]
[7021 7553]
[7554 7647]
[7648 7730]
[7731 7781]
[7782 7842]
[7843 7922]
[7923 7962]
[7963 8053]
[8054 8182]
[8183 8234]
[8235 8338]
[8339 8455]
[8456 8530]
[8531 8574]
[8575 8632]
[8633 8709]
[8710 8754]
[8755 8819]
[8820 8882]
[8883 8943]
[8944 9217]
[9218 9288]
[9289 9360]
[9361 9428]
[9429 9492]
[9493 9552]
[9553 9612]
[9613 9673]
[9674 9750]
[9751 9822]
[9823 9924]
[ 9925 10023]
[10024 10081]
[10082 10131]
[10132 10174]
[10175 10220]
[10221 10261]
[10262 10305]
[10306 10373]
[10374 10431]
[10432 10525]
[10526 10828]
[10829 10996]
[10997 11039]
[11040 11082]
[11083 11128]
[11129 11167]
[11168 11205]
[11206 11247]
[11248 11280]
[11281 11322]
[11323 11368]
[11369 11406]
[11407 11448]
[11449 11504]
[11505 11546]
[11547 11588]
[11589 11630]
[11631 11695]
[11696 11725]
[11726 11765]
[11766 11792]
[11793 11819]
[11820 11848]
[11849 11909]
[11910 12198]
[12199 12283]
[12284 12343]
[12344 12382]
[12383 12423]
[12424 12463]
[12464 12498]
[12499 12528]
[12529 12553]
[12554 12730]
[12731 12879]
[12880 13005]
[13006 13430]
[13431 13478]
[13479 13549]
[13550 13608]
[13609 13708]
[13709 13758]
[13759 13803]
[13804 13898]
[13899 13958]
[13959 13985]
[13986 14048]
[14049 14098]
[14099 14148]
[14149 14218]
[14219 14268]
[14269 14328]
[14329 14373]
[14374 14429]
[14430 14738]
[14739 14840]
[14841 14930]
[14931 15016]
[15017 15089]
[15090 15158]
[15159 15235]
[15236 15324]
[15325 15406]
[15407 15485]
[15486 15536]
[15537 15639]
[15640 15742]
[15743 15849]
[15850 15935]
[15936 16028]
[16029 16131]
[16132 16224]
[16225 16456]
[16457 16579]
[16580 16828]
[16829 16874]
[16875 16964]
[16965 17079]
[17080 17119]
[17120 17214]
[17215 17270]
[17271 17361]
[17362 17532]
[17533 17554]
[17555 17671]
[17672 17851]
[17852 17910]
[17911 17957]
[17958 18003]
[18004 18049]
[18050 18090]
[18091 18139]
[18140 18181]
[18182 18229]
[18230 18351]
[18352 18814]
[18815 18880]
[18881 18919]
[18920 19037]
[19038 19084]
[19085 19135]
[19136 19162]
[19163 19210]
[19211 19250]
[19251 19285]
[19286 19303]
[19304 19355]
[19356 19385]
[19386 19436]
[19437 19479]
[19480 19524]
[19525 19569]
[19570 19596]
[19597 19626]
[19627 19686]
[19687 19753]
[19754 19980]
[19981 20041]
[20042 20092]
[20093 20326]
[20327 20670]
[20671 20739]
[20740 20812]
[20813 20900]
[20901 20983]
[20984 21177]
[21178 21256]
[21257 21339]
[21340 21582]
[21583 21589]
[21590 21649]
[21650 21739]
[21740 21978]
[21979 22002]
[22003 22038]
[22039 22094]
[22095 22136]
[22137 22208]
[22209 22274]
[22275 22336]
[22337 22503]
[22504 22547]
[22548 22595]
[22596 22627]
[22628 22664]
[22665 22774]
[22775 23094]
[23095 23173]
[23174 23258]
[23259 23303]
[23304 23349]
[23350 23405]
[23406 23453]
[23454 23509]
[23510 23603]
[23604 23664]
[23665 23706]
[23707 23764]
[23765 23824]
[23825 23880]
[23881 23925]
[23926 23985]
[23986 24043]
[24044 24091]
[24092 24438]
[24439 24748]
[24749 24979]
[24980 25055]
[25056 25108]
[25109 25166]
[25167 25216]
[25217 25266]
[25267 25316]
[25317 25366]
[25367 25400]
[25401 25800]
[25801 25855]
[25856 26007]
[26008 26071]
[26072 26125]
[26126 26166]
[26167 26221]
[26222 26318]
[26319 26424]
[26425 26552]
[26553 26712]
[26713 26798]
[26799 26915]
[26916 27076]
[27077 27148]
[27149 27431]
[27432 27526]
[27527 27633]
[27634 27742]
[27743 27811]
[27812 27972]
[27973 28099]
[28100 28212]
[28213 28352]
[28353 28421]
[28422 28496]
[28497 28739]
[28740 28755]
[28756 28823]
[28824 28881]
[28882 28957]
[28958 29025]
[29026 29111]
[29112 29173]
[29174 29214]
[29215 29270]
[29271 29340]
[29341 29400]
[29401 29461]
[29462 29547]
[29548 29634]
[29635 29712]
[29713 29853]
[29855 30313]
[30315 30399]
