[ 0 10]
[11 39]
[41 60]
[61 80]
[ 82 125]
[127 229]
[231 551]
[552 574]
[575 596]
[597 622]
[623 652]
[653 681]
[682 715]
[716 760]
[761 804]
[805 852]
[853 892]
[893 925]
[926 980]
[ 981 1439]
[1440 1473]
[1474 1609]
[1610 1666]
[1667 1769]
[1770 1817]
[1818 1857]
[1858 1893]
[1894 1939]
[1940 2004]
[2005 2102]
[2103 2148]
[2149 2185]
[2186 2204]
[2205 2246]
[2247 2299]
[2300 2349]
[2350 2387]
[2388 2417]
[2418 2459]
[2460 2493]
[2494 2608]
[2609 2671]
[2672 2730]
[2731 2752]
[2753 2809]
[2810 2911]
[2912 2956]
[2957 3013]
[3014 3044]
[3045 3503]
[3504 3560]
[3561 3621]
[3622 3673]
[3674 3728]
[3729 3778]
[3779 3834]
[3835 3883]
[3884 3944]
[3945 4038]
[4039 4097]
[4098 4162]
[4163 4192]
[4193 4286]
[4287 4306]
[4307 4336]
[4337 4374]
[4375 4488]
[4489 4521]
[4522 4545]
[4546 4600]
[4601 4654]
[4655 4708]
[4709 4750]
[4751 4848]
[4849 4879]
[4880 4909]
[4910 4949]
[4950 4979]
[4980 5027]
[5028 5439]
[5440 5545]
[5546 5571]
[5572 5606]
[5607 5720]
[5721 5820]
[5821 5928]
[5929 5985]
[5986 6050]
[6051 6116]
[6117 6215]
[6216 6340]
[6341 6637]
[6638 6872]
[6873 6938]
[6939 7001]
[7002 7052]
[7053 7116]
[7117 7164]
[7165 7218]
[7219 7281]
[7282 7331]
[7332 7385]
[7386 7453]
[7454 7514]
[7515 7570]
[7571 7623]
[7624 7681]
[7682 7724]
[7725 7770]
[7771 7817]
[7818 7855]
[7856 8118]
[8119 8181]
[8182 8281]
[8282 8328]
[8329 8392]
[8393 8451]
[8453 8507]
[8508 8547]
[8548 8604]
[8605 8643]
[8644 8673]
[8675 8757]
[8759 8801]
[8802 8876]
[8877 8904]
[8905 8934]
[8935 8995]
[8996 9083]
[9084 9196]
[9197 9421]
[9422 9502]
[9503 9739]
[9740 9796]
[9797 9856]
[9857 9927]
[9928 9977]
[ 9978 10049]
[10050 10132]
[10133 10249]
[10250 10582]
[10583 11078]
[11079 11317]
[11318 11624]
[11625 11747]
[11748 11881]
[11882 11926]
[11927 12198]
[12199 12487]
[12488 12523]
[12524 12567]
[12568 12612]
[12613 12649]
[12650 12692]
[12693 12742]
[12743 12783]
[12784 12821]
[12822 12872]
[12873 12926]
[12927 12969]
[12970 12997]
[12998 13063]
[13064 13412]
[13413 13513]
[13514 13616]
[13617 13686]
[13687 13861]
[13862 14011]
[14012 14153]
[14154 14273]
[14274 14381]
[14382 14464]
[14465 14558]
[14559 14617]
[14618 14932]
[14933 15012]
[15013 15103]
[15104 15163]
[15164 15225]
[15226 15297]
[15298 15331]
[15332 15379]
[15380 15450]
[15451 15505]
[15506 15539]
[15540 15612]
[15613 15663]
[15664 15753]
[15754 15805]
[15806 15860]
[15861 16216]
[16217 16302]
[16303 16341]
[16342 16390]
[16391 16436]
[16437 16475]
[16476 16720]
[16721 16786]
[16787 16839]
[16840 16887]
[16888 16909]
[16910 16940]
[16941 16966]
[16967 16989]
[16990 17028]
[17029 17054]
[17055 17089]
[17090 17103]
[17104 17206]
[17207 17279]
[17280 17358]
[17359 17656]
[17657 17724]
[17725 17793]
[17794 17868]
[17869 17913]
[17914 17970]
[17971 18041]
[18042 18209]
[18210 18278]
[18279 18350]
[18351 18442]
[18443 18530]
[18531 18664]
[18665 18801]
[18802 19132]
[19133 19223]
[19224 19361]
[19362 19463]
[19464 19511]
[19512 19569]
[19570 19631]
[19632 19730]
[19731 19863]
[19864 19910]
[19911 19971]
[19972 20112]
[20113 20171]
[20172 20231]
[20232 20286]
[20287 20352]
[20353 20399]
[20400 20437]
[20438 20732]
[20733 20836]
[20837 20925]
[20926 21026]
[21027 21109]
[21110 21207]
[21208 21316]
[21317 21401]
[21402 21485]
[21486 21645]
[21646 22002]
[22003 22190]
[22191 22337]
[22338 22427]
[22428 22507]
[22508 22608]
[22609 22670]
[22671 22723]
[22724 22797]
[22798 22850]
[22851 23084]
[23085 23126]
[23127 23403]
[23404 23568]
[23569 23822]
[23823 23872]
[23873 23913]
[23914 23967]
[23968 24005]
[24006 24043]
[24044 24092]
[24093 24153]
[24154 24497]
[24498 24790]
[24791 24890]
[24891 24944]
[24945 24990]
[24991 25028]
[25029 25085]
[25086 25127]
[25128 25168]
[25169 25218]
[25219 25268]
[25269 25322]
[25323 25372]
[25373 25406]
[25407 25687]
[25688 25775]
[25776 25841]
[25842 25860]
[25861 25935]
[25936 25986]
[25987 26105]
[26106 26237]
[26238 26289]
[26290 26434]
[26435 26538]
[26539 26637]
[26638 26707]
[26708 27003]
[27004 27098]
[27099 27139]
[27140 27190]
[27191 27286]
[27287 27341]
[27342 27450]
[27451 27568]
[27569 27657]
[27658 27780]
[27781 28095]
[28096 28198]
[28199 28253]
[28254 28319]
[28320 28368]
[28369 28430]
[28431 28475]
[28476 28540]
[28541 28573]
[28574 28593]
[28594 28661]
[28662 28707]
[28708 28749]
[28750 28797]
[28798 28851]
[28852 29145]
[29146 29240]
