[ 0 17]
[18 46]
[48 67]
[68 87]
[ 89 132]
[134 206]
[207 461]
[462 515]
[516 555]
[556 590]
[591 615]
[616 642]
[643 674]
[675 717]
[718 738]
[739 766]
[767 799]
[800 829]
[830 861]
[862 892]
[893 928]
[929 962]
[ 963 1002]
[1003 1097]
[1098 1522]
[1524 1580]
[1581 1627]
[1628 1686]
[1687 1745]
[1746 1801]
[1802 1864]
[1865 1920]
[1921 1965]
[1966 2011]
[2012 2057]
[2058 2108]
[2109 2169]
[2170 2228]
[2229 2324]
[2325 2394]
[2395 2450]
[2451 2507]
[2508 2606]
[2607 2660]
[2661 2699]
[2700 2754]
[2755 2795]
[2796 3188]
[3190 3282]
[3283 3397]
[3398 3458]
[3460 3508]
[3509 3554]
[3555 3585]
[3586 3628]
[3629 3660]
[3661 3718]
[3720 4304]
[4305 4346]
[4347 4403]
[4404 4441]
[4442 4468]
[4469 4507]
[4508 4602]
[4603 4719]
[4720 4760]
[4761 4820]
[4821 4894]
[4895 4941]
[4942 4952]
[4953 5105]
[5106 5334]
[5335 5373]
[5374 5396]
[5397 5412]
[5413 5419]
[5420 5470]
[5471 5532]
[5533 5578]
[5579 5614]
[5615 5659]
[5660 5699]
[5700 5725]
[5726 5739]
[5740 6246]
[6247 6315]
[6316 6399]
[6400 6463]
[6464 6576]
[6577 6692]
[6693 6764]
[6765 7092]
[7093 7149]
[7150 7249]
[7250 7302]
[7303 7359]
[7360 7450]
[7451 7788]
[7789 7917]
[7918 8037]
[8038 8171]
[8172 8280]
[8281 8339]
[8340 8396]
[8397 8455]
[8456 8692]
[8693 8860]
[8861 9262]
[9263 9296]
[9297 9328]
[9329 9371]
[9372 9429]
[9430 9491]
[9492 9520]
[9521 9565]
[9566 9622]
[9623 9668]
[ 9669 10068]
[10070 10124]
[10125 10221]
[10222 10288]
[10289 10330]
[10331 10391]
[10392 10449]
[10450 10540]
[10541 10612]
[10613 10676]
[10677 10735]
[10736 10787]
[10788 10879]
[10880 10930]
[10931 11150]
[11151 11202]
[11203 11288]
[11289 11653]
[11655 11711]
[11712 11746]
[11747 11766]
[11767 11780]
[11781 11813]
[11814 11856]
[11857 11877]
[11878 11909]
[11910 11987]
[11988 12055]
[12056 12096]
[12097 12179]
[12180 12232]
[12233 12280]
[12281 12316]
[12317 12408]
[12409 12445]
[12446 12494]
[12495 12552]
[12553 12600]
[12601 12652]
[12653 12709]
[12710 12749]
[12750 12802]
[12803 12897]
[12898 12931]
[12932 12957]
[12958 13067]
[13068 13120]
[13121 13162]
[13163 13199]
[13200 13248]
[13249 13346]
[13347 13413]
[13414 13869]
[13870 13966]
[13967 14024]
[14025 14050]
[14051 14120]
[14121 14168]
[14169 14226]
[14227 14380]
[14381 14450]
[14451 14951]
[14952 15569]
[15571 15640]
[15641 15711]
[15712 15779]
[15780 15859]
[15860 15932]
[15933 16076]
[16077 16323]
[16324 16388]
[16389 16450]
[16451 16505]
[16506 16557]
[16558 16625]
[16626 17019]
[17020 17926]
[17927 18131]
[18133 18235]
[18236 18285]
[18286 18410]
[18411 18464]
[18465 18560]
[18561 18979]
[18980 19091]
[19092 19161]
[19162 19222]
[19223 19278]
[19279 19395]
[19396 19492]
[19493 19557]
[19558 19648]
[19649 19699]
[19700 19752]
[19753 19794]
[19795 19831]
[19832 19880]
[19881 19938]
[19939 19999]
[20000 20046]
[20047 20141]
[20142 20394]
[20395 20479]
[20480 20537]
[20538 20626]
[20627 20691]
[20692 20760]
[20761 20811]
[20812 20847]
[20848 20901]
[20902 20960]
[20961 21020]
[21021 21116]
[21117 21435]
[21436 21526]
[21527 21602]
[21603 21702]
[21703 21769]
[21770 21859]
[21860 21939]
[21940 22033]
[22035 22207]
[22208 22509]
[22510 22780]
[22781 22864]
[22865 22967]
[22968 23060]
[23061 23150]
[23151 23306]
[23307 23452]
[23453 23711]
[23712 23791]
[23792 23936]
[23937 24046]
[24047 24154]
[24155 24273]
[24274 24394]
[24395 24472]
[24473 24549]
[24550 24619]
[24620 24698]
[24699 24783]
[24784 25104]
[25105 25259]
[25260 25320]
[25321 25379]
[25380 25485]
[25486 25550]
[25551 25599]
[25600 25700]
[25701 25796]
[25797 26058]
[26060 26140]
[26141 26210]
[26211 26287]
[26288 26365]
[26366 26450]
[26451 26529]
[26530 26620]
[26621 26717]
[26718 26809]
[26810 26919]
[26920 27222]
[27223 27318]
[27319 27423]
[27424 27467]
[27468 27536]
[27537 27613]
[27614 27680]
[27681 27740]
[27741 27832]
[27833 27885]
[27886 27930]
[27931 27966]
[27967 28107]
[28108 28234]
[28235 28350]
[28351 28411]
[28412 28527]
[28528 28571]
[28572 28683]
[28684 28739]
[28740 28809]
[28810 28864]
[28865 28928]
[28929 29021]
[29022 29108]
[29109 29226]
[29227 29284]
[29285 29334]
[29335 29468]
[29469 29793]
[29794 29996]
[29997 30292]
[30293 30941]
[30943 31072]
[31073 31174]
[31175 31278]
[31279 31393]
[31394 31493]
[31494 31614]
[31615 31967]
[31968 32083]
