[ 0 16]
[17 45]
[47 66]
[67 86]
[ 88 131]
[133 227]
[228 569]
[570 609]
[610 635]
[636 660]
[661 696]
[697 740]
[741 762]
[763 792]
[793 820]
[821 862]
[863 945]
[946 983]
[ 984 1024]
[1025 1154]
[1155 1749]
[1750 1825]
[1826 1882]
[1883 1928]
[1929 1981]
[1982 2010]
[2011 2096]
[2097 2174]
[2175 2255]
[2256 2295]
[2296 2338]
[2339 2389]
[2390 2440]
[2441 2514]
[2515 2566]
[2567 2613]
[2614 2699]
[2700 2781]
[2782 2827]
[2828 2865]
[2866 2895]
[2896 2951]
[2952 2996]
[2997 3068]
[3069 3131]
[3132 3251]
[3252 3607]
[3608 3657]
[3658 3706]
[3707 3752]
[3753 3847]
[3848 3880]
[3881 3932]
[3933 3951]
[3952 3975]
[3976 4066]
[4067 4103]
[4104 4143]
[4144 4177]
[4178 4214]
[4215 4244]
[4245 4286]
[4287 4445]
[4446 4676]
[4677 4724]
[4725 4780]
[4781 4843]
[4844 4895]
[4896 4944]
[4945 4998]
[4999 5425]
[5426 5464]
[5465 5504]
[5505 5547]
[5548 5573]
[5574 5754]
[5755 5778]
[5779 5906]
[5907 5947]
[5948 5978]
[5979 6023]
[6024 6081]
[6082 6128]
[6129 6160]
[6161 6291]
[6292 6328]
[6329 6441]
[6442 6512]
[6513 6580]
[6581 6640]
[6641 6681]
[6682 6727]
[6728 6758]
[6759 6811]
[6812 7233]
[7234 7323]
[7324 7395]
[7396 7444]
[7445 7475]
[7476 7523]
[7524 7596]
[7597 7654]
[7655 7700]
[7701 7771]
[7772 7809]
[7810 7854]
[7855 7900]
[7901 8044]
[8045 8099]
[8100 8147]
[8148 8188]
[8189 8244]
[8245 8353]
[8354 8444]
[8445 8528]
[8529 8606]
[8607 8653]
[8654 8956]
[8957 9070]
[9071 9173]
[9174 9222]
[9223 9309]
[9310 9384]
[9385 9473]
[9474 9573]
[9574 9635]
[9636 9784]
[9785 9858]
[9859 9929]
[ 9930 10061]
[10062 10213]
[10214 10308]
[10309 10363]
[10364 10433]
[10434 10838]
[10839 10927]
[10928 10990]
[10991 11346]
[11347 11462]
[11463 11575]
[11576 11631]
[11632 11695]
[11696 11743]
[11744 11804]
[11805 11838]
[11839 11888]
[11889 11949]
[11950 12006]
[12007 12064]
[12065 12122]
[12123 12127]
[12128 12174]
[12175 12220]
[12221 12260]
[12261 12612]
[12613 12724]
[12725 12796]
[12797 12856]
[12857 12892]
[12893 12944]
[12945 12998]
[12999 13085]
[13086 13175]
[13176 13219]
[13220 13268]
[13269 13336]
[13337 13385]
[13386 13505]
[13506 13554]
[13555 13595]
[13596 13678]
[13679 13749]
[13750 13824]
[13825 13867]
[13868 13908]
[13909 13943]
[13944 14016]
[14017 14097]
[14098 14362]
[14363 14423]
[14424 14460]
[14461 14487]
[14488 14518]
[14519 14587]
[14588 14625]
[14626 14693]
[14694 14785]
[14786 14893]
[14894 14930]
[14931 14990]
[14991 15119]
[15120 15191]
[15192 15234]
[15235 15297]
[15298 15338]
[15339 15389]
[15390 15440]
[15441 15502]
[15503 15562]
[15563 15872]
[15873 16054]
[16055 16134]
[16135 16428]
[16429 16492]
[16493 16545]
[16546 16615]
[16616 16680]
[16681 16761]
[16762 16933]
[16934 17223]
[17224 17301]
[17302 17367]
[17368 17430]
[17431 17493]
[17494 17554]
[17555 17614]
[17615 17675]
[17676 17733]
[17734 17784]
[17785 17837]
[17838 17908]
[17909 18136]
[18137 18416]
[18417 18738]
[18739 18947]
[18948 19202]
[19203 19264]
[19265 19321]
[19322 19385]
[19386 19429]
[19430 19482]
[19483 19538]
[19539 19596]
[19597 19645]
[19646 19705]
[19706 19763]
[19764 19822]
[19823 19882]
[19883 19955]
[19956 20213]
[20214 20254]
[20255 20316]
[20317 20375]
[20376 20424]
[20425 20482]
[20483 20538]
[20539 20581]
[20582 20624]
[20625 20684]
[20685 20739]
[20740 20800]
[20801 20848]
[20849 20979]
[20980 21029]
[21030 21084]
[21085 21137]
[21138 21175]
[21176 21458]
[21459 21499]
[21500 21599]
[21600 21693]
[21694 21729]
[21730 21774]
[21775 21829]
[21830 21880]
[21881 21942]
[21943 22000]
[22001 22048]
[22049 22088]
[22089 22127]
[22128 22183]
[22184 22229]
[22230 22270]
[22271 22294]
[22295 22326]
[22327 22695]
[22696 22826]
[22827 22920]
[22921 23033]
[23034 23076]
[23077 23187]
[23188 23344]
[23345 23407]
[23408 23536]
[23537 23576]
[23577 23628]
[23629 23664]
[23665 23696]
[23697 23732]
[23733 23755]
[23756 23787]
[23788 23875]
[23876 23985]
[23986 24042]
[24043 24142]
[24143 24234]
[24235 24372]
[24373 24450]
[24451 24497]
[24498 24652]
[24653 24754]
[24755 24982]
[24983 25066]
[25067 25170]
[25171 25259]
[25260 25303]
[25304 25473]
[25474 25699]
[25700 25968]
[25970 26045]
[26046 26244]
[26245 26444]
[26445 26578]
[26579 26596]
[26597 26756]
[26757 26842]
[26843 26893]
[26894 27070]
[27071 27077]
[27078 27141]
[27142 27436]
[27437 27538]
