[ 0 10]
[11 39]
[41 60]
[61 80]
[ 82 125]
[127 213]
[214 504]
[505 565]
[566 601]
[602 631]
[632 659]
[660 692]
[693 728]
[729 758]
[759 786]
[787 816]
[817 849]
[850 911]
[912 941]
[942 976]
[ 977 1012]
[1013 1047]
[1048 1148]
[1149 1519]
[1520 1572]
[1573 1611]
[1612 1761]
[1762 1944]
[1945 1968]
[1969 2093]
[2094 2159]
[2160 2224]
[2225 2340]
[2341 2435]
[2436 2622]
[2623 2706]
[2707 3514]
[3515 3575]
[3576 3622]
[3623 3675]
[3676 3910]
[3911 4006]
[4007 4113]
[4114 4154]
[4155 4193]
[4194 4257]
[4258 4359]
[4360 4396]
[4397 4422]
[4423 4519]
[4520 4594]
[4595 4621]
[4622 4628]
[4629 4668]
[4669 4731]
[4732 4801]
[4802 4848]
[4849 4896]
[4897 4941]
[4942 4993]
[4994 5513]
[5514 5622]
[5623 5670]
[5671 5680]
[5681 5735]
[5736 5864]
[5865 5915]
[5916 5975]
[5976 6010]
[6011 6050]
[6051 6114]
[6115 6168]
[6169 6208]
[6209 6239]
[6240 6263]
[6264 6322]
[6323 6361]
[6362 6466]
[6467 6531]
[6532 6572]
[6573 6599]
[6600 6627]
[6628 6659]
[6660 6718]
[6719 6754]
[6755 7289]
[7290 7382]
[7383 7455]
[7456 7542]
[7543 7607]
[7608 7646]
[7647 7680]
[7681 7786]
[7787 7873]
[7874 7930]
[7931 8005]
[8006 8053]
[8054 8115]
[8116 8192]
[8193 8267]
[8268 8348]
[8349 8404]
[8405 8457]
[8458 8523]
[8524 8574]
[8575 8606]
[8607 8636]
[8637 9022]
[9023 9252]
[9253 9300]
[9301 9429]
[9430 9474]
[9475 9503]
[9504 9590]
[9591 9641]
[9642 9804]
[ 9805 10147]
[10148 10244]
[10245 10282]
[10283 10338]
[10339 10386]
[10387 10457]
[10458 10475]
[10476 10546]
[10547 10628]
[10629 10673]
[10674 10690]
[10691 10769]
[10770 11132]
[11133 11277]
[11279 11436]
[11437 11521]
[11522 11602]
[11603 11721]
[11722 11805]
[11806 11858]
[11859 11904]
[11905 11988]
[11989 12054]
[12055 12081]
[12082 12118]
[12119 12193]
[12194 12284]
[12285 12417]
[12418 12516]
[12517 12630]
[12631 12775]
[12776 12882]
[12883 12943]
[12944 12987]
[12988 13032]
[13033 13075]
[13076 13123]
[13124 13172]
[13173 13219]
[13220 13259]
[13260 13300]
[13301 13382]
[13383 13805]
[13806 13918]
[13919 14007]
[14008 14094]
[14095 14181]
[14182 14288]
[14289 14384]
[14385 14535]
[14536 14595]
[14596 14640]
[14641 14700]
[14701 14828]
[14829 14896]
[14897 14970]
[14971 15055]
[15056 15235]
[15236 15538]
[15539 15595]
[15596 15646]
[15647 15681]
[15682 15737]
[15738 15781]
[15782 15827]
[15828 15859]
[15860 15963]
[15964 16010]
[16011 16054]
[16055 16107]
[16108 16141]
[16142 16273]
[16274 16359]
[16360 16546]
[16547 16613]
[16614 16673]
[16674 16755]
[16756 16808]
[16809 17032]
[17033 17147]
[17148 17257]
[17258 17317]
[17318 17421]
[17422 17473]
[17474 17505]
[17506 17609]
[17610 17657]
[17658 17706]
[17707 17746]
[17747 17831]
[17832 17889]
[17890 17947]
[17948 17991]
[17992 18017]
[18018 18110]
[18111 18385]
[18386 18529]
[18530 18604]
[18605 18742]
[18743 18817]
[18818 18853]
[18854 18890]
[18891 19005]
[19006 19068]
[19069 19133]
[19134 19186]
[19187 19341]
[19342 19429]
[19430 19560]
[19561 19824]
[19825 20243]
[20244 20574]
[20575 20636]
[20637 20663]
[20664 20695]
[20696 20726]
[20727 20754]
[20755 20843]
[20844 20896]
[20897 20945]
[20946 20979]
[20980 21038]
[21039 21200]
[21201 21328]
[21329 21397]
[21398 21434]
[21435 21493]
[21494 21625]
[21626 21673]
[21674 21769]
[21770 21929]
[21930 22348]
[22349 22786]
[22787 23020]
[23021 23143]
[23144 23533]
[23534 24229]
[24230 24421]
[24422 24704]
[24705 24993]
[24994 25053]
[25054 25094]
[25095 25165]
[25166 25239]
[25240 25246]
[25247 25293]
[25294 25375]
[25376 25403]
[25404 25462]
[25463 25504]
[25505 25541]
[25542 25575]
[25576 25607]
[25608 25644]
[25645 25696]
[25697 25745]
[25746 25773]
[25774 25811]
[25812 25838]
[25839 25858]
[25859 25884]
[25885 26381]
[26382 26983]
[26984 27049]
[27050 27104]
[27105 27318]
[27319 27471]
[27472 27564]
[27565 27632]
[27633 27691]
[27692 27754]
[27755 27805]
[27806 27889]
[27890 28081]
[28082 28288]
[28289 28578]
[28579 28829]
[28830 28966]
[28967 29087]
[29088 29118]
[29119 29415]
[29416 29494]
[29495 29539]
[29540 29620]
[29621 29699]
[29700 29803]
[29804 29828]
[29829 29893]
[29894 29945]
[29946 30004]
[30005 30036]
[30037 30103]
[30104 30172]
[30173 30206]
[30207 30308]
[30309 30451]
[30452 30503]
[30504 30564]
[30565 30623]
[30624 31039]
[31041 31299]
[31300 31389]
[31390 31569]
[31571 32101]
[32102 32193]
[32194 32252]
[32253 32335]
[32336 32405]
[32406 32466]
[32467 32535]
[32536 32599]
[32600 32709]
[32710 32774]
[32775 32826]
[32827 32894]
[32895 32975]
[32976 33095]
[33096 33158]
[33159 33239]
[33240 33307]
[33308 33357]
[33358 33687]
[33688 33817]
[33818 33895]
[33896 34025]
[34026 34140]
[34141 34619]
[34620 34731]
