[ 0 17]
[18 46]
[48 67]
[68 87]
[ 89 132]
[134 231]
[232 506]
[507 560]
[561 596]
[597 626]
[627 649]
[650 654]
[655 687]
[688 717]
[718 747]
[748 780]
[781 811]
[812 844]
[845 875]
[876 906]
[907 934]
[935 989]
[ 990 1631]
[1632 1681]
[1682 1718]
[1719 1744]
[1745 1779]
[1780 1879]
[1880 1938]
[1939 1972]
[1973 2080]
[2081 2108]
[2109 2139]
[2140 2338]
[2339 2490]
[2491 2586]
[2587 2668]
[2669 2798]
[2799 2860]
[2861 2931]
[2932 3054]
[3055 3108]
[3109 3220]
[3221 3565]
[3566 3568]
[3569 3630]
[3631 4237]
[4238 4338]
[4340 4497]
[4498 4717]
[4719 4864]
[4865 4917]
[4918 5433]
[5434 5475]
[5476 5547]
[5548 5628]
[5629 5663]
[5664 5697]
[5698 5734]
[5735 5773]
[5774 5815]
[5816 5881]
[5882 5932]
[5933 5977]
[5978 6010]
[6011 6045]
[6046 6156]
[6157 6268]
[6269 6313]
[6314 6392]
[6393 6473]
[6474 6837]
[6838 6907]
[6908 6942]
[6943 6988]
[6989 7044]
[7045 7103]
[7104 7151]
[7152 7193]
[7194 7243]
[7244 7282]
[7283 7335]
[7336 7382]
[7383 7423]
[7424 7446]
[7447 7466]
[7467 7525]
[7526 7594]
[7595 7616]
[7617 7681]
[7682 7742]
[7743 7780]
[7781 7824]
[7825 7888]
[7889 7945]
[7946 7984]
[7985 7989]
[7990 8034]
[8035 8077]
[8078 8125]
[8126 8174]
[8175 8221]
[8222 8264]
[8265 8301]
[8302 8390]
[8391 8857]
[8858 8942]
[8943 9054]
[9055 9164]
[9165 9365]
[9366 9385]
[9386 9559]
[9560 9657]
[9658 9727]
[9728 9843]
[9844 9910]
[ 9911 10012]
[10013 10085]
[10086 10165]
[10166 10185]
[10186 10221]
[10222 10275]
[10276 10354]
[10355 10415]
[10416 10457]
[10458 10548]
[10549 10606]
[10607 10656]
[10657 10714]
[10715 10805]
[10806 10840]
[10841 10892]
[10893 10934]
[10935 10976]
[10977 10996]
[10997 11038]
[11039 11099]
[11100 11218]
[11219 11627]
[11629 11630]
[11631 11887]
[11888 11983]
[11984 12092]
[12093 12221]
[12222 12347]
[12348 12463]
[12464 12569]
[12570 12679]
[12680 12784]
[12785 12928]
[12929 13043]
[13044 13144]
[13145 13327]
[13328 13612]
[13613 13686]
[13687 13740]
[13741 13884]
[13885 13973]
[13974 14042]
[14043 14116]
[14117 14223]
[14224 14343]
[14344 14390]
[14391 14467]
[14468 14502]
[14503 14614]
[14615 14711]
[14712 14771]
[14772 14802]
[14803 14841]
[14842 14948]
[14949 14981]
[14982 15029]
[15030 15065]
[15066 15117]
[15118 15179]
[15180 15314]
[15315 15373]
[15374 15426]
[15427 15480]
[15481 15506]
[15507 15570]
[15571 15652]
[15653 15711]
[15712 15768]
[15769 15812]
[15813 15889]
[15890 15956]
[15957 16052]
[16053 16110]
[16111 16132]
[16133 16195]
[16196 16265]
[16266 16348]
[16349 16451]
[16452 16547]
[16548 16935]
[16936 17501]
[17502 17575]
[17576 17641]
[17642 17674]
[17675 17974]
[17975 18086]
[18087 18177]
[18178 18290]
[18291 18363]
[18364 18431]
[18432 18542]
[18543 18692]
[18693 18847]
[18848 18932]
[18933 19038]
[19039 19128]
[19129 19188]
[19189 19305]
[19306 19408]
[19409 19447]
[19448 19652]
[19653 19900]
[19901 20126]
[20127 20167]
[20168 20258]
[20259 20289]
[20290 20369]
[20370 20463]
[20464 20578]
[20579 20695]
[20696 20982]
[20983 21030]
[21031 21084]
[21085 21144]
[21145 21191]
[21192 21234]
[21235 21285]
[21286 21376]
[21377 21425]
[21426 21474]
[21475 21814]
[21815 21875]
[21876 21944]
[21945 22018]
[22019 22090]
[22091 22158]
[22159 22247]
[22248 22316]
[22317 22401]
[22402 22469]
[22470 22536]
[22537 22603]
[22604 22972]
[22973 23031]
[23032 23084]
