[ 0 11]
[12 40]
[42 61]
[62 81]
[ 83 126]
[128 207]
[209 734]
[735 793]
[794 821]
[822 868]
[869 900]
[901 921]
[922 962]
[963 989]
[ 990 1017]
[1018 1045]
[1046 1075]
[1076 1110]
[1111 1144]
[1145 1172]
[1173 1252]
[1253 1286]
[1287 1376]
[1377 1806]
[1807 1853]
[1854 1903]
[1904 1949]
[1950 1996]
[1997 2112]
[2113 2158]
[2159 2212]
[2213 2284]
[2285 2381]
[2382 2422]
[2423 2480]
[2481 2543]
[2544 2595]
[2596 2651]
[2652 2697]
[2698 2768]
[2769 2817]
[2818 2846]
[2847 2874]
[2875 2905]
[2906 2962]
[2963 3017]
[3018 3067]
[3068 3114]
[3115 3157]
[3158 3200]
[3201 3246]
[3247 3763]
[3765 3835]
[3836 3989]
[3990 4090]
[4091 4120]
[4121 4153]
[4154 4191]
[4192 4253]
[4254 4311]
[4312 4334]
[4335 4374]
[4375 4418]
[4419 4453]
[4454 4591]
[4592 4620]
[4621 4661]
[4662 4687]
[4688 4727]
[4728 4747]
[4748 4777]
[4778 4827]
[4828 4881]
[4882 4957]
[4958 5009]
[5010 5077]
[5078 5128]
[5129 5192]
[5193 5236]
[5237 5312]
[5313 5874]
[5876 5982]
[5983 6076]
[6077 6179]
[6180 6255]
[6256 6299]
[6300 6349]
[6350 6382]
[6383 6420]
[6421 6493]
[6494 6552]
[6553 6602]
[6603 6731]
[6732 6776]
[6777 6815]
[6816 6858]
[6859 6910]
[6911 6968]
[6969 7010]
[7011 7056]
[7057 7093]
[7094 7259]
[7260 7327]
[7328 7354]
[7355 7392]
[7393 7446]
[7447 7925]
[7926 8003]
[8004 8063]
[8064 8154]
[8155 8305]
[8306 8502]
[8503 8607]
[8608 8655]
[8656 8700]
[8701 8752]
[8753 8794]
[8795 8826]
[8827 9005]
[9006 9110]
[9111 9151]
[9152 9193]
[9194 9238]
[9239 9275]
[9276 9326]
[9327 9380]
[9381 9415]
[9416 9940]
[ 9941 10020]
[10021 10080]
[10081 10104]
[10105 10140]
[10141 10262]
[10263 10312]
[10313 10452]
[10453 10538]
[10539 10664]
[10665 10688]
[10689 10724]
[10725 10816]
[10817 10916]
[10917 10982]
[10983 11033]
[11034 11082]
[11083 11140]
[11141 11192]
[11193 11269]
[11270 11329]
[11330 11418]
[11419 11642]
[11643 11796]
[11797 11874]
[11876 11946]
[11947 12096]
[12097 12157]
[12158 12202]
[12203 12268]
[12269 12304]
[12305 12336]
[12337 12364]
[12365 12430]
[12431 12475]
[12476 12516]
[12517 12557]
[12558 12590]
[12591 12631]
[12632 12674]
[12675 12714]
[12715 12793]
[12794 12856]
[12857 13007]
[13008 13074]
[13075 13091]
[13092 13129]
[13130 13159]
[13160 13203]
[13204 13241]
[13242 13346]
[13347 13379]
[13380 13422]
[13423 13466]
[13467 13499]
[13500 13528]
[13529 13583]
[13584 13618]
[13619 13669]
[13670 13698]
[13699 14220]
[14222 14285]
[14286 14359]
[14360 14418]
[14419 14505]
[14506 14580]
[14581 14666]
[14667 14790]
[14791 14953]
[14954 15229]
[15230 15312]
[15313 15392]
[15393 15469]
[15470 15545]
[15546 15847]
[15849 15894]
[15895 15937]
[15938 15981]
[15982 16038]
[16039 16093]
[16094 16179]
[16180 16293]
[16294 16336]
[16337 16400]
[16401 16474]
[16475 16543]
[16544 16623]
[16624 16662]
[16663 16708]
[16709 16764]
[16765 16825]
[16826 17261]
[17262 17477]
[17478 17556]
[17557 17720]
[17721 17886]
[17887 17984]
[17985 18080]
[18081 18150]
[18151 18235]
[18236 18285]
[18286 18327]
[18328 18407]
[18408 18488]
[18489 18574]
[18575 18881]
[18882 18947]
[18948 18982]
[18983 19042]
[19043 19070]
[19071 19112]
[19113 19182]
[19183 19258]
[19259 19331]
[19332 19391]
[19392 19461]
[19462 19563]
[19564 19634]
[19635 19750]
[19751 19823]
[19824 19872]
[19873 19907]
[19908 19951]
[19952 19983]
[19984 20109]
[20110 20248]
[20249 20327]
[20328 20375]
[20376 20411]
[20412 20430]
[20431 20493]
[20494 20529]
[20530 20574]
[20575 20602]
[20603 20696]
[20697 21066]
[21067 21345]
[21346 21479]
[21480 21600]
[21601 21673]
[21674 21753]
[21754 21829]
[21830 21886]
[21887 22227]
[22228 22456]
[22457 22585]
[22586 22757]
[22758 22935]
[22936 22990]
[22991 23035]
[23036 23070]
[23071 23123]
[23124 23243]
[23244 23271]
[23273 23318]
[23319 23742]
[23743 24345]
[24346 24417]
[24418 24455]
[24456 24523]
[24524 24601]
[24602 24650]
[24651 24717]
[24718 24791]
[24792 24841]
[24842 24911]
[24912 24963]
[24964 25041]
[25042 25110]
[25111 25173]
[25174 25251]
[25252 25307]
[25308 25366]
[25367 25766]
[25767 25839]
[25840 25908]
[25909 26001]
[26002 26059]
[26060 26121]
[26122 26257]
[26258 26299]
[26300 26363]
[26364 26435]
[26436 26482]
[26483 26532]
[26533 26585]
[26586 26645]
[26646 26701]
[26702 26716]
[26717 26762]
[26763 26837]
[26838 26883]
[26884 26902]
[26903 26932]
[26933 26991]
[26992 27019]
[27020 27048]
[27049 27536]
[27537 27623]
[27624 27670]
[27671 27740]
[27741 27790]
[27791 27880]
[27881 27957]
[27958 28014]
[28015 28079]
[28080 28142]
[28143 28546]
[28547 28585]
[28586 28640]
[28641 28696]
[28697 28751]
[28752 28934]
[28935 28999]
[29000 29077]
[29078 29157]
[29158 29317]
[29318 29424]
[29425 29513]
[29514 29640]
[29641 29830]
[29831 29903]
[29904 29955]
[29956 30045]
[30046 30134]
[30135 30236]
[30237 30282]
[30283 30441]
[30442 30472]
[30473 30622]
[30623 30650]
[30651 31221]
[31222 31292]
[31293 31361]
[31362 31442]
[31443 31505]
[31506 31571]
[31572 31611]
[31612 31687]
[31688 31743]
[31744 31813]
[31814 31877]
[31878 31936]
[31937 32001]
[32002 32061]
[32062 32123]
[32124 32196]
[32197 32254]
[32255 32328]
[32329 32402]
[32403 32478]
[32479 32542]
[32543 32698]
[32699 33044]
[33046 33268]
[33269 33338]
[33339 33381]
[33382 33453]
[33454 33550]
[33551 33626]
[33627 33717]
[33718 34427]
[34428 34525]
