[ 0 11]
[12 40]
[42 61]
[62 81]
[ 83 126]
[128 205]
[206 676]
[677 741]
[742 800]
[801 840]
[841 873]
[874 900]
[901 927]
[928 957]
[958 993]
[ 994 1058]
[1059 1084]
[1085 1118]
[1119 1145]
[1146 1167]
[1168 1202]
[1203 1231]
[1232 1323]
[1324 1796]
[1797 1862]
[1863 1926]
[1927 1993]
[1994 2086]
[2087 2252]
[2253 2348]
[2349 2399]
[2400 2453]
[2454 2571]
[2572 2634]
[2635 2687]
[2688 2744]
[2745 2837]
[2838 2866]
[2867 2893]
[2894 2918]
[2919 2949]
[2950 3074]
[3075 3116]
[3117 3177]
[3178 3222]
[3223 3280]
[3281 3359]
[3360 3943]
[3944 3995]
[3996 4060]
[4061 4110]
[4111 4178]
[4179 4225]
[4226 4278]
[4279 4387]
[4388 4482]
[4483 4636]
[4637 4692]
[4693 4725]
[4726 4759]
[4760 4819]
[4820 4849]
[4850 4893]
[4894 4918]
[4919 4967]
[4968 5022]
[5023 5102]
[5103 5136]
[5137 5201]
[5202 5260]
[5261 5327]
[5328 5386]
[5387 5768]
[5769 5822]
[5823 5872]
[5873 5918]
[5919 5966]
[5967 6004]
[6005 6046]
[6047 6086]
[6087 6136]
[6137 6170]
[6171 6196]
[6197 6259]
[6260 6284]
[6285 6324]
[6325 6350]
[6351 6407]
[6408 6442]
[6443 6531]
[6532 6576]
[6577 6635]
[6636 6758]
[6759 6827]
[6828 6888]
[6889 6939]
[6940 6974]
[6975 7022]
[7023 7081]
[7082 7119]
[7120 7173]
[7174 7226]
[7227 7288]
[7289 7691]
[7692 7761]
[7762 7818]
[7819 7868]
[7869 7919]
[7920 7998]
[7999 8164]
[8165 8233]
[8234 8364]
[8365 8399]
[8400 8426]
[8427 8520]
[8521 8588]
[8589 8647]
[8648 8730]
[8731 8799]
[8800 8869]
[8870 8938]
[8939 9010]
[9011 9076]
[9077 9114]
[9115 9150]
[9151 9580]
[9581 9676]
[9677 9764]
[9765 9836]
[9837 9918]
[ 9919 10006]
[10007 10111]
[10112 10194]
[10195 10292]
[10293 10375]
[10376 10471]
[10472 10555]
[10556 10601]
[10602 10690]
[10691 10775]
[10776 10814]
[10815 10890]
[10891 10925]
[10926 10957]
[10958 11010]
[11011 11061]
[11062 11175]
[11176 11261]
[11262 11320]
[11321 11362]
[11363 11406]
[11407 11465]
[11466 11518]
[11519 11794]
[11795 11862]
[11863 11912]
[11913 11960]
[11961 12035]
[12036 12092]
[12093 12128]
[12129 12192]
[12193 12242]
[12243 12292]
[12293 12353]
[12354 12407]
[12408 12576]
[12577 12636]
[12637 12996]
[12997 13097]
[13098 13276]
[13277 13310]
[13311 13346]
[13347 13406]
[13407 13478]
[13480 13538]
[13540 13609]
[13610 13696]
[13697 13794]
[13795 13817]
[13818 13852]
[13853 13891]
[13892 13938]
[13939 13988]
[13989 14036]
[14037 14065]
[14066 14113]
[14114 14144]
[14145 14179]
[14180 14355]
[14356 14413]
[14414 14735]
[14736 14939]
[14940 15040]
[15041 15087]
[15088 15167]
[15168 15243]
[15244 15304]
[15305 15481]
[15482 15504]
[15505 15598]
[15599 15641]
[15642 15697]
[15698 15747]
[15748 15867]
[15868 15908]
[15909 15948]
[15949 16001]
[16002 16047]
[16048 16075]
[16076 16388]
[16389 16502]
[16503 16566]
[16567 16616]
[16617 16699]
[16700 16801]
[16802 16836]
[16837 16955]
[16956 16991]
[16992 17041]
[17042 17131]
[17132 17166]
[17167 17211]
[17212 17246]
[17247 17320]
[17321 17374]
[17375 17481]
[17482 17615]
[17616 17674]
[17675 17717]
[17718 17762]
[17763 17866]
[17867 18130]
[18131 18235]
[18236 18463]
[18464 18539]
[18540 18730]
[18731 18851]
[18852 18929]
[18930 19182]
[19183 19276]
[19277 19437]
[19438 19617]
[19618 19692]
[19693 19907]
[19908 19999]
[20000 20062]
[20063 20121]
[20122 20168]
[20169 20567]
[20568 20607]
[20608 20692]
[20693 20779]
[20780 20861]
[20862 20926]
[20927 20991]
[20992 21034]
[21035 21075]
[21076 21132]
[21133 21172]
[21173 21211]
[21212 21261]
[21262 21413]
[21414 21907]
[21908 22058]
[22059 22091]
[22092 22164]
[22165 22200]
[22201 22266]
[22267 22411]
[22412 22485]
[22486 22543]
[22544 22581]
[22582 22618]
[22619 22683]
[22684 22711]
[22712 22781]
[22782 22894]
[22895 22949]
[22950 22975]
[22976 22995]
[22996 23050]
[23051 23121]
[23122 23179]
[23180 23220]
[23221 23259]
[23260 23776]
[23777 23811]
[23812 23834]
[23835 23873]
[23874 23891]
[23892 23933]
[23934 23954]
[23955 23974]
[23975 24001]
[24002 24025]
[24026 24056]
[24057 24078]
[24079 24131]
[24132 24161]
[24162 24193]
[24194 24247]
[24248 24265]
[24266 24295]
[24296 24424]
[24425 24521]
[24522 24547]
[24548 24596]
[24597 24679]
[24680 24752]
[24753 24793]
[24794 24840]
[24841 24880]
[24881 24980]
[24981 25014]
[25015 25066]
[25067 25149]
[25150 25214]
[25215 25499]
[25500 25575]
[25576 25952]
[25953 26042]
[26043 26150]
[26151 26213]
[26214 26297]
[26298 26347]
[26348 26385]
[26386 26440]
[26441 26906]
[26907 26987]
