[ 0 16]
[17 45]
[47 66]
[67 86]
[ 88 131]
[133 211]
[212 533]
[534 572]
[573 608]
[609 665]
[666 721]
[722 753]
[754 785]
[786 832]
[833 873]
[874 910]
[911 938]
[939 986]
[ 987 1111]
[1112 1552]
[1553 1640]
[1641 1705]
[1706 1768]
[1769 1821]
[1822 1907]
[1908 1945]
[1946 2012]
[2013 2065]
[2066 2107]
[2108 2168]
[2169 2206]
[2207 2260]
[2261 2326]
[2327 2387]
[2388 2425]
[2426 2509]
[2510 2570]
[2571 2625]
[2626 2680]
[2681 2730]
[2731 2873]
[2874 2907]
[2908 2980]
[2981 3627]
[3628 3744]
[3745 3783]
[3784 3886]
[3887 3978]
[3979 4109]
[4110 4242]
[4243 4321]
[4322 4382]
[4383 4591]
[4592 4703]
[4704 4744]
[4745 4785]
[4786 4814]
[4815 4846]
[4847 4872]
[4873 4910]
[4911 4973]
[4974 5084]
[5085 5116]
[5117 5152]
[5153 5188]
[5189 5822]
[5823 5905]
[5906 5938]
[5939 5972]
[5973 6019]
[6020 6077]
[6078 6111]
[6112 6152]
[6153 6329]
[6330 6396]
[6397 6486]
[6487 6538]
[6539 6618]
[6619 6661]
[6662 6732]
[6733 6783]
[6784 6841]
[6842 6895]
[6896 6942]
[6943 7006]
[7007 7068]
[7069 7126]
[7127 7275]
[7276 7337]
[7338 7403]
[7404 7744]
[7745 7808]
[7809 7851]
[7852 7929]
[7930 8012]
[8013 8069]
[8070 8118]
[8119 8209]
[8210 8310]
[8311 8419]
[8420 8540]
[8541 8720]
[8721 8907]
[8908 9007]
[9008 9070]
[9071 9134]
[9135 9774]
[9775 9843]
[9844 9921]
[9922 9980]
[ 9981 10077]
[10078 10109]
[10110 10189]
[10190 10279]
[10280 10349]
[10350 10406]
[10407 10448]
[10449 10483]
[10484 10518]
[10519 10547]
[10548 10591]
[10592 10652]
[10653 10696]
[10697 10820]
[10821 10903]
[10904 10973]
[10974 11022]
[11023 11073]
[11074 11158]
[11159 11241]
[11242 11405]
[11406 11435]
[11436 11511]
[11512 11551]
[11552 11587]
[11588 11607]
[11608 11667]
[11668 11715]
[11716 11839]
[11840 12120]
[12121 12534]
[12535 12637]
[12638 12842]
[12843 12877]
[12878 12919]
[12920 12974]
[12975 13054]
[13055 13148]
[13149 13272]
[13273 13371]
[13372 13500]
[13501 13543]
[13544 13577]
[13578 13605]
[13606 13655]
[13656 13788]
[13789 13843]
[13844 13889]
[13890 13972]
[13973 14232]
[14233 14314]
[14315 14482]
[14483 14665]
[14666 14846]
[14847 15014]
[15015 15108]
[15109 15318]
[15319 15522]
[15523 15634]
[15635 15679]
[15680 15720]
[15721 15754]
[15755 15780]
[15781 15834]
[15835 15972]
[15973 15992]
[15993 16033]
[16034 16075]
[16076 16118]
[16119 16148]
[16149 16183]
[16184 16230]
[16231 16281]
[16282 16305]
[16306 16357]
[16358 16389]
[16390 16487]
[16488 16578]
[16579 16598]
[16599 16645]
[16646 16717]
[16718 16787]
[16788 16824]
[16825 16859]
[16860 16899]
[16900 16918]
[16919 16938]
[16939 17019]
[17020 17399]
[17400 17484]
[17485 17624]
[17625 17732]
[17733 17826]
[17827 17896]
[17897 17942]
[17943 17972]
[17973 18059]
[18060 18116]
[18117 18167]
[18168 18247]
[18248 18379]
[18380 18621]
[18622 18676]
[18677 18735]
[18736 18862]
[18863 18913]
[18914 18951]
[18952 18976]
[18977 19110]
[19111 19177]
[19178 19243]
[19244 19300]
[19301 19353]
[19354 19416]
[19417 19440]
[19441 19460]
[19461 19491]
[19492 19602]
[19603 19626]
[19627 19666]
[19667 19702]
[19703 19762]
[19763 19827]
[19828 19863]
[19864 19911]
[19912 20263]
[20264 20314]
[20315 20395]
[20396 20513]
[20514 20563]
[20564 20623]
[20624 20671]
[20672 20762]
[20763 20863]
[20864 20967]
[20968 21051]
[21052 21247]
[21248 21347]
[21348 21435]
[21436 21512]
[21513 21598]
[21599 21701]
[21702 22093]
[22094 22318]
[22319 22412]
[22413 22462]
[22463 22516]
[22517 22630]
[22631 22755]
[22756 22883]
[22884 23008]
[23009 23082]
[23083 23397]
[23398 23463]
[23464 23509]
[23510 23571]
[23572 23624]
[23625 23649]
[23650 23707]
[23708 23762]
[23763 23902]
[23903 23957]
[23958 24019]
[24020 24044]
[24045 24131]
[24132 24177]
[24178 24488]
[24489 24586]
[24587 24661]
[24662 24709]
[24710 24872]
[24873 24911]
[24912 24979]
[24980 25080]
[25081 25185]
[25186 25288]
[25289 25425]
[25426 25572]
[25573 25801]
[25802 25865]
[25866 25939]
[25940 26042]
[26043 26190]
[26191 26341]
[26342 26396]
[26397 26431]
[26432 26468]
[26469 26513]
[26514 26707]
[26708 27007]
[27008 27586]
[27587 27623]
[27624 27717]
[27718 27796]
[27797 27881]
[27882 27975]
[27976 28192]
[28193 28288]
[28289 28416]
[28417 28496]
[28497 28594]
[28595 28753]
[28754 28972]
[28973 29062]
[29063 29196]
[29197 29272]
[29273 29532]
[29533 29680]
[29681 29821]
[29822 29929]
[29930 30034]
[30035 30336]
[30337 30415]
