[ 0 17]
[18 46]
[48 67]
[68 87]
[ 89 132]
[134 233]
[234 745]
[746 798]
[799 834]
[835 864]
[865 892]
[893 925]
[926 961]
[962 991]
[ 992 1019]
[1020 1049]
[1050 1136]
[1137 1173]
[1174 1226]
[1227 1563]
[1564 1620]
[1621 1682]
[1683 1735]
[1736 1791]
[1792 1838]
[1839 1892]
[1893 1963]
[1964 2022]
[2023 2091]
[2092 2152]
[2153 2215]
[2216 2276]
[2277 2333]
[2334 2388]
[2389 2446]
[2447 2509]
[2510 2568]
[2569 2618]
[2619 2682]
[2683 2745]
[2746 2819]
[2820 2846]
[2847 2918]
[2919 2988]
[2989 3615]
[3616 3680]
[3681 3733]
[3734 3803]
[3804 3868]
[3869 3932]
[3933 3963]
[3964 4059]
[4060 4164]
[4165 4269]
[4270 4377]
[4378 4429]
[4430 4478]
[4479 4616]
[4617 5101]
[5102 5494]
[5495 5552]
[5553 5612]
[5613 5667]
[5668 5729]
[5730 5790]
[5791 5852]
[5853 5946]
[5947 6022]
[6023 6123]
[6124 6203]
[6204 6336]
[6337 6414]
[6415 6498]
[6499 6564]
[6565 6600]
[6601 6984]
[6985 7039]
[7040 7097]
[7098 7136]
[7137 7171]
[7172 7206]
[7207 7244]
[7245 7436]
[7437 7499]
[7500 7549]
[7550 7670]
[7671 7715]
[7716 7768]
[7769 7962]
[7963 8018]
[8019 8073]
[8074 8130]
[8131 8180]
[8181 8285]
[8286 8332]
[8333 8472]
[8473 8583]
[8584 8585]
[8586 8866]
[8867 8955]
[8956 8994]
[8995 9054]
[9055 9113]
[9114 9165]
[9166 9210]
[9211 9308]
[9309 9359]
[9360 9415]
[9416 9490]
[9491 9690]
[9691 9794]
[9795 9948]
[ 9949 10044]
[10045 10395]
[10396 10675]
[10676 10732]
[10733 10787]
[10788 10807]
[10808 10892]
[10893 10943]
[10944 10994]
[10995 11031]
[11032 11076]
[11077 11144]
[11145 11204]
[11205 11258]
[11259 11303]
[11304 11345]
[11346 11393]
[11394 11466]
[11467 11572]
[11573 11643]
[11644 11692]
[11693 11734]
[11735 11807]
[11808 12170]
[12171 12229]
[12230 12290]
[12291 12341]
[12342 12389]
[12390 12433]
[12434 12474]
[12475 12509]
[12510 12553]
[12554 12599]
[12600 12643]
[12644 12701]
[12702 12753]
[12754 12812]
[12813 12871]
[12872 12946]
[12947 13284]
[13285 13337]
[13338 13384]
[13385 13439]
[13440 13472]
[13473 13522]
[13523 13555]
[13556 13601]
[13602 13758]
[13759 13891]
[13892 14019]
[14020 14140]
[14141 14271]
[14272 14383]
[14384 14437]
[14438 14767]
[14768 14840]
[14841 14897]
[14898 14955]
[14956 15010]
[15011 15118]
[15119 15268]
[15269 15302]
[15303 15340]
[15341 15402]
[15403 15470]
[15471 15537]
[15538 15580]
[15581 16000]
[16001 16118]
[16119 16305]
[16306 16394]
[16395 16515]
[16516 16602]
[16603 16687]
[16688 16776]
[16777 16825]
[16826 16899]
[16900 16998]
[16999 17092]
[17093 17153]
[17154 17247]
[17248 17301]
[17302 17438]
[17439 17506]
[17507 17823]
[17824 17884]
[17885 17932]
[17933 18052]
[18053 18107]
[18108 18246]
[18247 18322]
[18323 18392]
[18393 18436]
[18437 18474]
[18475 18525]
[18526 18582]
[18583 18632]
[18633 18683]
[18684 18732]
[18733 18797]
[18798 19153]
[19154 19218]
[19219 19275]
[19276 19326]
[19327 19375]
[19376 19428]
[19429 19483]
[19484 19530]
[19531 19686]
[19687 19743]
[19744 19854]
[19855 19998]
[19999 20070]
[20071 20127]
[20128 20182]
[20183 20226]
[20227 20581]
[20582 20827]
[20828 20940]
[20941 21248]
[21249 21502]
[21503 21881]
[21882 22677]
[22678 22869]
[22870 23225]
[23226 23732]
[23733 24083]
[24084 24446]
[24447 24531]
[24532 24639]
[24640 24754]
[24755 24776]
[24777 24836]
[24837 24861]
[24862 24911]
[24912 24962]
[24963 25005]
[25006 25041]
[25042 25080]
[25081 25231]
[25232 25286]
[25287 25338]
[25339 25385]
[25386 25454]
[25455 25513]
[25514 25569]
[25570 25655]
[25656 25754]
[25755 26150]
[26151 26426]
[26427 26484]
[26485 26562]
[26563 26596]
[26597 26665]
[26666 26763]
[26764 26798]
[26799 27076]
[27077 27119]
[27120 27153]
[27154 27184]
[27185 27216]
[27217 27266]
[27267 27300]
[27301 27650]
[27651 27775]
[27776 27843]
[27844 27908]
[27909 27997]
[27998 28084]
[28085 28182]
[28183 28329]
[28330 28423]
[28424 28453]
[28454 28552]
[28553 28652]
[28653 28732]
[28733 28920]
[28921 29041]
[29042 29124]
[29125 29220]
[29221 29278]
[29279 29458]
[29459 29720]
[29721 29868]
[29869 30038]
[30039 30109]
[30110 30332]
[30333 30447]
[30448 30548]
[30549 30716]
[30717 30814]
[30815 30870]
[30871 31117]
[31118 31242]
[31243 31779]
[31780 32025]
[32026 32105]
[32106 32682]
[32683 32776]
