[ 0 10]
[11 39]
[41 60]
[61 80]
[ 82 125]
[127 214]
[215 551]
[552 602]
[603 671]
[672 728]
[729 767]
[768 800]
[801 824]
[825 853]
[854 938]
[939 976]
[ 977 1029]
[1030 1591]
[1592 2972]
[2973 3322]
[3323 3392]
[3393 3486]
[3487 3522]
[3523 3622]
[3623 3710]
[3711 4001]
[4002 4065]
[4066 4104]
[4105 4197]
[4198 4518]
[4519 4555]
[4556 4593]
[4594 4623]
[4624 4659]
[4660 4697]
[4698 4745]
[4746 4798]
[4799 4832]
[4833 4880]
[4881 4936]
[4937 4990]
[4991 5166]
[5167 5201]
[5202 5355]
[5356 5414]
[5415 5462]
[5463 5522]
[5523 5694]
[5695 5724]
[5725 6433]
[6434 6585]
[6586 6682]
[6683 6803]
[6804 6995]
[6996 7022]
[7023 7103]
[7104 7132]
[7133 7288]
[7289 7336]
[7337 7397]
[7398 7508]
[7509 7589]
[7590 7650]
[7651 7756]
[7757 8219]
[8220 8298]
[8299 8384]
[8385 8439]
[8440 8516]
[8517 8599]
[8600 8659]
[8660 8735]
[8736 8836]
[8837 8927]
[8928 9024]
[9025 9089]
[9090 9152]
[9153 9210]
[9211 9387]
[9388 9413]
[9414 9934]
[9935 9974]
[ 9975 10034]
[10035 10114]
[10115 10162]
[10163 10215]
[10216 10276]
[10277 10330]
[10331 10383]
[10384 10414]
[10415 10463]
[10464 10515]
[10516 10571]
[10572 10645]
[10646 10697]
[10698 10739]
[10740 11203]
[11204 11400]
[11402 11525]
[11527 11650]
[11652 11762]
[11764 11887]
[11889 11959]
[11960 12393]
[12394 12446]
[12447 12518]
[12519 12577]
[12578 12640]
[12641 12701]
[12702 12762]
[12763 12888]
[12889 13005]
[13006 13026]
[13027 13082]
[13083 13118]
[13119 13153]
[13154 13187]
[13188 13207]
[13208 13235]
[13236 13263]
[13264 13324]
[13325 13365]
[13366 13399]
[13400 13442]
[13443 13529]
[13530 13926]
[13927 13981]
[13982 14029]
[14030 14098]
[14099 14171]
[14172 14243]
[14244 14304]
[14305 14386]
[14387 14432]
[14433 14549]
[14550 14579]
[14580 14725]
[14726 14792]
[14793 14856]
[14857 14907]
[14908 14950]
[14951 15000]
[15001 15056]
[15057 15123]
[15124 15188]
[15189 15470]
[15471 15603]
[15604 15685]
[15686 15793]
[15794 15865]
[15866 16013]
[16014 16078]
[16079 16128]
[16129 16163]
[16164 16210]
[16211 16282]
[16283 16332]
[16333 16382]
[16383 16449]
[16450 16887]
[16888 17052]
[17053 17165]
[17166 17284]
[17285 17447]
[17448 17582]
[17583 17746]
[17747 17784]
[17785 17920]
[17921 18028]
[18029 18460]
[18461 18706]
[18707 18743]
[18744 18826]
[18827 18893]
[18894 18931]
[18932 18976]
[18977 19065]
[19066 19212]
[19213 19269]
[19270 19356]
[19357 19428]
[19429 19489]
[19490 19541]
[19542 19599]
[19600 19710]
[19711 19827]
[19828 20003]
[20004 20099]
[20100 20158]
[20159 20239]
[20240 20286]
[20287 20362]
[20363 20428]
[20429 20516]
[20517 20610]
[20611 20853]
[20854 20907]
[20908 20972]
[20973 21107]
[21108 21163]
[21164 21198]
[21199 21245]
[21246 21320]
[21321 21372]
[21373 21419]
[21420 21820]
[21821 21920]
[21921 21969]
[21970 22086]
[22087 22252]
[22253 22382]
[22383 22424]
[22425 22467]
[22468 22510]
[22511 22583]
[22584 22665]
[22666 22733]
[22734 22802]
[22803 22882]
[22883 23009]
[23010 23156]
[23157 23207]
[23208 23288]
[23289 23363]
[23364 23481]
[23482 23611]
[23612 23737]
[23738 23863]
[23864 23989]
[23990 24115]
[24116 24248]
[24249 24301]
[24302 24340]
[24341 24388]
[24389 24419]
[24420 24440]
[24441 24483]
[24484 24521]
[24522 24575]
[24576 24628]
[24629 24741]
[24742 25118]
[25119 25207]
[25208 25308]
[25309 25351]
[25352 25411]
[25412 25478]
[25479 25519]
[25520 25537]
[25538 25623]
[25624 25676]
[25677 25702]
[25703 25762]
[25763 25790]
[25791 25861]
[25862 25977]
[25978 26040]
[26041 26076]
[26077 26193]
[26194 26267]
[26268 26325]
[26326 26405]
[26406 26447]
[26448 26674]
[26675 26812]
[26813 26972]
[26973 27132]
[27133 27241]
[27242 27364]
[27365 27480]
[27481 27834]
[27835 27958]
[27959 28068]
[28069 28139]
[28140 28211]
[28212 28278]
[28279 28352]
[28353 28428]
[28429 28503]
[28504 28585]
[28586 28815]
[28816 28876]
[28877 28922]
[28923 28971]
[28972 29030]
[29031 29088]
[29089 29145]
[29146 29188]
[29189 29245]
[29246 29315]
[29316 29356]
[29357 29410]
[29411 29445]
[29446 29556]
[29557 29640]
[29641 29707]
[29708 29976]
[29977 30029]
[30030 30083]
[30084 30136]
[30137 30195]
[30196 30251]
[30252 30301]
[30302 30359]
[30360 30413]
[30414 30484]
[30485 30545]
[30546 30598]
[30599 30656]
[30657 30712]
[30713 30769]
[30770 30861]
[30862 30934]
[30935 31271]
[31272 31360]
[31361 31548]
[31549 31627]
[31628 31709]
[31710 31775]
[31776 31834]
[31835 31893]
[31894 31949]
[31950 31989]
[31990 32087]
[32088 32310]
[32311 32348]
[32349 32389]
[32390 32431]
[32432 32470]
[32471 32605]
[32606 32776]
[32777 32882]
[32883 32986]
[32987 33085]
[33086 33102]
[33103 33165]
[33166 35354]
[35355 35424]
[35425 35468]
[35469 35529]
[35530 35574]
[35575 35628]
[35629 35673]
[35674 35714]
[35715 35773]
[35774 35831]
[35832 35876]
[35877 35938]
[35939 36030]
[36031 36108]
[36109 36183]
[36184 36226]
[36227 36272]
[36273 36697]
[36699 36772]
