[ 0 20]
[ 22 407]
[408 464]
[465 495]
[496 526]
[527 557]
[558 591]
[592 622]
[623 653]
[654 684]
[685 715]
[716 746]
[747 777]
[778 808]
[809 840]
[841 871]
[872 902]
[903 933]
[ 934 1057]
[1058 1716]
[1717 1751]
[1752 1794]
[1795 1851]
[1852 1904]
[1905 2009]
[2010 2116]
[2117 2165]
[2166 2204]
[2205 2313]
[2314 2372]
[2373 2477]
[2478 2515]
[2516 2554]
[2555 2599]
[2600 2676]
[2677 2716]
[2717 2760]
[2761 2816]
[2817 2843]
[2844 2869]
[2870 2896]
[2897 3111]
[3112 3168]
[3169 3192]
[3193 3269]
[3270 3327]
[3328 3582]
[3583 3648]
[3649 3718]
[3719 3792]
[3793 3826]
[3827 3875]
[3876 3948]
[3949 4021]
[4022 4085]
[4086 4174]
[4175 4321]
[4322 4357]
[4358 4389]
[4390 4409]
[4410 4493]
[4494 4552]
[4553 4580]
[4581 4722]
[4723 4793]
[4794 4865]
[4866 4893]
[4894 4957]
[4958 5037]
[5038 5076]
[5077 5136]
[5137 5196]
[5197 5321]
[5322 5341]
[5342 5390]
[5391 5432]
[5433 5829]
[5830 5863]
[5864 5913]
[5914 5940]
[5941 5990]
[5991 6040]
[6041 6180]
[6181 6215]
[6216 6249]
[6250 6292]
[6293 6330]
[6331 6363]
[6364 6397]
[6398 6482]
[6483 6518]
[6519 6560]
[6561 6593]
[6594 6631]
[6632 6681]
[6682 6782]
[6783 6817]
[6818 6838]
[6839 6868]
[6869 6905]
[6906 7142]
[7143 7389]
[7390 7683]
[7684 7762]
[7763 7826]
[7827 7882]
[7883 7950]
[7951 8009]
[8010 8072]
[8073 8115]
[8116 8185]
[8186 8259]
[8260 8325]
[8326 8396]
[8397 8478]
[8479 8536]
[8537 8608]
[8609 8679]
[8680 8741]
[8742 8798]
[8799 8855]
[8856 8913]
[8914 8972]
[8973 9084]
[9085 9120]
[9121 9156]
[9157 9192]
[9193 9228]
[9229 9264]
[9265 9300]
[9301 9336]
[9337 9372]
[9373 9408]
[9409 9444]
[9445 9530]
[9531 9901]
[9902 9995]
[ 9996 10030]
[10031 10189]
[10190 10252]
[10253 10507]
[10508 10571]
[10572 10623]
[10624 10673]
[10674 10717]
[10718 10793]
[10794 10866]
[10867 11086]
[11087 11138]
[11139 11232]
[11233 11318]
[11319 11903]
[11904 11951]
[11952 12010]
[12011 12074]
[12075 12132]
[12133 12194]
[12195 12245]
[12246 12309]
[12310 12346]
[12347 12409]
[12410 12468]
[12469 12595]
[12596 12648]
[12649 12690]
[12691 12756]
[12757 12804]
[12805 12842]
[12843 12881]
[12882 12933]
[12934 12988]
[12989 13041]
[13042 13092]
[13093 13133]
[13134 13179]
[13180 13222]
[13223 13259]
[13260 13293]
[13294 13337]
[13338 13649]
[13650 13701]
[13702 13752]
[13753 13822]
[13823 13920]
[13921 14023]
[14024 14161]
[14162 14286]
[14287 14412]
[14413 14769]
[14770 14837]
[14838 14889]
[14890 14942]
[14943 15000]
[15001 15060]
[15061 15116]
[15117 15156]
[15157 15207]
[15208 15279]
[15280 15419]
[15420 15525]
[15526 15551]
[15552 15576]
[15577 15736]
[15737 15942]
[15943 15994]
[15995 16047]
[16048 16084]
[16085 16191]
[16192 16258]
[16259 16317]
[16318 16698]
[16699 16750]
[16751 16803]
[16804 16860]
[16861 16917]
[16918 16969]
[16970 17021]
[17022 17077]
[17078 17111]
[17112 17188]
[17189 17268]
[17269 17344]
[17345 17421]
[17422 17460]
[17461 17499]
[17500 17537]
[17538 17854]
[17855 17922]
[17923 17974]
[17975 18062]
[18063 18150]
[18151 18256]
[18257 18334]
[18335 18397]
[18398 18466]
[18467 18552]
[18553 18640]
[18641 18874]
[18875 18952]
[18953 19034]
[19035 19118]
[19119 19196]
[19197 19269]
[19270 19350]
[19351 19799]
[19800 19860]
[19861 19917]
[19918 19974]
[19975 20025]
[20026 20130]
[20131 20185]
[20186 20242]
[20243 20399]
[20400 20432]
[20433 20462]
[20463 20490]
[20491 20515]
[20516 20580]
[20581 20629]
[20630 20674]
[20675 20733]
[20734 20761]
[20762 20826]
[20827 21011]
[21012 21047]
[21048 21083]
[21084 21119]
[21120 21155]
[21156 21191]
[21192 21227]
[21228 21263]
[21264 21371]
[21372 21448]
[21449 21875]
[21876 21950]
[21951 21991]
[21992 22046]
[22047 22177]
[22178 22257]
[22258 22326]
[22327 22396]
[22397 22461]
[22462 22504]
[22505 22626]
[22627 22703]
[22704 22777]
[22778 22843]
[22844 22874]
[22875 22943]
[22944 23070]
[23071 23132]
[23133 23206]
[23207 23281]
[23282 23358]
[23359 23412]
[23413 23475]
[23476 23769]
[23770 23850]
[23851 23958]
[23959 24101]
[24102 24182]
[24183 24250]
[24251 24341]
[24342 24401]
[24402 24499]
[24500 24642]
[24643 24854]
[24855 24915]
[24916 24997]
[24998 25307]
[25308 25385]
[25386 25441]
[25442 25457]
[25458 25598]
[25599 25666]
[25667 25705]
[25706 25765]
[25766 25841]
[25842 25908]
[25909 25990]
[25991 26084]
[26085 26186]
[26187 26253]
[26254 26323]
[26324 26660]
[26661 26731]
[26732 26818]
[26819 26906]
[26907 26993]
[26994 27073]
[27074 27165]
[27166 27243]
[27244 27314]
[27315 27385]
[27386 27446]
[27447 27601]
[27602 27826]
[27827 27902]
[27903 28009]
[28010 28143]
[28144 28544]
[28545 28596]
[28597 28643]
[28644 28697]
[28698 28742]
[28743 28781]
[28782 28835]
[28836 28872]
[28873 28924]
[28925 28976]
[28977 29027]
[29028 29071]
[29072 29109]
[29110 29157]
[29158 29208]
[29209 29257]
[29258 29307]
[29308 29374]
[29375 29422]
[29423 29483]
[29484 29521]
[29522 29566]
[29567 29600]
[29601 29633]
[29634 29653]
[29654 29696]
[29697 29730]
[29731 29791]
[29792 29827]
[29828 29863]
[29864 29899]
[29900 29935]
[29936 29971]
[29972 30043]
[30044 30115]
[30116 30234]
[30235 30752]
[30753 30834]
[30835 30898]
[30899 31014]
[31015 31105]
[31106 31148]
[31149 31238]
[31239 31335]
[31336 31386]
[31387 31421]
[31422 31487]
[31488 31697]
[31698 31772]
[31773 31849]
[31850 31878]
[31879 31932]
[31933 31990]
[31991 32043]
[32044 32264]
[32265 32342]
[32343 32475]
[32476 32663]
[32664 32713]
[32714 32757]
[32758 32804]
[32805 32890]
[32891 32983]
[32984 33046]
[33047 33118]
[33119 33183]
[33184 33424]
[33426 33488]
[33489 33747]
[33748 33830]
[33831 33938]
[33939 34058]
[34059 34139]
[34140 34453]
[34454 35133]
[35134 35431]
[35432 35550]
[35551 35631]
[35632 35994]
[35995 36099]
