[0 1]
[  3 304]
[305 358]
[359 389]
[390 420]
[421 451]
[452 485]
[486 516]
[517 547]
[548 578]
[579 609]
[610 640]
[641 702]
[703 734]
[735 765]
[766 796]
[797 827]
[828 858]
[859 938]
[ 939 1342]
[1343 1416]
[1417 1482]
[1483 1564]
[1565 1622]
[1623 1694]
[1695 1764]
[1765 1807]
[1808 1857]
[1858 1938]
[1939 1994]
[1995 2049]
[2050 2081]
[2082 2147]
[2148 2210]
[2211 2317]
[2318 2611]
[2612 2648]
[2649 2697]
[2698 2732]
[2733 2767]
[2768 2792]
[2793 2902]
[2903 2994]
[2995 3044]
[3045 3227]
[3228 3353]
[3354 3438]
[3439 3578]
[3579 3617]
[3618 3685]
[3686 3720]
[3721 3791]
[3792 3818]
[3819 3870]
[3871 4186]
[4187 4230]
[4231 4265]
[4266 4309]
[4310 4331]
[4332 4363]
[4364 4388]
[4389 4414]
[4415 4461]
[4462 4636]
[4637 4676]
[4677 4719]
[4720 4756]
[4757 4795]
[4796 4837]
[4838 4881]
[4882 5011]
[5012 5087]
[5088 5206]
[5207 5243]
[5244 5281]
[5282 5310]
[5311 5451]
[5452 5522]
[5523 5564]
[5565 5649]
[5650 5693]
[5694 5726]
[5727 5767]
[5768 5883]
[5884 6291]
[6292 6341]
[6342 6385]
[6386 6438]
[6439 6456]
[6457 6521]
[6522 6557]
[6558 6594]
[6595 6702]
[6703 6753]
[6754 6791]
[6792 6829]
[6830 6860]
[6861 6899]
[6900 6951]
[6952 6988]
[6989 7045]
[7046 7103]
[7104 7155]
[7156 7195]
[7196 7468]
[7469 7555]
[7556 7591]
[7592 7644]
[7645 7680]
[7681 7715]
[7716 7784]
[7785 8144]
[8145 8178]
[8179 8193]
[8194 8242]
[8243 8272]
[8273 8302]
[8303 8343]
[8344 8394]
[8395 8490]
[8491 8522]
[8523 8555]
[8556 8637]
[8638 8654]
[8655 8674]
[8675 8704]
[8705 8729]
[8730 8774]
[8775 8804]
[8805 8824]
[8825 8879]
[8880 8948]
[8949 9017]
[9018 9068]
[9069 9111]
[9112 9183]
[9184 9264]
[9265 9296]
[9297 9336]
[9337 9361]
[9362 9381]
[9382 9456]
[9457 9559]
[9560 9650]
[9651 9723]
[9724 9823]
[9824 9928]
[ 9929 10035]
[10036 10057]
[10058 10160]
[10161 10513]
[10514 10604]
[10605 10631]
[10632 10666]
[10667 10690]
[10691 10718]
[10719 10763]
[10764 10811]
[10812 10833]
[10834 10868]
[10869 10900]
[10901 10934]
[10935 10957]
[10958 11030]
[11031 11096]
[11097 11139]
[11140 11164]
[11165 11190]
[11191 11236]
[11237 11266]
[11267 11310]
[11311 11350]
[11351 11392]
[11393 11418]
[11419 11448]
[11449 11473]
[11474 11505]
[11506 11541]
[11542 11601]
[11602 11905]
[11906 12025]
[12026 12061]
[12062 12095]
[12096 12145]
[12146 12198]
[12199 12237]
[12238 12267]
[12268 12320]
[12321 12463]
[12464 12523]
[12524 12560]
[12561 12655]
[12656 12685]
[12686 12764]
[12765 13078]
[13079 13099]
[13100 13165]
[13166 13300]
[13301 13406]
[13407 13542]
[13543 13642]
[13643 13700]
[13701 13744]
[13745 13870]
[13871 13931]
[13932 14030]
[14031 14092]
[14093 14128]
[14129 14164]
[14165 14200]
[14201 14236]
[14237 14272]
[14273 14344]
[14345 14380]
[14381 14416]
[14417 14452]
[14453 14533]
[14534 14788]
[14789 14848]
[14849 15005]
[15006 15071]
[15072 15112]
[15113 15149]
[15150 15279]
[15280 15337]
[15338 15391]
[15392 15484]
[15485 15544]
[15545 15653]
[15654 15743]
[15744 15844]
[15845 15877]
[15878 15913]
[15914 15965]
[15966 16028]
[16029 16128]
[16129 16198]
[16199 16273]
[16274 16331]
[16332 16398]
[16399 16433]
[16434 16734]
[16735 16845]
[16846 16915]
[16916 17000]
[17001 17087]
[17088 17205]
[17206 17293]
[17294 17373]
[17374 17447]
[17448 17537]
[17538 17600]
[17601 17687]
[17688 17820]
[17821 18091]
[18092 18231]
[18232 18533]
[18534 18767]
[18768 18782]
[18783 18946]
[18947 19016]
[19017 19248]
[19249 19381]
[19382 19429]
[19430 19475]
[19476 19555]
[19556 19624]
[19625 19709]
[19710 19784]
[19785 19904]
[19905 19935]
[19936 19982]
[19983 20069]
[20070 20310]
[20311 20379]
[20380 20461]
[20462 20501]
[20502 20553]
[20554 20596]
[20597 20654]
[20655 20687]
[20688 20757]
[20758 20815]
[20816 20858]
[20859 20935]
[20936 20990]
[20991 21060]
[21061 21388]
[21389 21462]
[21463 21538]
[21539 21616]
[21617 21688]
[21689 21760]
[21761 21831]
[21832 21906]
[21907 21970]
[21971 22150]
[22151 22215]
[22216 22271]
[22272 22331]
[22332 22547]
[22548 22606]
[22607 22642]
[22643 22678]
[22679 22714]
[22715 22750]
[22751 22786]
[22787 22822]
[22823 22858]
[22859 23052]
[23053 23529]
[23530 23624]
[23625 23711]
[23712 23773]
[23774 23836]
[23837 23920]
[23921 23986]
[23987 24200]
[24201 24251]
[24252 24357]
[24358 24514]
[24515 24580]
[24581 24631]
[24632 24756]
[24757 24943]
[24944 25036]
[25037 25069]
[25070 25196]
[25197 25263]
[25264 25481]
[25482 25534]
[25535 25645]
[25646 25773]
[25774 25928]
[25929 26143]
[26144 26315]
[26316 26440]
[26441 26769]
[26770 26902]
[26903 27169]
[27170 27286]
[27287 27349]
[27350 27541]
[27542 27674]
[27675 27771]
[27772 27812]
[27813 27875]
[27876 27984]
[27985 28068]
[28069 28136]
[28137 28246]
[28247 28333]
[28334 28370]
[28371 28429]
[28430 28471]
[28472 28757]
[28758 28831]
[28832 29010]
[29011 29081]
[29082 29199]
[29200 29272]
[29273 29360]
[29361 29386]
[29387 29405]
[29406 29458]
[29459 29751]
[29752 29849]
