[ 0 26]
[ 28 309]
[310 371]
[372 402]
[403 498]
[499 529]
[530 560]
[561 591]
[592 622]
[623 653]
[654 684]
[685 715]
[716 747]
[748 778]
[779 809]
[810 840]
[841 871]
[872 956]
[ 957 1323]
[1324 1408]
[1409 1591]
[1592 1651]
[1652 1682]
[1683 1731]
[1732 1940]
[1941 2043]
[2044 2122]
[2123 2236]
[2237 2304]
[2305 2341]
[2342 2383]
[2384 2412]
[2413 2455]
[2456 2540]
[2541 2626]
[2627 2742]
[2743 2860]
[2861 3270]
[3271 3314]
[3315 3365]
[3366 3410]
[3411 3458]
[3459 3507]
[3508 3593]
[3594 3683]
[3684 3754]
[3755 3815]
[3816 3857]
[3858 3902]
[3903 3953]
[3954 4059]
[4060 4088]
[4089 4205]
[4206 4249]
[4250 4295]
[4296 4353]
[4354 4396]
[4397 4434]
[4435 4513]
[4514 4563]
[4564 4602]
[4603 4648]
[4649 4701]
[4702 4751]
[4752 4788]
[4789 4833]
[4834 5431]
[5432 5449]
[5450 5548]
[5549 5689]
[5690 5814]
[5815 5936]
[5937 5973]
[5974 6027]
[6028 6080]
[6081 6130]
[6131 6157]
[6158 6234]
[6235 6274]
[6275 6320]
[6321 6384]
[6385 6466]
[6467 6552]
[6553 6598]
[6599 6691]
[6692 6740]
[6741 6856]
[6857 6941]
[6942 7107]
[7109 7176]
[7177 7237]
[7238 7319]
[7320 7387]
[7388 7423]
[7424 7484]
[7485 7551]
[7552 7600]
[7601 7857]
[7858 8070]
[8071 8141]
[8142 8209]
[8210 8278]
[8279 8660]
[8661 8730]
[8731 8789]
[8790 8844]
[8845 8985]
[8986 9093]
[9094 9154]
[9155 9226]
[9227 9297]
[9298 9351]
[9352 9426]
[9427 9472]
[9473 9519]
[9520 9864]
[9865 9953]
[ 9954 10042]
[10043 10203]
[10204 10330]
[10331 10541]
[10542 10736]
[10737 10958]
[10959 11061]
[11062 11176]
[11177 11325]
[11326 11445]
[11446 11563]
[11564 11664]
[11665 11728]
[11729 11801]
[11802 11841]
[11842 11896]
[11897 12324]
[12325 12415]
[12416 12486]
[12487 12543]
[12544 12600]
[12601 12742]
[12743 12916]
[12917 13027]
[13028 13091]
[13092 13135]
[13136 13240]
[13241 13461]
[13462 13504]
[13505 13533]
[13534 13559]
[13560 13597]
[13598 13657]
[13658 13697]
[13698 13744]
[13745 13780]
[13781 13820]
[13821 13939]
[13940 13975]
[13976 14011]
[14012 14047]
[14048 14082]
[14083 14119]
[14120 14155]
[14156 14191]
[14192 14227]
[14228 14889]
[14890 14941]
[14942 15046]
[15047 15185]
[15186 15305]
[15306 15416]
[15417 15489]
[15490 15524]
[15525 15662]
[15663 15727]
[15728 15793]
[15794 15867]
[15868 16040]
[16041 16152]
[16153 16272]
[16273 16851]
[16852 16907]
[16908 16944]
[16945 16982]
[16983 17019]
[17020 17056]
[17057 17090]
[17091 17122]
[17123 17147]
[17148 17396]
[17397 17432]
[17433 17477]
[17478 17588]
[17589 17619]
[17620 17695]
[17696 17733]
[17734 17773]
[17774 17872]
[17873 17935]
[17936 18354]
[18355 18442]
[18443 18604]
[18605 18745]
[18746 18800]
[18801 18894]
[18895 19279]
[19280 19355]
[19356 19413]
[19414 19481]
[19482 19520]
[19521 19566]
[19567 19906]
[19907 19964]
[19965 20040]
[20041 20122]
[20123 20331]
[20332 20381]
[20382 20437]
[20438 20488]
[20489 20552]
[20553 20702]
[20703 20820]
[20821 20876]
[20877 20985]
[20986 21063]
[21064 21092]
[21093 21149]
[21150 21608]
[21609 21668]
[21669 21730]
[21731 21861]
[21862 22121]
[22122 22206]
[22207 22256]
[22257 22373]
[22374 22493]
[22494 22635]
[22636 22775]
[22776 22834]
[22835 23310]
[23311 23416]
[23417 23481]
[23482 23538]
[23539 23590]
[23591 23769]
[23770 23793]
[23794 23846]
[23847 23927]
[23928 23968]
[23969 24023]
[24024 24143]
[24144 24234]
[24235 24324]
[24325 24383]
[24384 24434]
[24435 24508]
[24509 24626]
[24627 24837]
[24838 24938]
[24939 25069]
[25070 25128]
[25129 25287]
[25288 25338]
[25339 25469]
[25470 25546]
[25547 25589]
[25590 25668]
[25669 25826]
[25827 25923]
[25924 26008]
[26009 26100]
[26101 26247]
[26248 26356]
[26357 26523]
[26524 26599]
[26600 26641]
[26642 26878]
[26879 27001]
[27002 27070]
[27071 27127]
[27128 27188]
[27189 27245]
[27246 27299]
[27300 27358]
[27359 27424]
[27425 27506]
[27507 27594]
[27595 27634]
[27635 27685]
[27686 28062]
[28063 28248]
[28249 28306]
[28307 28352]
[28353 28396]
[28397 28442]
[28443 28469]
[28470 28516]
[28517 28616]
[28617 28694]
[28695 28743]
[28744 28782]
[28783 28840]
[28841 29070]
[29071 29152]
[29153 29252]
[29253 29307]
[29308 29360]
[29361 29459]
[29460 29514]
[29515 29558]
[29559 29636]
[29637 29713]
[29714 29760]
[29761 29888]
[29889 30160]
[30161 30263]
[30264 30366]
[30367 30476]
[30477 30598]
[30599 30740]
[30741 31188]
[31189 31299]
