[ 0 37]
[ 38 337]
[338 391]
[392 425]
[426 453]
[454 482]
[483 518]
[519 557]
[558 590]
[591 641]
[642 689]
[ 690 1079]
[1080 1132]
[1133 1161]
[1162 1222]
[1223 1294]
[1295 1361]
[1362 1426]
[1427 1465]
[1466 1519]
[1520 1567]
[1568 1623]
[1624 1672]
[1673 1708]
[1709 1756]
[1757 1819]
[1820 2692]
[2693 2714]
[2715 2735]
[2736 2757]
[2758 2781]
[2782 2825]
[2826 2858]
[2859 2900]
[2901 2935]
[2936 2962]
[2963 3119]
[3120 3251]
[3252 3315]
[3316 3365]
[3366 3401]
[3402 3435]
[3436 3482]
[3483 3539]
[3540 3584]
[3585 3608]
[3609 3655]
[3656 3919]
[3920 3952]
[3953 3988]
[3989 4022]
[4023 4124]
[4125 4214]
[4215 4738]
[4739 4798]
[4799 4840]
[4841 4868]
[4869 4913]
[4914 4957]
[4958 5002]
[5003 5016]
[5017 5043]
[5044 5121]
[5122 5197]
[5198 5224]
[5225 5285]
[5286 5443]
[5444 5589]
[5590 5720]
[5721 5842]
[5843 5934]
[5935 6023]
[6024 6263]
[6264 6744]
[6745 6815]
[6816 6861]
[6862 6939]
[6940 6977]
[6978 7015]
[7016 7064]
[7065 7091]
[7092 7130]
[7131 7180]
[7181 7230]
[7231 7302]
[7303 7333]
[7334 7375]
[7376 7437]
[7438 7546]
[7547 7608]
[7609 7663]
[7664 7708]
[7709 7741]
[7742 7799]
[7800 8147]
[8148 9110]
[9111 9195]
[9196 9289]
[9290 9383]
[9384 9807]
[9809 9872]
[9873 9924]
[9925 9990]
[ 9991 10027]
[10028 10056]
[10057 10120]
[10121 10184]
[10185 10239]
[10240 10292]
[10293 10361]
[10362 10443]
[10444 10515]
[10516 10557]
[10558 10590]
[10591 10623]
[10624 10662]
[10663 10695]
[10696 10768]
[10769 10816]
[10817 10848]
[10849 10878]
[10879 10963]
[10964 11361]
[11362 11521]
[11522 11622]
[11623 11749]
[11750 11857]
[11858 11977]
[11978 12079]
[12080 12150]
[12151 12208]
[12209 12342]
[12343 12466]
[12467 12572]
[12573 12666]
[12667 13032]
[13033 13119]
[13120 13204]
[13205 13271]
[13272 13462]
[13463 13536]
[13537 13643]
[13644 13703]
[13704 13790]
[13791 14084]
[14085 14157]
[14158 14234]
[14235 14840]
[14841 14944]
[14945 15012]
[15013 15086]
[15087 15120]
[15121 15188]
[15189 15298]
[15299 15356]
[15357 15611]
[15612 15702]
[15703 15769]
[15770 16021]
[16022 16080]
[16081 16109]
[16110 16163]
[16164 16249]
[16250 16304]
[16305 16362]
[16363 16695]
[16696 16812]
[16813 16867]
[16868 16983]
[16984 17065]
[17066 17190]
[17191 17347]
[17348 17464]
[17465 17598]
[17599 17724]
[17725 17816]
[17817 17909]
[17910 18049]
[18050 18089]
[18090 18134]
[18135 18213]
[18214 18300]
[18301 18341]
[18342 18431]
[18432 18518]
[18519 18573]
[18574 18609]
[18610 18674]
[18675 18885]
[18886 18967]
[18968 19059]
[19060 19128]
[19129 19196]
[19197 19365]
[19366 19418]
[19419 19556]
[19557 19685]
[19686 19738]
[19739 19837]
[19838 19897]
[19898 19975]
[19976 20053]
[20054 20098]
[20099 20156]
[20157 20169]
[20170 20209]
[20210 20257]
[20258 20309]
[20310 20347]
[20348 20380]
[20381 20411]
[20412 20437]
[20438 20450]
[20451 20489]
[20490 20539]
[20540 20582]
[20583 20686]
[20687 21589]
[21590 21615]
[21616 21696]
[21697 21827]
[21828 21911]
[21912 22106]
[22107 22234]
[22235 22449]
[22450 22597]
[22598 22798]
[22799 23107]
[23108 23375]
[23376 23459]
[23460 23507]
[23508 23574]
[23575 23728]
[23729 23797]
[23798 23844]
[23845 23932]
[23933 23985]
[23986 24067]
[24068 24150]
[24151 24233]
[24234 24316]
[24317 24506]
[24507 24567]
[24568 24641]
[24642 24733]
[24734 24849]
[24850 24917]
[24918 24974]
[24975 25074]
[25075 25188]
[25189 25250]
[25251 25324]
[25325 25391]
[25392 25440]
[25441 25695]
[25696 25745]
[25746 25819]
[25820 25891]
[25892 25982]
[25983 26021]
[26022 26074]
[26075 26229]
[26230 26372]
[26373 26480]
[26481 26586]
[26587 26633]
[26634 26694]
[26695 26968]
[26969 27176]
[27177 27325]
[27326 27450]
[27451 27558]
[27559 27658]
[27659 27759]
[27760 27867]
[27868 27962]
[27963 28066]
[28067 28659]
[28660 28735]
[28736 28795]
[28796 28863]
[28864 28954]
[28955 29029]
[29030 29087]
[29088 29157]
[29158 29262]
[29263 29363]
[29364 29433]
[29434 29534]
[29535 29592]
[29593 29661]
[29662 29723]
[29724 29775]
[29776 29834]
[29835 30265]
[30267 30408]
[30409 30600]
[30601 30777]
[30778 30914]
[30915 31074]
[31075 31525]
[31526 31599]
