[ 0 27]
[ 28 450]
[451 508]
[509 535]
[536 561]
[562 587]
[588 611]
[612 635]
[636 664]
[665 689]
[690 716]
[717 738]
[739 759]
[760 816]
[817 884]
[885 939]
[940 975]
[ 976 1001]
[1002 1089]
[1090 1613]
[1614 1682]
[1683 1754]
[1755 1838]
[1839 1900]
[1901 1956]
[1957 2012]
[2013 2073]
[2074 2131]
[2132 2189]
[2190 2226]
[2227 2259]
[2260 2320]
[2321 2367]
[2368 2465]
[2466 2495]
[2496 3006]
[3007 3045]
[3046 3084]
[3085 3144]
[3145 3199]
[3200 3249]
[3250 3301]
[3302 3333]
[3334 3360]
[3361 3403]
[3404 3443]
[3444 3492]
[3493 3604]
[3605 3672]
[3673 3723]
[3724 3751]
[3752 3782]
[3783 3817]
[3818 3856]
[3857 3897]
[3898 3949]
[3950 3980]
[3981 4039]
[4040 4521]
[4522 4579]
[4580 4623]
[4624 4671]
[4672 4739]
[4740 4785]
[4786 4908]
[4909 4978]
[4979 5069]
[5070 5151]
[5152 5236]
[5237 5289]
[5290 5436]
[5437 5536]
[5537 5560]
[5561 5639]
[5640 5686]
[5687 5908]
[5909 5961]
[5962 6013]
[6014 6076]
[6077 6138]
[6139 6458]
[6459 6517]
[6518 6559]
[6560 6599]
[6600 6649]
[6650 6687]
[6688 6722]
[6723 6757]
[6758 6786]
[6787 6815]
[6816 6855]
[6856 6887]
[6888 6930]
[6931 7021]
[7022 7069]
[7070 7153]
[7154 7460]
[7461 7500]
[7501 7563]
[7564 7641]
[7642 7754]
[7755 7871]
[7872 7922]
[7923 7975]
[7976 8030]
[8031 8960]
[8961 9051]
[9052 9141]
[9142 9213]
[9214 9291]
[9292 9359]
[9360 9412]
[9413 9439]
[9440 9506]
[9507 9591]
[9592 9673]
[9674 9744]
[9745 9800]
[ 9801 10298]
[10299 10359]
[10360 10448]
[10449 10508]
[10509 10539]
[10540 10577]
[10578 10616]
[10617 10753]
[10754 10797]
[10798 10851]
[10852 11027]
[11028 11211]
[11212 11271]
[11272 11313]
[11314 11371]
[11372 11439]
[11440 11492]
[11493 11636]
[11637 11679]
[11680 11703]
[11704 11760]
[11761 11786]
[11787 11816]
[11817 11878]
[11879 11916]
[11917 11945]
[11946 11982]
[11983 12073]
[12074 12517]
[12518 12664]
[12665 12918]
[12919 13166]
[13167 13242]
[13243 13291]
[13292 13344]
[13345 13464]
[13465 13554]
[13555 13589]
[13590 13648]
[13649 13702]
[13703 13838]
[13839 13881]
[13882 13955]
[13956 14278]
[14279 14344]
[14345 14401]
[14402 14470]
[14471 14528]
[14529 14574]
[14575 14628]
[14629 14676]
[14677 14767]
[14768 14817]
[14818 14867]
[14868 14909]
[14910 14934]
[14935 15033]
[15034 15065]
[15066 15181]
[15182 15220]
[15221 15280]
[15281 15336]
[15337 15429]
[15430 15903]
[15904 16004]
[16005 16097]
[16098 16158]
[16159 16225]
[16226 16317]
[16318 16409]
[16410 16736]
[16738 16848]
[16849 16917]
[16918 17036]
[17037 17165]
[17166 17567]
[17568 17675]
[17676 17786]
[17787 17876]
[17877 17923]
[17924 17964]
[17965 18012]
[18013 18081]
[18082 18182]
[18183 18376]
[18378 18490]
[18491 18566]
[18567 18646]
[18647 18759]
[18760 18856]
[18857 18960]
[18961 19060]
[19061 19157]
[19158 19351]
[19352 19508]
[19509 19744]
[19745 19801]
[19802 19842]
[19843 19874]
[19875 19900]
[19901 19924]
[19925 19972]
[19973 20009]
[20010 20047]
[20048 20082]
[20083 20186]
[20187 20695]
[20696 20762]
[20763 20833]
[20834 20927]
[20928 21030]
[21031 21080]
[21081 21134]
[21135 21192]
[21193 21300]
[21301 21356]
[21357 21447]
[21448 21506]
[21507 21566]
[21567 21614]
[21615 21660]
[21661 21710]
[21711 21738]
[21739 21761]
[21762 21793]
[21794 21814]
[21815 21861]
[21862 21883]
[21884 21915]
[21916 21965]
[21966 21994]
[21995 22044]
[22045 22535]
[22536 22597]
[22598 22660]
[22661 22725]
[22726 22799]
[22800 22868]
[22869 22996]
[22997 23105]
[23106 23398]
[23399 23810]
[23811 23879]
[23880 23942]
[23943 24011]
[24012 24067]
[24068 24139]
[24140 24307]
[24308 24351]
[24352 24427]
[24428 24475]
[24476 24558]
[24559 24601]
[24602 24653]
[24654 24699]
[24700 24753]
[24754 25061]
[25062 25152]
[25153 25199]
[25200 25284]
[25285 25896]
[25897 26398]
[26399 26475]
[26476 26534]
[26535 26597]
[26598 26654]
[26655 26716]
[26717 26770]
[26771 26815]
[26816 26943]
[26944 26993]
[26994 27084]
[27085 27162]
[27163 27216]
[27217 27235]
[27236 27318]
[27319 27419]
[27420 27486]
[27487 27541]
[27542 27596]
[27597 27651]
[27652 27871]
[27872 28150]
[28151 28413]
[28414 28526]
[28527 28717]
[28718 28916]
[28917 29013]
[29014 29079]
[29080 29198]
[29199 29327]
[29328 29358]
[29359 29436]
[29437 29557]
[29558 29614]
[29615 30170]
[30171 30210]
[30211 30243]
[30244 30271]
[30272 30302]
[30303 30344]
[30345 30399]
[30400 30453]
[30454 30494]
[30495 30516]
[30517 30560]
[30561 30593]
[30594 30646]
[30647 30684]
[30685 30723]
[30724 30765]
[30766 30807]
[30808 30894]
[30895 30977]
[30978 31032]
[31033 31102]
[31103 31167]
[31168 31219]
[31220 31268]
[31269 31314]
[31315 31345]
[31346 31371]
[31372 31399]
[31400 31444]
[31445 31475]
[31476 31509]
[31510 31535]
[31536 32110]
[32111 32214]
[32215 32276]
[32277 32330]
[32331 32403]
[32404 32459]
[32460 32480]
[32481 32540]
[32541 32621]
[32622 32675]
[32676 32756]
[32757 32877]
[32878 32988]
[32989 33098]
[33099 33170]
[33171 33211]
[33212 33289]
[33290 33319]
[33322 33381]
[33382 33462]
[33463 33529]
[33530 33561]
[33562 34064]
[34065 34167]
[34168 34239]
[34240 34275]
[34276 34343]
[34344 34429]
[34430 34491]
[34492 34565]
[34566 34600]
[34601 34655]
[34656 34708]
[34709 34737]
[34738 34798]
[34799 34868]
[34869 34924]
[34925 35042]
[35043 35110]
[35111 35166]
[35167 35234]
[35235 35283]
[35284 35549]
[35550 35649]
