[ 0 24]
[ 25 302]
[303 360]
[361 391]
[392 422]
[423 453]
[454 487]
[488 518]
[519 551]
[552 580]
[581 611]
[612 642]
[643 673]
[674 704]
[705 736]
[737 767]
[768 798]
[799 829]
[830 860]
[861 940]
[ 941 1395]
[1396 1488]
[1489 1540]
[1541 1594]
[1595 1648]
[1649 1697]
[1698 1752]
[1753 1804]
[1805 1882]
[1883 1997]
[1998 2060]
[2061 2160]
[2161 2217]
[2218 2263]
[2264 2351]
[2352 2413]
[2414 2490]
[2491 2584]
[2585 2638]
[2639 2684]
[2685 2735]
[2736 2785]
[2786 2830]
[2831 2875]
[2876 2907]
[2908 3167]
[3168 3246]
[3247 3282]
[3283 3337]
[3338 3385]
[3386 3453]
[3454 3493]
[3494 3712]
[3713 3768]
[3769 3815]
[3816 3877]
[3878 3939]
[3940 3991]
[3992 4045]
[4046 4105]
[4106 4151]
[4152 4218]
[4219 4287]
[4288 4362]
[4363 4434]
[4435 5073]
[5074 5140]
[5141 5274]
[5275 5359]
[5360 5416]
[5417 5476]
[5477 5555]
[5556 5609]
[5610 5712]
[5713 5810]
[5811 5918]
[5919 6211]
[6212 6291]
[6292 6370]
[6371 6404]
[6405 6447]
[6448 6479]
[6480 6519]
[6520 6560]
[6561 6606]
[6607 6644]
[6645 6677]
[6678 6891]
[6892 6926]
[6927 6957]
[6958 7030]
[7031 7084]
[7085 7149]
[7150 7211]
[7212 7264]
[7265 7314]
[7315 7339]
[7340 7377]
[7378 7401]
[7402 7443]
[7444 7495]
[7496 7536]
[7537 7819]
[7820 7863]
[7864 7888]
[7889 7915]
[7916 7942]
[7943 7967]
[7968 7987]
[7988 8014]
[8015 8047]
[8048 8076]
[8077 8110]
[8111 8140]
[8141 8171]
[8172 8208]
[8209 8234]
[8235 8262]
[8263 8330]
[8331 8423]
[8424 8504]
[8505 8599]
[8600 8638]
[8639 8707]
[8708 8770]
[8771 8815]
[8816 8847]
[8848 8874]
[8875 8923]
[8924 9089]
[9090 9346]
[9347 9492]
[9493 9538]
[9539 9594]
[9595 9682]
[9683 9734]
[9735 9802]
[9803 9904]
[9905 9934]
[9935 9964]
[ 9965 10012]
[10013 10051]
[10052 10091]
[10092 10122]
[10123 10258]
[10259 10294]
[10295 10330]
[10331 10366]
[10367 10402]
[10403 10438]
[10439 10474]
[10475 10510]
[10511 10546]
[10547 10582]
[10583 10618]
[10619 10701]
[10702 10846]
[10847 10974]
[10975 11069]
[11070 11088]
[11089 11121]
[11122 11210]
[11211 11276]
[11277 11357]
[11358 11402]
[11403 11488]
[11489 11527]
[11528 11585]
[11586 11657]
[11658 11726]
[11727 11794]
[11795 11871]
[11872 11932]
[11933 12006]
[12007 12044]
[12045 12081]
[12082 12159]
[12160 12227]
[12228 12295]
[12296 12352]
[12353 12427]
[12428 12475]
[12476 12970]
[12971 13074]
[13075 13174]
[13175 13274]
[13275 13374]
[13375 13474]
[13475 13541]
[13542 13619]
[13620 13670]
[13671 13721]
[13722 13782]
[13783 13848]
[13849 13930]
[13931 13990]
[13991 14058]
[14059 14150]
[14151 14236]
[14237 14280]
[14281 14327]
[14328 14346]
[14347 14680]
[14681 14821]
[14822 14933]
[14934 15018]
[15019 15080]
[15081 15176]
[15177 15243]
[15244 15316]
[15317 15422]
[15423 15494]
[15495 15572]
[15573 15674]
[15675 15751]
[15752 15861]
[15862 15967]
[15968 16283]
[16284 16388]
[16389 16516]
[16517 16594]
[16595 16674]
[16675 16802]
[16803 16964]
[16965 17014]
[17015 17050]
[17051 17093]
[17094 17126]
[17127 17146]
[17147 17170]
[17171 17215]
[17216 17249]
[17250 17311]
[17312 17386]
[17387 17447]
[17448 17532]
[17533 17582]
[17583 17617]
[17618 17658]
[17659 17715]
[17716 17771]
[17772 17821]
[17822 17928]
[17929 18232]
[18233 18399]
[18400 18448]
[18449 18515]
[18516 18726]
[18727 18823]
[18824 18915]
[18916 19075]
[19076 19115]
[19116 19298]
[19299 19370]
[19371 19430]
[19431 19582]
[19583 19640]
[19642 19836]
[19837 20030]
[20031 20104]
[20105 20237]
[20238 20379]
[20380 20433]
[20434 20490]
[20491 20583]
[20584 20642]
[20643 20769]
[20770 20825]
[20826 20913]
[20914 20968]
[20969 21061]
[21062 21113]
[21114 21163]
[21164 21212]
[21213 21272]
[21273 21334]
[21335 21391]
[21392 21427]
[21428 21463]
[21464 21499]
[21500 21535]
[21536 21571]
[21572 21607]
[21608 21643]
[21644 21679]
[21680 21715]
[21716 21751]
[21752 21835]
[21836 22210]
[22211 22806]
[22807 23088]
[23089 23195]
[23196 23281]
[23282 23383]
[23384 23479]
[23480 23550]
[23551 23675]
[23676 23715]
[23716 23776]
[23777 23841]
[23842 23898]
[23899 23952]
[23953 24011]
[24012 24047]
[24048 24089]
[24090 24145]
[24146 24195]
[24196 24242]
[24243 24474]
[24475 24594]
[24595 24723]
[24724 25118]
[25119 25285]
[25286 25379]
[25380 25777]
[25778 25840]
[25841 25900]
[25901 26009]
[26010 26047]
[26048 26086]
[26087 26131]
[26132 26181]
[26182 26231]
[26232 26282]
[26283 26320]
[26321 26365]
[26366 26428]
[26430 26929]
[26930 27008]
[27009 27052]
[27053 27119]
[27120 27205]
[27206 27446]
[27448 27720]
[27721 27772]
[27773 27832]
[27833 27884]
[27885 27933]
[27934 28072]
[28073 28135]
[28136 28181]
[28182 28232]
[28233 28294]
[28295 28391]
[28392 28776]
[28777 29062]
[29063 29135]
[29136 29195]
[29196 29257]
[29258 29304]
[29305 29434]
[29435 29519]
[29520 29896]
[29897 30333]
[30334 30399]
[30400 30460]
[30461 30502]
[30503 30569]
[30570 30630]
[30631 30678]
[30679 30728]
[30729 30778]
[30779 30838]
[30839 30897]
[30898 30951]
[30952 30992]
[30993 31037]
[31038 31084]
[31085 31131]
[31132 31173]
[31174 31210]
[31211 31249]
[31250 31304]
[31305 31630]
[31631 31791]
[31792 32020]
[32021 32284]
[32285 32429]
[32430 32606]
[32607 32697]
[32698 32788]
[32789 32874]
[32875 33010]
[33011 33048]
[33049 33090]
[33091 33216]
[33217 33473]
[33474 33524]
[33525 33537]
[33538 33564]
[33565 33602]
[33603 33652]
[33653 33710]
[33711 33798]
[33799 33881]
[33882 33946]
[33947 34011]
[34012 34095]
[34096 34157]
[34158 34245]
[34246 34316]
[34317 34382]
[34383 34419]
[34420 34472]
[34473 34518]
[34519 34897]
[34898 34999]
