[ 0 29]
[30 81]
[ 82 181]
[182 306]
[307 343]
[344 402]
[403 442]
[443 523]
[524 539]
[540 668]
[669 747]
[748 802]
[ 803 1253]
[1254 1288]
[1289 1388]
[1389 1442]
[1443 1461]
[1462 1503]
[1504 1525]
[1526 1557]
[1558 1576]
[1577 1598]
[1599 1618]
[1619 1646]
[1647 1679]
[1680 1713]
[1714 1774]
[1775 2275]
[2276 2789]
[2790 3421]
[3422 3789]
[3790 3920]
[3921 4258]
[4259 4310]
[4311 4369]
[4370 4421]
[4422 4423]
[4424 4529]
[4530 4577]
[4578 4692]
[4693 4729]
[4730 4794]
[4795 4926]
[4927 5042]
[5043 5124]
[5125 5178]
[5179 5218]
[5219 5257]
[5258 5416]
[5417 5467]
[5468 5562]
[5563 5603]
[5604 5632]
[5633 5711]
[5712 5806]
[5807 6332]
[6333 6438]
[6439 6845]
[6846 6998]
[6999 7079]
[7080 7193]
[7194 7286]
[7287 7445]
[7446 7527]
[7528 7585]
[7586 7649]
[7650 7701]
[7702 7741]
[7742 7786]
[7787 7832]
[7833 7879]
[7880 7928]
[7930 7978]
[7979 8047]
[8048 8086]
[8087 8126]
[8127 8188]
[8189 8230]
[8231 8294]
[8295 8365]
[8366 8506]
[8507 8717]
[8718 8848]
[8849 8942]
[8943 9014]
[9015 9110]
[9111 9201]
[9202 9298]
[9299 9626]
[9627 9750]
[ 9751 10187]
[10188 10469]
[10470 10583]
[10584 10685]
[10686 10785]
[10786 10858]
[10859 10964]
[10965 11044]
[11045 11159]
[11160 11990]
[11991 12336]
[12337 12371]
[12372 12405]
[12406 12437]
[12438 12471]
[12472 12497]
[12498 12559]
[12560 12614]
[12615 12679]
[12680 12749]
[12750 12823]
[12824 12864]
[12865 12909]
[12910 12973]
[12974 13030]
[13031 13071]
[13072 13150]
[13151 13208]
[13209 13681]
[13682 13786]
[13787 13913]
[13914 14003]
[14004 14104]
[14105 14134]
[14135 14571]
[14572 14630]
[14631 14679]
[14680 14793]
[14794 14921]
[14922 15201]
[15202 15305]
[15306 15431]
[15432 15604]
[15605 15809]
[15810 15954]
[15955 16167]
[16168 16293]
[16294 16401]
[16402 16501]
[16502 16900]
[16901 17003]
[17004 17092]
[17093 17165]
[17166 17246]
[17247 17341]
[17342 17425]
[17426 17495]
[17496 17561]
[17562 17773]
[17774 18040]
[18041 18213]
[18214 18317]
[18318 18451]
[18452 18497]
[18498 18734]
[18735 18877]
[18878 19340]
[19341 19465]
[19466 19590]
[19591 19663]
[19664 19709]
[19710 19784]
[19785 19876]
[19877 19910]
[19911 20038]
[20039 20163]
[20164 20615]
[20616 20715]
[20716 20760]
[20761 20821]
[20822 20882]
[20883 20949]
[20950 21006]
[21007 21075]
[21076 21149]
[21150 21252]
[21253 21879]
[21880 21944]
[21945 22012]
[22013 22078]
[22079 22163]
[22164 22290]
[22291 22361]
[22362 22447]
[22448 22530]
[22531 22555]
[22556 22625]
[22626 22723]
[22724 22809]
[22810 22928]
[22929 23007]
[23008 23727]
[23728 23818]
[23819 23899]
[23900 24011]
[24012 24122]
[24123 24259]
[24260 24358]
[24359 24426]
[24427 24493]
[24494 24588]
[24589 24681]
[24682 25259]
[25260 25731]
[25732 25849]
