[ 0 27]
[28 77]
[ 78 173]
[174 225]
[226 246]
[247 275]
[276 412]
[413 448]
[449 508]
[509 588]
[589 668]
[669 724]
[725 751]
[752 845]
[846 893]
[ 894 1328]
[1329 1424]
[1425 1476]
[1477 1494]
[1495 1534]
[1535 1555]
[1556 1586]
[1587 1604]
[1605 1625]
[1626 1644]
[1645 1671]
[1672 1703]
[1704 1736]
[1737 1794]
[1795 2186]
[2187 2271]
[2272 2345]
[2346 2398]
[2399 2459]
[2460 2487]
[2488 2516]
[2517 2569]
[2570 2614]
[2615 2661]
[2662 2742]
[2743 3457]
[3458 3588]
[3589 3660]
[3661 3714]
[3715 3781]
[3782 3838]
[3839 3884]
[3885 3963]
[3964 4043]
[4044 4098]
[4099 4167]
[4168 4225]
[4226 4274]
[4275 4325]
[4326 4378]
[4379 4414]
[4415 4459]
[4460 4496]
[4497 4566]
[4567 4713]
[4714 4787]
[4788 4820]
[4821 4920]
[4921 5014]
[5015 5128]
[5129 5231]
[5232 5304]
[5305 5497]
[5498 5595]
[5596 5692]
[5693 5787]
[5788 5882]
[5883 5970]
[5971 6060]
[6061 6184]
[6185 6239]
[6240 6288]
[6289 6348]
[6349 6403]
[6404 6458]
[6459 6490]
[6491 6525]
[6526 6558]
[6559 6875]
[6876 7001]
[7002 7076]
[7077 7164]
[7165 7206]
[7207 7287]
[7288 7344]
[7345 7401]
[7402 7465]
[7466 7537]
[7538 7756]
[7757 7989]
[7990 8083]
[8084 8144]
[8145 8200]
[8201 8623]
[8624 8806]
[8807 8867]
[8868 8953]
[8954 9088]
[9089 9157]
[9158 9280]
[9281 9369]
[9370 9444]
[9445 9558]
[9559 9686]
[9687 9840]
[9841 9930]
[9931 9983]
[ 9984 10334]
[10335 10594]
[10595 10738]
[10739 10818]
[10819 10938]
[10939 11057]
[11058 11152]
[11153 11248]
[11249 11639]
[11640 11792]
[11793 11915]
[11916 12054]
[12055 12170]
[12171 12244]
[12245 12335]
[12336 12410]
[12411 12473]
[12474 12570]
[12571 12803]
[12804 12868]
[12869 12939]
[12940 13005]
[13006 13068]
[13069 13168]
[13169 13256]
[13257 13368]
[13369 13461]
[13462 13477]
[13478 13576]
[13577 13668]
[13669 13763]
[13764 13867]
[13868 13950]
[13951 14122]
[14123 14212]
[14213 14310]
[14311 14416]
[14417 14515]
[14516 14610]
[14611 14707]
[14708 14804]
[14805 14852]
[14853 14921]
[14922 14965]
[14966 15037]
[15038 15126]
[15127 15158]
[15159 15281]
[15282 15401]
[15402 16287]
[16288 16318]
[16319 16465]
[16466 16605]
[16606 16744]
[16745 16890]
[16891 17524]
[17525 17613]
[17614 17717]
[17718 17830]
[17831 17948]
[17949 18046]
[18047 18131]
[18132 18243]
[18244 18380]
[18381 18485]
[18486 18599]
[18600 18666]
[18667 18740]
[18741 18820]
[18821 19161]
[19162 19718]
[19719 19820]
[19821 19927]
[19928 20056]
[20057 20179]
[20180 20311]
[20312 20478]
[20479 20568]
[20569 21088]
[21089 21549]
