[ 0 31]
[32 83]
[ 84 183]
[184 237]
[238 289]
[290 397]
[398 449]
[450 566]
[567 615]
[616 669]
[670 725]
[726 775]
[776 831]
[832 886]
[887 938]
[939 994]
[ 995 1049]
[1050 1099]
[1100 1150]
[1151 1204]
[1205 1649]
[1650 1703]
[1704 1722]
[1723 1764]
[1765 1786]
[1787 1818]
[1819 1837]
[1838 1859]
[1860 1879]
[1880 1907]
[1908 1940]
[1941 1974]
[1975 2012]
[2013 2112]
[2113 2408]
[2409 2458]
[2459 2575]
[2576 2647]
[2648 2708]
[2709 2790]
[2791 2880]
[2881 2948]
[2949 3025]
[3026 3085]
[3086 3140]
[3141 3235]
[3237 3315]
[3316 3583]
[3584 3637]
[3638 3705]
[3706 3781]
[3782 3855]
[3856 3916]
[3917 3970]
[3971 4013]
[4014 4334]
[4335 4648]
[4649 4814]
[4815 4860]
[4861 4944]
[4945 5115]
[5116 5179]
[5180 5242]
[5243 5303]
[5304 5429]
[5430 5495]
[5496 5612]
[5613 5671]
[5672 5731]
[5732 5803]
[5804 6188]
[6189 6268]
[6269 6347]
[6348 6423]
[6424 6501]
[6502 6611]
[6612 6701]
[6702 6789]
[6790 6883]
[6884 6969]
[6970 7069]
[7070 7156]
[7157 7256]
[7257 7514]
[7515 7624]
[7625 8752]
[8753 8877]
[8878 9002]
[9003 9397]
[9398 9485]
[9486 9767]
[9768 9845]
[9846 9923]
[ 9924 10001]
[10002 10063]
[10064 10265]
[10266 10578]
[10579 10643]
[10644 10697]
[10698 10780]
[10781 11030]
[11031 11139]
[11140 11219]
[11220 11714]
[11715 11768]
[11769 11823]
[11824 11917]
[11918 12004]
[12005 12078]
[12079 12119]
[12120 12165]
[12166 12240]
[12241 12332]
[12334 12366]
[12367 12494]
[12495 12619]
[12620 12787]
[12788 13286]
[13287 13414]
[13415 13545]
[13546 13605]
[13606 13694]
[13695 13766]
[13767 13873]
[13874 14148]
[14149 14278]
[14279 14534]
[14535 14635]
[14636 14798]
[14799 14920]
[14921 15235]
[15236 15310]
[15311 15354]
[15355 15411]
[15412 15463]
[15464 15490]
[15491 15698]
[15699 15852]
[15853 16020]
[16021 16149]
[16150 16401]
[16402 16616]
[16617 16676]
[16677 16772]
[16773 16799]
