[ 0 29]
[30 81]
[ 82 181]
[182 236]
[237 339]
[340 429]
[430 469]
[470 519]
[520 553]
[554 589]
[590 597]
[598 637]
[638 686]
[687 751]
[752 817]
[ 818 1268]
[1269 1354]
[1355 1408]
[1409 1427]
[1428 1469]
[1470 1491]
[1492 1523]
[1524 1542]
[1543 1564]
[1565 1584]
[1585 1612]
[1613 1645]
[1646 1679]
[1680 1717]
[1718 2111]
[2112 2231]
[2232 2315]
[2316 2410]
[2411 2510]
[2511 2595]
[2596 2666]
[2667 2785]
[2786 2913]
[2914 3066]
[3067 3088]
[3089 3144]
[3145 3541]
[3542 3604]
[3605 3661]
[3662 3691]
[3692 3717]
[3718 4091]
[4092 4346]
[4347 4750]
[4751 4859]
[4860 4918]
[4919 4955]
[4956 5003]
[5004 5049]
[5050 5105]
[5106 5155]
[5156 5214]
[5215 5312]
[5313 5369]
[5370 5434]
[5435 5477]
[5478 5526]
[5527 5586]
[5587 5647]
[5648 5699]
[5700 5785]
[5786 6114]
[6115 6263]
[6264 6615]
[6616 6786]
[6787 6958]
[6959 7116]
[7117 7248]
[7249 7480]
[7481 7775]
[7776 7852]
[7853 7893]
[7894 7924]
[7925 7963]
[7964 8003]
[8004 8058]
[8059 8102]
[8103 8153]
[8154 8195]
[8196 8232]
[8233 8280]
[8281 8339]
[8340 8376]
[8377 8423]
[8424 8462]
[8463 8734]
[8735 8788]
[8789 8847]
[8848 8906]
[8907 8943]
[8944 9000]
[9001 9058]
[9059 9283]
[9284 9311]
[9312 9347]
[9348 9385]
[9386 9419]
[9420 9461]
[9462 9505]
[9506 9549]
[9550 9602]
[9603 9642]
[9643 9688]
[9689 9734]
[9735 9802]
[9803 9859]
[ 9860 10142]
[10143 10185]
[10186 10219]
[10220 10270]
[10271 10320]
[10321 10385]
[10386 10436]
[10437 10482]
[10483 10622]
[10623 10797]
[10798 10873]
[10874 10939]
[10940 11018]
[11019 11231]
[11232 11354]
[11355 11394]
[11395 11439]
[11440 11480]
[11481 11518]
[11519 11563]
[11564 11604]
[11605 11639]
[11640 11685]
[11686 11771]
[11772 11832]
[11833 11894]
[11895 11947]
[11948 12037]
[12038 12100]
[12101 12137]
[12138 12189]
[12190 12236]
[12237 12325]
[12326 12411]
[12412 12658]
[12659 13228]
[13229 13451]
[13452 13713]
[13714 13917]
[13918 14002]
[14003 14074]
[14075 14171]
[14172 14219]
[14220 14303]
[14304 14340]
[14341 14389]
[14390 14451]
[14452 14537]
[14538 14597]
[14598 14922]
[14923 15188]
[15189 15892]
[15893 15922]
[15923 16052]
[16053 16189]
[16190 16208]
[16209 16250]
[16251 16272]
[16273 16304]
[16305 16323]
[16324 16345]
[16346 16364]
[16366 16393]
[16394 16426]
[16427 16460]
[16461 16498]
[16499 16584]
[16585 17032]
[17033 17117]
[17118 17236]
[17237 17456]
[17457 17547]
[17548 17640]
[17641 17700]
[17701 17772]
[17773 17831]
[17832 17905]
[17906 17977]
[17978 18046]
[18047 18154]
[18155 18271]
[18272 18585]
[18586 18939]
[18940 19374]
[19375 19574]
[19575 19871]
[19872 20073]
[20074 20215]
[20216 20283]
[20284 20360]
[20361 20411]
[20412 20477]
[20478 20541]
[20542 20952]
[20953 21042]
[21043 21131]
[21132 21222]
[21223 21353]
[21354 21579]
[21580 21680]
[21681 21762]
[21763 21837]
[21838 21922]
[21923 21986]
[21987 22041]
[22042 22338]
[22339 22429]
[22430 22505]
[22506 22582]
[22583 22693]
[22694 22796]
[22797 22868]
[22869 22951]
[22952 23123]
[23124 23237]
[23238 23348]
[23349 23498]
[23499 23622]
[23623 24323]
[24324 24796]
[24797 24899]
