[ 0 29]
[30 81]
[ 82 181]
[182 296]
[297 366]
[367 526]
[527 622]
[623 865]
[866 923]
[924 991]
[ 992 1015]
[1016 1483]
[1484 1583]
[1584 1637]
[1638 1656]
[1657 1698]
[1699 1720]
[1721 1752]
[1753 1771]
[1772 1793]
[1794 1812]
[1813 1841]
[1842 1874]
[1875 1908]
[1909 1969]
[1970 2357]
[2358 2472]
[2473 2586]
[2587 2673]
[2674 2732]
[2733 2827]
[2828 2886]
[2887 2959]
[2960 3008]
[3009 3073]
[3074 3124]
[3125 3186]
[3187 3243]
[3244 3317]
[3318 3370]
[3371 3418]
[3419 3480]
[3481 4237]
[4238 4323]
[4324 4451]
[4452 4535]
[4536 4605]
[4606 4675]
[4676 4748]
[4749 4817]
[4818 4893]
[4894 4958]
[4959 5409]
[5410 5687]
[5688 5992]
[5993 6079]
[6080 6513]
[6514 6665]
[6666 6806]
[6807 6930]
[6931 7051]
[7052 7176]
[7177 7307]
[7308 7383]
[7384 7651]
[7652 7824]
[7825 8047]
[8048 8127]
[8128 8195]
[8196 8310]
[8311 8348]
[8349 8455]
[8456 8548]
[8549 8599]
[8600 8647]
[8648 8703]
[8704 8761]
[8762 8980]
[8981 9048]
[9049 9151]
[9152 9254]
[9255 9337]
[9338 9447]
[9448 9547]
[9548 9807]
[9808 9885]
[9886 9978]
[ 9979 10091]
[10092 10302]
[10303 10488]
[10489 10729]
[10730 10823]
[10824 11171]
[11172 12213]
[12214 12564]
[12565 12658]
[12659 12715]
[12716 12775]
[12776 12848]
[12849 12920]
[12921 12983]
[12984 13043]
[13044 13097]
[13098 13169]
[13170 13271]
[13272 13305]
[13306 13426]
[13427 13501]
[13502 13673]
[13674 13698]
[13699 13743]
[13744 13796]
[13797 13823]
[13824 13869]
[13870 13944]
[13945 13953]
[13954 14036]
[14037 14070]
[14071 14198]
[14199 14323]
[14324 14892]
[14893 14984]
[14985 15019]
[15020 15077]
[15078 15145]
[15146 15189]
[15190 15254]
[15255 15342]
[15343 15533]
[15534 15613]
[15614 15711]
[15712 15759]
[15760 15932]
[15933 16038]
[16039 16129]
[16130 16204]
[16205 16253]
[16254 16306]
[16307 16390]
[16391 16459]
[16460 16518]
[16519 16585]
[16586 17388]
[17389 17473]
[17474 17552]
[17553 17634]
[17635 17685]
[17686 17770]
[17771 17838]
[17839 17907]
[17908 17988]
[17989 18041]
[18042 18120]
[18121 18574]
[18575 18641]
[18642 18714]
[18715 18735]
[18736 18785]
[18786 18840]
[18841 18874]
[18875 18962]
[18963 19105]
[19106 19206]
[19207 19326]
[19327 19407]
[19408 19516]
[19517 19609]
[19610 19805]
[19806 19922]
[19923 20039]
[20040 20115]
[20116 20451]
[20452 20720]
[20721 20909]
[20910 20963]
[20964 21010]
[21011 21040]
[21041 21089]
[21090 21134]
[21135 21184]
[21185 21246]
[21247 21294]
[21295 21351]
[21352 21418]
[21419 21490]
[21491 21603]
[21604 21751]
[21752 21875]
[21876 22436]
[22437 22899]
