[ 0 29]
[30 81]
[ 82 181]
[182 217]
[218 235]
[236 287]
[288 343]
[344 395]
[396 447]
[448 505]
[506 563]
[564 613]
[614 667]
[668 723]
[724 773]
[774 829]
[830 884]
[885 934]
[935 986]
[ 987 1039]
[1040 1473]
[1474 1527]
[1528 1546]
[1547 1588]
[1589 1610]
[1611 1642]
[1643 1661]
[1662 1683]
[1684 1703]
[1704 1731]
[1732 1764]
[1765 1798]
[1799 1836]
[1837 1936]
[1937 2137]
[2138 2249]
[2250 2290]
[2291 2337]
[2338 2403]
[2404 2476]
[2477 2553]
[2554 2629]
[2630 2695]
[2696 2760]
[2761 2830]
[2831 2898]
[2899 2967]
[2968 3041]
[3042 3205]
[3206 3283]
[3284 3356]
[3357 3414]
[3415 3466]
[3467 3509]
[3510 3598]
[3599 3732]
[3733 3793]
[3794 3851]
[3852 4104]
[4105 4175]
[4176 4249]
[4250 4312]
[4313 4370]
[4371 4433]
[4434 4522]
[4523 4693]
[4694 4840]
[4841 4888]
[4889 4950]
[4951 5000]
[5001 5028]
[5029 5098]
[5099 5152]
[5153 5222]
[5223 5273]
[5274 5392]
[5393 5681]
[5682 5854]
[5855 5937]
[5938 6044]
[6045 6140]
[6141 6235]
[6236 6409]
[6410 6691]
[6692 6812]
[6813 6880]
[6881 6968]
[6969 7097]
[7098 7210]
[7211 7295]
[7296 7409]
[7410 7754]
[7755 7792]
[7793 7916]
[7917 8006]
[8007 8111]
[8112 8231]
[8232 8335]
[8336 8447]
[8448 8539]
[8540 8631]
[8632 8763]
[8764 8965]
[8966 9110]
[9111 9192]
[9193 9292]
[9293 9535]
[9536 9748]
[ 9749 10098]
[10099 10304]
[10305 10375]
[10376 10425]
[10426 10683]
[10684 10755]
[10756 10784]
[10785 10870]
[10871 10945]
[10946 11054]
[11055 11217]
[11218 11256]
[11257 11308]
[11309 11354]
[11355 11429]
[11430 11521]
[11523 11555]
[11556 11683]
[11684 11808]
[11809 12548]
[12549 12606]
[12607 12634]
[12635 12665]
[12666 12699]
[12700 12733]
[12734 12764]
[12765 12800]
[12801 12843]
[12844 12882]
[12883 12920]
[12921 12953]
[12954 12991]
[12992 13028]
[13029 13073]
[13074 13128]
[13129 13163]
[13164 13198]
[13199 13250]
[13251 13622]
[13623 13679]
[13680 13719]
[13720 13773]
[13774 13814]
[13815 13847]
[13848 13885]
[13886 13936]
[13937 14223]
[14224 14278]
[14279 14322]
[14323 14358]
[14359 14405]
[14406 14452]
[14453 14495]
[14496 14536]
[14537 14583]
[14584 14694]
[14695 14745]
[14746 14790]
[14791 14842]
[14843 14889]
[14890 14936]
[14937 15012]
[15013 15059]
[15060 15111]
[15112 15170]
[15171 15208]
[15209 15248]
[15249 15283]
[15284 15442]
[15443 15515]
[15516 15714]
[15715 15851]
[15852 16054]
[16055 16119]
[16120 16162]
[16163 16205]
[16206 16242]
[16243 16275]
[16276 16371]
[16372 16567]
[16568 16620]
[16621 16669]
[16670 16714]
[16715 16755]
[16756 16819]
[16820 16852]
[16853 16887]
[16888 16918]
[16919 16983]
[16984 17100]
[17101 17210]
[17211 17264]
[17265 17317]
[17318 17370]
[17371 17437]
[17438 17488]
[17489 17545]
[17546 17599]
[17600 17696]
[17697 17876]
[17877 18139]
[18140 18371]
[18372 18844]
[18845 18949]
