[ 0 29]
[30 81]
[ 82 181]
[182 221]
[222 247]
[248 278]
[279 339]
[340 407]
[408 431]
[432 564]
[565 645]
[646 703]
[704 754]
[755 842]
[843 907]
[ 908 1384]
[1385 1484]
[1485 1538]
[1539 1557]
[1558 1599]
[1600 1621]
[1622 1653]
[1654 1672]
[1673 1694]
[1695 1714]
[1715 1742]
[1743 1775]
[1776 1809]
[1810 1870]
[1871 2126]
[2127 2146]
[2147 2223]
[2224 2294]
[2295 2363]
[2364 2395]
[2396 2458]
[2459 2505]
[2506 2581]
[2582 2649]
[2650 2702]
[2703 2768]
[2769 2826]
[2827 2892]
[2893 2958]
[2959 3012]
[3013 3066]
[3067 3125]
[3126 3218]
[3219 3717]
[3718 3895]
[3896 3948]
[3949 4019]
[4020 4077]
[4078 4173]
[4174 4219]
[4220 4258]
[4259 4311]
[4312 4337]
[4338 4422]
[4423 4479]
[4480 4527]
[4528 4669]
[4670 4791]
[4792 4849]
[4850 5004]
[5005 5083]
[5084 5152]
[5153 5282]
[5283 5348]
[5349 5456]
[5457 5509]
[5510 5609]
[5610 5663]
[5664 6173]
[6174 6261]
[6262 6343]
[6344 6608]
[6609 6684]
[6685 6781]
[6782 6846]
[6847 6926]
[6927 6996]
[6997 7065]
[7066 7128]
[7129 7191]
[7192 7253]
[7254 7322]
[7323 7391]
[7392 7451]
[7452 7526]
[7527 7554]
[7555 7654]
[7655 7935]
[7936 8101]
[8102 8333]
[8334 8538]
[8539 8738]
[8739 9239]
[9240 9335]
[9336 9410]
[9411 9533]
[9534 9591]
[9592 9675]
[9676 9775]
[9776 9841]
[ 9842 10119]
[10120 10206]
[10207 10301]
[10302 10391]
[10392 10497]
[10498 10689]
[10690 10767]
[10768 10821]
[10822 10878]
[10879 10960]
[10961 11001]
[11002 11047]
[11048 11122]
[11123 11131]
[11132 11214]
[11215 11248]
[11249 11376]
[11377 11501]
[11502 11923]
[11924 12011]
[12012 12076]
[12077 12154]
[12155 12231]
[12232 12306]
[12307 12395]
[12396 13087]
[13088 13280]
[13281 13389]
[13390 13553]
[13554 13847]
[13848 13916]
[13917 13970]
[13971 14037]
[14038 14152]
[14153 14239]
[14240 14316]
[14317 14386]
[14387 14455]
[14456 15098]
[15099 15224]
[15225 15574]
[15575 15645]
[15646 15712]
[15713 15802]
[15803 15904]
[15905 16381]
[16382 16969]
[16970 17027]
[17028 18499]
[18500 18573]
[18574 18651]
[18652 18714]
[18715 18786]
[18787 19516]
[19517 19606]
[19607 19797]
[19798 19831]
[19832 19914]
[19915 20429]
[20430 20899]
