[ 0 29]
[30 81]
[ 82 241]
[242 305]
[306 358]
[359 414]
[415 468]
[469 520]
[521 574]
[575 628]
[629 682]
[683 736]
[737 790]
[791 844]
[845 902]
[903 950]
[ 951 1001]
[1002 1054]
[1055 1535]
[1536 1589]
[1590 1608]
[1609 1650]
[1651 1672]
[1673 1704]
[1705 1723]
[1724 1745]
[1746 1765]
[1766 1793]
[1794 1826]
[1827 1860]
[1861 1898]
[1899 1998]
[1999 2092]
[2093 2378]
[2379 2427]
[2428 2499]
[2500 2549]
[2550 2607]
[2608 2716]
[2717 3286]
[3287 3553]
[3554 4010]
[4011 4072]
[4073 4133]
[4134 4172]
[4173 4249]
[4250 4310]
[4311 4373]
[4374 4431]
[4432 4532]
[4533 4715]
[4716 4865]
[4866 4968]
[4969 5049]
[5050 5092]
[5093 5133]
[5134 5223]
[5224 5280]
[5281 5318]
[5319 5350]
[5351 5446]
[5447 5500]
[5501 5608]
[5609 5694]
[5695 6225]
[6226 6268]
[6269 6324]
[6325 6354]
[6355 6443]
[6444 6529]
[6530 6579]
[6580 6997]
[6998 7057]
[7058 7142]
[7143 7200]
[7201 7271]
[7272 7306]
[7307 7530]
[7531 8126]
[8127 8180]
[8181 8221]
[8222 8258]
[8259 8307]
[8308 8591]
[8592 9254]
[9255 9295]
[9296 9355]
[9356 9408]
[9409 9454]
[9455 9492]
[9493 9538]
[9539 9585]
[ 9586 10401]
[10402 10454]
[10455 10543]
[10544 10650]
[10651 10674]
[10675 10715]
[10716 10762]
[10763 10862]
[10863 11128]
[11129 11230]
[11231 11353]
[11354 11449]
[11450 11728]
[11729 12056]
[12057 12358]
[12359 12405]
[12406 12487]
[12488 12564]
[12565 12617]
[12618 12671]
[12672 12734]
[12735 12794]
[12795 12846]
[12847 12898]
[12899 12951]
[12952 13007]
[13008 13063]
[13064 13143]
[13144 13235]
[13236 13281]
[13282 13320]
[13321 13446]
[13447 13896]
[13897 14018]
[14019 14118]
[14119 14216]
[14217 14331]
[14332 14436]
[14437 14534]
[14535 14620]
[14621 14713]
[14714 14791]
[14792 14889]
[14890 14949]
[14950 15006]
[15007 15052]
[15053 15127]
[15128 15219]
[15220 15253]
[15254 15381]
[15382 15506]
[15507 15773]
[15774 15998]
[15999 16018]
[16019 16135]
[16136 16265]
[16266 16408]
[16409 16538]
[16539 16651]
[16652 16763]
[16764 16862]
[16863 17518]
[17519 17601]
[17602 17723]
[17724 17810]
[17811 17868]
[17869 17964]
[17965 18408]
[18409 18416]
[18417 18494]
[18495 18562]
[18563 18638]
[18639 18715]
[18716 18802]
[18803 18884]
[18885 18951]
[18952 19035]
[19036 19971]
[19972 20050]
[20051 20106]
[20107 20301]
[20302 20419]
[20420 20515]
[20516 20670]
[20671 20818]
[20819 21578]
[21579 22133]
[22134 22249]
