[ 0 29]
[30 81]
[ 82 181]
[182 235]
[236 281]
[282 309]
[310 353]
[354 383]
[384 408]
[409 443]
[444 483]
[484 521]
[522 555]
[556 609]
[610 739]
[740 778]
[ 779 1244]
[1245 1330]
[1331 1384]
[1385 1403]
[1404 1445]
[1446 1467]
[1468 1499]
[1500 1518]
[1519 1540]
[1541 1559]
[1560 1588]
[1589 1621]
[1622 1655]
[1656 1693]
[1694 2077]
[2078 2156]
[2157 2216]
[2217 2303]
[2304 2391]
[2392 2483]
[2484 2571]
[2572 2650]
[2651 2724]
[2725 2793]
[2794 2872]
[2873 2976]
[2977 3064]
[3065 3149]
[3150 3240]
[3241 3321]
[3322 3393]
[3394 3494]
[3495 3581]
[3582 3661]
[3662 3755]
[3756 3843]
[3844 3925]
[3926 4308]
[4309 4402]
[4403 4514]
[4515 4583]
[4584 4672]
[4673 4773]
[4774 4961]
[4962 5076]
[5077 5179]
[5180 5299]
[5300 5413]
[5414 5484]
[5485 6043]
[6044 6118]
[6119 6178]
[6179 6244]
[6245 6297]
[6298 6407]
[6408 6480]
[6481 6530]
[6531 6603]
[6604 6680]
[6681 6804]
[6805 7335]
[7336 7366]
[7367 7407]
[7408 7487]
[7488 7588]
[7589 7665]
[7666 7751]
[7752 7794]
[7795 7843]
[7844 8068]
[8069 8263]
[8264 8332]
[8333 8404]
[8405 8489]
[8490 8575]
[8576 8624]
[8625 8734]
[8735 8821]
[8822 8872]
[8873 8938]
[8939 9000]
[9001 9057]
[9058 9143]
[9144 9576]
[9577 9635]
[9636 9738]
[9739 9807]
[9808 9901]
[9902 9971]
[ 9972 10047]
[10048 10133]
[10134 10224]
[10225 10325]
[10326 10426]
[10427 10497]
[10498 10597]
[10598 10667]
[10668 10742]
[10743 11033]
[11034 11457]
[11458 11689]
[11690 11820]
[11822 11851]
[11852 11975]
[11976 12391]
[12392 12410]
[12411 12452]
[12453 12474]
[12475 12506]
[12507 12525]
[12526 12547]
[12548 12566]
[12567 12595]
[12596 12628]
[12629 12662]
[12663 12700]
[12701 12786]
[12787 13482]
[13483 13538]
[13539 13596]
[13597 13664]
[13665 13730]
[13731 13793]
[13794 13862]
[13863 13939]
[13940 14021]
[14022 14099]
[14100 14172]
[14173 14271]
[14272 14344]
[14345 14641]
[14642 14723]
[14724 14786]
[14787 14845]
[14846 14961]
[14962 15058]
[15059 15156]
[15157 15253]
[15254 15317]
[15318 15386]
[15387 15472]
[15473 15564]
[15565 15635]
[15636 15716]
[15717 15811]
[15812 16071]
[16072 16147]
[16148 16241]
[16242 16348]
[16349 16518]
[16519 16618]
[16619 16696]
[16697 16767]
[16768 16847]
[16848 16939]
[16940 17027]
[17028 17119]
[17120 17529]
[17530 17616]
[17617 17705]
[17706 17803]
[17804 17885]
[17886 17965]
[17966 18056]
[18057 18601]
[18602 18701]
[18702 18795]
[18796 18864]
[18865 18950]
[18951 19047]
[19048 19165]
[19166 19282]
[19283 19381]
[19382 19468]
[19469 19555]
[19556 19643]
[19644 19707]
[19708 19788]
[19789 20122]
[20123 20313]
[20314 20433]
[20434 20791]
[20792 20887]
[20888 20957]
[20958 21063]
[21064 21139]
[21140 21226]
[21227 21327]
[21328 21522]
[21523 21735]
[21736 21998]
[21999 22209]
[22210 22682]
[22683 22799]
