[ 0 29]
[30 81]
[ 82 241]
[242 305]
[306 414]
[415 468]
[469 574]
[575 628]
[629 682]
[683 736]
[737 790]
[791 844]
[845 902]
[903 950]
[ 951 1001]
[1002 1054]
[1055 1528]
[1529 1582]
[1583 1601]
[1602 1643]
[1644 1665]
[1666 1697]
[1698 1716]
[1717 1738]
[1739 1758]
[1759 1786]
[1787 1819]
[1820 1853]
[1854 1891]
[1892 1991]
[1992 2442]
[2443 2584]
[2585 2719]
[2720 2848]
[2849 2959]
[2960 3086]
[3087 3235]
[3236 3381]
[3382 3543]
[3544 3664]
[3665 3816]
[3817 3987]
[3988 4128]
[4129 4600]
[4601 4890]
[4891 4914]
[4915 5423]
[5424 5627]
[5628 5740]
[5741 6320]
[6321 6387]
[6388 6493]
[6494 6588]
[6589 6664]
[6665 6740]
[6741 6815]
[6816 7215]
[7216 7289]
[7290 7426]
[7427 7533]
[7534 7664]
[7665 7761]
[7762 7956]
[7957 8009]
[8010 8141]
[8142 8227]
[8228 8334]
[8335 8641]
[8642 8671]
[8672 8778]
[8779 8874]
[8875 8981]
[8982 9173]
[9174 9247]
[9248 9341]
[9342 9415]
[9416 9492]
[9493 9571]
[9572 9619]
[9620 9719]
[ 9720 10078]
[10079 10096]
[10097 10163]
[10164 10268]
[10269 10395]
[10396 10486]
[10487 10588]
[10589 10684]
[10685 10931]
[10932 10999]
[11000 11097]
[11098 11187]
[11188 11282]
[11283 11373]
[11374 11471]
[11472 11555]
[11556 11641]
[11642 11728]
[11729 11977]
[11978 12015]
[12016 12068]
[12069 12120]
[12121 12161]
[12162 12436]
[12437 13188]
[13189 13289]
[13290 13582]
[13583 13648]
[13649 13714]
[13715 13781]
[13782 13836]
[13837 14017]
[14018 14073]
[14074 14177]
[14178 14242]
[14243 14294]
[14295 14363]
[14364 14486]
[14487 14532]
[14533 14607]
[14608 14699]
[14700 14733]
[14734 14861]
[14862 14986]
[14987 15234]
[15235 15880]
[15881 16128]
[16129 16211]
[16212 16315]
[16316 16382]
[16383 16617]
[16618 16664]
[16665 16991]
[16992 17169]
[17170 17253]
[17254 17319]
[17320 17376]
[17377 17406]
[17407 17441]
[17442 17739]
[17740 17865]
[17866 18053]
[18054 18118]
[18119 18197]
[18198 18289]
[18290 18441]
[18442 20021]
[20022 20159]
[20160 20229]
[20230 20303]
[20304 20360]
[20361 20404]
[20405 20550]
[20551 20775]
[20776 21290]
[21291 21845]
[21846 21949]
