[ 0 29]
[30 81]
[ 82 181]
[182 221]
[222 257]
[258 309]
[310 343]
[344 385]
[386 424]
[425 477]
[478 521]
[522 559]
[560 610]
[611 648]
[649 694]
[695 739]
[740 773]
[774 829]
[ 830 1287]
[1288 1373]
[1374 1427]
[1428 1446]
[1447 1488]
[1489 1510]
[1511 1542]
[1543 1561]
[1562 1583]
[1584 1603]
[1604 1631]
[1632 1664]
[1665 1698]
[1699 1736]
[1737 2435]
[2436 2560]
[2561 2631]
[2632 2726]
[2727 2824]
[2825 2894]
[2895 2962]
[2963 3378]
[3379 3547]
[3548 3634]
[3635 3713]
[3714 3769]
[3770 3825]
[3826 3919]
[3920 3964]
[3965 4013]
[4014 4290]
[4291 4317]
[4318 4409]
[4410 4453]
[4454 4505]
[4506 4553]
[4554 4633]
[4634 4718]
[4719 4765]
[4766 4824]
[4825 4893]
[4894 4953]
[4954 5016]
[5017 5076]
[5077 5137]
[5138 5183]
[5184 5235]
[5236 5289]
[5290 5323]
[5324 5371]
[5372 5457]
[5458 6033]
[6034 6093]
[6094 6159]
[6160 6232]
[6233 6296]
[6297 6352]
[6353 6422]
[6423 6492]
[6493 6676]
[6677 6825]
[6826 6906]
[6907 7001]
[7002 7082]
[7083 7196]
[7197 7249]
[7250 7290]
[7291 7327]
[7328 7365]
[7366 7413]
[7414 7449]
[7450 7494]
[7495 7537]
[7538 7570]
[7571 7610]
[7611 7754]
[7755 7818]
[7819 7923]
[7924 7987]
[7988 8209]
[8210 8302]
[8303 8369]
[8370 8455]
[8456 8511]
[8512 8591]
[8592 8916]
[8917 8957]
[8958 9002]
[9003 9044]
[9045 9089]
[9090 9138]
[9139 9179]
[9180 9225]
[9226 9627]
[9628 9678]
[9679 9737]
[9738 9798]
[9799 9932]
[ 9933 10005]
[10006 10168]
[10169 10274]
[10275 10346]
[10347 10411]
[10412 10494]
[10495 10547]
[10548 10647]
[10648 10713]
[10714 10799]
[10800 11213]
[11214 11398]
[11399 11509]
[11510 11598]
[11599 11692]
[11693 11757]
[11758 11859]
[11860 11963]
[11964 12013]
[12014 12026]
[12027 12243]
[12244 12395]
[12396 12612]
[12613 12736]
[12737 12862]
[12863 12904]
[12905 12988]
[12989 13092]
[13093 13394]
[13395 13617]
[13618 13957]
[13958 14056]
[14057 14169]
[14170 14268]
[14269 14355]
[14356 14527]
[14528 14546]
[14547 14588]
[14589 14610]
[14611 14642]
[14643 14661]
[14662 14683]
[14684 14703]
[14704 14731]
[14732 14764]
[14765 14798]
[14799 14836]
[14837 14922]
[14923 15360]
[15361 15444]
[15445 15514]
[15515 15591]
[15592 15667]
[15668 15738]
[15739 15821]
[15822 16704]
[16705 16815]
[16816 16889]
[16890 16933]
[16934 17011]
[17012 17096]
[17097 17121]
[17122 17235]
[17236 17314]
[17315 17405]
[17406 17514]
[17515 17894]
[17895 17963]
[17964 18020]
[18021 18079]
[18080 18150]
[18151 18262]
[18263 19026]
[19027 19165]
[19166 19295]
[19296 19438]
[19439 19620]
[19621 19728]
[19729 19811]
[19812 20069]
[20070 20457]
[20458 20930]
[20931 21049]
