[ 0 29]
[30 81]
[ 82 181]
[182 215]
[216 243]
[244 319]
[320 349]
[350 386]
[387 412]
[413 539]
[540 561]
[562 602]
[603 642]
[643 686]
[687 731]
[ 732 1195]
[1196 1281]
[1282 1335]
[1336 1354]
[1355 1396]
[1397 1418]
[1419 1450]
[1451 1469]
[1470 1491]
[1492 1511]
[1512 1539]
[1540 1572]
[1573 1606]
[1607 1644]
[1645 1960]
[1961 2043]
[2044 2108]
[2109 2154]
[2155 2233]
[2234 2323]
[2324 2424]
[2425 2505]
[2506 2662]
[2663 2735]
[2736 2806]
[2807 2912]
[2913 3003]
[3004 3084]
[3085 3335]
[3336 3375]
[3376 3665]
[3666 3730]
[3731 3782]
[3783 3845]
[3846 3893]
[3894 3955]
[3956 4023]
[4024 4076]
[4077 4180]
[4181 4226]
[4227 4288]
[4289 4335]
[4336 4407]
[4408 4467]
[4468 4596]
[4597 4634]
[4635 4701]
[4702 4768]
[4769 5188]
[5189 5288]
[5289 5365]
[5366 5466]
[5467 5583]
[5584 6068]
[6069 6198]
[6199 6287]
[6288 6417]
[6418 6473]
[6474 6557]
[6558 6607]
[6608 6649]
[6650 7762]
[7763 7806]
[7807 7865]
[7866 7917]
[7918 7945]
[7946 8001]
[8002 8087]
[8088 8366]
[8367 8421]
[8422 8485]
[8486 8557]
[8558 8750]
[8751 8791]
[8792 8839]
[8840 8990]
[8991 9059]
[9060 9095]
[9096 9492]
[9493 9593]
[9594 9640]
[9641 9741]
[9742 9838]
[9839 9917]
[9918 9996]
[ 9997 10110]
[10111 10164]
[10165 10196]
[10197 10238]
[10239 10294]
[10295 10359]
[10360 10400]
[10401 10472]
[10473 10752]
[10753 10932]
[10933 10996]
[10997 11083]
[11084 11152]
[11153 11231]
[11232 11320]
[11321 11365]
[11366 11454]
[11455 11656]
[11657 11675]
[11676 11717]
[11718 11739]
[11740 11771]
[11772 11790]
[11791 11812]
[11813 11831]
[11833 11860]
[11861 11893]
[11894 11927]
[11928 11965]
[11966 12051]
[12052 12596]
[12597 12691]
[12692 12733]
[12734 12806]
[12807 12852]
[12853 12930]
[12931 13007]
[13008 13043]
[13044 13068]
[13069 13100]
[13101 13137]
[13138 13176]
[13177 13206]
[13207 13268]
[13269 13419]
[13420 13457]
[13458 13577]
[13578 13643]
[13644 13685]
[13686 13728]
[13729 13773]
[13774 13831]
[13832 13881]
[13882 13924]
[13925 13966]
[13967 14020]
[14021 14086]
[14087 14203]
[14204 14365]
[14366 14445]
[14446 14478]
[14479 14505]
[14506 14542]
[14543 14576]
[14577 14621]
[14622 14656]
[14657 14713]
[14714 14897]
[14898 15258]
[15259 15287]
[15288 15329]
[15330 15363]
[15364 15401]
[15402 15447]
[15448 15482]
[15483 15527]
[15528 15600]
[15601 15711]
[15712 16464]
[16465 16937]
[16938 17049]
