[ 0 29]
[30 81]
[ 82 181]
[182 227]
[228 406]
[407 441]
[442 498]
[499 532]
[533 553]
[554 635]
[636 685]
[686 838]
[ 839 1018]
[1019 1101]
[1102 1138]
[1139 1192]
[1193 1211]
[1212 1253]
[1254 1275]
[1276 1307]
[1308 1326]
[1327 1348]
[1349 1368]
[1369 1396]
[1397 1429]
[1430 1463]
[1464 1501]
[1502 1601]
[1602 2094]
[2095 2161]
[2162 2211]
[2212 2268]
[2269 2321]
[2322 2375]
[2376 2442]
[2443 2500]
[2501 2564]
[2565 2611]
[2612 2666]
[2667 2723]
[2724 2775]
[2776 2853]
[2854 2912]
[2913 2966]
[2967 3024]
[3025 3086]
[3087 3148]
[3149 3566]
[3567 3798]
[3799 3855]
[3856 3904]
[3905 3952]
[3953 3992]
[3993 4059]
[4060 4124]
[4125 4188]
[4189 4248]
[4249 4300]
[4301 4366]
[4367 4472]
[4473 4576]
[4577 4662]
[4663 4762]
[4763 4839]
[4840 4891]
[4892 4954]
[4955 5009]
[5010 5051]
[5052 5332]
[5333 5656]
[5657 6241]
[6242 6602]
[6603 6691]
[6692 6767]
[6768 6852]
[6853 6929]
[6930 7025]
[7026 7102]
[7103 7189]
[7190 7322]
[7323 7407]
[7408 7496]
[7497 7575]
[7576 7675]
[7676 7775]
[7776 8255]
[8256 8344]
[8345 8401]
[8402 8451]
[8452 8555]
[8556 8603]
[8604 8667]
[8668 8727]
[8728 8796]
[8797 8831]
[8832 8910]
[8911 9029]
[9030 9125]
[9126 9559]
[9560 9630]
[9631 9707]
[9708 9786]
[9787 9865]
[9866 9945]
[ 9946 10022]
[10023 10105]
[10106 10197]
[10198 10228]
[10229 10309]
[10310 10365]
[10366 10462]
[10463 10742]
[10743 10801]
[10802 10865]
[10866 10924]
[10925 10992]
[10993 11048]
[11049 11093]
[11094 11162]
[11163 11205]
[11206 11264]
[11265 11295]
[11296 11329]
[11330 11413]
[11414 11482]
[11483 11527]
[11528 13340]
[13341 13394]
[13395 13667]
[13668 13912]
[13913 14360]
[14361 14544]
[14545 14625]
[14626 14695]
[14696 14918]
[14919 14964]
[14965 15039]
[15040 15131]
[15133 15165]
[15166 15293]
[15294 15418]
[15419 16073]
[16074 16181]
[16182 16288]
[16289 16389]
[16390 16538]
[16539 16689]
[16690 16830]
[16831 17001]
[17002 17322]
[17323 17881]
[17882 17964]
[17965 18065]
[18066 18164]
[18165 18246]
[18247 18422]
[18423 18512]
[18513 18643]
[18644 19099]
[19100 19342]
[19343 19464]
[19465 19637]
[19638 19662]
[19663 19781]
[19782 19880]
[19881 20032]
[20033 20234]
[20235 20306]
[20307 20450]
[20451 20617]
[20618 20887]
[20888 21470]
[21471 21588]
[21589 21704]
[21705 21810]
[21811 21828]
[21829 21918]
[21919 22029]
[22030 22158]
[22159 22334]
[22335 22519]
[22520 22672]
[22673 22935]
[22936 23181]
[23182 23654]
[23655 23749]
