[ 0 27]
[28 77]
[ 78 173]
[174 214]
[215 240]
[241 331]
[332 348]
[349 360]
[361 434]
[435 484]
[485 521]
[522 554]
[555 735]
[736 908]
[ 909 1003]
[1004 1055]
[1056 1073]
[1074 1113]
[1114 1134]
[1135 1165]
[1166 1183]
[1184 1204]
[1205 1223]
[1224 1250]
[1251 1267]
[1268 1282]
[1283 1314]
[1315 1351]
[1352 1447]
[1448 1691]
[1692 1701]
[1702 1758]
[1759 1783]
[1784 1833]
[1834 1893]
[1894 1940]
[1941 1982]
[1983 2045]
[2046 2110]
[2111 2165]
[2166 2215]
[2216 2270]
[2271 2420]
[2421 2475]
[2476 2552]
[2553 2606]
[2607 2672]
[2673 2746]
[2747 2841]
[2842 2973]
[2974 3037]
[3038 3085]
[3086 3107]
[3108 3152]
[3153 3173]
[3174 3236]
[3237 3275]
[3276 3471]
[3472 3546]
[3547 3592]
[3593 3636]
[3637 3676]
[3677 3726]
[3727 3770]
[3771 3817]
[3818 3862]
[3863 3917]
[3918 3960]
[3961 3990]
[3991 4352]
[4353 4452]
[4453 4652]
[4653 4779]
[4780 4838]
[4839 4880]
[4881 4892]
[4895 4956]
[4957 5287]
[5288 5341]
[5342 5395]
[5396 5433]
[5434 5515]
[5516 5609]
[5610 5681]
[5682 5794]
[5795 5872]
[5873 5930]
[5931 6020]
[6021 6089]
[6090 6184]
[6185 6309]
[6310 6372]
[6373 6682]
[6683 6781]
[6782 6870]
[6871 6940]
[6941 6997]
[6998 7066]
[7067 7137]
[7138 7195]
[7196 7258]
[7259 7319]
[7320 7385]
[7386 7458]
[7459 7505]
[7506 7568]
[7569 7735]
[7736 7869]
[7870 7951]
[7952 8026]
[8027 8098]
[8099 8190]
[8191 8249]
[8250 8331]
[8332 8389]
[8390 8464]
[8465 8546]
[8547 8610]
[8611 8667]
[8668 8703]
[8704 8799]
[8800 9117]
[9118 9175]
[9176 9203]
[9204 9248]
[9249 9297]
[9298 9362]
[9363 9432]
[9433 9479]
[9480 9544]
[9545 9593]
[9594 9665]
[9666 9703]
[9704 9768]
[ 9769 10004]
[10005 10081]
[10082 10144]
[10145 10226]
[10227 10312]
[10313 10431]
[10432 10474]
[10475 10542]
[10543 10604]
[10605 10676]
[10677 10763]
[10764 10959]
[10960 11094]
[11095 11180]
[11181 11265]
[11266 11325]
[11326 11381]
[11382 11460]
[11461 11536]
[11537 11610]
[11611 11710]
[11711 11831]
[11832 11875]
[11876 11947]
[11948 12036]
[12037 12068]
[12069 12191]
[12192 12311]
[12312 12918]
[12919 12984]
[12985 13045]
[13046 13102]
[13103 13160]
[13161 13200]
[13201 13247]
[13248 13306]
[13307 13357]
[13358 13430]
[13431 13489]
[13490 13536]
[13537 13584]
[13585 13637]
[13638 13695]
[13696 13736]
[13737 13796]
[13797 14194]
[14195 14325]
[14326 14395]
[14396 14452]
[14453 14778]
[14779 14832]
[14833 14938]
[14939 14973]
[14974 14989]
[14990 15046]
[15047 15088]
[15089 15135]
[15136 15189]
[15190 15243]
[15244 15401]
[15402 15485]
[15486 15587]
[15588 15737]
[15738 15888]
[15889 16418]
[16419 16475]
[16476 16518]
[16519 16561]
[16562 16643]
[16644 16697]
[16698 16777]
[16778 16814]
[16815 16956]
[16957 17022]
[17023 17088]
[17089 17279]
[17280 17315]
[17316 17382]
[17383 17511]
[17512 17547]
[17548 17576]
[17577 17618]
[17619 18125]
[18126 18181]
[18182 18247]
[18248 18296]
[18297 18363]
[18364 18741]
[18742 18804]
[18805 18852]
[18853 18892]
[18893 18954]
[18955 19016]
[19017 19072]
[19073 19142]
[19143 19194]
[19195 19238]
[19239 19279]
[19280 19380]
[19381 19486]
[19487 19627]
[19628 19880]
[19881 20098]
[20099 20552]
[20553 20649]
