[ 0 29]
[30 81]
[ 82 181]
[182 241]
[242 305]
[306 358]
[359 414]
[415 468]
[469 520]
[521 574]
[575 628]
[629 682]
[683 790]
[791 844]
[845 902]
[903 950]
[ 951 1001]
[1002 1388]
[1389 1495]
[1496 1549]
[1550 1568]
[1569 1610]
[1611 1632]
[1633 1664]
[1665 1683]
[1684 1705]
[1706 1724]
[1726 1753]
[1754 1786]
[1787 1820]
[1821 1858]
[1859 1958]
[1959 2291]
[2292 2321]
[2322 2418]
[2419 2542]
[2543 2672]
[2673 2761]
[2762 2942]
[2943 3029]
[3030 3177]
[3178 3277]
[3278 3298]
[3299 3350]
[3351 3459]
[3460 3608]
[3609 3705]
[3706 3782]
[3783 3857]
[3858 3939]
[3940 4040]
[4041 4154]
[4155 4258]
[4259 4621]
[4622 4855]
[4856 4911]
[4912 5096]
[5097 5163]
[5164 5249]
[5250 5317]
[5318 5393]
[5394 5485]
[5486 5576]
[5577 5650]
[5651 5737]
[5738 5824]
[5825 5910]
[5911 6486]
[6487 6535]
[6536 6645]
[6646 6766]
[6767 6910]
[6911 7028]
[7029 7163]
[7164 7317]
[7318 7499]
[7500 7657]
[7658 7786]
[7787 8119]
[8120 8241]
[8242 8546]
[8547 8662]
[8663 8859]
[8860 8959]
[8960 9304]
[9305 9447]
[9448 9519]
[9520 9592]
[9593 9665]
[9666 9732]
[9733 9866]
[ 9867 10155]
[10156 10245]
[10246 10420]
[10421 10565]
[10566 10778]
[10779 10942]
[10943 11032]
[11033 11619]
[11620 11744]
[11745 11868]
[11869 11919]
[11920 12046]
[12047 12254]
[12255 12300]
[12301 12375]
[12376 12467]
[12468 12501]
[12502 12629]
[12630 12754]
[12755 13175]
[13176 13297]
[13298 13440]
[13441 13583]
[13584 13776]
[13777 13864]
[13865 14016]
[14017 14122]
[14123 14278]
[14279 14391]
[14392 14803]
[14804 14899]
[14900 14988]
[14989 15065]
[15066 15142]
[15143 15221]
[15222 15317]
[15318 15362]
[15363 15492]
[15493 15635]
[15636 15729]
[15730 16365]
[16366 16665]
[16666 16728]
[16729 16796]
[16797 16876]
[16877 16952]
[16953 17154]
[17155 17209]
[17210 17472]
[17473 17793]
[17794 18348]
[18349 18449]
