[ 0 29]
[30 81]
[ 82 181]
[182 213]
[214 227]
[228 266]
[267 292]
[293 327]
[328 374]
[375 396]
[397 434]
[435 474]
[475 531]
[532 562]
[563 593]
[594 598]
[599 648]
[649 685]
[686 731]
[732 778]
[ 779 1248]
[1249 1334]
[1335 1388]
[1389 1407]
[1408 1449]
[1450 1471]
[1472 1503]
[1504 1522]
[1523 1544]
[1545 1563]
[1565 1592]
[1593 1625]
[1626 1659]
[1660 1697]
[1698 1836]
[1837 1895]
[1896 1997]
[1998 2048]
[2049 2106]
[2107 2162]
[2163 2220]
[2221 2289]
[2290 2356]
[2357 2419]
[2420 2470]
[2471 2533]
[2534 2538]
[2539 2840]
[2841 2879]
[2880 2924]
[2925 2950]
[2951 2984]
[2985 3021]
[3022 3063]
[3064 3094]
[3095 3129]
[3130 3176]
[3177 3247]
[3248 3292]
[3293 3439]
[3440 3778]
[3779 3863]
[3864 3920]
[3921 4010]
[4011 4065]
[4066 4156]
[4157 4234]
[4235 4284]
[4285 4345]
[4346 4431]
[4432 4731]
[4732 4844]
[4845 4941]
[4942 5015]
[5016 5092]
[5093 5154]
[5155 5232]
[5233 5286]
[5287 5344]
[5345 5405]
[5406 5477]
[5478 5528]
[5529 5896]
[5897 5913]
[5914 5965]
[5966 6004]
[6005 6052]
[6053 6084]
[6085 6130]
[6131 6181]
[6182 6241]
[6242 6310]
[6311 6360]
[6361 6401]
[6402 6440]
[6441 6473]
[6474 6654]
[6655 6769]
[6770 7070]
[7071 7251]
[7252 7316]
[7317 7485]
[7486 7762]
[7763 7814]
[7815 7894]
[7895 7967]
[7968 8013]
[8014 8034]
[8035 8097]
[8098 8160]
[8161 8210]
[8211 8232]
[8233 8278]
[8279 8332]
[8333 8367]
[8368 8421]
[8422 8440]
[8441 8482]
[8483 8504]
[8505 8536]
[8537 8555]
[8556 8577]
[8578 8596]
[8598 8625]
[8626 8658]
[8659 8692]
[8693 8730]
[8731 8816]
[8817 9554]
[9555 9630]
[9631 9702]
[9703 9767]
[9768 9830]
[9831 9893]
[9894 9974]
[ 9975 10044]
[10045 10103]
[10104 10186]
[10187 10268]
[10269 10355]
[10356 10447]
[10448 11296]
[11297 11379]
[11380 11450]
[11451 11537]
[11538 11625]
[11626 11703]
[11704 11789]
[11790 11960]
[11961 12052]
[12053 12108]
[12109 12187]
[12188 12263]
[12264 12335]
[12336 12425]
[12426 12546]
[12547 12655]
[12656 12725]
[12726 12810]
[12811 13472]
[13473 13744]
[13745 13839]
[13840 14026]
[14027 14316]
[14317 14389]
[14390 14475]
[14476 14556]
[14557 15178]
[15179 15243]
[15244 15333]
[15334 15404]
[15405 15524]
[15525 15610]
[15611 15716]
[15717 16392]
[16393 16499]
[16500 16598]
[16599 16714]
[16715 16793]
[16794 16896]
[16897 17601]
[17602 18074]
[18075 18149]
