[ 0 29]
[30 81]
[ 82 241]
[242 305]
[306 358]
[359 520]
[521 574]
[575 628]
[629 682]
[683 902]
[903 950]
[ 951 1001]
[1002 1523]
[1524 1577]
[1578 1596]
[1597 1638]
[1639 1660]
[1661 1692]
[1693 1711]
[1712 1733]
[1734 1752]
[1753 1781]
[1782 1814]
[1815 1848]
[1849 1886]
[1887 1986]
[1987 2422]
[2423 2485]
[2486 2542]
[2543 2644]
[2645 2690]
[2691 2747]
[2748 2808]
[2809 2912]
[2913 2974]
[2975 3063]
[3064 3117]
[3118 3169]
[3170 3222]
[3223 3330]
[3331 3395]
[3396 3486]
[3487 3789]
[3790 4757]
[4758 5062]
[5063 5075]
[5076 5151]
[5152 5239]
[5240 5336]
[5337 5422]
[5423 5518]
[5519 5617]
[5618 5704]
[5705 5789]
[5790 5886]
[5887 5986]
[5987 6438]
[6439 6487]
[6488 6533]
[6534 6621]
[6622 6698]
[6699 6739]
[6740 6812]
[6813 7170]
[7171 7510]
[7511 7569]
[7570 7649]
[7650 7703]
[7704 7772]
[7773 7890]
[7891 8215]
[8216 8324]
[8325 8480]
[8481 8587]
[8588 8685]
[8686 8772]
[8773 8875]
[8876 9009]
[9010 9215]
[9216 9288]
[9289 9363]
[9364 9448]
[9449 9577]
[9578 9677]
[ 9678 10288]
[10289 10364]
[10365 10423]
[10424 10494]
[10495 10576]
[10577 10657]
[10658 10735]
[10736 10794]
[10795 10859]
[10860 10931]
[10932 11451]
[11452 11686]
[11687 11935]
[11936 12060]
[12061 12185]
[12186 12310]
[12311 12557]
[12558 12602]
[12603 12694]
[12695 12786]
[12787 12877]
[12878 12949]
[12950 13025]
[13026 13093]
[13094 13173]
[13174 13260]
[13261 13288]
[13289 13334]
[13335 13409]
[13410 13501]
[13502 13535]
[13536 13663]
[13664 13788]
[13789 14370]
[14371 14593]
[14594 14698]
[14699 14887]
[14888 16267]
[16268 16330]
[16331 16374]
[16375 16712]
[16713 17957]
[17958 18061]
[18062 18159]
[18160 18274]
[18275 18401]
[18402 18520]
[18521 18603]
[18604 18950]
[18951 19289]
[19290 19395]
[19396 20112]
[20113 20667]
[20668 20749]
