[ 0 27]
[28 77]
[ 78 319]
[320 380]
[381 448]
[449 592]
[593 650]
[651 697]
[698 706]
[707 749]
[750 852]
[ 853 1311]
[1312 1407]
[1408 1458]
[1459 1477]
[1478 1517]
[1518 1538]
[1539 1569]
[1570 1587]
[1588 1608]
[1609 1626]
[1627 1654]
[1655 1686]
[1687 1718]
[1719 1777]
[1778 2033]
[2034 2325]
[2326 2529]
[2530 2963]
[2964 3188]
[3189 3428]
[3429 3460]
[3461 3691]
[3692 3776]
[3777 3881]
[3882 4022]
[4023 4185]
[4186 4255]
[4256 4360]
[4361 4365]
[4366 4420]
[4421 4430]
[4431 4660]
[4661 4945]
[4946 5014]
[5015 5092]
[5093 5154]
[5155 5333]
[5334 5404]
[5405 5475]
[5476 5551]
[5552 5616]
[5617 5687]
[5688 5766]
[5767 5901]
[5902 5930]
[5931 6026]
[6027 6262]
[6263 6375]
[6376 6465]
[6466 6615]
[6616 6976]
[6977 7113]
[7114 7198]
[7199 7330]
[7331 7424]
[7425 7710]
[7711 7833]
[7834 7884]
[7885 7934]
[7935 7969]
[7970 8009]
[8010 8037]
[8038 8067]
[8068 8095]
[8096 8187]
[8188 8234]
[8235 8311]
[8312 8373]
[8374 8427]
[8428 8654]
[8655 8831]
[8832 8952]
[8953 9063]
[9064 9156]
[9157 9276]
[9277 9398]
[9399 9504]
[9505 9612]
[9613 9732]
[9733 9999]
[10000 10022]
[10023 10066]
[10067 10138]
[10139 10226]
[10227 10259]
[10260 10381]
[10382 10477]
[10478 10827]
[10828 10906]
[10907 10964]
[10965 11018]
[11019 11066]
[11067 11194]
[11195 11297]
[11298 11918]
[11919 12067]
[12068 12582]
[12583 12641]
[12642 12690]
[12691 12742]
[12743 12802]
[12803 12879]
[12880 12936]
[12937 13042]
[13043 13788]
[13789 13865]
[13866 13914]
[13915 13951]
[13952 13995]
[13996 14039]
[14040 14081]
[14082 14161]
[14162 15889]
[15890 16011]
[16012 16112]
[16113 16221]
[16222 16860]
[16861 17006]
[17007 17112]
[17113 17231]
[17232 17507]
[17508 17559]
[17560 17661]
[17662 17721]
[17722 17811]
[17812 17855]
[17856 17906]
[17907 17985]
[17986 18111]
[18112 18196]
[18197 19219]
[19220 19291]
[19292 19377]
[19378 19452]
[19453 19548]
[19549 19696]
[19697 20332]
[20333 20785]
[20786 20899]
