[ 0 27]
[28 77]
[ 78 173]
[174 231]
[232 292]
[293 397]
[398 448]
[449 654]
[655 705]
[706 757]
[758 809]
[810 865]
[866 911]
[912 960]
[ 961 1010]
[1011 1469]
[1470 1521]
[1522 1539]
[1540 1579]
[1580 1600]
[1601 1631]
[1632 1649]
[1650 1670]
[1671 1689]
[1690 1716]
[1717 1748]
[1749 1781]
[1782 1817]
[1818 1913]
[1914 2215]
[2216 2406]
[2407 2476]
[2477 2546]
[2547 2618]
[2619 2696]
[2697 2781]
[2782 2852]
[2853 2920]
[2921 2988]
[2989 3077]
[3078 3316]
[3317 3367]
[3368 3449]
[3450 3545]
[3546 3620]
[3621 3705]
[3706 3814]
[3815 3923]
[3924 4004]
[4005 4248]
[4249 4351]
[4352 4436]
[4437 4525]
[4526 4806]
[4807 4882]
[4883 4979]
[4980 5065]
[5066 5164]
[5165 5348]
[5349 5480]
[5481 5588]
[5589 5722]
[5723 5863]
[5864 5952]
[5953 6051]
[6052 6105]
[6106 6584]
[6585 6646]
[6647 6700]
[6701 6756]
[6757 6807]
[6808 6883]
[6884 6953]
[6954 7032]
[7033 7144]
[7145 7236]
[7237 7347]
[7348 7421]
[7422 7493]
[7494 7559]
[7560 7657]
[7658 7753]
[7754 8038]
[8039 8192]
[8193 8860]
[8861 9038]
[9039 9461]
[9462 9546]
[9547 9607]
[9608 9665]
[9666 9669]
[9670 9736]
[9737 9740]
[9741 9807]
[9808 9970]
[ 9971 10137]
[10138 10206]
[10207 10264]
[10265 10434]
[10435 10503]
[10504 10727]
[10728 10909]
[10910 10941]
[10942 11046]
[11047 11169]
[11170 11265]
[11266 11336]
[11337 11451]
[11452 11517]
[11518 11615]
[11616 11696]
[11697 11779]
[11780 11841]
[11842 11897]
[11898 11952]
[11953 12026]
[12027 12111]
[12112 12268]
[12269 12312]
[12313 12384]
[12385 12392]
[12393 12472]
[12474 12505]
[12506 12627]
[12628 12747]
[12748 13573]
[13574 13750]
[13751 13938]
[13939 14049]
[14050 14128]
[14129 14327]
[14328 14453]
[14454 14646]
[14647 14723]
[14724 14872]
[14873 15039]
[15040 15229]
[15230 16039]
[16040 16160]
[16161 16219]
[16220 16280]
[16281 16337]
[16338 16372]
[16373 16925]
[16926 17104]
[17105 17219]
[17220 17361]
[17362 17570]
[17571 17664]
[17665 17775]
[17776 17976]
[17977 18116]
[18117 18387]
[18388 18551]
[18552 18632]
[18633 18717]
[18718 18794]
[18795 18921]
[18922 19092]
[19094 19227]
[19229 19337]
[19338 19433]
[19434 19629]
[19630 20051]
[20052 20584]
[20585 20649]
