[ 0 29]
[30 81]
[ 82 181]
[182 220]
[221 264]
[265 309]
[310 385]
[386 471]
[472 542]
[543 589]
[590 714]
[715 788]
[789 826]
[827 923]
[ 924 1382]
[1383 1468]
[1469 1522]
[1523 1541]
[1542 1583]
[1584 1605]
[1606 1637]
[1638 1656]
[1657 1678]
[1679 1698]
[1699 1726]
[1727 1759]
[1760 1793]
[1794 1831]
[1832 2394]
[2395 2498]
[2499 2581]
[2582 2646]
[2647 2702]
[2703 2747]
[2748 2815]
[2816 2878]
[2879 2961]
[2962 3043]
[3044 3106]
[3107 3140]
[3141 3203]
[3204 3266]
[3267 3321]
[3322 3662]
[3663 3922]
[3923 4234]
[4235 4835]
[4836 5139]
[5140 5375]
[5376 5680]
[5681 5766]
[5767 6133]
[6134 6204]
[6205 6317]
[6318 6427]
[6428 6539]
[6540 6643]
[6644 6719]
[6720 6830]
[6831 6937]
[6938 7029]
[7030 7106]
[7107 7673]
[7674 7864]
[7865 8043]
[8044 8184]
[8185 8363]
[8364 8617]
[8618 8719]
[8720 8784]
[8785 8889]
[8890 9167]
[9168 9253]
[9254 9753]
[ 9754 10398]
[10399 10576]
[10578 10651]
[10652 10867]
[10868 10980]
[10981 11040]
[11041 11113]
[11114 11221]
[11222 11342]
[11343 11471]
[11472 11522]
[11523 11589]
[11590 11824]
[11825 12060]
[12061 12171]
[12172 12305]
[12306 12397]
[12398 12872]
[12873 12963]
[12964 13202]
[13203 13256]
[13257 13275]
[13276 13317]
[13318 13339]
[13340 13371]
[13372 13390]
[13391 13412]
[13413 13431]
[13432 13460]
[13461 13493]
[13494 13527]
[13528 13565]
[13566 13651]
[13652 14056]
[14057 14158]
[14159 14253]
[14254 14311]
[14312 14383]
[14384 14452]
[14453 14574]
[14575 15520]
[15521 15615]
[15616 15702]
[15703 15795]
[15796 15877]
[15878 15974]
[15975 16071]
[16072 16171]
[16172 17112]
[17113 17205]
[17206 17278]
[17279 17347]
[17348 17433]
[17434 17521]
[17522 17618]
[17619 18804]
[18805 18989]
[18990 19077]
[19078 19154]
[19155 19243]
[19244 19320]
[19321 19506]
[19507 20207]
[20208 20680]
[20681 20799]
