[ 0 29]
[30 81]
[ 82 181]
[182 241]
[242 303]
[304 358]
[359 414]
[415 468]
[469 520]
[521 574]
[575 628]
[629 682]
[683 736]
[737 790]
[791 844]
[845 902]
[903 950]
[ 951 1001]
[1002 1054]
[1055 1493]
[1494 1542]
[1543 1596]
[1597 1615]
[1616 1657]
[1658 1679]
[1680 1711]
[1712 1730]
[1731 1752]
[1753 1772]
[1773 1800]
[1801 1833]
[1834 1867]
[1868 1905]
[1906 2005]
[2006 2645]
[2646 2672]
[2673 2734]
[2735 2783]
[2784 2870]
[2871 2944]
[2945 3004]
[3005 3116]
[3117 3178]
[3179 3242]
[3243 3313]
[3314 3647]
[3648 3706]
[3707 3759]
[3760 3816]
[3817 3911]
[3912 3998]
[3999 4073]
[4074 4153]
[4154 4268]
[4269 4323]
[4324 4352]
[4353 4397]
[4398 4439]
[4440 4482]
[4483 4523]
[4524 4561]
[4562 4611]
[4612 4658]
[4659 4694]
[4695 5202]
[5203 5247]
[5248 5315]
[5316 5394]
[5395 5467]
[5468 5558]
[5559 5641]
[5642 5721]
[5722 5810]
[5811 5895]
[5896 5988]
[5989 6086]
[6087 6189]
[6190 6323]
[6324 6419]
[6420 6506]
[6507 6606]
[6607 6837]
[6838 7049]
[7050 7071]
[7072 7105]
[7106 7150]
[7151 7202]
[7203 7238]
[7239 7308]
[7309 7371]
[7372 7580]
[7581 7635]
[7636 7731]
[7732 7772]
[7773 7830]
[7831 7877]
[7878 7924]
[7925 7984]
[7985 8038]
[8039 8083]
[8084 8150]
[8151 8215]
[8216 8278]
[8279 8330]
[8331 8453]
[8454 8508]
[8509 8557]
[8558 8606]
[8607 8646]
[8647 8687]
[8688 8731]
[8732 8775]
[8776 8833]
[8834 8891]
[8892 8953]
[8954 9011]
[9012 9049]
[9050 9532]
[9533 9601]
[9602 9666]
[9667 9718]
[9719 9769]
[9770 9830]
[9831 9892]
[ 9893 10983]
[10984 11028]
[11029 11083]
[11084 11128]
[11129 11191]
[11192 11246]
[11247 11296]
[11297 11342]
[11343 11388]
[11389 11424]
[11425 11567]
[11568 11636]
[11637 11664]
[11665 11701]
[11702 11738]
[11739 11776]
[11777 11960]
[11961 12313]
[12314 12374]
[12375 12454]
[12455 12510]
[12511 12566]
[12567 12645]
[12646 12719]
[12720 12784]
[12785 12833]
[12834 12892]
[12893 12969]
[12970 13048]
[13049 13148]
[13149 13275]
[13276 13434]
[13435 13480]
[13481 13532]
[13533 13574]
[13575 13617]
[13618 13655]
[13656 13684]
[13685 13747]
[13748 13809]
[13810 13871]
[13872 14292]
[14293 14431]
[14432 14547]
[14548 14778]
[14779 14914]
[14915 15031]
[15032 15199]
[15200 15312]
[15313 15425]
[15426 15604]
[15605 15698]
[15699 15791]
[15792 15900]
[15901 15965]
[15966 16112]
[16113 16158]
[16159 16233]
[16234 16325]
[16327 16359]
[16360 16487]
[16488 16612]
[16613 17314]
[17315 17479]
[17480 17544]
[17545 17744]
[17745 17824]
[17825 17925]
[17926 18104]
[18105 18311]
[18312 18490]
[18491 18660]
[18661 18810]
[18811 19037]
[19038 19195]
[19196 19356]
[19357 19467]
[19468 19570]
[19571 19722]
[19723 19837]
[19838 19952]
[19953 20042]
[20043 20183]
[20184 20306]
[20307 20411]
[20412 20581]
[20582 20650]
[20651 20802]
[20803 20896]
[20897 20996]
[20997 21074]
[21075 21139]
[21140 21232]
[21233 21293]
[21294 21372]
[21373 21456]
[21457 21548]
[21549 21755]
[21756 21851]
[21852 21927]
[21928 22172]
[22173 22271]
[22272 22415]
[22416 22545]
[22546 22609]
[22610 22676]
[22677 22739]
[22740 22801]
[22802 22916]
[22917 23105]
[23106 23164]
[23165 23227]
[23228 23293]
[23294 23368]
[23369 23442]
[23443 23515]
[23516 23579]
[23580 23637]
[23638 23823]
[23824 24023]
[24024 24594]
[24595 25149]
[25150 25249]
