[ 0 29]
[30 81]
[ 82 181]
[182 215]
[216 244]
[245 282]
[283 337]
[338 378]
[379 444]
[445 486]
[487 520]
[521 564]
[565 618]
[619 660]
[661 755]
[756 788]
[789 830]
[831 874]
[ 875 1021]
[1022 1284]
[1285 1347]
[1348 1401]
[1402 1420]
[1421 1462]
[1463 1484]
[1485 1516]
[1517 1535]
[1536 1557]
[1558 1576]
[1578 1605]
[1606 1638]
[1639 1672]
[1673 1710]
[1711 1810]
[1811 2059]
[2060 2154]
[2155 2233]
[2234 2355]
[2356 2690]
[2691 2877]
[2878 3037]
[3038 3225]
[3226 3345]
[3346 3425]
[3426 3509]
[3510 3567]
[3568 3637]
[3638 3761]
[3762 4077]
[4078 4131]
[4132 4367]
[4368 4592]
[4593 4769]
[4770 5039]
[5040 5624]
[5625 5672]
[5673 5794]
[5795 5908]
[5909 5998]
[5999 8162]
[8163 8274]
[8275 8399]
[8400 8425]
[8426 8547]
[8548 8582]
[8583 9045]
[9046 9097]
[9098 9196]
[9197 9347]
[9348 9498]
[9499 9670]
[9671 9717]
[9718 9851]
[9852 9932]
[ 9933 10046]
[10047 10174]
[10175 10316]
[10317 10441]
[10442 10490]
[10491 10814]
[10815 10898]
[10899 11020]
[11021 11189]
[11190 11346]
[11347 12092]
[12093 12173]
[12174 12216]
[12217 12279]
[12280 12358]
[12359 12452]
[12453 12552]
[12553 13075]
[13076 13158]
[13159 13250]
[13251 13337]
[13338 13421]
[13422 13497]
[13498 13577]
[13578 13648]
[13649 13719]
[13720 13794]
[13795 13866]
[13867 13951]
[13952 14047]
[14048 14157]
[14158 14269]
[14270 14370]
[14371 14456]
[14457 14713]
[14714 14783]
[14784 14856]
[14857 14940]
[14941 15025]
[15026 15109]
[15110 15182]
[15183 15248]
[15249 15327]
[15328 15406]
[15407 15482]
[15483 15549]
[15550 15614]
[15615 15678]
[15679 15931]
[15932 16014]
[16015 16095]
[16096 16188]
[16189 16275]
[16276 16430]
[16431 16532]
[16533 16635]
[16636 16740]
[16741 16808]
[16809 16956]
[16957 17002]
[17003 17077]
[17078 17086]
[17087 17169]
[17170 17203]
[17204 17331]
[17332 17456]
[17457 17812]
[17813 17887]
[17888 17956]
[17957 18038]
[18039 18121]
[18122 18214]
[18215 18310]
[18311 18405]
[18406 18501]
[18502 18636]
[18637 18896]
[18897 19041]
[19042 19235]
[19236 19346]
[19347 19442]
[19443 19513]
[19514 19660]
[19661 19895]
[19896 20002]
[20003 20139]
[20140 20401]
[20402 20561]
[20562 20676]
[20677 20796]
[20797 20889]
[20890 20943]
[20944 21002]
[21003 21077]
[21078 21128]
[21129 21205]
[21206 21714]
[21715 21835]
[21836 21985]
[21986 22039]
[22040 22125]
[22126 22202]
[22203 22288]
[22289 22415]
[22416 22678]
[22679 22953]
[22954 23426]
[23427 23499]
