[ 0 29]
[30 81]
[ 82 241]
[242 305]
[306 358]
[359 414]
[415 468]
[469 520]
[521 574]
[575 628]
[629 736]
[737 790]
[791 844]
[845 898]
[899 952]
[ 953 1006]
[1007 1064]
[1065 1112]
[1113 1163]
[1164 1216]
[1217 1693]
[1694 1747]
[1748 1766]
[1767 1808]
[1809 1830]
[1831 1862]
[1863 1881]
[1882 1903]
[1904 1922]
[1924 1951]
[1952 1984]
[1985 2018]
[2019 2056]
[2057 2156]
[2157 2469]
[2470 2519]
[2520 2575]
[2576 2638]
[2639 2688]
[2689 2732]
[2733 2769]
[2770 2819]
[2820 2874]
[2875 2971]
[2972 3195]
[3196 3292]
[3293 3348]
[3349 3409]
[3410 3472]
[3473 3519]
[3520 3569]
[3570 3610]
[3611 3650]
[3651 3689]
[3690 3721]
[3722 3975]
[3976 4038]
[4039 4091]
[4092 4169]
[4170 4229]
[4230 4488]
[4489 4579]
[4580 4683]
[4684 4750]
[4751 4818]
[4819 4876]
[4877 4935]
[4936 5018]
[5019 5263]
[5264 5326]
[5327 5383]
[5384 5433]
[5434 5474]
[5475 5534]
[5535 5580]
[5581 5631]
[5632 5686]
[5687 5736]
[5737 5791]
[5792 6212]
[6213 6267]
[6268 6320]
[6321 6357]
[6358 6412]
[6413 6468]
[6469 6520]
[6521 6561]
[6562 6614]
[6615 6977]
[6978 7047]
[7048 7238]
[7239 7305]
[7306 7346]
[7347 7392]
[7393 7430]
[7431 7479]
[7480 7524]
[7525 7563]
[7564 7611]
[7612 7650]
[7651 7689]
[7690 7732]
[7733 7784]
[7785 7906]
[7907 7941]
[7942 7971]
[7972 8007]
[8008 8041]
[8042 8076]
[8077 8112]
[8113 8151]
[8152 8194]
[8195 8253]
[8254 8298]
[8299 8344]
[8345 8381]
[8382 8413]
[8414 8502]
[8503 8539]
[8540 8583]
[8584 8628]
[8629 8682]
[8683 8722]
[8723 8766]
[8767 8815]
[8816 8858]
[8859 8992]
[8993 9051]
[9052 9092]
[9093 9142]
[9143 9225]
[9226 9278]
[9279 9307]
[9308 9341]
[9342 9387]
[9388 9435]
[9436 9478]
[9479 9537]
[9538 9584]
[9585 9625]
[9626 9687]
[9688 9733]
[9734 9783]
[9784 9821]
[9822 9863]
[9864 9908]
[9909 9967]
[ 9968 10024]
[10025 10077]
[10078 10123]
[10124 10547]
[10548 10658]
[10659 10723]
[10724 10768]
[10769 10836]
[10837 10923]
[10924 10991]
[10992 11089]
[11090 11165]
[11166 11332]
[11333 11404]
[11405 11485]
[11486 11576]
[11577 11664]
[11665 11708]
[11709 11808]
[11809 11963]
[11964 12238]
[12239 12303]
[12304 12433]
[12434 12513]
[12514 12818]
[12819 12974]
[12975 13074]
[13075 13199]
[13200 13324]
[13325 13397]
[13398 13695]
[13696 13795]
[13796 13898]
[13899 13987]
[13988 14085]
[14086 14326]
[14327 14448]
[14449 14564]
[14565 14566]
[14567 14576]
[14577 14849]
[14850 14929]
[14930 15020]
[15021 15066]
[15067 15141]
[15142 15233]
[15234 15267]
[15268 15395]
[15396 15520]
[15521 16399]
[16400 16476]
[16477 16528]
[16529 16586]
[16587 16633]
[16634 16701]
[16702 16754]
[16755 16794]
[16795 16842]
[16843 16893]
[16894 16968]
[16969 17262]
[17263 17347]
[17348 17420]
[17421 17484]
[17485 17546]
[17547 17625]
[17626 17800]
[17801 17868]
[17869 17939]
[17940 18015]
[18016 18073]
[18074 18122]
[18123 18176]
[18177 18239]
[18240 18342]
[18343 18409]
[18410 18719]
[18720 18849]
[18850 18937]
[18938 19012]
[19013 19107]
[19108 19201]
[19202 19287]
[19288 19707]
[19708 19786]
[19787 19861]
[19862 19928]
[19929 19996]
[19997 20044]
[20045 20110]
[20111 20197]
[20198 20301]
[20302 20380]
[20381 20507]
[20508 20594]
[20595 20930]
[20931 21793]
[21794 21908]
[21909 21957]
[21958 22049]
[22050 22129]
[22130 22218]
[22219 22306]
[22307 22381]
[22382 22720]
[22721 23149]
[23150 23704]
[23705 23799]
