[ 0 29]
[30 81]
[ 82 181]
[182 219]
[220 253]
[254 309]
[310 390]
[391 430]
[431 492]
[493 558]
[559 624]
[625 689]
[690 735]
[736 786]
[787 839]
[840 894]
[895 932]
[933 993]
[ 994 1470]
[1471 1556]
[1557 1610]
[1611 1629]
[1630 1671]
[1672 1693]
[1694 1725]
[1726 1744]
[1745 1766]
[1767 1786]
[1787 1814]
[1815 1847]
[1848 1881]
[1882 1919]
[1920 2306]
[2307 2355]
[2356 2389]
[2390 2461]
[2462 2483]
[2484 2500]
[2501 2540]
[2541 2579]
[2580 2613]
[2614 2679]
[2680 2717]
[2718 2752]
[2753 2801]
[2802 2855]
[2856 2909]
[2910 2962]
[2963 3022]
[3023 3078]
[3079 3129]
[3130 3182]
[3183 3230]
[3231 3276]
[3277 3322]
[3323 3582]
[3583 3610]
[3611 3641]
[3642 3664]
[3665 3700]
[3701 3789]
[3790 3815]
[3816 3848]
[3849 3880]
[3881 3908]
[3909 3930]
[3931 3960]
[3961 3989]
[3990 4011]
[4012 4155]
[4156 4191]
[4192 4248]
[4249 4272]
[4273 4537]
[4538 4594]
[4595 4641]
[4642 4676]
[4677 4706]
[4707 4749]
[4750 4791]
[4792 4838]
[4839 4873]
[4874 4902]
[4903 4958]
[4959 4998]
[4999 5036]
[5037 5076]
[5077 5119]
[5120 5200]
[5201 5264]
[5265 5369]
[5370 5454]
[5455 5872]
[5873 6021]
[6022 6117]
[6118 6299]
[6300 6453]
[6454 6603]
[6604 6657]
[6658 6785]
[6786 6839]
[6840 6880]
[6881 6920]
[6921 7367]
[7368 7483]
[7484 7541]
[7542 7600]
[7601 7647]
[7648 7707]
[7708 7768]
[7769 7840]
[7841 7926]
[7927 7960]
[7961 8054]
[8055 8154]
[8155 8227]
[8228 8308]
[8309 8366]
[8367 8428]
[8429 8537]
[8538 8628]
[8629 8702]
[8703 8999]
[9000 9074]
[9075 9198]
[9199 9274]
[9275 9399]
[9400 9529]
[9530 9633]
[9634 9961]
[ 9962 10071]
[10072 10291]
[10292 10347]
[10348 10413]
[10414 10503]
[10504 10609]
[10610 10749]
[10750 10874]
[10875 11035]
[11036 11175]
[11176 11298]
[11299 11352]
[11353 11371]
[11372 11413]
[11414 11435]
[11436 11467]
[11468 11486]
[11487 11508]
[11509 11528]
[11529 11556]
[11557 11589]
[11590 11623]
[11624 11661]
[11662 11747]
[11748 12511]
[12512 12762]
[12763 12819]
[12820 13325]
[13326 13392]
[13393 13447]
[13448 13513]
[13514 13571]
[13572 13627]
[13628 13687]
[13688 13756]
[13757 13813]
[13814 13927]
[13928 14217]
[14218 14270]
[14271 14325]
[14326 14415]
[14416 14491]
[14492 14566]
[14567 14818]
[14819 14916]
[14917 14981]
[14982 15065]
[15066 15111]
[15112 15176]
[15177 15221]
[15222 15268]
[15269 15418]
[15419 15484]
[15485 15589]
[15590 15663]
[15664 15939]
[15940 16029]
[16030 16152]
[16153 16254]
[16255 16337]
[16338 16424]
[16425 16500]
[16501 16545]
[16546 16705]
[16706 16764]
[16765 16880]
[16881 16968]
[16969 17158]
[17159 17244]
[17245 17337]
[17338 17783]
[17784 18251]
[18252 18312]
[18313 18381]
[18382 18442]
[18443 18501]
[18502 18569]
[18570 18616]
[18617 18821]
[18822 19340]
[19341 19813]
[19814 19899]
