[ 0 29]
[30 81]
[ 82 181]
[182 241]
[242 305]
[306 358]
[359 414]
[415 468]
[469 520]
[521 574]
[575 628]
[629 682]
[683 744]
[745 790]
[791 870]
[871 893]
[894 918]
[919 950]
[ 951 1001]
[1002 1016]
[1017 1054]
[1055 1392]
[1393 1486]
[1487 1540]
[1541 1559]
[1560 1601]
[1602 1623]
[1624 1655]
[1656 1674]
[1675 1696]
[1697 1715]
[1717 1744]
[1745 1777]
[1778 1811]
[1812 1849]
[1850 1949]
[1950 2290]
[2291 2365]
[2366 2478]
[2479 2521]
[2522 2561]
[2562 2616]
[2617 2691]
[2692 2763]
[2764 2859]
[2860 2993]
[2994 3058]
[3059 3329]
[3330 3406]
[3407 3573]
[3574 3629]
[3630 3802]
[3803 3875]
[3876 3950]
[3951 4019]
[4020 4076]
[4077 4535]
[4536 4594]
[4595 4661]
[4662 4711]
[4712 4757]
[4758 4774]
[4775 4958]
[4959 5043]
[5044 5116]
[5117 5137]
[5138 5189]
[5190 5263]
[5264 5323]
[5324 5380]
[5381 5433]
[5434 5482]
[5483 5550]
[5551 5605]
[5606 5615]
[5616 5661]
[5662 5707]
[5708 5751]
[5752 5803]
[5804 5852]
[5853 5903]
[5904 5954]
[5955 5998]
[5999 6053]
[6054 6101]
[6102 6159]
[6160 6212]
[6213 6275]
[6276 6542]
[6543 6560]
[6561 6630]
[6631 6693]
[6694 6755]
[6756 6848]
[6849 6917]
[6918 6973]
[6974 8808]
[8809 8870]
[8871 8942]
[8943 9014]
[9015 9064]
[9065 9133]
[9134 9224]
[9225 9279]
[9280 9379]
[9380 9807]
[9808 9999]
[10000 10065]
[10066 10115]
[10116 10174]
[10175 10307]
[10308 10368]
[10369 10444]
[10445 10502]
[10503 10553]
[10554 10648]
[10649 10698]
[10699 10786]
[10787 10988]
[10989 11047]
[11048 11093]
[11094 11142]
[11143 11180]
[11181 11226]
[11227 11458]
[11459 11518]
[11519 11585]
[11586 11667]
[11668 11720]
[11721 11762]
[11763 12031]
[12032 12102]
[12103 12192]
[12193 12258]
[12259 12309]
[12310 12543]
[12544 12630]
[12631 12667]
[12668 12718]
[12719 12758]
[12759 12801]
[12802 12833]
[12834 12877]
[12878 12944]
[12945 13236]
[13237 13308]
[13309 13389]
[13390 13453]
[13454 13529]
[13530 13605]
[13606 13675]
[13676 13753]
[13754 13835]
[13836 14323]
[14324 14373]
[14374 14666]
[14667 14705]
[14706 14812]
[14813 14902]
[14903 14996]
[14997 15090]
[15091 15118]
[15119 15502]
[15503 15689]
[15690 15779]
[15780 15849]
[15850 15908]
[15909 15978]
[15979 16300]
[16301 16364]
[16365 16569]
[16570 16728]
[16729 16859]
[16860 16922]
[16923 16984]
[16985 17047]
[17048 17109]
[17110 17172]
[17173 17234]
[17235 17297]
[17298 17359]
[17360 17405]
[17406 17480]
[17481 17572]
[17574 17606]
[17607 17734]
[17735 17859]
[17860 18574]
[18575 18613]
[18614 18639]
[18640 18662]
[18663 18687]
[18688 18719]
[18720 18756]
[18757 18961]
[18962 19000]
[19001 19055]
[19056 19092]
[19093 19127]
[19128 19167]
[19168 19200]
[19201 19228]
[19229 19259]
[19260 19282]
[19283 19342]
[19343 19381]
[19382 19426]
[19427 19465]
[19466 19506]
[19507 19543]
[19544 19594]
[19595 19632]
[19633 19666]
[19667 19703]
[19704 19744]
[19745 19771]
[19772 19808]
[19809 19840]
[19841 19926]
[19928 19975]
[19976 20099]
[20100 20128]
[20129 20163]
[20164 20202]
[20203 20313]
[20314 20422]
[20423 20471]
[20472 20514]
[20515 20773]
[20774 20871]
[20872 20919]
[20920 21010]
[21011 21113]
[21114 21139]
[21140 21183]
[21184 21223]
[21224 21274]
[21275 21318]
[21319 21403]
[21404 21472]
[21473 21735]
[21736 22089]
[22090 22644]
[22645 22749]
