[ 0 29]
[30 81]
[ 82 215]
[216 246]
[247 332]
[333 373]
[374 452]
[453 491]
[492 553]
[554 596]
[597 631]
[632 668]
[669 730]
[731 779]
[780 977]
[ 978 1157]
[1158 1240]
[1241 1290]
[1291 1344]
[1345 1363]
[1364 1405]
[1406 1427]
[1428 1459]
[1460 1478]
[1479 1500]
[1501 1520]
[1521 1548]
[1549 1581]
[1582 1615]
[1616 1653]
[1654 1753]
[1754 1999]
[2000 2121]
[2122 2251]
[2252 2515]
[2516 2610]
[2611 2912]
[2913 3533]
[3534 4042]
[4043 4125]
[4126 4265]
[4266 4300]
[4301 4383]
[4384 4950]
[4951 5550]
[5551 5726]
[5727 5849]
[5850 6071]
[6072 6226]
[6227 6489]
[6490 6601]
[6602 6671]
[6672 6691]
[6692 6752]
[6753 6797]
[6798 6870]
[6871 6935]
[6936 7032]
[7033 7100]
[7101 7167]
[7168 7230]
[7231 7284]
[7285 7345]
[7346 7430]
[7431 7580]
[7581 7932]
[7933 8008]
[8009 8076]
[8077 8154]
[8155 8232]
[8233 8316]
[8318 8437]
[8438 8510]
[8511 8632]
[8633 8695]
[8696 8765]
[8766 8865]
[8866 8929]
[8930 8988]
[8989 9054]
[9055 9115]
[9116 9186]
[9187 9257]
[9258 9316]
[9317 9416]
[9417 9511]
[9512 9593]
[9594 9679]
[9680 9772]
[9773 9850]
[9851 9933]
[ 9934 10056]
[10057 10140]
[10141 10235]
[10236 10328]
[10329 10396]
[10397 10618]
[10619 10670]
[10671 10758]
[10759 10851]
[10852 10978]
[10979 11058]
[11059 11143]
[11144 11224]
[11225 11305]
[11306 11385]
[11386 11522]
[11523 11605]
[11606 11692]
[11693 11875]
[11876 11988]
[11989 12113]
[12114 12301]
[12302 12475]
[12476 12588]
[12589 12729]
[12730 12833]
[12834 12954]
[12955 13116]
[13117 13265]
[13266 13413]
[13414 13459]
[13460 13534]
[13535 13627]
[13628 13660]
[13661 13788]
[13789 13913]
[13914 14679]
[14680 14767]
[14768 14840]
[14841 14910]
[14911 14966]
[14967 15017]
[15018 15095]
[15096 15166]
[15167 15225]
[15226 15492]
[15493 15596]
[15597 15688]
[15689 15886]
[15887 15974]
[15975 16033]
[16034 16106]
[16107 16179]
[16180 16267]
[16268 16316]
[16317 16374]
[16375 16435]
[16436 16500]
[16501 16574]
[16575 16629]
[16630 16746]
[16747 16919]
[16920 16999]
[17000 17068]
[17069 18411]
[18412 18511]
[18512 18615]
[18616 18716]
[18717 18786]
[18787 18833]
[18834 18899]
[18900 18964]
[18965 19034]
[19035 19113]
[19114 19180]
[19181 19308]
[19309 19394]
[19395 19480]
[19481 19627]
[19628 19890]
[19891 20152]
[20153 20625]
[20626 20699]
