[ 0 29]
[30 81]
[ 82 181]
[182 212]
[213 247]
[248 277]
[278 333]
[334 374]
[375 395]
[396 430]
[431 491]
[492 537]
[538 580]
[581 666]
[667 698]
[699 757]
[758 813]
[814 863]
[ 864 1332]
[1333 1432]
[1433 1486]
[1487 1505]
[1506 1547]
[1548 1569]
[1570 1601]
[1602 1620]
[1621 1642]
[1643 1661]
[1663 1690]
[1691 1723]
[1724 1818]
[1819 2360]
[2361 2481]
[2482 2564]
[2565 2651]
[2652 2703]
[2704 2780]
[2781 2864]
[2865 2966]
[2967 3062]
[3063 3166]
[3167 3249]
[3250 3345]
[3346 3442]
[3443 3475]
[3476 4429]
[4430 4513]
[4514 4593]
[4594 4677]
[4678 4751]
[4752 4837]
[4838 4883]
[4884 5565]
[5566 5764]
[5765 5894]
[5895 6470]
[6471 6736]
[6737 6870]
[6871 7046]
[7047 7080]
[7081 7373]
[7374 7497]
[7498 7680]
[7681 7869]
[7870 7990]
[7991 8858]
[8859 8974]
[8975 9086]
[9087 9172]
[9173 9260]
[9261 9705]
[9706 9820]
[9821 9954]
[ 9955 10052]
[10053 10152]
[10153 10259]
[10260 10342]
[10343 10440]
[10441 10540]
[10541 10789]
[10790 10889]
[10890 10995]
[10996 11105]
[11106 11216]
[11217 11337]
[11338 11462]
[11463 11658]
[11659 11696]
[11697 11945]
[11946 12118]
[12119 12314]
[12315 12570]
[12571 12718]
[12719 13001]
[13002 13070]
[13071 13131]
[13132 13192]
[13193 13259]
[13260 13320]
[13321 13384]
[13385 13458]
[13459 13526]
[13527 13594]
[13595 13657]
[13658 13734]
[13735 13799]
[13800 13862]
[13863 13953]
[13954 14028]
[14029 14120]
[14122 14154]
[14155 14282]
[14283 14407]
[14408 14850]
[14851 14913]
[14914 14975]
[14976 15033]
[15034 15137]
[15138 15191]
[15192 15249]
[15250 15308]
[15309 15370]
[15371 15432]
[15433 15797]
[15798 15884]
[15885 15935]
[15936 15999]
[16000 16072]
[16073 16138]
[16139 16250]
[16251 16326]
[16327 16407]
[16408 16875]
[16876 16935]
[16936 17004]
[17005 17175]
[17176 17235]
[17236 17359]
[17360 17892]
[17893 17954]
[17955 18030]
[18031 18131]
[18132 18218]
[18219 18328]
[18329 18370]
[18371 18604]
[18605 18683]
[18684 18787]
[18788 18881]
[18882 18990]
[18991 19297]
[19298 19382]
[19383 19470]
[19471 19602]
[19603 19679]
[19680 19757]
[19758 19845]
[19846 20435]
[20436 20907]
[20908 20999]
