[ 0 29]
[30 81]
[ 82 181]
[182 250]
[251 297]
[298 348]
[349 397]
[398 459]
[460 511]
[512 557]
[558 666]
[667 729]
[730 785]
[786 820]
[821 864]
[ 865 1345]
[1346 1431]
[1432 1485]
[1486 1504]
[1505 1546]
[1547 1568]
[1569 1600]
[1601 1619]
[1620 1641]
[1642 1661]
[1662 1689]
[1690 1722]
[1723 1756]
[1757 1794]
[1795 2289]
[2290 2813]
[2814 3444]
[3445 3791]
[3792 3867]
[3868 3911]
[3912 4031]
[4032 4159]
[4160 4248]
[4249 4321]
[4322 4401]
[4402 4621]
[4622 4706]
[4707 4789]
[4790 4870]
[4871 4941]
[4942 5009]
[5010 5074]
[5075 5120]
[5121 5166]
[5167 5209]
[5210 5254]
[5255 5299]
[5300 5412]
[5413 5467]
[5468 5622]
[5623 5749]
[5750 5945]
[5946 6143]
[6144 6260]
[6261 6320]
[6321 6364]
[6365 6401]
[6402 6432]
[6433 6467]
[6468 7085]
[7086 7159]
[7160 7255]
[7256 7375]
[7376 7495]
[7496 7603]
[7604 7651]
[7652 8165]
[8166 8213]
[8214 8252]
[8253 8304]
[8305 8359]
[8360 8486]
[8487 8539]
[8540 8596]
[8597 9048]
[9049 9121]
[9122 9192]
[9193 9246]
[9247 9290]
[9291 9326]
[9327 9366]
[9367 9417]
[9418 9457]
[9458 9474]
[9475 9508]
[9509 9551]
[9552 9637]
[ 9638 10123]
[10124 10577]
[10578 10643]
[10644 10739]
[10740 10848]
[10849 10924]
[10925 11079]
[11080 11172]
[11173 11320]
[11321 11654]
[11655 11743]
[11744 11852]
[11853 11953]
[11954 12049]
[12050 12132]
[12133 12233]
[12234 12349]
[12350 12428]
[12429 12502]
[12503 12603]
[12604 12824]
[12825 13181]
[13182 13278]
[13279 13323]
[13324 13386]
[13387 13536]
[13537 13642]
[13643 13725]
[13726 13786]
[13787 13858]
[13859 13930]
[13931 14289]
[14290 14361]
[14362 14468]
[14469 14537]
[14538 14604]
[14605 14662]
[14663 14703]
[14704 14860]
[14861 14879]
[14880 14921]
[14922 14943]
[14944 14975]
[14976 14994]
[14995 15016]
[15017 15036]
[15037 15064]
[15065 15097]
[15098 15131]
[15132 15169]
[15170 15255]
[15256 15977]
[15978 16183]
[16184 16449]
[16450 16686]
[16688 16786]
[16787 16876]
[16877 16934]
[16935 17005]
[17006 17112]
[17113 17147]
[17148 17289]
[17290 17373]
[17374 17466]
[17467 17585]
[17586 17688]
[17689 17772]
[17773 17859]
[17860 17949]
[17950 18054]
[18055 18133]
[18134 18209]
[18210 18411]
[18412 18485]
[18486 18574]
[18575 18952]
[18953 19061]
[19062 19131]
[19132 19252]
[19253 19422]
[19423 19499]
[19500 19569]
[19570 19666]
[19667 19763]
[19764 19844]
[19845 19997]
[19998 20137]
[20138 20227]
[20228 20266]
[20267 20357]
[20358 20428]
[20429 20513]
[20514 20583]
[20584 20870]
[20871 20995]
[20996 21078]
[21079 21258]
[21259 21341]
[21342 21570]
[21571 22043]
[22044 22060]
[22061 22149]
