[ 0 29]
[30 81]
[ 82 181]
[182 210]
[211 244]
[245 273]
[274 312]
[313 353]
[354 392]
[393 425]
[426 456]
[457 486]
[487 508]
[509 629]
[630 668]
[669 704]
[ 705 1161]
[1162 1247]
[1248 1301]
[1302 1320]
[1321 1362]
[1363 1384]
[1385 1416]
[1417 1435]
[1436 1457]
[1458 1477]
[1478 1505]
[1506 1538]
[1539 1572]
[1573 1610]
[1611 1993]
[1994 2029]
[2030 2060]
[2061 2089]
[2090 2184]
[2185 2238]
[2239 2297]
[2298 2381]
[2382 2454]
[2455 2519]
[2520 2588]
[2589 2668]
[2669 2733]
[2734 2809]
[2810 2874]
[2875 3746]
[3747 3917]
[3918 4001]
[4002 4105]
[4106 4163]
[4164 4237]
[4238 4305]
[4306 4320]
[4321 4647]
[4648 4708]
[4709 4763]
[4764 4823]
[4824 5127]
[5128 5307]
[5308 5535]
[5536 5733]
[5734 5881]
[5882 6669]
[6670 6994]
[6995 7190]
[7191 7266]
[7267 7540]
[7541 7777]
[7778 7909]
[7910 8020]
[8021 8094]
[8095 8250]
[8251 8310]
[8311 8645]
[8646 8713]
[8714 8805]
[8806 8879]
[8880 8948]
[8949 9012]
[9013 9084]
[9085 9150]
[9151 9227]
[9228 9303]
[9304 9338]
[9339 9835]
[9836 9893]
[9894 9943]
[9944 9995]
[ 9996 10037]
[10038 10070]
[10071 10109]
[10110 10165]
[10166 10208]
[10209 10248]
[10249 10287]
[10288 10320]
[10321 10368]
[10369 10411]
[10412 10447]
[10448 10491]
[10492 10636]
[10637 10713]
[10714 10763]
[10764 10802]
[10803 10840]
[10841 10881]
[10882 10975]
[10976 11050]
[11051 11100]
[11101 11151]
[11152 11217]
[11218 11262]
[11263 11313]
[11314 11360]
[11361 11396]
[11397 11438]
[11439 11500]
[11501 11586]
[11587 11928]
[11929 12006]
[12007 12080]
[12081 12316]
[12317 12383]
[12384 12458]
[12459 12532]
[12533 12622]
[12623 12700]
[12701 12785]
[12786 12862]
[12863 12924]
[12925 12993]
[12994 13071]
[13072 13160]
[13161 13232]
[13233 13297]
[13298 13370]
[13371 13449]
[13450 13473]
[13474 14004]
[14005 14060]
[14061 14110]
[14111 14176]
[14177 14234]
[14235 14292]
[14293 14370]
[14371 14424]
[14425 14476]
[14477 14534]
[14535 14588]
[14589 14659]
[14660 14713]
[14714 14780]
[14781 14844]
[14845 14901]
[14902 14971]
[14972 15025]
[15026 15121]
[15122 15417]
[15418 15677]
[15678 16361]
[16362 16380]
[16381 16422]
[16423 16444]
[16445 16476]
[16477 16495]
[16496 16517]
[16518 16536]
[16537 16565]
[16566 16598]
[16599 16632]
[16633 16670]
[16671 16756]
[16757 17260]
[17261 17298]
[17299 17339]
[17340 17399]
[17400 17468]
[17469 17531]
[17532 17581]
[17582 17636]
[17637 18045]
[18046 18091]
[18092 18149]
[18150 18207]
[18208 18256]
[18257 18302]
[18303 18336]
[18337 18382]
[18383 18458]
[18459 18548]
[18549 18733]
[18734 19039]
[19040 19091]
[19092 19147]
[19148 19192]
[19193 19241]
[19242 19278]
[19279 19321]
[19322 19365]
[19366 19428]
[19429 19492]
[19493 19544]
[19545 19777]
[19778 19824]
[19825 19876]
[19877 19946]
[19947 20063]
[20064 20129]
[20130 20196]
[20197 20251]
[20252 20488]
[20489 20907]
[20908 21380]
[21381 21499]
