[ 0 29]
[30 81]
[ 82 216]
[217 254]
[255 333]
[334 404]
[405 534]
[535 609]
[610 701]
[702 789]
[790 852]
[853 872]
[ 873 1290]
[1291 1344]
[1345 1444]
[1445 1498]
[1499 1517]
[1518 1559]
[1560 1581]
[1582 1613]
[1614 1632]
[1633 1654]
[1655 1673]
[1674 1702]
[1703 1735]
[1736 1830]
[1831 2240]
[2241 2318]
[2319 2377]
[2378 2506]
[2507 2612]
[2613 2724]
[2725 2778]
[2779 2910]
[2911 3002]
[3003 3112]
[3113 3183]
[3184 3277]
[3278 3343]
[3344 3706]
[3707 3914]
[3915 3973]
[3974 4049]
[4050 4119]
[4120 4345]
[4346 4401]
[4402 4549]
[4550 4690]
[4691 4819]
[4820 4961]
[4962 5075]
[5076 5315]
[5316 5386]
[5387 5431]
[5432 5901]
[5902 5975]
[5976 6040]
[6041 6105]
[6106 6181]
[6182 6250]
[6251 6325]
[6326 6411]
[6412 6491]
[6492 6576]
[6577 6817]
[6818 6908]
[6909 6933]
[6934 7758]
[7759 7844]
[7845 7921]
[7922 8007]
[8008 8132]
[8133 8180]
[8181 8280]
[8281 8621]
[8622 8699]
[8700 8790]
[8791 8907]
[8908 9025]
[9026 9116]
[9117 9273]
[9274 9651]
[9652 9732]
[9733 9922]
[ 9923 10149]
[10150 10427]
[10428 10497]
[10498 10773]
[10774 10860]
[10861 10964]
[10965 11061]
[11062 11148]
[11149 11235]
[11236 11323]
[11324 11422]
[11423 11522]
[11523 11625]
[11626 11699]
[11700 12037]
[12038 12117]
[12118 12198]
[12199 12277]
[12278 12355]
[12356 12434]
[12435 12513]
[12514 12593]
[12594 12640]
[12641 12686]
[12687 12761]
[12762 12853]
[12854 12887]
[12888 13015]
[13016 13140]
[13141 13541]
[13542 13629]
[13630 13695]
[13696 13802]
[13803 13941]
[13942 14048]
[14049 14082]
[14083 14122]
[14123 14195]
[14196 14499]
[14500 14611]
[14612 14739]
[14740 14826]
[14827 14951]
[14952 15059]
[15060 15122]
[15123 15223]
[15224 15288]
[15289 15475]
[15476 15611]
[15612 15668]
[15669 16026]
[16027 16178]
[16179 16352]
[16353 16438]
[16439 16636]
[16637 16723]
[16724 16768]
[16769 16841]
[16842 16958]
[16959 17049]
[17050 17418]
[17419 17501]
[17502 17639]
[17640 17991]
[17992 18060]
[18061 18100]
[18101 18172]
[18173 18246]
[18247 18301]
[18302 18395]
[18396 18461]
[18462 18520]
[18521 18669]
[18670 19218]
[19219 19690]
[19691 19799]
