[ 0 29]
[30 81]
[ 82 241]
[242 305]
[306 358]
[359 414]
[415 468]
[469 574]
[575 628]
[629 682]
[683 736]
[737 790]
[791 844]
[845 902]
[903 950]
[ 951 1001]
[1002 1041]
[1042 1508]
[1509 1562]
[1563 1581]
[1582 1623]
[1624 1645]
[1646 1677]
[1678 1696]
[1697 1718]
[1719 1738]
[1739 1766]
[1767 1799]
[1800 1833]
[1834 1871]
[1872 1971]
[1972 2265]
[2266 2331]
[2332 2405]
[2406 2496]
[2497 2518]
[2519 2562]
[2563 2614]
[2615 2651]
[2652 2730]
[2731 2823]
[2824 2881]
[2882 3002]
[3003 3055]
[3056 3164]
[3165 3181]
[3182 3794]
[3795 3820]
[3821 3941]
[3942 4030]
[4031 4113]
[4114 4220]
[4221 4291]
[4292 4351]
[4352 5797]
[5798 5840]
[5841 5917]
[5918 6122]
[6123 6254]
[6255 6332]
[6333 6367]
[6368 6432]
[6433 6501]
[6502 6570]
[6571 6989]
[6990 7077]
[7078 7221]
[7222 7308]
[7309 7450]
[7451 7621]
[7622 7762]
[7763 7870]
[7871 7941]
[7942 8027]
[8028 8081]
[8082 8537]
[8538 8628]
[8629 8715]
[8716 8789]
[8790 8877]
[8878 8961]
[8962 9054]
[9055 9281]
[9282 9432]
[9433 9532]
[9533 9829]
[9830 9912]
[ 9913 10008]
[10009 10105]
[10106 10236]
[10237 10333]
[10334 10430]
[10431 10579]
[10580 10705]
[10706 10763]
[10764 10812]
[10813 11066]
[11067 11130]
[11131 11189]
[11190 11247]
[11248 11414]
[11415 11545]
[11546 12482]
[12483 12746]
[12747 12797]
[12798 12929]
[12930 13015]
[13016 13100]
[13101 13179]
[13180 13264]
[13265 13373]
[13374 13456]
[13457 13538]
[13539 13622]
[13623 13668]
[13669 13743]
[13744 13835]
[13837 13869]
[13870 13997]
[13998 14122]
[14123 14571]
[14572 14609]
[14610 14646]
[14647 14677]
[14678 14804]
[14805 14853]
[14854 14964]
[14965 15200]
[15201 15288]
[15289 15380]
[15381 15452]
[15453 15636]
[15637 15699]
[15700 15830]
[15831 15877]
[15878 15967]
[15968 16012]
[16013 16073]
[16074 16159]
[16161 16228]
[16230 16300]
[16301 16329]
[16330 16676]
[16677 16788]
[16789 16876]
[16877 16920]
[16921 17126]
[17127 17205]
[17206 17366]
[17367 17464]
[17465 17636]
[17637 17782]
[17783 17956]
[17957 18156]
[18157 18424]
[18425 18504]
[18505 18655]
[18656 18934]
[18935 19046]
[19047 19743]
[19744 19832]
[19833 19948]
[19949 19976]
[19977 20084]
[20085 20121]
[20122 20271]
[20272 20977]
[20978 21532]
[21533 21649]
