[ 0 27]
[ 28 272]
[273 333]
[334 376]
[377 406]
[407 437]
[438 460]
[461 500]
[501 529]
[530 558]
[559 584]
[585 596]
[597 610]
[611 641]
[642 652]
[653 710]
[711 744]
[745 775]
[776 804]
[805 830]
[831 907]
[ 908 1351]
[1352 1651]
[1652 1725]
[1726 1819]
[1820 1941]
[1942 2027]
[2028 2105]
[2106 2155]
[2156 2201]
[2202 2251]
[2252 2387]
[2388 2440]
[2441 2473]
[2474 2549]
[2550 2620]
[2621 2659]
[2660 2777]
[2778 2835]
[2836 2858]
[2859 2909]
[2910 2948]
[2949 3358]
[3359 3485]
[3486 3525]
[3526 3629]
[3630 3723]
[3724 3797]
[3798 3943]
[3944 3999]
[4000 4059]
[4060 4115]
[4116 4182]
[4183 4250]
[4251 4306]
[4307 4399]
[4400 4452]
[4453 4491]
[4492 4583]
[4584 4630]
[4631 4680]
[4681 4719]
[4720 4777]
[4778 4865]
[4866 5088]
[5089 5157]
[5158 5213]
[5214 5256]
[5257 5311]
[5312 5365]
[5366 5440]
[5441 5515]
[5516 5551]
[5552 5640]
[5641 5710]
[5711 5766]
[5767 5825]
[5826 5859]
[5860 5926]
[5927 5983]
[5984 6034]
[6035 6083]
[6084 6119]
[6120 6483]
[6484 6550]
[6551 6598]
[6599 6634]
[6635 6688]
[6689 6718]
[6719 6753]
[6754 6944]
[6945 7001]
[7002 7068]
[7069 7129]
[7130 7183]
[7184 7321]
[7322 7591]
[7592 7697]
[7698 7742]
[7743 7806]
[7807 7859]
[7860 7898]
[7899 7985]
[7986 8032]
[8033 8468]
[8469 9131]
[9132 9187]
[9188 9224]
[9225 9252]
[9253 9357]
[9358 9465]
[9466 9517]
[9518 9600]
[9601 9637]
[9638 9666]
[9667 9697]
[9698 9797]
[ 9798 10019]
[10020 10210]
[10211 10258]
[10259 10308]
[10309 10317]
[10318 10358]
[10359 10402]
[10403 10483]
[10484 10523]
[10524 10574]
[10575 10616]
[10617 10655]
[10656 10690]
[10691 10740]
[10741 10797]
[10798 10832]
[10833 10880]
[10881 10906]
[10907 10931]
[10932 10952]
[10953 10977]
[10978 11009]
[11010 11053]
[11054 11095]
[11096 11131]
[11132 11231]
[11232 11534]
[11535 11607]
[11608 11647]
[11648 11690]
[11691 11742]
[11743 11863]
[11864 11898]
[11899 11954]
[11955 12149]
[12150 12269]
[12270 12333]
[12334 12397]
[12398 12471]
[12472 12534]
[12535 12615]
[12616 12663]
[12664 12705]
[12706 12747]
[12748 12789]
[12790 12864]
[12866 13084]
[13085 13344]
[13345 13415]
[13416 13479]
[13480 13537]
[13538 13599]
[13600 13659]
[13660 13825]
[13826 14002]
[14003 14027]
[14028 14080]
[14081 14134]
[14135 14158]
[14159 14217]
[14218 14243]
[14244 14278]
[14279 14317]
[14318 14380]
[14381 14427]
[14428 14605]
[14606 14711]
[14712 14756]
[14757 14806]
[14807 14874]
[14875 14915]
[14916 15139]
[15140 15228]
[15229 15303]
[15304 15378]
[15379 15448]
[15449 15545]
[15546 15587]
[15588 15669]
[15670 15690]
[15691 15718]
[15719 15750]
[15751 15809]
[15810 15891]
[15892 15932]
[15933 15991]
[15992 16058]
[16059 16413]
[16415 16533]
[16534 16592]
[16593 16636]
[16637 16689]
[16690 16763]
[16764 16825]
[16826 16900]
[16901 16957]
[16958 17009]
[17010 17071]
[17072 17135]
[17136 17220]
[17221 17260]
[17261 17748]
[17749 17764]
[17765 17798]
[17799 17832]
[17833 17853]
[17854 17919]
[17920 17953]
[17954 18021]
[18022 18255]
[18256 18440]
[18441 18493]
[18494 18535]
[18536 18583]
[18584 18614]
[18615 18896]
[18897 19002]
[19003 19093]
[19094 19156]
[19157 19225]
[19227 19269]
[19270 19626]
[19627 19789]
[19790 19862]
[19863 19955]
[19956 20046]
[20047 20108]
[20109 20175]
[20176 20252]
[20253 20328]
[20329 20397]
[20398 20467]
[20468 20523]
[20524 20813]
[20814 20894]
[20895 20970]
[20971 21017]
[21018 21093]
[21094 21178]
[21179 21253]
[21254 21312]
[21313 21421]
[21422 21500]
[21501 21580]
[21581 21698]
[21699 21730]
[21731 21782]
[21783 22104]
[22105 22237]
[22238 22424]
[22425 22547]
[22548 22642]
[22643 22781]
[22782 22890]
[22891 23430]
[23431 23531]
