[0 6]
[ 7 69]
[ 70 434]
[435 494]
[495 539]
[540 559]
[560 621]
[622 660]
[661 690]
[691 716]
[717 745]
[746 845]
[846 870]
[871 895]
[896 970]
[ 971 1069]
[1071 1550]
[1551 1639]
[1640 1678]
[1679 1758]
[1759 1832]
[1833 1901]
[1902 1967]
[1968 2142]
[2143 2242]
[2243 2294]
[2295 2346]
[2347 2403]
[2404 2551]
[2552 2667]
[2668 2704]
[2705 2744]
[2745 2824]
[2825 2868]
[2869 2925]
[2926 2977]
[2978 3022]
[3023 3051]
[3052 3434]
[3435 3542]
[3543 3595]
[3596 3862]
[3863 3914]
[3915 3975]
[3976 4029]
[4031 4082]
[4083 4099]
[4100 4142]
[4143 4162]
[4163 4220]
[4221 4276]
[4277 4304]
[4305 4353]
[4354 4405]
[4406 4444]
[4445 4469]
[4470 4503]
[4504 4581]
[4582 4651]
[4652 4681]
[4682 4704]
[4705 4750]
[4751 4778]
[4779 4800]
[4801 4820]
[4821 4878]
[4879 4928]
[4929 4970]
[4971 5004]
[5005 5062]
[5063 5153]
[5154 5243]
[5244 5321]
[5322 5691]
[5692 5787]
[5788 5873]
[5874 5925]
[5926 6034]
[6035 6129]
[6130 6215]
[6216 6286]
[6287 6364]
[6365 6526]
[6527 6580]
[6581 6700]
[6701 6790]
[6791 6842]
[6843 6904]
[6905 6937]
[6938 6964]
[6965 7083]
[7084 7145]
[7146 7183]
[7184 7568]
[7569 7616]
[7617 7656]
[7657 7686]
[7687 7722]
[7723 7754]
[7755 7788]
[7789 7867]
[7868 7892]
[7893 7917]
[7918 7945]
[7946 8015]
[8016 8065]
[8066 8149]
[8150 8200]
[8201 8236]
[8237 8272]
[8273 8307]
[8308 8328]
[8329 8422]
[8423 8538]
[8539 8568]
[8569 8653]
[8654 8697]
[8698 8747]
[8748 8790]
[8791 8820]
[8821 8864]
[8865 8903]
[8905 9346]
[9347 9449]
[9450 9559]
[9560 9640]
[9641 9723]
[9724 9805]
[9806 9920]
[ 9921 10176]
[10177 10238]
[10239 10315]
[10316 10385]
[10386 10460]
[10461 10543]
[10544 10599]
[10600 10676]
[10677 11319]
[11320 11365]
[11366 11426]
[11427 11476]
[11477 11537]
[11538 11589]
[11590 11639]
[11640 11684]
[11685 11739]
[11740 11798]
[11799 11845]
[11846 11887]
[11888 11926]
[11927 11950]
[11951 11992]
[11993 12032]
[12033 12071]
[12072 12117]
[12118 12165]
[12166 12216]
[12217 12267]
[12268 12299]
[12300 12334]
[12335 12375]
[12376 12421]
[12422 12478]
[12479 12527]
[12528 12573]
[12574 12624]
[12625 12661]
[12662 12688]
[12689 12716]
[12717 12744]
[12745 12805]
[12806 12855]
[12856 12886]
[12887 12927]
[12928 12985]
[12986 13023]
[13024 13109]
[13110 13147]
[13148 13248]
[13249 13592]
[13593 13725]
[13726 13802]
[13803 13891]
[13892 13957]
[13958 14062]
[14063 14184]
[14185 14248]
[14249 14401]
[14402 14595]
[14596 14646]
[14647 14707]
[14708 14726]
[14727 14801]
[14802 14892]
[14893 14954]
[14955 14992]
[14993 15022]
[15023 15060]
[15061 15619]
[15620 15687]
[15688 15749]
[15750 15769]
[15770 15870]
[15871 15966]
[15967 16026]
[16027 16081]
[16082 16126]
[16127 16249]
[16250 16346]
[16347 16381]
[16382 16443]
[16444 16545]
[16546 16594]
[16595 16660]
[16661 16712]
[16713 16759]
[16760 16779]
[16780 16805]
[16806 16867]
[16868 16958]
[16959 17044]
[17045 17094]
[17095 17152]
[17153 17205]
[17206 17251]
[17252 17292]
[17293 17371]
[17372 17471]
[17472 17522]
[17523 17589]
[17590 17698]
[17699 17775]
[17776 17906]
[17907 18118]
[18119 18194]
[18195 18250]
[18251 18324]
[18325 18384]
[18385 18434]
[18435 18571]
[18572 18633]
[18634 18666]
[18667 18756]
[18757 18778]
[18779 18827]
[18828 18874]
[18875 18953]
[18954 18982]
[18983 19007]
[19008 19032]
[19033 19142]
[19143 19165]
[19166 19267]
[19268 19317]
[19318 19421]
[19422 19473]
[19474 19516]
[19517 19558]
[19559 19586]
[19587 19604]
[19605 19633]
[19634 19663]
[19664 19928]
[19930 20053]
[20054 20161]
[20162 20190]
[20191 20236]
[20237 20285]
[20286 20322]
[20323 20373]
[20374 20421]
[20422 20491]
[20493 20549]
[20550 20571]
[20572 20737]
[20738 20926]
[20927 21099]
[21100 21181]
[21182 21265]
[21266 21322]
[21323 21386]
[21387 21455]
[21456 21565]
[21566 21683]
[21684 21896]
[21897 21985]
[21986 22109]
[22110 22280]
[22281 22657]
[22659 23066]
[23067 23355]
[23356 23530]
[23531 23593]
[23594 23791]
[23792 23875]
[23876 24083]
[24084 24175]
[24177 24327]
[24328 24523]
[24524 24566]
[24567 24611]
[24612 24630]
[24631 24763]
[24764 24847]
[24848 24888]
[24889 24987]
[24988 25034]
[25035 25068]
[25069 25128]
[25129 25152]
[25153 25217]
[25218 25335]
[25336 25368]
[25369 25693]
[25694 25789]
[25790 25853]
[25854 25919]
[25920 26001]
[26002 26069]
[26070 26135]
[26136 26210]
[26211 26301]
[26302 26395]
[26396 26447]
[26448 26541]
[26542 26591]
[26592 26832]
[26833 26965]
[26966 27104]
[27105 27239]
[27240 27330]
[27331 27366]
[27367 27435]
[27436 27522]
[27523 27572]
[27573 27598]
[27599 27816]
[27817 27880]
[27881 27996]
[27997 28115]
[28116 28240]
[28241 28361]
[28362 28420]
[28421 28493]
[28494 28543]
[28544 28760]
[28761 28850]
[28851 28986]
[28987 29087]
[29088 29171]
[29172 29222]
[29223 29303]
[29304 29520]
[29521 29697]
[29698 29760]
[29761 30068]
[30069 30163]
[30164 30228]
[30229 30337]
[30338 30484]
[30485 30593]
[30594 30718]
[30719 30831]
[30832 30954]
[30955 31025]
[31026 31116]
[31117 31207]
[31208 31284]
[31285 31476]
[31477 31975]
[31976 32219]
[32220 32309]
[32310 32388]
[32389 32536]
[32537 32597]
[32598 32650]
[32651 32712]
[32713 32810]
[32811 32916]
[32917 33175]
[33176 33217]
[33218 33375]
[33376 33434]
[33435 33563]
[33564 33614]
[33615 33745]
[33746 33817]
[33818 33946]
[33947 34015]
[34016 34081]
[34082 34129]
[34130 34297]
[34298 34353]
[34354 34425]
[34426 34514]
[34515 34589]
[34590 34665]
[34666 34724]
[34725 34804]
[34805 34870]
[34871 34937]
[34938 35025]
[35026 35156]
[35157 35226]
[35227 35304]
[35305 35395]
[35396 35764]
[35765 36069]
[36070 36188]
[36189 36329]
[36330 36409]
[36410 36664]
[36665 36759]
