[ 0 26]
[ 27 294]
[295 349]
[350 405]
[406 429]
[430 451]
[452 476]
[477 508]
[509 573]
[574 600]
[601 624]
[625 649]
[650 676]
[677 703]
[ 704 1239]
[1240 1550]
[1551 1725]
[1726 1740]
[1741 2588]
[2589 2653]
[2654 2726]
[2727 2785]
[2786 2855]
[2856 2954]
[2955 2966]
[2967 3129]
[3130 3158]
[3159 3224]
[3225 3271]
[3272 3316]
[3317 3389]
[3390 3412]
[3413 3466]
[3467 3498]
[3499 3534]
[3535 3565]
[3566 3606]
[3607 3633]
[3634 3675]
[3676 3709]
[3710 3805]
[3806 3883]
[3884 3998]
[3999 4061]
[4062 4105]
[4106 4145]
[4146 4681]
[4682 4835]
[4836 4888]
[4889 4925]
[4926 5090]
[5091 5167]
[5168 5258]
[5259 5351]
[5352 5418]
[5419 5494]
[5495 5574]
[5575 5674]
[5675 5713]
[5714 5813]
[5814 5876]
[5877 5948]
[5949 6000]
[6001 6075]
[6076 6138]
[6139 6202]
[6203 6736]
[6737 6768]
[6769 6827]
[6828 6881]
[6882 6935]
[6936 6991]
[6992 7030]
[7031 7278]
[7279 7310]
[7311 7351]
[7352 7389]
[7390 7431]
[7432 7623]
[7624 7678]
[7679 7720]
[7721 7772]
[7773 7834]
[7835 7906]
[7907 7951]
[7952 8013]
[8014 8092]
[8093 8153]
[8154 8495]
[8496 8572]
[8573 8656]
[8657 8700]
[8701 8732]
[8733 8796]
[8797 8828]
[8829 8869]
[8870 8912]
[8913 8978]
[8979 9038]
[9039 9124]
[9125 9161]
[9162 9233]
[9234 9319]
[9320 9369]
[9370 9409]
[9410 9497]
[9498 9556]
[9557 9597]
[9598 9748]
[9749 9835]
[9836 9974]
[ 9975 10238]
[10239 10258]
[10259 10315]
[10316 10368]
[10369 10417]
[10418 10495]
[10496 10677]
[10678 10714]
[10715 10838]
[10839 10902]
[10903 11003]
[11004 11075]
[11076 11118]
[11119 11182]
[11183 11209]
[11210 11270]
[11271 11402]
[11403 11430]
[11431 11485]
[11486 11551]
[11552 11743]
[11744 11795]
[11796 11832]
[11833 11923]
[11924 11972]
[11973 12009]
[12010 12038]
[12039 12092]
[12093 12183]
[12184 12502]
[12503 12771]
[12772 12865]
[12866 12930]
[12931 13629]
[13630 13878]
[13879 13925]
[13926 13992]
[13993 14051]
[14052 14104]
[14105 14160]
[14161 14299]
[14300 14335]
[14336 14508]
[14509 14562]
[14563 14623]
[14624 14681]
[14682 14735]
[14736 14800]
[14801 14867]
[14868 14947]
[14948 15289]
[15290 15339]
[15340 15424]
[15425 15461]
[15462 15545]
[15546 15588]
[15589 15645]
[15646 15712]
[15713 15858]
[15859 15913]
[15914 16006]
[16007 16142]
[16143 16184]
[16185 16237]
[16238 16268]
[16269 16302]
[16303 16371]
[16372 16481]
[16482 16718]
[16719 16824]
[16825 16953]
[16954 17010]
[17011 17103]
[17104 17182]
[17183 17232]
[17233 17296]
[17297 17335]
[17336 17417]
[17418 17505]
[17506 17800]
[17801 17868]
[17869 17932]
[17933 18055]
[18056 18386]
[18387 18547]
[18548 18601]
[18602 18734]
[18735 18982]
[18983 19333]
[19334 19394]
[19395 19412]
[19413 19444]
[19445 19456]
[19457 19649]
[19650 19722]
[19723 19837]
[19838 19904]
[19905 19957]
[19958 20042]
[20043 20095]
[20096 20138]
[20139 20169]
[20170 20223]
[20224 20263]
[20264 20349]
[20350 20415]
[20416 20456]
[20457 20488]
[20489 20585]
[20586 20634]
[20635 20687]
[20688 20734]
[20735 20852]
[20853 20881]
[20882 20960]
[20961 21068]
[21069 21142]
[21143 21166]
[21167 21239]
[21240 21276]
[21277 21324]
[21325 21579]
[21580 21625]
[21626 21701]
[21702 21776]
[21777 21855]
[21856 21930]
[21931 22001]
[22002 22071]
[22072 22136]
[22137 22198]
[22199 22252]
[22253 22298]
[22299 22354]
[22355 22791]
[22792 22920]
[22921 22975]
[22976 23023]
[23024 23099]
[23100 23246]
[23247 23323]
[23324 23356]
[23357 23868]
[23869 24318]
[24319 24658]
[24659 24859]
[24860 24974]
[24975 25022]
[25023 25081]
[25082 25129]
[25130 25197]
[25198 25283]
[25284 25521]
[25522 25699]
[25700 25751]
[25752 25803]
[25804 25871]
[25872 25921]
[25922 25984]
[25985 26044]
[26045 26106]
[26107 26168]
[26169 26226]
[26227 26285]
[26286 26336]
[26337 26393]
[26394 26449]
[26450 26511]
[26512 26582]
[26583 26639]
[26640 26694]
[26695 26743]
[26744 27073]
[27074 27217]
[27218 27400]
[27401 27449]
[27450 27511]
[27512 27692]
[27693 27817]
[27818 27875]
[27876 27950]
[27951 28259]
[28260 28695]
[28696 28787]
[28788 28907]
[28908 28982]
[28983 29121]
[29122 29196]
[29197 29359]
[29360 29650]
[29651 29659]
[29660 29706]
[29707 29729]
[29730 29807]
[29808 29840]
[29841 29875]
[29876 29898]
[29899 29964]
[29965 30010]
[30011 30064]
[30065 30084]
[30085 30123]
[30124 30172]
[30173 30203]
[30204 30314]
[30315 30376]
[30377 30438]
[30439 30591]
[30592 30906]
[30907 31096]
[31097 31148]
[31149 31211]
[31213 31270]
[31271 31396]
[31397 31455]
[31456 31501]
[31502 31552]
[31553 31597]
[31598 31656]
[31657 31745]
[31746 32098]
[32099 32191]
