[ 0 31]
[ 32 685]
[686 737]
[738 783]
[784 823]
[824 864]
[865 894]
[895 924]
[925 957]
[958 988]
[ 989 1021]
[1022 1052]
[1053 1083]
[1084 1112]
[1113 1167]
[1168 1554]
[1555 1588]
[1589 1639]
[1640 1805]
[1806 1825]
[1826 1843]
[1844 1916]
[1917 1956]
[1957 1979]
[1980 2034]
[2035 2054]
[2055 2105]
[2106 2124]
[2125 2227]
[2228 2256]
[2257 2276]
[2277 2363]
[2364 2471]
[2472 2511]
[2512 2542]
[2543 2582]
[2583 2630]
[2631 2783]
[2784 2928]
[2929 2978]
[2979 3088]
[3089 3268]
[3269 3449]
[3450 3469]
[3470 3498]
[3499 3544]
[3545 3610]
[3611 3653]
[3654 3682]
[3683 3702]
[3703 3772]
[3773 3852]
[3853 3880]
[3881 3932]
[3933 4010]
[4011 4420]
[4421 4479]
[4480 4531]
[4532 4626]
[4627 4676]
[4677 4718]
[4719 4769]
[4770 4813]
[4814 5012]
[5013 5103]
[5104 5291]
[5292 5325]
[5326 5351]
[5352 5407]
[5408 5509]
[5510 5600]
[5601 5641]
[5642 5702]
[5703 5741]
[5742 5776]
[5777 5844]
[5845 5892]
[5893 5928]
[5929 5967]
[5968 6090]
[6091 6245]
[6246 6346]
[6347 6407]
[6408 6519]
[6520 6563]
[6564 6693]
[6694 6766]
[6767 6890]
[6891 6914]
[6915 6946]
[6947 6985]
[6986 7146]
[7147 7183]
[7184 7214]
[7215 7328]
[7329 7404]
[7405 7498]
[7499 7800]
[7801 7865]
[7866 7950]
[7951 7990]
[7991 8059]
[8060 8237]
[8238 8378]
[8379 8450]
[8451 8549]
[8550 8632]
[8633 8686]
[8687 8767]
[8768 8823]
[8824 8927]
[8928 8969]
[8970 8995]
[8996 9032]
[9033 9058]
[9059 9082]
[9083 9554]
[9555 9628]
[9629 9693]
[9694 9761]
[9762 9829]
[9830 9905]
[9906 9959]
[ 9960 10018]
[10019 10083]
[10084 10150]
[10151 10211]
[10212 10259]
[10260 10299]
[10300 10363]
[10364 10418]
[10419 10489]
[10490 10540]
[10541 10607]
[10608 10685]
[10686 10749]
[10750 10814]
[10815 10861]
[10862 10963]
[10964 11328]
[11329 11345]
[11346 11357]
[11358 11408]
[11409 11436]
[11437 11461]
[11462 11568]
[11569 11642]
[11643 11847]
[11848 11993]
[11994 12042]
[12043 12205]
[12206 12219]
[12221 12303]
[12304 12407]
[12408 12544]
[12545 12584]
[12587 12670]
[12671 12734]
[12735 12763]
[12764 12890]
[12891 12930]
[12931 12950]
[12951 12985]
[12986 13024]
[13025 13070]
[13071 13138]
[13139 13175]
[13176 13334]
[13335 14018]
[14019 14312]
[14313 14587]
[14588 14718]
[14719 14831]
[14832 14924]
[14925 14994]
[14995 15099]
[15100 15503]
[15504 15549]
[15550 15611]
[15612 15675]
[15676 15762]
[15763 15816]
[15817 15852]
[15853 15904]
[15905 15943]
[15944 15964]
[15965 15984]
[15985 15999]
[16000 16074]
[16075 16115]
[16116 16170]
[16171 16211]
[16212 16335]
[16336 16363]
[16364 16405]
[16406 16424]
[16425 16444]
[16445 16503]
[16504 16590]
[16591 16822]
[16823 16864]
[16865 17071]
[17072 17145]
[17146 17633]
[17634 17752]
[17753 17828]
[17829 17894]
[17895 17980]
[17981 18060]
[18061 18138]
[18139 18203]
[18204 18322]
[18323 18370]
[18371 18480]
[18481 18689]
[18690 18906]
[18907 19119]
[19120 19188]
[19189 19705]
[19706 19797]
[19798 19860]
[19861 19927]
[19928 19978]
[19979 20061]
[20062 20094]
[20095 20182]
[20183 20211]
[20212 20253]
[20254 20306]
[20307 20350]
[20351 20416]
[20417 20446]
[20447 20469]
[20470 20545]
[20546 20578]
[20579 20612]
[20613 20642]
[20643 20703]
[20704 20731]
[20732 20769]
[20770 20809]
[20810 20902]
[20903 21014]
[21015 21025]
[21026 21068]
[21069 21131]
[21132 21178]
[21179 21211]
[21212 21258]
[21259 21300]
[21301 21347]
[21348 21667]
[21668 21727]
[21728 21820]
[21821 21886]
[21887 21927]
[21928 21971]
[21972 22122]
[22123 22151]
[22152 22175]
[22176 22225]
[22226 22266]
[22267 22337]
[22338 22412]
[22413 22457]
[22458 22517]
[22518 22573]
[22574 22626]
[22627 22671]
[22672 22720]
[22721 22766]
[22767 22820]
[22821 22875]
[22876 22925]
[22926 22962]
[22963 23489]
[23490 23774]
[23775 23821]
[23822 23946]
[23947 24095]
[24096 24315]
[24316 24477]
[24478 24528]
[24529 24575]
[24576 24616]
[24617 24657]
[24658 24696]
[24697 24761]
[24762 24801]
[24802 24915]
[24916 25246]
[25247 25598]
[25599 26163]
[26164 26792]
[26793 26855]
[26856 26936]
[26937 27021]
[27022 27152]
[27153 27210]
[27211 27284]
[27285 27327]
[27328 27447]
[27448 27513]
[27514 27729]
[27730 27775]
[27776 27817]
[27818 27915]
[27916 27984]
[27985 28029]
[28030 28089]
[28090 28163]
[28164 28226]
[28227 28278]
[28279 28337]
[28338 28718]
[28719 28757]
[28758 28821]
[28822 28874]
[28875 28909]
[28910 28938]
[28939 28970]
[28971 28994]
[28995 29091]
[29092 29143]
[29144 29199]
[29200 29244]
[29245 29307]
[29308 29405]
[29406 29436]
[29437 29482]
[29483 29535]
[29536 29692]
[29693 29718]
[29719 29793]
[29794 29926]
[29927 29977]
[29978 30038]
[30039 30099]
[30100 30170]
[30171 30209]
[30210 30534]
[30535 30633]
[30634 30722]
[30723 30783]
[30784 30860]
[30861 30960]
[30961 31048]
[31049 31144]
[31145 31231]
[31232 31316]
[31317 31425]
[31426 31507]
[31508 31597]
[31598 31750]
[31751 31821]
[31822 31891]
[31892 31967]
[31968 32443]
[32444 32529]
[32530 32613]
[32614 32677]
[32678 32714]
[32715 32766]
[32767 32844]
[32845 32908]
[32909 32932]
[32933 32989]
[32990 33021]
[33022 33093]
[33094 33210]
[33211 33290]
[33291 33307]
[33308 33403]
[33404 33426]
[33427 33486]
[33487 33604]
[33605 33639]
[33640 34142]
[34143 34274]
[34275 34294]
[34295 34554]
[34555 34604]
[34605 34973]
[34975 35046]
