[ 0 24]
[ 26 466]
[467 527]
[528 560]
[561 611]
[612 654]
[655 694]
[695 738]
[739 779]
[780 837]
[838 874]
[875 902]
[903 925]
[926 997]
[ 998 1109]
[1110 1659]
[1660 1746]
[1747 1804]
[1805 1843]
[1844 1970]
[1971 2031]
[2032 2082]
[2083 2141]
[2142 2207]
[2208 2283]
[2284 2363]
[2364 2423]
[2424 2502]
[2503 2559]
[2560 2592]
[2593 2639]
[2640 2686]
[2687 2726]
[2727 2776]
[2777 2886]
[2887 3257]
[3259 3375]
[3376 3441]
[3442 3604]
[3605 3680]
[3681 3695]
[3696 3768]
[3769 3797]
[3798 4244]
[4245 4272]
[4273 4323]
[4324 4391]
[4392 4430]
[4431 4493]
[4494 4731]
[4732 4782]
[4783 5126]
[5127 5160]
[5161 5188]
[5189 5214]
[5215 5245]
[5246 5267]
[5268 5297]
[5298 5331]
[5332 5369]
[5370 5402]
[5403 5435]
[5436 5466]
[5467 5523]
[5524 6049]
[6050 6120]
[6121 6178]
[6179 6240]
[6241 6283]
[6284 6369]
[6370 6480]
[6481 6537]
[6538 6591]
[6592 6660]
[6661 6696]
[6697 6746]
[6747 6833]
[6834 6856]
[6857 6903]
[6904 6940]
[6941 6982]
[6983 7061]
[7062 7090]
[7091 7140]
[7141 7170]
[7171 7217]
[7218 7263]
[7264 7353]
[7354 7499]
[7500 7542]
[7543 7615]
[7616 7948]
[7949 8012]
[8013 8063]
[8064 8112]
[8113 8164]
[8165 8199]
[8200 8255]
[8256 8294]
[8295 8338]
[8339 8389]
[8390 8428]
[8429 8457]
[8458 8486]
[8487 8513]
[8514 8550]
[8551 8577]
[8578 8613]
[8614 8650]
[8651 8692]
[8693 8732]
[8733 8779]
[8780 8826]
[8827 8878]
[8879 9516]
[9517 9608]
[9609 9665]
[9666 9763]
[9764 9825]
[9826 9870]
[9871 9920]
[9921 9971]
[9972 9998]
[ 9999 10083]
[10084 10144]
[10145 10252]
[10253 10320]
[10321 10367]
[10368 10419]
[10420 10460]
[10461 10493]
[10494 10563]
[10564 10721]
[10722 10994]
[10995 11339]
[11340 11396]
[11397 11453]
[11454 11488]
[11489 11533]
[11534 11578]
[11579 11630]
[11631 11659]
[11660 11876]
[11877 12038]
[12039 12065]
[12066 12109]
[12110 12153]
[12154 12197]
[12198 12411]
[12412 12455]
[12456 12493]
[12494 12535]
[12536 12575]
[12576 12613]
[12614 12657]
[12658 12697]
[12698 12739]
[12740 12788]
[12789 13173]
[13174 13258]
[13260 13332]
[13333 13409]
[13410 13493]
[13494 13577]
[13578 13685]
[13686 13770]
[13771 13881]
[13882 14059]
[14060 14126]
[14127 14178]
[14179 14241]
[14242 14298]
[14299 14405]
[14406 14489]
[14490 14582]
[14583 14660]
[14661 14779]
[14780 14887]
[14888 15022]
[15023 15958]
[15959 16568]
[16569 17531]
[17532 17582]
[17583 17633]
[17634 17667]
[17668 17711]
[17712 17820]
[17821 17858]
[17859 17973]
[17974 18265]
[18266 18310]
[18311 18441]
[18442 18539]
[18540 18588]
[18589 18677]
[18678 18737]
[18738 18837]
[18838 18936]
[18937 19165]
[19166 19242]
[19243 19321]
[19322 19360]
[19361 19388]
[19389 19436]
[19437 19839]
[19840 19982]
[19983 20115]
[20116 20156]
[20157 20215]
[20216 20429]
[20430 20458]
[20459 20507]
[20508 20570]
[20571 20734]
[20735 20832]
[20833 20880]
[20881 20931]
[20932 21025]
[21026 21085]
[21086 21312]
[21314 21393]
[21394 21531]
[21532 21608]
[21609 21643]
[21644 21727]
[21728 21747]
[21748 21804]
[21805 21956]
[21957 22048]
[22049 22119]
[22120 22139]
[22140 22198]
[22199 22269]
[22270 22328]
[22329 22404]
[22405 22505]
[22506 22563]
[22564 22583]
[22584 22750]
[22751 22831]
[22832 22849]
[22850 22933]
[22934 23053]
[23054 23073]
[23074 23107]
[23108 23164]
[23165 23218]
[23219 23304]
[23305 23398]
[23399 23496]
[23497 23854]
[23855 24184]
[24185 24284]
[24285 24414]
[24415 24557]
[24558 24667]
[24668 24752]
[24753 24956]
[24957 25052]
[25053 25063]
[25066 25144]
[25145 25259]
[25260 25339]
[25340 25470]
[25471 25575]
[25576 25785]
[25786 25843]
[25844 25904]
[25905 26014]
[26015 26153]
[26154 26247]
[26248 26340]
[26341 26397]
[26398 26532]
[26533 26601]
[26602 26742]
[26743 26985]
[26986 27599]
[27600 27794]
[27797 27899]
[27900 28272]
[28273 28682]
[28683 28764]
[28765 28853]
[28854 28934]
[28935 29099]
[29100 29337]
[29338 29423]
[29424 29491]
[29492 29552]
[29553 29631]
[29632 29687]
[29688 29742]
[29743 29806]
[29807 29869]
[29870 29923]
[29924 30062]
[30063 30119]
[30120 30159]
[30160 30199]
[30200 30232]
[30233 30321]
[30322 30491]
[30492 30594]
[30595 30659]
[30660 30729]
[30730 30839]
[30840 30884]
[30885 30960]
[30961 31016]
[31017 31133]
[31134 31211]
[31212 31277]
[31278 31315]
[31316 31353]
[31354 31430]
[31431 31534]
[31535 31703]
[31704 31826]
[31827 31967]
[31968 32107]
[32108 32249]
[32250 32377]
[32378 32458]
[32459 33057]
[33058 33132]
[33133 33213]
[33214 33275]
[33276 33340]
[33341 33458]
[33459 33573]
[33574 33631]
[33632 33715]
[33716 33738]
[33739 33762]
[33763 33819]
[33820 33916]
[33917 34036]
[34037 34101]
[34102 34148]
[34149 34189]
[34190 34218]
[34219 34249]
[34250 34277]
[34278 34307]
[34308 34426]
[34427 34475]
[34476 34553]
[34554 34658]
