[  0 278]
[279 342]
[343 383]
[384 412]
[413 448]
[449 471]
[472 501]
[502 527]
[528 563]
[564 595]
[596 646]
[647 681]
[682 718]
[719 786]
[787 857]
[858 929]
[ 930 1288]
[1289 1363]
[1364 1420]
[1421 1496]
[1497 1578]
[1579 1635]
[1636 1713]
[1714 1824]
[1825 1906]
[1907 1924]
[1925 1944]
[1945 2149]
[2150 2212]
[2213 2278]
[2279 2357]
[2358 2395]
[2396 2420]
[2421 2463]
[2464 2510]
[2511 2584]
[2585 2635]
[2636 2693]
[2694 2725]
[2726 3119]
[3120 3200]
[3201 3233]
[3234 3338]
[3339 3381]
[3382 3424]
[3425 3467]
[3468 3503]
[3504 3557]
[3558 3625]
[3626 3852]
[3853 4001]
[4002 4044]
[4045 4076]
[4077 4124]
[4125 4203]
[4204 4254]
[4255 4319]
[4320 4368]
[4369 4441]
[4442 4870]
[4871 4975]
[4976 5001]
[5002 5036]
[5037 5083]
[5084 5110]
[5111 5189]
[5190 5319]
[5320 5344]
[5345 5416]
[5417 5453]
[5454 5479]
[5480 5524]
[5525 5555]
[5556 5585]
[5586 5609]
[5610 5651]
[5652 5672]
[5673 5687]
[5688 5720]
[5721 5759]
[5760 5806]
[5807 5834]
[5835 5855]
[5856 5896]
[5897 5926]
[5927 5958]
[5959 5986]
[5987 6019]
[6020 6029]
[6030 6092]
[6093 6169]
[6170 6203]
[6204 6239]
[6240 6282]
[6283 6298]
[6299 6343]
[6344 6413]
[6414 6933]
[6935 6978]
[6979 7018]
[7019 7075]
[7076 7121]
[7122 7166]
[7167 7237]
[7238 7289]
[7290 7335]
[7336 7429]
[7430 7454]
[7455 7495]
[7496 7551]
[7552 7607]
[7608 7679]
[7680 7730]
[7731 7769]
[7770 7829]
[7830 7866]
[7867 7926]
[7927 7981]
[7982 8168]
[8169 8208]
[8209 8290]
[8291 8369]
[8370 8452]
[8453 8852]
[8854 8911]
[8912 8946]
[8947 8974]
[8975 9040]
[9041 9083]
[9084 9142]
[9143 9221]
[9222 9293]
[9294 9338]
[9339 9376]
[9377 9411]
[9412 9447]
[9448 9515]
[9518 9578]
[9579 9610]
[9611 9636]
[9637 9677]
[9678 9751]
[9752 9782]
[9783 9817]
[9818 9858]
[9859 9893]
[9894 9949]
[ 9950 10007]
[10008 10025]
[10026 10055]
[10056 10106]
[10107 10246]
[10247 10733]
[10735 10800]
[10801 10840]
[10841 10897]
[10898 10955]
[10956 11017]
[11018 11080]
[11081 11181]
[11182 11228]
[11229 11275]
[11276 11741]
[11742 12081]
[12082 12133]
[12134 12183]
[12184 12208]
[12209 12248]
[12249 12321]
[12322 12364]
[12365 12422]
[12423 12482]
[12483 12518]
[12519 12559]
[12560 12602]
[12603 12652]
[12653 12712]
[12713 12762]
[12763 12902]
[12903 12930]
[12931 12969]
[12970 13012]
[13013 13038]
[13039 13083]
[13084 13133]
[13134 13195]
[13196 13237]
[13238 13346]
[13347 13731]
[13732 13822]
[13823 13972]
[13973 14123]
[14124 14318]
[14319 14402]
[14403 14791]
[14792 14844]
[14845 14914]
[14915 14967]
[14968 15025]
[15026 15072]
[15073 15172]
[15173 15220]
[15221 15279]
[15280 15401]
[15402 15465]
[15466 15503]
[15504 15549]
[15550 15596]
[15597 15724]
[15725 15790]
[15791 15867]
[15868 16415]
[16416 16659]
[16660 16749]
[16750 17128]
[17129 17235]
[17236 17325]
[17326 17425]
[17426 17546]
[17547 17579]
[17580 17695]
[17696 18115]
[18116 18182]
[18183 18221]
[18222 18274]
[18275 18328]
[18329 18361]
[18362 18419]
[18420 18475]
[18476 18552]
[18553 18600]
[18601 18700]
[18701 18815]
[18816 18984]
[18985 19123]
[19124 19222]
[19223 19296]
[19297 19503]
[19504 19696]
[19697 19747]
[19748 19819]
[19820 19871]
[19872 19987]
[19988 20030]
[20031 20154]
[20155 20199]
[20200 20256]
[20257 20320]
[20321 20372]
[20373 20406]
[20407 20493]
[20494 20575]
[20576 20630]
[20631 20693]
[20694 20780]
[20781 20824]
[20825 20890]
[20891 21356]
[21357 21403]
[21404 21450]
[21451 21525]
[21526 21595]
[21596 21618]
[21619 21656]
[21657 21723]
[21724 21732]
[21733 21849]
[21850 21910]
[21911 21953]
[21954 22022]
[22023 22095]
[22096 22147]
[22148 22179]
[22180 22234]
[22235 22263]
[22264 22292]
[22293 22341]
[22342 22355]
[22356 22417]
[22418 22462]
[22463 22519]
[22520 22561]
[22562 22611]
[22612 22696]
[22697 22844]
[22845 23264]
[23265 23363]
[23364 23439]
[23440 23522]
[23523 23638]
[23639 23688]
[23689 23798]
[23799 23892]
[23893 23933]
[23934 24168]
[24169 24278]
[24279 24311]
[24312 24412]
[24413 24517]
[24518 24565]
[24566 24711]
[24712 24752]
[24753 24901]
[24902 25031]
[25032 25068]
[25069 25123]
[25124 25179]
[25180 25310]
[25312 25431]
[25432 25894]
[25895 26013]
[26014 26376]
[26377 26630]
[26631 26740]
[26741 26823]
[26824 26871]
[26872 26983]
[26984 27198]
[27199 27549]
[27550 27618]
[27619 27697]
[27698 27754]
[27755 27823]
[27824 27921]
[27922 28006]
[28007 28102]
[28103 28156]
[28157 28297]
[28298 28364]
[28365 28437]
[28438 28660]
[28661 28721]
[28722 28821]
[28822 28911]
[28912 28980]
[28981 29034]
[29035 29183]
[29184 29240]
[29241 29330]
[29331 29413]
[29414 29719]
[29720 29954]
[29955 30080]
[30081 30176]
[30177 30259]
[30260 30425]
[30426 30535]
[30536 30751]
[30752 30842]
[30843 30921]
[30922 30950]
[30951 31008]
[31009 31133]
[31134 31238]
[31239 31312]
[31313 31398]
[31399 31485]
[31486 31706]
[31707 31795]
