[0 4]
[ 5 41]
[ 42 408]
[409 463]
[464 496]
[497 526]
[527 561]
[562 630]
[631 669]
[670 755]
[756 797]
[798 888]
[889 939]
[ 940 1049]
[1050 1477]
[1478 1546]
[1547 1604]
[1605 1676]
[1677 1752]
[1753 1790]
[1791 1832]
[1833 1896]
[1897 1966]
[1967 2023]
[2024 2063]
[2064 2141]
[2142 2236]
[2237 2274]
[2275 2308]
[2309 2344]
[2345 2427]
[2428 2457]
[2458 2499]
[2500 2550]
[2551 2590]
[2591 2628]
[2629 2659]
[2660 2690]
[2691 2798]
[2799 2847]
[2848 2934]
[2935 2970]
[2971 3005]
[3006 3045]
[3046 3554]
[3555 3672]
[3673 3817]
[3818 4001]
[4002 4160]
[4161 4246]
[4247 4289]
[4290 4427]
[4428 4559]
[4560 4717]
[4718 4752]
[4753 5331]
[5332 5380]
[5381 5435]
[5436 5530]
[5531 5577]
[5578 5619]
[5620 5668]
[5669 5706]
[5707 5753]
[5754 5890]
[5891 6036]
[6037 6115]
[6116 6180]
[6181 6276]
[6277 6346]
[6347 6432]
[6433 6512]
[6513 6592]
[6593 6720]
[6721 6754]
[6755 6794]
[6795 6829]
[6830 6887]
[6888 6956]
[6957 7032]
[7033 7375]
[7376 7438]
[7439 7490]
[7491 7534]
[7535 7605]
[7606 7634]
[7635 7675]
[7676 7745]
[7746 7811]
[7812 7889]
[7890 7924]
[7925 7985]
[7986 8088]
[8089 8145]
[8146 8242]
[8243 8314]
[8315 8380]
[8381 8548]
[8549 8606]
[8607 9020]
[9021 9281]
[9282 9358]
[9359 9420]
[9421 9503]
[9504 9550]
[9551 9590]
[9591 9710]
[9711 9742]
[9743 9782]
[9783 9825]
[9826 9879]
[9880 9962]
[ 9963 10026]
[10027 10161]
[10162 10219]
[10220 10283]
[10284 10341]
[10342 10379]
[10380 10416]
[10417 10479]
[10480 10606]
[10607 10929]
[10930 10960]
[10961 11027]
[11028 11138]
[11139 11228]
[11229 11293]
[11294 11383]
[11384 11433]
[11434 11489]
[11490 11534]
[11535 11638]
[11639 11681]
[11682 11690]
[11691 11755]
[11756 11810]
[11811 11858]
[11859 11933]
[11934 12022]
[12023 12063]
[12064 12086]
[12087 12149]
[12150 12212]
[12213 12257]
[12258 12291]
[12292 12361]
[12362 12691]
[12692 12859]
[12860 12978]
[12979 13096]
[13097 13209]
[13210 13752]
[13753 13824]
[13825 13967]
[13968 14302]
[14303 14374]
[14375 14450]
[14451 14510]
[14511 14641]
[14642 14684]
[14685 14896]
[14897 14912]
[14913 15004]
[15005 15055]
[15056 15174]
[15175 15323]
[15324 15384]
[15385 15604]
[15605 15964]
[15965 16109]
[16110 16194]
[16195 16242]
[16243 16314]
[16315 16364]
[16365 16460]
[16461 16495]
[16496 16526]
[16527 16650]
[16651 16686]
[16687 16729]
[16730 16755]
[16756 16795]
[16796 16835]
[16836 16899]
[16900 16960]
[16961 17011]
[17012 17082]
[17083 17294]
[17295 17463]
[17464 17604]
[17605 17671]
[17672 17726]
[17727 17778]
[17779 17848]
[17849 17890]
[17891 17949]
[17950 17997]
[17998 18059]
[18060 18117]
[18118 18222]
[18223 18264]
[18265 18341]
[18342 18421]
[18422 18468]
[18469 18509]
[18510 18556]
[18557 18596]
[18597 18707]
[18708 18803]
[18804 18851]
[18852 19184]
[19185 19223]
[19224 19305]
[19306 19394]
[19395 19459]
[19460 19561]
[19562 19641]
[19642 19680]
[19681 19719]
[19720 19758]
[19759 19868]
[19869 20007]
[20008 20118]
[20119 20142]
[20143 20196]
[20197 20241]
[20242 20315]
[20316 20372]
[20373 20580]
[20581 20638]
[20639 20702]
[20703 20760]
[20761 20826]
[20827 20869]
[20870 20906]
[20907 21591]
[21592 21770]
[21771 21858]
[21859 21980]
[21981 22014]
[22015 22108]
[22109 22182]
[22183 22291]
[22292 22408]
[22409 22514]
[22515 22577]
[22578 22982]
[22983 23042]
[23043 23082]
[23083 23167]
[23168 23234]
[23235 23369]
[23370 24069]
[24070 24110]
[24111 24142]
[24143 24183]
[24184 24641]
[24643 24705]
[24706 24771]
[24772 24791]
[24792 24892]
[24893 24963]
[24964 25061]
[25062 25170]
[25171 25292]
[25293 25369]
[25370 25446]
[25447 25576]
[25577 25641]
[25642 25857]
[25858 25909]
[25910 25966]
[25967 26033]
[26034 26143]
[26144 26241]
[26242 26281]
[26282 26333]
[26334 26401]
[26402 26478]
[26479 26532]
[26533 26611]
[26612 26727]
[26728 26827]
[26828 26914]
[26915 26979]
[26980 27254]
[27255 27318]
[27319 27414]
[27415 27458]
[27459 27506]
[27507 27566]
[27567 27620]
[27621 27675]
[27676 27716]
[27717 27774]
[27775 27819]
[27820 27860]
[27861 27876]
[27877 27916]
[27917 27959]
[27960 27991]
[27992 28019]
[28020 28061]
[28062 28201]
[28202 28250]
[28251 28281]
[28282 28301]
[28302 28317]
[28318 28350]
[28351 28591]
[28592 28664]
[28665 28716]
[28717 28821]
[28822 28944]
[28945 29098]
[29099 29139]
[29140 29176]
[29177 29271]
[29272 29311]
[29312 29347]
[29348 29358]
[29359 29393]
[29394 29657]
[29658 29732]
[29733 29764]
[29765 29845]
[29846 29875]
[29876 29909]
[29910 29946]
[29947 30003]
[30004 30044]
[30045 30091]
[30092 30189]
[30190 30253]
[30254 30297]
[30298 30328]
[30329 30385]
[30386 30436]
[30437 30723]
[30724 30815]
[30816 31156]
[31157 31247]
[31248 31351]
[31352 31390]
[31391 31440]
[31441 31504]
[31505 31566]
[31567 31616]
[31617 31673]
[31674 31699]
[31700 31736]
[31737 31824]
[31825 31866]
[31867 31892]
[31893 31925]
[31926 31961]
[31962 31998]
[31999 32028]
[32029 32209]
[32210 32366]
[32367 32483]
[32484 32604]
[32605 32717]
[32718 32816]
[32817 33038]
[33039 33136]
