[ 0 13]
[ 15 263]
[264 314]
[315 339]
[340 366]
[367 393]
[394 421]
[422 442]
[443 505]
[506 531]
[532 566]
[567 599]
[600 634]
[635 664]
[665 689]
[690 756]
[ 757 1234]
[1235 1346]
[1347 1390]
[1391 1546]
[1547 1623]
[1624 1666]
[1667 1746]
[1747 1776]
[1777 1825]
[1826 1867]
[1868 1927]
[1928 1987]
[1988 2137]
[2138 2244]
[2245 2327]
[2328 2390]
[2391 2467]
[2468 2511]
[2512 2549]
[2550 2621]
[2622 2673]
[2674 2738]
[2739 2838]
[2839 2935]
[2936 3016]
[3017 3054]
[3055 3162]
[3163 3207]
[3208 3251]
[3252 3310]
[3311 3350]
[3351 3392]
[3393 3429]
[3430 3467]
[3468 3505]
[3506 3574]
[3575 3656]
[3657 3723]
[3724 3774]
[3775 3820]
[3821 3867]
[3868 3977]
[3978 4073]
[4074 4138]
[4139 4205]
[4206 4255]
[4256 4298]
[4299 4340]
[4341 4385]
[4386 4430]
[4431 4482]
[4483 4850]
[4851 4870]
[4871 4907]
[4908 4928]
[4929 4962]
[4963 5014]
[5015 5112]
[5113 5154]
[5155 5187]
[5188 5268]
[5269 5363]
[5364 5406]
[5407 5459]
[5460 5515]
[5516 5534]
[5535 5607]
[5608 5656]
[5657 5717]
[5718 5787]
[5788 5853]
[5854 5894]
[5895 5950]
[5951 5987]
[5988 6017]
[6018 6086]
[6087 6416]
[6417 6482]
[6483 6565]
[6566 6629]
[6630 6697]
[6698 6757]
[6758 6818]
[6819 6868]
[6869 6916]
[6917 6967]
[6968 7013]
[7014 7061]
[7062 7098]
[7099 7153]
[7154 7185]
[7186 7352]
[7353 7383]
[7384 7425]
[7426 7477]
[7478 7533]
[7534 7587]
[7588 7634]
[7635 7701]
[7702 7767]
[7768 7836]
[7837 7880]
[7881 8280]
[8281 8354]
[8355 8420]
[8421 8466]
[8467 8528]
[8529 8591]
[8592 8698]
[8699 8750]
[8751 8774]
[8775 8799]
[8800 8878]
[8879 8906]
[8907 8969]
[8970 9018]
[9019 9064]
[9065 9087]
[9088 9137]
[9138 9198]
[9199 9250]
[9251 9301]
[9302 9333]
[9334 9366]
[9367 9412]
[9413 9467]
[9468 9489]
[9490 9517]
[9518 9544]
[9545 9568]
[9569 9592]
[9593 9617]
[9618 9648]
[9649 9676]
[9677 9705]
[9706 9741]
[9742 9757]
[9758 9821]
[9822 9908]
[ 9909 10451]
[10452 10499]
[10500 10548]
[10549 10595]
[10596 10641]
[10642 10686]
[10687 10749]
[10750 10789]
[10790 10946]
[10947 11165]
[11166 11214]
[11215 11258]
[11259 11299]
[11300 11343]
[11344 11393]
[11394 11439]
[11440 11493]
[11494 11888]
[11889 12128]
[12129 12180]
[12181 12297]
[12298 12349]
[12350 12457]
[12458 12554]
[12555 12676]
[12677 12752]
[12753 12864]
[12865 12906]
[12907 13253]
[13254 13450]
[13451 13550]
[13551 13742]
[13743 13831]
[13832 14032]
[14033 14142]
[14143 14257]
[14258 14377]
[14378 14510]
[14511 14636]
[14637 14739]
[14740 15047]
[15048 15100]
[15101 15156]
[15157 15223]
[15224 15252]
[15253 15314]
[15315 15423]
[15424 15451]
[15452 15498]
[15499 15568]
[15569 15762]
[15763 15861]
[15862 16163]
[16164 16217]
[16218 16276]
[16277 16320]
[16321 16360]
[16361 16454]
[16455 16501]
[16502 16555]
[16556 16662]
[16663 16723]
[16724 16783]
[16784 16835]
[16836 16881]
[16882 16962]
[16963 17006]
[17007 17061]
[17062 17087]
[17088 17178]
[17179 17462]
[17463 17496]
[17497 17536]
[17537 17593]
[17594 17612]
[17613 17672]
[17673 17736]
[17737 17762]
[17763 17782]
[17783 17798]
[17799 17842]
[17843 17899]
[17900 17930]
[17931 17987]
[17988 18033]
[18034 18115]
[18116 18135]
[18136 18250]
[18251 18281]
[18282 18341]
[18342 18453]
[18454 18553]
[18554 18598]
[18599 18693]
[18694 18860]
[18861 18902]
[18903 18934]
[18935 18967]
[18968 19067]
[19068 19138]
[19139 19191]
[19192 19256]
[19257 19615]
[19616 19669]
[19670 19746]
[19747 19811]
[19812 19860]
[19861 19935]
[19936 19997]
[19998 20082]
[20083 20173]
[20174 20243]
[20244 20312]
[20313 20391]
[20392 20461]
[20462 20531]
[20532 20587]
[20588 20708]
[20709 20747]
[20748 20788]
[20789 21091]
[21092 21195]
[21196 21319]
[21320 21444]
[21445 21568]
[21569 21693]
[21694 21743]
[21744 21813]
[21814 21873]
[21874 21937]
[21938 22242]
[22243 22369]
[22370 22461]
[22462 22556]
[22557 22658]
[22659 22847]
[22848 22942]
[22943 23016]
[23017 23093]
[23094 23170]
[23171 23286]
[23287 23591]
[23592 23670]
[23671 23709]
[23710 23759]
[23760 23801]
[23802 23845]
[23846 23903]
[23904 23949]
[23950 24029]
[24030 24089]
[24090 24218]
[24219 24276]
[24277 24347]
[24348 24424]
[24425 24504]
[24505 24608]
[24609 24652]
[24653 24697]
[24698 24802]
[24803 24881]
[24882 24923]
[24924 25293]
[25294 25358]
[25359 25407]
[25408 25472]
[25473 25530]
[25531 25576]
[25577 25600]
[25601 25669]
[25670 25683]
[25684 25735]
[25736 25775]
[25776 25827]
[25828 25890]
[25891 25962]
[25963 26004]
[26005 26045]
[26046 26122]
[26123 26167]
[26168 26213]
[26214 26335]
[26336 26477]
[26478 26598]
[26599 26973]
[26974 27040]
[27041 27102]
[27103 27167]
[27168 27231]
[27232 27297]
[27298 27349]
[27350 27396]
[27397 27499]
[27500 27567]
[27568 27635]
[27636 27693]
[27694 27756]
[27757 27824]
[27825 27864]
[27865 27916]
[27917 28039]
[28040 28101]
[28102 28158]
[28159 28213]
[28214 28269]
[28270 28300]
[28301 28333]
[28334 28380]
[28381 28414]
[28415 28674]
[28675 28760]
[28761 28836]
[28837 28968]
[28969 29029]
[29030 29116]
[29117 29182]
[29183 29219]
[29220 29274]
[29275 29302]
[29303 29360]
[29361 29499]
[29500 29614]
[29615 29775]
[29776 29845]
[29846 29909]
[29910 29987]
[29988 30180]
[30181 30278]
[30279 30362]
[30363 30455]
[30456 30533]
[30534 30652]
[30653 30760]
[30761 30841]
[30842 31151]
[31152 31263]
[31264 31418]
[31419 31612]
[31613 31666]
[31667 31718]
[31719 31789]
[31790 31865]
[31866 31886]
[31887 31943]
[31944 31999]
[32000 32072]
[32073 32248]
[32249 32303]
[32304 32380]
[32381 32465]
[32466 32519]
[32520 32599]
[32600 32658]
[32659 33212]
[33214 33302]
