[ 0 15]
[ 16 257]
[258 324]
[325 355]
[356 384]
[385 417]
[418 451]
[452 482]
[483 503]
[504 533]
[534 575]
[576 606]
[607 637]
[638 668]
[669 700]
[701 824]
[825 904]
[ 905 1449]
[1450 1518]
[1519 1583]
[1584 1642]
[1643 1710]
[1711 1755]
[1756 1818]
[1819 1876]
[1877 1930]
[1931 2069]
[2070 2141]
[2142 2316]
[2317 2733]
[2734 2788]
[2789 2859]
[2860 2939]
[2940 3004]
[3005 3084]
[3085 3142]
[3143 3184]
[3185 3274]
[3275 3362]
[3363 3436]
[3437 3548]
[3549 3604]
[3605 4022]
[4023 4094]
[4095 4160]
[4161 4201]
[4202 4399]
[4400 4473]
[4474 4744]
[4745 4897]
[4898 4973]
[4974 5404]
[5405 5466]
[5467 5498]
[5499 5518]
[5519 5548]
[5549 5690]
[5691 5779]
[5780 5838]
[5839 5913]
[5914 5940]
[5941 6048]
[6049 6134]
[6135 6180]
[6181 6247]
[6248 6275]
[6276 6374]
[6375 6512]
[6513 6553]
[6554 6600]
[6601 6653]
[6654 6704]
[6705 6746]
[6747 6789]
[6790 6806]
[6807 6852]
[6853 6909]
[6910 7474]
[7475 7537]
[7538 7667]
[7668 7709]
[7710 7817]
[7818 7886]
[7887 7956]
[7957 7990]
[7991 8048]
[8049 8086]
[8087 8124]
[8125 8214]
[8215 8261]
[8262 8307]
[8308 8347]
[8348 8435]
[8436 8618]
[8619 8693]
[8694 8764]
[8765 8799]
[8800 8944]
[8945 9280]
[9281 9345]
[9346 9471]
[9472 9647]
[9648 9717]
[9718 9819]
[9820 9905]
[9906 9991]
[ 9992 10088]
[10089 10139]
[10140 10209]
[10210 10268]
[10269 10422]
[10423 10458]
[10459 10494]
[10495 10530]
[10531 10566]
[10567 10602]
[10603 10638]
[10639 10674]
[10675 10710]
[10711 10746]
[10747 10783]
[10784 10866]
[10867 11293]
[11294 11359]
[11360 11476]
[11477 11512]
[11513 11570]
[11571 11636]
[11637 11717]
[11718 11796]
[11797 11907]
[11908 11987]
[11988 12082]
[12083 12167]
[12168 12343]
[12344 12474]
[12475 12526]
[12527 12612]
[12613 12651]
[12652 12912]
[12913 13015]
[13016 13096]
[13097 13171]
[13172 13260]
[13261 13409]
[13410 13494]
[13495 13607]
[13608 13690]
[13691 13794]
[13795 13870]
[13871 13995]
[13996 14063]
[14064 14133]
[14134 14195]
[14196 14263]
[14264 14393]
[14394 14618]
[14619 14717]
[14718 15039]
[15040 15234]
[15235 15497]
[15498 15623]
[15624 15775]
[15776 15978]
[15979 16198]
[16199 16374]
[16375 16784]
[16786 16835]
[16836 16903]
[16904 16969]
[16970 17032]
[17033 17121]
[17122 17403]
[17404 17594]
[17595 17630]
[17631 17673]
[17674 17733]
[17734 17787]
[17788 17837]
[17838 17896]
[17897 17973]
[17974 18046]
[18047 18205]
[18206 18242]
[18243 18271]
[18272 18369]
[18370 18546]
[18547 18605]
[18606 18774]
[18775 18832]
[18833 18886]
[18887 18942]
[18943 19023]
[19024 19092]
[19093 19209]
[19210 19245]
[19246 19284]
[19285 19602]
[19603 19666]
[19667 19715]
[19716 19768]
[19769 19814]
[19815 20197]
[20198 20230]
[20231 20289]
[20290 20362]
[20363 20569]
[20570 20663]
[20664 20782]
[20783 20889]
[20890 21069]
[21070 21132]
[21133 21190]
[21191 21241]
[21242 21295]
[21296 21412]
[21413 21484]
[21485 21556]
[21557 21592]
[21593 21628]
[21629 21664]
[21665 21700]
[21701 21736]
[21737 21772]
[21773 21857]
[21858 22198]
[22199 22273]
[22274 22393]
[22394 22462]
[22463 22599]
[22600 22705]
[22706 22869]
[22870 22916]
[22917 22967]
[22968 23011]
[23012 23052]
[23053 23339]
[23340 23406]
[23407 23449]
[23450 23500]
[23501 23580]
[23581 23656]
[23657 23713]
[23714 23800]
[23801 23909]
[23910 23948]
[23949 24317]
[24318 24727]
[24728 25104]
[25105 25207]
[25208 25627]
[25628 25651]
[25652 25723]
[25724 25781]
[25782 25832]
[25833 25883]
[25884 25952]
[25953 25981]
[25982 26030]
[26031 26106]
[26107 26163]
[26164 26215]
[26216 26287]
[26288 26344]
[26345 26403]
[26404 26452]
[26453 26518]
[26519 26565]
[26566 26628]
[26629 26915]
[26916 26984]
[26985 27031]
[27032 27074]
[27075 27132]
[27133 27185]
[27186 27232]
[27233 27298]
[27299 27358]
[27359 27422]
[27423 27471]
[27472 27515]
[27516 27556]
[27557 27885]
[27886 27967]
[27968 28050]
[28051 28127]
[28128 28206]
[28207 28292]
[28293 28363]
[28364 28420]
[28421 28475]
[28476 28538]
[28539 28618]
[28619 28675]
[28676 28743]
[28744 28820]
[28821 28884]
[28885 28946]
[28947 28995]
[28996 29314]
[29315 29358]
[29359 29490]
[29491 29538]
[29539 29624]
[29625 29729]
[29730 29753]
[29754 29792]
[29793 29841]
[29842 30060]
[30061 30098]
[30099 30244]
[30245 30342]
[30343 30395]
[30396 30537]
[30538 30602]
[30603 30894]
[30895 31217]
[31218 31292]
[31293 31432]
[31433 31527]
[31528 31603]
[31604 31686]
[31687 31768]
[31769 31844]
[31845 31915]
[31916 32000]
[32001 32109]
[32110 32171]
[32172 32295]
[32296 32625]
[32626 32673]
[32674 32722]
[32723 32786]
[32787 32843]
[32844 32922]
[32923 32985]
[32986 33056]
[33057 33111]
[33112 33174]
[33175 33223]
[33224 33365]
[33366 33407]
[33408 33468]
[33469 33521]
[33522 33788]
[33789 33899]
