[ 0 20]
[ 22 303]
[304 360]
[361 390]
[391 412]
[413 434]
[435 458]
[459 487]
[488 511]
[512 534]
[535 560]
[561 586]
[587 611]
[612 637]
[638 662]
[663 686]
[687 711]
[712 736]
[737 771]
[772 808]
[809 843]
[844 939]
[ 940 1634]
[1635 1690]
[1691 1726]
[1727 1768]
[1769 1797]
[1798 1835]
[1836 1880]
[1881 1915]
[1916 1954]
[1955 2005]
[2006 2056]
[2057 2095]
[2096 2172]
[2173 2205]
[2206 2238]
[2239 2304]
[2305 2369]
[2370 2431]
[2432 2461]
[2462 2491]
[2492 2538]
[2539 2578]
[2579 2626]
[2627 2675]
[2676 2712]
[2713 2791]
[2792 2830]
[2831 2886]
[2887 2943]
[2944 2980]
[2981 3044]
[3045 3483]
[3485 3549]
[3550 3605]
[3606 3661]
[3662 3741]
[3742 3803]
[3804 3864]
[3865 4001]
[4002 4131]
[4132 4194]
[4195 4411]
[4412 4575]
[4576 4617]
[4618 4658]
[4659 4701]
[4702 4810]
[4811 4848]
[4849 5021]
[5022 5050]
[5051 5089]
[5090 5118]
[5119 5154]
[5155 5208]
[5209 5243]
[5244 5279]
[5280 5348]
[5349 5397]
[5398 5564]
[5565 5634]
[5635 5956]
[5957 6034]
[6035 6119]
[6120 6199]
[6200 6290]
[6291 6365]
[6366 6452]
[6453 6526]
[6527 6600]
[6601 6664]
[6665 6742]
[6743 6808]
[6809 6867]
[6868 6921]
[6922 7337]
[7338 7411]
[7412 7482]
[7483 7900]
[7901 7979]
[7980 8036]
[8037 8110]
[8111 8208]
[8209 8255]
[8256 8316]
[8317 8385]
[8386 8516]
[8517 8672]
[8673 8689]
[8690 8734]
[8735 8898]
[8899 8947]
[8948 9004]
[9005 9083]
[9084 9122]
[9123 9173]
[9174 9287]
[9288 9356]
[9357 9467]
[9468 9502]
[9503 9532]
[9533 9561]
[9562 9588]
[9589 9613]
[9614 9730]
[ 9731 10019]
[10020 10290]
[10291 10446]
[10447 10663]
[10664 10667]
[10668 10760]
[10761 10795]
[10796 10837]
[10838 10906]
[10907 10990]
[10991 11409]
[11410 11500]
[11501 11574]
[11575 11630]
[11631 11710]
[11711 11793]
[11794 11897]
[11898 11975]
[11976 12050]
[12051 12162]
[12163 12323]
[12324 12361]
[12362 12509]
[12510 12604]
[12605 12665]
[12666 13103]
[13104 13154]
[13155 13233]
[13234 13278]
[13279 13337]
[13338 13387]
[13388 13436]
[13437 13486]
[13487 13537]
[13538 13581]
[13582 13622]
[13623 13679]
[13680 13741]
[13742 13804]
[13805 13876]
[13877 13958]
[13959 14058]
[14059 14139]
[14140 14229]
[14230 14676]
[14678 14741]
[14742 14806]
[14807 14874]
[14875 14958]
[14959 15057]
[15058 15415]
[15416 15511]
[15512 15588]
[15589 15685]
[15686 15834]
[15835 16146]
[16147 16199]
[16200 16259]
[16260 16420]
[16421 16492]
[16493 16552]
[16553 16612]
[16613 16743]
[16744 16898]
[16899 16927]
[16928 16958]
[16959 17147]
[17148 17187]
[17188 17222]
[17223 17257]
[17258 17307]
[17308 17655]
[17657 17756]
[17757 17804]
[17805 17813]
[17814 17848]
[17849 17898]
[17899 17970]
[17971 18035]
[18036 18118]
[18119 18193]
[18194 18266]
[18267 18317]
[18318 18406]
[18407 18537]
[18538 18588]
[18589 18661]
[18662 18734]
[18735 18770]
[18771 18847]
[18848 18893]
[18894 18960]
[18961 19028]
[19029 19089]
[19090 19147]
[19148 19444]
[19445 19536]
[19537 19698]
[19699 19798]
[19799 19890]
[19891 19949]
[19950 20015]
[20016 20117]
[20118 20195]
[20196 20305]
[20306 20401]
[20402 20453]
[20454 20540]
[20541 20622]
[20623 20671]
[20672 21289]
[21290 21333]
[21334 21353]
[21354 21367]
[21368 21416]
[21417 21456]
[21457 21496]
[21497 21536]
[21537 21579]
[21580 21620]
[21621 21969]
[21970 21991]
[21992 22021]
[22022 22059]
[22060 22096]
[22097 22130]
[22131 22163]
[22164 22594]
[22595 22735]
[22736 22845]
[22846 22945]
[22946 23055]
[23056 23151]
[23152 23255]
[23256 23355]
[23356 23435]
[23436 23513]
[23514 23575]
[23576 23645]
[23646 23725]
[23726 23805]
[23806 23905]
[23906 24005]
[24006 24105]
[24106 24216]
[24217 24503]
[24504 24802]
[24803 25490]
[25491 25802]
[25803 25880]
[25881 25954]
[25955 26074]
[26075 26204]
[26205 26240]
[26241 26361]
[26362 26464]
[26465 26725]
[26726 26808]
[26809 26894]
[26895 26970]
[26971 27061]
[27062 27130]
[27131 27192]
[27193 27266]
[27267 27332]
[27333 27414]
[27415 27707]
[27708 27764]
[27765 27832]
[27833 27910]
[27911 28001]
[28002 28084]
[28085 28174]
[28175 28221]
[28222 28283]
[28284 28359]
[28360 28434]
[28435 28492]
[28493 28580]
[28581 28646]
[28647 28716]
[28717 29097]
[29098 29163]
[29164 29256]
[29257 29405]
[29406 29530]
[29531 29637]
[29638 29742]
[29743 29918]
[29919 30014]
[30015 30114]
[30115 30166]
[30167 30248]
[30249 30321]
[30323 30385]
[30386 30443]
[30444 30546]
[30547 30635]
[30636 30878]
[30879 30908]
[30909 30975]
[30976 30992]
[30993 31133]
[31134 31331]
[31332 31453]
[31454 31652]
[31653 31791]
[31792 32189]
[32190 32243]
[32244 32291]
[32292 32342]
[32343 32412]
[32413 32471]
[32472 32520]
[32521 32622]
[32623 32700]
[32701 32768]
[32769 32846]
[32847 32930]
[32931 32991]
[32992 33092]
[33093 33166]
[33167 33232]
[33233 33293]
[33294 33403]
[33404 33830]
[33832 33880]
[33881 33976]
[33977 34064]
[34065 34170]
[34171 34176]
[34177 34561]
[34562 34649]
