[ 0 10]
[ 11 274]
[275 337]
[338 369]
[370 403]
[404 433]
[434 464]
[465 496]
[497 529]
[530 558]
[559 588]
[589 620]
[621 632]
[633 651]
[652 682]
[683 712]
[713 737]
[738 790]
[791 827]
[828 927]
[ 928 1192]
[1193 1262]
[1263 1330]
[1331 1401]
[1402 1426]
[1427 1517]
[1518 1578]
[1579 1621]
[1622 1670]
[1671 1736]
[1737 1826]
[1827 1877]
[1878 1936]
[1937 1990]
[1991 2058]
[2059 2104]
[2105 2164]
[2165 2186]
[2187 2517]
[2518 2541]
[2542 2629]
[2630 2689]
[2690 2753]
[2754 2818]
[2819 2860]
[2861 2923]
[2924 2982]
[2983 3038]
[3039 3086]
[3087 3139]
[3140 3191]
[3192 3234]
[3235 3369]
[3370 3425]
[3426 3551]
[3552 3603]
[3604 3646]
[3647 3727]
[3728 3762]
[3763 3814]
[3815 3875]
[3876 3916]
[3917 3937]
[3938 3991]
[3992 4304]
[4305 4560]
[4561 4633]
[4634 4765]
[4766 4831]
[4832 4929]
[4930 4953]
[4954 5047]
[5048 5090]
[5091 5487]
[5488 5600]
[5601 5654]
[5655 5730]
[5731 5800]
[5801 5897]
[5898 5970]
[5971 6075]
[6076 6140]
[6141 6237]
[6238 6298]
[6299 6370]
[6371 6446]
[6447 6528]
[6529 6903]
[6904 6975]
[6976 7430]
[7431 7593]
[7594 7787]
[7788 7839]
[7840 7899]
[7900 7952]
[7953 7986]
[7987 8417]
[8418 8499]
[8500 8555]
[8556 8655]
[8656 8714]
[8715 8776]
[8777 8933]
[8934 8991]
[8992 9064]
[9065 9159]
[9160 9213]
[9214 9266]
[9267 9329]
[9330 9413]
[9414 9467]
[9468 9518]
[9519 9579]
[9580 9608]
[9609 9648]
[9649 9694]
[9695 9726]
[9727 9757]
[9758 9786]
[9787 9816]
[9817 9904]
[ 9905 10237]
[10238 10297]
[10298 10530]
[10531 10611]
[10612 10831]
[10832 10983]
[10984 11066]
[11067 11247]
[11248 11336]
[11337 11828]
[11829 12041]
[12042 12116]
[12117 12199]
[12200 12306]
[12307 12442]
[12443 12565]
[12566 12708]
[12709 12836]
[12837 12898]
[12899 12984]
[12985 13094]
[13095 13189]
[13190 13300]
[13301 13402]
[13403 13539]
[13540 13612]
[13613 13746]
[13747 13783]
[13784 13828]
[13829 13867]
[13868 13904]
[13905 13945]
[13946 13999]
[14000 14052]
[14053 14125]
[14126 14239]
[14240 14288]
[14289 14435]
[14436 14555]
[14556 14611]
[14612 14672]
[14673 14734]
[14735 14788]
[14789 14818]
[14819 14932]
[14933 15266]
[15267 15343]
[15344 15401]
[15402 15716]
[15717 15778]
[15779 15850]
[15851 15991]
[15992 16076]
[16077 16135]
[16136 16298]
[16299 16421]
[16422 16809]
[16810 16902]
[16903 16974]
[16975 17004]
[17005 17078]
[17079 17119]
[17120 17155]
[17156 17187]
[17188 17330]
[17331 17482]
[17483 17530]
[17531 17584]
[17585 17632]
[17633 17696]
[17697 17756]
[17757 17811]
[17812 17852]
[17853 17922]
[17923 17979]
[17980 18055]
[18056 18147]
[18148 18430]
[18431 18602]
[18603 18649]
[18650 18729]
[18730 18773]
[18774 18848]
[18849 18918]
[18919 18972]
[18973 19097]
[19098 19253]
[19254 19297]
[19298 19356]
[19357 19663]
[19664 19709]
[19710 19790]
[19791 19873]
[19874 19931]
[19932 20013]
[20014 20093]
[20094 20170]
[20171 20234]
[20235 20299]
[20300 20355]
[20356 20414]
[20415 20476]
[20477 20553]
[20554 20674]
[20675 20942]
[20943 21017]
[21018 21089]
[21090 21158]
[21159 21221]
[21222 21286]
[21287 21340]
[21341 21384]
[21385 21417]
[21418 21476]
[21477 21539]
[21540 21599]
[21600 21659]
[21660 21717]
[21718 21781]
[21782 21846]
[21847 21918]
[21919 21965]
[21966 22008]
[22009 22041]
[22042 22092]
[22093 22382]
[22383 22581]
[22582 22671]
[22672 22756]
[22757 22849]
[22850 23004]
[23005 23075]
[23076 23141]
[23142 23193]
[23194 23244]
[23245 23310]
[23311 23677]
[23678 24147]
[24148 24230]
[24231 24346]
[24347 24577]
[24578 24797]
[24798 24800]
[24801 24899]
[24900 25015]
[25016 25127]
[25128 25245]
[25246 25253]
[25254 25306]
[25307 25336]
[25337 25366]
[25367 25398]
[25399 25434]
[25435 25460]
[25461 25486]
[25487 25517]
[25518 25547]
[25548 25617]
[25618 25754]
[25755 26059]
[26060 26129]
[26130 26265]
[26266 26456]
[26457 26577]
[26578 26707]
[26708 26749]
[26750 27063]
[27064 27150]
[27151 27195]
[27196 27508]
[27509 27565]
[27566 27833]
[27834 28168]
[28169 28328]
[28329 28736]
[28737 29142]
[29144 29249]
