[ 0 31]
[ 33 305]
[306 366]
[367 400]
[401 431]
[432 462]
[463 494]
[495 525]
[526 555]
[556 587]
[588 617]
[618 676]
[677 711]
[712 743]
[744 779]
[780 815]
[816 947]
[ 948 1646]
[1647 1753]
[1754 1840]
[1841 1954]
[1955 2004]
[2005 2120]
[2121 2165]
[2166 2591]
[2592 3030]
[3031 3079]
[3080 3145]
[3146 3212]
[3213 3305]
[3306 3915]
[3917 3976]
[3977 4044]
[4045 4094]
[4095 4143]
[4144 4215]
[4216 4362]
[4363 4439]
[4440 4476]
[4477 4530]
[4531 4579]
[4580 4631]
[4632 4703]
[4704 4784]
[4785 4838]
[4839 4927]
[4928 4969]
[4970 5007]
[5008 5053]
[5054 5101]
[5102 5139]
[5140 5192]
[5193 5243]
[5244 5288]
[5289 5342]
[5343 5722]
[5724 5845]
[5846 5909]
[5910 5937]
[5938 6061]
[6062 6081]
[6082 6179]
[6180 6420]
[6421 6453]
[6454 6509]
[6510 6562]
[6563 6613]
[6614 6693]
[6694 6721]
[6722 6889]
[6890 6930]
[6931 6956]
[6957 7032]
[7033 7082]
[7083 7107]
[7108 7170]
[7171 7605]
[7607 7670]
[7671 7729]
[7730 7764]
[7765 7835]
[7836 7892]
[7893 7955]
[7956 8027]
[8028 8089]
[8090 8162]
[8163 8208]
[8209 8279]
[8280 8344]
[8345 8484]
[8485 8671]
[8672 8731]
[8732 8773]
[8774 8814]
[8815 8870]
[8871 8913]
[8914 8944]
[8945 9002]
[9003 9338]
[9339 9354]
[9355 9422]
[9423 9481]
[9482 9492]
[9493 9536]
[9537 9582]
[9583 9598]
[9599 9658]
[9659 9715]
[9716 9749]
[9750 9793]
[9794 9982]
[ 9983 10005]
[10006 10070]
[10071 10115]
[10116 10171]
[10172 10216]
[10217 10255]
[10256 10356]
[10357 10399]
[10400 10441]
[10442 10455]
[10456 10532]
[10533 10582]
[10583 10647]
[10648 10704]
[10705 10770]
[10771 10822]
[10823 10886]
[10887 11343]
[11345 11383]
[11384 11457]
[11458 11502]
[11503 11542]
[11543 11604]
[11605 11687]
[11688 11760]
[11761 11912]
[11913 11986]
[11987 12036]
[12037 12088]
[12089 12258]
[12259 12328]
[12329 12407]
[12408 12472]
[12473 12528]
[12529 12594]
[12595 12674]
[12675 12753]
[12754 12869]
[12870 12920]
[12921 12996]
[12997 13049]
[13050 13102]
[13103 13138]
[13139 13170]
[13171 13199]
[13200 13228]
[13229 13308]
[13309 13629]
[13630 13674]
[13675 13804]
[13805 14025]
[14026 14115]
[14116 14164]
[14165 14205]
[14206 14320]
[14321 14362]
[14363 14423]
[14424 14483]
[14484 14506]
[14507 14588]
[14589 14638]
[14639 14692]
[14693 14778]
[14779 14870]
[14871 15258]
[15259 15382]
[15383 15503]
[15504 15575]
[15576 15630]
[15631 15703]
[15704 15785]
[15786 15914]
[15915 16050]
[16051 16168]
[16169 16269]
[16270 16358]
[16359 16454]
[16455 16508]
[16509 16545]
[16546 16628]
[16629 17123]
[17125 17263]
[17264 17368]
[17369 17488]
[17489 17568]
[17569 17662]
[17663 17761]
[17762 17829]
[17830 17935]
[17936 17986]
[17987 18132]
[18133 18299]
[18300 18416]
[18417 18506]
[18507 18833]
[18834 18903]
[18904 18981]
[18982 19049]
[19050 19106]
[19107 19243]
[19244 19291]
[19292 19340]
[19341 19412]
[19413 19488]
[19489 19556]
[19557 19623]
[19624 19675]
[19676 19725]
[19726 19825]
[19826 19866]
[19867 19911]
[19912 20121]
[20122 20226]
[20229 20315]
[20316 20361]
[20362 20402]
[20403 20465]
[20466 20517]
[20518 20552]
[20553 20624]
[20625 20675]
[20676 20728]
[20729 20760]
[20761 20829]
[20830 20876]
[20877 20921]
[20922 20950]
[20951 21056]
[21057 21148]
[21149 21215]
[21216 21281]
[21282 21406]
[21407 21457]
[21458 21490]
[21491 21516]
[21517 21558]
[21559 21586]
[21587 21614]
[21615 21638]
[21639 21674]
[21675 21705]
[21706 21745]
[21746 21843]
[21844 22291]
[22292 22367]
[22368 22442]
[22443 22517]
[22518 22591]
[22592 22779]
[22780 22851]
[22852 22920]
[22921 22981]
[22982 23030]
[23031 23106]
[23107 23181]
[23182 23256]
[23257 23330]
[23331 23518]
[23519 23585]
[23586 23896]
[23897 24048]
[24049 24110]
[24111 24197]
[24198 24278]
[24279 24357]
[24358 24432]
[24433 24507]
[24508 24573]
[24574 24855]
[24856 24953]
[24954 25037]
[25038 25154]
[25155 25222]
[25223 25255]
[25256 25297]
[25298 25333]
[25334 25394]
[25395 25461]
[25462 25586]
[25587 25639]
[25640 25700]
[25701 25765]
[25766 25893]
[25894 26291]
[26292 26407]
[26408 26487]
[26488 26554]
[26555 26620]
[26621 26785]
[26786 26938]
[26939 27054]
[27055 27141]
[27142 27212]
[27213 27342]
[27343 27638]
[27639 27737]
[27738 27787]
[27788 27860]
[27861 27927]
[27928 27965]
[27966 28025]
[28026 28085]
[28086 28221]
[28222 28310]
[28311 28506]
[28507 28562]
[28563 28666]
[28667 28712]
[28713 29044]
[29045 29161]
[29162 29234]
[29235 29300]
[29301 29450]
[29451 29589]
[29590 29661]
[29662 29751]
[29752 29912]
[29913 30002]
[30003 30057]
[30058 30435]
[30436 30499]
