[0 4]
[  5 291]
[292 359]
[360 385]
[386 411]
[412 433]
[434 458]
[459 486]
[487 508]
[509 534]
[535 563]
[564 588]
[589 610]
[611 665]
[666 690]
[691 712]
[713 734]
[735 801]
[ 802 1315]
[1316 1341]
[1342 1368]
[1369 1486]
[1487 1513]
[1514 1555]
[1556 1586]
[1587 1611]
[1612 1660]
[1661 1696]
[1697 1728]
[1729 1756]
[1757 1799]
[1800 1840]
[1841 1910]
[1911 1959]
[1960 1975]
[1976 2026]
[2027 2068]
[2069 2100]
[2101 2177]
[2178 2201]
[2202 2263]
[2264 2314]
[2315 2356]
[2357 2390]
[2391 2413]
[2414 2425]
[2426 2496]
[2497 2512]
[2513 2544]
[2545 2596]
[2597 2673]
[2674 2693]
[2694 3195]
[3196 3258]
[3259 3310]
[3311 3368]
[3369 3407]
[3408 3435]
[3436 3493]
[3494 3551]
[3552 3607]
[3608 3688]
[3689 3730]
[3731 3802]
[3803 3868]
[3869 3920]
[3921 3959]
[3960 4005]
[4006 4034]
[4035 4083]
[4084 4114]
[4115 4166]
[4167 4191]
[4192 4222]
[4223 4266]
[4267 4485]
[4486 4557]
[4558 4728]
[4729 4763]
[4764 4810]
[4811 5074]
[5075 5095]
[5096 5151]
[5152 5214]
[5215 5240]
[5241 5286]
[5287 5383]
[5384 5422]
[5423 5477]
[5478 5496]
[5497 5516]
[5517 5588]
[5589 5635]
[5636 5664]
[5665 5687]
[5688 5721]
[5722 5758]
[5759 5798]
[5799 5837]
[5838 5845]
[5846 5906]
[5907 5958]
[5959 5982]
[5983 6022]
[6023 6038]
[6039 6064]
[6065 6115]
[6116 6152]
[6153 6182]
[6183 6224]
[6225 6248]
[6249 6291]
[6292 6341]
[6342 6382]
[6383 6442]
[6443 6488]
[6489 6539]
[6540 6594]
[6595 6644]
[6645 6669]
[6670 6978]
[6979 7052]
[7053 7130]
[7131 7209]
[7210 7252]
[7253 7344]
[7345 7467]
[7468 7529]
[7530 7575]
[7576 7660]
[7661 7804]
[7805 7934]
[7935 8029]
[8030 8134]
[8135 8692]
[8693 8728]
[8729 9006]
[9007 9125]
[9126 9193]
[9194 9271]
[9272 9314]
[9315 9331]
[9332 9349]
[9350 9391]
[9392 9547]
[9548 9850]
[9851 9920]
[ 9921 10051]
[10052 10085]
[10086 10117]
[10118 10161]
[10162 10193]
[10194 10239]
[10240 10343]
[10344 10488]
[10489 10634]
[10635 10670]
[10671 10697]
[10698 10714]
[10715 10739]
[10740 10771]
[10772 10801]
[10802 10815]
[10816 10846]
[10847 10889]
[10890 10913]
[10914 10939]
[10940 10970]
[10971 11007]
[11008 11074]
[11075 11457]
[11458 11624]
[11625 11740]
[11741 11839]
[11840 11870]
[11871 11989]
[11990 12041]
[12042 12087]
[12088 12156]
[12157 12198]
[12199 12326]
[12327 12397]
[12398 12704]
[12706 12737]
[12738 12771]
[12772 12807]
[12808 12857]
[12858 12949]
[12950 13001]
[13002 13031]
[13032 13073]
[13074 13127]
[13128 13175]
[13176 13200]
[13201 13251]
[13252 13329]
[13330 13398]
[13399 13447]
[13448 13529]
[13530 13577]
[13578 13662]
[13663 14083]
[14084 14108]
[14109 14181]
[14182 14267]
[14268 14347]
[14348 14414]
[14415 14495]
[14496 14561]
[14562 14630]
[14631 14690]
[14691 14753]
[14754 14852]
[14853 14905]
[14906 15019]
[15020 15127]
[15128 15402]
[15403 15470]
[15471 15574]
[15575 15685]
[15686 15788]
[15789 15851]
[15852 15953]
[15954 16051]
[16052 16138]
[16139 16231]
[16232 16325]
[16326 16722]
[16723 16784]
[16785 16866]
[16867 16917]
[16918 16967]
[16968 17068]
[17069 17225]
[17226 17279]
[17280 17329]
[17330 17371]
[17372 17441]
[17442 17478]
[17479 17529]
[17530 17674]
[17675 17737]
[17738 17801]
[17802 17868]
[17869 17927]
[17928 17977]
[17978 18029]
[18030 18089]
[18090 18141]
[18142 18486]
[18487 18525]
[18526 18565]
[18566 18637]
[18638 18684]
[18685 18710]
[18711 18763]
[18764 18851]
[18852 19022]
[19023 19185]
[19186 19326]
[19327 19401]
[19402 19487]
[19488 19542]
[19543 19607]
[19608 19682]
[19683 19942]
[19943 20101]
[20102 20210]
[20211 20409]
[20410 20466]
[20467 20513]
[20514 20566]
[20567 20738]
[20739 20812]
[20813 20911]
[20912 20989]
[20990 21043]
[21044 21100]
[21101 21167]
[21168 21225]
[21226 21285]
[21286 21351]
[21352 21413]
[21414 21475]
[21476 21735]
[21736 21830]
[21831 21864]
[21865 22112]
[22113 22164]
[22165 22501]
[22502 22765]
[22766 22803]
[22804 23030]
[23031 23106]
[23107 23195]
[23196 23284]
[23285 23354]
[23355 23408]
[23409 23467]
[23468 23573]
[23574 23657]
[23658 23711]
[23712 23750]
[23751 23788]
[23789 24084]
[24085 24144]
[24145 24269]
[24270 24394]
[24395 25270]
[25271 25556]
[25557 25627]
[25628 25678]
[25679 25740]
[25741 25793]
[25794 25874]
[25875 25944]
[25945 26006]
[26007 26071]
[26072 26126]
[26127 26191]
[26192 26239]
[26240 26292]
[26293 26659]
[26660 26749]
