[ 0 16]
[ 17 262]
[263 327]
[328 364]
[365 389]
[390 415]
[416 450]
[451 454]
[455 482]
[483 516]
[517 542]
[543 579]
[580 627]
[628 676]
[677 704]
[705 754]
[755 805]
[806 906]
[ 907 1201]
[1202 1308]
[1309 1379]
[1380 1458]
[1459 1535]
[1536 1607]
[1608 1648]
[1649 1717]
[1718 1794]
[1795 1802]
[1803 2153]
[2155 2407]
[2408 2514]
[2515 2637]
[2638 2705]
[2706 2792]
[2793 2865]
[2866 2924]
[2925 2977]
[2978 3054]
[3055 3169]
[3170 3422]
[3423 3496]
[3497 4021]
[4022 4102]
[4103 4136]
[4137 4175]
[4176 4258]
[4259 4285]
[4286 4323]
[4324 4420]
[4421 4594]
[4595 4721]
[4722 4768]
[4769 4916]
[4917 4991]
[4992 5037]
[5038 5118]
[5119 5168]
[5169 5239]
[5240 5276]
[5277 5313]
[5314 5429]
[5430 5539]
[5540 5792]
[5793 5891]
[5892 5975]
[5976 6051]
[6052 6153]
[6154 6266]
[6267 6361]
[6362 6474]
[6475 6573]
[6574 6658]
[6659 6724]
[6725 6807]
[6808 6911]
[6912 6992]
[6993 7052]
[7053 7099]
[7100 7684]
[7685 7733]
[7734 7825]
[7826 7865]
[7866 7898]
[7899 7955]
[7956 7991]
[7992 8021]
[8022 8081]
[8082 8129]
[8130 8155]
[8156 8192]
[8193 8224]
[8225 8373]
[8374 8404]
[8405 8432]
[8433 8466]
[8467 8520]
[8521 8563]
[8564 8615]
[8616 8672]
[8673 8710]
[8711 8745]
[8746 8779]
[8780 8825]
[8826 8862]
[8863 8895]
[8896 8926]
[8927 8956]
[8957 8985]
[8986 9018]
[9019 9052]
[9053 9095]
[9096 9316]
[9317 9427]
[ 9428 10285]
[10286 10527]
[10528 11105]
[11106 11251]
[11252 11329]
[11330 11365]
[11366 11408]
[11409 11463]
[11464 11541]
[11542 11569]
[11570 11623]
[11624 11659]
[11660 11809]
[11810 11854]
[11855 11913]
[11914 11952]
[11953 11979]
[11980 12025]
[12026 12089]
[12090 12375]
[12376 12424]
[12425 12480]
[12481 12539]
[12540 12890]
[12891 13038]
[13039 13160]
[13161 13200]
[13201 13295]
[13296 13332]
[13333 13418]
[13419 13439]
[13440 13478]
[13479 13597]
[13598 13728]
[13729 13801]
[13802 13914]
[13915 14141]
[14142 14266]
[14267 14337]
[14338 14782]
[14783 14825]
[14826 14894]
[14895 14947]
[14948 15025]
[15026 15068]
[15069 15123]
[15124 15177]
[15178 15232]
[15233 15244]
[15245 15306]
[15307 15350]
[15351 15402]
[15403 15507]
[15508 15534]
[15535 15594]
[15595 15656]
[15657 15713]
[15714 15798]
[15799 15846]
[15847 15919]
[15920 15966]
[15967 16028]
[16029 16224]
[16225 16349]
[16350 16420]
[16423 16492]
[16493 16530]
[16531 16583]
[16584 16617]
[16618 16654]
[16655 16681]
[16682 16796]
[16797 16814]
[16815 16873]
[16874 16927]
[16928 16977]
[16978 17027]
[17028 17070]
[17071 17135]
[17137 17187]
[17188 17299]
[17300 17363]
[17364 17431]
[17432 17493]
[17494 17556]
[17557 17601]
[17602 17636]
[17637 17902]
[17903 18067]
[18068 18186]
[18187 18291]
[18292 18456]
[18457 18789]
[18790 18893]
[18894 18959]
[18960 19055]
[19056 19135]
[19136 19214]
[19215 19279]
[19280 19351]
[19352 19431]
[19432 19526]
[19527 19604]
[19605 19626]
[19627 19709]
[19710 19798]
[19799 19881]
[19882 19962]
[19963 20035]
[20036 20157]
[20158 20229]
[20230 20327]
[20328 20392]
[20393 20440]
[20441 20494]
[20495 20545]
[20546 20602]
[20603 20688]
[20689 20767]
[20768 20850]
[20851 20911]
[20912 20945]
[20946 20998]
[20999 21177]
[21178 21261]
[21262 21321]
[21322 21354]
[21355 21450]
[21451 21512]
[21513 21626]
[21627 21696]
[21697 21769]
[21770 21813]
[21814 21882]
[21883 21931]
[21932 21965]
[21966 22234]
[22235 22288]
[22289 22321]
[22322 22413]
[22414 22475]
[22476 22524]
[22525 22665]
[22666 22709]
[22710 22837]
[22838 22894]
[22895 22967]
[22968 23004]
[23005 23135]
[23136 23168]
[23169 23237]
[23238 23356]
[23357 23613]
[23615 23723]
[23724 23820]
[23821 24054]
[24055 24083]
[24084 24145]
[24146 24197]
[24198 24389]
[24390 24448]
[24449 24594]
[24595 24635]
[24636 24788]
[24789 24811]
[24812 24901]
[24902 24955]
[24956 25032]
[25033 25092]
[25093 25697]
[25699 25757]
[25758 25822]
[25823 26138]
[26139 26209]
[26210 26311]
[26312 26372]
[26374 26603]
[26604 26699]
