[ 0 22]
[ 23 300]
[301 354]
[355 388]
[389 421]
[422 450]
[451 481]
[482 514]
[515 541]
[542 546]
[547 576]
[577 605]
[606 635]
[636 672]
[673 704]
[705 730]
[731 766]
[767 801]
[802 932]
[ 933 1272]
[1273 1397]
[1398 1506]
[1507 1584]
[1585 1652]
[1653 1692]
[1693 1741]
[1742 1812]
[1813 1875]
[1876 1921]
[1922 1985]
[1986 2053]
[2054 2121]
[2122 2179]
[2180 2247]
[2248 2325]
[2326 2415]
[2416 2509]
[2510 2918]
[2919 2972]
[2973 3042]
[3043 3157]
[3158 3211]
[3212 3273]
[3274 3334]
[3335 3388]
[3389 3449]
[3450 3500]
[3501 3562]
[3563 3615]
[3616 3686]
[3687 3765]
[3766 3816]
[3817 3903]
[3904 4060]
[4061 4145]
[4146 4195]
[4196 4239]
[4240 4332]
[4333 4478]
[4479 4559]
[4560 4640]
[4641 4745]
[4746 4813]
[4814 4958]
[4959 5043]
[5044 5093]
[5094 5137]
[5138 5224]
[5225 5276]
[5277 5568]
[5569 5636]
[5637 5702]
[5703 5761]
[5762 5836]
[5837 5865]
[5866 5900]
[5901 5928]
[5929 5970]
[5971 6015]
[6016 6043]
[6044 6069]
[6070 6108]
[6109 6129]
[6130 6149]
[6150 6202]
[6203 6743]
[6744 6862]
[6863 6911]
[6912 6958]
[6959 7008]
[7009 7038]
[7039 7084]
[7085 7145]
[7146 7206]
[7207 7340]
[7341 7455]
[7456 7491]
[7492 7554]
[7555 7592]
[7593 7665]
[7666 7715]
[7716 7761]
[7762 7814]
[7815 7880]
[7881 7955]
[7956 8063]
[8064 8091]
[8092 8127]
[8128 8202]
[8203 8466]
[8467 8518]
[8519 8588]
[8589 8642]
[8643 8719]
[8720 8795]
[8796 8879]
[8880 8929]
[8930 9062]
[9063 9137]
[9138 9179]
[9180 9220]
[9221 9254]
[9255 9302]
[9303 9372]
[9373 9442]
[9443 9511]
[9512 9578]
[9579 9647]
[9648 9757]
[9758 9764]
[ 9765 10068]
[10069 10214]
[10215 10443]
[10444 10555]
[10556 10820]
[10821 10905]
[10906 10977]
[10978 11092]
[11093 11220]
[11221 11285]
[11286 11369]
[11370 11428]
[11429 11511]
[11512 11540]
[11541 11574]
[11575 11608]
[11609 11636]
[11637 11669]
[11670 11698]
[11699 11733]
[11734 11762]
[11763 11789]
[11790 11877]
[11878 12292]
[12293 12457]
[12458 12548]
[12549 12652]
[12653 12882]
[12883 13124]
[13125 13224]
[13225 13533]
[13534 13904]
[13905 14045]
[14046 14151]
[14152 14199]
[14200 14286]
[14287 14375]
[14376 14455]
[14456 14595]
[14596 14643]
[14644 14723]
[14724 14772]
[14773 15194]
[15195 15264]
[15265 15365]
[15366 15558]
[15559 15661]
[15662 15759]
[15760 15801]
[15802 16115]
[16116 16175]
[16176 16245]
[16246 16321]
[16322 16388]
[16389 16451]
[16452 16567]
[16568 16651]
[16652 16737]
[16738 16852]
[16853 17154]
[17155 17292]
[17293 17482]
[17483 17527]
[17528 17562]
[17563 18203]
[18204 18319]
[18320 18624]
[18625 18807]
[18808 18952]
[18953 19050]
[19051 19179]
[19180 19300]
[19301 19379]
[19380 19465]
[19466 19496]
[19497 19559]
[19560 19626]
[19627 19660]
[19661 19719]
[19720 19749]
[19750 19798]
[19799 19856]
[19857 19895]
[19896 20098]
[20099 20328]
[20329 20412]
[20413 20462]
[20463 20521]
[20522 20573]
[20574 20631]
[20632 20674]
[20675 20752]
[20753 20791]
[20792 20836]
[20837 20887]
[20888 20937]
[20938 20978]
[20979 21068]
[21069 21148]
[21149 21205]
[21206 21268]
[21269 21343]
[21344 21389]
[21390 21454]
[21455 21538]
[21539 21626]
[21627 21698]
[21699 21756]
[21757 21870]
[21871 21920]
[21921 21950]
[21951 21984]
[21985 22011]
[22012 22031]
[22032 22050]
[22051 22081]
[22082 22108]
[22109 22142]
[22143 22171]
[22172 22226]
[22227 22305]
[22306 22712]
[22713 23735]
[23736 24018]
[24019 24076]
[24077 24154]
[24155 24253]
[24254 24334]
[24335 24384]
[24385 24448]
[24449 24511]
[24512 24581]
[24582 24664]
[24665 24736]
[24737 24787]
[24788 24899]
[24900 25075]
[25076 25154]
[25155 25229]
[25230 25299]
[25300 25378]
[25379 25457]
[25458 25526]
[25527 25660]
[25661 25708]
[25709 25748]
[25749 25795]
[25796 25839]
[25840 25882]
[25883 25972]
[25973 26006]
[26007 26275]
[26276 26344]
[26345 26399]
[26400 26458]
[26459 26513]
[26514 26565]
[26566 26612]
[26613 26666]
[26667 26724]
[26725 26767]
[26768 26841]
[26842 26886]
[26887 26937]
[26938 26990]
[26991 27046]
[27047 27121]
[27122 27206]
[27207 27356]
[27357 27454]
[27455 27547]
[27548 27640]
[27641 27733]
[27734 27820]
[27821 27881]
[27882 27977]
[27978 28075]
[28076 28161]
[28162 28235]
[28236 28349]
[28350 28414]
[28415 28523]
[28524 28577]
[28578 28607]
[28608 28972]
[28973 29121]
[29122 29293]
[29294 29406]
[29407 29698]
[29699 29906]
[29907 30115]
[30116 30460]
[30461 30743]
[30744 30849]
