[0 3]
[  4 285]
[286 342]
[343 378]
[379 408]
[409 436]
[437 469]
[470 499]
[500 529]
[530 562]
[563 593]
[594 626]
[627 657]
[658 688]
[689 718]
[719 748]
[749 778]
[779 808]
[809 838]
[839 924]
[ 925 1482]
[1483 1599]
[1600 1726]
[1727 1800]
[1801 1844]
[1845 1935]
[1936 2098]
[2099 2146]
[2147 2231]
[2232 2414]
[2415 2475]
[2476 2531]
[2532 2587]
[2588 2636]
[2637 2686]
[2687 2742]
[2743 2794]
[2795 2846]
[2847 2897]
[2898 2952]
[2953 2986]
[2987 3467]
[3468 3521]
[3522 3679]
[3680 3709]
[3710 3746]
[3747 3774]
[3775 3857]
[3858 3981]
[3982 4022]
[4023 4073]
[4074 4143]
[4144 4195]
[4196 4233]
[4234 4298]
[4299 4336]
[4337 4394]
[4395 4434]
[4435 4519]
[4520 4701]
[4702 4709]
[4710 4730]
[4731 4741]
[4742 4765]
[4766 4820]
[4821 4845]
[4846 4929]
[4930 4944]
[4945 4990]
[4991 5314]
[5315 5408]
[5409 5483]
[5484 5558]
[5559 5699]
[5700 6173]
[6174 6227]
[6228 6256]
[6257 6305]
[6306 6343]
[6344 6395]
[6396 6431]
[6432 6470]
[6471 6591]
[6592 6762]
[6763 6808]
[6809 6843]
[6844 6880]
[6881 6919]
[6920 6964]
[6965 7016]
[7017 7052]
[7053 7095]
[7096 7267]
[7268 7321]
[7322 7424]
[7425 7453]
[7454 7530]
[7531 7580]
[7581 7598]
[7599 7678]
[7679 8202]
[8203 8251]
[8252 8287]
[8288 8325]
[8326 8357]
[8358 8413]
[8414 8457]
[8458 8504]
[8505 8576]
[8577 8635]
[8636 8695]
[8696 8747]
[8748 8789]
[8790 8828]
[8829 8899]
[8900 8935]
[8936 8961]
[8962 9005]
[9006 9034]
[9035 9067]
[9068 9126]
[9127 9149]
[9150 9192]
[9193 9228]
[9229 9291]
[9292 9384]
[9385 9409]
[9410 9471]
[9472 9515]
[9516 9555]
[9556 9597]
[9598 9652]
[9653 9766]
[9767 9802]
[9803 9838]
[9839 9874]
[9875 9910]
[9911 9946]
[9947 9982]
[ 9983 10018]
[10019 10054]
[10055 10090]
[10091 10126]
[10127 10205]
[10206 10592]
[10593 10868]
[10869 10898]
[10899 10953]
[10954 10984]
[10985 11029]
[11030 11094]
[11095 11183]
[11184 11243]
[11244 11341]
[11342 11378]
[11379 11452]
[11453 11513]
[11514 11539]
[11540 11589]
[11590 11642]
[11643 11695]
[11696 11744]
[11745 11785]
[11786 11818]
[11819 11875]
[11876 11921]
[11922 11948]
[11949 12222]
[12223 12298]
[12299 12424]
[12425 12559]
[12560 12601]
[12602 12687]
[12688 12735]
[12736 12807]
[12808 12929]
[12930 13054]
[13055 13128]
[13129 13219]
[13220 13560]
[13561 13639]
[13640 13778]
[13779 13882]
[13883 13990]
[13991 14329]
[14330 14509]
[14510 14579]
[14580 14901]
[14902 15236]
[15237 15307]
[15308 15403]
[15404 15544]
[15545 15633]
[15634 15696]
[15697 15721]
[15722 15869]
[15870 15991]
[15992 16062]
[16063 16111]
[16112 16205]
[16206 16311]
[16312 16389]
[16390 16730]
[16731 16839]
[16840 16931]
[16932 17024]
[17025 17100]
[17101 17150]
[17151 17391]
[17392 17440]
[17441 17502]
[17503 17544]
[17545 17603]
[17604 17721]
[17722 17772]
[17773 17829]
[17830 17881]
[17882 17935]
[17936 18050]
[18051 18086]
[18087 18122]
[18123 18158]
[18159 18194]
[18195 18230]
[18231 18266]
[18267 18302]
[18303 18338]
[18339 18374]
[18375 18410]
[18411 18490]
[18491 18761]
[18762 18840]
[18841 18946]
[18947 19038]
[19039 19112]
[19113 19166]
[19167 19275]
[19276 19420]
[19421 19541]
[19542 19607]
[19608 19684]
[19685 20128]
[20129 20256]
[20258 20382]
[20383 20580]
[20581 20846]
[20847 20953]
[20954 21016]
[21017 21161]
[21162 21247]
[21248 21364]
[21365 21469]
[21470 21577]
[21578 21668]
[21669 21721]
[21722 21774]
[21775 21833]
[21834 21871]
[21872 22162]
[22163 22502]
[22503 23065]
[23066 23370]
[23371 23535]
[23536 23607]
[23608 23946]
[23947 24003]
[24004 24043]
[24044 24073]
[24074 24314]
[24315 24472]
[24473 24654]
[24655 24718]
[24719 24793]
[24794 24958]
[24959 25094]
[25095 25210]
[25211 25282]
[25283 25644]
[25645 25749]
