[ 0 15]
[ 16 295]
[296 350]
[351 386]
[387 416]
[417 444]
[445 477]
[478 507]
[508 537]
[538 570]
[571 601]
[602 634]
[635 665]
[666 696]
[697 726]
[727 757]
[758 814]
[815 837]
[838 933]
[ 934 1549]
[1550 1575]
[1576 1603]
[1604 1623]
[1624 1656]
[1657 1681]
[1682 1716]
[1717 1762]
[1763 1802]
[1803 1841]
[1842 1874]
[1875 1950]
[1951 1998]
[1999 2044]
[2045 2094]
[2095 2148]
[2149 2212]
[2213 2258]
[2259 2317]
[2318 2382]
[2383 2407]
[2408 2554]
[2555 2580]
[2581 2608]
[2609 2652]
[2653 2801]
[2802 2824]
[2825 2863]
[2864 2891]
[2892 2924]
[2925 2980]
[2981 3031]
[3032 3093]
[3094 3145]
[3146 3199]
[3200 3648]
[3649 3695]
[3696 3752]
[3753 3802]
[3803 3861]
[3862 3969]
[3970 4020]
[4021 4069]
[4070 4119]
[4120 4186]
[4187 4238]
[4239 4299]
[4300 4354]
[4355 4409]
[4410 4466]
[4467 4504]
[4505 4614]
[4615 4650]
[4651 4721]
[4722 4795]
[4796 4953]
[4954 4994]
[4995 5053]
[5054 5177]
[5178 5237]
[5238 5298]
[5299 5321]
[5322 5653]
[5654 5716]
[5717 5786]
[5787 5855]
[5856 5922]
[5923 5992]
[5993 6061]
[6062 6193]
[6194 6256]
[6257 6328]
[6329 6358]
[6359 6415]
[6416 6725]
[6726 6766]
[6767 6805]
[6806 6841]
[6842 6872]
[6873 6906]
[6907 6942]
[6943 6975]
[6976 7028]
[7029 7087]
[7088 7176]
[7177 7207]
[7208 7227]
[7228 7261]
[7262 7306]
[7307 7357]
[7358 7418]
[7419 7460]
[7461 7497]
[7498 7568]
[7569 7591]
[7592 7641]
[7642 7691]
[7692 7738]
[7739 7786]
[7787 7825]
[7826 8340]
[8341 8420]
[8421 8454]
[8455 8496]
[8497 8535]
[8536 8564]
[8565 8595]
[8596 8610]
[8611 8644]
[8645 8669]
[8670 8692]
[8693 8708]
[8709 8731]
[8732 8823]
[8824 8901]
[8902 8947]
[8948 8969]
[8970 9013]
[9014 9053]
[9054 9096]
[9097 9154]
[9155 9192]
[9193 9233]
[9234 9303]
[9304 9352]
[9353 9435]
[9436 9505]
[9506 9587]
[9588 9712]
[9713 9759]
[9760 9821]
[9822 9870]
[9871 9894]
[9895 9931]
[9932 9957]
[9958 9986]
[ 9987 10016]
[10017 10047]
[10048 10070]
[10071 10126]
[10127 10162]
[10163 10198]
[10199 10234]
[10235 10270]
[10271 10306]
[10307 10342]
[10343 10378]
[10379 10414]
[10415 10450]
[10451 10486]
[10487 10568]
[10569 11091]
[11092 11176]
[11177 11348]
[11349 11411]
[11412 11531]
[11532 11643]
[11644 11697]
[11698 11833]
[11834 11869]
[11870 11919]
[11920 11998]
[11999 12048]
[12049 12157]
[12158 12198]
[12199 12240]
[12241 12323]
[12324 12371]
[12372 12416]
[12417 12698]
[12699 12770]
[12771 12835]
[12836 12935]
[12936 13018]
[13019 13107]
[13108 13160]
[13161 13430]
[13431 13552]
[13553 13663]
[13664 13872]
[13873 13943]
[13944 13996]
[13997 14054]
[14055 14109]
[14110 14140]
[14141 14178]
[14179 14551]
[14552 14614]
[14615 14675]
[14676 14750]
[14751 14816]
[14817 14925]
[14926 14997]
[14998 15073]
[15074 15148]
[15149 15209]
[15210 15269]
[15270 15423]
[15424 15488]
[15489 15549]
[15550 15624]
[15625 15709]
[15710 15784]
[15785 15901]
[15902 15985]
[15986 16107]
[16108 16261]
[16262 16341]
[16342 16412]
[16413 16495]
[16496 16568]
[16569 16689]
[16690 16778]
[16779 16842]
[16843 16901]
[16902 16962]
[16963 17024]
[17025 17081]
[17082 17145]
[17146 17207]
[17208 17261]
[17262 17306]
[17307 17387]
[17388 17446]
[17447 17615]
[17616 17889]
[17890 18087]
[18088 18246]
[18247 18296]
[18297 18452]
[18453 18526]
[18527 18574]
[18575 18625]
[18626 18670]
[18671 18710]
[18711 18808]
[18809 18853]
[18854 18899]
[18900 18952]
[18953 18985]
[18986 19050]
[19051 19075]
[19076 19119]
[19120 19160]
[19161 19209]
[19210 19283]
[19284 19351]
[19352 19450]
[19451 19473]
[19474 19663]
[19664 19923]
[19924 20061]
[20062 20137]
[20138 20214]
[20215 20316]
[20317 20376]
[20377 20471]
[20472 20506]
[20507 20533]
[20534 20727]
[20728 20809]
[20810 20891]
[20892 20965]
[20966 21050]
[21051 21126]
[21127 21202]
[21203 21268]
[21269 21331]
[21332 21388]
[21389 21449]
[21450 21503]
[21504 21564]
[21565 21616]
[21617 21663]
[21664 21713]
[21714 21893]
[21894 22250]
[22251 22345]
[22346 22411]
[22412 22463]
[22464 22530]
[22531 22628]
[22629 22743]
[22744 22875]
[22876 22990]
[22991 23106]
[23107 23226]
[23227 23314]
[23315 23371]
[23372 23420]
[23421 23680]
[23681 23846]
[23847 23968]
[23969 24076]
[24077 24180]
[24181 24305]
[24306 24430]
[24431 24555]
[24556 24680]
[24681 24762]
[24763 24818]
[24819 24854]
[24855 24890]
[24891 24926]
[24927 24962]
[24963 24998]
[24999 25034]
[25035 25070]
[25071 25106]
[25107 25142]
[25143 25178]
[25179 25264]
[25265 25678]
[25679 26015]
[26016 26100]
[26101 26213]
[26214 26238]
[26239 26421]
[26422 26696]
[26697 26941]
[26942 27084]
[27085 27385]
[27386 27617]
[27618 27692]
[27693 27741]
[27742 27837]
[27838 27923]
[27924 27999]
[28000 28103]
[28104 28206]
[28207 28308]
[28309 28362]
[28363 28418]
[28419 28435]
[28436 28656]
[28657 28772]
[28773 28853]
[28854 28961]
[28962 29068]
[29069 29159]
[29160 29229]
[29230 29355]
[29356 29443]
[29444 29543]
[29544 29622]
[29623 29871]
[29872 29999]
