[0 2]
[  3 239]
[240 305]
[306 346]
[347 398]
[399 432]
[433 467]
[468 496]
[497 526]
[527 556]
[557 583]
[584 613]
[614 646]
[647 682]
[683 713]
[714 748]
[749 888]
[ 889 1440]
[1441 1496]
[1497 1544]
[1545 1577]
[1578 1601]
[1602 1639]
[1640 1666]
[1667 1699]
[1700 1799]
[1800 1824]
[1825 1902]
[1903 1945]
[1946 2088]
[2089 2279]
[2280 2397]
[2398 2471]
[2472 2574]
[2575 2649]
[2650 2731]
[2732 2796]
[2797 2871]
[2872 3277]
[3278 3359]
[3360 3421]
[3422 3545]
[3546 3599]
[3600 3656]
[3657 3760]
[3761 3941]
[3942 3996]
[3997 4077]
[4078 4211]
[4212 4258]
[4259 4315]
[4316 4388]
[4389 4462]
[4463 4505]
[4506 4551]
[4552 4796]
[4797 4930]
[4931 5041]
[5042 5137]
[5138 5217]
[5218 5347]
[5348 5478]
[5479 5592]
[5593 5651]
[5652 5740]
[5741 5857]
[5858 5957]
[5958 6117]
[6118 6182]
[6183 6844]
[6845 6898]
[6899 6947]
[6948 6995]
[6996 7061]
[7062 7125]
[7126 7186]
[7187 7312]
[7313 7912]
[7913 7952]
[7953 7993]
[7994 8052]
[8053 8081]
[8082 8117]
[8118 8162]
[8163 8211]
[8212 8241]
[8242 8275]
[8276 8648]
[8649 8688]
[8690 8753]
[8754 8921]
[8922 8980]
[8981 9080]
[9081 9187]
[9188 9468]
[9469 9504]
[9505 9564]
[9565 9620]
[9621 9680]
[9681 9729]
[9730 9783]
[9784 9843]
[9844 9893]
[9894 9945]
[9946 9983]
[ 9984 10038]
[10039 10111]
[10112 10153]
[10154 10253]
[10254 10307]
[10308 10341]
[10342 10388]
[10389 10449]
[10450 10950]
[10951 11002]
[11003 11037]
[11038 11088]
[11089 11125]
[11126 11175]
[11176 11301]
[11302 11500]
[11501 11556]
[11557 11586]
[11587 11653]
[11654 11702]
[11703 11746]
[11747 11783]
[11784 11856]
[11857 11916]
[11917 11990]
[11991 12052]
[12053 12118]
[12119 12167]
[12168 12264]
[12265 12284]
[12285 12323]
[12324 12355]
[12357 12402]
[12403 12450]
[12451 12481]
[12482 12880]
[12881 12939]
[12940 12998]
[12999 13059]
[13060 13116]
[13117 13171]
[13172 13222]
[13223 13270]
[13271 13331]
[13332 13348]
[13349 13461]
[13462 13635]
[13636 13683]
[13684 13743]
[13744 13784]
[13785 13836]
[13837 13885]
[13886 13949]
[13950 14111]
[14112 14161]
[14162 14225]
[14226 14307]
[14308 14565]
[14566 14818]
[14819 14923]
[14924 15141]
[15142 15340]
[15341 15432]
[15433 15649]
[15650 15721]
[15722 15788]
[15789 16110]
[16111 16155]
[16156 16198]
[16199 16289]
[16290 16350]
[16351 16440]
[16441 16508]
[16509 16654]
[16655 16868]
[16869 16887]
[16888 16934]
[16935 16985]
[16986 17100]
[17101 17175]
[17176 17226]
[17227 17301]
[17302 17381]
[17382 17660]
[17661 17764]
[17765 17841]
[17842 17909]
[17910 17987]
[17988 18047]
[18048 18154]
[18155 18202]
[18203 18292]
[18293 18439]
[18440 18575]
[18576 18797]
[18798 18877]
[18878 19192]
[19193 19239]
[19240 19271]
[19272 19299]
[19300 19328]
[19329 19341]
[19342 19374]
[19375 19390]
[19391 19407]
[19408 19425]
[19426 19441]
[19442 19455]
[19456 19483]
[19484 19512]
[19513 19564]
[19565 19606]
[19607 19870]
[19871 20068]
[20069 20133]
[20134 20195]
[20196 20417]
[20418 20433]
[20434 20458]
[20459 20486]
[20487 20512]
[20513 20514]
[20515 20539]
[20540 20559]
[20560 20581]
[20582 20602]
[20603 20618]
[20619 20631]
[20632 20668]
[20669 20693]
[20694 20721]
[20722 20748]
[20749 20804]
[20805 20860]
[20861 20895]
[20896 20926]
[20927 20955]
[20956 20986]
[20987 21014]
[21015 21044]
[21045 21071]
[21072 21105]
[21106 21140]
[21141 21245]
[21246 21446]
[21447 21559]
[21560 21644]
[21645 21706]
[21707 21770]
[21771 21827]
[21828 21907]
[21908 22007]
[22008 22094]
[22095 22135]
[22136 22406]
[22407 22521]
[22522 22607]
[22608 22726]
[22727 22813]
[22814 22921]
[22922 22983]
[22984 23066]
[23067 23118]
[23119 23187]
[23188 23280]
[23281 23349]
[23350 23419]
[23420 23739]
[23740 23818]
[23819 23874]
[23875 23932]
[23933 24133]
[24134 24198]
[24199 24287]
[24288 24373]
[24374 24456]
[24457 24504]
[24505 24542]
[24543 24850]
[24851 25101]
[25102 25292]
[25293 25298]
[25299 25461]
[25462 25529]
[25530 25592]
[25593 25673]
[25674 25747]
[25748 25829]
[25830 25919]
[25920 25994]
[25995 26057]
[26058 26123]
[26124 26201]
[26202 26272]
[26273 26332]
[26333 26409]
[26410 26520]
[26521 26780]
[26781 27089]
[27090 27189]
[27190 27246]
[27247 27308]
[27309 27355]
[27356 27390]
[27391 27771]
[27772 27823]
[27824 27866]
[27867 27924]
[27925 27982]
[27983 28051]
[28052 28103]
[28104 28172]
[28173 28204]
[28205 28303]
[28304 28372]
[28373 28412]
[28413 28483]
[28484 28583]
[28584 28650]
[28651 28954]
[28955 29049]
