[ 0 18]
[ 20 260]
[261 323]
[324 366]
[367 403]
[404 482]
[483 511]
[512 544]
[545 560]
[561 585]
[586 620]
[621 655]
[656 765]
[ 766 1140]
[1141 1207]
[1208 1275]
[1276 1361]
[1362 1385]
[1386 1420]
[1421 1488]
[1489 1553]
[1554 1593]
[1594 1660]
[1661 1694]
[1695 1752]
[1753 1808]
[1809 1877]
[1878 1936]
[1937 1972]
[1973 2010]
[2011 2055]
[2056 2090]
[2091 2125]
[2126 2181]
[2182 2219]
[2220 2256]
[2257 2553]
[2554 2733]
[2734 2802]
[2803 2837]
[2838 2895]
[2896 2934]
[2935 2969]
[2970 3029]
[3030 3060]
[3061 3473]
[3474 3606]
[3607 3647]
[3648 3686]
[3687 3723]
[3724 3795]
[3796 3918]
[3919 3982]
[3983 4051]
[4052 4141]
[4142 4234]
[4235 4429]
[4430 4957]
[4958 5024]
[5025 5097]
[5098 5177]
[5178 5234]
[5235 5309]
[5310 5363]
[5364 5387]
[5388 5446]
[5447 5503]
[5504 5574]
[5575 5645]
[5646 5723]
[5724 5791]
[5792 5995]
[5996 6068]
[6069 6136]
[6137 6203]
[6204 6254]
[6255 6330]
[6331 6399]
[6400 6476]
[6477 6903]
[6904 6976]
[6977 7039]
[7040 7085]
[7086 7163]
[7164 7181]
[7182 7223]
[7224 7310]
[7311 7348]
[7349 7461]
[7462 7494]
[7495 7534]
[7535 7586]
[7587 7631]
[7632 7670]
[7671 7738]
[7739 7818]
[7819 7854]
[7855 7889]
[7890 7922]
[7923 7949]
[7950 7986]
[7987 8085]
[8086 8118]
[8119 8139]
[8140 8162]
[8163 8204]
[8205 8233]
[8234 8270]
[8271 8316]
[8317 8351]
[8352 8396]
[8397 8419]
[8420 8638]
[8639 8740]
[8741 8800]
[8801 8848]
[8849 8859]
[8860 8911]
[8912 9014]
[9015 9072]
[9073 9119]
[9120 9190]
[9191 9260]
[9261 9339]
[9340 9426]
[9427 9504]
[9505 9591]
[9592 9667]
[9668 9755]
[9756 9908]
[9909 9955]
[9956 9997]
[ 9998 10041]
[10042 10088]
[10089 10119]
[10120 10159]
[10160 10199]
[10201 10233]
[10234 10348]
[10349 10940]
[10941 11037]
[11038 11118]
[11119 11128]
[11129 11221]
[11222 11273]
[11274 11317]
[11318 11686]
[11687 11988]
[11989 12040]
[12041 12104]
[12105 12180]
[12181 12293]
[12294 12573]
[12574 12668]
[12669 12942]
[12943 13179]
[13180 13309]
[13310 13643]
[13644 13712]
[13713 13784]
[13785 13873]
[13874 14022]
[14023 14068]
[14069 14436]
[14437 14494]
[14495 14566]
[14567 14634]
[14635 14697]
[14698 14760]
[14761 14977]
[14978 15076]
[15077 15136]
[15137 15187]
[15188 15245]
[15246 15308]
[15309 15744]
[15745 15759]
[15760 15801]
[15802 15839]
[15840 15931]
[15932 15965]
[15966 16004]
[16005 16109]
[16110 16203]
[16204 16307]
[16308 16405]
[16406 16518]
[16519 16669]
[16670 16738]
[16739 16867]
[16868 16928]
[16929 16986]
[16987 17033]
[17034 17075]
[17076 17119]
[17120 17166]
[17167 17237]
[17238 17311]
[17312 17425]
[17426 17628]
[17629 17738]
[17739 17798]
[17799 17852]
[17853 17969]
[17970 18075]
[18076 18179]
[18180 18237]
[18238 18327]
[18328 18437]
[18438 18553]
[18554 18611]
[18612 18682]
[18683 19001]
[19002 19111]
[19112 19212]
[19213 19305]
[19306 19410]
[19411 19506]
[19507 19598]
[19599 19671]
[19672 19719]
[19720 19803]
[19804 19879]
[19880 19952]
[19953 20269]
[20270 20576]
[20577 20971]
[20972 21258]
[21259 21376]
[21377 21775]
[21776 21872]
[21873 21939]
[21940 22125]
[22126 22291]
[22292 22410]
[22411 22509]
[22510 22570]
[22571 22654]
[22655 22748]
[22749 22809]
[22810 23091]
[23092 23165]
[23166 23251]
[23252 23365]
[23366 23459]
[23460 23548]
[23549 23649]
[23650 23741]
[23742 23831]
[23832 24055]
[24056 24509]
[24510 24658]
[24659 24734]
[24735 24847]
[24848 24873]
[24874 25344]
[25345 25413]
[25414 25498]
[25499 25590]
[25591 25629]
[25630 25685]
[25686 25769]
[25770 25866]
[25867 26030]
[26031 26098]
[26099 26136]
[26137 26173]
[26174 26203]
[26204 26265]
[26266 26361]
[26362 26455]
[26456 26479]
[26480 26525]
[26526 26608]
[26609 26646]
[26647 26691]
[26692 26736]
[26737 26767]
[26768 27055]
[27056 27149]
