[ 0 20]
[ 21 327]
[328 380]
[381 416]
[417 446]
[447 474]
[475 507]
[508 569]
[570 627]
[628 680]
[ 681 1165]
[1166 1254]
[1255 1331]
[1332 1408]
[1409 1474]
[1475 1626]
[1627 1689]
[1690 1771]
[1772 1870]
[1871 1926]
[1927 2000]
[2001 2293]
[2294 2371]
[2372 2444]
[2445 2505]
[2506 2568]
[2569 2632]
[2633 2987]
[2988 3047]
[3048 3129]
[3130 3247]
[3248 3347]
[3348 3409]
[3410 3474]
[3475 3513]
[3514 3571]
[3572 3618]
[3619 3678]
[3679 3719]
[3720 3758]
[3759 3797]
[3798 3839]
[3840 3867]
[3868 3904]
[3905 4342]
[4343 4477]
[4478 4592]
[4593 4717]
[4718 4789]
[4790 4857]
[4858 4974]
[4975 5035]
[5036 5238]
[5239 5296]
[5297 5351]
[5352 5529]
[5530 5626]
[5627 5753]
[5754 5832]
[5833 6210]
[6211 6296]
[6297 6388]
[6389 6478]
[6479 6568]
[6569 6669]
[6670 6780]
[6781 6911]
[6912 7025]
[7026 7208]
[7209 7348]
[7349 7503]
[7504 7550]
[7551 7614]
[7615 7719]
[7720 7994]
[7995 8269]
[8270 8468]
[8469 8608]
[8609 8792]
[8793 8894]
[8895 9291]
[9292 9360]
[9361 9450]
[9451 9550]
[9551 9647]
[9648 9744]
[9745 9791]
[9792 9905]
[9906 9953]
[ 9954 10210]
[10211 10305]
[10306 10401]
[10402 10508]
[10509 10601]
[10602 10671]
[10672 10760]
[10761 10821]
[10822 10873]
[10874 10926]
[10927 10962]
[10963 10998]
[10999 11034]
[11035 11070]
[11071 11106]
[11107 11142]
[11143 11178]
[11179 11214]
[11215 11250]
[11251 11286]
[11287 11376]
[11377 11758]
[11759 11814]
[11815 11873]
[11874 11935]
[11936 11998]
[11999 12058]
[12059 12113]
[12114 12170]
[12171 12245]
[12246 12291]
[12292 12338]
[12339 12480]
[12481 12526]
[12527 12554]
[12555 12643]
[12644 12720]
[12721 12781]
[12782 12856]
[12857 13407]
[13408 13499]
[13500 13819]
[13820 13887]
[13888 14042]
[14043 14250]
[14251 14353]
[14354 14486]
[14487 14553]
[14554 14614]
[14615 14787]
[14788 15182]
[15183 15210]
[15211 15242]
[15243 15272]
[15273 15304]
[15305 15341]
[15342 15412]
[15413 15443]
[15444 15485]
[15486 15542]
[15543 15641]
[15642 15685]
[15686 15720]
[15721 15758]
[15759 15806]
[15807 15842]
[15843 15878]
[15879 15951]
[15952 15988]
[15989 16129]
[16130 16181]
[16182 16248]
[16249 16290]
[16291 16559]
[16560 16613]
[16614 16657]
[16658 16702]
[16703 16734]
[16735 16805]
[16806 16865]
[16866 16932]
[16933 16998]
[16999 17066]
[17067 17161]
[17162 17308]
[17309 17409]
[17410 17462]
[17463 17923]
[17924 17981]
[17982 18244]
[18245 18387]
[18388 18675]
[18676 18761]
[18762 18874]
[18875 18948]
[18949 19154]
[19155 19197]
[19198 19306]
[19307 19386]
[19387 19606]
[19607 19671]
[19672 19726]
[19727 19779]
[19780 19831]
[19832 19880]
[19881 19957]
[19958 20019]
[20020 20090]
[20091 20162]
[20163 20226]
[20227 20334]
[20335 20637]
[20638 21752]
[21753 22094]
[22095 22311]
[22312 22398]
[22399 22493]
[22494 22587]
[22588 22667]
[22668 22754]
[22755 22859]
[22860 22909]
[22910 23000]
[23001 23149]
[23150 23507]
[23508 23568]
[23569 23622]
[23623 23675]
[23676 23721]
[23722 23768]
[23769 24178]
[24179 24220]
[24221 24262]
[24263 24303]
[24304 24344]
[24345 24380]
[24381 24629]
[24630 24777]
[24778 24836]
[24837 24947]
[24948 25024]
[25025 25091]
[25092 25239]
[25240 25376]
[25377 25480]
[25481 25540]
[25541 25630]
[25631 25802]
[25803 25860]
[25861 25924]
[25925 25985]
[25986 26047]
[26048 26127]
[26128 26207]
[26208 26274]
[26275 26354]
[26355 26429]
[26430 26488]
[26489 26542]
[26543 26618]
[26619 26744]
[26745 26801]
[26802 26848]
[26849 26913]
[26914 27295]
[27296 27400]
[27401 27560]
[27561 27681]
[27682 27776]
[27777 27918]
[27919 27996]
[27997 28051]
[28052 28084]
[28085 28199]
[28200 28253]
[28254 28293]
[28294 28325]
[28326 28375]
[28376 28784]
[28786 28899]
