[ 0 15]
[ 17 298]
[299 354]
[355 385]
[386 416]
[417 447]
[448 481]
[482 503]
[504 518]
[519 569]
[570 590]
[591 605]
[606 636]
[637 667]
[668 698]
[699 730]
[731 931]
[ 932 1213]
[1214 1293]
[1294 1350]
[1351 1434]
[1435 1471]
[1473 1592]
[1593 1691]
[1692 1758]
[1759 1793]
[1794 1828]
[1829 1848]
[1849 1898]
[1899 1944]
[1945 1996]
[1997 2074]
[2075 2255]
[2256 2315]
[2316 2716]
[2717 3018]
[3019 3557]
[3558 3903]
[3904 3948]
[3949 4030]
[4031 4154]
[4155 4517]
[4518 4663]
[4664 4752]
[4753 4812]
[4813 4880]
[4881 4919]
[4920 4974]
[4975 5033]
[5034 5082]
[5083 5130]
[5131 5216]
[5217 5296]
[5297 5645]
[5646 5732]
[5733 5780]
[5781 5826]
[5827 5878]
[5879 5939]
[5940 6001]
[6002 6067]
[6068 6110]
[6111 6164]
[6165 6242]
[6243 6300]
[6301 6320]
[6321 6383]
[6384 6428]
[6429 6456]
[6457 6506]
[6507 6540]
[6541 6579]
[6580 6639]
[6640 6684]
[6685 6732]
[6733 6795]
[6796 6819]
[6820 6844]
[6845 6903]
[6904 6958]
[6959 6999]
[7000 7043]
[7044 7112]
[7113 7173]
[7174 7206]
[7207 7236]
[7237 7276]
[7277 7704]
[7705 7715]
[7716 7786]
[7787 7854]
[7855 7923]
[7924 7990]
[7991 8041]
[8042 8090]
[8091 8145]
[8146 8199]
[8200 8253]
[8254 8297]
[8298 8342]
[8343 8402]
[8403 8446]
[8447 8486]
[8487 8534]
[8535 8586]
[8587 8616]
[8617 8677]
[8678 8723]
[8724 8753]
[8754 8794]
[8795 8828]
[8829 8908]
[8909 8944]
[8945 8997]
[8998 9060]
[9061 9112]
[9113 9163]
[9164 9212]
[9213 9259]
[9260 9319]
[9320 9355]
[9356 9391]
[9392 9427]
[9428 9463]
[9464 9499]
[9500 9551]
[9552 9588]
[9589 9625]
[9626 9675]
[9676 9760]
[ 9761 10042]
[10043 10149]
[10150 10250]
[10251 10574]
[10575 10789]
[10790 10916]
[10917 11061]
[11062 11100]
[11101 11546]
[11547 11566]
[11567 11594]
[11595 11633]
[11634 11659]
[11660 11674]
[11675 11725]
[11726 11744]
[11745 11758]
[11759 11791]
[11792 11873]
[11874 11928]
[11929 11999]
[12000 12019]
[12020 12050]
[12051 12077]
[12078 12093]
[12094 12118]
[12119 12143]
[12144 12239]
[12240 12273]
[12274 12303]
[12304 12337]
[12338 12391]
[12392 12435]
[12436 12460]
[12461 12711]
[12712 12758]
[12759 12781]
[12782 12799]
[12800 12845]
[12846 12857]
[12858 12883]
[12884 12908]
[12909 12938]
[12939 12969]
[12970 13023]
[13024 13077]
[13078 13155]
[13156 13265]
[13266 13587]
[13588 13644]
[13645 13706]
[13707 13771]
[13772 13851]
[13852 14001]
[14002 14206]
[14207 14335]
[14336 14427]
[14428 14559]
[14560 14616]
[14617 14734]
[14735 14859]
[14860 14927]
[14928 15166]
[15167 15229]
[15230 15296]
[15297 15409]
[15410 15480]
[15481 15531]
[15532 15601]
[15602 15653]
[15654 15732]
[15733 15785]
[15786 15864]
[15865 15908]
[15909 16090]
[16091 16201]
[16202 16348]
[16349 16611]
[16612 16693]
[16694 16832]
[16833 16924]
[16925 17052]
[17053 17265]
[17266 17327]
[17328 17406]
[17407 17451]
[17452 17540]
[17541 17684]
[17685 17803]
[17804 17873]
[17874 18014]
[18015 18071]
[18072 18310]
[18311 18403]
[18404 18532]
[18533 18556]
[18557 18666]
[18667 18762]
[18763 18928]
[18929 19238]
[19239 19273]
[19274 19324]
[19325 19353]
[19354 19401]
[19402 19687]
[19688 19733]
[19734 19792]
[19793 19851]
[19852 19910]
[19911 19991]
[19992 20077]
[20078 20141]
[20142 20215]
[20216 20271]
[20272 20365]
[20366 20442]
[20443 20493]
[20494 20818]
[20819 20906]
[20907 20983]
[20984 21069]
[21070 21162]
[21163 21248]
[21249 21354]
[21355 21477]
[21478 21619]
[21620 21658]
[21659 21916]
[21917 22202]
[22203 22262]
[22263 22350]
[22351 22421]
[22422 22494]
[22495 22555]
[22556 22663]
[22664 22738]
[22739 22869]
[22870 22939]
[22940 23048]
[23049 23365]
[23366 23466]
[23467 23626]
[23627 23671]
[23672 23793]
[23794 23917]
[23918 23991]
[23992 24055]
[24056 24174]
[24175 24264]
[24265 24331]
[24332 24424]
[24425 24721]
[24722 24801]
[24802 24884]
[24885 24965]
[24966 25166]
[25167 25235]
[25236 25274]
[25275 25344]
[25345 25771]
[25772 26049]
[26050 26252]
[26253 26397]
[26398 26678]
[26679 26769]
[26770 26824]
[26825 27171]
[27172 27293]
[27294 27418]
[27419 27543]
[27544 27668]
[27669 27704]
[27705 27853]
[27854 28074]
[28075 28232]
[28233 28306]
[28307 28338]
[28339 28645]
[28646 28725]
[28726 28804]
[28805 28889]
[28890 28964]
[28965 29049]
[29050 29114]
[29115 29179]
[29180 29236]
[29237 29290]
[29291 29325]
[29326 29641]
[29643 29699]
