[ 0 23]
[ 24 443]
[444 500]
[501 531]
[532 562]
[563 593]
[594 627]
[628 658]
[659 689]
[690 720]
[721 751]
[752 782]
[783 813]
[814 844]
[845 876]
[877 907]
[908 938]
[939 969]
[ 970 1000]
[1001 1079]
[1080 1525]
[1526 1547]
[1548 1593]
[1594 1624]
[1625 1657]
[1658 1702]
[1703 1756]
[1757 1787]
[1788 1817]
[1818 1850]
[1851 1882]
[1883 1917]
[1918 1950]
[1951 1976]
[1977 2008]
[2009 2043]
[2044 2080]
[2081 2149]
[2150 2165]
[2166 2241]
[2242 2327]
[2328 2365]
[2366 2399]
[2400 2432]
[2433 2461]
[2462 2490]
[2491 2532]
[2533 2574]
[2575 2607]
[2608 2646]
[2647 2679]
[2680 2727]
[2728 2768]
[2769 3148]
[3149 3268]
[3269 3349]
[3350 3506]
[3507 3634]
[3635 3741]
[3742 3878]
[3879 3993]
[3994 4095]
[4096 4115]
[4116 4281]
[4282 4449]
[4450 4735]
[4736 5036]
[5037 5117]
[5118 5165]
[5166 5276]
[5277 5321]
[5322 5365]
[5366 5436]
[5437 5483]
[5484 5528]
[5529 5574]
[5575 5627]
[5628 5676]
[5677 5727]
[5728 5895]
[5896 5938]
[5939 5972]
[5973 6096]
[6097 6146]
[6147 6192]
[6193 6220]
[6221 6259]
[6260 6305]
[6306 6351]
[6352 6431]
[6432 6478]
[6479 6513]
[6514 6565]
[6566 6821]
[6822 6888]
[6889 6958]
[6959 7027]
[7028 7094]
[7095 7164]
[7165 7233]
[7234 7365]
[7366 7428]
[7429 7500]
[7501 7530]
[7531 7583]
[7584 7658]
[7659 7741]
[7742 7786]
[7787 7847]
[7848 7917]
[7918 7971]
[7972 8034]
[8035 8649]
[8650 8713]
[8714 8782]
[8783 8827]
[8828 8865]
[8866 8960]
[8961 9297]
[9298 9457]
[9458 9503]
[9504 9556]
[9557 9657]
[9658 9706]
[ 9707 10105]
[10106 10203]
[10204 10287]
[10288 10372]
[10373 10710]
[10711 10899]
[10900 11402]
[11403 11576]
[11577 11744]
[11745 12162]
[12163 12257]
[12258 12296]
[12297 12390]
[12391 12396]
[12397 12443]
[12444 12494]
[12495 12614]
[12615 12669]
[12670 12716]
[12717 12758]
[12759 12797]
[12798 12862]
[12863 12934]
[12935 12982]
[12983 13080]
[13081 13162]
[13163 13290]
[13291 13389]
[13390 13715]
[13716 13966]
[13967 14069]
[14070 14187]
[14188 14306]
[14307 14426]
[14427 14549]
[14550 14647]
[14648 14734]
[14735 14814]
[14815 14907]
[14908 15009]
[15010 15104]
[15105 15407]
[15409 15452]
[15453 15513]
[15514 15561]
[15562 15601]
[15602 15630]
[15631 15751]
[15752 15775]
[15776 15800]
[15801 15866]
[15867 15927]
[15928 15958]
[15959 15989]
[15990 16019]
[16020 16108]
[16109 16155]
[16156 16195]
[16196 16241]
[16242 16292]
[16293 16329]
[16330 16445]
[16446 16477]
[16478 16525]
[16526 16573]
[16574 16593]
[16594 16621]
[16622 16656]
[16657 16697]
[16698 17112]
[17113 17218]
[17219 17292]
[17293 17366]
[17367 17515]
[17516 17712]
[17713 17808]
[17809 17886]
[17887 17960]
[17961 18029]
[18030 18138]
[18139 18244]
[18245 18373]
[18374 18502]
[18503 18604]
[18605 18744]
[18745 18780]
[18781 18816]
[18817 18852]
[18853 18888]
[18889 18924]
[18925 18962]
[18963 18996]
[18997 19068]
[19069 19104]
[19105 19188]
[19189 19467]
[19468 19498]
[19499 19537]
[19538 19601]
[19602 19671]
[19672 19735]
[19736 19802]
[19803 19864]
[19865 19934]
[19935 20000]
[20001 20059]
[20060 20125]
[20126 20190]
[20191 20258]
[20259 20325]
[20326 20392]
[20393 20459]
[20460 20526]
[20527 20593]
[20594 20660]
[20661 20820]
[20821 21108]
[21109 21302]
[21303 21432]
[21433 21635]
[21636 21925]
[21926 21984]
[21985 22041]
[22042 22156]
[22157 22213]
[22214 22275]
[22276 22337]
[22338 22394]
[22395 22447]
[22448 22497]
[22498 22550]
[22551 22619]
[22620 22963]
[22964 23024]
[23025 23086]
[23087 23146]
[23147 23210]
[23211 23266]
[23267 23323]
[23324 23380]
[23381 23438]
[23439 23498]
[23499 23558]
[23559 23621]
[23622 23682]
[23683 23740]
[23741 23795]
[23796 23851]
[23852 23905]
[23906 24157]
[24158 24226]
[24227 24261]
[24262 24310]
[24311 24373]
[24374 24425]
[24426 24512]
[24513 24591]
[24592 24681]
[24682 24751]
[24752 24823]
[24824 24921]
[24922 24991]
[24992 25045]
[25046 25082]
[25083 25103]
[25104 25197]
[25198 25258]
[25259 25298]
[25299 25337]
[25338 25725]
[25726 25807]
[25808 25833]
[25834 25939]
[25940 25973]
[25974 26027]
[26028 26071]
[26072 26126]
[26127 26181]
[26182 26230]
[26231 26276]
[26277 26337]
[26338 26381]
[26382 26416]
[26417 26451]
[26452 26492]
[26493 26565]
[26566 26613]
[26614 26656]
[26657 26694]
[26695 26816]
[26817 27282]
[27283 27352]
[27353 27431]
[27432 27506]
[27507 27579]
[27580 27648]
[27649 27919]
[27920 27988]
[27989 28175]
[28176 28310]
[28311 28400]
[28401 28714]
[28715 28818]
[28819 28946]
[28947 29075]
[29076 29152]
[29153 29261]
[29262 29351]
[29352 29448]
[29449 29520]
[29522 30012]
[30013 30099]
