[ 0 30]
[ 31 353]
[354 415]
[416 458]
[459 499]
[500 542]
[543 588]
[589 626]
[627 666]
[667 698]
[699 729]
[730 761]
[762 791]
[792 832]
[833 873]
[874 910]
[911 985]
[ 986 1370]
[1371 1479]
[1480 1514]
[1515 1556]
[1557 1609]
[1610 1687]
[1688 1815]
[1816 1876]
[1877 1904]
[1905 1937]
[1938 1991]
[1992 2024]
[2025 2079]
[2080 2143]
[2144 2173]
[2174 2259]
[2260 2325]
[2326 2408]
[2409 2563]
[2564 2632]
[2633 2681]
[2682 2741]
[2742 2770]
[2771 2840]
[2841 2907]
[2908 2968]
[2969 3029]
[3030 3423]
[3424 3491]
[3492 3537]
[3538 3575]
[3576 3737]
[3738 3805]
[3806 3886]
[3887 3974]
[3975 4078]
[4079 4134]
[4135 4543]
[4544 4759]
[4760 4809]
[4810 4851]
[4852 4903]
[4904 4941]
[4942 5293]
[5294 5425]
[5426 5550]
[5551 6535]
[6536 6642]
[6643 6712]
[6713 7019]
[7020 7096]
[7097 7165]
[7166 7230]
[7231 7259]
[7260 7324]
[7325 7369]
[7370 7418]
[7419 7458]
[7459 7525]
[7526 7589]
[7590 7660]
[7661 7718]
[7719 7755]
[7756 7840]
[7841 8647]
[8648 9133]
[9134 9188]
[9189 9246]
[9247 9309]
[9310 9360]
[9361 9425]
[9426 9488]
[9489 9545]
[9546 9639]
[9640 9736]
[9737 9854]
[9855 9955]
[ 9956 10016]
[10017 10113]
[10114 10167]
[10168 10227]
[10228 10286]
[10287 10317]
[10318 10357]
[10358 10381]
[10382 10430]
[10431 10460]
[10461 10489]
[10490 10539]
[10540 10573]
[10574 10598]
[10599 10646]
[10647 10706]
[10707 10746]
[10747 10775]
[10776 10808]
[10809 10849]
[10850 10886]
[10887 10944]
[10945 10987]
[10988 11030]
[11031 11070]
[11071 11147]
[11148 11584]
[11585 11899]
[11901 12094]
[12095 12379]
[12380 12429]
[12430 12479]
[12480 12534]
[12535 12588]
[12589 12648]
[12649 12725]
[12726 12824]
[12825 12904]
[12905 13058]
[13059 13367]
[13368 13760]
[13761 13801]
[13802 13858]
[13859 13891]
[13892 13940]
[13941 13978]
[13979 14016]
[14017 14056]
[14057 14095]
[14096 14133]
[14134 14175]
[14176 14267]
[14268 14319]
[14320 14360]
[14361 14394]
[14395 14446]
[14447 14502]
[14503 14562]
[14563 14642]
[14643 15119]
[15120 15168]
[15169 15301]
[15302 15405]
[15406 15499]
[15500 15619]
[15620 15724]
[15725 15880]
[15881 15994]
[15995 16048]
[16049 16186]
[16187 16219]
[16220 16256]
[16257 16529]
[16530 16653]
[16654 16734]
[16735 16789]
[16790 16839]
[16840 16899]
[16900 17022]
[17023 17070]
[17071 17127]
[17128 17174]
[17175 17221]
[17222 17266]
[17267 17340]
[17341 17419]
[17420 17500]
[17501 17595]
[17596 17933]
[17934 18023]
[18024 18081]
[18082 18165]
[18166 18203]
[18204 18243]
[18244 18302]
[18303 18344]
[18345 18384]
[18385 18437]
[18438 18490]
[18491 18551]
[18552 18707]
[18708 18757]
[18758 18807]
[18808 18876]
[18877 18948]
[18949 19001]
[19002 19052]
[19053 19096]
[19097 19129]
[19130 19171]
[19172 19231]
[19232 19277]
[19278 19332]
[19333 19446]
[19447 19626]
[19627 19694]
[19695 19766]
[19767 19795]
[19796 19889]
[19890 20156]
[20157 20389]
[20390 20480]
[20481 20648]
[20649 20844]
[20845 20955]
[20956 21080]
[21081 21190]
[21191 21311]
[21312 21436]
[21437 21475]
[21476 21820]
[21821 22081]
[22082 22358]
[22359 22494]
[22495 22603]
[22604 22682]
[22683 22721]
[22722 22813]
[22814 23148]
[23149 23819]
[23820 24014]
[24015 24084]
[24085 24192]
[24193 24282]
[24283 24336]
[24337 24717]
[24718 24837]
[24838 24880]
[24881 24932]
[24933 25022]
[25023 25063]
[25064 25127]
[25128 25170]
[25171 25240]
[25241 25296]
[25297 25366]
[25367 25416]
[25417 25467]
[25468 25521]
[25522 25611]
[25612 25716]
[25717 25811]
[25812 25887]
[25888 25965]
[25966 26041]
[26042 26131]
[26132 26198]
[26199 26290]
[26291 26364]
[26365 26409]
[26410 26778]
[26779 26888]
[26889 26969]
[26970 26998]
[26999 27047]
[27048 27081]
[27082 27138]
[27139 27172]
[27173 27229]
[27230 27266]
[27267 27304]
[27305 27356]
[27357 27447]
[27448 27561]
[27562 27591]
[27592 27675]
[27676 27708]
[27709 27770]
[27771 27804]
[27805 27906]
[27907 27959]
[27960 28015]
[28016 28080]
[28081 28110]
[28111 28134]
[28135 28527]
[28528 28604]
[28605 28655]
[28656 28710]
[28711 28763]
[28764 28811]
[28812 28848]
[28849 28907]
[28908 28977]
[28978 29032]
[29033 29092]
[29093 29146]
[29147 29195]
[29196 29252]
[29253 29301]
[29302 29363]
[29364 29405]
[29406 29448]
[29449 29507]
[29508 29543]
[29544 29595]
[29596 29618]
[29619 29687]
[29688 29749]
[29750 29781]
[29782 30138]
[30139 30178]
[30179 30296]
[30297 30421]
[30422 30481]
[30482 30592]
[30593 30653]
[30654 30716]
[30717 30780]
[30781 30832]
[30833 30873]
[30874 30928]
[30929 30953]
[30954 30999]
[31000 31270]
[31271 31419]
[31420 31504]
[31505 31586]
[31587 31747]
[31748 31883]
[31884 31956]
[31957 32180]
[32181 32248]
[32249 32322]
[32323 32621]
[32622 32762]
[32763 32895]
[32896 33030]
[33031 33163]
[33164 33299]
[33300 33429]
[33430 33559]
[33560 33689]
[33690 33823]
[33824 34129]
[34130 34296]
[34297 34501]
[34502 34626]
[34627 34724]
[34725 34828]
[34829 34937]
[34938 34990]
[34991 35057]
[35058 35080]
[35081 35527]
[35528 35599]
