[ 0 19]
[ 20 323]
[324 359]
[360 389]
[390 417]
[418 450]
[451 483]
[484 514]
[515 544]
[545 575]
[576 611]
[612 630]
[631 656]
[657 681]
[682 699]
[700 743]
[744 906]
[ 907 1340]
[1341 1412]
[1413 1465]
[1466 1537]
[1538 1582]
[1583 1636]
[1637 1710]
[1711 1742]
[1743 1761]
[1762 1795]
[1796 1860]
[1861 1950]
[1951 1979]
[1980 2141]
[2142 2183]
[2184 2213]
[2214 2249]
[2250 2288]
[2289 2340]
[2341 2374]
[2375 2415]
[2416 2474]
[2475 2511]
[2512 2601]
[2602 2671]
[2672 2757]
[2758 2815]
[2816 3217]
[3218 3278]
[3279 3350]
[3351 3422]
[3423 3484]
[3485 3559]
[3560 3681]
[3682 3727]
[3728 3752]
[3753 3778]
[3779 3829]
[3830 3862]
[3863 3905]
[3906 3955]
[3956 3983]
[3984 4017]
[4018 4110]
[4111 4138]
[4139 4167]
[4168 4206]
[4207 4238]
[4239 4297]
[4298 4342]
[4343 4386]
[4387 4436]
[4437 4501]
[4502 4565]
[4566 4645]
[4646 4976]
[4977 5019]
[5020 5052]
[5053 5085]
[5086 5130]
[5131 5170]
[5171 5221]
[5222 5300]
[5301 5353]
[5354 5382]
[5383 5495]
[5496 5541]
[5542 5588]
[5589 5628]
[5629 5695]
[5696 5806]
[5807 5863]
[5864 5944]
[5945 5999]
[6000 6042]
[6043 6098]
[6099 6176]
[6177 6241]
[6242 6271]
[6272 6396]
[6397 6486]
[6487 6934]
[6935 6962]
[6963 7013]
[7014 7055]
[7056 7092]
[7093 7140]
[7141 7203]
[7204 7295]
[7296 7339]
[7340 7374]
[7375 7417]
[7418 7496]
[7497 7583]
[7584 7617]
[7618 7684]
[7685 7758]
[7759 7827]
[7828 7973]
[7974 8084]
[8085 8124]
[8125 8229]
[8230 8253]
[8254 8281]
[8282 8307]
[8308 8333]
[8334 8351]
[8352 8374]
[8375 8400]
[8401 8442]
[8443 8533]
[8534 8582]
[8583 8620]
[8621 8664]
[8665 8693]
[8694 9130]
[9131 9181]
[9182 9239]
[9240 9293]
[9294 9348]
[9349 9496]
[9497 9587]
[9588 9658]
[9659 9716]
[9717 9782]
[9783 9855]
[9856 9995]
[ 9996 10028]
[10029 10070]
[10071 10097]
[10098 10164]
[10165 10249]
[10250 10344]
[10345 10636]
[10637 10705]
[10706 10745]
[10746 10780]
[10781 10816]
[10817 10884]
[10885 10916]
[10917 10954]
[10955 10990]
[10991 11073]
[11074 11414]
[11415 11454]
[11455 11495]
[11496 11518]
[11519 11543]
[11544 11566]
[11567 11592]
[11593 11613]
[11614 11639]
[11640 11664]
[11665 11690]
[11691 11714]
[11715 11739]
[11740 11765]
[11766 11790]
[11791 11813]
[11814 11837]
[11838 11867]
[11868 11892]
[11893 11980]
[11981 12058]
[12059 12150]
[12151 12285]
[12286 12390]
[12391 12676]
[12677 12787]
[12788 12855]
[12856 12948]
[12949 13350]
[13351 13494]
[13495 13676]
[13677 13908]
[13909 13958]
[13959 14004]
[14005 14089]
[14090 14156]
[14157 14200]
[14201 14248]
[14249 14326]
[14327 14404]
[14405 14472]
[14473 14551]
[14552 14862]
[14863 14950]
[14951 15028]
[15029 15100]
[15101 15203]
[15204 15228]
[15229 15373]
[15374 15423]
[15424 15468]
[15469 15554]
[15555 15571]
[15572 15618]
[15619 15685]
[15686 15854]
[15855 15902]
[15903 16047]
[16048 16100]
[16101 16135]
[16136 16181]
[16182 16277]
[16278 16310]
[16311 16356]
[16357 16675]
[16676 16865]
[16866 16982]
[16983 17115]
[17116 17299]
[17300 17433]
[17434 17536]
[17537 17628]
[17629 17784]
[17785 17868]
[17869 17944]
[17945 18012]
[18013 18090]
[18091 18271]
[18272 18445]
[18446 18655]
[18656 18724]
[18725 18898]
[18899 18977]
[18978 19087]
[19088 19174]
[19175 19273]
[19274 19339]
[19340 19377]
[19378 19452]
[19453 19524]
[19525 19629]
[19630 20054]
[20055 20146]
[20147 20224]
[20225 20424]
[20425 20577]
[20578 20678]
[20679 20749]
[20750 20912]
[20913 21047]
[21048 21186]
[21187 21318]
[21319 21369]
[21370 21416]
[21417 21457]
[21458 21498]
[21499 21563]
[21564 21608]
[21609 21664]
[21665 21759]
[21760 22023]
[22024 22512]
[22513 22655]
[22656 22877]
[22878 23208]
[23209 23294]
[23295 23360]
[23361 23483]
[23484 23551]
[23552 23604]
[23605 23637]
[23638 23706]
[23707 23768]
[23769 23837]
[23838 23890]
[23891 23951]
[23952 24006]
[24007 24099]
[24100 24357]
[24358 24447]
[24448 24527]
[24528 24599]
[24600 24676]
[24677 24754]
[24755 24822]
[24823 24901]
[24902 24983]
[24984 25054]
[25055 25129]
[25130 25225]
[25226 25599]
[25600 25755]
[25756 25811]
[25812 25909]
[25910 26052]
[26053 26203]
[26204 26323]
[26324 26377]
[26378 26408]
[26409 26442]
[26443 26680]
[26681 26766]
[26767 26851]
[26852 26922]
[26923 27018]
[27019 27080]
[27081 27143]
[27144 27210]
[27211 27254]
[27255 27330]
[27331 27429]
[27430 27508]
[27509 27608]
[27609 27681]
[27682 28007]
[28008 28126]
[28127 28259]
[28260 28358]
[28359 28435]
[28436 28554]
[28555 28599]
[28600 28775]
[28776 28960]
[28961 29033]
[29034 29253]
[29254 29388]
[29389 29501]
[29502 29533]
[29534 29625]
[29626 29661]
[29662 29754]
[29755 29809]
[29810 29839]
[29840 29898]
[29899 30006]
[30007 30072]
[30073 30110]
[30111 30174]
[30175 30220]
[30221 30255]
[30256 30282]
[30283 30407]
[30408 30512]
[30513 30586]
[30587 30744]
[30745 30817]
[30818 30876]
[30877 30945]
[30946 30984]
[30985 31043]
[31044 31119]
[31120 31159]
[31160 31417]
[31418 31492]
[31493 31586]
[31587 31684]
[31685 31760]
[31761 31838]
[31839 31916]
[31917 32003]
[32004 32089]
[32090 32162]
[32163 32261]
[32262 32545]
[32546 32599]
