[ 0 29]
[ 31 315]
[316 376]
[377 400]
[401 426]
[427 446]
[447 485]
[486 503]
[504 530]
[531 557]
[558 597]
[598 627]
[628 724]
[725 746]
[747 805]
[ 806 1355]
[1356 1396]
[1397 1448]
[1449 1493]
[1494 1539]
[1540 1593]
[1594 1642]
[1643 1692]
[1693 1883]
[1884 1932]
[1933 1985]
[1986 2067]
[2068 2189]
[2190 2222]
[2223 2249]
[2250 2273]
[2274 2300]
[2301 2339]
[2340 2365]
[2366 2406]
[2407 2464]
[2465 2517]
[2518 2574]
[2575 2639]
[2640 2687]
[2688 2732]
[2733 2775]
[2776 3169]
[3170 3281]
[3282 3364]
[3365 3385]
[3386 3444]
[3445 3464]
[3465 3519]
[3520 3579]
[3580 3617]
[3618 3700]
[3701 3782]
[3783 3826]
[3827 3858]
[3859 3885]
[3886 3950]
[3951 3993]
[3994 4064]
[4065 4137]
[4138 4207]
[4208 4256]
[4257 4313]
[4314 4358]
[4359 4396]
[4397 4429]
[4430 4778]
[4779 4832]
[4833 4874]
[4875 4949]
[4950 4976]
[4977 5064]
[5065 5181]
[5182 5386]
[5387 5388]
[5389 5494]
[5495 5539]
[5540 5598]
[5599 5631]
[5632 5700]
[5701 5919]
[5920 6010]
[6011 6059]
[6060 6092]
[6093 6127]
[6128 6158]
[6159 6202]
[6203 6231]
[6232 6255]
[6256 6279]
[6280 6317]
[6318 6838]
[6839 6892]
[6893 6941]
[6942 6974]
[6975 7010]
[7011 7162]
[7163 7219]
[7220 7289]
[7290 7314]
[7315 7352]
[7353 7395]
[7396 7478]
[7479 7631]
[7632 7716]
[7717 7774]
[7775 7917]
[7918 7941]
[7942 8034]
[8035 8110]
[8111 8165]
[8166 8224]
[8225 8325]
[8326 8374]
[8375 8650]
[8651 8891]
[8892 8947]
[8948 9040]
[9041 9186]
[9187 9297]
[9298 9464]
[ 9465 10023]
[10024 10131]
[10132 10240]
[10241 10344]
[10345 10384]
[10385 10519]
[10520 10703]
[10704 10744]
[10745 10837]
[10838 10937]
[10938 10982]
[10983 11145]
[11146 11241]
[11242 11328]
[11329 11396]
[11397 11443]
[11444 11614]
[11615 11703]
[11704 11773]
[11774 11794]
[11795 11834]
[11835 11876]
[11877 11949]
[11950 12050]
[12051 12327]
[12328 12586]
[12587 12740]
[12741 12823]
[12824 12989]
[12990 13073]
[13074 13120]
[13121 13270]
[13271 13704]
[13705 13740]
[13741 13800]
[13801 13837]
[13838 13916]
[13917 13932]
[13933 13959]
[13960 14002]
[14003 14054]
[14055 14103]
[14104 14161]
[14162 14191]
[14192 14229]
[14230 14290]
[14291 14317]
[14318 14353]
[14354 14380]
[14381 14506]
[14507 14541]
[14542 14596]
[14597 14833]
[14834 14866]
[14867 14918]
[14919 14944]
[14945 15056]
[15057 15349]
[15350 15497]
[15498 15538]
[15539 15585]
[15586 15817]
[15818 15894]
[15895 16040]
[16041 16094]
[16095 16169]
[16170 16217]
[16218 16313]
[16314 16369]
[16370 16436]
[16437 16484]
[16485 16535]
[16536 17009]
[17010 17264]
[17265 17296]
[17297 17397]
[17398 17496]
[17497 17555]
[17556 17640]
[17641 17701]
[17702 17929]
[17930 18006]
[18007 18116]
[18117 18204]
[18205 18294]
[18295 18505]
[18506 18814]
[18815 18870]
[18871 18992]
[18993 19060]
[19061 19175]
[19176 19216]
[19217 19266]
[19267 19295]
[19296 19352]
[19353 19420]
[19421 19535]
[19536 19687]
[19688 19729]
[19730 19874]
[19875 19936]
[19937 19983]
[19984 20059]
[20060 20300]
[20301 20361]
[20362 20403]
[20404 20476]
[20477 20525]
[20526 20585]
[20586 20641]
[20642 20698]
[20699 20787]
[20788 20876]
[20877 20919]
[20920 20967]
[20968 21129]
[21130 21194]
[21195 21262]
[21263 21302]
[21303 21351]
[21352 21405]
[21406 21463]
[21464 21604]
[21605 21695]
[21696 21784]
[21785 21888]
[21889 21940]
[21941 22048]
[22049 22289]
[22290 22419]
[22420 22632]
[22633 22735]
[22736 22831]
[22832 23069]
[23070 23160]
[23161 23274]
[23275 23385]
[23386 23459]
[23460 23779]
[23780 23869]
[23870 23972]
[23973 24052]
[24053 24094]
[24095 24163]
[24164 24213]
[24214 24264]
[24265 24309]
[24310 24368]
[24369 24428]
[24429 24493]
[24494 24559]
[24560 24623]
[24624 24688]
[24689 24746]
[24747 24807]
[24808 24863]
[24864 24915]
[24916 25240]
[25241 25386]
[25387 25487]
[25488 25621]
[25622 25676]
[25677 25722]
[25723 25806]
[25807 25873]
[25874 25928]
[25929 25997]
[25998 26059]
[26060 26109]
[26110 26186]
[26187 26266]
[26267 26356]
[26357 26438]
[26439 26524]
[26525 26601]
[26602 26669]
[26670 26710]
[26711 26991]
[26992 27147]
[27148 27250]
[27251 27302]
[27303 27383]
[27384 27460]
[27461 27523]
[27524 27595]
[27596 27655]
[27656 27775]
[27776 27829]
[27830 27943]
[27944 28001]
[28002 28040]
[28041 28090]
[28091 28336]
[28337 28403]
[28404 28573]
[28574 28609]
[28610 28821]
[28822 28879]
[28880 28909]
[28910 28958]
[28959 29003]
[29004 29067]
[29068 29136]
[29137 29172]
[29173 29252]
[29253 29294]
[29295 29347]
[29348 29398]
[29399 29859]
[29860 29965]
[29966 30010]
[30011 30081]
[30082 30110]
[30111 30186]
[30187 30246]
[30247 30282]
[30283 30386]
[30387 30532]
[30533 30602]
[30603 30733]
[30734 30802]
[30803 30864]
[30865 30934]
[30935 30992]
[30993 31037]
[31038 31072]
[31073 31230]
[31231 31311]
[31312 31367]
[31370 31428]
[31429 31613]
[31614 31687]
[31688 31719]
[31720 31773]
[31774 31829]
[31830 31883]
[31884 31962]
[31963 32056]
[32057 32238]
[32239 32297]
[32298 32346]
[32347 32367]
[32368 32443]
[32444 32498]
[32499 33164]
[33165 33652]
[33653 33749]
