[0 4]
[  5 258]
[259 327]
[328 420]
[421 454]
[455 482]
[483 509]
[510 536]
[537 558]
[559 570]
[571 586]
[587 635]
[636 744]
[ 745 1142]
[1143 1375]
[1376 1448]
[1449 1589]
[1590 1662]
[1663 1704]
[1705 1752]
[1753 1807]
[1808 1861]
[1862 1910]
[1911 1938]
[1939 2145]
[2146 2332]
[2333 2486]
[2487 2541]
[2542 2583]
[2584 2663]
[2664 3113]
[3114 3186]
[3187 3260]
[3261 3337]
[3338 3419]
[3420 3497]
[3498 3581]
[3582 3660]
[3661 3740]
[3741 3806]
[3807 3960]
[3961 4045]
[4046 4117]
[4118 4158]
[4159 4197]
[4198 4252]
[4253 4308]
[4309 4359]
[4360 4367]
[4368 4418]
[4419 4475]
[4476 4532]
[4533 4593]
[4594 4890]
[4891 5034]
[5035 5061]
[5062 5112]
[5113 5143]
[5144 5203]
[5204 5302]
[5303 5332]
[5333 5399]
[5400 5438]
[5439 5492]
[5493 5530]
[5531 5572]
[5573 5619]
[5620 5662]
[5663 5713]
[5714 5759]
[5760 5814]
[5815 5906]
[5907 6285]
[6286 6372]
[6373 6438]
[6439 6510]
[6511 6568]
[6569 6619]
[6620 6690]
[6691 6760]
[6761 6802]
[6803 6883]
[6884 6948]
[6949 6985]
[6986 7038]
[7039 7085]
[7086 7124]
[7125 7196]
[7197 7238]
[7239 7299]
[7300 7357]
[7358 7383]
[7384 7408]
[7409 7432]
[7433 7451]
[7452 7474]
[7475 7515]
[7516 7600]
[7601 7665]
[7666 7694]
[7695 7732]
[7733 7763]
[7764 7779]
[7780 7846]
[7847 8235]
[8236 8308]
[8309 8374]
[8375 8439]
[8440 8504]
[8505 8567]
[8568 8630]
[8631 8687]
[8688 8736]
[8737 8794]
[8795 8863]
[8864 8929]
[8930 8990]
[8991 9049]
[9050 9188]
[9189 9370]
[9371 9399]
[9400 9435]
[9436 9479]
[9480 9514]
[9515 9550]
[9551 9598]
[9599 9625]
[9626 9658]
[9659 9687]
[9688 9714]
[9715 9812]
[ 9813 10163]
[10164 10359]
[10360 10473]
[10474 10629]
[10630 10735]
[10736 10842]
[10843 10901]
[10902 11005]
[11006 11153]
[11154 11257]
[11258 11327]
[11328 11384]
[11385 11556]
[11557 11653]
[11654 11715]
[11716 11792]
[11793 11864]
[11865 11933]
[11934 12005]
[12006 12078]
[12079 12165]
[12166 12258]
[12259 12474]
[12475 12582]
[12583 12675]
[12676 12763]
[12764 12818]
[12819 12874]
[12875 12933]
[12934 12995]
[12996 13050]
[13051 13115]
[13116 13545]
[13546 13583]
[13584 13690]
[13691 13817]
[13818 13879]
[13880 13998]
[13999 14296]
[14297 14381]
[14382 14459]
[14460 14550]
[14551 14634]
[14635 14710]
[14711 14784]
[14785 14850]
[14851 14923]
[14924 15043]
[15044 15127]
[15128 15197]
[15198 15307]
[15308 15330]
[15331 15435]
[15436 15465]
[15466 15544]
[15545 15607]
[15608 15631]
[15632 15723]
[15724 15758]
[15759 15809]
[15810 15870]
[15871 15902]
[15903 15948]
[15949 15995]
[15996 16053]
[16054 16092]
[16093 16115]
[16116 16186]
[16187 16196]
[16197 16262]
[16263 16306]
[16307 16362]
[16363 16503]
[16504 16536]
[16537 16579]
[16580 16610]
[16611 16629]
[16630 16660]
[16661 16683]
[16684 16726]
[16727 16774]
[16775 16810]
[16811 16844]
[16845 16946]
[16947 17382]
[17383 17455]
[17456 17531]
[17532 17584]
[17585 17638]
[17639 17714]
[17715 17778]
[17779 17832]
[17833 17904]
[17905 17942]
[17943 17987]
[17988 18064]
[18065 18114]
[18115 18763]
[18764 18821]
[18822 18887]
[18888 18960]
[18961 19016]
[19017 19081]
[19082 19141]
[19142 19206]
[19207 19269]
[19270 19358]
[19359 19442]
[19443 19525]
[19526 19598]
[19599 19682]
[19683 19768]
[19769 19844]
[19845 19925]
[19926 20010]
[20011 20312]
[20313 21263]
[21264 21386]
[21387 21498]
[21499 21721]
[21722 21819]
[21820 21884]
[21885 21951]
[21952 22015]
[22016 22070]
[22071 22126]
[22127 22160]
[22161 22237]
[22238 22255]
[22256 22305]
[22306 22351]
[22352 22413]
[22414 22480]
[22481 22547]
[22548 22796]
[22797 22860]
[22861 22929]
[22930 23011]
[23012 23086]
[23087 23140]
[23141 23199]
[23200 23275]
[23276 23352]
[23353 23416]
[23417 23546]
[23547 23658]
[23659 23706]
[23707 23773]
[23774 24068]
[24069 24225]
[24226 24285]
[24286 24436]
[24437 24513]
[24514 24678]
[24679 24760]
[24761 25023]
[25024 25075]
[25076 25167]
[25168 25226]
[25227 25282]
[25283 25337]
[25338 25393]
[25394 25449]
[25450 25504]
[25505 25558]
[25559 25605]
[25606 25652]
[25653 25710]
[25711 25785]
[25786 25821]
[25822 25856]
[25857 25890]
[25891 25936]
[25937 25970]
[25971 25998]
[25999 26028]
[26029 26156]
[26157 26795]
[26796 26848]
[26849 26873]
[26874 27002]
[27003 27057]
[27058 27089]
[27090 27207]
[27208 27280]
[27281 27319]
[27320 27448]
[27449 27509]
[27510 27568]
[27569 27707]
[27708 27794]
[27795 27832]
[27833 28005]
[28006 28156]
[28157 28228]
[28229 28271]
[28272 28387]
[28388 28491]
[28492 28519]
[28520 28548]
[28549 28625]
[28626 28652]
[28653 28728]
[28729 28804]
[28805 28890]
[28891 28972]
[28973 29034]
[29035 29094]
[29095 29171]
[29172 29238]
[29239 29321]
[29322 29372]
[29373 29397]
[29398 29457]
[29458 29501]
[29502 29542]
[29543 29613]
[29614 29812]
[29813 29901]
[29902 30158]
[30159 30226]
[30227 30294]
[30295 30366]
[30367 30485]
[30486 30550]
[30551 30620]
[30621 30664]
[30665 30721]
[30722 30811]
[30812 30853]
[30854 30935]
[30937 31199]
[31200 31299]
