[ 0 30]
[ 31 301]
[302 356]
[357 399]
[400 436]
[437 483]
[484 523]
[524 563]
[564 595]
[596 650]
[ 651 1093]
[1094 1156]
[1157 1231]
[1232 1528]
[1529 1574]
[1575 1617]
[1618 1661]
[1662 1703]
[1704 1741]
[1742 1779]
[1780 1922]
[1923 1992]
[1993 2043]
[2044 2104]
[2105 2166]
[2167 2253]
[2254 2288]
[2289 2332]
[2333 2427]
[2428 2490]
[2491 2542]
[2543 2635]
[2636 2691]
[2692 2747]
[2748 3171]
[3172 3266]
[3267 3350]
[3351 3451]
[3452 3553]
[3554 3636]
[3637 3725]
[3726 3794]
[3795 3870]
[3871 3921]
[3922 3974]
[3975 4026]
[4027 4074]
[4075 4112]
[4113 4161]
[4162 4660]
[4661 4736]
[4737 4816]
[4817 4896]
[4897 4976]
[4977 5052]
[5053 5122]
[5123 5206]
[5207 5246]
[5247 5292]
[5293 5422]
[5423 5509]
[5510 5606]
[5607 5707]
[5708 5840]
[5841 6215]
[6216 6265]
[6266 6354]
[6355 6423]
[6424 6479]
[6480 6589]
[6590 6656]
[6657 6809]
[6810 6931]
[6932 7012]
[7013 7065]
[7066 7104]
[7105 7137]
[7138 7190]
[7191 7275]
[7276 7316]
[7317 7348]
[7349 7402]
[7403 7463]
[7464 7503]
[7504 7587]
[7588 7648]
[7649 7702]
[7703 7801]
[7802 8252]
[8253 8434]
[8435 8528]
[8529 8599]
[8600 8660]
[8661 8713]
[8714 8802]
[8803 8885]
[8886 8970]
[8971 9033]
[9034 9087]
[9088 9171]
[9172 9245]
[9246 9311]
[9312 9415]
[9416 9800]
[9801 9843]
[9844 9896]
[9897 9948]
[9949 9998]
[ 9999 10050]
[10051 10145]
[10146 10223]
[10224 10313]
[10314 10349]
[10350 10442]
[10443 10503]
[10504 10554]
[10555 10603]
[10604 10674]
[10675 10733]
[10734 10802]
[10803 10859]
[10860 10892]
[10893 10934]
[10935 10996]
[10997 11052]
[11053 11146]
[11147 11201]
[11202 11245]
[11246 11289]
[11290 11569]
[11570 11738]
[11739 11804]
[11805 11855]
[11856 11924]
[11925 11990]
[11991 12028]
[12029 12113]
[12114 12198]
[12199 12212]
[12213 12566]
[12567 12748]
[12749 12821]
[12822 12907]
[12908 13007]
[13008 13071]
[13072 13110]
[13111 13152]
[13153 13200]
[13201 13271]
[13272 13410]
[13411 13485]
[13486 13534]
[13535 13584]
[13585 13646]
[13647 13682]
[13683 13710]
[13711 13762]
[13763 13831]
[13832 14076]
[14077 14147]
[14148 14209]
[14210 14286]
[14287 14363]
[14364 14452]
[14453 14532]
[14533 14647]
[14648 14722]
[14723 14780]
[14781 14826]
[14827 15331]
[15332 15380]
[15381 15480]
[15481 15571]
[15572 15821]
[15822 15871]
[15872 15911]
[15912 15949]
[15950 16021]
[16022 16081]
[16082 16141]
[16142 16191]
[16192 16263]
[16264 16299]
[16300 16358]
[16359 16421]
[16422 16526]
[16527 16562]
[16563 16762]
[16763 17207]
[17208 17270]
[17271 17324]
[17325 17387]
[17388 17440]
[17441 17486]
[17487 17543]
[17544 17604]
[17605 17669]
[17670 17739]
[17740 17807]
[17808 17872]
[17873 17935]
[17936 17994]
[17995 18068]
[18069 18143]
[18144 18221]
[18222 18300]
[18301 18379]
[18380 18487]
[18488 18577]
[18578 18634]
[18635 18704]
[18705 18754]
[18755 18814]
[18815 18882]
[18883 18959]
[18960 19074]
[19075 19428]
[19429 19488]
[19489 19548]
[19549 19618]
[19619 19768]
[19769 19808]
[19809 19868]
[19869 19929]
[19930 19975]
[19976 20029]
[20030 20089]
[20090 20124]
[20125 20417]
[20418 20656]
[20657 21293]
[21294 21636]
[21637 21777]
[21778 22135]
[22136 22246]
[22247 22260]
[22261 22338]
[22339 22377]
[22378 22494]
[22495 22539]
[22540 22879]
[22880 22950]
[22951 23030]
[23031 23116]
[23117 23166]
[23167 23244]
[23245 23316]
[23317 23370]
[23371 23446]
[23447 23489]
[23490 23571]
[23572 23621]
[23622 23664]
[23665 23741]
[23742 23791]
[23792 23830]
[23831 23911]
[23912 23961]
[23962 24051]
[24052 24100]
[24101 24148]
[24149 24285]
[24286 24406]
[24407 24553]
[24554 24621]
[24622 24979]
[24980 25056]
[25057 25159]
[25160 25241]
[25242 25308]
[25309 25404]
[25405 25553]
[25554 25725]
[25726 25894]
[25895 26288]
[26289 26399]
