[ 0 25]
[ 27 281]
[282 341]
[342 377]
[378 408]
[409 440]
[441 468]
[469 499]
[500 529]
[530 559]
[560 592]
[593 622]
[623 655]
[656 686]
[687 717]
[718 752]
[753 790]
[791 828]
[829 921]
[ 922 1325]
[1326 1476]
[1477 1543]
[1544 1613]
[1614 1683]
[1684 1746]
[1747 1803]
[1804 1849]
[1850 1890]
[1891 1945]
[1946 1999]
[2000 2059]
[2060 2113]
[2114 2156]
[2157 2190]
[2191 2242]
[2243 2283]
[2284 2357]
[2358 2406]
[2407 2446]
[2447 2555]
[2556 2596]
[2597 2656]
[2657 2707]
[2708 2741]
[2742 2780]
[2781 3224]
[3225 3246]
[3247 3309]
[3310 3438]
[3439 3487]
[3488 3536]
[3537 3637]
[3638 3773]
[3774 3817]
[3818 3856]
[3857 3878]
[3879 3951]
[3952 4010]
[4011 4241]
[4242 4444]
[4445 4498]
[4499 4558]
[4559 4616]
[4617 4668]
[4669 4694]
[4695 5222]
[5223 5252]
[5253 5329]
[5330 5408]
[5409 5567]
[5568 5636]
[5637 5711]
[5712 5777]
[5778 5842]
[5843 5937]
[5938 5982]
[5983 6020]
[6021 6096]
[6097 6168]
[6169 6332]
[6333 6387]
[6388 6440]
[6441 6543]
[6544 6595]
[6596 6641]
[6642 6701]
[6702 6808]
[6809 7153]
[7155 7239]
[7240 7300]
[7301 7333]
[7334 7499]
[7500 7548]
[7549 7601]
[7602 7651]
[7652 7699]
[7700 7765]
[7766 7808]
[7809 7857]
[7858 7910]
[7911 7975]
[7976 8020]
[8021 8064]
[8065 8100]
[8101 8150]
[8151 8179]
[8180 8223]
[8224 8368]
[8369 8497]
[8498 8583]
[8584 8643]
[8644 8716]
[8717 8800]
[8801 8973]
[8974 9046]
[9047 9153]
[9154 9257]
[9258 9340]
[9341 9366]
[9367 9410]
[9411 9508]
[9509 9579]
[9580 9866]
[9867 9936]
[9937 9986]
[ 9987 10018]
[10019 10070]
[10071 10143]
[10144 10204]
[10205 10303]
[10304 10366]
[10367 10464]
[10465 10559]
[10560 10719]
[10720 10783]
[10784 10841]
[10842 10867]
[10868 10911]
[10912 10922]
[10923 10960]
[10961 11057]
[11058 11186]
[11187 11328]
[11329 11413]
[11414 11580]
[11581 11605]
[11606 11631]
[11632 11660]
[11661 11702]
[11703 11721]
[11722 11738]
[11739 11760]
[11761 11792]
[11793 11825]
[11826 11867]
[11868 11897]
[11898 11936]
[11937 12016]
[12017 12360]
[12361 12467]
[12468 12853]
[12854 12964]
[12965 13059]
[13060 13179]
[13181 13270]
[13271 13558]
[13559 13657]
[13658 13721]
[13722 13786]
[13787 14080]
[14081 14130]
[14131 14235]
[14236 14286]
[14287 14311]
[14312 14355]
[14356 14438]
[14439 14574]
[14575 14689]
[14690 14739]
[14740 14768]
[14769 14809]
[14810 14896]
[14897 14926]
[14927 14956]
[14957 15010]
[15011 15022]
[15023 15481]
[15483 15511]
[15512 15574]
[15575 15630]
[15631 15694]
[15695 15739]
[15740 15788]
[15789 15845]
[15846 15877]
[15878 15989]
[15990 16050]
[16051 16159]
[16160 16190]
[16191 16257]
[16258 16312]
[16313 16433]
[16434 16488]
[16489 16622]
[16623 16642]
[16643 16959]
[16961 17051]
[17052 17192]
[17193 17330]
[17331 17370]
[17371 17417]
[17418 17474]
[17475 17566]
[17567 17614]
[17615 17666]
[17667 17747]
[17748 17825]
[17826 17907]
[17908 18353]
[18354 18384]
[18385 18427]
[18428 18495]
[18496 18541]
[18542 18603]
[18604 18641]
[18642 18679]
[18680 18725]
[18726 18880]
[18881 18921]
[18922 19003]
[19004 19095]
[19097 19137]
[19138 19175]
[19176 19289]
[19290 19312]
[19313 19340]
[19341 19360]
[19361 19408]
[19409 19448]
[19449 19483]
[19484 19519]
[19520 19546]
[19547 19591]
[19592 19625]
[19626 19665]
[19666 19701]
[19702 19730]
[19731 19788]
[19789 20247]
[20248 20342]
[20343 20418]
[20419 20525]
[20526 20552]
[20553 20634]
[20635 20669]
[20670 20737]
[20738 20835]
[20836 20934]
[20935 20969]
[20970 21013]
[21014 21058]
[21059 21079]
[21080 21137]
[21138 21156]
[21157 21188]
[21189 21220]
[21221 21275]
[21276 21333]
[21334 21382]
[21383 21495]
[21496 21558]
[21559 21627]
[21628 21699]
[21700 21829]
[21830 21880]
[21881 21915]
[21916 21945]
[21946 21976]
[21977 22009]
[22010 22036]
[22037 22062]
[22063 22077]
[22078 22092]
[22093 22119]
[22120 22174]
[22175 22274]
[22275 22674]
[22675 22999]
[23000 23117]
[23118 23242]
[23243 23367]
[23368 23492]
[23493 23617]
[23618 23742]
[23743 23872]
[23873 24146]
[24147 24772]
[24773 24932]
[24933 25019]
[25020 25078]
[25079 25182]
[25183 25210]
[25211 25278]
[25279 25336]
[25337 25367]
[25368 25473]
[25474 25787]
[25788 25859]
[25860 25942]
[25943 26020]
[26021 26126]
[26127 26186]
[26187 26254]
[26255 26339]
[26340 26391]
[26392 26485]
[26486 26581]
[26582 26681]
[26682 26744]
[26745 26806]
[26807 26878]
[26879 27044]
[27046 27094]
[27095 27153]
[27154 27196]
[27197 27232]
[27233 27271]
[27272 27314]
[27315 27387]
[27388 27440]
[27441 27468]
[27469 27521]
[27522 27567]
[27568 27613]
[27614 27655]
[27656 27694]
[27695 27931]
[27933 28060]
[28061 28135]
[28136 28243]
[28244 28365]
[28366 28461]
[28462 28583]
[28584 28890]
[28891 28982]
[28983 29861]
[29862 30196]
[30197 30494]
[30495 30599]
