[ 0 30]
[ 32 312]
[313 369]
[370 405]
[406 435]
[436 463]
[464 496]
[497 526]
[527 556]
[557 589]
[590 620]
[621 653]
[654 684]
[685 715]
[716 742]
[743 794]
[ 795 1245]
[1246 1344]
[1346 1483]
[1484 2131]
[2132 2554]
[2555 2670]
[2671 2747]
[2748 2805]
[2806 2885]
[2886 2936]
[2937 2985]
[2986 3034]
[3035 3052]
[3053 3406]
[3407 3472]
[3473 3569]
[3570 3654]
[3655 3699]
[3700 3752]
[3753 3784]
[3785 3836]
[3837 3873]
[3874 3930]
[3931 3984]
[3986 4038]
[4039 4092]
[4093 4139]
[4140 4260]
[4261 4314]
[4315 4356]
[4357 4405]
[4406 4506]
[4507 4575]
[4576 4637]
[4638 4689]
[4690 4741]
[4742 4812]
[4813 4881]
[4882 4937]
[4938 4972]
[4973 5324]
[5325 5403]
[5404 5483]
[5484 5567]
[5568 5636]
[5637 5729]
[5730 5805]
[5806 5890]
[5891 6030]
[6031 6108]
[6109 6281]
[6282 6333]
[6334 6389]
[6390 6443]
[6444 6603]
[6604 6652]
[6653 6696]
[6697 6749]
[6750 6795]
[6796 6883]
[6884 6940]
[6941 7298]
[7299 7404]
[7405 7455]
[7456 7489]
[7490 7590]
[7591 7645]
[7646 7741]
[7742 7787]
[7788 7856]
[7857 7908]
[7909 7986]
[7987 8062]
[8063 8116]
[8117 8186]
[8187 8249]
[8250 8307]
[8308 8370]
[8371 8416]
[8417 8455]
[8456 8616]
[8617 8817]
[8819 8887]
[8888 8957]
[8958 9021]
[9022 9085]
[9086 9143]
[9144 9224]
[9225 9284]
[9285 9350]
[9351 9391]
[9392 9528]
[9529 9573]
[9574 9666]
[9667 9721]
[9722 9769]
[9770 9828]
[9829 9878]
[9879 9927]
[9928 9972]
[ 9973 10038]
[10039 10097]
[10098 10169]
[10170 10205]
[10206 10241]
[10242 10277]
[10278 10313]
[10314 10349]
[10350 10385]
[10386 10421]
[10422 10457]
[10458 10534]
[10535 10932]
[10933 11012]
[11013 11062]
[11063 11176]
[11177 11236]
[11237 11293]
[11294 11344]
[11345 11397]
[11398 11451]
[11452 11499]
[11500 11552]
[11553 11608]
[11609 11662]
[11663 11700]
[11701 11781]
[11782 12146]
[12147 12233]
[12234 12377]
[12378 12473]
[12474 12631]
[12632 12711]
[12712 12781]
[12782 12895]
[12896 13042]
[13043 13182]
[13183 13323]
[13324 13452]
[13453 13565]
[13566 13670]
[13671 13743]
[13744 13862]
[13863 13942]
[13943 14098]
[14099 14312]
[14313 14486]
[14487 14556]
[14557 14636]
[14637 14687]
[14688 14766]
[14767 14916]
[14917 15072]
[15073 15142]
[15143 15212]
[15213 15262]
[15263 15322]
[15323 15356]
[15357 15920]
[15921 15977]
[15978 16027]
[16028 16059]
[16060 16186]
[16187 16392]
[16393 16491]
[16492 16567]
[16568 16620]
[16621 16726]
[16727 16843]
[16844 16918]
[16919 16966]
[16967 17021]
[17022 17124]
[17125 17174]
[17175 17232]
[17233 17257]
[17258 17587]
[17588 17662]
[17663 17735]
[17736 17904]
[17905 17934]
[17935 18023]
[18024 18099]
[18100 18213]
[18214 18256]
[18257 18285]
[18286 18327]
[18328 18391]
[18392 18438]
[18439 18480]
[18481 18563]
[18564 18634]
[18635 18827]
[18828 19140]
[19141 19243]
[19244 19320]
[19321 19415]
[19416 19533]
[19534 19642]
[19643 19762]
[19763 19825]
[19826 19869]
[19870 19939]
[19940 20327]
[20329 20387]
[20388 20437]
[20438 20484]
[20485 20549]
[20550 20607]
[20608 20671]
[20672 20735]
[20736 20774]
[20775 20834]
[20835 20964]
[20965 21274]
[21275 21383]
[21384 21496]
[21497 21615]
[21616 21704]
[21705 21780]
[21781 21858]
[21859 21944]
[21945 21999]
[22000 22233]
[22234 22300]
[22301 22340]
[22341 22410]
[22411 22476]
[22477 22529]
[22530 22597]
[22598 22661]
[22662 22745]
[22746 22789]
[22790 23253]
[23254 23316]
[23317 23362]
[23363 23455]
[23456 23527]
[23528 23573]
[23574 23640]
[23641 23771]
[23772 23836]
[23837 23898]
[23899 23945]
[23946 23998]
[23999 24058]
[24059 24151]
[24152 24187]
[24188 24408]
[24409 24511]
[24512 24545]
[24546 24592]
[24593 24642]
[24643 24695]
[24696 24767]
[24768 24802]
[24803 24838]
[24839 24923]
[24924 25297]
[25298 25378]
[25379 25598]
[25599 25695]
[25696 25997]
[25998 26071]
[26072 26164]
[26165 26248]
[26249 26556]
[26557 26649]
