[ 0 24]
[ 25 330]
[331 387]
[388 423]
[424 453]
[454 481]
[482 514]
[515 544]
[545 574]
[575 607]
[608 638]
[639 671]
[672 702]
[703 733]
[734 753]
[754 804]
[ 805 1144]
[1145 1413]
[1414 1636]
[1637 1844]
[1845 1954]
[1955 2119]
[2120 2275]
[2276 2873]
[2874 2930]
[2931 3025]
[3026 3065]
[3066 3355]
[3356 3413]
[3414 3509]
[3510 3593]
[3594 3714]
[3715 3808]
[3809 3957]
[3958 3977]
[3978 4050]
[4051 4156]
[4157 4280]
[4281 4381]
[4382 4480]
[4481 5579]
[5580 5651]
[5652 5716]
[5717 5821]
[5822 5904]
[5905 5982]
[5983 6056]
[6057 6119]
[6120 6186]
[6187 6253]
[6254 6315]
[6316 6677]
[6678 6746]
[6747 6800]
[6801 6868]
[6869 6952]
[6953 7051]
[7052 7118]
[7119 7195]
[7196 7280]
[7281 7325]
[7326 7393]
[7394 7452]
[7454 7475]
[7476 7570]
[7571 7767]
[7768 7880]
[7881 8009]
[8010 8081]
[8082 8218]
[8219 8242]
[8243 8632]
[8633 8713]
[8714 8743]
[8744 8797]
[8798 8852]
[8853 8880]
[8881 8919]
[8920 8990]
[8991 9057]
[9058 9127]
[9128 9182]
[9183 9227]
[9228 9268]
[9269 9308]
[9309 9369]
[9370 9414]
[9415 9473]
[9474 9530]
[9531 9571]
[9572 9665]
[9666 9725]
[9726 9791]
[9792 9832]
[9833 9896]
[9897 9964]
[ 9965 10031]
[10032 10067]
[10068 10128]
[10129 10168]
[10169 10196]
[10197 10271]
[10272 10336]
[10337 10383]
[10384 10437]
[10438 10473]
[10474 10509]
[10510 10534]
[10535 10555]
[10556 10581]
[10582 10617]
[10618 10653]
[10654 10689]
[10690 10725]
[10726 10761]
[10762 10797]
[10798 10879]
[10880 11296]
[11297 11412]
[11413 11492]
[11493 11555]
[11556 11612]
[11613 11707]
[11708 11777]
[11778 11835]
[11836 11889]
[11890 12085]
[12086 12130]
[12131 12194]
[12195 12219]
[12220 12240]
[12241 12266]
[12267 12295]
[12296 12320]
[12321 12339]
[12340 12369]
[12370 12406]
[12407 12437]
[12438 12483]
[12484 12523]
[12524 12554]
[12555 12586]
[12587 12623]
[12624 12655]
[12657 12746]
[12747 12943]
[12944 13018]
[13019 13077]
[13078 13123]
[13124 13187]
[13188 13245]
[13246 13337]
[13338 13380]
[13381 13440]
[13441 13560]
[13561 13598]
[13599 13635]
[13636 13671]
[13672 13711]
[13712 13754]
[13755 13853]
[13854 13889]
[13890 13937]
[13938 14004]
[14005 14063]
[14064 14103]
[14104 14154]
[14155 14254]
[14255 14316]
[14317 14383]
[14384 14527]
[14529 14620]
[14621 14702]
[14703 14813]
[14814 14878]
[14879 15148]
[15149 15276]
[15277 15381]
[15382 15650]
[15651 15749]
[15750 15870]
[15871 15927]
[15928 15965]
[15966 16035]
[16036 16158]
[16159 16283]
[16284 16310]
[16311 16462]
[16463 16491]
[16492 16557]
[16558 16645]
[16646 16971]
[16972 17051]
[17052 17141]
[17142 17241]
[17242 17353]
[17354 17436]
[17437 17653]
[17654 17721]
[17722 17791]
[17792 17880]
[17881 17965]
[17966 18033]
[18034 18424]
[18425 18495]
[18496 18578]
[18579 18656]
[18657 18707]
[18708 18786]
[18787 18849]
[18850 19001]
[19002 19074]
[19075 19140]
[19141 19340]
[19341 19452]
[19453 19558]
[19559 19685]
[19686 19741]
[19742 19844]
[19845 19918]
[19919 19972]
[19973 20008]
[20009 20044]
[20045 20080]
[20081 20116]
[20117 20152]
[20153 20188]
[20189 20224]
[20225 20296]
[20297 20408]
[20409 20819]
[20820 20978]
[20979 21046]
[21047 21130]
[21131 21178]
[21179 21217]
[21218 21326]
[21327 21447]
[21448 21502]
[21503 21574]
[21575 21635]
[21636 21692]
[21693 21768]
[21769 21819]
[21820 21863]
[21864 21908]
[21909 21972]
[21973 22005]
[22006 22470]
[22471 22555]
[22556 22596]
[22597 22653]
[22654 22683]
[22684 22712]
[22713 22788]
[22789 22850]
[22851 22929]
[22930 23008]
[23009 23055]
[23056 23101]
[23102 23132]
[23133 23189]
[23190 23210]
[23211 23524]
[23525 23668]
[23669 23782]
[23783 23883]
[23884 24008]
[24009 24130]
[24131 24290]
[24291 24354]
[24355 24429]
[24430 24460]
[24461 24895]
[24897 25002]
[25003 25076]
[25077 25138]
[25139 25223]
[25224 25269]
[25270 25338]
[25339 25408]
[25409 25454]
[25455 25533]
[25534 25747]
[25748 26061]
[26062 26105]
[26106 26169]
[26170 26227]
[26228 26276]
[26277 26305]
[26306 26366]
[26367 26408]
[26409 26413]
[26414 26471]
[26472 26584]
[26585 26651]
[26652 26780]
[26781 26872]
[26873 26972]
[26973 27280]
[27281 27422]
[27423 27504]
[27505 27645]
[27646 27718]
[27719 28110]
[28111 28199]
