[  0 263]
[264 315]
[316 377]
[378 408]
[409 442]
[443 473]
[474 504]
[505 535]
[536 566]
[567 597]
[598 628]
[629 659]
[660 691]
[692 722]
[723 743]
[744 774]
[775 801]
[802 892]
[ 893 1400]
[1401 1438]
[1439 1501]
[1502 1532]
[1533 1559]
[1560 1639]
[1640 1704]
[1705 1740]
[1741 1792]
[1793 1838]
[1839 1944]
[1945 2041]
[2042 2113]
[2114 2160]
[2161 2208]
[2209 2248]
[2249 2297]
[2298 2349]
[2350 2399]
[2400 2433]
[2434 2474]
[2475 2507]
[2508 2544]
[2545 3007]
[3008 3262]
[3263 3320]
[3321 3405]
[3406 3478]
[3479 3535]
[3536 3565]
[3566 3608]
[3609 3684]
[3685 3729]
[3730 3833]
[3834 3896]
[3897 4299]
[4300 4355]
[4356 4488]
[4489 4538]
[4539 4597]
[4598 4657]
[4658 4702]
[4703 4779]
[4780 4824]
[4825 4880]
[4881 4888]
[4889 5317]
[5318 5401]
[5402 5520]
[5521 5649]
[5650 5736]
[5737 5835]
[5836 6092]
[6093 6232]
[6233 6371]
[6372 6698]
[6699 6753]
[6754 6812]
[6813 6859]
[6860 6912]
[6913 6964]
[6965 7013]
[7014 7050]
[7051 7098]
[7099 7218]
[7219 7693]
[7694 7842]
[7843 7910]
[7911 7975]
[7976 8030]
[8031 8109]
[8110 8166]
[8167 8323]
[8324 8379]
[8380 8439]
[8440 8512]
[8513 8534]
[8535 8584]
[8585 8605]
[8606 8661]
[8662 8767]
[8768 8858]
[8859 8918]
[8919 8984]
[8985 9090]
[9091 9127]
[9128 9184]
[9185 9360]
[9361 9406]
[9407 9453]
[9454 9497]
[9498 9542]
[9543 9586]
[9587 9633]
[9634 9684]
[9685 9743]
[9744 9776]
[9777 9845]
[9846 9915]
[9916 9961]
[ 9962 10005]
[10006 10046]
[10047 10083]
[10084 10113]
[10114 10170]
[10171 10217]
[10218 10269]
[10270 10318]
[10319 10344]
[10345 10386]
[10387 10423]
[10424 10460]
[10461 10494]
[10495 10532]
[10533 10565]
[10566 10606]
[10607 10662]
[10663 10725]
[10726 10841]
[10842 10959]
[10960 11133]
[11134 11219]
[11220 11255]
[11256 11291]
[11292 11346]
[11347 11397]
[11398 11435]
[11436 11527]
[11528 11562]
[11563 11603]
[11604 11664]
[11665 11794]
[11795 11881]
[11882 11950]
[11951 11992]
[11993 12063]
[12064 12133]
[12134 12248]
[12249 12284]
[12285 12343]
[12344 12374]
[12375 12495]
[12496 12611]
[12612 12665]
[12666 12701]
[12702 12737]
[12738 12773]
[12774 12809]
[12810 12845]
[12846 12872]
[12873 12897]
[12898 12927]
[12928 12955]
[12956 12990]
[12991 13013]
[13014 13106]
[13107 13462]
[13463 13545]
[13546 13605]
[13606 13642]
[13643 13693]
[13694 13734]
[13735 13798]
[13799 13836]
[13837 13869]
[13870 13917]
[13918 13966]
[13967 14010]
[14011 14072]
[14073 14117]
[14118 14186]
[14187 14261]
[14262 14302]
[14303 14350]
[14351 14763]
[14764 14790]
[14791 14854]
[14855 14922]
[14923 14999]
[15000 15065]
[15066 15145]
[15146 15211]
[15212 15330]
[15331 15379]
[15380 15436]
[15437 15503]
[15504 15584]
[15585 15641]
[15642 15696]
[15697 15743]
[15744 15803]
[15804 16180]
[16181 16225]
[16226 16317]
[16318 16353]
[16354 16435]
[16436 16546]
[16547 16602]
[16603 16645]
[16646 16741]
[16742 16828]
[16829 16942]
[16943 17003]
[17004 17088]
[17089 17229]
[17230 17358]
[17359 17482]
[17483 17818]
[17819 17989]
[17990 18124]
[18125 18246]
[18247 18364]
[18365 18452]
[18453 18559]
[18560 18696]
[18697 18751]
[18752 18877]
[18878 18932]
[18933 19098]
[19099 19164]
[19165 19304]
[19305 19384]
[19385 19458]
[19459 19535]
[19536 19916]
[19917 19963]
[19964 20020]
[20021 20078]
[20079 20247]
[20248 20297]
[20298 20355]
[20356 20407]
[20408 20460]
[20461 20502]
[20503 20543]
[20544 20583]
[20584 20623]
[20624 20669]
[20670 20719]
[20720 20913]
[20914 21362]
[21363 21397]
[21398 21435]
[21436 21512]
[21513 21542]
[21543 21595]
[21596 21638]
[21639 21715]
[21716 21798]
[21799 21900]
[21901 21955]
[21956 22027]
[22028 22068]
[22069 22104]
[22105 22151]
[22152 22218]
[22219 22245]
[22246 22284]
[22285 22329]
[22330 22362]
[22363 22395]
[22396 22424]
[22425 22458]
[22459 22532]
[22533 22846]
[22847 22889]
[22890 22933]
[22934 22978]
[22979 23027]
[23028 23084]
[23085 23135]
[23136 23200]
[23201 23249]
[23250 23318]
[23319 23366]
[23367 23409]
[23410 23474]
[23475 23528]
[23529 23579]
[23580 23670]
[23671 24054]
[24055 24132]
[24133 24175]
[24176 24212]
[24213 24245]
[24246 24281]
[24282 24375]
[24376 24406]
[24407 24441]
[24442 24464]
[24465 24495]
[24496 24518]
[24519 24560]
[24561 24610]
[24611 24667]
[24668 24696]
[24697 24738]
[24739 24782]
[24783 24834]
[24835 25173]
[25174 25252]
[25253 25327]
[25328 25395]
[25396 25469]
[25470 25548]
[25549 25620]
[25621 25691]
[25692 25742]
[25743 25802]
[25803 25862]
[25863 25930]
[25931 25978]
[25979 26036]
[26037 26091]
[26092 26148]
[26149 26185]
[26186 26223]
[26224 26268]
[26269 26599]
[26600 26720]
[26721 26756]
[26757 26800]
[26801 26834]
[26835 26924]
[26925 26964]
[26965 26996]
[26997 27034]
[27035 27070]
[27071 27109]
[27110 27143]
[27144 27183]
[27184 27212]
[27213 27271]
[27272 27707]
[27708 27802]
[27803 27887]
[27888 27962]
[27963 28030]
[28031 28102]
[28103 28180]
[28181 28242]
[28243 28304]
[28305 28385]
[28386 28453]
[28454 28521]
[28522 28596]
[28597 28691]
[28692 28802]
[28803 28858]
[28859 29454]
[29455 29594]
[29595 29655]
[29656 29717]
[29718 29750]
[29751 29827]
[29828 29913]
[29914 29983]
[29984 30098]
[30099 30362]
[30363 30466]
[30467 30539]
[30540 30918]
[30919 30966]
[30967 31048]
[31049 31125]
[31126 31261]
[31262 31339]
[31340 31423]
[31424 31497]
[31498 31607]
[31608 31788]
[31789 32040]
[32041 32368]
[32369 32576]
[32577 32605]
[32606 32686]
[32687 32731]
[32732 32771]
[32772 32848]
[32849 32910]
[32911 32970]
[32971 33088]
[33089 33117]
[33118 33160]
[33161 33516]
[33518 33599]
