[ 0 23]
[25 44]
[45 64]
[ 66 109]
[111 195]
[196 470]
[471 528]
[529 564]
[565 594]
[595 622]
[623 655]
[656 681]
[682 711]
[712 745]
[746 779]
[780 812]
[813 845]
[846 874]
[875 896]
[897 944]
[ 945 1586]
[1587 1647]
[1648 1711]
[1712 1759]
[1760 1819]
[1820 1891]
[1892 2042]
[2043 2110]
[2111 2160]
[2161 2260]
[2261 2291]
[2292 2323]
[2324 2359]
[2360 2401]
[2402 2452]
[2453 2493]
[2494 2532]
[2533 2716]
[2717 2918]
[2919 2990]
[2991 3040]
[3041 3082]
[3083 3161]
[3162 3195]
[3196 3535]
[3536 3582]
[3583 3614]
[3615 3635]
[3636 3699]
[3700 3743]
[3744 3779]
[3780 3833]
[3834 3898]
[3899 3926]
[3927 3990]
[3991 4056]
[4057 4113]
[4114 4146]
[4147 4212]
[4213 4242]
[4243 4306]
[4307 4341]
[4342 4370]
[4371 4395]
[4396 4419]
[4420 4444]
[4445 4478]
[4479 4522]
[4523 4605]
[4606 4668]
[4669 4737]
[4738 4807]
[4808 4868]
[4869 4925]
[4926 4991]
[4992 5022]
[5023 5431]
[5432 5510]
[5511 5571]
[5572 5637]
[5638 5701]
[5702 5767]
[5768 5838]
[5839 5905]
[5906 5982]
[5983 6148]
[6149 6253]
[6254 6389]
[6390 6476]
[6477 6686]
[6687 6726]
[6727 6772]
[6773 6852]
[6853 6898]
[6899 6970]
[6972 7178]
[7179 7478]
[7479 7567]
[7568 7619]
[7620 7658]
[7659 7690]
[7691 7717]
[7718 7745]
[7746 7791]
[7792 7815]
[7816 7844]
[7845 7897]
[7898 7969]
[7970 7987]
[7988 8036]
[8037 8177]
[8178 8236]
[8237 8282]
[8283 8304]
[8305 8359]
[8360 8401]
[8402 8444]
[8445 8460]
[8461 8499]
[8500 8560]
[8561 8596]
[8597 8652]
[8653 8682]
[8683 8733]
[8734 8756]
[8757 8795]
[8796 8827]
[8828 8869]
[8870 8924]
[8925 8983]
[8984 9034]
[9035 9081]
[9082 9122]
[9123 9163]
[9164 9228]
[9229 9273]
[9274 9329]
[9330 9420]
[9421 9685]
[9686 9768]
[9769 9870]
[ 9871 10008]
[10009 10219]
[10220 10546]
[10547 10828]
[10829 11188]
[11189 11264]
[11265 11319]
[11320 11388]
[11389 11455]
[11456 11525]
[11526 11633]
[11634 11705]
[11706 11761]
[11762 11824]
[11825 11866]
[11867 11929]
[11930 11994]
[11995 12074]
[12075 12116]
[12117 12395]
[12396 12826]
[12827 12996]
[12997 13206]
[13207 13588]
[13589 13665]
[13666 13731]
[13732 13816]
[13817 13887]
[13888 13961]
[13962 14011]
[14012 14073]
[14074 14157]
[14158 14241]
[14242 14319]
[14320 14366]
[14367 14451]
[14452 14529]
[14530 14829]
[14830 14972]
[14973 15022]
[15023 15199]
[15200 15281]
[15282 15373]
[15374 15498]
[15499 15562]
[15563 15951]
[15952 15998]
[15999 16047]
[16048 16312]
[16313 16435]
[16436 16553]
[16554 16664]
[16665 16802]
[16803 16939]
[16940 17067]
[17068 17165]
[17166 17258]
[17259 17363]
[17364 17483]
[17484 17562]
[17563 17914]
[17915 17987]
[17988 18030]
[18031 18087]
[18088 18150]
[18151 18207]
[18208 18252]
[18253 18277]
[18278 18310]
[18311 18350]
[18351 18406]
[18407 18458]
[18459 18510]
[18511 18558]
[18559 18597]
[18598 18622]
[18623 18676]
[18677 18708]
[18709 18752]
[18753 18849]
[18850 18884]
[18885 19007]
[19008 19058]
[19059 19096]
[19097 19141]
[19142 19187]
[19188 19248]
[19249 19290]
[19291 19316]
[19317 19353]
[19354 19448]
[19449 19857]
[19858 20050]
[20051 20091]
[20092 20373]
[20374 20430]
[20431 20475]
[20476 20543]
[20544 20595]
[20596 20763]
[20764 20856]
[20857 20938]
[20939 21013]
[21014 21148]
[21149 21220]
[21221 21518]
[21519 21584]
[21585 21639]
[21640 21713]
[21714 21794]
[21795 21887]
[21888 21949]
[21950 22026]
[22027 22092]
[22093 22172]
[22173 22224]
[22225 22264]
[22265 22306]
[22307 22348]
[22349 22421]
[22422 22489]
[22490 22568]
[22569 22623]
[22624 22670]
[22671 22938]
[22939 22981]
[22982 23003]
[23004 23026]
[23027 23051]
[23052 23071]
[23072 23102]
[23103 23136]
[23137 23159]
[23160 23182]
[23183 23206]
[23207 23228]
[23229 23252]
[23253 23272]
[23273 23292]
[23293 23323]
[23324 23357]
[23358 23364]
[23365 23417]
[23418 23456]
[23457 23480]
[23481 23520]
[23521 23571]
[23572 23617]
[23618 23675]
[23676 23718]
[23719 23767]
[23768 23815]
[23816 23881]
[23882 23941]
[23942 23980]
[23981 24052]
[24053 24126]
[24127 24189]
[24190 24232]
[24233 24445]
[24446 24579]
[24580 24645]
[24646 24694]
[24695 24756]
[24757 24852]
[24853 25026]
[25027 25078]
[25079 25276]
[25277 25330]
[25331 25403]
[25404 25484]
[25485 25586]
[25587 25653]
[25654 25762]
[25763 25862]
[25863 25980]
[25981 26058]
[26059 26396]
[26397 26552]
[26553 26655]
[26656 26702]
[26703 26795]
[26796 26859]
[26860 26922]
[26923 26997]
[26998 27066]
[27067 27144]
[27145 27203]
[27204 27269]
[27270 27338]
[27339 27420]
[27421 27509]
[27510 28092]
[28093 28199]
