[ 0 31]
[33 52]
[53 72]
[ 74 117]
[119 211]
[212 467]
[468 525]
[526 562]
[563 598]
[599 623]
[624 653]
[654 690]
[691 724]
[725 777]
[778 822]
[823 863]
[864 899]
[900 958]
[ 959 1425]
[1427 1484]
[1485 1511]
[1512 1557]
[1558 1582]
[1583 1626]
[1627 1668]
[1669 1712]
[1713 1761]
[1762 1812]
[1813 1857]
[1858 1903]
[1904 1914]
[1915 2399]
[2400 2497]
[2498 2545]
[2546 2632]
[2633 2685]
[2686 2730]
[2731 2770]
[2771 2814]
[2815 2829]
[2830 2857]
[2858 2893]
[2894 2959]
[2960 3053]
[3054 3110]
[3111 3167]
[3168 3224]
[3225 3270]
[3271 3417]
[3418 3504]
[3505 3566]
[3567 3627]
[3628 3687]
[3688 3761]
[3762 3824]
[3825 3890]
[3891 3968]
[3969 4013]
[4014 4085]
[4086 4442]
[4443 4522]
[4523 4576]
[4577 4623]
[4624 4655]
[4656 4689]
[4690 4921]
[4922 4965]
[4966 4981]
[4982 5001]
[5002 5039]
[5040 5073]
[5074 5151]
[5152 5196]
[5197 5262]
[5263 5316]
[5317 5346]
[5347 5384]
[5385 5449]
[5450 5497]
[5498 5537]
[5538 5574]
[5575 5616]
[5617 5646]
[5647 5693]
[5694 6014]
[6015 6043]
[6044 6076]
[6077 6131]
[6132 6159]
[6160 6229]
[6230 6281]
[6282 6343]
[6344 6453]
[6454 6488]
[6489 6536]
[6537 6575]
[6576 6603]
[6604 6651]
[6652 6811]
[6812 6839]
[6840 6880]
[6881 6950]
[6951 7003]
[7004 7054]
[7055 7104]
[7105 7172]
[7173 7206]
[7207 7254]
[7255 7367]
[7368 7432]
[7433 7487]
[7488 7836]
[7837 7966]
[7967 8125]
[8126 8222]
[8223 8262]
[8263 8300]
[8301 8446]
[8447 8487]
[8488 8670]
[8671 8804]
[8805 8905]
[8906 8969]
[8970 9060]
[9061 9185]
[9186 9458]
[9459 9575]
[9576 9607]
[9608 9639]
[9640 9785]
[9786 9825]
[9826 9886]
[9887 9912]
[9913 9949]
[ 9950 10006]
[10007 10172]
[10173 10273]
[10274 10396]
[10397 10465]
[10466 10620]
[10621 10673]
[10674 10711]
[10712 10751]
[10752 10787]
[10788 10820]
[10821 10853]
[10854 10904]
[10905 10946]
[10947 10978]
[10979 11021]
[11022 11125]
[11126 11511]
[11512 11583]
[11584 11664]
[11665 11739]
[11740 11814]
[11815 11841]
[11842 11897]
[11898 11946]
[11947 11998]
[11999 12053]
[12054 12074]
[12075 12107]
[12108 12134]
[12135 12150]
[12151 12394]
[12395 12485]
[12486 12540]
[12541 12612]
[12613 12673]
[12674 12741]
[12742 12798]
[12799 12833]
[12834 12966]
[12967 13017]
[13018 13071]
[13072 13456]
[13457 13535]
[13536 13583]
[13584 13692]
[13693 13718]
[13719 13772]
[13773 13828]
[13829 13870]
[13871 13921]
[13922 14025]
[14026 14084]
[14085 14165]
[14166 14223]
[14224 14284]
[14285 14597]
[14598 14723]
[14724 14772]
[14773 14845]
[14846 14907]
[14908 14932]
[14933 14997]
[14998 15057]
[15058 15101]
[15102 15159]
[15160 15190]
[15191 15250]
[15251 15281]
[15282 15370]
[15371 15436]
[15437 15531]
[15532 15607]
[15608 15648]
[15649 15702]
[15703 15730]
[15731 15757]
[15758 15793]
[15794 15840]
[15841 15883]
[15884 15935]
[15936 16021]
[16022 16152]
[16153 16486]
[16487 16539]
[16540 16612]
[16613 16681]
[16682 16751]
[16752 16818]
[16819 16916]
[16917 16981]
[16982 17037]
[17038 17093]
[17094 17165]
[17166 17202]
[17203 17244]
[17245 17292]
[17293 17315]
[17316 17353]
[17354 17389]
[17390 17472]
[17473 17530]
[17531 17961]
[17962 18028]
[18029 18112]
[18113 18460]
[18461 18565]
[18566 18677]
[18678 18706]
[18707 18753]
[18754 18804]
[18805 18864]
[18865 18883]
[18884 18920]
[18921 19515]
[19516 19571]
[19572 19618]
[19619 19661]
[19662 19708]
[19709 19788]
[19789 19841]
[19842 19963]
[19964 20039]
[20040 20070]
[20071 20113]
[20114 20157]
[20158 20206]
[20207 20254]
[20255 20299]
[20300 20458]
[20459 20532]
[20533 20629]
[20630 20696]
[20697 20747]
[20748 20869]
[20870 21249]
[21250 21448]
[21449 21540]
[21541 21650]
[21651 21698]
[21699 21814]
[21815 21895]
[21896 22011]
[22012 22078]
[22079 22122]
[22123 22208]
[22209 22272]
[22273 22387]
[22388 22437]
[22438 22477]
[22478 22535]
[22536 22634]
[22635 22890]
[22891 22935]
[22936 22986]
[22987 23069]
[23070 23145]
[23146 23221]
[23222 23328]
[23329 23376]
[23377 23447]
[23448 23526]
[23527 23581]
[23582 23701]
[23702 23762]
[23763 23837]
[23838 23923]
[23924 23985]
[23986 24058]
[24059 24153]
[24154 24257]
[24258 24657]
[24658 24860]
[24861 25053]
[25054 25097]
[25098 25170]
[25171 25240]
[25241 25310]
[25311 25369]
[25370 25400]
[25401 25473]
[25474 25516]
[25517 25564]
[25565 25897]
[25898 25999]
