[ 0 30]
[32 51]
[52 71]
[ 73 116]
[118 212]
[214 488]
[489 543]
[544 586]
[587 628]
[629 670]
[671 730]
[731 794]
[795 831]
[832 862]
[863 889]
[890 919]
[920 949]
[ 950 1027]
[1028 1121]
[1122 1576]
[1577 1650]
[1651 1724]
[1725 1795]
[1796 1867]
[1868 1924]
[1925 1974]
[1975 2011]
[2012 2051]
[2052 2114]
[2115 2158]
[2159 2223]
[2224 2272]
[2273 2316]
[2317 2368]
[2369 2392]
[2393 2428]
[2429 2482]
[2483 3060]
[3061 3100]
[3101 3136]
[3137 3248]
[3249 3337]
[3338 3441]
[3442 3513]
[3514 3737]
[3738 3902]
[3903 3988]
[3989 4116]
[4117 4211]
[4212 4779]
[4780 4907]
[4908 5032]
[5033 5157]
[5158 5244]
[5245 5433]
[5434 5496]
[5497 5577]
[5578 5645]
[5646 5686]
[5687 5732]
[5733 5897]
[5898 5922]
[5923 5999]
[6000 6075]
[6076 6100]
[6101 6487]
[6488 6617]
[6618 6695]
[6696 6752]
[6753 6785]
[6786 6842]
[6843 6940]
[6941 6992]
[6993 7066]
[7067 7113]
[7114 7227]
[7228 7327]
[7328 7652]
[7653 7714]
[7715 7777]
[7778 7827]
[7828 7867]
[7868 7918]
[7919 7979]
[7980 8027]
[8028 8072]
[8073 8109]
[8110 8165]
[8166 8296]
[8297 8348]
[8349 8402]
[8403 8424]
[8425 8805]
[8806 8876]
[8877 8993]
[8994 9075]
[9076 9168]
[9169 9245]
[9246 9353]
[9354 9406]
[9407 9492]
[9493 9557]
[9558 9635]
[9636 9707]
[9708 9776]
[9777 9832]
[ 9833 10173]
[10175 11029]
[11030 11138]
[11139 11435]
[11436 11481]
[11482 11578]
[11579 11601]
[11602 11910]
[11911 11973]
[11975 12074]
[12075 12165]
[12166 12489]
[12490 12595]
[12596 12658]
[12659 12730]
[12731 12821]
[12822 12872]
[12873 12919]
[12920 13001]
[13002 13066]
[13067 13123]
[13124 13156]
[13157 13260]
[13261 13721]
[13723 13814]
[13815 13965]
[13966 14050]
[14051 14132]
[14133 14172]
[14173 14288]
[14289 14421]
[14422 14641]
[14642 14918]
[14920 15118]
[15119 15256]
[15257 16048]
[16050 16158]
[16159 16220]
[16221 16330]
[16331 16363]
[16364 16504]
[16505 16549]
[16550 16649]
[16650 16785]
[16786 16958]
[16959 17000]
[17001 17236]
[17237 17344]
[17345 17445]
[17446 18018]
[18019 18138]
[18139 18161]
[18162 18206]
[18207 18264]
[18265 18330]
[18331 18379]
[18380 18435]
[18436 18481]
[18482 18572]
[18573 18631]
[18632 18700]
[18701 18742]
[18743 18851]
[18852 18968]
[18969 19012]
[19013 19055]
[19056 19093]
[19094 19142]
[19143 19197]
[19198 19458]
[19459 19523]
[19524 19584]
[19585 19649]
[19650 19739]
[19740 19815]
[19816 19907]
[19908 19936]
[19937 20067]
[20068 20118]
[20119 20181]
[20182 20374]
[20375 20465]
[20466 20505]
[20506 20587]
[20588 20652]
[20653 20699]
[20700 20897]
[20899 21006]
[21007 21353]
[21354 21478]
[21479 21596]
[21597 21861]
[21862 21949]
