[ 0 16]
[18 37]
[38 57]
[ 59 102]
[104 183]
[185 582]
[583 612]
[613 643]
[644 679]
[680 709]
[710 749]
[750 776]
[777 807]
[808 833]
[834 872]
[873 903]
[904 932]
[933 957]
[ 958 1014]
[1015 1518]
[1519 1569]
[1570 1634]
[1635 1706]
[1707 1732]
[1733 1808]
[1809 1889]
[1890 1972]
[1973 2085]
[2086 2136]
[2137 2179]
[2180 2237]
[2238 2277]
[2278 2326]
[2327 2397]
[2398 2871]
[2872 3072]
[3073 3133]
[3134 3191]
[3192 3258]
[3259 3326]
[3327 3391]
[3392 3444]
[3445 3489]
[3490 3530]
[3531 3577]
[3578 3613]
[3614 3673]
[3674 3717]
[3718 3769]
[3770 3815]
[3816 3882]
[3883 3934]
[3935 3990]
[3991 4029]
[4031 4101]
[4102 4170]
[4171 4228]
[4229 4280]
[4281 4330]
[4331 4383]
[4384 4764]
[4765 4838]
[4839 4893]
[4894 4924]
[4925 4997]
[4998 5058]
[5059 5120]
[5121 5178]
[5179 5235]
[5236 5284]
[5285 5349]
[5350 5470]
[5471 5519]
[5520 5570]
[5571 5632]
[5633 5670]
[5671 5768]
[5769 5864]
[5865 5909]
[5910 5960]
[5961 6011]
[6012 6066]
[6067 6098]
[6099 6160]
[6161 6208]
[6209 6250]
[6251 6293]
[6294 6327]
[6328 6651]
[6652 6722]
[6723 6776]
[6777 6828]
[6829 6885]
[6886 6953]
[6954 7037]
[7038 7091]
[7092 7154]
[7155 7215]
[7216 7275]
[7276 7331]
[7332 7393]
[7394 7465]
[7466 7530]
[7531 7608]
[7609 7723]
[7724 7773]
[7774 7819]
[7820 7869]
[7870 7948]
[7949 8010]
[8011 8074]
[8075 8142]
[8143 8208]
[8209 8239]
[8240 8735]
[8736 8783]
[8784 8825]
[8826 8873]
[8874 8963]
[8964 9321]
[9322 9376]
[9377 9429]
[9430 9512]
[9513 9612]
[9613 9671]
[9672 9738]
[9739 9790]
[9791 9844]
[9845 9893]
[9894 9949]
[ 9950 10053]
[10054 10108]
[10109 10154]
[10155 10207]
[10208 10265]
[10266 10309]
[10310 10721]
[10722 10787]
[10788 10993]
[10994 11290]
[11291 11420]
[11421 11495]
[11496 11591]
[11592 11850]
[11851 11925]
[11926 12183]
[12184 12410]
[12411 12512]
[12513 12553]
[12554 12628]
[12629 12662]
[12663 12766]
[12767 12807]
[12808 12859]
[12860 13115]
[13116 13312]
[13313 13657]
[13658 13764]
[13765 13861]
[13862 13927]
[13928 14043]
[14044 14179]
[14180 14269]
[14270 14346]
[14347 14433]
[14434 14553]
[14554 14607]
[14608 14734]
[14735 14812]
[14813 15042]
[15043 15189]
[15190 15277]
[15278 15354]
[15355 15496]
[15497 15625]
[15626 15689]
[15690 15796]
[15797 16043]
[16044 16089]
[16090 16109]
[16110 16152]
[16153 16185]
[16186 16218]
[16219 16250]
[16251 16297]
[16298 16353]
[16354 16383]
[16384 16403]
[16404 16443]
[16444 16483]
[16484 16494]
[16495 16524]
[16525 16548]
[16549 16604]
[16605 16642]
[16643 16689]
[16690 16760]
[16761 17032]
[17033 17103]
[17104 17229]
[17230 17355]
[17356 17472]
[17473 17568]
[17569 17678]
[17679 17770]
[17771 17865]
[17866 17969]
[17970 18010]
[18011 18346]
[18347 18412]
[18413 18575]
[18576 18609]
[18610 18656]
[18657 18732]
[18733 18794]
[18795 18844]
[18845 18875]
[18876 18925]
[18926 18988]
[18989 19092]
[19093 19198]
[19199 19303]
[19304 19368]
[19369 19417]
[19418 19518]
[19519 19610]
[19611 19630]
[19631 19718]
[19719 19780]
[19781 20222]
[20223 20260]
[20261 20413]
[20414 20466]
[20467 20547]
[20548 20689]
[20690 20800]
[20801 20854]
[20855 20920]
[20921 20967]
[20968 21005]
[21006 21061]
[21062 21104]
[21105 21182]
[21183 21215]
[21216 21393]
[21394 21440]
[21441 21532]
[21533 21645]
[21647 21786]
[21787 22016]
[22017 22060]
[22061 22140]
[22141 22220]
[22221 22278]
[22279 22390]
[22391 22548]
[22549 22609]
[22610 22667]
[22668 22939]
[22940 22989]
[22990 23052]
[23053 23097]
[23098 23142]
[23143 23179]
[23180 23230]
[23231 23247]
[23248 23288]
[23289 23325]
[23326 23369]
[23370 23438]
[23439 23463]
[23464 23504]
[23505 23583]
[23584 23629]
[23630 23681]
[23682 23727]
[23729 24101]
[24102 24199]
