[ 0 29]
[31 50]
[51 70]
[ 72 115]
[117 198]
[199 448]
[449 499]
[500 535]
[536 565]
[566 593]
[594 626]
[627 668]
[669 709]
[710 750]
[751 787]
[788 818]
[819 845]
[846 875]
[876 927]
[928 978]
[ 979 1076]
[1077 1437]
[1438 1670]
[1671 1743]
[1744 1791]
[1792 1828]
[1829 2054]
[2055 2295]
[2296 2339]
[2340 2388]
[2389 2467]
[2468 2511]
[2512 2588]
[2589 3444]
[3445 3523]
[3524 3603]
[3604 3764]
[3765 3835]
[3836 3929]
[3930 4002]
[4003 4100]
[4101 4252]
[4253 4363]
[4364 4506]
[4507 4693]
[4694 4996]
[4997 5321]
[5322 5371]
[5372 5423]
[5424 5471]
[5472 5525]
[5526 5757]
[5758 6178]
[6179 6326]
[6327 6391]
[6392 6466]
[6467 6512]
[6513 6740]
[6741 6806]
[6807 6938]
[6939 7180]
[7181 7247]
[7248 7304]
[7305 7316]
[7317 7365]
[7366 7413]
[7414 7470]
[7471 7525]
[7526 7558]
[7559 7603]
[7604 7646]
[7647 7700]
[7701 8123]
[8124 8204]
[8205 8316]
[8317 8351]
[8352 8503]
[8504 8526]
[8527 8616]
[8617 8678]
[8679 8752]
[8753 8819]
[8820 8953]
[8954 8977]
[8978 9047]
[9048 9157]
[9158 9210]
[9211 9286]
[9287 9328]
[9329 9370]
[9371 9456]
[9457 9529]
[9530 9584]
[9585 9635]
[9636 9682]
[9683 9723]
[9724 9764]
[9765 9854]
[9855 9890]
[9891 9925]
[ 9926 10029]
[10030 10335]
[10336 10386]
[10387 10465]
[10466 10549]
[10550 10729]
[10730 10936]
[10937 11163]
[11164 11204]
[11205 11482]
[11483 11621]
[11622 11679]
[11680 11734]
[11735 11814]
[11815 11983]
[11984 12060]
[12061 12204]
[12205 12476]
[12477 12547]
[12548 12705]
[12706 12778]
[12779 12850]
[12851 12919]
[12920 12986]
[12987 13060]
[13061 13131]
[13132 13218]
[13219 13260]
[13261 13328]
[13329 13380]
[13381 13695]
[13696 13777]
[13778 13893]
[13894 14020]
[14021 14223]
[14224 14423]
[14424 14737]
[14738 14843]
[14844 14879]
[14880 14958]
[14959 15045]
[15046 15494]
[15495 15746]
[15747 15828]
[15829 15903]
[15904 15944]
[15945 16040]
[16041 16109]
[16110 16159]
[16160 16208]
[16209 16300]
[16301 16405]
[16406 16457]
[16458 16520]
[16521 16636]
[16637 16725]
[16726 16796]
[16797 16956]
[16957 17011]
[17012 17080]
[17081 17191]
[17192 17224]
[17225 17259]
[17260 17300]
[17301 17338]
[17339 17372]
[17373 17455]
[17456 17872]
[17873 17964]
[17965 18067]
[18068 18176]
[18177 18236]
[18237 18346]
[18347 18407]
[18408 18462]
[18463 18618]
[18619 18726]
[18727 18815]
[18816 18871]
[18872 18957]
[18958 19089]
[19090 19156]
[19157 19281]
[19282 19684]
[19685 19736]
[19737 19808]
[19809 19850]
[19851 19918]
[19919 19988]
[19989 20112]
[20113 20172]
[20173 20323]
[20324 20422]
[20423 20481]
[20482 20549]
[20550 20618]
[20619 20707]
[20708 20753]
[20754 20787]
[20788 20866]
[20867 21180]
[21181 21508]
[21509 22002]
[22003 22372]
[22373 22420]
[22421 22477]
[22478 22545]
[22546 22612]
[22613 22691]
[22692 22748]
[22749 22826]
[22827 22881]
[22882 22998]
[22999 23088]
[23089 23162]
[23163 23335]
[23336 23397]
[23398 23491]
[23492 23539]
[23540 23587]
[23588 23667]
[23668 23777]
[23778 23994]
[23995 24034]
[24035 24094]
[24095 24136]
[24137 24190]
[24191 24240]
[24241 24284]
[24285 24450]
[24451 24604]
[24605 24650]
[24651 24693]
[24694 24733]
[24734 24788]
[24789 24832]
[24833 24884]
[24885 25133]
[25134 25253]
[25254 25301]
[25302 25307]
[25308 25347]
[25348 25395]
[25396 25503]
[25504 25638]
[25639 25694]
[25695 25772]
[25773 25808]
[25809 25910]
[25911 26095]
[26096 26133]
[26134 26172]
[26173 26231]
[26232 26297]
[26298 26326]
[26327 26432]
[26433 26533]
[26534 26613]
[26614 26945]
[26946 27058]
[27059 27160]
[27161 27336]
[27337 27533]
[27534 27873]
[27874 27897]
[27898 27998]
[27999 28130]
[28131 28420]
[28421 28740]
[28741 28829]
[28830 28872]
[28873 29003]
[29004 29056]
[29057 29107]
[29108 29155]
[29156 29224]
[29225 29317]
[29318 29356]
[29357 29398]
[29399 29721]
[29722 29799]
