[ 0 27]
[29 48]
[49 68]
[ 70 113]
[115 199]
[200 518]
[519 575]
[576 607]
[608 642]
[643 671]
[672 703]
[704 739]
[740 770]
[771 799]
[800 826]
[827 858]
[859 887]
[888 920]
[921 952]
[953 989]
[ 990 1023]
[1024 1151]
[1153 1484]
[1485 1546]
[1547 1603]
[1604 1658]
[1659 1716]
[1717 1774]
[1775 1829]
[1830 2053]
[2054 2343]
[2344 2386]
[2387 2436]
[2437 2487]
[2488 2537]
[2538 2610]
[2611 2670]
[2671 2716]
[2717 2763]
[2765 3215]
[3216 3323]
[3324 3364]
[3365 3414]
[3415 3448]
[3449 3474]
[3475 3569]
[3570 3571]
[3572 3616]
[3617 3650]
[3651 3674]
[3675 3710]
[3711 3740]
[3741 3773]
[3774 3802]
[3803 3855]
[3856 4035]
[4036 4219]
[4220 4251]
[4252 4292]
[4293 4339]
[4340 4381]
[4382 4431]
[4432 4485]
[4486 4617]
[4618 4654]
[4655 4692]
[4693 4727]
[4728 5130]
[5131 5181]
[5182 5234]
[5235 5278]
[5279 5317]
[5318 5363]
[5364 5581]
[5582 5614]
[5615 5677]
[5678 5738]
[5739 5753]
[5754 5789]
[5790 6079]
[6080 6336]
[6337 6375]
[6376 6443]
[6444 6514]
[6515 6559]
[6560 6600]
[6601 6630]
[6631 7148]
[7149 7224]
[7225 7319]
[7320 7458]
[7459 7631]
[7632 7661]
[7662 8180]
[8181 8236]
[8237 8283]
[8284 8355]
[8356 8409]
[8410 8468]
[8469 8532]
[8533 8602]
[8603 8660]
[8661 8695]
[8696 8744]
[8745 8792]
[8793 8824]
[8825 8862]
[8863 8892]
[8893 8963]
[8964 8998]
[8999 9031]
[9032 9083]
[9084 9144]
[9145 9276]
[9277 9337]
[9338 9374]
[9375 9451]
[9452 9517]
[9518 9586]
[9587 9661]
[9662 9733]
[9734 9808]
[9809 9892]
[9893 9945]
[ 9946 10012]
[10013 10135]
[10136 10190]
[10191 10248]
[10249 10353]
[10354 10473]
[10474 10592]
[10593 10697]
[10698 10747]
[10748 11047]
[11048 11097]
[11098 11154]
[11155 11198]
[11199 11245]
[11246 11304]
[11305 11342]
[11343 11404]
[11405 11469]
[11470 11518]
[11519 11555]
[11556 11638]
[11639 11748]
[11749 12026]
[12027 12091]
[12092 12175]
[12176 12285]
[12286 12357]
[12358 12434]
[12435 12497]
[12498 12609]
[12610 12646]
[12647 12720]
[12721 12781]
[12782 13217]
[13218 13287]
[13288 13370]
[13371 13451]
[13452 13488]
[13489 13522]
[13523 13573]
[13574 13619]
[13620 13675]
[13676 13719]
[13720 13751]
[13752 13780]
[13781 13813]
[13814 13859]
[13860 13916]
[13917 13971]
[13972 14020]
[14021 14045]
[14046 14134]
[14135 14197]
[14198 14578]
[14579 15023]
[15024 15332]
[15333 15395]
[15396 15461]
[15462 15515]
[15516 15591]
[15592 15683]
[15684 15765]
[15766 15813]
[15814 15864]
[15865 15896]
[15897 15919]
[15920 15936]
[15937 15993]
[15994 16026]
[16027 16058]
[16059 16101]
[16102 16131]
[16132 16163]
[16164 16253]
[16254 16574]
[16575 16761]
[16762 16899]
[16900 17031]
[17032 17146]
[17147 17340]
[17341 17424]
[17425 17476]
[17477 17547]
[17548 17661]
[17662 17707]
[17708 17733]
[17734 17755]
[17756 17780]
[17781 18145]
[18146 18302]
[18303 18369]
[18370 18404]
[18405 18420]
[18421 18489]
[18490 18521]
[18522 18544]
[18545 18572]
[18573 18613]
[18614 18646]
[18647 18744]
[18745 18923]
[18924 18952]
[18953 19107]
[19108 19167]
[19168 19217]
[19218 19238]
[19239 19299]
[19300 19358]
[19359 19472]
[19474 19853]
[19854 19903]
[19904 19979]
[19980 20055]
[20056 20122]
[20123 20200]
[20201 20267]
[20268 20345]
[20346 20412]
[20413 20487]
[20488 20550]
[20551 20598]
[20599 20822]
[20823 20859]
[20860 20916]
[20917 20964]
[20965 21023]
[21024 21068]
[21069 21371]
[21373 21410]
[21411 21474]
[21475 21520]
[21521 21571]
[21572 21625]
[21626 21685]
[21686 21733]
[21734 21820]
[21821 21873]
[21874 21926]
[21927 21946]
[21947 21986]
[21987 22051]
[22052 22107]
[22108 22161]
[22162 22220]
[22221 22278]
[22279 22334]
[22335 22396]
[22397 22454]
[22455 22513]
[22514 22563]
[22564 22848]
[22849 22959]
[22960 23018]
[23019 23075]
[23076 23110]
[23111 23147]
[23148 23184]
[23185 23321]
[23322 23365]
[23366 23448]
[23449 23678]
[23679 23728]
[23729 23763]
[23764 23822]
[23823 23880]
[23881 23937]
[23938 24035]
[24036 24078]
[24079 24392]
[24393 24471]
[24472 24526]
[24527 24581]
[24582 24663]
[24664 24714]
[24715 24778]
[24779 24826]
[24827 24879]
[24880 24999]
[25000 25080]
[25081 25126]
[25127 25205]
[25206 25234]
[25235 25290]
[25291 25343]
[25344 25387]
[25388 25429]
[25430 25525]
[25526 25836]
[25837 25887]
[25888 25958]
[25959 26001]
[26002 26071]
[26072 26121]
[26122 26167]
[26168 26247]
[26248 26311]
[26312 26383]
[26384 26416]
[26417 26464]
[26465 26515]
[26516 26595]
[26597 26646]
[26647 26683]
[26684 26714]
[26715 26742]
[26743 27081]
[27082 27199]
