[ 0 30]
[32 51]
[52 71]
[ 73 116]
[118 193]
[194 543]
[544 593]
[594 654]
[655 689]
[690 722]
[723 773]
[774 811]
[812 845]
[846 897]
[898 938]
[939 969]
[ 970 1028]
[1029 1506]
[1507 1527]
[1528 1551]
[1552 1656]
[1657 1982]
[1983 2034]
[2035 2064]
[2065 2099]
[2100 2128]
[2129 2158]
[2159 2280]
[2281 2522]
[2523 2614]
[2615 2676]
[2677 2738]
[2739 2832]
[2833 2897]
[2898 2969]
[2970 3012]
[3013 3615]
[3616 3693]
[3694 3774]
[3775 3873]
[3874 3957]
[3958 4002]
[4003 4205]
[4206 4274]
[4275 4373]
[4374 4534]
[4535 4688]
[4689 4804]
[4805 4909]
[4910 5083]
[5084 5135]
[5136 5742]
[5743 5868]
[5869 5969]
[5970 5982]
[5983 6014]
[6015 6058]
[6059 6203]
[6204 6276]
[6277 6378]
[6379 6401]
[6402 6441]
[6442 6502]
[6503 6555]
[6556 6581]
[6582 6650]
[6651 6694]
[6695 6736]
[6737 6761]
[6762 6786]
[6787 6830]
[6831 6884]
[6885 6956]
[6957 6998]
[6999 7022]
[7023 7067]
[7068 7373]
[7374 7414]
[7415 7453]
[7454 7481]
[7482 7521]
[7522 7591]
[7592 7629]
[7630 7674]
[7675 7752]
[7753 7820]
[7821 7840]
[7841 7867]
[7868 7898]
[7899 7929]
[7930 8014]
[8015 8095]
[8096 8181]
[8182 8272]
[8273 8371]
[8372 8496]
[8497 8598]
[8599 8799]
[8800 8902]
[8903 8956]
[8957 9013]
[9014 9387]
[9388 9436]
[9437 9473]
[9474 9511]
[9512 9553]
[9554 9591]
[9592 9628]
[9629 9684]
[9685 9798]
[9799 9838]
[9839 9922]
[ 9923 10052]
[10053 10079]
[10080 10112]
[10113 10135]
[10136 10167]
[10168 10207]
[10208 10294]
[10295 10361]
[10362 10395]
[10396 10473]
[10474 10545]
[10546 10588]
[10589 10625]
[10626 10669]
[10670 10704]
[10705 10738]
[10739 10775]
[10776 10824]
[10825 10924]
[10925 11213]
[11214 11292]
[11293 11463]
[11464 11506]
[11507 11560]
[11561 11660]
[11661 11730]
[11731 11768]
[11769 11837]
[11838 11883]
[11884 11938]
[11939 11979]
[11980 11992]
[11993 12035]
[12036 12097]
[12098 12217]
[12218 12285]
[12286 12343]
[12344 12380]
[12381 12496]
[12497 12581]
[12582 12640]
[12641 12773]
[12774 12822]
[12823 12871]
[12872 12921]
[12922 12962]
[12963 13082]
[13083 13374]
[13375 13637]
[13638 13832]
[13833 13910]
[13911 14067]
[14068 14313]
[14314 14502]
[14503 14571]
[14572 14633]
[14634 14826]
[14827 14909]
[14910 14962]
[14963 15011]
[15012 15135]
[15136 15183]
[15184 15232]
[15233 15294]
[15295 15630]
[15631 15818]
[15819 15857]
[15858 15926]
[15927 15976]
[15977 16017]
[16018 16072]
[16073 16138]
[16139 16206]
[16207 16341]
[16342 16383]
[16384 16467]
[16468 16551]
[16552 16631]
[16632 16674]
[16675 16999]
[17000 17114]
[17115 17176]
[17177 17298]
[17299 17346]
[17347 17462]
[17463 17542]
[17543 17615]
[17616 17646]
[17647 17702]
[17703 17827]
[17828 17903]
[17904 17963]
[17964 18218]
[18219 18327]
[18328 18411]
[18412 18478]
[18479 18553]
[18554 18616]
[18617 18722]
[18723 18809]
[18810 18878]
[18879 18885]
[18886 18932]
[18933 19248]
[19249 19346]
[19347 19500]
[19501 19566]
[19567 19693]
[19694 19768]
[19769 19829]
[19830 19896]
[19897 20001]
[20002 20069]
[20070 20130]
[20131 20218]
[20219 20298]
[20299 20762]
[20763 20848]
[20849 20942]
[20943 21024]
[21025 21165]
[21166 21373]
[21374 21502]
[21503 21603]
[21604 21657]
[21658 21714]
[21715 21801]
[21802 21840]
[21841 21913]
[21914 21945]
[21946 21994]
[21995 22098]
[22099 22520]
[22521 22562]
[22563 22603]
[22604 22645]
[22646 22667]
[22668 22691]
[22692 22712]
[22713 22747]
[22748 22769]
[22770 22795]
[22796 22818]
[22819 22875]
[22876 22912]
[22913 22941]
[22942 22991]
[22992 23033]
[23034 23069]
[23070 23109]
[23110 23161]
[23162 23210]
[23211 23252]
[23253 23371]
[23372 23432]
[23433 23493]
[23494 23530]
[23531 23667]
[23668 24120]
[24121 24468]
[24469 24516]
[24517 24560]
[24561 24599]
[24600 24643]
[24644 24714]
[24715 24759]
[24760 24939]
[24940 25129]
[25130 25239]
[25240 25288]
[25289 25324]
[25325 25355]
[25356 25407]
[25408 25436]
[25437 25526]
[25527 25599]
[25600 25742]
[25743 25838]
[25839 25899]
[25900 25977]
[25978 26054]
[26055 26131]
[26132 26220]
[26221 26274]
[26275 26343]
[26344 26410]
[26411 26571]
[26572 26628]
[26629 26682]
[26683 26741]
[26742 26776]
[26777 26863]
[26864 26925]
[26926 26989]
[26990 27230]
[27231 27280]
[27281 27346]
[27347 27381]
[27382 27454]
[27455 27495]
[27496 27540]
[27541 27572]
[27573 27621]
[27622 27788]
[27789 27819]
[27820 27956]
[27957 28010]
[28011 28083]
[28084 28127]
[28128 28193]
[28194 28281]
[28282 28626]
[28627 28684]
[28685 28741]
[28742 28773]
[28774 28806]
[28807 28846]
[28847 28908]
[28909 29098]
[29099 29171]
[29172 29236]
[29237 29343]
[29344 29633]
[29634 29733]
[29734 29765]
[29766 29814]
[29815 29852]
[29853 29886]
[29887 29919]
[29920 29964]
[29965 30198]
[30199 30234]
[30235 30275]
[30276 30316]
[30317 30355]
[30356 30394]
[30395 30429]
[30430 30462]
[30463 30494]
[30495 30907]
[30908 30954]
[30955 30998]
[30999 31054]
[31055 31177]
[31178 31289]
[31290 31395]
[31396 31426]
[31427 31502]
[31503 31567]
[31568 31611]
[31612 31664]
[31665 31701]
[31702 31776]
[31777 31836]
[31837 31891]
[31892 31940]
[31941 32288]
[32290 32349]
