[ 0 25]
[27 46]
[47 66]
[ 68 111]
[113 209]
[210 459]
[460 511]
[512 547]
[548 577]
[578 605]
[606 638]
[639 672]
[673 702]
[703 733]
[734 762]
[763 799]
[800 830]
[831 857]
[858 886]
[887 935]
[ 936 1393]
[1394 1439]
[1440 1504]
[1505 1675]
[1676 1726]
[1727 1770]
[1771 1850]
[1851 1916]
[1917 2044]
[2045 2129]
[2130 2203]
[2204 2288]
[2289 2377]
[2378 2461]
[2462 2523]
[2524 2850]
[2851 2876]
[2877 2903]
[2904 2933]
[2934 3004]
[3005 3060]
[3061 3240]
[3241 3271]
[3272 3949]
[3950 4010]
[4011 4065]
[4066 4166]
[4167 4255]
[4256 4320]
[4321 4480]
[4481 4543]
[4544 4673]
[4674 4727]
[4728 4793]
[4794 4928]
[4929 4991]
[4992 5071]
[5072 5115]
[5116 5210]
[5211 5370]
[5371 5520]
[5521 5622]
[5623 5970]
[5971 6080]
[6081 6116]
[6117 6186]
[6187 6253]
[6254 6299]
[6300 6358]
[6359 6443]
[6444 6490]
[6491 6515]
[6516 6551]
[6552 6595]
[6596 6639]
[6640 6682]
[6683 6752]
[6753 6816]
[6817 6843]
[6844 6865]
[6866 6886]
[6887 6950]
[6951 7006]
[7007 7061]
[7062 7098]
[7099 7142]
[7143 7169]
[7170 7219]
[7220 7316]
[7317 7335]
[7336 7474]
[7475 7518]
[7519 7586]
[7587 7628]
[7629 7667]
[7668 7704]
[7705 7734]
[7735 7781]
[7782 7834]
[7835 7894]
[7895 7930]
[7931 7969]
[7970 8014]
[8015 8082]
[8083 8120]
[8121 8155]
[8156 8196]
[8197 8277]
[8278 8614]
[8615 8841]
[8842 8944]
[8945 9001]
[9002 9092]
[9093 9309]
[9310 9789]
[9790 9853]
[9854 9916]
[9917 9953]
[ 9954 10035]
[10036 10081]
[10082 10142]
[10143 10208]
[10209 10264]
[10265 10312]
[10313 10365]
[10366 10416]
[10417 10492]
[10493 10567]
[10568 10641]
[10642 10744]
[10745 10814]
[10815 10869]
[10870 11244]
[11245 11353]
[11354 11476]
[11477 11542]
[11543 11605]
[11606 11629]
[11630 11772]
[11773 11818]
[11819 11969]
[11970 12001]
[12002 12124]
[12125 12222]
[12223 12323]
[12324 12350]
[12351 12405]
[12406 12540]
[12541 12990]
[12991 13088]
[13089 13221]
[13222 13288]
[13289 13501]
[13502 13571]
[13572 13642]
[13643 13721]
[13722 13791]
[13792 13916]
[13917 14208]
[14209 14339]
[14340 14469]
[14470 14562]
[14563 15005]
[15006 15235]
[15236 15313]
[15314 15392]
[15393 15447]
[15448 15477]
[15478 15508]
[15509 15549]
[15550 15582]
[15583 15627]
[15628 15686]
[15687 15726]
[15727 15757]
[15758 15888]
[15889 16337]
[16338 16387]
[16388 16527]
[16528 16606]
[16607 16648]
[16649 16694]
[16695 16779]
[16780 16835]
[16836 17111]
[17112 17163]
[17164 17229]
[17230 17301]
[17302 17425]
[17426 17711]
[17712 17913]
[17914 18023]
[18024 18072]
[18073 18123]
[18124 18178]
[18179 18365]
[18366 18671]
[18672 18741]
[18742 18921]
[18922 19052]
[19053 19105]
[19106 19294]
[19295 19387]
[19388 19849]
[19850 19992]
[19993 20073]
[20074 20120]
[20121 20255]
[20256 20317]
[20318 20374]
[20375 20444]
[20445 20501]
[20502 20650]
[20651 20742]
[20743 20868]
[20869 20932]
[20933 20982]
[20983 21113]
[21114 21204]
[21205 21312]
[21313 21692]
[21693 21749]
[21750 21894]
[21895 22010]
[22011 22062]
[22063 22123]
[22124 22169]
[22170 22242]
[22243 22398]
[22399 22500]
[22501 22619]
[22620 22917]
[22918 22964]
[22965 23081]
[23082 23185]
[23186 23195]
[23196 23628]
[23629 23700]
[23701 23774]
[23775 23884]
[23885 23958]
[23959 24078]
[24079 24192]
[24193 24420]
[24421 24550]
[24551 24557]
[24558 24738]
[24739 24897]
[24898 24974]
[24975 25022]
[25023 25115]
[25116 25227]
[25228 25335]
[25336 25402]
[25403 25477]
[25478 25581]
[25582 25744]
[25745 25890]
[25891 26126]
[26127 26413]
[26414 26543]
[26544 26595]
[26596 26717]
[26718 26761]
[26762 27268]
[27269 27405]
[27406 27825]
[27826 28363]
[28364 28569]
[28570 28926]
[28928 28999]
