[ 0 27]
[29 48]
[49 68]
[ 70 113]
[115 200]
[202 511]
[512 571]
[572 629]
[630 699]
[700 736]
[737 759]
[760 787]
[788 799]
[800 823]
[824 877]
[878 924]
[925 945]
[ 946 1029]
[1030 2516]
[2517 2911]
[2912 2927]
[2928 2969]
[2970 3038]
[3039 3113]
[3114 3159]
[3160 3214]
[3215 3258]
[3259 3326]
[3327 3951]
[3952 4033]
[4034 4071]
[4072 4116]
[4117 4142]
[4143 4169]
[4170 4251]
[4252 4290]
[4291 4325]
[4326 4369]
[4370 4410]
[4411 4447]
[4448 4480]
[4481 4512]
[4513 4551]
[4552 4583]
[4584 4616]
[4617 4649]
[4650 4717]
[4718 4740]
[4741 4785]
[4786 4882]
[4883 4939]
[4940 4974]
[4975 5026]
[5027 5076]
[5077 5126]
[5127 5172]
[5173 5325]
[5326 5370]
[5371 5401]
[5402 5439]
[5440 5496]
[5497 5525]
[5526 5564]
[5565 5803]
[5804 5881]
[5882 5899]
[5900 5970]
[5971 6004]
[6005 6082]
[6083 6229]
[6230 6341]
[6342 6411]
[6412 6523]
[6524 6611]
[6612 6647]
[6648 6672]
[6673 6722]
[6723 6745]
[6746 6785]
[6786 7197]
[7198 7202]
[7203 7322]
[7324 7388]
[7389 7442]
[7443 7499]
[7500 7730]
[7731 7950]
[7951 8295]
[8296 8730]
[8731 9617]
[9618 9949]
[9950 9970]
[ 9971 10058]
[10059 10098]
[10099 10294]
[10295 10341]
[10342 10406]
[10407 10455]
[10456 10526]
[10527 10594]
[10595 10753]
[10754 11186]
[11187 11270]
[11271 11384]
[11385 11463]
[11464 11519]
[11520 11567]
[11568 11596]
[11597 11683]
[11684 11818]
[11819 11920]
[11921 12023]
[12024 12216]
[12217 12238]
[12239 12332]
[12333 12397]
[12398 12460]
[12461 12522]
[12523 12572]
[12573 12649]
[12650 12695]
[12696 13036]
[13037 13102]
[13103 13232]
[13233 13274]
[13275 13340]
[13341 13388]
[13389 13479]
[13480 13526]
[13527 13602]
[13603 13666]
[13667 13754]
[13755 13824]
[13825 14033]
[14034 14145]
[14146 14313]
[14314 14333]
[14334 14434]
[14435 14556]
[14557 14709]
[14710 14744]
[14745 14779]
[14780 14967]
[14968 15132]
[15133 15275]
[15276 15388]
[15389 15471]
[15472 15507]
[15508 15551]
[15552 15684]
[15685 16048]
[16049 16105]
[16106 16192]
[16193 16235]
[16237 16270]
[16271 16300]
[16301 16334]
[16335 16380]
[16381 16382]
[16383 16458]
[16459 16596]
[16597 16614]
[16615 16688]
[16689 16732]
[16733 16796]
[16797 16840]
[16841 16878]
[16879 16939]
[16940 16976]
[16977 17070]
[17071 17143]
[17144 17191]
[17192 17356]
[17357 17529]
[17530 17593]
[17594 17648]
[17649 17733]
[17734 17881]
[17882 18060]
[18061 18179]
[18180 18316]
[18317 18359]
[18360 18657]
[18658 18702]
[18703 18771]
[18772 18998]
[18999 19152]
[19153 19337]
[19338 19543]
[19544 19633]
[19634 19805]
[19806 19877]
[19878 20349]
