[ 0 26]
[28 47]
[48 67]
[ 69 112]
[114 216]
[217 682]
[683 734]
[735 770]
[771 800]
[801 828]
[829 861]
[862 900]
[901 944]
[945 985]
[ 986 1032]
[1033 1073]
[1074 1110]
[1111 1149]
[1150 1189]
[1190 1222]
[1223 1317]
[1318 1787]
[1788 1861]
[1862 1914]
[1915 1974]
[1975 2033]
[2034 2081]
[2082 2122]
[2123 2156]
[2157 2334]
[2335 2469]
[2470 2546]
[2547 2607]
[2608 2672]
[2673 2706]
[2707 2789]
[2790 2817]
[2818 2896]
[2897 2945]
[2946 2993]
[2994 3035]
[3036 3104]
[3105 3166]
[3167 3221]
[3222 3251]
[3252 3288]
[3289 3334]
[3335 3638]
[3639 3712]
[3713 3769]
[3770 3819]
[3820 3869]
[3870 3922]
[3923 3977]
[3978 4081]
[4082 4150]
[4151 4215]
[4216 4278]
[4279 4322]
[4323 4380]
[4381 4417]
[4418 4479]
[4480 4544]
[4545 4593]
[4594 5043]
[5044 5226]
[5227 5382]
[5383 5545]
[5546 5639]
[5640 5747]
[5748 5845]
[5846 5908]
[5909 6064]
[6065 6158]
[6159 6221]
[6222 6286]
[6287 6792]
[6793 6795]
[6796 6822]
[6823 7232]
[7233 7279]
[7280 7329]
[7330 7373]
[7374 7422]
[7423 7466]
[7467 7581]
[7582 7634]
[7635 7679]
[7680 7710]
[7711 7804]
[7805 7840]
[7841 7875]
[7876 7906]
[7907 7960]
[7961 8008]
[8009 8045]
[8046 8088]
[8089 8145]
[8146 8174]
[8175 8329]
[8330 8385]
[8386 8443]
[8444 8496]
[8497 8544]
[8545 8592]
[8593 8635]
[8636 8743]
[8744 8794]
[8795 8841]
[8842 8882]
[8883 8923]
[8924 8968]
[8969 8991]
[8992 9028]
[9029 9065]
[9066 9103]
[9104 9186]
[9187 9568]
[9569 9635]
[9636 9703]
[9704 9766]
[9767 9831]
[9832 9878]
[9879 9985]
[ 9986 10117]
[10118 10212]
[10213 10270]
[10271 10322]
[10323 10389]
[10390 10741]
[10742 10811]
[10812 10840]
[10841 10887]
[10888 10935]
[10936 11058]
[11059 11115]
[11116 11156]
[11157 11214]
[11215 11256]
[11257 11302]
[11303 11344]
[11345 11406]
[11407 11458]
[11459 11503]
[11504 11560]
[11561 11605]
[11606 11653]
[11654 11702]
[11703 11765]
[11766 11865]
[11866 12109]
[12110 12154]
[12155 12188]
[12189 12225]
[12226 12262]
[12263 12300]
[12301 12341]
[12342 12421]
[12422 12491]
[12492 12545]
[12546 12612]
[12613 12657]
[12658 12698]
[12699 12736]
[12737 12770]
[12771 12847]
[12848 12893]
[12894 13044]
[13045 13112]
[13113 13163]
[13164 13206]
[13207 13248]
[13249 13295]
[13296 13346]
[13347 13379]
[13380 13413]
[13414 13911]
[13912 14034]
[14035 14108]
[14109 14212]
[14213 14271]
[14272 14358]
[14359 14407]
[14408 14480]
[14481 14524]
[14525 14549]
[14550 14608]
[14609 14666]
[14667 14707]
[14708 14767]
[14768 14849]
[14850 14910]
[14911 14969]
[14970 15049]
[15050 15153]
[15154 15224]
[15225 15288]
[15289 15342]
[15343 15395]
[15396 15433]
[15434 15489]
[15490 15549]
[15550 15584]
[15585 15628]
[15629 15669]
[15670 15728]
[15729 15768]
[15769 15807]
[15808 15840]
[15841 15934]
[15935 16457]
[16458 16610]
[16611 16745]
[16746 16904]
[16905 17021]
[17022 17118]
[17119 17261]
[17262 17329]
[17330 17416]
[17417 17550]
[17551 17681]
[17682 17772]
[17773 17921]
[17922 18301]
[18302 18374]
[18375 18414]
[18415 18479]
[18480 18521]
[18522 18561]
[18562 18649]
[18650 18685]
[18686 18723]
[18724 18760]
[18761 18797]
[18798 18839]
[18840 18883]
[18884 18943]
[18944 18997]
[18998 19039]
[19040 19078]
[19079 19124]
[19125 19161]
[19162 19206]
[19207 19252]
[19253 19302]
[19303 19366]
[19367 19400]
[19401 19451]
[19452 19512]
[19513 19561]
[19562 19615]
[19616 19661]
[19662 19944]
[19945 20109]
[20110 20316]
[20317 20473]
[20474 20593]
[20594 20719]
[20720 20849]
[20850 21020]
[21021 21146]
[21147 21252]
[21253 21717]
[21718 21780]
[21781 21851]
[21852 21920]
[21921 21970]
[21971 22021]
[22022 22095]
[22096 22165]
[22166 22417]
[22418 22479]
[22480 22560]
[22561 22744]
[22745 22798]
[22799 22852]
[22853 22911]
[22912 22965]
[22966 23017]
[23018 23060]
[23061 23493]
[23494 23604]
[23605 23707]
[23708 23769]
[23770 23823]
[23824 23942]
[23943 24122]
[24123 24172]
[24173 24222]
[24223 24278]
[24279 24364]
[24365 24462]
[24463 24512]
[24513 24574]
[24575 24676]
[24677 24722]
[24723 24816]
[24817 24871]
[24872 24927]
[24928 24969]
[24970 25031]
[25032 25117]
[25118 25667]
[25668 25712]
[25713 25766]
[25767 25839]
[25840 25963]
[25964 26026]
[26027 26163]
[26164 26221]
[26222 26266]
[26267 26274]
[26275 26302]
[26303 26347]
[26348 26440]
[26441 26537]
[26538 26689]
[26690 26711]
[26712 26742]
[26743 26769]
[26770 26793]
[26794 26827]
[26828 26852]
[26853 26884]
[26885 26916]
[26917 26965]
[26966 27015]
[27016 27054]
[27055 27356]
[27357 27388]
[27389 27478]
[27479 27542]
[27543 27620]
[27621 27704]
[27705 27772]
[27773 27808]
[27809 27861]
[27862 27912]
[27913 27977]
[27978 28028]
[28029 28107]
[28108 28142]
[28143 28194]
[28195 28241]
[28242 28299]
[28300 28371]
[28372 28434]
[28435 28521]
[28522 28597]
[28598 28647]
[28648 29190]
[29191 29299]
