[  0 326]
[327 381]
[382 417]
[418 447]
[448 475]
[476 508]
[509 534]
[535 564]
[565 598]
[599 632]
[633 669]
[670 700]
[701 727]
[728 757]
[758 801]
[802 836]
[837 865]
[866 961]
[ 962 1349]
[1350 1444]
[1445 1497]
[1498 1555]
[1556 1617]
[1618 1683]
[1684 1743]
[1744 1815]
[1816 1867]
[1868 1943]
[1944 2011]
[2012 2101]
[2102 2158]
[2159 2207]
[2208 2295]
[2296 2359]
[2360 2422]
[2423 2502]
[2503 2554]
[2555 2636]
[2637 2704]
[2705 2778]
[2779 2842]
[2843 3361]
[3362 3417]
[3418 3459]
[3460 3515]
[3516 3558]
[3559 3608]
[3609 3647]
[3648 3672]
[3673 3840]
[3841 3884]
[3885 3917]
[3918 4086]
[4087 4347]
[4348 4433]
[4434 4503]
[4504 4539]
[4540 4577]
[4578 4647]
[4648 4701]
[4702 4755]
[4756 4834]
[4835 4880]
[4881 5282]
[5283 5373]
[5374 5451]
[5452 5530]
[5531 5607]
[5608 5685]
[5686 5763]
[5764 5841]
[5842 5918]
[5919 5995]
[5996 6073]
[6074 6141]
[6142 6196]
[6197 6268]
[6269 6317]
[6318 6355]
[6356 6396]
[6397 6431]
[6432 6498]
[6499 6577]
[6578 6654]
[6655 6732]
[6733 6799]
[6800 6906]
[6907 7263]
[7265 7335]
[7336 7390]
[7391 7430]
[7431 7498]
[7499 7552]
[7553 7596]
[7597 7640]
[7641 7689]
[7690 7781]
[7782 7867]
[7868 7906]
[7907 7930]
[7931 8012]
[8013 8062]
[8063 8106]
[8107 8146]
[8147 8297]
[8298 8355]
[8356 8407]
[8408 8467]
[8468 8551]
[8552 8587]
[8588 8659]
[8660 8773]
[8774 8824]
[8825 8871]
[8872 8912]
[8913 8953]
[8954 9018]
[9019 9063]
[9064 9114]
[9115 9212]
[9213 9596]
[9597 9667]
[9668 9742]
[9743 9818]
[9819 9893]
[9894 9968]
[ 9969 10034]
[10035 10111]
[10112 10179]
[10180 10249]
[10250 10313]
[10314 10649]
[10650 10747]
[10748 10799]
[10800 10874]
[10875 10964]
[10965 11020]
[11021 11109]
[11110 11410]
[11411 11499]
[11500 11580]
[11581 11653]
[11654 11709]
[11710 11772]
[11773 11856]
[11857 11902]
[11903 11974]
[11975 12261]
[12262 12560]
[12561 12694]
[12695 12728]
[12729 12884]
[12885 13009]
[13010 13355]
[13356 13794]
[13795 13861]
[13862 13927]
[13928 14005]
[14006 14083]
[14084 14152]
[14153 14220]
[14221 14334]
[14335 14370]
[14371 14425]
[14426 14477]
[14478 14674]
[14675 14792]
[14793 14843]
[14844 14890]
[14891 14931]
[14932 14972]
[14973 15037]
[15038 15082]
[15083 15138]
[15139 15233]
[15234 15729]
[15730 15826]
[15827 15910]
[15911 16012]
[16013 16076]
[16077 16122]
[16123 16172]
[16173 16233]
[16234 16268]
[16269 16317]
[16318 16371]
[16372 16431]
[16432 16499]
[16500 16586]
[16587 16696]
[16697 16773]
[16774 16850]
[16851 17169]
[17170 17394]
[17395 17510]
[17511 17635]
[17636 17703]
[17704 17811]
[17812 17895]
[17896 17990]
[17991 18053]
[18054 18178]
[18179 18253]
[18254 18367]
[18368 18472]
[18473 18520]
[18521 18585]
[18586 18659]
[18660 18992]
[18993 19059]
[19060 19122]
[19123 19171]
[19172 19233]
[19234 19299]
[19300 19356]
[19357 19652]
[19653 19691]
[19692 19755]
[19756 19805]
[19806 19912]
[19913 19996]
[19997 20075]
[20076 20499]
[20500 20557]
[20558 20628]
[20629 20704]
[20705 20767]
[20768 20854]
[20855 21066]
[21067 21121]
[21122 21187]
[21188 21294]
[21295 21343]
[21344 21459]
[21460 21503]
[21504 21551]
[21552 21556]
[21557 21598]
[21599 21648]
[21649 21697]
[21698 21754]
[21755 21793]
[21794 21828]
[21829 21863]
[21864 22118]
[22119 22293]
[22294 22506]
[22507 22603]
[22604 22806]
[22807 23040]
[23041 23285]
[23286 23433]
[23434 23618]
[23619 23678]
[23679 23801]
[23802 23862]
[23863 23967]
[23969 24126]
[24127 24214]
[24215 24362]
[24363 24544]
[24545 24628]
[24629 24709]
[24710 24761]
[24762 24802]
[24803 24979]
[24980 25019]
[25020 25104]
[25105 25178]
[25179 25243]
[25244 25340]
[25341 25370]
[25372 25421]
[25422 25461]
[25462 25541]
[25542 25628]
[25629 25675]
[25676 25765]
[25766 25820]
[25821 25909]
[25910 25964]
[25965 26003]
[26004 26112]
[26113 26176]
[26177 26260]
[26261 26348]
[26349 26537]
[26538 26621]
[26622 26677]
[26678 27037]
[27038 27143]
[27144 27260]
[27261 27362]
[27363 27461]
[27462 27570]
[27571 27678]
[27679 27787]
[27788 27879]
[27880 27970]
[27971 28100]
[28101 28142]
[28143 28175]
[28176 28230]
[28231 28574]
[28575 28679]
