[ 0 17]
[ 18 284]
[285 340]
[341 385]
[386 424]
[425 510]
[511 550]
[551 581]
[582 633]
[634 671]
[672 754]
[755 791]
[792 825]
[826 920]
[ 921 1364]
[1365 1412]
[1413 1467]
[1468 1513]
[1514 1579]
[1580 1645]
[1646 1670]
[1671 1838]
[1839 1989]
[1990 2040]
[2041 2079]
[2080 2105]
[2106 2149]
[2150 2194]
[2195 2240]
[2241 2278]
[2279 2308]
[2309 2453]
[2454 2486]
[2487 2546]
[2547 2601]
[2602 2631]
[2632 2692]
[2693 2753]
[2754 2821]
[2822 2869]
[2870 2913]
[2914 3265]
[3266 3322]
[3323 3377]
[3378 3382]
[3383 3398]
[3399 3500]
[3501 3555]
[3556 3601]
[3602 3648]
[3649 3729]
[3730 3770]
[3771 3838]
[3839 3885]
[3886 3937]
[3938 4021]
[4022 4079]
[4080 4183]
[4184 4239]
[4240 4262]
[4263 4287]
[4288 4336]
[4337 4379]
[4380 4423]
[4424 4961]
[4963 5028]
[5029 5085]
[5086 5140]
[5141 5183]
[5184 5221]
[5222 5362]
[5363 5416]
[5417 5486]
[5487 5598]
[5599 5656]
[5657 5732]
[5733 5804]
[5805 5885]
[5886 5948]
[5949 6013]
[6014 6123]
[6124 6200]
[6201 6240]
[6241 6305]
[6306 6345]
[6346 6385]
[6386 6433]
[6434 6973]
[6974 7048]
[7049 7085]
[7086 7120]
[7121 7175]
[7176 7302]
[7303 7324]
[7325 7389]
[7390 7447]
[7448 7472]
[7473 7528]
[7529 7582]
[7583 7634]
[7635 7655]
[7656 7691]
[7692 7728]
[7729 7767]
[7768 7801]
[7802 7908]
[7909 7944]
[7945 8070]
[8071 8133]
[8134 8193]
[8194 8245]
[8246 8308]
[8309 8345]
[8346 8381]
[8382 8420]
[8421 8445]
[8446 8493]
[8494 8596]
[8597 8654]
[8655 8703]
[8704 8776]
[8777 8849]
[8850 8914]
[8915 9035]
[9036 9244]
[9245 9331]
[9332 9384]
[9385 9432]
[9433 9512]
[9513 9555]
[9556 9603]
[9604 9648]
[9649 9694]
[9695 9715]
[9716 9781]
[9782 9827]
[9828 9897]
[9898 9951]
[ 9952 10004]
[10005 10059]
[10060 10141]
[10142 10353]
[10354 10438]
[10439 10487]
[10488 10537]
[10538 10577]
[10578 10633]
[10634 10689]
[10690 10731]
[10732 10774]
[10775 10847]
[10848 10897]
[10898 10937]
[10938 11000]
[11001 11052]
[11053 11320]
[11321 11390]
[11391 11467]
[11468 11506]
[11507 11557]
[11558 11602]
[11603 11686]
[11687 11796]
[11797 11844]
[11845 11914]
[11915 11979]
[11980 12029]
[12030 12187]
[12188 12248]
[12249 12313]
[12314 12367]
[12368 12432]
[12433 12471]
[12472 12505]
[12506 12626]
[12627 12825]
[12826 13043]
[13045 13119]
[13120 13190]
[13191 13236]
[13237 13281]
[13282 13333]
[13334 13387]
[13388 13515]
[13516 13622]
[13623 13732]
[13733 13816]
[13817 13859]
[13860 13901]
[13902 13977]
[13978 14071]
[14072 14150]
[14151 14277]
[14278 14359]
[14360 14417]
[14418 14457]
[14458 14514]
[14515 14568]
[14569 14639]
[14640 15029]
[15031 15105]
[15106 15186]
[15187 15272]
[15273 15364]
[15365 15426]
[15427 15478]
[15479 15537]
[15538 15585]
[15586 15680]
[15681 15728]
[15729 15781]
[15782 15823]
[15824 15898]
[15899 15962]
[15963 16022]
[16023 16072]
[16073 16092]
[16093 16163]
[16164 16223]
[16224 16641]
[16642 16818]
[16819 16883]
[16884 16955]
[16956 17113]
[17114 17206]
[17207 17302]
[17303 17335]
[17336 17392]
[17393 17552]
[17553 17576]
[17577 17626]
[17627 17743]
[17744 18050]
[18051 18068]
[18069 18140]
[18141 18165]
[18166 18211]
[18212 18274]
[18275 18342]
[18343 18401]
[18402 18443]
[18444 18488]
[18489 18529]
[18530 18782]
[18783 18844]
[18845 18903]
[18904 18944]
[18945 18987]
[18988 19042]
[19043 19168]
[19169 19224]
[19225 19291]
[19292 19349]
[19350 19405]
[19406 19452]
[19453 19504]
[19505 19549]
[19550 19657]
[19658 19723]
[19724 19838]
[19840 19923]
[19924 19973]
[19974 20050]
[20051 20082]
[20083 20140]
[20141 20184]
[20185 20218]
[20219 20259]
[20260 20327]
[20328 20356]
[20357 20385]
[20386 20402]
[20403 20436]
[20437 20483]
[20484 20503]
[20504 20541]
[20542 20572]
[20573 20626]
[20627 20671]
[20672 20723]
[20724 20910]
[20911 20944]
[20945 20980]
[20981 21018]
[21019 21103]
[21104 21160]
[21161 21365]
[21366 21476]
[21477 21541]
[21542 21695]
[21696 21978]
[21979 22022]
[22023 22090]
[22091 22149]
[22150 22188]
[22189 22256]
[22257 22287]
[22288 22682]
[22683 22783]
