[ 0 14]
[ 15 391]
[392 442]
[443 474]
[475 508]
[509 536]
[537 569]
[570 603]
[604 636]
[637 668]
[669 693]
[694 730]
[731 761]
[762 788]
[789 818]
[819 862]
[863 897]
[898 926]
[ 927 1019]
[1020 1778]
[1779 1954]
[1955 2064]
[2065 2107]
[2108 2203]
[2204 2292]
[2293 2366]
[2367 2431]
[2432 2504]
[2505 2507]
[2508 2591]
[2592 2611]
[2612 2697]
[2698 2727]
[2728 2795]
[2796 2851]
[2852 2882]
[2883 3029]
[3030 3097]
[3098 3154]
[3155 3207]
[3208 3245]
[3246 3772]
[3773 3802]
[3803 3869]
[3870 3942]
[3943 3995]
[3996 4049]
[4050 4086]
[4087 4132]
[4133 4186]
[4187 4249]
[4250 4343]
[4344 4394]
[4395 4477]
[4478 4548]
[4549 4587]
[4588 4639]
[4640 4688]
[4689 4737]
[4738 4828]
[4829 4870]
[4871 4916]
[4917 4952]
[4953 5045]
[5046 5104]
[5105 5153]
[5154 5209]
[5210 5272]
[5273 5387]
[5388 5653]
[5654 5694]
[5695 5755]
[5756 5794]
[5795 5833]
[5834 5871]
[5872 5913]
[5914 5975]
[5976 6018]
[6019 6064]
[6065 6109]
[6110 6159]
[6160 6244]
[6245 6379]
[6380 6430]
[6431 6503]
[6504 6532]
[6533 6575]
[6576 6688]
[6689 6732]
[6733 6878]
[6879 6963]
[6964 7292]
[7293 7324]
[7325 7366]
[7367 7433]
[7434 7729]
[7730 8246]
[8247 8322]
[8323 8435]
[8436 8486]
[8487 8537]
[8538 8584]
[8585 8625]
[8626 8666]
[8667 8700]
[8701 8734]
[8735 8771]
[8772 8810]
[8811 8845]
[8846 8927]
[8928 9248]
[9249 9567]
[9568 9758]
[9759 9945]
[ 9946 10150]
[10151 10439]
[10440 10503]
[10504 10649]
[10650 10781]
[10782 10814]
[10815 11037]
[11038 11344]
[11345 11395]
[11396 11474]
[11475 11528]
[11529 11863]
[11864 11901]
[11902 11982]
[11983 12052]
[12053 12108]
[12109 12185]
[12186 12296]
[12297 12336]
[12337 12391]
[12392 12441]
[12442 12494]
[12495 12779]
[12780 12833]
[12834 12889]
[12890 12951]
[12952 13011]
[13012 13075]
[13076 13134]
[13135 13171]
[13172 13245]
[13246 13297]
[13298 13359]
[13360 13406]
[13407 13462]
[13463 13522]
[13523 13579]
[13580 13636]
[13637 13670]
[13671 13727]
[13728 13781]
[13782 13826]
[13827 13879]
[13880 13933]
[13934 13984]
[13985 14030]
[14031 14069]
[14070 14113]
[14114 14171]
[14172 14223]
[14224 14269]
[14270 14375]
[14376 14765]
[14766 14840]
[14841 14974]
[14975 15015]
[15016 15077]
[15078 15330]
[15331 15392]
[15393 15436]
[15437 15478]
[15479 15548]
[15549 15590]
[15591 15657]
[15658 15701]
[15702 15727]
[15728 15931]
[15932 15972]
[15973 16015]
[16016 16089]
[16090 16119]
[16120 16159]
[16160 16199]
[16200 16233]
[16234 16651]
[16652 16721]
[16722 16779]
[16780 16828]
[16829 16869]
[16870 16924]
[16925 16974]
[16975 17015]
[17016 17078]
[17079 17136]
[17137 17200]
[17201 17251]
[17252 17368]
[17369 17443]
[17444 17501]
[17502 17592]
[17593 17646]
[17647 17689]
[17690 17740]
[17741 17793]
[17794 17849]
[17850 17909]
[17910 18021]
[18022 18361]
[18362 18421]
[18422 18475]
[18476 18521]
[18522 18644]
[18645 18714]
[18715 18775]
[18776 18859]
[18860 18906]
[18907 18943]
[18944 18983]
[18984 19030]
[19031 19298]
[19299 19388]
[19389 19475]
[19476 19531]
[19532 19565]
[19566 19605]
[19606 19642]
[19643 19717]
[19718 19773]
[19774 19804]
[19805 19886]
[19887 20009]
[20010 20055]
[20056 20114]
[20115 20151]
[20152 20212]
[20213 20249]
[20250 20300]
[20301 20353]
[20354 20398]
[20399 20475]
[20476 20848]
[20849 20934]
