[ 0 13]
[ 14 345]
[346 402]
[403 438]
[439 463]
[464 477]
[478 529]
[530 583]
[584 617]
[618 653]
[654 685]
[686 717]
[718 759]
[760 778]
[779 899]
[900 979]
[ 980 1569]
[1570 1599]
[1600 1644]
[1645 1697]
[1698 1732]
[1733 1779]
[1780 1810]
[1811 1855]
[1856 1912]
[1913 1964]
[1965 2009]
[2010 2070]
[2071 2133]
[2134 2195]
[2196 2281]
[2282 2356]
[2357 2450]
[2451 2524]
[2525 2599]
[2600 2681]
[2682 2774]
[2775 3349]
[3350 3691]
[3692 3820]
[3821 3888]
[3889 3960]
[3961 4067]
[4068 4158]
[4159 4308]
[4309 4688]
[4689 4746]
[4747 4819]
[4820 4894]
[4895 5018]
[5020 5122]
[5123 5183]
[5184 5387]
[5388 5444]
[5445 5489]
[5490 5547]
[5548 5583]
[5584 5637]
[5638 5702]
[5703 5764]
[5765 5837]
[5838 6153]
[6154 6228]
[6229 6318]
[6319 6398]
[6399 6459]
[6460 6503]
[6504 6552]
[6553 6630]
[6631 6665]
[6666 6706]
[6707 6743]
[6744 6854]
[6855 6922]
[6923 6970]
[6971 7006]
[7007 7065]
[7066 7224]
[7225 7371]
[7372 7520]
[7521 7642]
[7643 8001]
[8002 8071]
[8072 8133]
[8134 8195]
[8196 8268]
[8269 8326]
[8327 8386]
[8387 8491]
[8492 8554]
[8555 8616]
[8617 8701]
[8702 8754]
[8755 8787]
[8788 8876]
[8877 8932]
[8933 9029]
[9030 9123]
[9124 9271]
[9272 9395]
[9396 9429]
[9430 9481]
[9482 9532]
[9533 9575]
[9576 9635]
[9636 9688]
[9689 9741]
[9742 9836]
[ 9837 10120]
[10121 10182]
[10183 10253]
[10254 10316]
[10317 10395]
[10396 10455]
[10456 10562]
[10563 10663]
[10664 10742]
[10743 10974]
[10975 11060]
[11061 11158]
[11159 11243]
[11244 11293]
[11294 11346]
[11347 11454]
[11455 11529]
[11530 11576]
[11577 11606]
[11607 11651]
[11652 11783]
[11784 11823]
[11824 11975]
[11976 12070]
[12071 12168]
[12169 12240]
[12241 12293]
[12294 12617]
[12618 12668]
[12669 12702]
[12703 12752]
[12753 12789]
[12790 12928]
[12929 12976]
[12977 13062]
[13063 13156]
[13157 13210]
[13211 13347]
[13348 13405]
[13406 13468]
[13469 13492]
[13493 13546]
[13547 13607]
[13608 13686]
[13687 13758]
[13759 13840]
[13841 13911]
[13912 13968]
[13969 14224]
[14225 14285]
[14286 14347]
[14348 14424]
[14425 14492]
[14494 14595]
[14596 14780]
[14781 14882]
[14883 15281]
[15282 15342]
[15343 15396]
[15397 15474]
[15475 15544]
[15545 15634]
[15635 15696]
[15697 15761]
[15762 15845]
[15846 15900]
[15901 15964]
[15965 16123]
[16124 16188]
[16189 16249]
[16250 16315]
[16316 16364]
[16365 16418]
[16419 16465]
[16466 16785]
[16786 16954]
[16955 17046]
[17047 17121]
[17122 17244]
[17245 17430]
[17431 17502]
[17503 17567]
[17568 17638]
[17639 17672]
[17673 17743]
[17744 17757]
[17758 17862]
[17863 17965]
[17966 18235]
[18236 18654]
[18655 18715]
[18716 18810]
[18811 18942]
[18943 19098]
[19099 19270]
[19271 19397]
[19398 19484]
[19485 19977]
[19978 20050]
[20051 20096]
[20097 20143]
[20144 20192]
[20193 20244]
[20245 20364]
[20365 20519]
[20520 20610]
[20611 20659]
[20660 20723]
[20724 20786]
[20787 21067]
[21068 21151]
[21152 21222]
[21223 21267]
[21268 21344]
[21345 21393]
[21394 21489]
[21490 21569]
[21570 21604]
[21605 21665]
[21666 21711]
[21712 21744]
[21745 21826]
[21827 21938]
[21939 21970]
[21971 22016]
[22017 22163]
[22164 22240]
[22241 22536]
[22537 22582]
[22583 22627]
[22628 22641]
[22642 22716]
[22717 22781]
[22782 22823]
[22824 22871]
[22872 22970]
[22971 23073]
[23074 23238]
[23239 23297]
[23298 23343]
[23344 23415]
[23416 23454]
[23455 23542]
[23543 23606]
[23607 23717]
[23718 23750]
[23751 23842]
[23843 24077]
[24078 24119]
[24120 24223]
[24224 24261]
[24262 24294]
[24295 24380]
[24381 24467]
[24468 24726]
[24727 24838]
[24839 24881]
[24882 24906]
[24907 24996]
[24997 25092]
[25093 25136]
[25137 25293]
[25294 25311]
[25312 25456]
[25457 25489]
[25490 25579]
[25580 25621]
[25622 25738]
[25739 25807]
[25808 25942]
[25943 26039]
[26040 26108]
[26109 26178]
[26179 26239]
[26240 26314]
[26315 26391]
[26392 26463]
[26464 26523]
[26524 26591]
[26592 26677]
[26678 26726]
[26727 26778]
[26779 26819]
[26820 26894]
[26895 27282]
[27283 27340]
[27341 27404]
[27405 27465]
[27466 27527]
[27528 27710]
[27711 27775]
[27776 28104]
[28105 28184]
