[ 0 21]
[ 23 414]
[415 468]
[469 504]
[505 554]
[555 596]
[597 640]
[641 681]
[682 720]
[721 751]
[752 809]
[810 844]
[845 902]
[903 935]
[ 936 1045]
[1046 1468]
[1469 1546]
[1547 1617]
[1618 1683]
[1684 1758]
[1759 1810]
[1811 1885]
[1886 1922]
[1923 1962]
[1963 2030]
[2031 2071]
[2072 2142]
[2143 2167]
[2168 2203]
[2204 2256]
[2257 2316]
[2317 2353]
[2354 2399]
[2400 2548]
[2549 2609]
[2610 2655]
[2656 2682]
[2683 2755]
[2756 3012]
[3013 3078]
[3079 3153]
[3154 3228]
[3229 3275]
[3276 3315]
[3316 3400]
[3401 3454]
[3455 3537]
[3538 4056]
[4057 4108]
[4109 4149]
[4150 4187]
[4188 4252]
[4253 4285]
[4286 4331]
[4332 4381]
[4382 4432]
[4433 4460]
[4461 4495]
[4496 4542]
[4543 4582]
[4583 4639]
[4640 4683]
[4684 4716]
[4717 4738]
[4739 4798]
[4799 4832]
[4833 4884]
[4885 4922]
[4923 5006]
[5007 5066]
[5067 5105]
[5106 5155]
[5156 5211]
[5212 5650]
[5651 5762]
[5763 5793]
[5794 5857]
[5858 5922]
[5923 5961]
[5962 6062]
[6063 6094]
[6095 6147]
[6148 6187]
[6188 6262]
[6263 6285]
[6286 6315]
[6316 6342]
[6343 6379]
[6380 6462]
[6463 6505]
[6506 6545]
[6546 6574]
[6575 6677]
[6678 6709]
[6710 6738]
[6739 6786]
[6787 6816]
[6817 6873]
[6874 6903]
[6904 6966]
[6967 7014]
[7015 7080]
[7081 7111]
[7112 7148]
[7149 7302]
[7303 7369]
[7370 7422]
[7423 7482]
[7483 7545]
[7546 7625]
[7626 7742]
[7743 8021]
[8022 8070]
[8071 8214]
[8215 8350]
[8351 8463]
[8464 8612]
[8613 8772]
[8773 8993]
[8994 9095]
[9096 9161]
[9162 9269]
[9270 9354]
[9355 9377]
[9378 9451]
[9452 9524]
[9525 9582]
[9583 9633]
[9634 9686]
[9687 9940]
[9941 9997]
[ 9998 10057]
[10058 10141]
[10142 10197]
[10198 10272]
[10273 10339]
[10340 10444]
[10445 10552]
[10553 10665]
[10666 10759]
[10760 10844]
[10845 11110]
[11111 11207]
[11208 11287]
[11288 11367]
[11368 11420]
[11421 11454]
[11455 11522]
[11523 11607]
[11608 11674]
[11675 11882]
[11883 12132]
[12133 12216]
[12217 12336]
[12337 12395]
[12396 12425]
[12426 12483]
[12484 12534]
[12535 12629]
[12630 12808]
[12809 12968]
[12969 13003]
[13004 13127]
[13128 13178]
[13179 13245]
[13246 13310]
[13311 13362]
[13363 13407]
[13408 13444]
[13445 13479]
[13480 13569]
[13570 13732]
[13733 14010]
[14011 14063]
[14064 14147]
[14148 14194]
[14195 14267]
[14268 14320]
[14321 14372]
[14373 14460]
[14461 14524]
[14525 14596]
[14597 14663]
[14664 14740]
[14741 14801]
[14802 14981]
[14982 15027]
[15028 15180]
[15181 15236]
[15237 15316]
[15317 15408]
[15409 15460]
[15461 15802]
[15803 15961]
[15962 16022]
[16023 16159]
[16160 16229]
[16230 16327]
[16328 16540]
[16541 16588]
[16589 16670]
[16671 16716]
[16717 16837]
[16838 16905]
[16906 17028]
[17029 17546]
[17547 17644]
[17645 17829]
[17830 17886]
[17887 17928]
[17929 18002]
[18003 18071]
[18072 18107]
[18108 18154]
[18155 18200]
[18201 18238]
[18239 18288]
[18289 18339]
[18340 18412]
[18413 18512]
[18513 18636]
[18637 18780]
[18781 18860]
[18861 18899]
[18900 18949]
[18950 18990]
[18991 19041]
[19042 19115]
[19116 19199]
[19200 19223]
[19224 19253]
[19254 19285]
[19286 19302]
[19303 19343]
[19344 19488]
[19489 19554]
[19555 19602]
[19603 19656]
[19657 19716]
[19717 19754]
[19755 19786]
[19787 19822]
[19823 20264]
[20265 20340]
[20341 20398]
[20399 20449]
[20450 20521]
[20522 20551]
[20552 20598]
[20599 20785]
[20786 20855]
[20856 20908]
[20909 20966]
[20967 20992]
[20993 21063]
[21064 21134]
[21135 21201]
[21202 21248]
[21249 21331]
[21332 21413]
[21414 21473]
[21474 21578]
[21579 21694]
[21695 21746]
[21747 21794]
[21795 21818]
[21819 21935]
[21936 21973]
[21974 22009]
[22010 22033]
[22034 22060]
[22061 22316]
[22317 22369]
[22370 22411]
[22412 22447]
[22448 22487]
[22488 22552]
[22553 22618]
[22619 22743]
[22744 23079]
[23080 23177]
[23178 23383]
[23384 23447]
[23448 23507]
[23508 23567]
[23568 23617]
[23618 23771]
[23772 23809]
[23810 23852]
[23853 23911]
[23912 23981]
[23982 24041]
[24042 24150]
[24151 24479]
[24480 24534]
[24535 24701]
[24702 24785]
[24786 24874]
[24875 24982]
[24983 25033]
[25034 25134]
[25135 25250]
[25251 25597]
[25598 25700]
