[0 7]
[  8 316]
[317 370]
[371 407]
[408 434]
[435 457]
[458 497]
[498 526]
[527 553]
[554 574]
[575 598]
[599 621]
[622 653]
[654 670]
[671 693]
[694 719]
[720 737]
[738 790]
[ 791 1158]
[1159 1233]
[1234 1280]
[1281 1313]
[1314 1388]
[1389 1426]
[1427 1489]
[1490 1574]
[1575 1641]
[1642 1716]
[1717 1762]
[1763 1851]
[1852 1892]
[1893 1962]
[1963 2067]
[2068 2131]
[2132 2203]
[2204 2248]
[2249 2296]
[2297 2396]
[2397 2482]
[2483 2566]
[2567 2640]
[2641 3024]
[3025 3080]
[3081 3127]
[3128 3174]
[3175 3223]
[3224 3275]
[3276 3305]
[3306 3339]
[3340 3387]
[3388 3510]
[3511 3567]
[3568 3597]
[3598 3631]
[3632 3667]
[3668 3726]
[3727 3810]
[3811 3860]
[3861 3913]
[3914 3965]
[3966 4020]
[4021 4088]
[4089 4145]
[4146 4201]
[4202 4263]
[4264 4321]
[4322 4356]
[4357 4687]
[4688 4754]
[4755 4781]
[4782 4847]
[4848 4966]
[4967 4991]
[4992 5014]
[5015 5043]
[5044 5077]
[5078 5102]
[5103 5129]
[5130 5188]
[5189 5305]
[5306 5351]
[5352 5437]
[5438 5485]
[5486 5514]
[5515 5559]
[5560 5649]
[5650 5682]
[5683 5741]
[5742 5828]
[5829 5922]
[5923 5992]
[5993 6067]
[6068 6108]
[6109 6171]
[6172 6458]
[6459 6479]
[6480 6547]
[6548 6655]
[6656 6732]
[6733 6805]
[6806 6838]
[6839 6899]
[6900 6936]
[6937 7004]
[7005 7164]
[7165 7233]
[7234 7283]
[7284 7341]
[7342 7397]
[7398 7524]
[7525 7589]
[7590 7652]
[7653 7736]
[7737 7966]
[7968 8207]
[8208 8455]
[8456 8499]
[8500 8557]
[8558 8607]
[8608 8665]
[8666 8702]
[8703 8734]
[8735 8839]
[8840 8955]
[8956 8986]
[8987 9075]
[9076 9367]
[9368 9405]
[9406 9444]
[9445 9475]
[9476 9515]
[9516 9560]
[9561 9597]
[9598 9685]
[9686 9744]
[9745 9797]
[9798 9837]
[9838 9885]
[9886 9944]
[9945 9998]
[ 9999 10037]
[10038 10079]
[10080 10118]
[10119 10158]
[10159 10196]
[10197 10227]
[10228 10264]
[10265 10327]
[10328 10372]
[10373 10412]
[10413 10482]
[10483 10538]
[10539 10592]
[10593 10645]
[10646 10702]
[10703 10765]
[10766 10796]
[10797 10862]
[10863 10914]
[10915 10951]
[10952 10996]
[10997 11028]
[11029 11058]
[11059 11094]
[11095 11142]
[11143 11180]
[11181 11214]
[11215 11346]
[11347 11627]
[11628 11709]
[11710 11784]
[11785 11882]
[11883 11942]
[11943 12003]
[12004 12087]
[12088 12150]
[12151 12210]
[12211 12263]
[12264 12327]
[12328 12392]
[12393 12457]
[12458 12516]
[12517 12603]
[12604 12660]
[12661 12696]
[12697 12980]
[12981 13074]
[13075 13122]
[13123 13197]
[13198 13363]
[13364 13463]
[13464 13573]
[13574 13714]
[13715 13833]
[13834 14012]
[14013 14087]
[14088 14157]
[14158 14455]
[14456 14531]
[14532 14605]
[14606 14697]
[14698 14755]
[14756 14854]
[14855 14966]
[14967 15021]
[15022 15075]
[15076 15161]
[15162 15223]
[15224 15291]
[15292 15340]
[15341 15673]
[15674 15741]
[15742 15816]
[15817 15899]
[15900 15959]
[15960 16085]
[16086 16250]
[16251 16325]
[16326 16399]
[16400 16457]
[16458 16524]
[16525 16574]
[16575 16622]
[16623 16693]
[16694 16842]
[16843 16884]
[16885 16932]
[16933 17006]
[17007 17392]
[17393 17452]
[17453 17637]
[17638 17695]
[17696 17722]
[17723 17766]
[17767 17809]
[17810 17855]
[17856 17919]
[17920 17996]
[17997 18054]
[18055 18097]
[18098 18131]
[18132 18177]
[18178 18261]
[18262 18308]
[18309 18331]
[18332 18377]
[18378 18439]
[18440 18493]
[18494 18562]
[18563 18603]
[18604 18635]
[18636 18673]
[18674 18736]
[18737 18774]
[18775 18807]
[18808 18937]
[18938 19275]
[19276 19382]
[19383 19504]
[19505 19756]
[19757 19879]
[19880 19931]
[19932 20018]
[20019 20124]
[20125 20530]
[20531 20630]
[20631 20738]
[20739 21092]
[21093 21150]
[21151 21198]
[21199 21238]
[21239 21288]
[21289 21335]
[21336 21445]
[21446 21606]
[21607 21656]
[21657 21694]
[21695 21725]
[21726 21752]
[21753 21805]
[21806 21845]
[21846 21886]
[21887 21939]
[21940 21980]
[21981 22030]
[22031 22149]
[22150 22203]
[22204 22597]
[22598 22645]
[22646 22684]
[22685 22766]
[22767 22816]
[22817 22868]
[22869 22958]
[22959 23024]
[23025 23080]
[23081 23133]
[23134 23219]
[23220 23300]
[23301 23374]
[23375 23426]
[23427 23462]
[23463 23506]
[23507 23562]
[23563 23601]
[23602 23645]
[23646 23718]
[23719 23762]
[23763 23837]
[23838 23887]
[23888 23976]
[23977 24387]
[24388 24444]
[24445 24486]
[24487 24532]
[24533 24565]
[24566 24613]
[24614 24636]
[24637 24694]
[24695 24746]
[24747 24791]
[24792 24839]
[24840 24880]
[24881 24923]
[24924 24956]
[24957 24998]
[24999 25034]
[25035 25078]
[25079 25122]
[25123 25160]
[25161 25196]
[25197 25232]
[25233 25272]
[25273 25307]
[25309 25665]
[25667 25739]
[25740 25788]
[25789 25830]
[25831 25896]
[25897 25945]
[25946 26078]
[26079 26122]
[26123 26224]
[26225 26295]
[26296 26346]
[26347 26399]
[26400 26441]
[26442 26513]
[26514 26558]
[26559 26602]
[26603 26665]
[26666 26897]
[26898 27088]
[27089 27147]
[27148 27208]
[27209 27782]
[27783 27880]
[27881 28058]
[28059 28187]
[28188 28319]
[28320 28417]
[28418 28484]
[28485 28645]
[28646 28773]
[28774 28872]
[28873 28944]
[28945 29115]
[29116 29161]
[29162 29281]
[29282 29460]
[29461 29547]
[29549 29623]
[29624 29675]
[29676 29732]
[29733 29790]
[29791 29859]
[29860 29906]
[29907 29960]
[29961 30021]
[30022 30090]
[30091 30131]
[30132 30177]
[30178 30235]
[30236 30295]
[30296 30357]
[30358 30416]
[30417 30477]
[30478 30555]
[30556 30595]
[30596 30676]
[30677 30719]
[30720 30755]
[30756 31110]
[31111 31507]
[31508 31548]
[31549 31764]
[31765 31789]
[31790 31850]
[31851 32101]
[32102 32179]
[32180 32548]
[32549 32642]
