[ 0 24]
[ 25 272]
[273 322]
[323 350]
[351 378]
[379 449]
[450 484]
[485 518]
[519 550]
[551 573]
[574 609]
[610 637]
[638 672]
[673 700]
[701 743]
[744 779]
[780 810]
[811 904]
[ 905 1355]
[1356 1413]
[1414 1461]
[1462 1539]
[1540 1645]
[1646 1770]
[1771 1885]
[1886 1933]
[1934 1996]
[1997 2117]
[2118 2147]
[2148 2186]
[2187 2243]
[2244 2285]
[2286 2349]
[2350 2375]
[2376 2425]
[2426 2453]
[2454 2481]
[2482 2511]
[2512 3077]
[3078 3106]
[3107 3168]
[3169 3229]
[3230 3308]
[3309 3387]
[3388 3454]
[3455 3498]
[3499 3540]
[3541 3611]
[3612 3732]
[3733 3771]
[3772 3824]
[3825 3884]
[3885 3927]
[3928 3985]
[3986 4031]
[4032 4092]
[4093 4154]
[4155 4236]
[4237 4662]
[4663 4786]
[4787 4836]
[4837 4856]
[4857 4904]
[4905 4986]
[4987 5027]
[5028 5087]
[5088 5119]
[5120 5159]
[5160 5212]
[5213 5273]
[5274 5323]
[5324 5394]
[5395 5452]
[5453 5626]
[5627 5795]
[5796 5843]
[5844 5886]
[5887 5946]
[5947 5998]
[5999 6051]
[6052 6109]
[6110 6161]
[6162 6195]
[6196 6533]
[6534 6690]
[6691 6740]
[6741 6806]
[6807 6874]
[6875 6934]
[6935 6978]
[6979 7023]
[7024 7106]
[7107 7178]
[7179 7219]
[7220 7290]
[7291 7371]
[7372 7416]
[7417 7470]
[7471 7544]
[7545 7605]
[7606 7631]
[7632 7950]
[7951 8020]
[8021 8090]
[8091 8154]
[8155 8219]
[8220 8282]
[8283 8345]
[8346 8411]
[8412 8474]
[8475 8533]
[8534 8599]
[8600 8641]
[8642 8706]
[8707 8758]
[8759 8778]
[8779 8795]
[8796 8803]
[8804 8819]
[8820 8834]
[8835 8852]
[8853 8877]
[8878 8909]
[8910 8937]
[8938 8961]
[8962 8976]
[8977 9014]
[9015 9031]
[9032 9059]
[9060 9071]
[9072 9378]
[9379 9533]
[9534 9632]
[9633 9740]
[ 9741 10057]
[10058 10337]
[10338 10464]
[10465 10565]
[10566 10717]
[10718 10997]
[10998 11078]
[11079 11151]
[11152 11223]
[11224 11276]
[11277 11322]
[11323 11382]
[11383 11438]
[11439 11480]
[11481 11532]
[11533 11596]
[11597 11658]
[11659 11701]
[11702 11740]
[11741 11795]
[11796 11886]
[11887 11941]
[11942 11995]
[11996 12056]
[12057 12110]
[12111 12157]
[12158 12186]
[12187 12223]
[12224 12277]
[12278 12345]
[12346 12406]
[12407 12465]
[12466 12552]
[12553 12623]
[12624 12681]
[12682 12733]
[12734 12801]
[12802 12855]
[12856 12906]
[12907 12978]
[12979 13009]
[13010 13035]
[13036 13075]
[13076 13154]
[13155 13202]
[13203 13292]
[13293 13566]
[13567 13712]
[13713 13832]
[13833 13924]
[13925 14028]
[14029 14101]
[14102 14153]
[14154 14283]
[14284 14347]
[14348 14452]
[14453 14537]
[14538 14618]
[14619 14686]
[14687 14746]
[14747 14822]
[14823 14879]
[14880 15007]
[15008 15282]
[15283 15347]
[15348 15418]
[15419 15479]
[15480 15551]
[15552 15620]
[15621 15776]
[15777 15969]
[15970 16019]
[16020 16120]
[16121 16192]
[16193 16405]
[16406 16467]
[16468 16507]
[16508 16561]
[16562 16595]
[16596 16658]
[16659 16967]
[16968 17061]
[17062 17145]
[17146 17251]
[17252 17363]
[17364 17399]
[17400 17479]
[17480 17702]
[17703 17780]
[17781 17863]
[17864 17927]
[17928 17993]
[17994 18052]
[18053 18095]
[18096 18140]
[18141 18185]
[18186 18235]
[18236 18278]
[18279 18641]
[18642 18708]
[18709 18886]
[18887 19014]
[19015 19164]
[19165 19348]
[19349 19421]
[19422 19495]
[19496 19588]
[19589 19726]
[19727 20106]
[20107 20255]
[20256 20339]
[20340 20451]
[20452 20538]
[20539 20673]
[20674 20748]
[20749 20931]
[20932 20983]
[20984 21032]
[21033 21084]
[21085 21181]
[21182 21216]
[21217 21246]
[21247 21592]
[21593 21723]
[21724 21844]
[21845 21889]
[21890 22347]
[22348 22505]
[22506 22548]
[22549 22568]
[22569 22633]
[22634 22813]
[22814 22863]
[22864 22961]
[22962 23040]
[23041 23155]
[23156 23240]
[23241 23324]
[23325 23360]
[23361 23547]
[23548 23590]
[23591 23634]
[23635 23689]
[23690 23806]
[23807 23890]
[23891 23967]
[23968 24061]
[24062 24093]
[24094 24152]
[24153 24205]
[24206 24274]
[24275 24336]
[24337 24380]
[24381 24749]
[24750 24918]
[24919 25167]
[25168 25306]
[25307 25527]
[25528 25899]
[25901 25987]
