[ 0 21]
[ 22 288]
[289 340]
[341 385]
[386 433]
[434 467]
[468 519]
[520 551]
[552 592]
[593 622]
[623 673]
[674 718]
[719 784]
[785 819]
[820 919]
[ 920 1285]
[1286 1332]
[1333 1441]
[1442 1499]
[1500 1551]
[1552 1726]
[1727 1767]
[1768 1813]
[1814 1884]
[1885 2082]
[2083 2295]
[2296 2362]
[2363 2430]
[2431 2529]
[2530 2856]
[2857 2915]
[2916 2968]
[2969 3027]
[3028 3098]
[3099 3361]
[3362 3429]
[3430 3697]
[3698 3778]
[3779 3895]
[3896 3934]
[3935 3987]
[3988 4054]
[4055 4117]
[4118 4163]
[4164 4223]
[4224 4261]
[4262 4823]
[4824 4872]
[4873 4897]
[4898 4954]
[4955 5017]
[5018 5077]
[5078 5122]
[5123 5169]
[5170 5390]
[5391 5455]
[5456 5521]
[5522 5552]
[5553 5595]
[5596 5639]
[5640 5739]
[5740 5806]
[5807 5866]
[5867 5918]
[5919 5975]
[5976 6041]
[6042 6119]
[6120 6525]
[6526 6568]
[6569 6618]
[6619 6650]
[6651 6692]
[6693 6793]
[6794 7107]
[7108 7188]
[7189 7213]
[7214 7249]
[7250 7282]
[7283 7316]
[7317 7443]
[7444 7540]
[7541 7583]
[7584 7636]
[7637 7701]
[7702 7726]
[7727 7785]
[7786 8163]
[8164 8224]
[8225 8326]
[8327 8365]
[8366 8443]
[8444 8622]
[8623 8771]
[8772 8836]
[8837 8902]
[8903 9050]
[9051 9139]
[9140 9190]
[9191 9237]
[9238 9280]
[9281 9362]
[9363 9485]
[9486 9567]
[9568 9635]
[ 9636 10226]
[10227 10262]
[10263 10306]
[10307 10358]
[10359 10386]
[10387 10414]
[10415 10492]
[10493 10576]
[10577 10753]
[10754 10831]
[10832 10868]
[10869 10931]
[10932 11037]
[11038 11060]
[11061 11084]
[11085 11147]
[11148 11189]
[11190 11451]
[11452 11721]
[11722 11898]
[11899 12217]
[12218 12336]
[12337 12409]
[12410 12504]
[12505 12649]
[12650 12750]
[12751 12871]
[12872 13372]
[13373 13544]
[13545 13703]
[13704 13983]
[13984 14080]
[14081 14145]
[14146 14176]
[14177 14274]
[14275 14360]
[14361 14459]
[14460 14549]
[14550 14649]
[14650 14731]
[14732 14772]
[14773 14801]
[14802 14914]
[14915 14932]
[14933 15001]
[15002 15050]
[15051 15495]
[15496 15613]
[15614 15735]
[15736 15857]
[15858 15984]
[15985 16059]
[16060 16106]
[16107 16212]
[16213 16284]
[16285 16341]
[16342 16403]
[16404 16460]
[16461 16527]
[16528 16550]
[16551 16589]
[16590 16607]
[16608 16629]
[16630 16648]
[16649 16670]
[16671 16781]
[16782 17074]
[17075 17171]
[17172 17293]
[17294 17444]
[17445 17608]
[17609 17715]
[17716 17890]
[17891 18035]
[18036 18169]
[18170 18540]
[18541 18611]
[18612 18667]
[18668 18746]
[18747 18817]
[18818 18903]
[18904 18981]
[18982 19046]
[19047 19112]
[19113 19142]
[19143 19192]
[19193 19269]
[19270 19299]
[19300 19344]
[19345 19437]
[19438 19529]
[19530 19727]
[19728 19847]
[19848 19930]
[19931 20025]
[20026 20062]
[20063 20131]
[20132 20166]
[20167 20216]
[20217 20254]
[20255 20293]
[20294 20332]
[20333 20463]
[20464 20522]
[20523 20886]
[20887 21001]
[21002 21044]
[21045 21098]
[21099 21164]
[21165 21250]
[21251 21655]
[21656 21735]
[21736 21844]
[21845 21901]
[21902 21957]
[21958 21977]
[21978 22030]
[22031 22144]
[22145 22196]
[22197 22337]
[22338 22415]
[22416 22443]
[22444 22537]
[22538 22798]
[22799 22983]
[22984 23093]
[23094 23132]
[23133 23242]
[23243 23263]
[23264 23373]
[23374 23429]
[23430 23483]
[23484 23519]
[23520 23585]
[23586 23627]
[23628 23713]
[23714 23834]
[23835 23892]
[23893 24167]
[24168 24231]
[24232 24300]
[24301 24361]
[24362 24419]
[24420 24499]
[24500 24569]
[24570 24734]
[24735 25155]
[25156 25243]
