[ 0 13]
[ 14 365]
[366 395]
[396 406]
[407 432]
[433 454]
[455 493]
[494 524]
[525 550]
[551 580]
[581 617]
[618 647]
[648 697]
[698 722]
[723 741]
[742 789]
[790 819]
[820 849]
[850 942]
[ 943 1531]
[1532 1570]
[1571 1606]
[1607 1653]
[1654 1693]
[1694 1729]
[1730 1776]
[1777 1804]
[1805 1836]
[1837 1875]
[1876 1909]
[1910 1938]
[1939 1968]
[1969 2030]
[2031 2080]
[2081 2132]
[2133 2167]
[2168 2201]
[2202 2275]
[2276 2304]
[2305 2336]
[2337 2343]
[2344 2363]
[2364 2465]
[2466 2513]
[2514 2541]
[2542 2580]
[2581 2595]
[2596 2650]
[2651 2712]
[2713 2755]
[2756 2783]
[2784 2812]
[2813 2877]
[2878 2923]
[2924 2951]
[2952 2991]
[2992 3038]
[3039 3074]
[3075 3099]
[3100 3137]
[3138 3170]
[3171 3264]
[3265 3348]
[3349 3403]
[3404 3447]
[3448 3476]
[3477 3502]
[3503 3535]
[3536 3565]
[3566 3618]
[3619 3687]
[3688 3734]
[3735 3781]
[3782 3822]
[3823 3847]
[3848 3880]
[3881 3960]
[3961 3990]
[3991 4044]
[4045 4512]
[4513 4655]
[4656 4703]
[4704 4734]
[4735 4786]
[4787 4864]
[4865 4957]
[4958 5016]
[5017 5040]
[5041 5116]
[5117 5147]
[5148 5216]
[5217 5374]
[5375 5396]
[5397 5451]
[5452 5511]
[5512 5558]
[5559 5881]
[5882 5947]
[5948 6150]
[6151 6207]
[6208 6277]
[6278 6328]
[6329 6371]
[6372 6413]
[6414 6452]
[6453 6912]
[6913 7025]
[7026 7102]
[7103 7318]
[7319 7415]
[7416 7479]
[7480 7550]
[7551 7625]
[7626 7725]
[7726 7877]
[7878 8074]
[8075 8134]
[8135 8203]
[8204 8266]
[8267 8343]
[8344 8389]
[8390 8438]
[8439 8494]
[8495 8557]
[8558 8628]
[8629 8702]
[8703 9210]
[9212 9334]
[9335 9365]
[9366 9551]
[9552 9688]
[9689 9771]
[9772 9807]
[9808 9872]
[9873 9882]
[9883 9925]
[9926 9948]
[ 9949 10125]
[10126 10296]
[10297 10354]
[10355 10405]
[10406 10476]
[10477 10528]
[10529 10605]
[10606 10634]
[10635 10682]
[10683 10727]
[10728 10798]
[10799 10857]
[10858 10883]
[10884 11176]
[11177 11260]
[11261 11344]
[11345 11408]
[11409 11493]
[11494 11610]
[11611 11675]
[11676 11710]
[11711 11773]
[11774 11835]
[11836 11915]
[11916 11966]
[11967 12065]
[12066 12137]
[12138 12170]
[12171 12233]
[12234 12310]
[12311 12348]
[12349 12406]
[12407 12457]
[12458 12513]
[12514 12541]
[12542 12582]
[12583 12615]
[12616 12694]
[12695 12744]
[12745 12797]
[12798 12815]
[12816 12865]
[12866 12957]
[12958 13301]
[13302 13437]
[13438 13562]
[13563 13687]
[13688 13812]
[13813 14049]
[14050 14110]
[14111 14463]
[14464 14533]
[14534 14569]
[14570 14625]
[14626 14657]
[14658 14702]
[14703 14757]
[14758 14877]
[14878 14907]
[14908 14958]
[14959 14971]
[14972 15030]
[15031 15095]
[15096 15153]
[15154 15266]
[15267 15331]
[15332 15379]
[15380 15413]
[15414 15456]
[15457 15487]
[15488 15844]
[15845 16121]
[16122 16329]
[16330 16403]
[16404 16459]
[16460 16477]
[16478 16541]
[16542 16581]
[16582 16629]
[16630 16680]
[16681 16728]
[16729 16790]
[16791 16854]
[16855 16906]
[16907 16962]
[16963 16979]
[16980 17025]
[17026 17063]
[17064 17093]
[17094 17398]
[17399 17458]
[17459 17533]
[17534 17598]
[17599 17626]
[17627 17675]
[17676 17703]
[17704 17776]
[17777 17832]
[17833 17875]
[17876 17921]
[17922 17968]
[17969 18007]
[18008 18064]
[18065 18118]
[18119 18167]
[18168 18563]
[18564 18663]
[18664 18760]
[18761 18851]
[18852 18978]
[18979 19030]
[19031 19132]
[19133 19195]
[19196 19260]
[19261 19313]
[19314 19375]
[19376 19403]
[19404 19435]
[19436 19486]
[19487 19522]
[19523 19556]
[19557 19608]
[19609 19695]
[19696 19717]
[19718 19811]
[19812 20180]
[20181 20225]
[20226 20326]
[20327 20383]
[20384 20434]
[20435 20622]
[20623 20701]
[20702 20756]
[20757 20790]
[20791 20833]
[20834 20871]
[20872 20940]
[20941 20981]
[20982 21029]
[21030 21111]
[21112 21181]
[21182 21218]
[21219 21254]
[21255 21290]
[21291 21326]
[21327 21350]
[21351 21394]
[21395 21411]
[21412 21429]
[21430 21447]
[21448 21464]
[21465 21482]
[21483 21526]
[21527 21557]
[21558 21588]
[21589 21617]
[21618 21640]
[21641 21656]
[21657 21677]
[21678 21695]
[21696 21744]
[21745 21796]
[21797 21811]
[21812 22134]
[22135 22226]
[22227 22331]
[22332 22395]
[22396 22439]
[22440 22512]
[22513 22561]
[22562 22632]
[22633 22706]
[22707 22773]
[22774 22822]
[22823 22869]
[22870 22939]
[22940 23067]
[23068 23127]
[23128 23169]
[23170 23207]
[23208 23514]
[23515 23674]
[23675 23804]
[23805 23882]
[23883 24006]
[24007 24081]
[24082 24123]
[24124 24159]
[24160 24206]
[24207 24244]
[24245 24276]
[24277 24337]
[24338 24417]
[24418 24469]
[24470 24536]
[24537 24580]
[24581 24671]
[24672 24757]
[24758 24885]
[24886 25020]
[25021 25138]
[25139 25266]
[25267 25383]
[25384 25486]
[25487 25545]
[25546 25615]
[25616 25888]
[25889 25980]
[25981 26051]
[26052 26181]
[26182 26242]
[26243 26272]
[26273 26307]
[26308 26334]
[26335 26383]
[26384 26431]
[26432 26469]
[26470 26518]
[26519 26585]
[26586 26649]
[26650 26685]
[26686 26737]
[26738 26765]
[26766 26830]
[26831 26876]
[26877 27042]
[27043 27118]
[27119 27211]
[27212 27251]
[27252 27357]
[27359 27430]
[27431 27514]
[27515 27555]
[27556 27610]
[27611 27646]
[27647 27777]
[27778 27809]
[27810 27850]
[27851 27879]
[27880 27958]
[27959 28030]
[28031 28117]
[28118 28169]
[28170 28336]
[28337 28380]
[28381 28452]
[28453 28501]
[28502 28514]
[28515 28585]
[28586 28703]
[28704 28744]
[28745 28757]
[28758 28782]
[28783 28878]
[28879 28932]
[28933 29291]
[29292 29362]
[29363 29411]
[29412 29442]
[29443 29494]
[29495 29539]
[29540 29591]
[29592 29638]
[29639 29699]
[29700 29746]
[29747 29804]
[29805 29851]
[29852 29899]
[29900 29959]
[29960 30047]
[30048 30111]
[30112 30164]
[30165 30215]
[30216 30278]
[30279 30328]
[30329 30384]
[30385 30435]
[30436 30491]
[30492 30536]
[30537 30587]
[30588 30972]
[30973 31072]
