[ 0 26]
[28 47]
[48 67]
[ 69 112]
[114 193]
[195 438]
[439 499]
[500 535]
[536 565]
[566 593]
[594 626]
[627 662]
[663 692]
[693 720]
[721 750]
[751 783]
[784 814]
[815 845]
[846 875]
[876 906]
[907 936]
[937 966]
[967 995]
[ 996 1077]
[1079 1488]
[1489 1520]
[1521 1548]
[1549 1600]
[1601 1650]
[1651 1695]
[1696 1770]
[1771 1814]
[1815 1851]
[1852 1896]
[1897 1931]
[1932 1966]
[1967 2001]
[2002 2033]
[2034 2054]
[2055 2082]
[2083 2109]
[2110 2206]
[2207 2229]
[2230 2273]
[2274 2326]
[2327 2373]
[2374 2400]
[2401 2459]
[2460 2498]
[2499 2614]
[2615 2673]
[2674 2742]
[2743 2802]
[2803 2834]
[2835 2967]
[2968 2997]
[2998 3062]
[3063 3626]
[3627 3663]
[3664 3704]
[3705 3731]
[3732 3769]
[3770 3857]
[3858 3927]
[3928 3966]
[3967 4005]
[4006 4246]
[4247 4261]
[4262 4305]
[4306 4335]
[4336 4375]
[4376 4677]
[4678 4726]
[4727 4783]
[4784 4822]
[4823 4850]
[4851 4908]
[4909 4971]
[4972 5012]
[5013 5311]
[5312 5372]
[5373 5448]
[5449 5509]
[5510 5576]
[5577 5637]
[5638 5678]
[5679 5735]
[5736 5788]
[5789 5852]
[5853 5870]
[5871 5928]
[5929 5968]
[5969 6051]
[6052 6109]
[6110 6159]
[6160 6212]
[6213 6274]
[6275 6349]
[6350 6395]
[6396 6453]
[6454 6500]
[6501 6553]
[6554 6590]
[6591 6655]
[6656 6886]
[6887 6961]
[6962 7063]
[7064 7161]
[7162 7389]
[7390 7476]
[7477 7556]
[7557 7691]
[7692 8294]
[8295 8318]
[8319 8369]
[8370 8425]
[8426 8471]
[8472 8527]
[8528 8592]
[8593 8632]
[8633 8659]
[8660 8695]
[8696 8747]
[8748 8792]
[8793 8833]
[8834 8880]
[8881 8938]
[8939 9481]
[9482 9546]
[9547 9606]
[9607 9675]
[9676 9722]
[9723 9866]
[9867 9916]
[9917 9973]
[ 9974 10024]
[10025 10120]
[10121 10189]
[10190 10268]
[10269 10389]
[10390 10454]
[10455 10924]
[10925 10997]
[10998 11043]
[11044 11087]
[11088 11126]
[11127 11164]
[11165 11192]
[11193 11253]
[11254 11315]
[11316 11374]
[11375 11430]
[11431 11493]
[11494 11539]
[11540 11599]
[11600 11670]
[11671 11727]
[11728 11828]
[11829 11883]
[11884 11957]
[11958 11981]
[11982 12047]
[12048 12098]
[12099 12190]
[12191 12230]
[12231 12277]
[12278 12319]
[12320 12371]
[12372 12905]
[12906 12959]
[12960 13005]
[13006 13056]
[13057 13086]
[13087 13188]
[13189 13211]
[13212 13235]
[13236 13280]
[13281 13325]
[13326 13409]
[13410 13449]
[13450 13475]
[13476 13503]
[13504 13566]
[13567 13604]
[13605 13743]
[13744 13834]
[13835 13904]
[13905 13997]
[13998 14056]
[14057 14110]
[14111 14211]
[14212 14668]
[14670 15012]
[15013 15111]
[15112 15193]
[15194 15207]
[15208 15662]
[15663 15731]
[15732 15790]
[15791 15841]
[15842 15890]
[15891 16075]
[16076 16194]
[16195 16294]
[16295 16395]
[16396 16504]
[16505 16553]
[16554 16722]
[16723 17056]
[17057 17175]
[17177 17302]
[17303 17398]
[17399 17458]
[17459 17577]
[17578 17633]
[17634 17675]
[17676 17792]
[17793 17842]
[17843 17925]
[17926 17986]
[17987 18068]
[18069 18189]
[18190 18254]
[18255 18307]
[18308 18385]
[18386 18803]
[18804 18911]
[18912 18976]
[18977 19052]
[19053 19117]
[19118 19185]
[19186 19244]
[19245 19346]
[19347 19415]
[19416 19497]
[19498 19594]
[19595 19744]
[19745 19803]
[19804 20094]
[20095 20134]
[20135 20176]
[20177 20239]
[20240 20300]
[20301 20359]
[20360 20410]
[20411 20465]
[20466 20549]
[20550 20790]
[20791 20959]
[20960 21005]
[21006 21049]
[21050 21097]
[21098 21166]
[21167 21305]
[21306 21349]
[21350 21394]
[21395 21437]
[21438 21485]
[21486 21574]
[21575 21617]
[21618 21658]
[21659 21746]
[21747 22219]
[22220 22278]
[22279 22335]
[22336 22397]
[22398 22451]
[22452 22500]
[22501 22548]
[22549 22595]
[22596 22662]
[22663 22708]
[22709 22751]
[22752 22817]
[22818 22879]
[22880 22950]
[22951 22982]
[22983 23049]
[23050 23094]
[23095 23149]
[23150 23200]
[23201 23600]
[23601 23634]
[23635 23754]
[23755 23847]
[23848 23993]
[23994 24088]
[24090 24195]
[24196 24300]
[24302 24351]
[24352 24411]
[24412 24656]
[24657 24741]
[24742 24827]
[24828 24931]
[24932 25046]
[25047 25095]
[25096 25142]
[25143 25180]
[25181 25315]
[25316 25381]
[25382 25424]
[25425 25553]
[25554 25791]
[25792 25918]
[25919 26006]
[26007 26102]
[26103 26338]
[26339 26513]
[26514 26774]
[26775 26924]
[26925 26998]
[26999 27127]
[27128 27170]
[27171 27236]
[27237 27281]
[27282 27343]
[27344 27384]
[27385 27422]
[27423 27486]
[27487 27542]
[27543 27588]
[27589 27642]
[27643 27704]
[27705 27956]
[27957 28226]
[28227 28295]
[28296 28374]
[28375 28436]
[28437 28514]
[28515 28618]
[28619 28656]
[28657 28699]
[28700 29018]
[29019 29124]
[29125 29168]
[29169 29181]
[29182 29199]
[29200 29216]
[29217 29232]
[29233 29344]
[29345 29484]
[29485 29567]
[29568 29639]
[29640 29824]
[29825 29898]
[29899 29927]
[29928 30051]
[30052 30142]
[30143 30218]
[30219 30281]
[30282 30332]
[30333 30373]
[30374 30709]
[30711 30806]
[30807 30959]
[30960 31105]
[31106 31290]
[31291 31342]
[31343 31533]
[31534 31571]
[31572 31780]
[31782 31878]
[31879 31978]
[31979 32064]
[32065 32431]
[32432 32847]
[32848 32949]
