[ 0 19]
[21 40]
[41 60]
[ 62 105]
[107 208]
[209 470]
[471 526]
[527 559]
[560 588]
[589 619]
[620 653]
[654 682]
[683 714]
[715 745]
[746 777]
[778 805]
[806 833]
[834 861]
[862 900]
[901 948]
[ 949 1379]
[1380 1382]
[1383 1734]
[1735 1796]
[1797 1872]
[1873 1945]
[1946 2002]
[2003 2068]
[2069 2120]
[2121 2733]
[2734 2783]
[2784 2837]
[2838 2898]
[2899 2952]
[2953 3018]
[3019 3052]
[3053 3108]
[3109 3171]
[3172 3206]
[3207 3240]
[3241 3277]
[3278 3327]
[3328 3366]
[3367 3406]
[3407 3450]
[3451 3468]
[3469 3533]
[3534 3588]
[3589 3691]
[3692 3736]
[3737 3838]
[3839 4028]
[4029 4091]
[4092 4183]
[4184 4271]
[4272 4307]
[4308 4370]
[4371 4463]
[4464 4529]
[4530 4631]
[4632 4685]
[4686 4739]
[4740 4848]
[4849 4925]
[4926 4969]
[4970 5025]
[5026 5097]
[5098 5146]
[5147 5206]
[5207 5246]
[5247 5311]
[5312 5375]
[5376 5471]
[5472 5547]
[5548 5870]
[5871 5927]
[5928 5969]
[5970 6018]
[6019 6061]
[6062 6118]
[6119 6185]
[6186 6234]
[6235 6295]
[6296 6361]
[6362 6414]
[6415 6471]
[6472 6495]
[6496 6543]
[6544 6597]
[6598 6654]
[6655 6679]
[6680 6735]
[6736 6782]
[6783 6844]
[6845 6905]
[6906 6941]
[6942 7003]
[7004 7536]
[7537 7630]
[7631 7713]
[7714 7764]
[7765 7825]
[7826 7905]
[7906 7945]
[7946 8036]
[8037 8165]
[8166 8217]
[8218 8321]
[8322 8438]
[8439 8513]
[8514 8557]
[8558 8615]
[8616 8692]
[8693 8737]
[8738 8802]
[8803 8865]
[8866 8926]
[8927 9200]
[9201 9271]
[9272 9343]
[9344 9411]
[9412 9475]
[9476 9535]
[9536 9595]
[9596 9656]
[9657 9733]
[9734 9805]
[9806 9907]
[ 9908 10006]
[10007 10064]
[10065 10114]
[10115 10157]
[10158 10203]
[10204 10244]
[10245 10288]
[10289 10356]
[10357 10414]
[10415 10508]
[10509 10811]
[10812 10979]
[10980 11022]
[11023 11065]
[11066 11111]
[11112 11150]
[11151 11188]
[11189 11230]
[11231 11263]
[11264 11305]
[11306 11351]
[11352 11389]
[11390 11431]
[11432 11487]
[11488 11529]
[11530 11571]
[11572 11613]
[11614 11678]
[11679 11708]
[11709 11748]
[11749 11775]
[11776 11802]
[11803 11831]
[11832 11892]
[11893 12181]
[12182 12266]
[12267 12326]
[12327 12365]
[12366 12406]
[12407 12446]
[12447 12481]
[12482 12511]
[12512 12536]
[12537 12713]
[12714 12862]
[12863 12988]
[12989 13413]
[13414 13461]
[13462 13532]
[13533 13591]
[13592 13691]
[13692 13741]
[13742 13786]
[13787 13881]
[13882 13941]
[13942 13968]
[13969 14031]
[14032 14081]
[14082 14131]
[14132 14201]
[14202 14251]
[14252 14311]
[14312 14356]
[14357 14412]
[14413 14721]
[14722 14823]
[14824 14913]
[14914 14999]
[15000 15072]
[15073 15141]
[15142 15218]
[15219 15307]
[15308 15389]
[15390 15468]
[15469 15519]
[15520 15622]
[15623 15725]
[15726 15832]
[15833 15918]
[15919 16011]
[16012 16114]
[16115 16207]
[16208 16439]
[16440 16562]
[16563 16811]
[16812 16857]
[16858 16947]
[16948 17062]
[17063 17102]
[17103 17197]
[17198 17253]
[17254 17344]
[17345 17515]
[17516 17537]
[17538 17654]
[17655 17834]
[17835 17893]
[17894 17940]
[17941 17986]
[17987 18032]
[18033 18073]
[18074 18122]
[18123 18164]
[18165 18212]
[18213 18334]
[18335 18797]
[18798 18863]
[18864 18902]
[18903 19020]
[19021 19067]
[19068 19118]
[19119 19145]
[19146 19193]
[19194 19233]
[19234 19268]
[19269 19286]
[19287 19338]
[19339 19368]
[19369 19419]
[19420 19462]
[19463 19507]
[19508 19552]
[19553 19579]
[19580 19609]
[19610 19669]
[19670 19736]
[19737 19963]
[19964 20024]
[20025 20075]
[20076 20309]
[20310 20653]
[20654 20722]
[20723 20795]
[20796 20883]
[20884 20966]
[20967 21160]
[21161 21239]
[21240 21322]
[21323 21565]
[21566 21572]
[21573 21632]
[21633 21722]
[21723 21961]
[21962 21985]
[21986 22021]
[22022 22077]
[22078 22119]
[22120 22191]
[22192 22257]
[22258 22319]
[22320 22486]
[22487 22530]
[22531 22578]
[22579 22610]
[22611 22647]
[22648 22757]
[22758 23077]
[23078 23156]
[23157 23241]
[23242 23286]
[23287 23332]
[23333 23388]
[23389 23436]
[23437 23492]
[23493 23586]
[23587 23647]
[23648 23689]
[23690 23747]
[23748 23807]
[23808 23863]
[23864 23908]
[23909 23968]
[23969 24026]
[24027 24074]
[24075 24421]
[24422 24731]
[24732 24962]
[24963 25038]
[25039 25091]
[25092 25149]
[25150 25199]
[25200 25249]
[25250 25299]
[25300 25349]
[25350 25383]
[25384 25783]
[25784 25838]
[25839 25990]
[25991 26054]
[26055 26108]
[26109 26149]
[26150 26204]
[26205 26301]
[26302 26407]
[26408 26535]
[26536 26695]
[26696 26781]
[26782 26898]
[26899 27059]
[27060 27131]
[27132 27414]
[27415 27509]
[27510 27616]
[27617 27725]
[27726 27794]
[27795 27955]
[27956 28082]
[28083 28195]
[28196 28335]
[28336 28404]
[28405 28479]
[28480 28722]
[28723 28738]
[28739 28806]
[28807 28864]
[28865 28940]
[28941 29008]
[29009 29094]
[29095 29156]
[29157 29197]
[29198 29253]
[29254 29323]
[29324 29383]
[29384 29444]
[29445 29530]
[29531 29617]
[29618 29695]
[29696 29836]
[29838 30296]
[30298 30349]
