[ 0 20]
[22 41]
[42 61]
[ 63 106]
[108 213]
[214 538]
[539 577]
[578 644]
[645 667]
[668 715]
[716 752]
[753 791]
[792 834]
[835 855]
[856 914]
[915 935]
[936 975]
[ 976 1024]
[1025 1125]
[1126 1554]
[1555 1602]
[1603 1659]
[1660 1719]
[1720 1778]
[1779 1808]
[1809 1907]
[1908 1959]
[1960 2006]
[2007 2045]
[2046 2105]
[2106 2251]
[2252 2300]
[2301 2346]
[2347 2389]
[2390 2433]
[2434 2469]
[2470 2564]
[2565 2643]
[2644 2734]
[2735 2875]
[2876 2917]
[2918 2951]
[2952 2984]
[2985 3027]
[3028 3061]
[3062 3105]
[3106 3760]
[3761 3829]
[3830 3870]
[3871 3981]
[3982 4014]
[4015 4220]
[4221 4245]
[4246 4411]
[4412 4438]
[4439 4459]
[4460 4537]
[4538 4606]
[4607 4680]
[4681 4712]
[4713 4743]
[4744 4915]
[4916 4976]
[4977 5047]
[5048 5136]
[5137 5252]
[5253 5270]
[5271 5722]
[5723 5789]
[5790 5864]
[5865 5930]
[5931 5997]
[5998 6061]
[6062 6110]
[6111 6131]
[6132 6205]
[6206 6272]
[6273 6337]
[6338 6419]
[6420 6471]
[6472 6487]
[6488 6955]
[6956 7000]
[7001 7090]
[7091 7173]
[7174 7243]
[7244 7372]
[7373 7446]
[7447 7613]
[7614 7694]
[7695 7850]
[7851 7991]
[7992 8050]
[8051 8376]
[8377 8394]
[8395 8424]
[8425 8503]
[8504 8664]
[8665 8704]
[8705 8741]
[8742 8792]
[8793 8868]
[8869 8935]
[8936 8998]
[8999 9071]
[9072 9135]
[9136 9200]
[9201 9258]
[9259 9293]
[9294 9310]
[9311 9345]
[9346 9398]
[9399 9478]
[9479 9528]
[9529 9578]
[9579 9614]
[9615 9665]
[9666 9703]
[ 9704 10040]
[10041 10096]
[10097 10177]
[10178 10250]
[10251 10328]
[10329 10354]
[10355 10436]
[10437 10457]
[10458 10493]
[10494 10538]
[10539 10684]
[10685 10760]
[10761 10818]
[10819 10849]
[10850 10920]
[10921 10958]
[10959 11036]
[11037 11121]
[11122 11192]
[11193 11218]
[11219 11280]
[11281 11352]
[11353 11400]
[11401 11496]
[11497 11536]
[11537 11574]
[11575 11869]
[11870 12449]
[12450 12505]
[12506 12566]
[12567 12631]
[12632 12687]
[12688 12743]
[12744 12807]
[12808 12852]
[12853 12946]
[12947 13503]
[13504 13604]
[13605 13723]
[13724 13782]
[13783 13940]
[13941 14023]
[14024 14086]
[14087 14647]
[14648 14898]
[14899 14985]
[14986 15058]
[15059 15147]
[15148 15285]
[15286 15449]
[15450 15556]
[15557 15641]
[15642 15723]
[15724 15841]
[15842 15878]
[15879 15919]
[15920 16233]
[16234 16262]
[16263 16301]
[16302 16371]
[16372 16413]
[16414 16673]
[16674 16821]
[16822 16882]
[16883 16952]
[16953 16986]
[16987 17080]
[17081 17105]
[17106 17188]
[17189 17247]
[17248 17676]
[17677 18066]
[18067 18170]
[18171 18285]
[18286 18360]
[18361 18455]
[18456 18531]
[18532 18594]
[18595 18669]
[18670 18760]
[18761 18843]
[18844 19145]
[19146 19259]
[19260 19326]
[19327 19472]
[19473 19538]
[19539 19611]
[19612 19639]
[19640 19713]
[19714 19810]
[19811 19881]
[19882 19993]
[19994 20070]
[20071 20136]
[20137 20229]
[20230 20290]
[20291 20396]
[20397 20490]
[20491 20507]
[20508 20573]
[20574 20650]
[20651 20972]
[20973 21017]
[21018 21084]
[21085 21134]
[21135 21180]
[21181 21218]
[21219 21257]
[21258 21291]
[21292 21326]
[21327 21354]
[21355 21394]
[21395 21431]
[21432 21482]
[21483 21531]
[21532 21575]
[21576 21626]
[21627 21779]
[21780 21826]
[21827 21875]
[21876 21927]
[21928 22041]
[22042 22111]
[22112 22166]
[22167 22224]
[22225 22483]
[22484 22661]
[22662 22759]
[22760 22853]
[22854 22894]
[22895 22931]
[22932 23051]
[23052 23221]
[23222 23294]
[23295 23340]
[23341 23416]
[23417 23460]
[23461 23763]
[23764 23825]
[23826 23857]
[23858 23935]
[23936 24014]
[24015 24115]
[24116 24176]
[24177 24221]
[24222 24284]
[24285 24385]
[24386 24436]
[24437 24502]
[24503 24558]
[24559 24614]
[24615 24645]
[24646 25204]
[25205 25282]
[25283 25313]
[25314 25387]
[25388 25612]
[25613 25716]
[25717 25782]
[25783 25874]
[25875 26129]
[26130 26238]
[26239 26267]
[26268 26325]
[26326 26637]
[26638 26720]
[26721 26886]
[26887 27016]
[27017 27099]
[27100 27189]
[27190 27227]
[27229 27398]
[27399 27508]
[27509 27605]
[27606 27700]
[27701 27772]
[27773 27841]
[27842 27884]
[27885 27948]
[27949 28220]
[28221 28285]
[28286 28364]
[28365 28424]
[28425 28508]
[28509 28565]
[28566 28617]
[28618 28668]
[28669 28744]
[28745 28805]
[28806 28855]
[28856 28919]
[28920 28966]
[28967 29158]
[29159 29457]
[29458 30036]
[30037 30388]
[30389 30457]
[30458 30553]
[30554 30635]
[30636 30725]
[30726 30822]
[30823 30920]
[30921 30952]
[30953 31148]
[31149 31374]
[31375 31574]
[31575 32091]
[32092 32311]
[32312 32364]
[32365 32366]
[32367 32390]
[32391 32440]
[32441 32797]
[32798 32899]
