[ 0 26]
[28 47]
[48 67]
[ 69 112]
[114 202]
[203 475]
[476 532]
[533 565]
[566 590]
[591 659]
[660 687]
[688 716]
[717 747]
[748 782]
[783 846]
[ 847 1251]
[1252 1332]
[1333 1383]
[1384 1429]
[1430 1586]
[1587 1711]
[1712 1851]
[1852 1952]
[1953 2086]
[2087 2198]
[2199 2322]
[2323 2371]
[2372 2457]
[2458 2839]
[2840 3026]
[3027 3099]
[3100 3190]
[3191 3286]
[3287 3364]
[3365 3429]
[3430 3497]
[3498 3555]
[3556 3628]
[3629 3677]
[3678 4304]
[4305 4376]
[4377 4446]
[4447 4480]
[4481 4542]
[4543 4634]
[4635 4712]
[4713 4786]
[4787 4870]
[4871 4944]
[4945 5010]
[5011 5065]
[5066 5123]
[5124 5217]
[5218 5342]
[5343 5499]
[5500 5560]
[5561 5609]
[5610 5666]
[5667 5725]
[5726 5789]
[5790 5835]
[5836 5897]
[5898 5951]
[5952 5988]
[5989 6079]
[6080 6126]
[6127 6171]
[6172 6246]
[6247 6313]
[6314 6417]
[6418 6455]
[6456 6499]
[6500 6555]
[6556 6613]
[6614 6680]
[6681 6780]
[6781 6841]
[6842 6894]
[6895 6936]
[6937 6988]
[6989 7041]
[7042 7474]
[7475 7545]
[7546 7697]
[7698 7901]
[7902 8041]
[8042 8102]
[8103 8141]
[8142 8175]
[8176 8408]
[8409 8500]
[8501 8628]
[8629 9162]
[9163 9206]
[9207 9616]
[ 9617 10202]
[10203 10657]
[10658 10714]
[10715 10743]
[10744 10762]
[10763 10795]
[10796 10816]
[10817 10833]
[10834 10870]
[10871 10894]
[10895 10973]
[10974 11022]
[11023 11060]
[11061 11154]
[11155 11653]
[11654 12350]
[12351 12601]
[12602 13096]
[13097 13200]
[13201 13253]
[13254 13282]
[13283 13340]
[13341 13387]
[13388 13437]
[13438 13462]
[13463 13495]
[13496 13516]
[13517 13533]
[13534 13570]
[13571 13596]
[13597 13643]
[13644 13681]
[13682 13706]
[13707 13736]
[13737 13762]
[13763 13780]
[13781 13821]
[13822 13875]
[13876 13933]
[13934 14000]
[14001 14053]
[14054 14105]
[14106 14178]
[14179 14244]
[14245 14549]
[14550 14607]
[14608 14697]
[14698 14746]
[14747 14830]
[14831 14870]
[14871 14938]
[14939 15064]
[15065 15123]
[15124 15189]
[15190 15265]
[15266 15286]
[15287 15330]
[15331 15393]
[15394 15442]
[15443 15616]
[15617 15676]
[15677 15819]
[15820 15855]
[15856 15897]
[15898 15945]
[15946 16072]
[16073 16268]
[16269 16332]
[16333 16395]
[16396 16544]
[16545 16628]
[16629 16753]
[16754 16852]
[16853 16939]
[16940 17025]
[17026 17111]
[17112 17144]
[17145 17169]
[17170 17252]
[17253 17336]
[17337 17477]
[17478 17851]
[17852 17910]
[17911 17943]
[17944 17976]
[17977 18106]
[18107 18347]
[18348 18415]
[18416 18541]
[18542 18687]
[18688 18759]
[18760 18870]
[18871 19003]
[19004 19159]
[19160 19259]
[19260 19301]
[19302 19619]
[19620 19707]
[19708 19851]
[19852 19914]
[19915 20044]
[20045 20102]
[20103 20130]
[20131 20197]
[20198 20299]
[20300 20340]
[20341 20373]
[20374 20452]
[20453 20488]
[20489 20508]
[20509 20571]
[20572 20598]
[20599 20651]
[20652 20701]
[20702 20819]
[20820 20883]
[20884 20936]
[20937 20970]
[20971 20997]
[20998 21036]
[21037 21063]
[21064 21105]
[21106 21149]
[21150 21185]
[21186 21322]
[21323 22011]
[22012 22086]
[22087 22142]
[22143 22196]
[22197 22272]
[22273 22294]
[22295 22372]
[22373 22459]
[22460 22520]
[22521 22578]
[22579 22626]
[22627 22755]
[22756 22835]
[22836 22911]
[22912 22978]
[22979 23011]
[23012 23079]
[23080 23114]
[23115 23175]
[23176 23257]
[23258 23309]
[23310 23616]
[23617 23684]
[23685 23730]
[23731 23963]
[23964 24016]
[24017 24465]
[24466 24538]
[24539 24628]
[24629 24991]
[24992 25060]
[25061 25111]
[25112 25150]
[25151 25193]
[25194 25250]
[25251 25306]
[25307 25392]
[25393 25460]
[25461 25490]
[25491 25554]
[25555 25603]
[25604 25642]
[25643 25702]
[25703 25744]
[25745 25788]
[25789 25825]
[25826 25888]
[25889 26345]
[26346 26503]
[26504 26584]
[26585 26653]
[26654 26721]
[26722 26781]
[26782 26842]
[26843 26910]
[26911 26979]
[26980 27036]
[27037 27106]
[27107 27331]
[27332 27786]
[27787 27854]
[27855 27935]
[27936 28100]
[28101 28175]
[28176 28262]
[28263 28404]
[28405 28514]
[28515 28570]
[28571 28630]
[28631 28688]
[28689 28744]
[28745 28816]
[28817 28867]
[28868 29332]
[29333 29423]
[29424 29504]
[29505 29603]
[29604 29688]
[29689 29740]
[29741 29874]
[29875 29967]
[29968 30033]
[30034 30204]
[30205 30390]
[30391 30547]
[30548 30753]
[30754 30880]
[30881 31154]
[31156 31249]
