[ 0 22]
[24 43]
[44 63]
[ 65 108]
[110 197]
[198 534]
[535 585]
[586 654]
[655 711]
[712 750]
[751 783]
[784 807]
[808 836]
[837 921]
[922 959]
[ 960 1012]
[1013 1574]
[1575 2955]
[2956 3305]
[3306 3375]
[3376 3469]
[3470 3505]
[3506 3605]
[3606 3693]
[3694 3781]
[3782 3984]
[3985 4048]
[4049 4087]
[4088 4180]
[4181 4501]
[4502 4538]
[4539 4576]
[4577 4606]
[4607 4642]
[4643 4680]
[4681 4728]
[4729 4781]
[4782 4815]
[4816 4863]
[4864 4919]
[4920 4973]
[4974 5149]
[5150 5184]
[5185 5338]
[5339 5397]
[5398 5445]
[5446 5505]
[5506 5677]
[5678 5707]
[5708 6416]
[6417 6568]
[6569 6665]
[6666 6786]
[6787 6978]
[6979 7005]
[7006 7086]
[7087 7115]
[7116 7271]
[7272 7319]
[7320 7380]
[7381 7491]
[7492 7572]
[7573 7633]
[7634 7739]
[7740 8202]
[8203 8281]
[8282 8367]
[8368 8422]
[8423 8499]
[8500 8582]
[8583 8642]
[8643 8718]
[8719 8819]
[8820 8910]
[8911 9007]
[9008 9072]
[9073 9135]
[9136 9193]
[9194 9370]
[9371 9396]
[9397 9917]
[9918 9957]
[ 9958 10016]
[10018 10097]
[10098 10145]
[10146 10198]
[10199 10259]
[10260 10313]
[10314 10366]
[10367 10397]
[10398 10446]
[10447 10498]
[10499 10554]
[10555 10628]
[10629 10680]
[10681 10722]
[10723 11186]
[11187 11383]
[11385 11508]
[11510 11633]
[11635 11745]
[11747 11870]
[11872 11942]
[11943 12376]
[12377 12429]
[12430 12501]
[12502 12560]
[12561 12623]
[12624 12684]
[12685 12745]
[12746 12871]
[12872 12988]
[12989 13009]
[13010 13065]
[13066 13101]
[13102 13136]
[13137 13170]
[13171 13190]
[13191 13218]
[13219 13246]
[13247 13307]
[13308 13348]
[13349 13382]
[13383 13425]
[13426 13512]
[13513 13909]
[13910 13964]
[13965 14012]
[14013 14081]
[14082 14154]
[14155 14226]
[14227 14287]
[14288 14369]
[14370 14415]
[14416 14532]
[14533 14562]
[14563 14708]
[14709 14775]
[14776 14839]
[14840 14890]
[14891 14933]
[14934 14983]
[14984 15039]
[15040 15106]
[15107 15171]
[15172 15453]
[15454 15586]
[15587 15668]
[15669 15776]
[15777 15848]
[15849 15996]
[15997 16061]
[16062 16111]
[16112 16146]
[16147 16193]
[16194 16265]
[16266 16315]
[16316 16365]
[16366 16432]
[16433 16870]
[16871 17035]
[17036 17148]
[17149 17267]
[17268 17430]
[17431 17565]
[17566 17729]
[17730 17767]
[17768 17903]
[17904 18011]
[18012 18443]
[18444 18689]
[18690 18726]
[18727 18809]
[18810 18876]
[18877 18914]
[18915 18959]
[18960 19048]
[19049 19195]
[19196 19252]
[19253 19339]
[19340 19411]
[19412 19472]
[19473 19524]
[19525 19582]
[19583 19693]
[19694 19810]
[19811 19986]
[19987 20082]
[20083 20141]
[20142 20222]
[20223 20269]
[20270 20345]
[20346 20411]
[20412 20499]
[20500 20593]
[20594 20836]
[20837 20890]
[20891 20955]
[20956 21090]
[21091 21146]
[21147 21181]
[21182 21228]
[21229 21303]
[21304 21355]
[21356 21402]
[21403 21803]
[21804 21903]
[21904 21952]
[21953 22069]
[22070 22235]
[22236 22365]
[22366 22407]
[22408 22450]
[22451 22493]
[22494 22566]
[22567 22648]
[22649 22716]
[22717 22785]
[22786 22865]
[22866 22992]
[22993 23139]
[23140 23190]
[23191 23271]
[23272 23346]
[23347 23464]
[23465 23594]
[23595 23720]
[23721 23846]
[23847 23972]
[23973 24098]
[24099 24231]
[24232 24284]
[24285 24323]
[24324 24371]
[24372 24402]
[24403 24423]
[24424 24466]
[24467 24504]
[24505 24558]
[24559 24611]
[24612 24724]
[24725 25101]
[25102 25190]
[25191 25291]
[25292 25334]
[25335 25394]
[25395 25461]
[25462 25502]
[25503 25520]
[25521 25606]
[25607 25659]
[25660 25685]
[25686 25745]
[25746 25773]
[25774 25844]
[25845 25960]
[25961 26023]
[26024 26059]
[26060 26176]
[26177 26250]
[26251 26308]
[26309 26388]
[26389 26430]
[26431 26657]
[26658 26795]
[26796 26955]
[26956 27115]
[27116 27224]
[27225 27347]
[27348 27463]
[27464 27817]
[27818 27941]
[27942 28051]
[28052 28122]
[28123 28194]
[28195 28261]
[28262 28335]
[28336 28411]
[28412 28486]
[28487 28568]
[28569 28798]
[28799 28859]
[28860 28905]
[28906 28954]
[28955 29013]
[29014 29071]
[29072 29128]
[29129 29171]
[29172 29228]
[29229 29298]
[29299 29339]
[29340 29393]
[29394 29428]
[29429 29539]
[29540 29623]
[29624 29690]
[29691 29959]
[29960 30012]
[30013 30066]
[30067 30119]
[30120 30178]
[30179 30234]
[30235 30284]
[30285 30342]
[30343 30396]
[30397 30467]
[30468 30528]
[30529 30581]
[30582 30639]
[30640 30695]
[30696 30752]
[30753 30844]
[30845 30917]
[30918 31254]
[31255 31343]
[31344 31531]
[31532 31610]
[31611 31692]
[31693 31758]
[31759 31817]
[31818 31876]
[31877 31932]
[31933 31972]
[31973 32070]
[32071 32293]
[32294 32331]
[32332 32372]
[32373 32414]
[32415 32453]
[32454 32588]
[32589 32759]
[32760 32865]
[32866 32969]
[32970 33068]
[33069 33085]
[33086 33148]
[33149 35337]
[35338 35407]
[35408 35451]
[35452 35512]
[35513 35557]
[35558 35611]
[35612 35656]
[35657 35697]
[35698 35756]
[35757 35814]
[35815 35859]
[35860 35921]
[35922 36013]
[36014 36091]
[36092 36166]
[36167 36209]
[36210 36255]
[36256 36680]
[36682 36749]
