[ 0 28]
[30 49]
[50 69]
[ 71 114]
[116 210]
[212 441]
[442 494]
[495 535]
[536 566]
[567 596]
[597 626]
[627 659]
[660 687]
[688 717]
[718 747]
[748 780]
[781 811]
[812 842]
[843 872]
[873 908]
[909 942]
[943 978]
[ 979 1083]
[1084 1611]
[1612 1654]
[1655 1688]
[1689 1764]
[1765 1853]
[1854 1943]
[1944 2006]
[2007 2051]
[2052 2099]
[2100 2134]
[2135 2177]
[2178 2212]
[2213 2258]
[2259 2313]
[2314 2333]
[2334 2362]
[2363 2408]
[2409 2474]
[2475 2516]
[2517 2585]
[2586 2650]
[2651 2742]
[2743 2798]
[2799 2850]
[2851 2901]
[2902 2955]
[2956 3040]
[3041 3443]
[3445 3498]
[3499 3552]
[3553 3577]
[3578 3607]
[3608 3635]
[3636 3668]
[3669 3690]
[3691 3824]
[3825 3910]
[3911 3952]
[3953 3995]
[3996 4025]
[4026 4063]
[4064 4100]
[4101 4130]
[4131 4172]
[4173 4205]
[4206 4354]
[4355 4375]
[4376 4427]
[4428 4461]
[4462 4486]
[4487 4525]
[4526 4646]
[4647 4791]
[4792 4842]
[4843 4904]
[4905 4933]
[4934 4968]
[4969 5010]
[5011 5348]
[5349 5436]
[5437 5489]
[5490 5564]
[5565 5647]
[5648 5712]
[5713 5761]
[5762 5815]
[5816 5860]
[5861 5913]
[5914 5965]
[5966 6022]
[6023 6081]
[6082 6128]
[6129 6194]
[6195 6226]
[6227 6279]
[6280 6325]
[6326 6374]
[6375 6423]
[6424 6461]
[6462 6492]
[6493 6520]
[6521 6866]
[6868 6914]
[6915 6958]
[6959 6989]
[6990 7028]
[7029 7066]
[7067 7080]
[7081 7134]
[7135 7171]
[7172 7198]
[7199 7235]
[7236 7269]
[7270 7303]
[7304 7326]
[7327 7360]
[7361 7394]
[7395 7418]
[7419 7445]
[7446 7471]
[7472 7508]
[7509 7538]
[7539 7568]
[7569 7597]
[7598 7617]
[7618 7644]
[7645 7683]
[7684 7752]
[7753 7805]
[7806 7822]
[7823 8303]
[8304 8364]
[8365 8430]
[8431 8499]
[8500 8566]
[8567 8908]
[8909 8967]
[8968 9026]
[9027 9086]
[9087 9271]
[9272 9299]
[9300 9350]
[9351 9383]
[9384 9406]
[9407 9453]
[9454 9566]
[9567 9634]
[9635 9695]
[9696 9752]
[9753 9796]
[9797 9841]
[9842 9884]
[9885 9932]
[9933 9981]
[ 9982 10028]
[10029 10069]
[10070 10108]
[10109 10208]
[10209 10431]
[10432 10461]
[10462 10615]
[10616 10698]
[10699 10767]
[10768 10822]
[10823 10886]
[10887 10933]
[10934 10992]
[10993 11041]
[11042 11090]
[11091 11172]
[11173 11233]
[11234 11303]
[11304 11368]
[11369 11420]
[11421 11468]
[11469 11506]
[11507 11549]
[11550 11606]
[11607 11669]
[11670 11741]
[11742 11782]
[11783 11812]
[11813 11849]
[11850 12210]
[12212 12251]
[12252 12289]
[12290 12343]
[12344 12396]
[12397 12456]
[12457 12518]
[12519 12632]
[12633 12692]
[12693 12771]
[12772 12814]
[12815 12855]
[12856 12876]
[12877 12892]
[12893 12947]
[12948 12989]
[12990 13026]
[13027 13064]
[13065 13093]
[13094 13139]
[13140 13184]
[13185 13535]
[13536 13609]
[13610 13692]
[13693 13932]
[13933 14096]
[14097 14298]
[14299 14349]
[14350 14414]
[14415 14481]
[14482 14811]
[14812 14904]
[14905 14946]
[14947 14992]
[14993 15015]
[15016 15096]
[15097 15190]
[15191 15252]
[15253 15326]
[15327 15376]
[15377 15421]
[15422 15504]
[15505 15650]
[15651 15719]
[15720 15812]
[15813 15906]
[15907 15996]
[15997 16089]
[16090 16199]
[16200 16269]
[16270 16355]
[16356 16474]
[16475 16526]
[16527 16577]
[16578 16637]
[16638 16699]
[16700 16760]
[16761 16820]
[16821 17065]
[17066 17129]
[17130 17196]
[17197 17265]
[17266 17337]
[17338 17415]
[17416 17499]
[17500 17733]
[17734 17781]
[17782 17835]
[17836 17894]
[17895 17943]
[17944 17998]
[17999 18066]
[18067 18144]
[18145 18340]
[18341 18464]
[18465 18528]
[18529 18809]
[18810 19403]
[19404 19514]
[19515 19558]
[19559 19903]
[19904 20107]
[20108 20228]
[20229 20278]
[20279 20476]
[20477 20508]
[20509 20906]
[20907 21119]
[21120 21233]
[21234 21359]
[21360 21507]
[21508 21569]
[21570 21642]
[21643 21765]
[21766 21901]
[21902 21989]
[21990 22079]
[22080 22177]
[22178 22255]
[22256 22333]
[22334 22416]
[22417 22465]
[22466 22532]
[22533 22592]
[22593 22636]
[22637 22676]
[22677 22773]
[22774 22851]
[22852 22904]
[22905 23168]
[23169 23251]
[23252 23321]
[23322 23387]
[23388 23452]
[23453 23536]
[23537 23654]
[23655 23737]
[23738 23816]
[23817 23904]
[23905 23946]
[23947 23990]
[23991 24233]
[24234 24379]
[24380 24392]
[24393 24479]
[24480 24616]
[24617 24669]
[24670 24724]
[24725 24767]
[24768 24835]
[24836 24942]
[24943 25071]
[25072 25222]
[25223 25336]
[25337 25384]
[25385 25457]
[25458 25527]
[25528 25592]
[25593 25645]
[25646 25981]
[25982 26143]
[26144 26182]
[26183 26257]
[26258 26376]
[26377 26479]
[26480 26495]
[26496 26583]
[26584 26633]
[26634 26681]
[26682 26711]
[26712 26962]
[26963 27049]
