[ 0 24]
[26 45]
[46 65]
[ 67 110]
[112 181]
[182 584]
[585 647]
[648 683]
[684 713]
[714 774]
[775 788]
[789 804]
[805 834]
[835 867]
[868 898]
[ 899 1022]
[1023 1073]
[1074 1547]
[1548 1581]
[1582 1595]
[1596 1672]
[1673 1753]
[1754 1783]
[1784 1813]
[1814 1904]
[1905 1989]
[1990 2030]
[2031 2088]
[2089 2110]
[2111 2162]
[2163 2263]
[2264 2329]
[2330 2437]
[2438 2495]
[2496 2531]
[2532 2631]
[2632 2690]
[2691 2726]
[2727 2766]
[2767 2802]
[2803 2863]
[2864 2895]
[2896 2927]
[2928 2943]
[2944 3012]
[3013 3373]
[3374 3422]
[3423 3479]
[3480 3519]
[3520 3553]
[3554 3587]
[3588 3764]
[3765 3792]
[3793 3828]
[3829 3858]
[3859 3882]
[3883 3909]
[3910 3935]
[3936 3972]
[3973 4002]
[4003 4032]
[4033 4061]
[4062 4163]
[4164 4199]
[4200 4244]
[4245 4281]
[4282 4310]
[4311 4386]
[4387 4455]
[4456 4508]
[4509 4531]
[4532 4559]
[4560 4574]
[4575 4604]
[4605 4628]
[4629 4655]
[4656 4693]
[4694 5042]
[5044 5078]
[5079 5121]
[5122 5174]
[5175 5249]
[5250 5297]
[5298 5351]
[5352 5464]
[5465 5549]
[5550 5584]
[5585 5627]
[5628 5804]
[5805 5896]
[5897 6106]
[6107 6178]
[6179 6237]
[6238 6301]
[6302 6372]
[6373 6424]
[6425 6485]
[6486 6544]
[6545 6619]
[6620 6643]
[6644 6682]
[6683 7026]
[7027 7074]
[7075 7121]
[7122 7171]
[7172 7222]
[7223 7253]
[7254 7313]
[7314 7348]
[7349 7514]
[7515 7557]
[7558 7695]
[7696 7770]
[7771 7828]
[7829 7854]
[7855 7914]
[7915 7951]
[7952 8007]
[8008 8046]
[8047 8099]
[8100 8494]
[8495 8531]
[8532 8551]
[8552 8594]
[8595 8638]
[8639 8662]
[8663 8717]
[8718 8766]
[8767 8827]
[8828 8963]
[8964 8996]
[8997 9028]
[9029 9101]
[9102 9162]
[9163 9216]
[9217 9270]
[9271 9315]
[9316 9353]
[9354 9394]
[9395 9449]
[9450 9475]
[9476 9504]
[9505 9528]
[9529 9669]
[9670 9713]
[9714 9758]
[9759 9801]
[9802 9849]
[9850 9898]
[9899 9945]
[9946 9988]
[ 9989 10025]
[10026 10106]
[10107 10417]
[10418 10476]
[10477 10556]
[10557 10600]
[10601 10680]
[10681 10698]
[10699 10743]
[10744 10769]
[10770 10883]
[10884 10967]
[10968 11071]
[11072 11140]
[11141 11216]
[11217 11276]
[11277 11348]
[11349 11403]
[11404 11468]
[11469 11522]
[11523 11570]
[11571 11628]
[11629 11685]
[11686 11729]
[11730 11775]
[11776 12132]
[12133 12284]
[12285 12414]
[12415 12447]
[12448 12543]
[12544 12627]
[12628 13074]
[13075 13184]
[13185 13324]
[13325 13413]
[13414 13455]
[13456 13498]
[13499 13550]
[13551 13617]
[13618 13715]
[13716 13881]
[13882 14090]
[14091 14229]
[14230 14429]
[14430 14580]
[14581 14651]
[14652 14703]
[14704 14756]
[14757 14815]
[14816 14920]
[14921 15097]
[15098 15474]
[15475 15666]
[15667 15809]
[15810 15945]
[15946 16118]
[16119 16241]
[16242 16339]
[16340 16430]
[16431 16602]
[16603 16666]
[16667 16728]
[16729 17088]
[17089 17141]
[17142 17254]
[17255 17294]
[17295 17522]
[17523 17578]
[17579 17664]
[17665 17699]
[17700 17734]
[17735 17760]
[17761 17866]
[17867 17928]
[17929 17992]
[17993 18057]
[18058 18089]
[18090 18135]
[18136 18195]
[18196 18239]
[18240 18284]
[18285 18327]
[18328 18375]
[18376 18424]
[18425 18471]
[18472 18514]
[18515 18551]
[18552 18629]
[18630 18936]
[18937 18972]
[18973 19099]
[19100 19151]
[19152 19185]
[19186 19233]
[19234 19306]
[19307 19347]
[19348 19404]
[19405 19483]
[19484 19556]
[19557 19603]
[19604 19661]
[19662 19709]
[19710 19802]
[19803 19841]
[19842 19869]
[19870 20142]
[20143 20195]
[20196 20303]
[20304 20369]
[20370 20434]
[20435 20567]
[20568 20637]
[20638 20721]
[20722 20756]
[20757 20912]
[20913 21043]
[21044 21188]
[21189 21299]
[21300 21416]
[21417 21623]
[21624 22006]
[22007 22069]
[22070 22175]
[22176 22338]
[22339 22405]
[22406 22514]
[22515 22651]
[22652 22691]
[22692 22770]
[22771 22843]
[22844 23184]
[23185 23372]
[23373 23770]
[23771 24400]
[24401 24647]
[24648 24722]
[24723 24905]
[24906 25172]
[25173 25473]
[25474 25535]
[25536 25603]
[25604 25687]
[25688 25780]
[25781 25866]
[25867 25954]
[25955 26022]
[26023 26091]
[26092 26179]
[26180 26255]
[26256 26321]
[26322 26389]
[26390 26468]
[26469 26519]
[26520 26736]
[26737 26822]
[26823 26912]
[26913 27008]
[27009 27121]
[27122 27234]
[27235 27336]
[27337 27433]
[27434 27543]
[27544 27657]
[27658 27936]
[27937 28207]
[28208 28322]
[28324 28468]
[28469 28557]
[28558 28693]
[28694 29016]
[29017 29099]
