[ 0 28]
[30 49]
[50 69]
[ 71 114]
[116 194]
[195 516]
[517 555]
[556 591]
[592 648]
[649 704]
[705 736]
[737 768]
[769 815]
[816 856]
[857 893]
[894 921]
[922 969]
[ 970 1094]
[1095 1535]
[1536 1623]
[1624 1688]
[1689 1751]
[1752 1804]
[1805 1890]
[1891 1928]
[1929 1995]
[1996 2048]
[2049 2090]
[2091 2151]
[2152 2189]
[2190 2243]
[2244 2309]
[2310 2370]
[2371 2408]
[2409 2492]
[2493 2553]
[2554 2608]
[2609 2663]
[2664 2713]
[2714 2856]
[2857 2890]
[2891 2963]
[2964 3610]
[3611 3727]
[3728 3766]
[3767 3869]
[3870 3961]
[3962 4092]
[4093 4225]
[4226 4304]
[4305 4365]
[4366 4574]
[4575 4686]
[4687 4727]
[4728 4768]
[4769 4797]
[4798 4829]
[4830 4855]
[4856 4893]
[4894 4956]
[4957 5067]
[5068 5099]
[5100 5135]
[5136 5171]
[5172 5805]
[5806 5888]
[5889 5921]
[5922 5955]
[5956 6002]
[6003 6060]
[6061 6094]
[6095 6135]
[6136 6312]
[6313 6379]
[6380 6469]
[6470 6521]
[6522 6601]
[6602 6644]
[6645 6715]
[6716 6766]
[6767 6824]
[6825 6878]
[6879 6925]
[6926 6989]
[6990 7051]
[7052 7109]
[7110 7258]
[7259 7320]
[7321 7386]
[7387 7727]
[7728 7791]
[7792 7834]
[7835 7912]
[7913 7995]
[7996 8052]
[8053 8101]
[8102 8192]
[8193 8293]
[8294 8402]
[8403 8523]
[8524 8703]
[8704 8890]
[8891 8990]
[8991 9053]
[9054 9117]
[9118 9757]
[9758 9826]
[9827 9904]
[9905 9963]
[ 9964 10060]
[10061 10092]
[10093 10172]
[10173 10262]
[10263 10332]
[10333 10389]
[10390 10431]
[10432 10466]
[10467 10501]
[10502 10530]
[10531 10574]
[10575 10635]
[10636 10679]
[10680 10886]
[10887 10956]
[10957 11005]
[11006 11056]
[11057 11141]
[11142 11224]
[11225 11388]
[11389 11418]
[11419 11494]
[11495 11534]
[11535 11570]
[11571 11590]
[11591 11650]
[11651 11698]
[11699 11822]
[11823 12103]
[12104 12517]
[12518 12620]
[12621 12825]
[12826 12860]
[12861 12902]
[12903 12957]
[12958 13037]
[13038 13131]
[13132 13255]
[13256 13354]
[13355 13483]
[13484 13526]
[13527 13560]
[13561 13588]
[13589 13638]
[13639 13771]
[13772 13826]
[13827 13872]
[13873 13955]
[13956 14215]
[14216 14297]
[14298 14465]
[14466 14648]
[14649 14829]
[14830 14997]
[14998 15091]
[15092 15301]
[15302 15505]
[15506 15616]
[15618 15662]
[15663 15703]
[15704 15737]
[15738 15763]
[15764 15817]
[15818 15955]
[15956 15975]
[15976 16016]
[16017 16058]
[16059 16101]
[16102 16131]
[16132 16166]
[16167 16213]
[16214 16264]
[16265 16288]
[16289 16340]
[16341 16372]
[16373 16470]
[16471 16561]
[16562 16581]
[16582 16628]
[16629 16700]
[16701 16770]
[16771 16807]
[16808 16842]
[16843 16882]
[16883 16901]
[16902 16921]
[16922 17002]
[17003 17382]
[17383 17467]
[17468 17607]
[17608 17715]
[17716 17809]
[17810 17879]
[17880 17925]
[17926 17955]
[17956 18042]
[18043 18099]
[18100 18150]
[18151 18230]
[18231 18604]
[18605 18659]
[18660 18718]
[18719 18845]
[18846 18896]
[18897 18934]
[18935 18959]
[18960 19093]
[19094 19160]
[19161 19226]
[19227 19283]
[19284 19336]
[19337 19399]
[19400 19423]
[19424 19443]
[19444 19474]
[19475 19585]
[19586 19609]
[19610 19649]
[19650 19685]
[19686 19745]
[19746 19810]
[19811 19846]
[19847 19894]
[19895 20246]
[20247 20297]
[20298 20378]
[20379 20496]
[20497 20546]
[20547 20606]
[20607 20654]
[20655 20745]
[20746 20846]
[20847 20950]
[20951 21034]
[21035 21230]
[21231 21330]
[21331 21418]
[21419 21495]
[21496 21581]
[21582 21684]
[21685 22076]
[22077 22301]
[22302 22395]
[22396 22445]
[22446 22499]
[22500 22613]
[22614 22738]
[22739 22866]
[22867 22991]
[22992 23065]
[23066 23380]
[23381 23446]
[23447 23492]
[23493 23554]
[23555 23607]
[23608 23632]
[23633 23690]
[23691 23745]
[23746 23885]
[23886 23940]
[23941 24002]
[24003 24027]
[24028 24114]
[24115 24160]
[24161 24471]
[24472 24569]
[24570 24644]
[24645 24692]
[24693 24855]
[24856 24894]
[24895 24962]
[24963 25063]
[25064 25168]
[25169 25271]
[25272 25408]
[25409 25555]
[25556 25784]
[25785 25848]
[25849 25922]
[25923 26025]
[26026 26173]
[26174 26324]
[26325 26379]
[26380 26414]
[26415 26451]
[26452 26496]
[26497 26690]
[26691 26990]
[26991 27569]
[27570 27606]
[27607 27700]
[27701 27779]
[27780 27864]
[27865 27958]
[27959 28175]
[28176 28271]
[28272 28399]
[28400 28479]
[28480 28577]
[28578 28736]
[28737 28955]
[28956 29045]
[29046 29179]
[29180 29255]
[29256 29515]
[29516 29663]
[29664 29804]
[29805 29912]
[29913 30017]
[30018 30319]
[30320 30399]
