[ 0 28]
[30 49]
[50 69]
[ 71 114]
[116 210]
[211 552]
[553 592]
[593 618]
[619 643]
[644 679]
[680 723]
[724 745]
[746 775]
[776 803]
[804 845]
[846 928]
[929 966]
[ 967 1007]
[1008 1137]
[1138 1732]
[1733 1808]
[1809 1865]
[1866 1911]
[1912 1964]
[1965 1993]
[1994 2079]
[2080 2157]
[2158 2238]
[2239 2278]
[2279 2321]
[2322 2372]
[2373 2423]
[2424 2497]
[2498 2549]
[2550 2596]
[2597 2682]
[2683 2764]
[2765 2810]
[2811 2848]
[2849 2878]
[2879 2934]
[2935 2979]
[2980 3051]
[3052 3114]
[3115 3234]
[3235 3590]
[3591 3640]
[3641 3689]
[3690 3735]
[3736 3830]
[3831 3863]
[3864 3915]
[3916 3934]
[3935 3958]
[3959 4049]
[4050 4086]
[4087 4126]
[4127 4160]
[4161 4197]
[4198 4227]
[4228 4269]
[4270 4428]
[4429 4659]
[4660 4707]
[4708 4763]
[4764 4826]
[4827 4878]
[4879 4927]
[4928 4981]
[4982 5408]
[5409 5447]
[5448 5487]
[5488 5530]
[5531 5556]
[5557 5737]
[5738 5761]
[5762 5889]
[5890 5930]
[5931 5961]
[5962 6006]
[6007 6064]
[6065 6111]
[6112 6143]
[6144 6274]
[6275 6311]
[6312 6424]
[6425 6495]
[6496 6563]
[6564 6623]
[6624 6664]
[6665 6710]
[6711 6741]
[6742 6794]
[6795 7216]
[7217 7306]
[7307 7378]
[7379 7427]
[7428 7458]
[7459 7506]
[7507 7579]
[7580 7637]
[7638 7683]
[7684 7754]
[7755 7792]
[7793 7837]
[7838 7883]
[7884 8027]
[8028 8082]
[8083 8130]
[8131 8171]
[8172 8227]
[8228 8336]
[8337 8427]
[8428 8511]
[8512 8589]
[8590 8636]
[8637 8938]
[8940 9053]
[9054 9156]
[9157 9205]
[9206 9292]
[9293 9367]
[9368 9456]
[9457 9556]
[9557 9618]
[9619 9767]
[9768 9841]
[9842 9912]
[ 9913 10044]
[10045 10196]
[10197 10291]
[10292 10346]
[10347 10416]
[10417 10821]
[10822 10910]
[10911 10973]
[10974 11329]
[11330 11445]
[11446 11558]
[11559 11614]
[11615 11678]
[11679 11726]
[11727 11787]
[11788 11821]
[11822 11871]
[11872 11932]
[11933 11989]
[11990 12047]
[12048 12105]
[12106 12110]
[12111 12157]
[12158 12203]
[12204 12243]
[12244 12595]
[12596 12707]
[12708 12779]
[12780 12839]
[12840 12875]
[12876 12927]
[12928 12981]
[12982 13068]
[13069 13158]
[13159 13202]
[13203 13251]
[13252 13319]
[13320 13368]
[13369 13488]
[13489 13537]
[13538 13578]
[13579 13661]
[13662 13732]
[13733 13807]
[13808 13850]
[13851 13891]
[13892 13926]
[13927 13999]
[14000 14080]
[14081 14345]
[14346 14406]
[14407 14443]
[14444 14470]
[14471 14501]
[14502 14570]
[14571 14608]
[14609 14676]
[14677 14768]
[14769 14876]
[14877 14913]
[14914 14973]
[14974 15102]
[15103 15174]
[15175 15217]
[15218 15280]
[15281 15321]
[15322 15372]
[15373 15423]
[15424 15485]
[15486 15545]
[15546 15855]
[15856 16037]
[16038 16117]
[16118 16411]
[16412 16475]
[16476 16528]
[16529 16598]
[16599 16663]
[16664 16744]
[16745 16916]
[16917 17206]
[17207 17284]
[17285 17350]
[17351 17413]
[17414 17476]
[17477 17537]
[17538 17597]
[17598 17658]
[17659 17716]
[17717 17767]
[17768 17820]
[17821 17891]
[17892 18119]
[18120 18399]
[18400 18721]
[18722 18930]
[18931 19185]
[19186 19247]
[19248 19304]
[19305 19368]
[19369 19412]
[19413 19465]
[19466 19521]
[19522 19579]
[19580 19628]
[19629 19688]
[19689 19746]
[19747 19805]
[19806 19865]
[19866 19938]
[19939 20196]
[20197 20237]
[20238 20299]
[20300 20358]
[20359 20407]
[20408 20465]
[20466 20521]
[20522 20564]
[20565 20607]
[20608 20667]
[20668 20722]
[20723 20783]
[20784 20831]
[20832 20962]
[20963 21012]
[21013 21067]
[21068 21120]
[21121 21158]
[21159 21441]
[21442 21482]
[21483 21582]
[21583 21676]
[21677 21712]
[21713 21757]
[21758 21812]
[21813 21863]
[21864 21925]
[21926 21983]
[21984 22031]
[22032 22071]
[22072 22110]
[22111 22166]
[22167 22212]
[22213 22253]
[22254 22277]
[22278 22309]
[22310 22678]
[22679 22809]
[22810 22903]
[22904 23016]
[23017 23059]
[23060 23170]
[23171 23327]
[23328 23390]
[23391 23519]
[23520 23559]
[23560 23611]
[23612 23647]
[23648 23679]
[23680 23715]
[23716 23738]
[23739 23770]
[23771 23858]
[23859 23968]
[23969 24025]
[24026 24125]
[24126 24217]
[24218 24355]
[24356 24433]
[24434 24480]
[24481 24635]
[24636 24737]
[24738 24965]
[24966 25049]
[25050 25153]
[25154 25242]
[25243 25286]
[25287 25456]
[25457 25682]
[25683 25951]
[25953 26028]
[26029 26227]
[26228 26427]
[26428 26561]
[26562 26579]
[26580 26739]
[26740 26825]
[26826 26876]
[26877 27053]
[27054 27060]
[27061 27124]
[27125 27419]
[27420 27499]
