[ 0 32]
[34 53]
[54 73]
[ 75 118]
[120 217]
[218 480]
[481 540]
[541 576]
[577 607]
[608 634]
[635 667]
[668 703]
[704 733]
[734 761]
[762 791]
[792 824]
[825 855]
[856 916]
[917 953]
[954 988]
[ 989 1022]
[1023 1118]
[1119 1425]
[1426 1490]
[1491 1590]
[1591 1640]
[1641 1711]
[1712 1759]
[1760 1884]
[1885 1934]
[1935 1984]
[1985 2034]
[2035 2084]
[2085 2134]
[2135 2172]
[2173 2681]
[2682 2712]
[2713 2757]
[2758 2848]
[2849 2897]
[2898 2928]
[2929 2987]
[2988 3024]
[3025 3077]
[3078 3106]
[3107 3146]
[3147 3187]
[3188 3232]
[3233 3287]
[3288 3330]
[3331 3419]
[3420 3464]
[3465 3505]
[3506 3563]
[3564 3622]
[3623 3668]
[3669 3717]
[3718 3748]
[3749 3883]
[3884 3934]
[3935 3977]
[3978 4041]
[4042 4115]
[4116 4177]
[4178 4236]
[4237 4345]
[4346 4388]
[4389 4442]
[4443 4497]
[4498 4561]
[4562 4595]
[4596 4638]
[4639 4707]
[4708 4769]
[4770 4840]
[4841 4869]
[4870 4919]
[4920 4969]
[4970 4999]
[5000 5040]
[5041 5095]
[5096 5161]
[5162 5298]
[5299 5342]
[5343 5747]
[5748 5849]
[5850 5922]
[5923 5992]
[5993 6058]
[6059 6148]
[6149 6216]
[6217 6285]
[6286 6341]
[6342 6426]
[6427 6547]
[6548 6645]
[6646 6756]
[6757 6840]
[6841 6944]
[6945 7017]
[7018 7139]
[7140 7202]
[7203 7657]
[7658 7768]
[7769 7813]
[7814 7977]
[7978 8019]
[8020 8064]
[8065 8263]
[8264 8433]
[8434 8615]
[8616 8740]
[8741 8819]
[8820 8849]
[8850 8919]
[8920 8990]
[8991 9064]
[9065 9173]
[9174 9290]
[9291 9561]
[9562 9588]
[9589 9614]
[9615 9656]
[9657 9707]
[9708 9811]
[9812 9852]
[9853 9916]
[ 9917 10150]
[10151 10216]
[10217 10244]
[10245 10297]
[10298 10396]
[10397 10484]
[10485 10547]
[10548 10612]
[10613 10674]
[10675 10722]
[10723 10759]
[10760 10802]
[10803 10920]
[10921 10964]
[10965 11009]
[11010 11052]
[11053 11100]
[11101 11149]
[11150 11196]
[11197 11239]
[11240 11276]
[11277 11373]
[11374 11793]
[11794 11882]
[11883 11964]
[11965 12039]
[12040 12095]
[12096 12160]
[12161 12193]
[12194 12304]
[12305 12388]
[12389 12444]
[12445 12481]
[12482 12574]
[12575 12715]
[12716 12815]
[12816 12871]
[12872 12927]
[12928 13000]
[13001 13098]
[13099 13193]
[13194 13541]
[13542 13867]
[13868 13901]
[13902 13939]
[13940 13983]
[13984 14033]
[14034 14095]
[14096 14148]
[14149 14201]
[14202 14243]
[14244 14297]
[14298 14340]
[14341 14381]
[14382 14427]
[14428 14571]
[14572 14617]
[14618 14665]
[14666 14745]
[14746 14820]
[14821 14893]
[14894 14952]
[14953 15010]
[15011 15086]
[15087 15134]
[15135 15189]
[15190 15617]
[15618 15678]
[15679 15791]
[15792 15866]
[15867 16064]
[16065 16141]
[16142 16201]
[16202 16261]
[16262 16311]
[16312 16371]
[16372 16431]
[16432 16542]
[16543 16614]
[16615 16696]
[16697 17104]
[17106 17160]
[17161 17197]
[17198 17236]
[17237 17276]
[17277 17343]
[17344 17397]
[17398 17468]
[17469 17625]
[17626 17762]
[17763 17808]
[17809 17943]
[17944 18021]
[18022 18072]
[18073 18273]
[18274 18343]
[18344 18496]
[18497 18851]
[18852 18918]
[18919 19031]
[19032 19175]
[19176 19214]
[19215 19298]
[19299 19364]
[19365 19437]
[19438 19491]
[19492 19529]
[19530 19601]
[19602 19679]
[19680 19732]
[19733 19774]
[19775 19832]
[19833 19862]
[19863 19920]
[19921 20019]
[20020 20069]
[20070 20138]
[20139 20199]
[20200 20335]
[20336 20492]
[20493 20595]
[20596 20645]
[20646 20703]
[20704 20863]
[20864 20921]
[20922 21266]
[21267 21473]
[21474 21539]
[21540 21605]
[21606 21675]
[21676 21728]
[21729 22058]
[22059 22118]
[22119 22162]
[22163 22200]
[22201 22293]
[22294 22911]
[22912 23373]
[23374 23462]
[23463 23497]
[23498 23557]
[23558 23602]
[23603 23646]
[23647 23696]
[23697 23744]
[23745 23766]
[23767 23799]
[23800 23849]
[23850 23899]
[23900 23937]
[23938 23991]
[23992 24047]
[24048 24113]
[24114 24163]
[24164 24221]
[24222 24275]
[24276 24331]
[24332 24385]
[24386 24432]
[24433 24461]
[24462 24490]
[24491 24775]
[24776 24940]
[24941 25085]
[25086 25253]
[25254 25404]
[25405 25474]
[25475 25557]
[25558 25664]
[25665 25748]
[25749 25850]
[25851 25940]
[25941 26232]
[26233 26373]
[26374 26524]
[26525 26616]
[26617 26672]
[26673 26849]
[26850 26931]
[26932 27220]
[27221 27276]
[27277 27312]
[27313 27372]
[27373 27629]
[27630 27632]
[27633 27695]
[27696 27804]
[27805 27856]
[27857 27929]
[27930 27976]
[27977 28024]
[28025 28032]
[28033 28369]
[28370 28395]
[28396 28433]
[28434 28486]
[28487 28498]
[28499 28522]
[28523 28577]
[28578 28697]
[28698 28797]
[28798 28839]
[28840 28924]
[28925 29015]
[29016 29238]
[29239 29271]
[29272 29335]
[29336 29479]
[29480 29521]
[29522 29605]
[29606 29670]
[29671 29732]
[29733 29875]
[29876 29938]
[29939 30157]
[30158 30266]
[30267 30311]
[30312 30436]
[30437 30561]
[30562 30753]
[30754 30798]
[30799 30847]
[30848 30983]
[30984 31053]
[31054 31130]
[31131 31287]
[31288 31515]
[31516 31661]
[31662 31784]
[31785 31924]
[31925 32034]
[32035 32062]
[32063 32303]
[32304 32399]
