[ 0 29]
[31 50]
[51 70]
[ 72 115]
[117 216]
[217 728]
[729 781]
[782 817]
[818 847]
[848 875]
[876 908]
[909 944]
[945 974]
[ 975 1002]
[1003 1032]
[1033 1119]
[1120 1156]
[1157 1209]
[1210 1546]
[1547 1603]
[1604 1665]
[1666 1718]
[1719 1774]
[1775 1821]
[1822 1875]
[1876 1946]
[1947 2005]
[2006 2074]
[2075 2135]
[2136 2198]
[2199 2259]
[2260 2316]
[2317 2371]
[2372 2429]
[2430 2492]
[2493 2551]
[2552 2601]
[2602 2665]
[2666 2728]
[2729 2802]
[2803 2829]
[2830 2901]
[2902 2971]
[2972 3598]
[3599 3663]
[3664 3716]
[3717 3786]
[3787 3851]
[3852 3915]
[3916 3946]
[3947 4042]
[4043 4147]
[4148 4252]
[4253 4360]
[4361 4412]
[4413 4461]
[4462 4599]
[4600 5084]
[5085 5477]
[5478 5535]
[5536 5595]
[5596 5650]
[5651 5712]
[5713 5773]
[5774 5835]
[5836 5929]
[5930 6005]
[6006 6106]
[6107 6186]
[6187 6319]
[6320 6397]
[6398 6481]
[6482 6547]
[6548 6583]
[6584 6967]
[6968 7022]
[7023 7080]
[7081 7119]
[7120 7154]
[7155 7189]
[7190 7227]
[7228 7419]
[7420 7482]
[7483 7532]
[7533 7653]
[7654 7698]
[7699 7751]
[7752 7945]
[7946 8001]
[8002 8056]
[8057 8113]
[8114 8163]
[8164 8268]
[8269 8315]
[8316 8455]
[8456 8566]
[8567 8568]
[8569 8849]
[8850 8938]
[8939 8977]
[8978 9037]
[9038 9096]
[9097 9148]
[9149 9193]
[9194 9291]
[9292 9342]
[9343 9398]
[9399 9473]
[9474 9673]
[9674 9777]
[9778 9931]
[ 9932 10027]
[10028 10378]
[10379 10658]
[10659 10715]
[10716 10770]
[10771 10790]
[10791 10875]
[10876 10926]
[10927 10977]
[10978 11014]
[11015 11059]
[11060 11127]
[11128 11187]
[11188 11241]
[11242 11286]
[11287 11328]
[11329 11376]
[11377 11449]
[11450 11555]
[11556 11626]
[11627 11675]
[11676 11717]
[11718 11790]
[11791 12153]
[12154 12212]
[12213 12273]
[12274 12324]
[12325 12372]
[12373 12416]
[12417 12457]
[12458 12492]
[12493 12536]
[12537 12582]
[12583 12626]
[12627 12684]
[12685 12736]
[12737 12795]
[12796 12854]
[12855 12929]
[12930 13267]
[13268 13320]
[13321 13367]
[13368 13422]
[13423 13455]
[13456 13505]
[13506 13538]
[13539 13584]
[13585 13741]
[13742 13874]
[13875 14002]
[14003 14123]
[14124 14254]
[14255 14366]
[14367 14420]
[14421 14750]
[14751 14823]
[14824 14880]
[14881 14938]
[14939 14993]
[14994 15101]
[15102 15251]
[15252 15284]
[15286 15323]
[15324 15385]
[15386 15453]
[15454 15520]
[15521 15563]
[15564 15983]
[15984 16101]
[16102 16288]
[16289 16377]
[16378 16498]
[16499 16585]
[16586 16670]
[16671 16759]
[16760 16808]
[16809 16882]
[16883 16981]
[16982 17075]
[17076 17136]
[17137 17230]
[17231 17284]
[17285 17421]
[17422 17489]
[17490 17806]
[17807 17867]
[17868 17915]
[17916 18035]
[18036 18090]
[18091 18229]
[18230 18305]
[18306 18375]
[18376 18419]
[18420 18457]
[18458 18508]
[18509 18565]
[18566 18615]
[18616 18666]
[18667 18715]
[18716 18780]
[18781 19136]
[19137 19201]
[19202 19258]
[19259 19309]
[19310 19358]
[19359 19411]
[19412 19466]
[19467 19513]
[19514 19669]
[19670 19726]
[19727 19837]
[19838 19981]
[19982 20053]
[20054 20110]
[20111 20165]
[20166 20209]
[20210 20564]
[20565 20810]
[20811 20923]
[20924 21093]
[21094 21231]
[21232 21485]
[21486 21864]
[21865 22660]
[22661 22852]
[22853 23208]
[23209 23715]
[23716 24066]
[24067 24429]
[24430 24514]
[24515 24622]
[24623 24737]
[24738 24759]
[24760 24819]
[24820 24844]
[24845 24894]
[24895 24945]
[24946 24988]
[24989 25024]
[25025 25063]
[25064 25214]
[25215 25269]
[25270 25321]
[25322 25368]
[25369 25437]
[25438 25496]
[25497 25552]
[25553 25638]
[25639 25737]
[25738 26133]
[26134 26409]
[26410 26467]
[26468 26545]
[26546 26579]
[26580 26648]
[26649 26746]
[26747 26781]
[26782 27059]
[27060 27102]
[27103 27136]
[27137 27167]
[27168 27199]
[27200 27249]
[27250 27283]
[27284 27633]
[27634 27758]
[27759 27826]
[27827 27891]
[27892 27980]
[27981 28067]
[28068 28165]
[28166 28312]
[28313 28406]
[28407 28436]
[28437 28535]
[28536 28635]
[28636 28715]
[28716 28903]
[28904 29024]
[29025 29107]
[29108 29203]
[29204 29261]
[29262 29441]
[29442 29703]
[29704 29851]
[29852 30021]
[30022 30092]
[30093 30315]
[30316 30430]
[30431 30531]
[30532 30699]
[30700 30797]
[30798 30853]
[30854 31100]
[31101 31225]
[31226 31471]
[31472 31762]
[31763 31890]
[31891 32008]
[32009 32088]
[32089 32665]
[32666 32749]
