[ 0 22]
[24 43]
[44 63]
[ 65 108]
[110 213]
[214 534]
[535 557]
[558 579]
[580 605]
[606 635]
[636 664]
[665 698]
[699 743]
[744 787]
[788 835]
[836 875]
[876 908]
[909 963]
[ 964 1422]
[1423 1456]
[1457 1592]
[1593 1649]
[1650 1752]
[1753 1800]
[1801 1840]
[1841 1876]
[1877 1922]
[1923 1987]
[1988 2085]
[2086 2131]
[2132 2168]
[2169 2187]
[2188 2229]
[2230 2282]
[2283 2332]
[2333 2370]
[2371 2400]
[2401 2442]
[2443 2476]
[2477 2591]
[2592 2654]
[2655 2713]
[2714 2735]
[2736 2792]
[2793 2894]
[2895 2939]
[2940 2996]
[2997 3027]
[3028 3486]
[3487 3543]
[3544 3604]
[3605 3656]
[3657 3711]
[3712 3761]
[3762 3817]
[3818 3866]
[3867 3927]
[3928 4021]
[4022 4080]
[4081 4145]
[4146 4175]
[4176 4269]
[4270 4289]
[4290 4319]
[4320 4357]
[4358 4471]
[4472 4504]
[4505 4528]
[4529 4583]
[4584 4637]
[4638 4691]
[4692 4733]
[4734 4831]
[4832 4862]
[4863 4892]
[4893 4932]
[4933 4962]
[4963 5010]
[5011 5422]
[5423 5528]
[5529 5554]
[5555 5589]
[5590 5703]
[5704 5803]
[5804 5911]
[5912 5968]
[5969 6033]
[6034 6099]
[6100 6198]
[6199 6323]
[6324 6620]
[6621 6855]
[6856 6921]
[6922 6984]
[6985 7035]
[7036 7099]
[7100 7147]
[7148 7201]
[7202 7264]
[7265 7314]
[7315 7368]
[7369 7436]
[7437 7497]
[7498 7553]
[7554 7606]
[7607 7664]
[7665 7707]
[7708 7753]
[7754 7800]
[7801 7838]
[7839 8101]
[8102 8164]
[8165 8264]
[8265 8311]
[8312 8375]
[8376 8434]
[8436 8490]
[8491 8530]
[8531 8587]
[8588 8626]
[8627 8656]
[8658 8740]
[8741 8784]
[8785 8859]
[8860 8887]
[8888 8917]
[8918 8978]
[8979 9066]
[9067 9179]
[9180 9404]
[9405 9485]
[9486 9722]
[9723 9779]
[9780 9839]
[9840 9910]
[9911 9960]
[ 9961 10032]
[10033 10115]
[10116 10232]
[10233 10565]
[10566 11061]
[11062 11300]
[11301 11607]
[11608 11730]
[11731 11864]
[11865 11909]
[11910 12181]
[12182 12470]
[12471 12506]
[12507 12550]
[12551 12595]
[12596 12632]
[12633 12675]
[12676 12725]
[12726 12766]
[12767 12804]
[12805 12855]
[12856 12909]
[12910 12952]
[12953 12980]
[12981 13046]
[13047 13395]
[13396 13496]
[13497 13599]
[13600 13669]
[13670 13844]
[13845 13994]
[13995 14136]
[14137 14256]
[14257 14364]
[14365 14447]
[14448 14541]
[14542 14600]
[14601 14915]
[14916 14995]
[14996 15086]
[15087 15146]
[15147 15208]
[15209 15280]
[15281 15314]
[15315 15362]
[15363 15433]
[15434 15488]
[15489 15522]
[15523 15595]
[15596 15646]
[15647 15736]
[15737 15788]
[15789 15843]
[15844 16199]
[16200 16285]
[16286 16324]
[16325 16373]
[16374 16419]
[16420 16458]
[16459 16703]
[16704 16769]
[16770 16822]
[16823 16870]
[16871 16892]
[16893 16923]
[16924 16949]
[16950 16972]
[16973 17011]
[17012 17037]
[17038 17072]
[17073 17086]
[17087 17189]
[17190 17262]
[17263 17341]
[17342 17639]
[17640 17707]
[17708 17776]
[17777 17851]
[17852 17896]
[17897 17953]
[17954 18024]
[18025 18192]
[18193 18261]
[18262 18333]
[18334 18425]
[18426 18513]
[18514 18647]
[18648 18784]
[18785 19115]
[19116 19206]
[19207 19344]
[19345 19446]
[19447 19494]
[19495 19552]
[19553 19614]
[19615 19713]
[19714 19846]
[19847 19893]
[19894 19954]
[19955 20095]
[20096 20154]
[20155 20214]
[20215 20269]
[20270 20335]
[20336 20382]
[20383 20420]
[20421 20715]
[20716 20819]
[20820 20908]
[20909 21009]
[21010 21092]
[21093 21190]
[21191 21299]
[21300 21384]
[21385 21468]
[21469 21628]
[21629 21985]
[21986 22173]
[22174 22320]
[22321 22490]
[22491 22591]
[22592 22706]
[22707 22780]
[22781 22833]
[22834 23067]
[23068 23109]
[23110 23386]
[23387 23551]
[23552 23805]
[23806 23855]
[23856 23896]
[23897 23950]
[23951 23988]
[23989 24026]
[24027 24075]
[24076 24136]
[24137 24480]
[24481 24773]
[24774 24873]
[24874 24927]
[24928 24973]
[24974 25011]
[25012 25068]
[25069 25110]
[25111 25151]
[25152 25201]
[25202 25251]
[25252 25305]
[25306 25355]
[25356 25389]
[25390 25670]
[25671 25758]
[25759 25824]
[25825 25843]
[25844 25918]
[25919 25969]
[25970 26088]
[26089 26220]
[26221 26272]
[26273 26417]
[26418 26521]
[26522 26620]
[26621 26690]
[26691 26986]
[26987 27081]
[27082 27122]
[27123 27173]
[27174 27269]
[27270 27324]
[27325 27433]
[27434 27551]
[27552 27640]
[27641 27763]
[27764 28078]
[28079 28181]
[28182 28236]
[28237 28302]
[28303 28351]
[28352 28413]
[28414 28458]
[28459 28523]
[28524 28556]
[28557 28576]
[28577 28644]
[28645 28690]
[28691 28732]
[28733 28780]
[28781 28834]
[28835 29128]
[29129 29199]
