[ 0 22]
[24 43]
[44 63]
[ 65 108]
[110 187]
[189 492]
[493 551]
[552 578]
[579 603]
[604 626]
[627 653]
[654 678]
[679 704]
[705 725]
[726 752]
[753 776]
[777 802]
[803 830]
[831 857]
[858 884]
[885 906]
[907 927]
[928 958]
[959 981]
[ 982 1007]
[1008 1035]
[1036 1126]
[1127 1648]
[1649 1724]
[1725 1813]
[1814 1874]
[1875 1980]
[1981 2047]
[2048 2185]
[2186 2398]
[2399 2464]
[2465 2531]
[2532 2660]
[2661 2754]
[2755 3309]
[3310 3405]
[3406 3494]
[3495 3531]
[3532 3684]
[3685 3713]
[3714 3760]
[3761 3833]
[3834 3952]
[3953 3991]
[3992 4022]
[4023 4063]
[4064 4108]
[4109 4154]
[4155 4198]
[4199 4258]
[4259 4347]
[4348 4440]
[4441 4515]
[4516 4688]
[4689 4807]
[4808 5279]
[5280 5339]
[5340 5383]
[5384 5483]
[5484 5562]
[5563 5601]
[5602 5710]
[5711 5800]
[5801 5879]
[5880 5961]
[5962 6002]
[6003 6227]
[6228 6249]
[6250 6275]
[6276 6401]
[6402 6486]
[6487 6571]
[6572 6620]
[6621 6668]
[6669 6761]
[6762 6856]
[6857 6918]
[6919 7496]
[7497 7548]
[7549 7590]
[7591 7628]
[7629 7663]
[7664 7712]
[7713 7757]
[7758 7826]
[7827 7866]
[7867 7875]
[7876 7907]
[7908 7953]
[7954 7984]
[7985 8019]
[8020 8062]
[8063 8101]
[8102 8130]
[8131 8186]
[8187 8306]
[8307 8346]
[8347 8385]
[8386 8528]
[8529 8629]
[8630 8735]
[8736 8835]
[8836 8890]
[8891 8951]
[8952 8980]
[8981 9351]
[9352 9384]
[9385 9437]
[9438 9483]
[9484 9531]
[9532 9567]
[9568 9598]
[9599 9822]
[9823 9908]
[9909 9959]
[ 9960 10013]
[10014 10148]
[10149 10236]
[10237 10349]
[10350 10469]
[10470 10572]
[10573 10661]
[10662 10737]
[10738 10768]
[10769 10847]
[10848 11380]
[11381 11549]
[11550 11720]
[11721 11901]
[11902 11974]
[11975 12171]
[12172 12763]
[12764 12874]
[12875 12946]
[12947 13046]
[13047 13118]
[13119 13148]
[13149 13274]
[13275 13420]
[13421 13524]
[13525 13636]
[13637 13659]
[13660 13774]
[13775 13860]
[13861 13985]
[13986 14040]
[14041 14346]
[14347 14385]
[14386 14501]
[14502 14564]
[14565 14616]
[14617 14683]
[14684 14714]
[14715 15194]
[15195 15258]
[15259 15318]
[15319 15371]
[15372 15425]
[15426 15477]
[15478 15545]
[15546 15619]
[15620 15673]
[15674 15720]
[15721 15759]
[15760 16187]
[16188 16231]
[16232 16271]
[16272 16322]
[16323 16360]
[16361 16403]
[16404 16439]
[16440 16486]
[16487 16534]
[16535 16576]
[16577 16628]
[16629 16710]
[16711 16751]
[16752 16792]
[16793 16825]
[16826 16870]
[16871 16925]
[16926 16971]
[16972 17014]
[17015 17047]
[17048 17085]
[17086 17120]
[17121 17158]
[17159 17199]
[17200 17241]
[17242 17654]
[17655 17718]
[17719 17876]
[17877 18047]
[18048 18241]
[18242 18374]
[18375 18446]
[18447 18625]
[18626 18746]
[18747 18859]
[18860 18912]
[18913 18942]
[18943 18981]
[18982 19018]
[19019 19042]
[19043 19094]
[19095 19370]
[19371 19434]
[19435 19494]
[19495 19584]
[19585 19658]
[19659 19728]
[19729 19770]
[19771 19875]
[19876 20029]
[20030 20159]
[20161 20214]
[20215 20348]
[20349 20371]
[20372 20394]
[20395 20429]
[20430 20459]
[20460 20514]
[20515 20538]
[20539 20560]
[20561 20649]
[20650 20985]
[20986 21678]
[21679 21750]
[21751 21820]
[21821 21889]
[21890 21933]
[21934 21981]
[21982 22009]
[22010 22312]
[22313 22377]
[22378 22411]
[22412 22497]
[22498 22566]
[22567 22627]
[22628 22672]
[22673 22745]
[22746 22792]
[22793 22844]
[22845 22899]
[22900 22932]
[22933 23027]
[23028 23139]
[23140 23186]
[23187 23212]
[23213 23521]
[23522 23617]
[23618 24026]
[24027 24137]
[24138 24221]
[24222 24268]
[24269 24334]
[24335 24485]
[24486 24572]
[24573 24718]
[24719 24951]
[24952 25006]
[25007 25018]
[25019 25108]
[25109 25304]
[25305 25409]
[25410 25443]
[25444 25501]
[25502 25576]
[25577 25619]
[25620 25677]
[25678 25766]
[25767 25853]
[25854 26035]
[26036 26092]
[26093 26145]
[26146 26196]
[26197 26244]
[26245 26288]
[26289 26362]
[26363 26597]
[26598 26757]
[26758 26826]
[26827 26968]
[26969 27062]
[27063 27189]
[27190 27312]
[27313 27410]
[27411 27840]
[27841 27884]
[27885 27951]
[27952 27983]
[27984 28010]
[28011 28062]
[28063 28134]
[28135 28207]
[28208 28276]
[28277 28341]
[28342 28448]
[28449 28515]
[28516 28546]
[28547 28585]
[28586 28646]
[28647 28702]
[28703 28720]
[28721 28752]
[28753 28783]
[28784 28815]
[28816 29070]
[29071 29123]
[29124 29192]
[29193 29246]
[29247 29300]
[29301 29371]
[29372 29441]
[29442 29519]
[29520 29581]
[29582 29651]
[29652 29723]
[29725 29799]
[29800 30219]
[30220 30349]
[30350 30527]
[30528 30678]
[30680 30936]
[30937 30999]
