[ 0 26]
[28 47]
[48 67]
[ 69 112]
[114 200]
[201 625]
[626 683]
[684 709]
[710 736]
[737 762]
[763 787]
[788 810]
[811 840]
[841 868]
[869 900]
[901 935]
[936 960]
[ 961 1005]
[1006 1032]
[1033 1059]
[1060 1264]
[1265 1814]
[1816 2186]
[2187 3323]
[3324 3394]
[3395 3459]
[3460 3522]
[3523 3581]
[3582 3662]
[3663 3767]
[3768 3814]
[3815 3850]
[3851 3912]
[3913 3959]
[3960 4006]
[4007 4027]
[4028 4101]
[4102 4144]
[4145 4181]
[4182 4225]
[4226 4266]
[4267 4331]
[4332 4350]
[4351 4452]
[4453 4472]
[4473 4549]
[4550 4660]
[4661 4692]
[4693 4750]
[4751 4854]
[4855 4874]
[4875 4948]
[4949 5007]
[5008 5082]
[5083 5166]
[5167 5240]
[5241 5284]
[5285 5325]
[5326 5345]
[5346 5401]
[5402 5471]
[5472 5534]
[5535 5604]
[5605 5680]
[5681 5715]
[5716 5796]
[5797 5834]
[5835 5874]
[5875 5920]
[5921 6344]
[6345 6433]
[6434 6522]
[6523 6602]
[6603 6698]
[6699 6799]
[6800 6841]
[6842 6900]
[6901 6967]
[6968 6997]
[6998 7076]
[7077 7524]
[7525 7632]
[7633 7716]
[7717 8036]
[8037 8081]
[8082 8163]
[8164 8231]
[8232 8331]
[8332 8442]
[8443 8498]
[8499 8612]
[8613 8654]
[8655 8744]
[8745 8863]
[8864 8947]
[8948 9065]
[9066 9109]
[9110 9153]
[9154 9190]
[9191 9247]
[9248 9412]
[9413 9493]
[9494 9877]
[9878 9902]
[9903 9973]
[ 9974 10070]
[10071 10150]
[10151 10201]
[10202 10261]
[10262 10307]
[10308 10373]
[10374 10438]
[10439 10480]
[10481 10649]
[10650 10707]
[10708 10866]
[10867 10932]
[10933 11050]
[11051 11141]
[11142 11163]
[11164 11218]
[11219 11281]
[11282 11356]
[11357 11391]
[11392 11448]
[11449 11502]
[11503 11535]
[11536 11594]
[11595 11631]
[11632 11682]
[11683 11730]
[11731 11780]
[11781 11826]
[11827 11857]
[11858 11931]
[11932 12387]
[12388 12558]
[12559 12710]
[12711 12883]
[12884 13356]
[13357 13436]
[13437 13473]
[13474 13565]
[13566 13636]
[13637 13709]
[13710 13762]
[13763 14113]
[14114 14146]
[14147 14256]
[14257 14333]
[14334 14436]
[14437 14529]
[14530 14590]
[14591 14636]
[14637 15150]
[15151 15356]
[15357 15457]
[15458 15504]
[15505 15597]
[15598 15636]
[15637 15681]
[15682 15746]
[15747 15784]
[15785 15827]
[15828 15945]
[15946 16008]
[16009 16096]
[16097 16165]
[16166 16198]
[16199 16230]
[16231 16252]
[16253 16354]
[16355 16655]
[16656 16742]
[16743 16787]
[16788 16842]
[16843 16917]
[16918 16981]
[16982 17022]
[17023 17055]
[17056 17092]
[17093 17113]
[17114 17203]
[17204 17281]
[17282 17333]
[17334 17390]
[17391 17437]
[17438 17489]
[17490 17529]
[17530 17541]
[17542 17577]
[17578 17607]
[17608 17914]
[17915 17973]
[17974 18074]
[18075 18118]
[18119 18195]
[18196 18276]
[18277 18330]
[18331 18418]
[18419 18471]
[18472 18516]
[18517 18553]
[18554 18623]
[18624 18666]
[18667 18700]
[18701 18766]
[18767 18814]
[18815 18855]
[18856 18904]
[18905 18969]
[18970 19305]
[19306 19564]
[19565 19615]
[19616 19792]
[19793 19857]
[19858 19887]
[19888 19931]
[19932 19955]
[19956 19974]
[19975 20033]
[20034 20088]
[20089 20124]
[20125 20146]
[20147 20181]
[20182 20273]
[20274 20325]
[20326 20459]
[20460 20528]
[20529 20585]
[20586 20730]
[20731 21060]
[21061 21163]
[21164 21169]
[21170 21246]
[21247 21320]
[21321 21410]
[21411 21447]
[21448 21487]
[21488 21531]
[21532 21587]
[21588 21679]
[21680 21801]
[21802 21843]
[21844 21919]
[21920 21970]
[21971 22072]
[22073 22107]
[22108 22146]
[22147 22183]
[22184 22316]
[22317 22391]
[22392 22422]
[22423 22457]
[22458 22785]
[22786 23001]
[23002 23125]
[23126 23267]
[23268 23429]
[23430 23518]
[23519 23646]
[23647 23924]
[23925 24107]
[24108 24365]
[24366 24887]
[24888 25220]
[25221 25708]
[25709 25958]
[25959 26212]
[26213 26519]
[26520 26584]
[26585 26664]
[26665 26736]
[26737 26820]
[26821 27000]
[27001 27071]
[27072 27131]
[27132 27154]
[27155 27450]
[27451 27574]
[27575 27894]
[27895 28027]
[28028 28118]
[28119 28185]
[28186 28197]
[28198 28245]
[28246 28306]
[28307 28416]
[28417 28489]
[28490 28698]
[28699 28716]
[28717 28756]
[28757 29062]
[29063 29192]
[29193 29258]
[29259 29310]
[29311 29442]
[29443 29507]
[29508 29703]
[29704 29756]
[29757 29835]
[29836 29896]
[29897 29977]
[29978 30041]
[30042 30342]
[30343 30399]
