[ 0 31]
[33 52]
[53 72]
[ 74 117]
[119 208]
[209 533]
[534 587]
[588 623]
[624 653]
[654 681]
[682 714]
[715 754]
[755 784]
[785 811]
[812 838]
[839 871]
[872 902]
[903 933]
[934 963]
[ 964 1045]
[1046 1160]
[1161 1731]
[1732 1789]
[1790 1851]
[1852 1909]
[1910 1937]
[1938 1967]
[1968 2020]
[2021 2086]
[2087 2131]
[2132 2171]
[2172 2336]
[2337 2376]
[2377 2415]
[2416 2444]
[2445 2475]
[2476 2583]
[2584 2823]
[2824 2874]
[2875 2909]
[2910 2940]
[2941 2982]
[2983 3100]
[3101 3132]
[3133 3166]
[3167 3201]
[3202 3478]
[3479 3531]
[3532 3582]
[3583 3663]
[3664 3733]
[3734 3807]
[3808 3902]
[3903 3960]
[3961 3980]
[3981 4144]
[4145 4207]
[4208 4258]
[4259 4320]
[4321 4504]
[4505 4574]
[4575 4636]
[4637 4708]
[4709 4777]
[4778 4903]
[4904 5428]
[5429 5465]
[5466 5495]
[5496 5523]
[5524 5552]
[5553 5566]
[5567 5589]
[5590 5620]
[5621 5633]
[5634 5659]
[5660 5866]
[5867 5948]
[5949 5979]
[5980 6069]
[6070 6137]
[6138 6170]
[6171 6185]
[6186 6200]
[6201 6211]
[6212 6240]
[6241 6274]
[6275 6309]
[6310 6334]
[6335 6408]
[6409 6522]
[6523 6572]
[6573 6634]
[6635 6674]
[6675 6756]
[6757 6787]
[6788 7229]
[7230 7269]
[7270 7296]
[7297 7333]
[7334 7365]
[7366 7390]
[7391 7432]
[7433 7605]
[7606 7651]
[7652 7691]
[7692 7735]
[7736 7763]
[7764 7935]
[7936 7978]
[7979 8036]
[8037 8094]
[8095 8133]
[8134 8182]
[8183 8380]
[8381 8430]
[8431 8463]
[8464 8501]
[8502 8558]
[8559 8602]
[8603 8651]
[8652 8690]
[8691 8732]
[8733 8781]
[8782 8838]
[8839 8882]
[8883 8927]
[8928 8970]
[8971 9018]
[9019 9067]
[9068 9114]
[9115 9157]
[9158 9194]
[9195 9273]
[9274 9677]
[9678 9786]
[9787 9850]
[9851 9925]
[9926 9996]
[ 9997 10067]
[10068 10139]
[10140 10170]
[10171 10464]
[10465 10495]
[10496 10569]
[10570 10638]
[10639 10685]
[10686 10743]
[10744 10798]
[10799 10831]
[10832 10880]
[10881 10925]
[10926 10960]
[10961 11001]
[11002 11046]
[11047 11443]
[11444 11610]
[11611 11778]
[11779 11885]
[11886 11982]
[11983 12102]
[12103 12138]
[12139 12225]
[12226 12295]
[12296 12330]
[12331 12433]
[12434 12656]
[12657 12776]
[12777 12797]
[12798 12928]
[12929 13252]
[13253 13505]
[13506 14040]
[14041 14097]
[14098 14131]
[14132 14235]
[14236 14412]
[14413 14456]
[14457 14511]
[14512 14557]
[14558 14634]
[14635 14695]
[14696 14754]
[14755 14795]
[14796 14856]
[14857 14920]
[14921 14963]
[14964 15142]
[15143 15198]
[15199 15257]
[15258 15298]
[15299 15332]
[15333 15372]
[15373 15431]
[15432 15471]
[15472 15511]
[15512 15552]
[15553 15775]
[15776 15935]
[15936 15988]
[15989 16080]
[16081 16176]
[16177 16271]
[16272 16358]
[16359 16656]
[16657 16756]
[16757 16855]
[16856 16972]
[16973 17082]
[17083 17265]
[17266 17585]
[17586 17681]
[17682 17781]
[17782 17870]
[17871 17958]
[17959 18056]
[18057 18239]
[18240 18392]
[18393 18539]
[18540 18715]
[18716 18863]
[18864 18993]
[18994 19305]
[19306 19453]
[19454 19589]
[19590 19741]
[19742 19884]
[19885 20017]
[20018 20093]
[20094 20553]
[20554 20588]
[20589 20629]
[20630 20700]
[20701 20774]
[20775 20781]
[20782 20828]
[20829 20910]
[20911 20938]
[20939 20997]
[20998 21039]
[21040 21076]
[21077 21110]
[21111 21162]
[21163 21211]
[21212 21239]
[21240 21277]
[21278 21351]
[21352 21437]
[21438 21511]
[21512 21560]
[21561 21628]
[21629 21989]
[21990 22162]
[22163 22304]
[22305 22438]
[22439 22613]
[22614 22928]
[22929 22984]
[22985 23039]
[23040 23109]
[23110 23178]
[23179 23251]
[23252 23314]
[23315 23454]
[23455 23535]
[23536 23615]
[23616 23718]
[23719 23803]
[23804 23890]
[23891 23970]
[23971 24224]
[24225 24422]
[24423 24726]
[24727 24803]
[24804 24854]
[24855 25254]
[25255 25470]
[25471 25625]
[25626 25728]
[25729 25990]
[25991 26046]
[26047 26104]
[26105 26174]
[26175 26216]
[26217 26274]
[26275 26318]
[26319 26363]
[26364 26406]
[26407 26454]
[26455 26503]
[26504 26550]
[26551 26593]
[26594 26630]
[26631 26718]
[26719 27226]
[27227 27259]
[27260 27288]
[27289 27305]
[27306 27356]
[27357 27421]
[27422 27636]
[27637 27642]
[27643 27732]
[27733 27896]
[27897 27913]
[27914 27971]
[27972 28041]
[28042 28096]
[28097 28146]
[28147 28370]
[28371 28472]
[28473 28598]
[28599 28618]
[28619 28776]
[28777 28906]
[28907 28955]
[28956 29001]
[29002 29066]
[29067 29172]
[29173 29302]
[29303 29461]
[29462 29561]
[29562 29676]
[29677 29762]
[29763 29819]
[29820 30019]
[30020 30067]
[30068 30140]
[30141 30189]
[30190 30359]
[30360 30440]
[30441 30463]
[30464 30520]
[30521 30596]
[30597 30667]
[30668 30759]
[30760 30872]
[30873 31065]
[31066 31126]
[31127 31231]
[31232 31400]
[31401 31875]
[31877 31961]
[31962 32067]
[32068 32242]
[32243 32375]
[32376 32456]
[32457 32563]
[32564 33011]
[33012 33390]
[33392 33706]
[33708 33749]
