[ 0 25]
[27 46]
[47 66]
[ 68 111]
[113 194]
[196 487]
[488 548]
[549 584]
[585 614]
[615 642]
[643 675]
[676 701]
[702 737]
[738 765]
[766 799]
[800 836]
[837 867]
[868 894]
[895 914]
[915 964]
[ 965 1439]
[1440 1515]
[1516 1595]
[1596 1676]
[1677 1731]
[1732 1758]
[1759 1822]
[1823 1874]
[1875 1960]
[1961 2028]
[2029 2091]
[2092 2161]
[2162 2323]
[2324 2384]
[2385 2450]
[2451 2493]
[2494 2618]
[2619 2784]
[2785 2904]
[2905 3407]
[3408 3448]
[3449 3504]
[3505 3605]
[3606 3663]
[3664 3710]
[3711 3758]
[3759 3804]
[3805 3871]
[3872 3950]
[3951 4050]
[4051 4180]
[4181 4258]
[4259 4347]
[4348 4417]
[4418 4471]
[4472 4543]
[4544 4600]
[4601 4652]
[4653 4717]
[4718 4763]
[4764 4798]
[4799 4864]
[4865 5297]
[5298 5433]
[5434 5483]
[5484 5538]
[5539 5639]
[5640 5707]
[5708 5951]
[5952 6110]
[6111 6160]
[6161 6210]
[6211 6248]
[6249 6375]
[6376 6428]
[6429 6491]
[6492 6580]
[6581 6679]
[6680 6752]
[6753 6837]
[6838 7269]
[7270 7318]
[7319 7389]
[7390 7452]
[7453 7583]
[7584 7643]
[7644 7852]
[7853 7910]
[7911 7968]
[7969 8112]
[8113 8187]
[8188 8265]
[8266 8363]
[8364 8434]
[8435 8519]
[8520 8573]
[8574 8643]
[8644 8700]
[8701 8812]
[8813 8929]
[8930 9262]
[9263 9394]
[9395 9449]
[9450 9480]
[9481 9544]
[9545 9614]
[9615 9682]
[9683 9740]
[9741 9864]
[9865 9952]
[ 9953 10015]
[10016 10117]
[10118 10178]
[10179 10235]
[10236 10297]
[10298 10357]
[10358 10416]
[10417 10477]
[10478 10532]
[10533 10642]
[10643 10954]
[10955 11044]
[11045 11097]
[11098 11172]
[11173 11201]
[11202 11258]
[11259 11307]
[11308 11348]
[11349 11386]
[11387 11439]
[11440 11491]
[11492 11527]
[11528 11569]
[11570 11635]
[11636 11667]
[11668 11720]
[11721 11758]
[11759 11793]
[11794 11828]
[11829 11908]
[11909 12028]
[12029 12098]
[12099 12224]
[12225 12300]
[12301 12344]
[12345 12360]
[12361 12363]
[12364 12775]
[12776 12855]
[12856 12909]
[12910 12973]
[12974 13066]
[13067 13185]
[13186 13278]
[13279 13364]
[13365 13450]
[13451 13508]
[13509 13578]
[13579 13699]
[13700 13751]
[13752 13825]
[13826 14183]
[14184 14293]
[14294 14472]
[14473 14525]
[14526 14615]
[14616 14679]
[14680 14699]
[14700 14874]
[14875 14992]
[14993 15339]
[15340 15474]
[15475 15550]
[15551 15618]
[15619 15772]
[15773 15866]
[15867 15989]
[15990 16112]
[16113 16206]
[16207 16297]
[16298 16398]
[16399 16482]
[16483 16546]
[16547 16575]
[16576 16648]
[16649 16726]
[16727 16825]
[16826 17148]
[17149 17202]
[17203 17352]
[17353 17405]
[17406 17606]
[17607 17673]
[17674 17769]
[17770 18059]
[18060 18133]
[18134 18241]
[18242 18591]
[18592 18595]
[18596 18613]
[18614 18675]
[18676 18708]
[18709 18736]
[18737 18769]
[18770 18800]
[18801 18826]
[18827 18855]
[18856 18920]
[18921 18999]
[19000 19112]
[19113 19398]
[19399 19487]
[19488 19556]
[19557 19651]
[19652 19746]
[19747 19816]
[19817 19847]
[19848 19903]
[19904 19999]
[20000 20102]
[20103 20162]
[20163 20237]
[20238 20309]
[20310 20318]
[20319 20402]
[20403 20488]
[20489 20551]
[20552 20758]
[20759 20797]
[20798 20945]
[20946 21074]
[21075 21206]
[21207 21240]
[21241 21414]
[21415 21492]
[21493 21563]
[21564 21619]
[21620 21956]
[21957 22091]
[22092 22162]
[22163 22224]
[22225 22280]
[22281 22344]
[22345 22394]
[22395 22453]
[22454 22501]
[22502 22564]
[22565 22628]
[22629 22719]
[22720 23082]
[23083 23151]
[23152 23192]
[23193 23261]
[23262 23432]
[23433 23521]
[23522 23591]
[23592 23681]
[23682 23741]
[23742 23818]
[23819 23876]
[23877 24084]
[24085 24266]
[24267 24353]
[24354 24507]
[24508 24716]
[24717 24733]
[24734 24924]
[24925 24976]
[24977 25037]
[25038 25135]
[25136 25377]
[25378 25423]
[25424 25531]
[25532 25669]
[25670 25763]
[25764 25822]
[25823 25863]
[25864 25890]
[25891 25985]
[25986 26022]
[26023 26110]
[26111 26135]
[26136 26248]
[26249 26297]
[26298 26325]
[26326 26433]
[26434 26465]
[26466 26566]
[26567 26667]
[26668 26759]
[26760 26798]
[26799 27095]
[27096 27149]
