[ 0 24]
[26 45]
[46 65]
[ 67 111]
[112 199]
[200 500]
[501 559]
[560 598]
[599 637]
[638 686]
[687 720]
[721 753]
[754 810]
[811 877]
[878 935]
[936 995]
[ 996 1034]
[1035 1137]
[1138 1546]
[1548 1856]
[1858 2048]
[2050 2176]
[2177 2303]
[2304 2395]
[2396 2549]
[2550 3010]
[3011 3086]
[3087 3124]
[3125 3162]
[3163 3207]
[3208 3226]
[3227 3265]
[3266 3428]
[3429 3490]
[3491 3528]
[3529 3573]
[3574 3604]
[3605 3649]
[3650 3714]
[3715 4007]
[4008 4035]
[4036 4185]
[4186 4291]
[4292 4352]
[4353 4399]
[4400 4455]
[4456 4518]
[4519 4843]
[4844 4875]
[4876 4912]
[4913 5032]
[5033 5073]
[5074 5107]
[5108 5139]
[5140 5285]
[5286 5352]
[5353 5407]
[5408 5509]
[5510 5601]
[5602 5669]
[5670 5717]
[5718 5780]
[5781 5880]
[5881 5938]
[5939 6014]
[6015 6074]
[6075 6109]
[6110 6159]
[6160 6204]
[6205 6303]
[6305 6429]
[6430 6551]
[6552 6672]
[6673 6789]
[6790 6876]
[6877 6976]
[6977 7052]
[7053 7102]
[7103 7138]
[7139 7215]
[7216 7313]
[7314 7333]
[7334 7384]
[7385 7432]
[7433 7481]
[7482 7532]
[7533 7594]
[7595 7665]
[7666 7716]
[7717 7776]
[7777 7834]
[7835 7868]
[7869 7900]
[7901 7920]
[7921 8017]
[8018 8102]
[8103 8184]
[8185 8310]
[8311 8369]
[8370 8441]
[8442 8502]
[8503 8577]
[8578 8663]
[8664 8722]
[8723 8804]
[8805 9058]
[9059 9554]
[ 9555 10695]
[10697 11183]
[11184 11721]
[11722 11769]
[11770 11806]
[11807 11847]
[11848 11901]
[11902 11972]
[11973 12011]
[12012 12067]
[12068 12505]
[12506 12607]
[12608 12711]
[12712 12807]
[12808 12905]
[12906 12977]
[12978 13055]
[13056 13152]
[13153 13241]
[13242 13328]
[13329 13486]
[13487 13843]
[13844 13919]
[13920 14017]
[14018 14081]
[14082 14133]
[14134 14186]
[14187 14285]
[14286 14378]
[14379 14442]
[14443 14500]
[14501 14537]
[14538 14571]
[14572 14655]
[14656 14719]
[14720 14761]
[14762 14797]
[14798 15039]
[15041 15105]
[15106 15154]
[15155 15199]
[15200 15252]
[15253 15320]
[15321 15386]
[15387 15428]
[15429 15465]
[15466 15508]
[15509 15634]
[15635 15794]
[15795 15851]
[15852 15918]
[15919 16004]
[16005 16077]
[16078 16156]
[16157 16549]
[16551 16774]
[16775 16873]
[16874 17004]
[17005 17097]
[17098 17170]
[17171 17213]
[17214 17433]
[17434 17526]
[17527 17589]
[17590 17675]
[17676 17759]
[17760 17817]
[17818 17859]
[17860 17968]
[17969 18223]
[18225 18293]
[18294 18328]
[18329 18410]
[18411 18530]
[18531 18702]
[18703 18754]
[18755 18805]
[18806 18877]
[18878 18958]
[18959 19113]
[19114 19188]
[19189 19306]
[19307 19354]
[19355 19401]
[19402 19469]
[19470 19843]
[19844 19913]
[19914 19999]
[20000 20092]
[20093 20174]
[20175 20299]
[20300 20478]
[20479 20562]
[20563 20639]
[20640 20724]
[20725 20819]
[20820 20980]
[20981 21028]
[21029 21065]
[21066 21106]
[21107 21160]
[21161 21270]
[21271 21326]
[21327 21419]
[21420 21698]
[21699 21824]
[21825 21923]
[21924 22033]
[22034 22119]
[22120 22215]
[22216 22300]
[22301 22387]
[22388 22478]
[22479 22568]
[22569 22665]
[22666 22703]
[22704 22789]
[22790 22871]
[22872 22959]
[22960 23029]
[23030 23068]
[23069 23196]
[23197 23500]
[23501 23586]
[23587 23688]
[23689 23792]
[23793 23889]
[23890 23951]
[23952 24038]
[24039 24119]
[24120 24177]
[24178 24261]
[24262 24351]
[24352 24425]
[24426 24458]
[24459 24786]
[24787 24857]
[24858 24934]
[24935 25007]
[25008 25083]
[25084 25157]
[25158 25215]
[25216 25282]
[25283 25359]
[25360 25440]
[25441 25793]
[25794 25889]
[25890 25985]
[25986 26041]
[26042 26086]
[26087 26149]
[26150 26304]
[26305 26398]
[26399 26449]
[26450 26509]
[26510 26568]
[26569 26642]
[26643 26703]
[26704 26776]
[26777 26801]
[26802 26851]
[26852 26888]
[26889 26953]
[26954 27223]
[27224 27343]
[27344 27468]
[27469 27577]
[27578 27667]
[27668 27887]
[27888 28233]
[28234 28277]
[28278 28332]
[28333 28389]
[28390 28443]
[28444 28532]
[28533 28606]
[28607 28681]
[28682 28756]
[28757 28831]
[28832 29014]
[29015 29068]
[29069 29347]
[29348 29491]
[29492 29648]
[29649 29797]
[29798 29944]
[29945 30181]
[30182 30564]
[30565 30644]
[30645 30727]
[30728 30827]
[30828 30898]
[30899 30991]
[30992 31087]
[31088 31178]
[31179 31323]
[31324 31634]
[31635 31749]
