[ 0 18]
[20 39]
[40 59]
[ 61 104]
[106 182]
[184 514]
[515 541]
[542 568]
[569 593]
[594 617]
[618 641]
[642 691]
[692 708]
[709 739]
[740 765]
[766 795]
[796 824]
[825 873]
[874 890]
[891 921]
[922 952]
[953 987]
[ 988 1081]
[1082 1539]
[1540 1588]
[1589 1623]
[1624 1639]
[1640 1677]
[1678 1810]
[1811 1870]
[1871 1887]
[1888 1947]
[1948 1982]
[1983 2007]
[2008 2033]
[2034 2106]
[2107 2180]
[2181 2223]
[2224 2256]
[2257 2290]
[2291 2307]
[2308 2342]
[2343 2664]
[2665 2727]
[2728 2790]
[2791 2840]
[2841 2909]
[2910 2979]
[2980 3033]
[3034 3068]
[3069 3079]
[3080 3127]
[3128 3174]
[3175 3217]
[3218 3243]
[3244 3551]
[3552 3599]
[3600 3793]
[3794 3843]
[3844 3880]
[3881 3934]
[3935 3981]
[3982 4013]
[4014 4053]
[4054 4106]
[4107 4168]
[4169 4253]
[4254 4316]
[4317 4377]
[4378 4453]
[4454 4535]
[4536 4600]
[4601 4678]
[4679 4826]
[4827 4828]
[4829 4916]
[4917 4996]
[4997 5070]
[5071 5589]
[5590 5635]
[5636 5678]
[5679 5723]
[5724 5779]
[5780 5839]
[5840 5968]
[5969 6074]
[6075 6168]
[6169 6286]
[6287 6336]
[6337 6401]
[6402 6463]
[6464 6529]
[6530 6596]
[6597 6669]
[6670 6832]
[6833 6882]
[6883 6913]
[6914 6961]
[6962 7050]
[7051 7102]
[7103 7158]
[7159 7216]
[7217 7729]
[7730 7801]
[7802 7848]
[7849 7893]
[7894 7978]
[7979 8036]
[8037 8094]
[8095 8144]
[8145 8258]
[8259 8303]
[8304 8400]
[8401 8462]
[8463 8499]
[8500 8568]
[8569 8648]
[8649 8718]
[8719 8785]
[8786 9336]
[9337 9385]
[9386 9449]
[9450 9501]
[9502 9684]
[9685 9922]
[9923 9994]
[ 9995 10059]
[10060 10207]
[10208 10224]
[10225 10270]
[10271 10291]
[10292 10353]
[10354 10407]
[10408 10453]
[10454 10504]
[10505 10597]
[10598 10616]
[10617 10666]
[10667 10687]
[10688 10691]
[10692 10732]
[10733 10788]
[10789 10848]
[10849 11162]
[11163 11643]
[11644 11676]
[11677 11723]
[11724 11793]
[11794 11823]
[11824 11862]
[11863 11908]
[11909 11949]
[11950 12000]
[12001 12028]
[12029 12080]
[12081 12127]
[12128 12175]
[12176 12222]
[12223 12246]
[12247 12296]
[12297 12334]
[12335 12365]
[12366 12416]
[12417 12454]
[12455 12476]
[12477 12584]
[12585 12682]
[12683 12904]
[12905 12931]
[12932 12962]
[12963 12995]
[12996 13024]
[13025 13052]
[13053 13084]
[13085 13114]
[13115 13144]
[13145 13171]
[13172 13205]
[13206 13233]
[13234 13259]
[13260 13347]
[13348 13718]
[13719 14004]
[14005 14369]
[14370 14740]
[14741 14810]
[14811 14916]
[14917 15343]
[15344 15407]
[15408 15455]
[15456 15511]
[15512 15595]
[15596 15648]
[15649 15696]
[15697 15745]
[15746 15806]
[15807 15877]
[15878 15940]
[15941 16005]
[16006 16061]
[16062 16116]
[16117 16219]
[16220 16487]
[16488 16549]
[16550 16622]
[16623 16710]
[16711 16769]
[16770 16821]
[16822 17226]
[17227 17332]
[17333 17376]
[17377 17418]
[17419 17452]
[17453 17496]
[17497 17564]
[17565 17600]
[17601 17652]
[17653 17733]
[17734 17776]
[17777 17812]
[17813 17890]
[17891 18067]
[18068 18121]
[18122 18201]
[18202 18525]
[18526 18599]
[18600 18670]
[18671 18721]
[18722 18760]
[18761 18835]
[18836 18940]
[18941 18998]
[18999 19093]
[19094 19148]
[19149 19202]
[19203 19276]
[19277 19362]
[19363 19442]
[19443 19517]
[19518 19623]
[19624 19994]
[19995 20043]
[20044 20108]
[20109 20172]
[20173 20250]
[20251 20346]
[20347 20437]
[20438 20481]
[20482 20523]
[20524 20566]
[20567 20667]
[20668 20776]
[20777 20827]
[20828 20875]
[20876 20936]
[20937 20971]
[20972 21032]
[21033 21087]
[21088 21136]
[21137 21188]
[21189 21221]
[21222 21280]
[21281 21337]
[21338 21393]
[21394 21443]
[21444 21502]
[21503 21870]
[21872 21930]
[21931 21972]
[21973 22109]
[22110 22169]
[22170 22220]
[22221 22256]
[22257 22315]
[22316 22340]
[22341 22403]
[22404 22487]
[22488 22532]
[22533 22619]
[22620 22650]
[22651 22679]
[22680 22703]
[22704 22753]
[22754 22833]
[22834 22907]
[22908 22980]
[22981 23012]
[23013 23042]
[23043 23126]
[23127 23160]
[23161 23418]
[23419 23681]
[23682 23724]
[23725 23834]
[23835 23896]
[23897 23970]
[23971 24005]
[24006 24083]
[24084 24146]
[24147 24300]
[24301 24365]
[24366 24518]
[24519 24585]
[24586 24658]
[24659 24724]
[24725 24822]
[24823 24924]
[24925 25146]
[25147 25272]
[25273 25654]
[25655 25779]
[25780 25883]
[25884 25994]
[25995 26105]
[26106 26387]
[26388 26953]
[26954 27199]
[27200 27282]
[27283 27369]
[27370 27424]
[27425 27677]
[27678 27750]
[27751 27798]
[27799 27857]
[27858 27916]
[27917 27978]
[27979 28034]
[28035 28087]
[28088 28123]
[28124 28194]
[28195 28239]
[28240 28296]
[28297 28513]
[28514 28555]
[28556 28601]
[28602 28643]
[28644 28848]
[28849 28926]
[28927 28959]
[28960 28983]
[28984 29033]
[29034 29271]
[29272 29521]
[29522 29599]
[29600 29774]
[29775 30020]
[30021 30136]
[30137 30252]
[30253 30330]
[30331 30839]
[30840 31151]
[31152 31390]
[31391 31607]
[31608 31722]
[31723 31859]
[31860 32323]
[32325 32652]
[32653 32699]
