[ 0 29]
[31 50]
[51 70]
[ 72 115]
[117 189]
[190 444]
[445 498]
[499 538]
[539 573]
[574 598]
[599 625]
[626 657]
[658 700]
[701 721]
[722 749]
[750 782]
[783 812]
[813 844]
[845 875]
[876 911]
[912 945]
[946 985]
[ 986 1080]
[1081 1506]
[1507 1563]
[1564 1610]
[1611 1669]
[1670 1728]
[1729 1784]
[1785 1847]
[1848 1903]
[1904 1948]
[1949 1994]
[1995 2040]
[2041 2091]
[2092 2152]
[2153 2211]
[2212 2307]
[2308 2377]
[2378 2433]
[2434 2490]
[2491 2589]
[2590 2643]
[2644 2682]
[2683 2737]
[2738 2778]
[2779 3171]
[3173 3265]
[3266 3380]
[3381 3441]
[3443 3491]
[3492 3537]
[3538 3568]
[3569 3611]
[3612 3643]
[3644 3701]
[3703 4287]
[4288 4329]
[4330 4386]
[4387 4424]
[4425 4451]
[4452 4490]
[4491 4585]
[4586 4702]
[4703 4743]
[4744 4803]
[4804 4877]
[4878 4924]
[4925 4935]
[4936 5088]
[5089 5317]
[5318 5356]
[5357 5379]
[5380 5395]
[5396 5402]
[5403 5453]
[5454 5515]
[5516 5561]
[5562 5597]
[5598 5642]
[5643 5682]
[5683 5708]
[5709 5722]
[5723 6229]
[6230 6298]
[6299 6382]
[6383 6446]
[6447 6559]
[6560 6675]
[6676 6747]
[6748 7075]
[7076 7132]
[7133 7232]
[7233 7285]
[7286 7342]
[7343 7433]
[7434 7771]
[7772 7900]
[7901 8020]
[8021 8154]
[8155 8263]
[8264 8322]
[8323 8379]
[8380 8438]
[8439 8675]
[8676 8843]
[8844 9245]
[9246 9279]
[9280 9311]
[9312 9354]
[9355 9412]
[9413 9474]
[9475 9503]
[9504 9548]
[9549 9605]
[9606 9651]
[ 9652 10051]
[10053 10107]
[10108 10204]
[10205 10271]
[10272 10313]
[10314 10374]
[10375 10432]
[10433 10523]
[10524 10595]
[10596 10659]
[10660 10718]
[10719 10770]
[10771 10862]
[10863 10913]
[10914 11133]
[11134 11185]
[11186 11271]
[11272 11636]
[11638 11694]
[11695 11729]
[11730 11749]
[11750 11763]
[11764 11796]
[11797 11839]
[11840 11860]
[11861 11892]
[11893 11970]
[11971 12038]
[12039 12079]
[12080 12162]
[12163 12215]
[12216 12263]
[12264 12299]
[12300 12391]
[12392 12428]
[12429 12477]
[12478 12535]
[12536 12583]
[12584 12635]
[12636 12692]
[12693 12732]
[12733 12785]
[12786 12880]
[12881 12914]
[12915 12940]
[12941 13050]
[13051 13103]
[13104 13145]
[13146 13182]
[13183 13231]
[13232 13329]
[13330 13396]
[13397 13852]
[13853 13949]
[13950 14007]
[14008 14033]
[14034 14103]
[14104 14151]
[14152 14209]
[14210 14363]
[14364 14433]
[14434 14934]
[14935 15552]
[15554 15623]
[15624 15694]
[15695 15762]
[15763 15842]
[15843 15915]
[15916 16059]
[16060 16306]
[16307 16371]
[16372 16433]
[16434 16488]
[16489 16540]
[16541 16608]
[16609 17002]
[17003 17909]
[17910 18114]
[18116 18218]
[18219 18268]
[18269 18393]
[18394 18447]
[18448 18543]
[18544 18962]
[18963 19074]
[19075 19144]
[19145 19205]
[19206 19261]
[19262 19378]
[19379 19475]
[19476 19540]
[19541 19631]
[19632 19682]
[19683 19735]
[19736 19777]
[19778 19814]
[19815 19863]
[19864 19921]
[19922 19982]
[19983 20029]
[20030 20124]
[20125 20377]
[20378 20462]
[20463 20520]
[20521 20609]
[20610 20674]
[20675 20743]
[20744 20794]
[20795 20830]
[20831 20884]
[20885 20943]
[20944 21003]
[21004 21099]
[21100 21418]
[21419 21509]
[21510 21585]
[21586 21685]
[21686 21752]
[21753 21841]
[21843 21922]
[21923 22016]
[22018 22190]
[22191 22492]
[22493 22763]
[22764 22847]
[22848 22950]
[22951 23043]
[23044 23133]
[23134 23289]
[23290 23435]
[23436 23694]
[23695 23774]
[23775 23919]
[23920 24029]
[24030 24137]
[24138 24256]
[24257 24377]
[24378 24455]
[24456 24532]
[24533 24602]
[24603 24681]
[24682 24766]
[24767 25087]
[25088 25242]
[25243 25303]
[25304 25362]
[25363 25468]
[25469 25533]
[25534 25582]
[25583 25683]
[25684 25779]
[25780 26041]
[26043 26123]
[26124 26193]
[26194 26270]
[26271 26348]
[26349 26433]
[26434 26512]
[26513 26603]
[26604 26700]
[26701 26792]
[26793 26902]
[26903 27205]
[27206 27301]
[27302 27406]
[27407 27450]
[27451 27519]
[27520 27596]
[27597 27663]
[27664 27723]
[27724 27815]
[27816 27868]
[27869 27913]
[27914 27949]
[27950 28090]
[28091 28217]
[28218 28333]
[28334 28394]
[28395 28510]
[28511 28554]
[28555 28666]
[28667 28722]
[28723 28792]
[28793 28847]
[28848 28911]
[28912 29004]
[29005 29091]
[29092 29209]
[29210 29267]
[29268 29317]
[29318 29451]
[29452 29776]
[29777 29979]
[29980 30275]
[30276 30924]
[30926 31055]
[31056 31157]
[31158 31261]
[31262 31376]
[31377 31476]
[31477 31597]
[31598 31950]
[31951 32049]
