[ 0 20]
[22 41]
[42 61]
[ 63 106]
[108 185]
[187 451]
[452 507]
[508 543]
[544 573]
[574 601]
[602 634]
[635 670]
[671 700]
[701 729]
[730 758]
[759 803]
[804 837]
[838 883]
[884 919]
[920 952]
[953 984]
[ 985 1088]
[1089 1689]
[1690 1728]
[1729 1768]
[1769 1803]
[1804 1843]
[1844 1989]
[1990 2025]
[2026 2167]
[2168 2215]
[2216 2262]
[2263 2352]
[2353 2380]
[2381 2481]
[2482 2562]
[2563 2616]
[2617 2678]
[2679 2715]
[2716 2735]
[2736 2829]
[2830 2989]
[2990 3079]
[3080 3563]
[3564 3652]
[3653 3703]
[3704 3740]
[3741 3794]
[3795 3820]
[3821 3923]
[3924 3975]
[3976 4024]
[4025 4056]
[4057 4116]
[4117 4150]
[4151 4200]
[4201 4251]
[4252 4376]
[4377 4431]
[4432 4488]
[4489 4554]
[4555 4589]
[4590 4616]
[4617 4663]
[4664 4748]
[4749 4774]
[4776 4819]
[4820 4886]
[4887 4948]
[4949 5006]
[5007 5054]
[5055 5101]
[5102 5496]
[5497 5529]
[5530 5583]
[5584 5630]
[5631 5692]
[5693 5733]
[5734 5789]
[5790 5841]
[5842 5949]
[5950 6032]
[6033 6098]
[6099 6203]
[6204 6336]
[6337 6387]
[6388 6921]
[6922 7036]
[7037 7093]
[7094 7173]
[7174 7302]
[7303 7411]
[7412 7492]
[7493 7531]
[7532 7564]
[7565 7593]
[7594 7617]
[7618 7643]
[7644 7665]
[7666 7870]
[7871 7977]
[7978 8192]
[8193 8258]
[8259 8312]
[8313 8352]
[8353 8421]
[8422 8472]
[8473 8929]
[8930 9010]
[9011 9300]
[9301 9389]
[9390 9436]
[9437 9484]
[9485 9558]
[9559 9666]
[9667 9757]
[9758 9817]
[9818 9932]
[9933 9987]
[ 9988 10026]
[10027 10466]
[10468 10559]
[10560 10637]
[10638 10717]
[10718 10788]
[10789 10848]
[10849 10973]
[10974 11063]
[11064 11167]
[11168 11218]
[11219 11265]
[11266 11347]
[11348 11385]
[11386 11427]
[11428 11475]
[11476 11520]
[11521 11605]
[11606 12010]
[12012 12261]
[12262 12311]
[12312 12361]
[12362 12650]
[12651 12665]
[12666 12765]
[12766 12895]
[12896 13029]
[13030 13111]
[13112 13186]
[13187 13573]
[13574 13660]
[13661 13743]
[13744 13869]
[13870 13918]
[13919 13953]
[13954 14020]
[14021 14029]
[14030 14063]
[14064 14118]
[14119 14187]
[14188 14227]
[14228 14312]
[14313 14382]
[14383 14431]
[14432 14505]
[14506 14570]
[14571 14664]
[14665 14719]
[14720 14812]
[14813 15126]
[15127 15267]
[15268 15370]
[15371 15487]
[15488 15597]
[15598 15673]
[15674 15712]
[15713 15816]
[15817 15858]
[15859 15942]
[15943 15983]
[15984 16032]
[16033 16519]
[16521 16556]
[16557 16611]
[16612 16727]
[16728 16797]
[16798 16904]
[16905 17048]
[17049 17113]
[17114 17202]
[17203 17254]
[17255 17316]
[17317 17369]
[17370 17406]
[17407 17471]
[17472 17543]
[17544 17645]
[17646 17700]
[17701 17717]
[17718 17761]
[17762 17818]
[17819 17965]
[17966 17987]
[17988 18041]
[18042 18092]
[18093 18139]
[18140 18180]
[18181 18221]
[18222 18286]
[18287 18331]
[18332 18387]
[18388 18491]
[18492 18921]
[18922 19031]
[19032 19195]
[19196 19231]
[19232 19265]
[19266 19359]
[19360 19425]
[19426 19484]
[19485 19567]
[19568 19764]
[19765 19807]
[19808 19974]
[19975 20042]
[20043 20110]
[20111 20205]
[20206 20604]
[20605 20813]
[20814 20933]
[20934 21009]
[21010 21134]
[21135 21196]
[21197 21294]
[21295 21593]
[21594 21691]
[21692 21798]
[21799 21872]
[21873 21923]
[21924 21970]
[21971 22037]
[22038 22302]
[22303 22550]
[22551 22641]
[22642 22764]
[22765 23023]
[23024 23118]
[23119 23379]
[23380 23632]
[23633 24113]
[24114 24193]
[24194 24264]
[24265 24364]
[24365 24616]
[24617 24779]
[24780 24937]
[24938 25020]
[25021 25151]
[25152 25243]
[25244 25368]
[25369 25493]
[25494 25618]
[25619 25743]
[25744 25849]
[25850 26379]
[26380 27495]
[27496 27602]
[27603 27690]
[27691 27768]
[27769 27850]
[27851 27931]
[27932 28008]
[28009 28094]
[28095 28181]
[28182 28270]
[28271 28357]
[28358 28447]
[28448 28535]
[28536 28554]
[28555 28698]
[28699 28817]
[28818 28920]
[28922 29025]
[29026 29063]
[29064 29099]
[29100 29292]
[29293 29356]
[29357 29509]
[29510 29646]
[29647 29713]
[29714 29771]
[29772 30290]
[30292 30579]
[30580 30654]
[30655 30767]
[30768 31056]
[31057 31149]
