[ 0 30]
[32 51]
[52 71]
[ 73 116]
[118 216]
[217 515]
[516 529]
[530 565]
[566 595]
[596 623]
[624 656]
[657 692]
[693 722]
[723 750]
[751 780]
[781 813]
[814 844]
[845 875]
[876 905]
[906 983]
[ 984 1012]
[1013 1109]
[1110 1497]
[1498 1599]
[1600 1650]
[1651 1802]
[1803 1825]
[1826 1906]
[1907 1932]
[1933 1980]
[1981 1993]
[1994 2007]
[2008 2142]
[2143 2314]
[2315 2404]
[2405 2546]
[2547 2710]
[2711 2743]
[2744 2771]
[2772 2812]
[2813 3159]
[3160 3212]
[3213 3271]
[3272 3314]
[3315 3379]
[3380 3442]
[3443 3516]
[3517 3526]
[3527 3562]
[3563 3636]
[3637 3711]
[3712 3762]
[3763 3839]
[3840 3900]
[3901 3971]
[3972 4423]
[4424 4481]
[4482 4564]
[4565 4628]
[4629 4705]
[4706 4775]
[4776 4817]
[4818 4898]
[4899 5005]
[5006 5068]
[5069 5122]
[5123 5156]
[5157 5204]
[5205 5241]
[5242 5403]
[5404 5639]
[5640 5687]
[5688 5741]
[5742 5808]
[5809 5874]
[5875 5929]
[5930 6019]
[6020 6386]
[6387 6428]
[6429 6487]
[6488 6600]
[6601 6689]
[6690 6758]
[6759 6851]
[6852 6964]
[6965 7032]
[7033 7100]
[7101 7166]
[7167 7687]
[7688 8119]
[8120 8210]
[8211 8293]
[8294 8370]
[8371 8472]
[8473 8535]
[8536 8600]
[8601 8674]
[8675 8702]
[8703 8711]
[8712 8730]
[8731 8757]
[8758 8766]
[8767 8856]
[8857 8885]
[8886 8947]
[8948 9013]
[9014 9040]
[9041 9061]
[9062 9095]
[9096 9203]
[9204 9273]
[9274 9361]
[9362 9433]
[9434 9514]
[9515 9585]
[9586 9628]
[9629 9710]
[9711 9761]
[9762 9816]
[9817 9864]
[9865 9920]
[9921 9957]
[9958 9977]
[ 9978 10036]
[10037 10125]
[10126 10169]
[10170 10256]
[10257 10330]
[10331 10386]
[10387 10453]
[10454 10542]
[10543 10596]
[10597 10654]
[10655 10704]
[10705 10748]
[10749 10793]
[10794 10836]
[10837 10884]
[10885 10933]
[10934 10980]
[10981 11023]
[11024 11060]
[11061 11153]
[11154 11474]
[11475 11514]
[11515 11606]
[11607 11682]
[11683 11736]
[11737 11818]
[11819 11874]
[11875 11941]
[11942 11990]
[11991 12059]
[12060 12133]
[12134 12204]
[12205 12239]
[12240 12286]
[12287 12366]
[12367 12442]
[12443 12523]
[12524 12591]
[12592 12672]
[12673 12735]
[12736 12778]
[12779 12830]
[12831 12869]
[12870 13273]
[13274 13673]
[13674 13825]
[13826 13968]
[13969 14153]
[14154 14383]
[14384 14476]
[14477 14587]
[14588 14750]
[14751 15151]
[15152 15220]
[15221 15251]
[15252 15303]
[15304 15341]
[15342 15518]
[15519 15525]
[15526 15770]
[15771 15831]
[15832 15902]
[15903 15970]
[15971 16021]
[16022 16374]
[16375 16451]
[16452 16532]
[16533 16594]
[16595 16680]
[16681 16812]
[16813 16976]
[16977 17079]
[17080 17140]
[17141 17186]
[17187 17251]
[17252 17319]
[17320 17438]
[17439 17498]
[17499 17609]
[17610 17659]
[17660 17712]
[17713 17814]
[17815 17872]
[17873 18052]
[18053 18101]
[18102 18148]
[18149 18191]
[18192 18228]
[18229 18313]
[18314 18696]
[18697 18782]
[18783 18894]
[18895 18966]
[18967 19026]
[19027 19103]
[19104 19188]
[19189 19303]
[19304 19364]
[19365 19448]
[19449 19526]
[19527 19608]
[19609 19676]
[19677 19730]
[19731 20112]
[20113 20889]
[20890 21183]
[21184 21297]
[21298 21389]
[21390 21455]
[21456 21533]
[21534 21609]
[21610 21668]
[21669 21707]
[21708 21753]
[21754 21800]
[21801 21861]
[21862 22185]
[22186 22380]
[22381 22666]
[22667 22720]
[22721 22757]
[22758 22831]
[22832 22868]
[22869 22903]
[22904 23226]
[23227 23304]
[23305 23379]
[23380 23443]
[23444 23447]
[23448 23563]
[23564 23611]
[23612 23688]
[23689 23856]
[23857 23919]
[23920 23995]
[23996 24066]
[24067 24139]
[24140 24249]
[24250 24313]
[24314 24456]
[24457 24538]
[24539 24592]
[24593 24617]
[24618 24699]
[24700 24791]
[24792 24883]
[24884 24953]
[24954 25056]
[25057 25168]
[25169 25274]
[25275 25374]
[25375 25449]
[25450 25669]
[25670 25774]
[25775 25870]
[25871 25967]
[25968 26054]
[26055 26088]
[26089 26156]
[26157 26278]
[26279 26334]
[26335 26404]
[26405 26487]
[26488 26533]
[26534 26538]
[26539 26833]
[26834 27000]
[27001 27029]
[27030 27114]
[27115 27166]
[27167 27216]
[27217 27271]
[27272 27365]
[27366 27496]
[27497 27533]
[27534 27583]
[27584 27611]
[27612 27681]
[27682 27691]
[27692 27724]
[27725 27880]
[27881 27939]
[27940 28017]
[28018 28077]
[28078 28114]
[28115 28292]
[28293 28327]
[28328 28426]
[28427 28459]
[28460 28533]
[28534 28633]
[28634 28665]
[28666 28727]
[28728 29300]
[29301 29767]
[29768 30112]
[30113 31670]
[31671 31749]
