[0 8]
[9 40]
[41 285]
[286 346]
[347 390]
[391 432]
[433 473]
[474 515]
[516 551]
[552 596]
[597 641]
[642 682]
[683 722]
[723 763]
[764 785]
[786 835]
[836 919]
[920 1127]
[1129 1192]
[1193 1221]
[1222 1269]
[1270 1312]
[1313 1363]
[1364 1404]
[1405 1433]
[1434 1449]
[1450 1493]
[1494 1535]
[1536 1557]
[1558 1570]
[1571 1620]
[1621 1681]
[1682 1744]
[1745 1793]
[1794 1873]
[1874 1894]
[1895 1950]
[1951 1987]
[1988 2025]
[2026 2106]
[2107 2131]
[2132 2247]
[2248 2319]
[2320 2354]
[2355 2402]
[2403 2450]
[2451 2966]
[2967 3062]
[3063 3116]
[3117 3159]
[3160 3276]
[3277 3357]
[3358 3499]
[3500 3538]
[3539 3601]
[3602 3638]
[3639 3666]
[3667 3717]
[3718 3744]
[3745 3812]
[3813 3883]
[3884 3960]
[3961 4317]
[4318 4383]
[4384 4434]
[4435 4468]
[4469 4517]
[4518 4559]
[4560 4601]
[4602 4658]
[4659 4708]
[4709 4756]
[4757 5285]
[5286 5326]
[5327 5373]
[5374 5410]
[5411 5465]
[5466 5548]
[5549 5618]
[5619 5658]
[5659 5855]
[5856 5882]
[5883 5959]
[5960 6055]
[6056 6141]
[6142 6187]
[6188 6249]
[6250 6275]
[6276 6298]
[6299 6356]
[6357 6402]
[6403 6440]
[6441 6494]
[6495 6532]
[6533 6560]
[6561 6601]
[6602 6644]
[6645 6694]
[6695 6738]
[6739 6802]
[6803 7280]
[7281 7342]
[7343 7399]
[7400 7442]
[7443 7487]
[7488 7533]
[7534 7555]
[7556 7725]
[7726 7775]
[7776 7844]
[7845 7869]
[7870 8055]
[8056 8105]
[8106 8142]
[8143 8217]
[8218 8265]
[8266 8380]
[8381 8465]
[8466 8515]
[8516 8557]
[8558 8597]
[8598 8659]
[8660 8728]
[8729 8784]
[8785 8833]
[8834 9270]
[9271 9369]
[9370 9439]
[9440 9523]
[9524 9601]
[9602 9664]
[9665 9740]
[9741 9832]
[9833 9942]
[9943 10043]
[10044 10087]
[10088 10127]
[10128 10232]
[10233 10293]
[10294 10339]
[10340 10391]
[10392 10442]
[10443 10479]
[10480 10532]
[10533 10578]
[10579 10628]
[10629 10732]
[10733 10844]
[10845 10910]
[10911 10970]
[10971 11016]
[11017 11058]
[11059 11103]
[11104 11150]
[11151 11199]
[11200 11241]
[11242 11275]
[11276 11315]
[11316 11407]
[11408 12107]
[12108 12347]
[12348 12467]
[12468 12508]
[12509 12630]
[12631 12763]
[12764 12876]
[12877 13027]
[13028 13315]
[13316 13448]
[13449 13513]
[13514 13579]
[13580 13885]
[13886 13950]
[13951 14003]
[14004 14061]
[14062 14084]
[14085 14199]
[14200 14268]
[14269 14288]
[14289 14375]
[14376 14446]
[14447 14486]
[14487 14566]
[14567 14612]
[14613 14650]
[14651 14712]
[14713 14783]
[14784 15056]
[15057 15136]
[15137 15228]
[15229 15312]
[15313 15362]
[15363 15426]
[15427 15544]
[15545 15629]
[15630 15769]
[15770 15844]
[15845 16132]
[16133 16175]
[16176 16224]
[16225 16286]
[16287 16345]
[16346 16427]
[16428 16490]
[16491 16592]
[16593 16625]
[16626 16764]
[16765 17080]
[17081 17185]
[17186 17285]
[17286 17366]
[17367 17437]
[17438 17522]
[17523 17565]
[17566 17636]
[17637 17714]
[17715 17836]
[17837 17899]
[17900 17945]
[17946 17981]
[17982 18013]
[18014 18046]
[18047 18079]
[18080 18128]
[18129 18170]
[18171 18204]
[18205 18244]
[18245 18336]
[18337 18556]
[18557 18724]
[18725 18775]
[18776 18861]
[18862 18937]
[18938 19052]
[19053 19335]
[19336 19415]
[19416 19524]
[19525 19623]
[19624 19718]
[19719 19839]
[19840 19930]
[19931 19982]
[19983 20040]
[20041 20379]
[20380 20469]
[20470 20517]
[20518 20569]
[20570 20630]
[20631 20648]
[20649 20689]
[20690 20727]
[20728 20765]
[20766 20799]
[20800 20830]
[20831 20977]
[20978 21013]
[21014 21076]
[21077 21150]
[21151 21193]
[21194 21226]
[21227 21267]
[21268 21301]
[21302 21363]
[21364 21510]
[21511 21566]
[21567 21619]
[21620 21659]
[21660 21705]
[21706 21756]
[21757 21991]
[21993 22072]
[22073 22118]
[22119 22165]
[22166 22271]
[22272 22328]
[22329 22382]
[22383 22441]
[22442 22511]
[22512 22543]
[22544 22599]
[22600 22641]
[22642 22689]
[22690 22735]
[22736 22782]
[22783 22815]
[22816 23033]
[23034 23129]
[23130 23173]
[23174 23229]
[23230 23283]
[23284 23332]
[23333 23375]
[23376 23757]
[23759 23873]
[23874 23951]
[23952 24042]
[24043 24127]
[24128 24279]
[24280 24338]
[24339 24421]
[24422 24500]
[24501 24722]
[24723 24981]
[24982 25035]
[25036 25141]
[25142 25243]
[25244 25305]
[25306 25622]
[25623 25711]
[25712 25784]
[25785 25856]
[25857 25938]
[25939 26006]
[26007 26125]
[26126 26228]
[26229 26283]
[26284 26496]
[26497 26564]
[26565 26663]
[26664 26995]
[26996 27053]
[27054 27096]
[27097 27158]
[27159 27231]
[27232 27296]
[27297 27355]
[27356 27364]
[27365 27419]
[27420 27506]
[27507 27666]
[27667 27712]
[27713 27750]
[27751 27906]
[27907 28426]
[28427 28538]
