[0 8]
[9 33]
[34 478]
[479 536]
[537 572]
[573 602]
[603 630]
[631 663]
[664 695]
[696 725]
[726 756]
[757 787]
[788 912]
[913 956]
[957 1014]
[1015 1117]
[1118 1564]
[1565 1741]
[1742 1807]
[1808 1876]
[1877 1936]
[1937 1980]
[1981 2026]
[2027 2089]
[2090 2158]
[2159 2226]
[2227 2295]
[2296 2364]
[2365 2398]
[2399 2467]
[2468 2501]
[2502 3025]
[3026 3101]
[3102 3166]
[3167 3223]
[3224 3283]
[3284 3338]
[3339 3405]
[3406 3484]
[3485 3573]
[5330 5409]
[5435 5610]
[5641 5668]
[5669 5699]
[5700 5741]
[5742 5804]
[5843 5956]
[5957 6003]
[6004 6028]
[6029 6160]
[6161 6193]
[6194 6254]
[6255 6324]
[6325 6400]
[6401 6455]
[6456 6497]
[6498 6557]
[6558 6573]
[6574 7019]
[7020 7078]
[7079 7125]
[7126 7176]
[7177 7211]
[7212 7250]
[7251 7295]
[7296 7331]
[7332 7380]
[7381 7413]
[7414 7440]
[7441 7485]
[7486 7501]
[7502 7648]
[7649 7672]
[7673 7696]
[7697 7724]
[7725 7893]
[7894 7915]
[7916 7936]
[7937 7957]
[7958 7980]
[7981 8004]
[8005 8031]
[8032 8066]
[8067 8103]
[8104 8144]
[8145 8172]
[8173 8205]
[8206 8239]
[8240 8268]
[8269 8305]
[8306 8337]
[8338 8432]
[8433 8448]
[8449 8833]
[8834 8875]
[8876 8923]
[8924 8953]
[8954 8991]
[8992 9027]
[9028 9107]
[9108 9151]
[9152 9193]
[9194 9233]
[9234 9280]
[9281 9322]
[9323 9359]
[9360 9403]
[9404 9503]
[9504 9548]
[9549 9611]
[9612 9679]
[9680 9740]
[9741 9811]
[9812 9864]
[9865 9920]
[9921 10021]
[10022 10082]
[10083 10128]
[10129 10174]
[10175 10226]
[10227 10281]
[10282 10395]
[10396 10446]
[10447 10493]
[10494 10534]
[10535 10575]
[10576 10635]
[10636 10685]
[10686 10718]
[10719 10741]
[10742 10835]
[10836 11128]
[11129 11244]
[11245 11326]
[11327 11425]
[11426 11505]
[11506 11850]
[11851 11920]
[11921 12036]
[12037 12146]
[12147 12532]
[12533 12648]
[12649 12727]
[12728 12766]
[12767 12834]
[12835 12907]
[12908 12975]
[12976 13024]
[13025 13189]
[13190 13255]
[13256 13519]
[13520 13824]
[13825 14106]
[14107 14345]
[14346 14692]
[14693 14806]
[14807 15038]
[15039 15124]
[15125 15396]
[15397 15445]
[15446 15599]
[15600 15787]
[15788 15846]
[15847 16158]
[16159 16454]
[16455 16600]
[16601 16655]
[16656 16718]
[16719 16776]
[16777 16832]
[16833 16876]
[16877 16938]
[16939 16994]
[16995 17053]
[17054 17108]
[17109 17164]
[17165 17337]
[17338 17387]
[17388 17438]
[17439 17490]
[17491 17551]
[17552 17603]
[17604 17663]
[17664 17684]
[17685 17735]
[17736 18298]
[18299 18419]
[18420 18488]
[18489 18537]
[18538 18571]
[18572 18600]
[18601 18638]
[18639 18700]
[18701 18736]
[18737 18776]
[18777 18831]
[18832 18894]
[18895 18989]
[18990 19014]
[19015 19058]
[19059 19093]
[19094 19117]
[19118 19191]
[19192 19209]
[19210 19244]
[19245 19342]
[19343 19635]
[19636 19668]
[19669 19703]
[19704 19751]
[19752 19778]
[19779 19818]
[19819 19843]
[19844 19878]
[19879 19991]
[19992 20042]
[20043 20089]
[20090 20130]
[20131 20171]
[20172 20228]
[20229 20281]
[20282 20332]
[20333 20428]
[20429 20731]
[20732 20935]
[20936 20997]
[20998 21200]
[21201 21276]
[21277 21365]
[21366 21444]
[21445 21509]
[21510 21572]
[21573 21888]
[21889 21998]
[21999 22200]
[22201 22352]
[22353 22405]
[22406 22450]
[22451 22497]
[22498 22591]
[22592 22659]
[22660 22770]
[22771 22882]
[22883 23042]
[23043 23406]
[23407 23747]
[23748 23880]
[23881 23994]
[23995 24111]
[24112 24194]
[24195 24303]
[24304 24583]
[24584 24793]
[24794 24849]
[24850 25283]
[25284 25347]
[25348 25408]
[25409 25473]
[25474 25583]
[25584 25655]
[25656 25698]
[25699 25778]
[25779 25809]
[25810 25839]
[25840 25875]
[25876 25925]
[25926 25971]
[25972 26011]
[26012 26062]
[26063 26121]
[26122 26154]
[26155 26191]
[26192 26254]
[26255 26310]
[26311 26349]
[26350 26400]
[26401 26465]
[26466 26508]
[26509 26552]
[26553 26614]
[26615 26648]
[26649 26688]
[26689 26731]
[26732 26767]
[26768 26807]
[26808 26842]
[26843 27281]
[27282 27343]
[27344 27391]
[27392 27545]
[27546 27618]
[27619 27750]
[27751 28007]
[28008 28104]
[28105 28188]
[28189 28253]
[28254 28295]
[28296 28353]
[28354 28440]
[28441 28514]
[28515 28748]
[28749 28800]
[28801 28826]
[28827 28870]
[28871 29271]
[29272 29377]
