[0 9]
[10 39]
[40 321]
[322 371]
[372 414]
[415 451]
[452 538]
[539 567]
[568 662]
[663 704]
[705 808]
[809 856]
[857 948]
[949 1400]
[1401 1429]
[1430 1447]
[1448 1479]
[1480 1521]
[1522 1573]
[1574 1636]
[1637 1667]
[1668 1708]
[1709 2133]
[2134 2183]
[2184 2232]
[2233 2258]
[2259 2291]
[2292 2337]
[2338 2382]
[2383 2414]
[2415 2465]
[2466 2500]
[2501 2575]
[2576 2640]
[2641 2702]
[2703 2748]
[2749 2828]
[2829 2908]
[2909 3197]
[3198 3276]
[3277 3295]
[3296 3409]
[3410 3476]
[3477 3566]
[3567 3628]
[3629 3678]
[3679 3723]
[3724 3765]
[3766 3820]
[3821 3890]
[3891 3979]
[3980 4063]
[4064 4126]
[4127 4209]
[4210 4263]
[4264 4331]
[4332 4481]
[4482 4555]
[4556 4672]
[4673 4711]
[4712 4797]
[4798 4898]
[4899 4962]
[4963 5031]
[5032 5111]
[5112 5159]
[5160 5210]
[5211 5275]
[5276 5338]
[5339 5407]
[5408 5460]
[5461 5514]
[5515 5577]
[5578 6006]
[6007 6057]
[6058 6096]
[6097 6127]
[6128 6180]
[6181 6228]
[6229 6292]
[6293 6384]
[6385 6436]
[6437 6441]
[6442 6497]
[6498 6515]
[6516 6543]
[6544 6749]
[6750 6815]
[6816 6897]
[6898 6947]
[6948 7092]
[7093 7104]
[7105 7195]
[7196 7212]
[7213 7276]
[7277 7338]
[7339 7373]
[7374 7417]
[7418 7470]
[7471 7542]
[7543 7596]
[7597 7655]
[7656 7711]
[7712 7776]
[7777 7849]
[7850 7910]
[7911 8037]
[8038 8357]
[8358 8440]
[8441 8497]
[8498 8559]
[8560 8626]
[8627 8690]
[8691 8760]
[8761 8825]
[8826 8919]
[8920 8992]
[8993 9084]
[9085 9155]
[9156 9222]
[9223 9322]
[9323 9408]
[9409 9450]
[9451 9484]
[9485 9549]
[9550 9594]
[9595 9853]
[9854 9953]
[9954 10077]
[10078 10202]
[10203 10247]
[10248 10425]
[10426 10576]
[10577 10670]
[10671 10794]
[10795 10880]
[10881 10985]
[10986 11312]
[11313 11410]
[11411 11471]
[11472 11568]
[11569 11666]
[11667 11764]
[11765 11865]
[11866 11969]
[11970 12046]
[12047 12129]
[12130 12238]
[12239 12309]
[12310 12800]
[12801 12838]
[12839 12897]
[12898 12955]
[12956 13004]
[13005 13046]
[13047 13150]
[13151 13196]
[13197 13311]
[13312 13359]
[13360 13391]
[13392 13442]
[13443 13484]
[13485 13538]
[13539 13621]
[13622 13710]
[13711 13830]
[13831 13923]
[13924 13990]
[13991 14074]
[14075 14143]
[14144 14223]
[14224 14281]
[14282 14335]
[14336 14388]
[14389 14470]
[14471 14514]
[14515 14568]
[14569 14707]
[14708 14744]
[14745 14833]
[14834 14938]
[14939 15180]
[15181 15449]
[15450 15514]
[15515 15581]
[15582 15665]
[15666 15747]
[15748 15810]
[15811 15912]
[15913 15975]
[15976 16033]
[16034 16097]
[16098 16170]
[16171 16242]
[16243 16315]
[16316 16400]
[16401 16454]
[16455 16488]
[16489 16542]
[16543 16630]
[16631 16870]
[16871 17049]
[17050 17086]
[17087 17143]
[17144 17264]
[17265 17360]
[17361 17535]
[17536 17612]
[17613 17713]
[17714 17867]
[17868 17926]
[17927 18033]
[18034 18081]
[18082 18130]
[18131 18269]
[18270 18517]
[18518 18693]
[18694 18777]
[18778 18873]
[18874 18961]
[18962 19017]
[19018 19055]
[19056 19111]
[19112 19145]
[19146 19313]
[19314 19431]
[19432 19497]
[19498 19636]
[19637 19740]
[19741 19827]
[19828 19867]
[19868 20265]
[20266 20309]
[20310 20346]
[20347 20409]
[20410 20470]
[20471 20522]
[20523 20574]
[20575 20632]
[20633 20697]
[20698 20754]
[20755 20814]
[20815 20871]
[20872 20942]
[20943 20983]
[20984 21042]
[21043 21132]
[21133 21194]
[21195 21233]
[21234 21280]
[21281 21351]
[21352 21417]
[21418 21477]
[21478 21591]
[21592 21639]
[21640 21692]
[21693 21734]
[21735 21771]
[21772 21790]
[21791 21850]
[21851 21941]
[21942 22036]
[22037 22118]
[22119 22176]
[22177 22239]
[22240 22341]
[22342 22358]
[22359 22454]
[22455 22535]
[22536 22602]
[22603 22676]
[22677 22828]
[22829 22871]
[22872 22931]
[22932 22992]
[22993 23056]
[23057 23132]
[23133 23182]
[23183 23234]
[23235 23302]
[23303 23377]
[23378 23818]
[23819 24115]
[24116 24280]
[24281 24468]
[24469 24544]
[24545 24605]
[24606 24706]
[24707 24776]
[24777 24779]
[24780 24864]
[24865 24970]
[24971 25079]
[25080 25246]
[25247 25291]
[25292 25363]
[25364 25427]
[25428 25476]
[25477 25560]
[25561 25608]
[25609 25645]
[25646 25749]
[25750 25830]
[25831 25891]
[25892 25904]
[25905 26004]
[26005 26066]
[26067 26126]
[26127 26191]
[26192 26262]
[26263 26308]
[26309 26393]
[26394 26449]
[26450 26499]
[26500 26570]
[26571 26650]
[26651 26702]
[26703 26769]
[26770 26844]
[26845 27096]
[27097 27297]
[27298 27530]
[27531 27601]
[27602 27661]
[27662 27752]
[27753 27881]
[27882 28011]
[28012 28225]
[28226 28618]
[28619 28706]
