[0 6]
[7 38]
[39 384]
[385 442]
[443 533]
[534 569]
[570 614]
[615 648]
[649 693]
[694 719]
[720 785]
[786 818]
[819 848]
[849 884]
[885 1016]
[1017 1588]
[1589 1771]
[1772 1794]
[1795 1831]
[1832 1895]
[1896 2094]
[2095 2153]
[2154 2193]
[2194 2221]
[2222 2297]
[2298 2360]
[2361 2384]
[2385 2465]
[2466 2528]
[2529 2616]
[2617 2731]
[2732 2761]
[2762 2801]
[2802 2824]
[2825 2843]
[2844 2886]
[2887 2975]
[2976 3010]
[3011 3277]
[3278 3368]
[3369 3507]
[3508 3586]
[3587 3622]
[3623 3736]
[3737 3815]
[3816 3850]
[3851 3951]
[3952 4014]
[4015 4099]
[4100 4662]
[4663 4750]
[4751 4814]
[4815 4869]
[4870 4919]
[4920 4963]
[4964 5067]
[5068 5134]
[5135 5196]
[5197 5215]
[5216 5294]
[5295 5336]
[5337 5424]
[5425 5509]
[5510 5581]
[5582 5608]
[5609 5637]
[5638 5720]
[5721 5745]
[5746 5773]
[5774 5795]
[5796 5812]
[5813 5883]
[5884 5967]
[5968 6023]
[6024 6056]
[6057 6088]
[6089 6137]
[6138 6184]
[6185 6214]
[6215 6610]
[6611 6674]
[6675 6751]
[6752 6784]
[6785 6811]
[6812 6873]
[6874 6941]
[6942 6988]
[6989 7020]
[7021 7074]
[7075 7137]
[7138 7223]
[7224 7561]
[7562 7656]
[7657 7706]
[7707 7752]
[7753 7858]
[7859 7904]
[7905 7970]
[7971 8090]
[8091 8143]
[8144 8184]
[8185 8249]
[8250 8305]
[8306 8371]
[8372 8473]
[8474 8642]
[8643 8712]
[8713 8823]
[8824 8885]
[8886 8956]
[8957 9083]
[9084 9390]
[9391 9614]
[9615 9755]
[9756 9965]
[9966 10199]
[10200 10370]
[10371 10656]
[10657 10769]
[10770 10867]
[10868 10959]
[10960 11068]
[11069 11167]
[11168 11271]
[11272 11382]
[11383 11498]
[11499 11592]
[11593 11672]
[11673 11949]
[11950 12223]
[12224 12422]
[12423 12553]
[12554 12617]
[12618 12672]
[12673 12709]
[12710 12745]
[12746 12783]
[12784 12811]
[12812 13124]
[13125 13257]
[13258 13380]
[13381 13489]
[13490 13617]
[13618 13766]
[13767 13902]
[13903 14060]
[14061 14204]
[14205 14305]
[14306 14618]
[14619 14784]
[14785 14935]
[14936 15074]
[15075 15221]
[15222 15352]
[15353 15663]
[15664 15730]
[15731 16387]
[16388 16519]
[16520 16588]
[16589 16643]
[16644 16700]
[16701 16758]
[16759 16806]
[16807 16889]
[16890 16951]
[16952 17189]
[17190 17250]
[17251 17358]
[17359 17463]
[17464 17586]
[17587 17695]
[17696 17762]
[17763 17883]
[17884 17963]
[17964 18136]
[18137 18251]
[18252 18309]
[18310 18651]
[18652 18693]
[18694 18799]
[18800 18964]
[18965 19018]
[19019 19123]
[19124 19250]
[19251 19385]
[19386 19496]
[19497 19576]
[19577 19664]
[19665 19737]
[19738 19797]
[19798 19872]
[19873 20213]
[20214 20421]
[20422 20543]
[20544 20705]
[20706 20778]
[20779 20919]
[20920 20963]
[20964 21006]
[21007 21049]
[21050 21099]
[21100 21215]
[21216 21260]
[21261 21497]
[21498 21924]
[21925 22040]
[22041 22093]
[22094 22135]
[22136 22213]
[22214 22273]
[22274 22329]
[22330 22383]
[22384 22433]
[22434 22561]
[22562 22648]
[22649 22772]
[22773 22822]
[22823 22870]
[22871 22922]
[22923 22965]
[22966 22993]
[22994 23062]
[23063 23126]
[23127 23196]
[23197 23262]
[23263 23583]
[23584 23728]
[23729 23772]
[23773 23920]
[23921 24113]
[24114 24332]
[24333 24453]
[24454 24617]
[24618 24677]
[24678 24727]
[24728 24801]
[24802 24867]
[24868 24931]
[24932 24978]
[24979 25088]
[25089 25165]
[25166 25602]
[25603 25647]
[25648 25709]
[25710 25770]
[25771 25838]
[25839 25896]
[25897 25958]
[25959 26014]
[26015 26059]
[26060 26088]
[26089 26133]
[26134 26169]
[26170 26217]
[26218 26261]
[26262 26422]
[26423 26481]
[26482 26613]
[26614 26833]
[26834 26893]
[26894 26943]
[26944 26996]
[26997 27058]
[27059 27114]
[27115 27442]
[27443 27482]
[27483 27599]
[27600 27687]
[27688 27791]
[27792 27834]
[27835 27940]
[27941 28060]
[28061 28125]
[28126 28223]
[28224 28272]
[28273 28361]
[28362 28448]
[28449 28673]
[28674 28728]
[28729 28813]
[28814 28855]
[28856 28920]
[28921 29019]
[29020 29160]
[29161 29230]
[29231 29943]
[29944 30010]
[30011 30111]
[30112 30167]
[30168 30224]
[30225 30263]
[30264 30285]
[30286 30308]
[30309 30318]
[30319 30330]
[30331 30339]
[30340 30357]
[30358 30377]
[30378 30445]
[30446 30530]
[30531 30586]
[30587 30638]
[30639 30723]
[30724 30911]
[30912 30925]
[30926 31254]
[31255 31328]
[31329 31519]
[31520 31657]
[31658 31734]
[31735 31869]
[31870 31947]
[31948 32151]
[32152 32305]
[32306 32397]
[32398 32433]
[32434 32525]
[32526 32556]
[32557 32662]
[32663 32747]
[32748 32783]
[32784 32869]
[32870 32936]
[32937 33017]
[33018 33112]
[33113 33244]
[33245 33416]
[33417 33438]
[33439 33492]
[33493 33541]
[33542 33639]
[33640 33691]
[33692 33747]
[33748 33824]
[33825 34195]
[34196 34279]
