[0 6]
[7 40]
[41 300]
[301 360]
[361 385]
[386 403]
[404 426]
[427 444]
[445 462]
[463 487]
[488 511]
[512 554]
[555 576]
[577 611]
[612 659]
[660 689]
[690 714]
[715 736]
[737 781]
[782 823]
[824 945]
[946 1418]
[1419 1549]
[1550 1630]
[1631 1773]
[1774 1833]
[1834 1893]
[1894 1954]
[1955 2022]
[2023 2094]
[2095 2154]
[2155 2214]
[2215 2276]
[2277 2349]
[2350 2403]
[2404 2438]
[2439 2490]
[2491 2554]
[2555 2587]
[2588 2624]
[2625 2646]
[2647 2942]
[2943 3428]
[3429 3689]
[3690 3924]
[3925 4333]
[4335 4393]
[4394 4475]
[4476 4655]
[4656 4692]
[4693 5198]
[5199 5278]
[5279 5394]
[5395 5462]
[5463 5534]
[5535 5612]
[5613 5682]
[5683 5808]
[5809 5839]
[5840 5912]
[5913 5954]
[5955 6015]
[6016 6063]
[6064 6116]
[6117 6174]
[6175 6224]
[6225 6253]
[6254 6460]
[6461 6556]
[6557 6629]
[6630 6747]
[6748 7063]
[7064 7138]
[7139 7176]
[7177 7220]
[7221 7280]
[7281 7328]
[7329 7385]
[7386 7480]
[7481 7508]
[7509 7596]
[7597 7652]
[7653 7801]
[7802 7831]
[7832 7869]
[7870 7950]
[7951 8130]
[8131 8176]
[8177 8219]
[8220 8268]
[8269 8327]
[8328 8350]
[8351 8403]
[8404 8462]
[8463 8543]
[8544 8986]
[8987 9076]
[9077 9146]
[9147 9222]
[9223 9301]
[9302 9373]
[9374 9415]
[9416 9483]
[9484 9547]
[9548 9620]
[9621 9669]
[9670 9741]
[9742 9801]
[9802 9830]
[9831 9882]
[9883 9970]
[9971 10044]
[10045 10079]
[10080 10143]
[10144 10203]
[10204 10272]
[10273 10314]
[10315 10338]
[10339 10383]
[10384 10447]
[10448 10497]
[10498 10538]
[10539 10640]
[10641 10894]
[10895 10953]
[10954 11054]
[11055 11133]
[11134 11219]
[11220 11310]
[11311 11415]
[11416 11519]
[11520 11610]
[11611 11701]
[11702 11794]
[11795 11859]
[11860 11898]
[11899 11945]
[11946 11976]
[11977 12035]
[12036 12120]
[12121 12369]
[12370 12456]
[12457 12510]
[12511 12599]
[12600 12695]
[12696 12762]
[12763 12799]
[12800 12866]
[12867 12931]
[12932 12978]
[12979 13043]
[13044 13095]
[13096 13160]
[13161 13263]
[13264 13313]
[13314 13382]
[13383 13411]
[13412 13787]
[13788 13860]
[13861 13918]
[13919 14157]
[14158 14401]
[14402 14467]
[14468 14637]
[14638 14800]
[14801 15089]
[15090 15887]
[15888 16097]
[16098 16185]
[16186 16298]
[16299 16401]
[16402 16506]
[16507 16603]
[16604 16695]
[16696 16791]
[16792 16837]
[16838 16902]
[16903 16981]
[16982 17221]
[17222 17350]
[17351 17415]
[17416 17492]
[17493 18035]
[18036 18307]
[18309 18363]
[18364 18432]
[18433 18500]
[18501 18543]
[18544 18584]
[18585 18616]
[18617 18684]
[18685 18716]
[18717 18795]
[18796 19098]
[19099 19212]
[19214 19291]
[19292 19363]
[19364 19733]
[19734 19828]
[19830 20009]
[20011 20104]
[20105 20179]
[20180 20527]
[20528 20664]
[20665 20763]
[20764 20834]
[20835 20906]
[20907 20920]
[20921 21003]
[21004 21024]
[21025 21061]
[21062 21096]
[21097 21133]
[21134 21161]
[21162 21239]
[21240 21297]
[21298 21390]
[21391 21475]
[21476 21800]
[21801 21924]
[21925 21991]
[21992 22013]
[22014 22098]
[22099 22422]
[22423 22626]
[22627 22678]
[22679 22792]
[22793 22882]
[22883 22971]
[22972 23359]
[23360 23466]
[23467 23529]
[23530 23599]
[23600 23658]
[23659 23806]
[23807 23954]
[23955 24023]
[24024 24235]
[24236 24297]
[24298 24331]
[24332 24380]
[24381 24443]
[24444 24508]
[24509 24581]
[24582 24640]
[24641 24673]
[24674 24943]
[24944 25156]
[25157 25426]
[25427 25583]
[25584 26017]
[26018 26053]
[26054 26171]
[26172 26345]
[26346 26401]
[26402 26461]
[26462 26503]
[26504 26591]
[26592 26658]
[26659 26818]
[26819 26875]
[26876 26933]
[26934 26988]
[26989 27136]
[27137 27205]
[27206 27475]
[27476 27578]
