[10 51]
[52 315]
[494 525]
[618 672]
[2282 2356]
[2357 3036]
[3431 3546]
[7013 7075]
[7076 7121]
[7122 7161]
[7162 7199]
[7200 7265]
[7266 7312]
[7313 7355]
[7356 7442]
[7443 7462]
[7463 7519]
[7520 7550]
[7551 7600]
[7601 7642]
[7643 7660]
[7661 7699]
[7700 7724]
[7725 7771]
[7772 7914]
[7915 7995]
[7996 8057]
[8058 8118]
[8119 8167]
[8168 8247]
[8248 8311]
[8312 8423]
[8424 8542]
[8543 8629]
[8630 8669]
[8670 8724]
[8725 8806]
[8807 8880]
[8881 8941]
[8942 9028]
[9029 9097]
[9098 9138]
[9139 9238]
[9239 9329]
[9330 9393]
[9394 9462]
[9463 9506]
[9507 9579]
[9580 9630]
[9631 9677]
[9678 9752]
[9753 9825]
[9826 9900]
[9901 9957]
[9958 10020]
[10021 10079]
[10080 10143]
[10144 10199]
[10200 10262]
[10263 10328]
[10329 10381]
[10382 10438]
[10439 10489]
[10490 10529]
[10530 10639]
[10640 10855]
[10856 10925]
[10926 10975]
[10976 11043]
[11044 11069]
[11070 11123]
[11124 11175]
[11176 11247]
[11248 11263]
[11264 11458]
[11459 11528]
[11529 11841]
[11842 11921]
[11922 11968]
[11969 12050]
[12051 12138]
[12139 12224]
[12225 12288]
[12289 12331]
[12332 12400]
[12401 12436]
[12437 12464]
[12465 12489]
[12490 12516]
[12517 12580]
[12581 12858]
[12859 12996]
[12997 13149]
[13150 13394]
[13395 13447]
[13448 13586]
[13587 13691]
[13692 13832]
[13833 13872]
[13873 14212]
[14213 14291]
[14292 14340]
[14341 14392]
[14393 14463]
[14464 14541]
[14542 14605]
[14606 14725]
[14726 14822]
[14823 14904]
[14905 14917]
[14918 15022]
[15023 15128]
[15129 15187]
[15188 15238]
[15239 15283]
[15284 15329]
[15330 15442]
[15443 15559]
[15560 15880]
[15881 16128]
[16130 16254]
[16255 16378]
[16380 16504]
[16505 16629]
[16630 16870]
[16871 17035]
[17037 17097]
[17098 17161]
[17162 17218]
[17219 17287]
[17288 17345]
[17346 17402]
[17403 17467]
[17468 17521]
[17522 17561]
[17562 17654]
[17655 18007]
[18008 18045]
[18046 18127]
[18128 18170]
[18171 18192]
[18193 18242]
[18243 18325]
[18326 18428]
[18429 18542]
[18543 18816]
[18817 18893]
[18894 19018]
[19019 19067]
[19068 19287]
[19288 19319]
[19320 19710]
[19711 19773]
[19774 19826]
[19827 19899]
[19900 19969]
[19970 20006]
[20007 20092]
[20093 20178]
[20179 20302]
[20303 20393]
[20394 20435]
[20436 20571]
[20572 20614]
[20615 20655]
[20656 20707]
[20708 20768]
[20769 20832]
[20833 20934]
[20935 21002]
[21003 21075]
[21076 21160]
[21161 21500]
[21501 21669]
[21670 21822]
[21823 22047]
[22048 22173]
[22174 22518]
[22519 22658]
[22659 22762]
[22763 22874]
[22875 23153]
[23154 23264]
[23265 23311]
[23312 23430]
[23431 23489]
[23490 23561]
[23562 23622]
[23623 23671]
[23672 23792]
[23793 23821]
[23822 23942]
[23943 24067]
[24068 24192]
[24193 24288]
[24289 24714]
[24715 24851]
[24852 25027]
[25028 25138]
[25139 25264]
[25265 25331]
[25332 25681]
[25682 25863]
[25864 26061]
[26062 26192]
[26193 26279]
[26280 26464]
[26465 26680]
[26682 26785]
[26786 26865]
[26866 26930]
[26931 27169]
[27170 27201]
[27202 27366]
[27367 27435]
[27436 27553]
[27554 27639]
[27640 27690]
[27691 27790]
[27791 27829]
[27830 27861]
[27862 27903]
[27904 27991]
[27992 28067]
[28068 28153]
[28154 28245]
[28246 28290]
[28291 28349]
[28350 28382]
[28383 28469]
[28470 28604]
[28605 28745]
[28746 28966]
[28967 29070]
[29071 29177]
[29178 29244]
[29245 29444]
[29445 29534]
[29535 29660]
[29661 29754]
[29755 30133]
[30134 30241]
[30242 30313]
[30314 30384]
[30385 30524]
[30525 30568]
[30569 30625]
[30626 30758]
[30759 30808]
[30809 30856]
[30857 30992]
[30993 31055]
[31056 31109]
[31110 31194]
[31195 31314]
[31315 31693]
[31695 31779]
