[0 6]
[7 38]
[39 391]
[392 441]
[442 486]
[487 568]
[569 621]
[622 663]
[664 692]
[693 740]
[741 762]
[763 784]
[785 816]
[817 875]
[876 1229]
[1230 1419]
[1420 1538]
[1539 1641]
[1642 1745]
[1746 1860]
[1861 1946]
[1947 2061]
[2062 2121]
[2122 2241]
[2242 2593]
[2594 2773]
[2774 3140]
[3141 3187]
[3188 3266]
[3267 3332]
[3333 3447]
[3448 3613]
[3614 3655]
[3656 3707]
[3708 3767]
[3768 3841]
[3842 3902]
[3903 3984]
[3985 4059]
[4060 4136]
[4137 4162]
[4163 4234]
[4235 4284]
[4285 4327]
[4328 4374]
[4375 5182]
[5183 5252]
[5253 5314]
[5315 5409]
[5410 5481]
[5482 5552]
[5553 5631]
[5632 5701]
[5702 5779]
[5780 5845]
[5846 5901]
[5902 5961]
[5962 6007]
[6008 6056]
[6057 6111]
[6112 6158]
[6159 6203]
[6204 6246]
[6247 6301]
[6302 6348]
[6349 6394]
[6395 6421]
[6422 6468]
[6469 6521]
[6522 6572]
[6573 6629]
[6630 6720]
[6721 6837]
[6838 6971]
[6972 7021]
[7022 7102]
[7103 7149]
[7150 7207]
[7208 7269]
[7270 7321]
[7322 7531]
[7532 7617]
[7618 7668]
[7669 7726]
[7727 7942]
[7943 8010]
[8011 8120]
[8121 8173]
[8174 8231]
[8232 8358]
[8359 8408]
[8409 8464]
[8465 8508]
[8509 8548]
[8549 8584]
[8585 8637]
[8638 8675]
[8676 8927]
[8928 9044]
[9045 9089]
[9090 9202]
[9203 9357]
[9358 9402]
[9404 9462]
[9463 9491]
[9492 9525]
[9526 9648]
[9649 9692]
[9693 9724]
[9725 9760]
[9761 9804]
[9805 9861]
[9862 10026]
[10027 10075]
[10076 10095]
[10096 10146]
[10147 10201]
[10202 10295]
[10297 10356]
[10357 10419]
[10420 10450]
[10451 10493]
[10494 10550]
[10551 10619]
[10620 10656]
[10657 10694]
[10695 10732]
[10733 10775]
[10776 10789]
[10790 10799]
[10800 10855]
[10856 10875]
[10876 10897]
[10898 10995]
[10996 11226]
[11227 11301]
[11302 11362]
[11363 11428]
[11429 11484]
[11485 11544]
[11545 11578]
[11579 11620]
[11621 11670]
[11671 11741]
[11742 11803]
[11804 11856]
[11857 11906]
[11907 11948]
[11949 11990]
[11991 12039]
[12040 12078]
[12079 12137]
[12138 12169]
[12170 12243]
[12244 12291]
[12292 12352]
[12353 12400]
[12401 12447]
[12448 12499]
[12500 12557]
[12558 12624]
[12625 12648]
[12649 12898]
[12899 12939]
[12940 12983]
[12984 13044]
[13045 13094]
[13095 13122]
[13123 13167]
[13168 13226]
[13227 13285]
[13286 13333]
[13334 13360]
[13361 13415]
[13416 13463]
[13464 13538]
[13539 13582]
[13583 13626]
[13627 13729]
[13730 13786]
[13787 14265]
[14266 14414]
[14415 14448]
[14449 14493]
[14494 14507]
[14508 14542]
[14543 14550]
[14551 14621]
[14622 14653]
[14654 14699]
[14700 14753]
[14754 14777]
[14778 14822]
[14823 14878]
[14879 14924]
[14925 14980]
[14981 15002]
[15003 15060]
[15061 15084]
[15085 15118]
[15119 15198]
[15199 15602]
[15603 15656]
[15657 15732]
[15733 15787]
[15788 15836]
[15837 15877]
[15878 15922]
[15923 15972]
[15973 16021]
[16022 16105]
[16106 16176]
[16177 16249]
[16250 16329]
[16330 16399]
[16400 16476]
[16477 16529]
[16530 16582]
[16583 16641]
[16642 16688]
[16689 16778]
[16779 16831]
[16832 16892]
[16893 16940]
[16941 17012]
[17013 17058]
[17059 17079]
[17080 17123]
[17124 17190]
[17191 17228]
[17229 17258]
[17259 17307]
[17308 17334]
[17335 17389]
[17390 17448]
[17449 17575]
[17576 17632]
[17633 17692]
[17693 17761]
[17762 17803]
[17804 17854]
[17856 17874]
[17875 17937]
[17938 18002]
[18003 18029]
[18030 18135]
[18136 18680]
[18681 18762]
[18763 18851]
[18852 18891]
[18892 18936]
[18937 18961]
[18962 19013]
[19014 19049]
[19050 19108]
[19109 19144]
[19145 19215]
[19216 19259]
[19260 19308]
[19309 19348]
[19349 19384]
[19385 19423]
[19424 19452]
[19453 19586]
[19587 19637]
[19638 19696]
[19697 19728]
[19729 19765]
[19766 19878]
[19879 19939]
[19940 20262]
[20263 20291]
[20292 20328]
[20329 20369]
[20370 20416]
[20417 20457]
[20458 20494]
[20495 20550]
[20551 20603]
[20604 20651]
[20652 20695]
[20696 20748]
[20749 20792]
[20793 20845]
[20846 20905]
[20906 20963]
[20964 21024]
[21025 21082]
[21083 21133]
[21134 21208]
[21209 21267]
[21268 21329]
[21330 21383]
[21384 21427]
[21428 21481]
[21482 21544]
[21545 21628]
[21629 21687]
[21688 21732]
[21733 21809]
[21810 22111]
[22112 22249]
[22250 22349]
[22350 22506]
[22507 22710]
[22711 22818]
[22819 22996]
[22997 23099]
[23100 23183]
[23184 23246]
[23247 23307]
[23308 23380]
[23381 23474]
[23475 23546]
[23547 24016]
[24017 24120]
[24121 24191]
[24192 24265]
[24266 24341]
[24342 24494]
[24495 24540]
[24541 24600]
[24601 24636]
[24637 24754]
[24755 24872]
[24873 24911]
[24912 24945]
[24946 24972]
[24973 25021]
[25022 25079]
[25080 25128]
[25129 25179]
[25180 25237]
[25238 25295]
[25296 25349]
[25350 25402]
[25403 25840]
[25841 25989]
[25990 26046]
[26047 26171]
[26172 26206]
[26207 26326]
[26327 26410]
[26411 26446]
[26447 26572]
[26573 26615]
[26616 26667]
[26668 26719]
[26720 26778]
[26779 26844]
[26845 26917]
[26918 27129]
[27130 27293]
[27294 27422]
[27423 27482]
[27483 27524]
[27525 27530]
[27531 27602]
[27603 27655]
[27656 27722]
[27723 27745]
[27746 27811]
[27812 27878]
[27879 27921]
[27922 28054]
[28055 28102]
[28103 28169]
[28170 28229]
[28230 28247]
[28248 28312]
[28313 28386]
[28387 28511]
[28512 28606]
[28607 28712]
[28713 28762]
[28763 29147]
[29149 29231]
