[0 7]
[8 54]
[56 342]
[343 405]
[406 483]
[484 532]
[533 593]
[594 632]
[633 656]
[657 708]
[709 750]
[751 780]
[781 839]
[840 1255]
[1256 1343]
[1344 1451]
[1452 1718]
[1719 2261]
[2262 2508]
[2509 2553]
[2554 2829]
[2830 2922]
[2923 3016]
[3017 3064]
[3065 3130]
[3131 3264]
[3265 3404]
[3405 3902]
[3903 3969]
[3970 4015]
[4016 4076]
[4077 4129]
[4130 4238]
[4239 4283]
[4284 4375]
[4376 4493]
[4494 4556]
[4557 4613]
[4614 4652]
[4653 4699]
[4700 4767]
[4768 4803]
[4804 4845]
[4846 4931]
[4932 4978]
[4979 5030]
[5031 5103]
[5104 5155]
[5156 5225]
[5226 5316]
[5317 5994]
[5995 6194]
[6195 6360]
[6361 6491]
[6492 6523]
[6524 6745]
[6746 6836]
[6837 6931]
[6932 6974]
[6975 7089]
[7090 7150]
[7151 7204]
[7205 7261]
[7262 7338]
[7339 7414]
[7415 7486]
[7487 7560]
[7561 7624]
[7625 7927]
[7929 8000]
[8001 8051]
[8052 8104]
[8105 8153]
[8154 8205]
[8206 8263]
[8264 8352]
[8353 8417]
[8418 8504]
[8505 8573]
[8574 8634]
[8635 8687]
[8688 8744]
[8745 8816]
[8817 8939]
[8940 9209]
[9210 9285]
[9286 9361]
[9362 9426]
[9427 9480]
[9481 9594]
[9595 9658]
[9659 9737]
[9738 9813]
[9814 9891]
[9892 9980]
[9981 10050]
[10051 10177]
[10178 10471]
[10472 10604]
[10605 10696]
[10697 10799]
[10800 10899]
[10900 10947]
[10948 11012]
[11013 11122]
[11123 11240]
[11241 11262]
[11263 11389]
[11390 11420]
[11421 11505]
[11506 11541]
[11542 11662]
[11663 11729]
[11730 12043]
[12044 12360]
[12361 12392]
[12393 12511]
[12512 12594]
[12595 12683]
[12684 12765]
[12766 12858]
[12859 12939]
[12940 13004]
[13005 13089]
[13090 13170]
[13171 13247]
[13248 13315]
[13316 13440]
[13441 13509]
[13510 13560]
[13561 13624]
[13625 13688]
[13689 13732]
[13733 13776]
[13777 13884]
[13885 14206]
[14207 14288]
[14289 14348]
[14349 14514]
[14515 14573]
[14574 14660]
[14661 14749]
[14750 14901]
[14902 14975]
[14976 15037]
[15038 15096]
[15097 15160]
[15161 15244]
[15245 15329]
[15330 15428]
[15429 15509]
[15510 15616]
[15617 15667]
[15668 16148]
[16149 16191]
[16192 16245]
[16246 16356]
[16357 16424]
[16425 16489]
[16490 16551]
[16552 16613]
[16614 16707]
[16708 16757]
[16758 17017]
[17018 17081]
[17082 17153]
[17154 17239]
[17240 17275]
[17276 17325]
[17326 17399]
[17400 17436]
[17437 17486]
[17487 17824]
[17827 17923]
[17924 17940]
[17941 18033]
[18034 18118]
[18119 18193]
[18194 18253]
[18254 18304]
[18305 18417]
[18418 18463]
[18464 18554]
[18555 18609]
[18610 18810]
[18811 18868]
[18869 18962]
[18963 19034]
[19035 19079]
[19080 19185]
[19186 19252]
[19253 19325]
[19326 19637]
[19638 19703]
[19704 19775]
[19776 19847]
[19848 19941]
[19942 20002]
[20003 20146]
[20147 20249]
[20250 20306]
[20307 20352]
[20353 20400]
[20401 20419]
[20420 20657]
[20658 20723]
[20724 20812]
[20813 20940]
[20941 21005]
[21006 21047]
[21048 21147]
[21148 21194]
[21195 21226]
[21227 21521]
[21522 21573]
[21574 21745]
[21746 21788]
[21789 21832]
[21833 21880]
[21881 21954]
[21955 22005]
[22006 22076]
[22077 22233]
[22234 22323]
[22324 22372]
[22373 22436]
[22437 22535]
[22536 22585]
[22586 22668]
[22669 22713]
[22714 23480]
[23481 23523]
[23524 23565]
[23566 23598]
[23599 23641]
[23642 23699]
[23700 23739]
[23740 23882]
[23883 23979]
[23980 24020]
[24021 24070]
[24071 24191]
[24192 24236]
[24237 24275]
[24276 24322]
[24323 24421]
[24422 24481]
[24482 24539]
[24540 24631]
[24632 24713]
[24714 24869]
[24870 24913]
[24914 24950]
[24951 24989]
[24990 25025]
[25026 25277]
[25278 25356]
[25357 25516]
[25517 25583]
[25584 25729]
[25730 25865]
[25866 25977]
[25978 26064]
[26065 26271]
[26272 26336]
[26337 26406]
[26407 26551]
[26552 26628]
[26629 27098]
[27100 27402]
[27403 27639]
[27640 27885]
[27886 28017]
[28018 28395]
[28396 28500]
