[0 5]
[6 46]
[47 376]
[377 431]
[432 480]
[481 518]
[519 558]
[559 581]
[582 611]
[612 648]
[649 682]
[683 715]
[716 746]
[747 805]
[806 856]
[857 1352]
[1354 1454]
[1455 1501]
[1502 1563]
[1564 1631]
[1632 1652]
[1653 1720]
[1721 1819]
[1820 2148]
[2149 2228]
[2229 2299]
[2300 2332]
[2333 2543]
[2544 2602]
[2603 2640]
[2641 2702]
[2703 2764]
[2765 2829]
[2830 2876]
[2877 2946]
[2947 3000]
[3001 3636]
[3637 3657]
[3658 3732]
[3733 3815]
[3816 3851]
[3852 3883]
[3884 3960]
[3961 4012]
[4013 4043]
[4044 4083]
[4084 4127]
[4128 4179]
[4180 4240]
[4241 4283]
[4284 4310]
[4311 4365]
[4366 4411]
[4412 4447]
[4448 4533]
[4534 4582]
[4583 4637]
[4638 4680]
[4681 4715]
[4716 4737]
[4738 4810]
[4811 4856]
[4857 4973]
[4974 5056]
[5057 5086]
[5087 5151]
[5152 5199]
[5200 5218]
[5219 5719]
[5720 5773]
[5774 5833]
[5834 5875]
[5876 5968]
[5969 5996]
[5997 6072]
[6073 6134]
[6135 6170]
[6171 6214]
[6215 6238]
[6239 6384]
[6385 6435]
[6436 6476]
[6477 6507]
[6508 6611]
[6612 6671]
[6672 6707]
[6708 6749]
[6750 6818]
[6819 6857]
[6858 6900]
[6901 6945]
[6946 7007]
[7008 7074]
[7075 7158]
[7159 7442]
[7443 7540]
[7541 7629]
[7630 7711]
[7712 7809]
[7810 7879]
[7880 7984]
[7985 8030]
[8031 8114]
[8115 8196]
[8197 8294]
[8295 8369]
[8370 8424]
[8425 8594]
[8595 8640]
[8641 8679]
[8680 8719]
[8720 8774]
[8775 8826]
[8827 8875]
[8876 8906]
[8907 8939]
[8940 9033]
[9034 9437]
[9438 9486]
[9487 9550]
[9551 9660]
[9661 9924]
[9925 10165]
[10166 10511]
[10512 10970]
[10971 11221]
[11222 11295]
[11296 11392]
[11393 11492]
[11493 11560]
[11561 11939]
[11940 12085]
[12086 12240]
[12242 12439]
[12441 12565]
[12566 12950]
[12951 12985]
[12986 13063]
[13064 13132]
[13133 13220]
[13221 13303]
[13304 13362]
[13363 13412]
[13413 13478]
[13479 13547]
[13548 13643]
[13644 13719]
[13720 13795]
[13796 13862]
[13863 13935]
[13936 13981]
[13982 14051]
[14052 14136]
[14137 14187]
[14188 14255]
[14256 14324]
[14325 14392]
[14393 14774]
[14775 14845]
[14846 14973]
[14974 15001]
[15002 15080]
[15081 15249]
[15250 15335]
[15336 15398]
[15399 15465]
[15466 15544]
[15545 15643]
[15644 15965]
[15966 16022]
[16023 16061]
[16062 16141]
[16142 16182]
[16183 16224]
[16225 16301]
[16302 16401]
[16402 16564]
[16565 16701]
[16702 16823]
[16824 16905]
[16906 16986]
[16987 17105]
[17106 17251]
[17252 17329]
[17330 17389]
[17390 17532]
[17533 17584]
[17585 17611]
[17612 17649]
[17650 17712]
[17713 17742]
[17743 17784]
[17785 17817]
[17818 17877]
[17878 17980]
[17981 18426]
[18428 18448]
[18449 18504]
[18505 18548]
[18549 18623]
[18624 18763]
[18764 18814]
[18815 18869]
[18870 19090]
[19091 19150]
[19151 19216]
[19217 19297]
[19298 19415]
[19416 19473]
[19474 19527]
[19528 19852]
[19854 19902]
[19903 19983]
[19984 20010]
[20011 20064]
[20065 20109]
[20110 20219]
[20220 20299]
[20300 20352]
[20353 20428]
[20429 20465]
[20466 20527]
[20528 20610]
[20611 20660]
[20661 20721]
[20722 20808]
[20809 20821]
[20822 20883]
[20884 20961]
[20962 20997]
[20998 21069]
[21070 21446]
[21447 21537]
[21538 21655]
[21656 21708]
[21709 21763]
[21764 21836]
[21837 21929]
[21930 21998]
[21999 22030]
[22031 22084]
[22085 22162]
[22163 22232]
[22233 22299]
[22300 22371]
[22372 22683]
[22684 22701]
[22702 22771]
[22772 22850]
[22851 22929]
[22930 23014]
[23015 23088]
[23089 23179]
[23180 23239]
[23240 23305]
[23306 23420]
[23421 23520]
[23521 23590]
[23591 23730]
[23731 23823]
[23824 23930]
[23931 24025]
[24026 24116]
[24117 24192]
[24193 24286]
[24287 24428]
[24429 24518]
[24520 24629]
[24630 24738]
[24739 24801]
[24802 24912]
[24913 25050]
[25051 25208]
[25209 25332]
[25333 25515]
[25516 25667]
[25668 25828]
[25829 25903]
[25904 26094]
[26095 26198]
[26199 26274]
[26275 26352]
[26353 26498]
[26499 26509]
[26510 26650]
[26651 26662]
[26663 26710]
[26711 26831]
[26832 26913]
[26914 27025]
[27026 27196]
[27197 27250]
[27251 27380]
[27381 27434]
[27435 27494]
[27495 27552]
[27553 27986]
[27987 28087]
