[0 26]
[28 273]
[275 333]
[334 390]
[391 427]
[428 460]
[461 504]
[505 537]
[538 584]
[585 629]
[630 671]
[672 705]
[706 759]
[760 1337]
[1339 1429]
[1430 1510]
[1511 1602]
[1604 1688]
[1689 1743]
[1744 1839]
[1840 1911]
[1912 1963]
[1964 2040]
[2041 2101]
[2102 2196]
[2197 2256]
[2257 2622]
[2623 2701]
[2702 2776]
[2777 2811]
[2812 2907]
[2908 2948]
[2949 3044]
[3045 3107]
[3108 3146]
[3147 3211]
[3212 3285]
[3286 3318]
[3319 3369]
[3370 3407]
[3408 3449]
[3450 3463]
[3465 4057]
[4059 4129]
[4130 4185]
[4186 4224]
[4225 4294]
[4295 4367]
[4368 4422]
[4423 4481]
[4482 4551]
[4552 4604]
[4605 4630]
[4631 5046]
[5047 5114]
[5115 5182]
[5183 5254]
[5255 5328]
[5329 5399]
[5400 5472]
[5473 5543]
[5544 5610]
[5611 5698]
[5699 5753]
[5754 5887]
[5888 5932]
[5933 5957]
[5958 6012]
[6013 6124]
[6125 6224]
[6225 6299]
[6300 6369]
[6370 6443]
[6444 7034]
[7036 7128]
[7129 7172]
[7173 7222]
[7223 7308]
[7309 7371]
[7372 7437]
[7438 7491]
[7492 7536]
[7537 7616]
[7617 7653]
[7654 7706]
[7707 7763]
[7764 7988]
[7989 8034]
[8035 8065]
[8066 8168]
[8169 8278]
[8279 8357]
[8358 8444]
[8445 8498]
[8499 9021]
[9022 9073]
[9074 9104]
[9105 9170]
[9171 9250]
[9251 9305]
[9306 9343]
[9344 9420]
[9421 9512]
[9513 9588]
[9589 9643]
[9644 9709]
[9710 9767]
[9768 9904]
[9905 9959]
[9960 10006]
[10007 10048]
[10049 10088]
[10089 10202]
[10203 10336]
[10337 10972]
[10973 11024]
[11025 11091]
[11092 11155]
[11156 11215]
[11216 11281]
[11282 11384]
[11385 11439]
[11440 11501]
[11502 11589]
[11590 11649]
[11650 11703]
[11704 11765]
[11766 11833]
[11834 11902]
[11903 11970]
[11971 12027]
[12028 12080]
[12081 12106]
[12107 12134]
[12135 12151]
[12152 12194]
[12195 12663]
[12664 12777]
[12778 12897]
[12898 12970]
[12971 13092]
[13093 13218]
[13219 13271]
[13272 13359]
[13360 13466]
[13467 13555]
[13556 13592]
[13593 13673]
[13674 13972]
[13974 14032]
[14033 14089]
[14090 14249]
[14250 14299]
[14300 14429]
[14430 14531]
[14532 14632]
[14633 14728]
[14729 14838]
[14839 14948]
[14949 15024]
[15025 15095]
[15096 15736]
[15738 15850]
[15851 15994]
[15995 16073]
[16074 16176]
[16177 16281]
[16282 16446]
[16447 16566]
[16567 16599]
[16600 17112]
[17113 17200]
[17201 17289]
[17290 17366]
[17367 17401]
[17402 17475]
[17476 17524]
[17525 17627]
[17628 17692]
[17693 17737]
[17738 17790]
[17791 17882]
[17883 17907]
[17908 17952]
[17953 18030]
[18031 18053]
[18054 18125]
[18126 18176]
[18177 18203]
[18204 18233]
[18234 18249]
[18250 18293]
[18294 18315]
[18316 18388]
[18389 18446]
[18447 18521]
[18522 18581]
[18582 18679]
[18680 18734]
[18735 18791]
[18792 18864]
[18865 18922]
[18923 18988]
[18989 19117]
[19118 19265]
[19266 19775]
[19776 19851]
[19852 19888]
[19889 19974]
[19975 20048]
[20049 20132]
[20133 20220]
[20221 20318]
[20319 20382]
[20383 20463]
[20464 20524]
[20525 20592]
[20593 20655]
[20656 20707]
[20708 20769]
[20770 20820]
[20821 20861]
[20862 20889]
[20890 20925]
[20926 21515]
[21516 21613]
[21614 21671]
[21672 21729]
[21730 21871]
[21872 22036]
[22037 22081]
[22082 22131]
[22132 22274]
[22275 22388]
[22389 22557]
[22558 22700]
[22701 22801]
[22802 22889]
[22890 23049]
[23050 23367]
[23368 23405]
[23406 23436]
[23437 23462]
[23463 23488]
[23489 23703]
[23704 23764]
[23765 23808]
[23809 23841]
[23842 24027]
[24028 24058]
[24059 24085]
[24086 24108]
[24109 24136]
[24137 24167]
[24168 24194]
[24195 24226]
[24227 24255]
[24256 24430]
[24431 24463]
[24464 24498]
[24499 24522]
[24523 24551]
[24552 24608]
[24609 24640]
[24641 24667]
[24668 24716]
[24717 25128]
[25129 25282]
[25283 25431]
[25432 25509]
[25510 25578]
[25579 25723]
[25724 25866]
[25867 26021]
[26022 26077]
[26078 26183]
[26184 26232]
[26233 26313]
[26314 26444]
[26445 26568]
[26569 26656]
[26657 26773]
[26774 27002]
[27003 27045]
[27046 27117]
[27118 27189]
[27190 27240]
[27241 27273]
[27274 27384]
[27385 27453]
[27454 27496]
[27497 27559]
[27560 27585]
[27586 27641]
[27642 27727]
[27728 27806]
[27807 27860]
[27861 27924]
[27925 27995]
[27996 28065]
[28066 28130]
[28131 28420]
[28421 28836]
[28838 29044]
[29045 29107]
[29108 29173]
[29174 29243]
[29244 29331]
[29332 29447]
[29448 29493]
[29494 29556]
[29557 29611]
[29612 29671]
[29672 29733]
[29734 29775]
[29776 29817]
[29818 29918]
[29919 29999]
[30000 30059]
[30060 30111]
[30112 30474]
[30475 30618]
[30619 30680]
[30681 30750]
[30751 30825]
[30826 30886]
[30887 30966]
[30967 31073]
[31074 31156]
[31157 31232]
[31233 31316]
[31317 31390]
[31391 31464]
[31465 31524]
[31525 31573]
[31574 31904]
[31905 31975]
[31976 32070]
[32071 32128]
[32129 32286]
[32287 32364]
[32365 32498]
[32499 32610]
[32611 32695]
[32696 32823]
[32824 32951]
[32953 33025]
[33027 33530]
[33531 33609]
