[0 7]
[8 50]
[52 330]
[331 386]
[387 423]
[424 466]
[467 516]
[517 554]
[555 590]
[591 639]
[640 694]
[695 732]
[733 762]
[763 822]
[823 965]
[966 1508]
[1509 1666]
[1667 1745]
[1746 1815]
[1816 1888]
[1889 1947]
[1948 2000]
[2001 2235]
[2236 2697]
[2698 3020]
[3021 3368]
[3369 3493]
[3494 3873]
[3874 4319]
[4321 4370]
[4371 4405]
[4406 4483]
[4484 4567]
[4568 4633]
[4634 4691]
[4692 4711]
[4712 4764]
[4765 4805]
[4806 4840]
[4841 4863]
[4864 4908]
[4909 4950]
[4951 5057]
[5058 5079]
[5080 5152]
[5153 5200]
[5201 5269]
[5270 5358]
[5359 5422]
[5423 5476]
[5477 5560]
[5561 5637]
[5638 5988]
[5990 6030]
[6031 6079]
[6080 6261]
[6262 6365]
[6366 6423]
[6424 6522]
[6523 6609]
[6610 6700]
[6701 6738]
[6739 6846]
[6847 6935]
[6936 7118]
[7119 7199]
[7200 7318]
[7319 7436]
[7437 8105]
[8106 8138]
[8139 8222]
[8223 8291]
[8292 8349]
[8350 8401]
[8402 8444]
[8445 8490]
[8491 8544]
[8545 8606]
[8607 8679]
[8680 8758]
[8759 8849]
[8850 8906]
[8907 8945]
[8946 8996]
[8997 9132]
[9133 9198]
[9199 9362]
[9363 9449]
[9450 9577]
[9578 9630]
[9631 9703]
[9704 9758]
[9759 9816]
[9817 9877]
[9878 10016]
[10017 10069]
[10070 10124]
[10125 10302]
[10304 10403]
[10404 10493]
[10494 10559]
[10560 10686]
[10687 10731]
[10732 10838]
[10839 10892]
[10893 10952]
[10953 11177]
[11178 11271]
[11272 11351]
[11352 11393]
[11394 11470]
[11471 11559]
[11560 11625]
[11626 11713]
[11714 11781]
[11782 12047]
[12048 12149]
[12150 12303]
[12304 12361]
[12362 12430]
[12431 12452]
[12453 12953]
[12954 12987]
[12988 13135]
[13136 13373]
[13374 13434]
[13435 13509]
[13510 13641]
[13642 14085]
[14086 14376]
[14377 14433]
[14434 14479]
[14480 14549]
[14550 14678]
[14679 14745]
[14746 14843]
[14844 14933]
[14934 15010]
[15011 15082]
[15083 15158]
[15159 15204]
[15205 15257]
[15258 15355]
[15356 15644]
[15645 15829]
[15830 15983]
[15984 16633]
[16634 16797]
[16798 16893]
[16894 17117]
[17118 17395]
[17396 17504]
[17505 17731]
[17732 18284]
[18286 18364]
[18365 18414]
[18415 18482]
[18483 18558]
[18559 18654]
[18655 18750]
[18751 18830]
[18831 18951]
[18952 19028]
[19029 19123]
[19124 19223]
[19224 19323]
[19324 19388]
[19389 19478]
[19479 19521]
[19522 19593]
[19594 19685]
[19686 19711]
[19712 20199]
[20201 20407]
[20408 20474]
[20475 20618]
[20619 20697]
[20698 20938]
[20939 21087]
[21088 21250]
[21251 21316]
[21317 21386]
[21387 21486]
[21487 21522]
[21523 21744]
[21745 22108]
[22110 22143]
[22144 22183]
[22184 22231]
[22232 22255]
[22256 22342]
[22343 22368]
[22369 22380]
[22381 22480]
[22481 22520]
[22521 22544]
[22545 22625]
[22626 22668]
[22669 22755]
[22756 22838]
[22839 22913]
[22914 22940]
[22941 22976]
[22977 23003]
[23004 23094]
[23095 23126]
[23127 23140]
[23141 23161]
[23162 23174]
[23175 23197]
[23198 23205]
[23206 23272]
[23273 23521]
[23522 23745]
[23746 23843]
[23844 23976]
[23977 24111]
[24112 24238]
[24239 24292]
[24293 24561]
[24562 24708]
[24709 25115]
[25116 25252]
[25253 25297]
[25298 25392]
[25393 25478]
[25479 25550]
[25551 25651]
[25652 25722]
[25723 25795]
[25796 25972]
[25973 26149]
[26150 26218]
[26219 26270]
[26271 26643]
[26644 26736]
