[0 7]
[8 40]
[41 348]
[349 392]
[393 434]
[435 475]
[476 517]
[518 558]
[559 599]
[600 642]
[643 684]
[685 724]
[725 759]
[760 795]
[796 829]
[830 924]
[925 1601]
[1602 1639]
[1640 1703]
[1704 1772]
[1773 1831]
[1832 1901]
[1902 1982]
[1983 2045]
[2046 2102]
[2103 2161]
[2162 2219]
[2220 2275]
[2276 2302]
[2303 2391]
[2392 2470]
[2471 2543]
[2544 2621]
[2622 2639]
[2640 2676]
[2677 2749]
[2750 2818]
[2819 2879]
[2880 2908]
[2909 3317]
[3318 3422]
[3423 3483]
[3484 3512]
[3513 3554]
[3555 3603]
[3604 3711]
[3712 3768]
[3769 3845]
[3846 3937]
[3938 4014]
[4015 4079]
[4080 4111]
[4112 4231]
[4232 4296]
[4297 4343]
[4344 4407]
[4408 4497]
[4498 4565]
[4566 4590]
[4591 4670]
[4671 4720]
[4721 4774]
[4775 4809]
[4810 5121]
[5122 5137]
[5138 5193]
[5194 5304]
[5305 5369]
[5370 5483]
[5484 5570]
[5571 5669]
[5670 5724]
[5725 5791]
[5792 5869]
[5870 5944]
[5945 5991]
[5992 6728]
[6729 6790]
[6791 6857]
[6858 6941]
[6942 7011]
[7012 7087]
[7088 7170]
[7171 7229]
[7230 7288]
[7289 7363]
[7364 7402]
[7403 7474]
[7475 7575]
[7576 7645]
[7646 7681]
[7682 7719]
[7720 8146]
[8147 8255]
[8256 8395]
[8396 8456]
[8457 8511]
[8512 8606]
[8607 8675]
[8676 8777]
[8778 8859]
[8860 8940]
[8941 9022]
[9023 9254]
[9255 9310]
[9311 9364]
[9365 9429]
[9430 9484]
[9485 9555]
[9556 9631]
[9632 9682]
[9684 9767]
[9768 10241]
[10242 10336]
[10337 10397]
[10398 10462]
[10463 10521]
[10522 10568]
[10569 10624]
[10625 10684]
[10685 10713]
[10714 10756]
[10757 10806]
[10807 10850]
[10851 10889]
[10890 10942]
[10943 10991]
[10992 11064]
[11065 11107]
[11108 11173]
[11174 11241]
[11242 11304]
[11305 11328]
[11329 11350]
[11351 11494]
[11495 11517]
[11518 11547]
[11548 11611]
[11612 11657]
[11658 11692]
[11693 11722]
[11723 11755]
[11756 11791]
[11792 11840]
[11841 11882]
[11883 11916]
[11917 11956]
[11957 12052]
[12053 12349]
[12350 12476]
[12477 12579]
[12580 12630]
[12631 12688]
[12689 12801]
[12802 12893]
[12894 13016]
[13017 13166]
[13167 13277]
[13278 13442]
[13443 13533]
[13534 13819]
[13820 13919]
[13920 14039]
[14040 14135]
[14136 14237]
[14238 14304]
[14305 14399]
[14400 14499]
[14500 14528]
[14529 14612]
[14613 14912]
[14913 14950]
[14951 15000]
[15001 15029]
[15030 15077]
[15078 15115]
[15116 15152]
[15153 15202]
[15203 15354]
[15355 15448]
[15449 15510]
[15511 15576]
[15577 15626]
[15627 16060]
[16061 16171]
[16172 16214]
[16215 16258]
[16259 16316]
[16317 16371]
[16372 16496]
[16497 16573]
[16574 16651]
[16652 16746]
[16747 16777]
[16778 16874]
[16875 16932]
[16933 16968]
[16969 17079]
[17080 17139]
[17140 17162]
[17163 17233]
[17234 17328]
[17329 17402]
[17403 17431]
[17432 17472]
[17473 17764]
[17765 17916]
[17917 18054]
[18055 18122]
[18123 18228]
[18229 18312]
[18313 18355]
[18356 18426]
[18427 18526]
[18527 18659]
[18660 18718]
[18719 18788]
[18789 18842]
[18843 19083]
[19084 19197]
[19198 19252]
[19253 19314]
[19315 19386]
[19387 19444]
[19445 19483]
[19484 19546]
[19547 19614]
[19615 19674]
[19675 19729]
[19730 19788]
[19789 19934]
[19935 19987]
[19988 20022]
[20023 20075]
[20076 20139]
[20140 20185]
[20186 20228]
[20229 20273]
[20274 20319]
[20320 20368]
[20369 20406]
[20407 20445]
[20446 20484]
[20485 20575]
[20576 20845]
[20846 21041]
[21042 21212]
[21213 21450]
[21451 21505]
[21506 21715]
[21716 21921]
[21922 22224]
[22225 22624]
[22625 22697]
[22698 22765]
[22766 22818]
[22819 22884]
[22885 22935]
[22936 23000]
[23001 23231]
[23232 23304]
[23305 23389]
[23390 23456]
[23457 23517]
[23518 23599]
[23600 23734]
[23735 23806]
[23807 23880]
[23881 23953]
[23954 24091]
[24092 24161]
[24162 24243]
[24245 24336]
[24337 24759]
[24760 24946]
[24947 25053]
[25054 25117]
[25118 25219]
[25220 25320]
[25321 25380]
[25381 25565]
[25567 25893]
[25894 25969]
[25970 26035]
[26036 26124]
[26125 26212]
[26213 26425]
[26426 26538]
[26539 26637]
[26638 26730]
[26731 26821]
[26822 27094]
[27095 27159]
[27160 27254]
[27255 27330]
[27331 27393]
[27394 27574]
[27575 27745]
[27746 27856]
[27857 27919]
[27920 28022]
[28023 28249]
[28250 28370]
[28371 28515]
[28516 28583]
[28584 28696]
[28697 28891]
[28892 28961]
[28962 29001]
[29002 29226]
[29227 29260]
[29261 29313]
[29314 29394]
[29395 29464]
[29465 29571]
[29572 29657]
[29658 29866]
[29867 30039]
[30040 30110]
[30111 30165]
[30166 30252]
[30253 30551]
[30552 30594]
[30595 30721]
[30722 30810]
[30811 30843]
[30844 30940]
[30941 31035]
[31036 31084]
[31085 31346]
[31347 31678]
[31679 32316]
[32317 32564]
[32565 32649]
