[0 7]
[8 43]
[44 320]
[321 369]
[370 405]
[406 435]
[436 463]
[464 496]
[497 524]
[525 558]
[559 583]
[584 620]
[621 657]
[658 688]
[689 715]
[716 745]
[746 789]
[790 826]
[827 859]
[860 936]
[937 1486]
[1487 1561]
[1562 1619]
[1620 1666]
[1667 1720]
[1721 1796]
[1797 1843]
[1844 1891]
[1892 1973]
[1974 2002]
[2004 2060]
[2061 2075]
[2076 2159]
[2160 2212]
[2213 2243]
[2244 2275]
[2276 2338]
[2339 2369]
[2370 2446]
[2447 2621]
[2622 2667]
[2668 2724]
[2725 2797]
[2798 2875]
[2876 2948]
[2949 3010]
[3011 3085]
[3086 3627]
[3628 3692]
[3693 3727]
[3728 3857]
[3858 3892]
[3893 3936]
[3937 4172]
[4173 4365]
[4366 4392]
[4393 4453]
[4454 4510]
[4511 4659]
[4660 4740]
[4741 4824]
[4825 4857]
[4858 4954]
[4955 4971]
[4972 5061]
[5062 5121]
[5122 5660]
[5661 5703]
[5704 5740]
[5741 5792]
[5793 5839]
[5840 5921]
[5922 5960]
[5961 6057]
[6058 6086]
[6087 6112]
[6113 6153]
[6154 6206]
[6207 6268]
[6269 6341]
[6342 6402]
[6403 6410]
[6411 6526]
[6527 6589]
[6590 6627]
[6628 6652]
[6653 6684]
[6685 6722]
[6723 6760]
[6761 6923]
[6924 6965]
[6966 7018]
[7019 7058]
[7059 7117]
[7118 7153]
[7154 7178]
[7179 7194]
[7195 7761]
[7762 7851]
[7852 7898]
[7899 7961]
[7962 7998]
[7999 8070]
[8071 8114]
[8115 8149]
[8150 8272]
[8273 8370]
[8371 8401]
[8402 8443]
[8444 8530]
[8531 8578]
[8579 8612]
[8613 8644]
[8645 8682]
[8683 8797]
[8798 8911]
[8912 9072]
[9073 9146]
[9147 9186]
[9187 9224]
[9225 9257]
[9258 9368]
[9369 9757]
[9759 9988]
[9989 10072]
[10073 10236]
[10237 10349]
[10350 10378]
[10379 10403]
[10404 10449]
[10450 10498]
[10499 10578]
[10579 10591]
[10592 10648]
[10649 10678]
[10679 10816]
[10817 10980]
[10981 11033]
[11034 11055]
[11056 11123]
[11124 11178]
[11179 11239]
[11240 11285]
[11286 11347]
[11348 11398]
[11399 11445]
[11446 11486]
[11487 11527]
[11528 11581]
[11582 11633]
[11634 11660]
[11661 11702]
[11703 11780]
[11781 12058]
[12059 12139]
[12140 12201]
[12202 12261]
[12262 12319]
[12320 12370]
[12371 12424]
[12425 12496]
[12497 12531]
[12532 12570]
[12571 12623]
[12624 12686]
[12687 12777]
[12778 12848]
[12849 12916]
[12917 12966]
[12967 13007]
[13008 13426]
[13428 13626]
[13627 13806]
[13807 14108]
[14109 14565]
[14566 14638]
[14639 14713]
[14714 14947]
[14948 15017]
[15018 15101]
[15102 15178]
[15179 15275]
[15276 15350]
[15351 15385]
[15386 15448]
[15449 15744]
[15745 15827]
[15828 15879]
[15880 15938]
[15939 16002]
[16003 16039]
[16040 16200]
[16201 16275]
[16276 16355]
[16356 16425]
[16426 16482]
[16483 16533]
[16534 16580]
[16581 16621]
[16622 16662]
[16663 16727]
[16728 16772]
[16773 16805]
[16806 16844]
[16845 16919]
[16920 17240]
[17241 17346]
[17347 17410]
[17411 17443]
[17444 17537]
[17538 17585]
[17586 17625]
[17626 17660]
[17661 17857]
[17858 18045]
[18046 18210]
[18211 18289]
[18290 18473]
[18474 18567]
[18568 18650]
[18651 18715]
[18716 18993]
[18994 19222]
[19223 19544]
[19545 19599]
[19600 19680]
[19681 19726]
[19727 20076]
[20077 20130]
[20131 20501]
[20502 20825]
[20826 20902]
[20904 20965]
[20966 21015]
[21016 21092]
[21093 21221]
[21222 21264]
[21265 21301]
[21302 21342]
[21343 21463]
[21464 21523]
[21524 21591]
[21592 21646]
[21647 21691]
[21692 21751]
[21752 21820]
[21821 21959]
[21960 22046]
[22047 22112]
[22113 22185]
[22186 22482]
[22483 22558]
[22559 22631]
[22632 22811]
[22812 22906]
[22907 23013]
[23014 23115]
[23116 23284]
[23285 23393]
[23394 23485]
[23486 23568]
[23569 23684]
[23685 23728]
[23729 23935]
[23936 23996]
[23997 24309]
[24310 24380]
[24381 24424]
[24425 24491]
[24492 24583]
[24584 24615]
[24616 24706]
[24707 24763]
[24764 24859]
[24860 24918]
[24919 24964]
[24965 25046]
[25047 25087]
[25088 25121]
[25122 25155]
[25156 25209]
[25210 25245]
[25246 25310]
[25311 25349]
[25350 25437]
[25438 25526]
[25527 25592]
[25593 26024]
[26025 26192]
[26193 26357]
[26358 26448]
[26449 26556]
[26557 26660]
[26661 26738]
[26739 26809]
[26810 26934]
[26935 27034]
[27035 27076]
[27077 27118]
[27119 27168]
[27169 27199]
[27200 27249]
[27250 27294]
[27295 27361]
[27362 27791]
[27792 27865]
[27866 28034]
[28035 28247]
[28248 28297]
[28298 28397]
[28398 28457]
[28458 28561]
[28562 28608]
[28609 28649]
[28650 28708]
[28709 29249]
[29250 29332]
