[0 5]
[6 53]
[54 365]
[366 415]
[416 456]
[457 485]
[486 542]
[543 578]
[579 605]
[606 666]
[667 701]
[702 750]
[751 788]
[789 837]
[838 1400]
[1401 1443]
[1444 1517]
[1518 1574]
[1575 1690]
[1691 1746]
[1747 1773]
[1774 1829]
[1830 1862]
[1863 1910]
[1911 1984]
[1985 2033]
[2034 2070]
[2071 2110]
[2111 2153]
[2154 2234]
[2235 2273]
[2274 2303]
[2304 2342]
[2343 2409]
[2410 2507]
[2508 2569]
[2570 2596]
[2597 2635]
[2636 2667]
[2668 2709]
[2710 2811]
[2812 3432]
[3433 3479]
[3480 3548]
[3549 3593]
[3594 3627]
[3628 3690]
[3691 3806]
[3807 4012]
[4013 4062]
[4063 4136]
[4137 4179]
[4180 4227]
[4228 4267]
[4268 4388]
[4389 4473]
[4474 4513]
[4514 4628]
[4629 4707]
[4708 4783]
[4784 4826]
[4827 4872]
[4873 5196]
[5197 5354]
[5355 5459]
[5460 5700]
[5701 5795]
[5796 5908]
[5909 6080]
[6081 6222]
[6223 6341]
[6342 6463]
[6464 6523]
[6524 6680]
[6681 6722]
[6723 6788]
[6789 6839]
[6840 6892]
[6893 6933]
[6934 7038]
[7039 7081]
[7082 7121]
[7122 7140]
[7141 7191]
[7192 7221]
[7222 7277]
[7278 7323]
[7324 7371]
[7372 7424]
[7425 7469]
[7470 7562]
[7563 7612]
[7613 7698]
[7699 8046]
[8047 8142]
[8143 8209]
[8210 8284]
[8285 8342]
[8343 8418]
[8419 8494]
[8495 8570]
[8571 8642]
[8643 8702]
[8703 8773]
[8774 8852]
[8853 8939]
[8940 9040]
[9041 9154]
[9155 9179]
[9180 9233]
[9234 9288]
[9289 9357]
[9358 9408]
[9409 9468]
[9469 9514]
[9515 9536]
[9537 9612]
[9613 9729]
[9730 10345]
[10346 10380]
[10381 10474]
[10475 10490]
[10491 10631]
[10632 10750]
[10751 10772]
[10773 10859]
[10860 10963]
[10964 11075]
[11076 11258]
[11259 11313]
[11314 11374]
[11375 11430]
[11431 11479]
[11480 11512]
[11513 11555]
[11556 11625]
[11626 11701]
[11702 11764]
[11765 11799]
[11800 11842]
[11843 12269]
[12270 12409]
[12410 12483]
[12484 12543]
[12544 12660]
[12661 12745]
[12746 12801]
[12802 12883]
[12884 12931]
[12932 13018]
[13019 13092]
[13093 13158]
[13159 13407]
[13408 13879]
[13880 13992]
[13993 14093]
[14094 14313]
[14314 14389]
[14390 14473]
[14474 14538]
[14539 14620]
[14622 14688]
[14689 14757]
[14758 14834]
[14835 14935]
[14936 15018]
[15019 15140]
[15141 15207]
[15208 15286]
[15287 15666]
[15667 15710]
[15711 15794]
[15795 15879]
[15880 15963]
[15964 16029]
[16030 16092]
[16093 16182]
[16183 16262]
[16263 16349]
[16350 16413]
[16414 16486]
[16487 16564]
[16565 17039]
[17040 17060]
[17061 17119]
[17120 17168]
[17169 17225]
[17226 17298]
[17299 17359]
[17360 17418]
[17419 17479]
[17480 17535]
[17536 17564]
[17565 17619]
[17620 17676]
[17677 17742]
[17743 17800]
[17801 17852]
[17853 17906]
[17907 17946]
[17947 17993]
[17994 18353]
[18354 18552]
[18553 18633]
[18634 18693]
[18694 18787]
[18788 18879]
[18880 18931]
[18932 18954]
[18955 19017]
[19018 19084]
[19085 19139]
[19140 19172]
[19173 19209]
[19210 19246]
[19247 19281]
[19282 19319]
[19320 19387]
[19388 19481]
[19482 19579]
[19580 19857]
[19858 20168]
[20169 20208]
[20209 20284]
[20285 20327]
[20328 20401]
[20402 20509]
[20510 20616]
[20617 20723]
[20724 20787]
[20788 20868]
[20869 20960]
[20961 21058]
[21059 21184]
[21185 21260]
[21261 21322]
[21323 21402]
[21403 21440]
[21441 21490]
[21491 21529]
[21530 21593]
[21594 21653]
[21654 22012]
[22013 22072]
[22073 22125]
[22126 22177]
[22178 22223]
[22224 22298]
[22299 22339]
[22340 22398]
[22399 22444]
[22445 22607]
