[0 7]
[8 52]
[53 366]
[367 421]
[422 457]
[458 487]
[488 515]
[516 548]
[549 574]
[575 604]
[605 638]
[639 672]
[673 699]
[700 729]
[730 760]
[761 796]
[797 869]
[870 1304]
[1305 1351]
[1352 1455]
[1456 1500]
[1501 1548]
[1549 1612]
[1613 1667]
[1668 1726]
[1727 1787]
[1788 1850]
[1851 1940]
[1941 2005]
[2006 2079]
[2080 2137]
[2138 2240]
[2241 2306]
[2307 2364]
[2365 2400]
[2401 2442]
[2443 2914]
[2915 2953]
[2954 2990]
[2991 3017]
[3018 3052]
[3053 3088]
[3089 3122]
[3123 3148]
[3149 3171]
[3172 3194]
[3195 3215]
[3216 3242]
[3243 3294]
[3295 3369]
[3370 3420]
[3421 3455]
[3456 3493]
[3494 3522]
[3523 3577]
[3578 3660]
[3661 3732]
[3733 3766]
[3767 3833]
[3834 3936]
[3937 4018]
[4019 4066]
[4067 4325]
[4326 4359]
[4360 4406]
[4407 4452]
[4453 4475]
[4476 4513]
[4514 5098]
[5099 5249]
[5250 5305]
[5306 5347]
[5348 5449]
[5450 5534]
[5535 5556]
[5557 5619]
[5620 5702]
[5703 5723]
[5724 5858]
[5859 5921]
[5922 5955]
[5956 5983]
[5984 6038]
[6039 6099]
[6100 6148]
[6149 6229]
[6230 6270]
[6271 6311]
[6312 6379]
[6380 6418]
[6419 6523]
[6524 6867]
[6868 6957]
[6958 6985]
[6986 7017]
[7018 7046]
[7047 7140]
[7141 7214]
[7215 7260]
[7261 7371]
[7372 7494]
[7495 7580]
[7581 7632]
[7633 7662]
[7663 7755]
[7756 7805]
[7806 7836]
[7837 7868]
[7869 7899]
[7900 7955]
[7956 8103]
[8104 8159]
[8160 8201]
[8202 8246]
[8247 8360]
[8361 8403]
[8404 8460]
[8461 8857]
[8858 8915]
[8916 8984]
[8985 9042]
[9043 9112]
[9113 9201]
[9202 9263]
[9264 9366]
[9367 9432]
[9433 9544]
[9545 9596]
[9597 9686]
[9687 9758]
[9759 9860]
[9861 9971]
[9972 10029]
[10030 10115]
[10116 10180]
[10181 10251]
[10252 10282]
[10283 10393]
[10394 10444]
[10445 10476]
[10477 10503]
[10504 10539]
[10540 10574]
[10575 10621]
[10622 10657]
[10658 10689]
[10690 10720]
[10721 10751]
[10752 10832]
[10833 11292]
[11293 11315]
[11316 11372]
[11373 11440]
[11441 11524]
[11525 11607]
[11608 11693]
[11694 11762]
[11763 11887]
[11888 11918]
[11919 12001]
[12002 12037]
[12038 12086]
[12087 12516]
[12517 12892]
[12893 13022]
[13023 13192]
[13193 13304]
[13305 13676]
[13677 13811]
[13812 13949]
[13950 14198]
[14199 14256]
[14257 14309]
[14310 14392]
[14393 14442]
[14443 14481]
[14482 14544]
[14545 14651]
[14652 14720]
[14721 14777]
[14778 14825]
[14826 14868]
[14869 14908]
[14909 14952]
[14953 15048]
[15049 15090]
[15091 15147]
[15148 15207]
[15208 15572]
[15573 16215]
[16216 16308]
[16309 16466]
[16467 16546]
[16547 16658]
[16659 16726]
[16727 16796]
[16797 16933]
[16934 17187]
[17188 17330]
[17331 17497]
[17498 17939]
[17940 17978]
[17979 18009]
[18010 18050]
[18051 18119]
[18120 18157]
[18158 18184]
[18185 18214]
[18215 18262]
[18263 18296]
[18297 18373]
[18374 18843]
[18844 18936]
[18937 19075]
[19076 19166]
[19167 19225]
[19226 19273]
[19274 19420]
[19421 19525]
[19526 19579]
[19580 19644]
[19645 20055]
[20056 20244]
[20245 20363]
[20364 20479]
[20480 20591]
[20592 20676]
[20677 20801]
[20802 21059]
[21060 21126]
[21127 21195]
[21196 21629]
[21630 21751]
[21752 21880]
[21881 21976]
[21977 22054]
[22055 22147]
[22148 22293]
[22294 22405]
[22406 22443]
[22444 22510]
[22511 22566]
[22567 22653]
[22654 22755]
[22756 22814]
[22815 22874]
[22875 22930]
[22931 23013]
[23014 23077]
[23078 23151]
[23152 23542]
[23543 23597]
[23598 23665]
[23666 23724]
[23725 23807]
[23808 23853]
[23854 23927]
[23928 23985]
[23986 24071]
[24072 24130]
[24131 24152]
[24153 24188]
[24189 24267]
[24268 24332]
[24333 24363]
[24364 24474]
[24475 24544]
[24545 24596]
[24597 24641]
[24642 24709]
[24710 24775]
[24776 25105]
[25107 25179]
[25180 25286]
[25287 25340]
[25341 25458]
[25459 25551]
[25552 25609]
[25610 25691]
[25692 25733]
[25734 25852]
[25853 25944]
[25945 26000]
[26001 26068]
[26069 26134]
[26135 26212]
[26213 26295]
[26296 26364]
[26365 26530]
[26531 26653]
[26655 26754]
[26755 26821]
[26822 26861]
[26862 26966]
[26967 27062]
[27063 27185]
[27186 27264]
[27265 27358]
[27359 27431]
[27432 27486]
[27487 27770]
[27771 27943]
[27944 28019]
[28020 28084]
[28085 28163]
[28164 28228]
[28229 28284]
[28285 28406]
[28407 28480]
[28481 28549]
[28550 28623]
[28624 28665]
[28666 28717]
[28718 28781]
[28782 29170]
[29171 29257]
