[0 4]
[5 37]
[38 285]
[286 352]
[353 384]
[385 409]
[410 438]
[439 480]
[481 541]
[542 580]
[581 603]
[604 638]
[639 691]
[692 727]
[728 794]
[795 1497]
[1498 1558]
[1559 1631]
[1632 1700]
[1701 1773]
[1774 1841]
[1842 2030]
[2031 2183]
[2184 2215]
[2216 2293]
[2294 2331]
[2332 2383]
[2384 2455]
[2456 2573]
[2574 2641]
[2642 2706]
[2707 2764]
[2765 2827]
[2828 3247]
[3248 3337]
[3338 3407]
[3408 3481]
[3482 3561]
[3562 3638]
[3639 3727]
[3728 3804]
[3805 3884]
[3885 3955]
[3956 4026]
[4027 4116]
[4117 4199]
[4200 4287]
[4288 4337]
[4338 4705]
[4706 4835]
[4836 4903]
[4904 4969]
[4970 5064]
[5065 5115]
[5116 5202]
[5203 5240]
[5241 5326]
[5327 5414]
[5415 5480]
[5481 5584]
[5585 5997]
[5998 6050]
[6051 6108]
[6109 6166]
[6167 6219]
[6220 6273]
[6274 6344]
[6345 6406]
[6407 6479]
[6480 6538]
[6539 6593]
[6594 6629]
[6630 6676]
[6677 6753]
[6754 6824]
[6825 6890]
[6891 6964]
[6965 7065]
[7066 7134]
[7135 7177]
[7178 7228]
[7229 7282]
[7283 7310]
[7311 7365]
[7366 7767]
[7768 7820]
[7821 7874]
[7875 7927]
[7928 7989]
[7990 8035]
[8036 8087]
[8088 8138]
[8139 8186]
[8187 8228]
[8229 8303]
[8304 8385]
[8386 8457]
[8458 8503]
[8504 8612]
[8613 8662]
[8663 8705]
[8706 8804]
[8805 8853]
[8854 8898]
[8899 8950]
[8951 8998]
[8999 9042]
[9043 9103]
[9104 9223]
[9224 9292]
[9293 9328]
[9329 9353]
[9354 9379]
[9380 9403]
[9404 9444]
[9445 9471]
[9472 9573]
[9574 9667]
[9668 10080]
[10081 10127]
[10128 10183]
[10184 10324]
[10325 10365]
[10366 10707]
[10708 10745]
[10746 10814]
[10815 10871]
[10872 10948]
[10949 11003]
[11004 11052]
[11053 11277]
[11278 11338]
[11339 11396]
[11397 11456]
[11457 11484]
[11485 11532]
[11533 11855]
[11856 11951]
[11952 12049]
[12050 12116]
[12117 12185]
[12186 12250]
[12251 12336]
[12337 12522]
[12523 12675]
[12676 13180]
[13181 13222]
[13223 13341]
[13342 14004]
[14005 14080]
[14081 14185]
[14186 14350]
[14351 14718]
[14719 14833]
[14834 14983]
[14984 15092]
[15093 15232]
[15233 15320]
[15321 15448]
[15449 15550]
[15551 15616]
[15617 15846]
[15847 15950]
[15951 16041]
[16042 16166]
[16167 16574]
[16575 16674]
[16675 16870]
[16871 16964]
[16965 17029]
[17030 17088]
[17089 17093]
[17094 17159]
[17160 17203]
[17204 17269]
[17270 17316]
[17317 17375]
[17376 17390]
[17391 17539]
[17540 17681]
[17682 17739]
[17740 17812]
[17813 17878]
[17879 17992]
[17993 18060]
[18061 18096]
[18097 18131]
[18132 18172]
[18173 18205]
[18206 18238]
[18239 18290]
[18291 18330]
[18331 18434]
[18435 18794]
[18795 18984]
[18985 19132]
[19133 19520]
[19521 19603]
[19604 19692]
[19693 19770]
[19771 19894]
[19895 20020]
[20021 20056]
[20057 20136]
[20137 20224]
[20225 20287]
[20288 20381]
[20382 20511]
[20512 20548]
[20549 20568]
[20569 20642]
[20643 20752]
[20753 20818]
[20819 20919]
[20920 20994]
[20995 21401]
[21402 21452]
[21453 21499]
[21500 21563]
[21564 21625]
[21626 21671]
[21672 21766]
[21767 21859]
[21860 21939]
[21940 21978]
[21979 22010]
[22011 22140]
[22141 22321]
[22322 22369]
[22370 22441]
[22442 22506]
[26224 26294]
[26295 26466]
[26581 26649]
[26761 26832]
[26833 26878]
[26879 26911]
[26912 27022]
[27023 27094]
[27095 27126]
[27127 27212]
[27213 27290]
[27291 27344]
[27345 27402]
[27403 27441]
[27442 27507]
[27508 27643]
[27644 27740]
[27741 27904]
[27905 27967]
[27968 28076]
[28077 28167]
[28168 28392]
[28393 28489]
[28490 28548]
[28549 28625]
[28626 28944]
[28945 29121]
[29122 29252]
[29253 29264]
[29265 29392]
[29393 29522]
[29523 29567]
[29568 29632]
[29633 29721]
[29722 29876]
[29877 29982]
[29983 30143]
[30144 30197]
[30198 30531]
[30532 30627]
