[0 7]
[8 37]
[38 328]
[329 384]
[385 416]
[417 441]
[442 470]
[471 512]
[513 548]
[549 573]
[574 612]
[613 635]
[636 670]
[671 733]
[734 761]
[762 784]
[785 835]
[836 888]
[889 964]
[965 1568]
[1569 1679]
[1680 1711]
[1712 1744]
[1745 1770]
[1771 1864]
[1865 1914]
[1915 1963]
[1964 1983]
[1984 2028]
[2029 2047]
[2048 2138]
[2139 2227]
[2228 2269]
[2270 2299]
[2300 2394]
[2395 2433]
[2434 2479]
[2480 2514]
[2515 2550]
[2551 2651]
[2652 2689]
[2690 2753]
[2754 2779]
[2780 2843]
[2844 2879]
[2880 2932]
[2933 2994]
[2995 3039]
[3040 3089]
[3090 3142]
[3143 3690]
[3691 3766]
[3767 3847]
[3848 3929]
[3930 4010]
[4011 4061]
[4062 4093]
[4094 4121]
[4122 4198]
[4199 4254]
[4255 4292]
[4293 4481]
[4482 4616]
[4617 4679]
[4680 4780]
[4781 4891]
[4892 4943]
[4944 5019]
[5020 5082]
[5083 5150]
[5151 5221]
[5222 5271]
[5272 5302]
[5303 5325]
[5326 5800]
[5801 5875]
[5876 5959]
[5960 5993]
[5994 6065]
[6066 6139]
[6140 6216]
[6217 6296]
[6297 6431]
[6432 6502]
[6503 6572]
[6573 6621]
[6622 6707]
[6708 6780]
[6781 6833]
[6834 6870]
[6871 6903]
[6904 7035]
[7036 7101]
[7102 7165]
[7166 7509]
[7510 7566]
[7567 7649]
[7650 7758]
[7759 7831]
[7832 7892]
[7893 8015]
[8016 8045]
[8046 8094]
[8095 8175]
[8176 8231]
[8232 8281]
[8282 8350]
[8351 8396]
[8397 8422]
[8423 8464]
[8465 8520]
[8521 8562]
[8563 8605]
[8606 8856]
[8857 8983]
[8984 9049]
[9050 9110]
[9111 9190]
[9191 9253]
[9254 9341]
[9342 9415]
[9416 9485]
[9486 9520]
[9521 9555]
[9556 9595]
[9596 9621]
[9622 9985]
[9986 10098]
[10099 10159]
[10160 10215]
[10216 10282]
[10283 10337]
[10338 10447]
[10448 10577]
[10578 10592]
[10593 10679]
[10680 10766]
[10767 10816]
[10817 10858]
[10859 11116]
[11117 11333]
[11334 11381]
[11382 11428]
[11429 11478]
[11479 11525]
[11526 11580]
[11581 11636]
[11637 11677]
[11678 11735]
[11736 11786]
[11787 11826]
[11827 11863]
[11864 11914]
[11915 11964]
[11965 12019]
[12020 12323]
[12324 12439]
[12440 12481]
[12482 12532]
[12533 12635]
[12636 12773]
[12774 12852]
[12853 12963]
[12964 13000]
[13001 13034]
[13035 13085]
[13086 13173]
[13174 13442]
[13443 13680]
[13681 13982]
[13983 14112]
[14113 14159]
[14160 14181]
[14182 14203]
[14204 14594]
[14595 14638]
[14639 14688]
[14689 14761]
[14762 14824]
[14825 14890]
[14891 14933]
[14934 15023]
[15024 15268]
[15269 15326]
[15327 15364]
[15365 15415]
[15416 15477]
[15478 15586]
[15587 15659]
[15660 16101]
[16102 16232]
[16233 16255]
[16256 16310]
[16311 16374]
[16375 16406]
[16407 16457]
[16458 16551]
[16552 16576]
[16577 16605]
[16606 16644]
[16645 16667]
[16668 16741]
[16742 16848]
[16849 16883]
[16884 16918]
[16919 17038]
[17039 17074]
[17075 17133]
[17134 17174]
[17175 17224]
[17225 17290]
[17291 17314]
[17315 17427]
[17428 17753]
[17754 17862]
[17863 17950]
[17951 18007]
[18008 18037]
[18038 18111]
[18112 18174]
[18175 18224]
[18225 18261]
[18262 18301]
[18302 18398]
[18399 18515]
[18516 18547]
[18548 18601]
[18602 18634]
[18635 18810]
[18811 18875]
[18876 18928]
[18929 19014]
[19015 19075]
[19076 19149]
[19150 19200]
[19201 19234]
[19235 19386]
[19387 19571]
[19572 19634]
[19635 19753]
[19754 19852]
[19853 19913]
[19914 19970]
[19971 20007]
[20008 20069]
[20070 20134]
[20135 20196]
[20197 20257]
[20258 20297]
[20298 20412]
[20413 20487]
[20488 20519]
[20520 20572]
[20573 20787]
[20788 20917]
[20918 20986]
[20987 21185]
[21186 21483]
[21484 21570]
[21571 21634]
[21635 21757]
[21758 21814]
[21815 21855]
[21856 21894]
[21895 22018]
[22019 22226]
[22227 22270]
[22271 22443]
[22444 22485]
[22486 22567]
[22568 22705]
[22706 22757]
[22758 22864]
[22865 23012]
[23013 23097]
[23098 23360]
[23361 23427]
[23428 23533]
[23534 23586]
[23587 23591]
[23592 23661]
[23662 23846]
[23847 23945]
[23946 24026]
[24027 24088]
[24089 24117]
[24118 24166]
[24167 24537]
[24539 24639]
