[0 5]
[6 35]
[36 289]
[290 350]
[351 394]
[395 436]
[437 477]
[478 519]
[520 560]
[561 601]
[602 634]
[635 662]
[663 694]
[695 726]
[727 769]
[770 823]
[824 930]
[931 1292]
[1293 1341]
[1342 1402]
[1403 1438]
[1439 1501]
[1502 1579]
[1580 1613]
[1614 1826]
[1827 2241]
[2242 2298]
[2299 2351]
[2352 2424]
[2425 2503]
[2504 2610]
[2611 2749]
[2750 2814]
[2815 2886]
[2887 2955]
[2956 3004]
[3005 3061]
[3062 3114]
[3115 3198]
[3199 3244]
[3245 3665]
[3666 3738]
[3739 3795]
[3796 3850]
[3851 3915]
[3916 4061]
[4062 4206]
[4207 4273]
[4274 4342]
[4343 4393]
[4394 4468]
[4469 4520]
[4521 4692]
[4693 4767]
[4768 4819]
[4820 4870]
[4871 4934]
[4935 4997]
[4998 5062]
[5063 5131]
[5132 5194]
[5195 5605]
[5606 5717]
[5718 5834]
[5835 5888]
[5889 5955]
[5956 6000]
[6001 6077]
[6078 6288]
[6289 6295]
[6296 6495]
[6496 6631]
[6632 6695]
[6696 6742]
[6743 6823]
[6824 6853]
[6854 6858]
[6859 6944]
[6945 6970]
[6971 7029]
[7030 7062]
[7063 7160]
[7161 7845]
[7846 7895]
[7896 7940]
[7941 7986]
[7987 8067]
[8068 8093]
[8094 8122]
[8123 8178]
[8179 8198]
[8199 8215]
[8216 8324]
[8325 8444]
[8445 8482]
[8483 8517]
[8518 8553]
[8554 8722]
[8723 8786]
[8787 8859]
[8860 8893]
[8894 8972]
[8973 9021]
[9022 9047]
[9048 9074]
[9075 9118]
[9119 9145]
[9146 9179]
[9180 9236]
[9237 9264]
[9265 9299]
[9300 9335]
[9336 9768]
[9769 9952]
[9953 10065]
[10066 10148]
[10149 10343]
[10344 10519]
[10520 10651]
[10652 10807]
[10808 10890]
[10891 11002]
[11003 11274]
[11275 11356]
[11357 11409]
[11410 11486]
[11487 11537]
[11538 11581]
[11582 11646]
[11647 11711]
[11712 11809]
[11810 11859]
[11860 11914]
[11915 11986]
[11987 12058]
[12059 12117]
[12118 12184]
[12185 12234]
[12235 12270]
[12271 12370]
[12371 12399]
[12400 12434]
[12435 12496]
[12497 12689]
[12690 12820]
[12821 12918]
[12919 13070]
[13071 13170]
[13171 13470]
[13471 13658]
[13659 13958]
[13959 14269]
[14270 14329]
[14330 14368]
[14369 14453]
[14454 14459]
[14460 14538]
[14539 14573]
[14574 14641]
[14642 14820]
[14821 14876]
[14877 14934]
[14935 14995]
[14996 15041]
[15042 15297]
[15298 15384]
[15385 16092]
[16093 16161]
[16162 16324]
[16325 16370]
[16371 16504]
[16505 16553]
[16554 16581]
[16582 16627]
[16628 16647]
[16648 16767]
[16768 17240]
[17241 17587]
[17588 18243]
[18244 18325]
[18326 18401]
[18402 18459]
[18460 18521]
[18522 18588]
[18589 18652]
[18653 18712]
[18713 18773]
[18774 18805]
[18806 18882]
[18883 19194]
[19195 19389]
[19390 19540]
[19541 19595]
[19596 19725]
[19726 19811]
[19812 19984]
[19985 20080]
[20081 20244]
[20245 20368]
[20369 20427]
[20428 20538]
[20539 20646]
[20647 20692]
[20693 20767]
[20768 21151]
[21152 21820]
[21821 22236]
[22238 22891]
[22892 22965]
[22966 23054]
[23055 23188]
[23189 23215]
[23216 23505]
[23506 23554]
[23555 23620]
[23621 23680]
[23681 23736]
[23737 23950]
[23951 24012]
[24013 24100]
[24101 24191]
[24192 24220]
[24221 24537]
[24538 24610]
[24611 24676]
[24677 24760]
[24761 24868]
[24869 25021]
[25022 25071]
[25072 25251]
[25252 25268]
[25269 25637]
[25638 25684]
[25685 25825]
[25826 25884]
[25885 25916]
[25917 26025]
[26026 26068]
[26069 26239]
[26240 26320]
[26321 26436]
[26437 26523]
[26524 26577]
[26578 26697]
[26698 26900]
[26901 26999]
[27000 27044]
[27045 27163]
[27164 27193]
[27194 27283]
[27284 27379]
[27380 27540]
[27541 27692]
[27693 27817]
[27818 27884]
[27885 27968]
[27969 28002]
[28003 28028]
[28029 28438]
[28439 28644]
[28645 28708]
[28709 28818]
[28819 28875]
[28876 29320]
[29321 29407]
[29408 29531]
[29532 29892]
[29893 29994]
