[0 9]
[10 56]
[57 375]
[376 429]
[430 468]
[469 515]
[516 556]
[557 598]
[599 639]
[640 679]
[680 706]
[707 759]
[760 868]
[869 1145]
[1146 1179]
[1180 1223]
[1224 1280]
[1281 1333]
[1334 1380]
[1381 1444]
[1445 1513]
[1514 1563]
[1564 1614]
[1615 1656]
[1657 1674]
[1675 1730]
[1731 1798]
[1799 1853]
[1854 1932]
[1933 2011]
[2012 2073]
[2074 2135]
[2136 2155]
[2156 2284]
[2285 2338]
[2339 2390]
[2391 2443]
[2444 2484]
[2485 2533]
[2534 2592]
[2593 2657]
[2658 2688]
[2689 2813]
[2814 2871]
[2872 2926]
[2927 3334]
[3336 3402]
[3403 3464]
[3465 3533]
[3534 3580]
[3581 3639]
[3640 3700]
[3701 3726]
[3727 3898]
[3900 4018]
[4019 4140]
[4141 4231]
[4232 4387]
[4388 4421]
[4422 4462]
[4463 4556]
[4557 4603]
[4604 4648]
[4649 5062]
[5063 5140]
[5141 5210]
[5211 5276]
[5277 5356]
[5357 5408]
[5409 5491]
[5492 5570]
[5571 5645]
[5646 5722]
[5723 5787]
[5788 5844]
[5845 5920]
[5921 5990]
[5991 6056]
[6057 6136]
[6137 6188]
[6189 6254]
[6255 6306]
[6307 6356]
[6357 6638]
[6640 6930]
[6931 7177]
[7178 7265]
[7266 7546]
[7547 7592]
[7593 7639]
[7640 7684]
[7685 7726]
[7727 7817]
[7818 7857]
[7858 7881]
[7882 7984]
[7985 8247]
[8248 8336]
[8337 8405]
[8406 8460]
[8461 8539]
[8540 8593]
[8594 8672]
[8673 8723]
[8724 8788]
[8789 8894]
[8895 8943]
[8944 9014]
[9015 9084]
[9085 9413]
[9414 9550]
[9551 9654]
[9655 9698]
[9699 9786]
[9787 9859]
[9860 9917]
[9918 10001]
[10002 10046]
[10047 10096]
[10097 10367]
[10368 10434]
[10435 10493]
[10494 10533]
[10534 10605]
[10606 10716]
[10717 10765]
[10766 10970]
[10971 11041]
[11042 11146]
[11147 11723]
[11724 11834]
[11835 11867]
[11868 11935]
[11936 11964]
[11965 12018]
[12019 12115]
[12116 12189]
[12190 12234]
[12235 12253]
[12254 12385]
[12386 12431]
[12432 12475]
[12476 12521]
[12522 12565]
[12566 12614]
[12615 12653]
[12654 12690]
[12691 12730]
[12731 12818]
[12819 13006]
[13007 13069]
[13070 13123]
[13124 13156]
[13157 13247]
[13248 13314]
[13315 13377]
[13378 13441]
[13442 13464]
[13465 13516]
[13517 13569]
[13570 13649]
[13650 13728]
[13729 13751]
[13752 14091]
[14093 14242]
[14243 14271]
[14272 14359]
[14360 14512]
[14513 14604]
[14605 14655]
[14656 14719]
[14720 14785]
[14786 14862]
[14863 14933]
[14934 14965]
[14966 15036]
[15037 15098]
[15099 15238]
[15239 15269]
[15270 15335]
[15336 15430]
[15431 15478]
[15479 15593]
[15594 15888]
[15889 15985]
[15986 16067]
[16068 16153]
[16154 16213]
[16214 16277]
[16278 16365]
[16366 16439]
[16440 16477]
[16478 16535]
[16536 16593]
[16594 16644]
[16645 16691]
[16692 16772]
[16773 16901]
[16902 17153]
[17154 17625]
[17627 17663]
[17664 17788]
[17789 17907]
[17908 17967]
[17968 18005]
[18006 18043]
[18044 18152]
[18153 18215]
[18216 18274]
[18275 18332]
[18333 18384]
[18385 18481]
[18482 18493]
[18494 18565]
[18566 18696]
[18697 18781]
[18782 18836]
[18837 18875]
[18876 18943]
[18944 19010]
[19011 19325]
[19326 19384]
[19386 19481]
[19482 19551]
[19552 19595]
[19596 19643]
[19644 19685]
[19686 19728]
[19729 20026]
[20027 20056]
[20057 20118]
[20119 20155]
[20156 20207]
[20208 20281]
[20282 20333]
[20334 20401]
[20402 20478]
[20479 20773]
[20774 20904]
[20905 20950]
[20951 20993]
[20994 21104]
[21105 21208]
[21209 21272]
[21273 21383]
[21384 21459]
[21460 21533]
[21534 21577]
[21578 21677]
[21678 21782]
[21783 22517]
[22518 22668]
[22669 22770]
[22771 22916]
[22917 23042]
[23043 23436]
[23437 23515]
[23516 23592]
[23593 23762]
[23763 23796]
[23797 23877]
[23878 24042]
[24043 24117]
[24118 24231]
[24232 24302]
[24303 24553]
[24554 24623]
[24624 24639]
[24640 24887]
[24888 24916]
[24917 25098]
[25099 25165]
[25166 25305]
[25306 25504]
[25505 25588]
[25590 25755]
[25756 26001]
[26002 26080]
[26081 26251]
[26252 26378]
[26379 26457]
[26458 26644]
[26645 26706]
[26707 27168]
[27169 27270]
