[ 0 28]
[30 49]
[50 69]
[ 71 114]
[116 228]
[229 497]
[498 551]
[552 592]
[593 627]
[628 646]
[647 678]
[679 712]
[713 734]
[735 767]
[768 802]
[803 840]
[841 870]
[871 901]
[902 927]
[928 964]
[965 999]
[1000 1038]
[1039 1132]
[1133 1509]
[1510 1668]
[1669 2014]
[2015 2240]
[2241 2832]
[2833 2966]
[2967 2968]
[2969 3046]
[3047 3106]
[3107 3160]
[3161 3230]
[3231 3253]
[3254 3362]
[3363 3509]
[3510 3560]
[3561 3657]
[3658 3698]
[3699 3741]
[3742 4115]
[4116 4251]
[4252 4440]
[4441 4598]
[4599 4741]
[4742 4891]
[4892 5034]
[5035 5196]
[5197 5357]
[5358 5493]
[5494 5954]
[5955 6035]
[6036 6083]
[6084 6127]
[6128 6323]
[6324 6365]
[6366 6526]
[6527 6558]
[6559 6634]
[6635 6670]
[6671 6875]
[6876 6935]
[6936 7062]
[7063 7215]
[7216 7252]
[7253 7289]
[7290 7332]
[7333 7448]
[7449 7733]
[7734 8045]
[8046 8222]
[8223 8324]
[8325 8634]
[8635 8728]
[8729 8852]
[8853 8984]
[8985 9093]
[9094 9175]
[9176 9313]
[9314 9404]
[9405 9431]
[9432 9570]
[9571 9707]
[9708 9767]
[9768 9822]
[9823 9876]
[9877 9926]
[9927 9954]
[9955 9979]
[ 9980 10002]
[10003 10067]
[10068 10101]
[10102 10161]
[10162 10274]
[10275 10566]
[10567 10638]
[10639 10736]
[10737 10792]
[10793 10844]
[10845 10941]
[10942 10995]
[10996 11080]
[11081 11349]
[11350 11545]
[11546 11648]
[11649 11794]
[11795 11927]
[11928 12008]
[12009 12305]
[12306 12427]
[12428 12506]
[12507 12540]
[12541 12885]
[12886 13043]
[13044 13193]
[13194 13369]
[13370 13474]
[13475 13942]
[13944 13999]
[14000 14062]
[14063 14178]
[14179 14355]
[14356 14488]
[14489 14584]
[14585 14648]
[14649 14856]
[14857 14972]
[14973 15084]
[15085 15208]
[15209 15434]
[15435 15642]
[15643 15649]
[15650 15904]
[15905 15988]
[15989 16342]
[16343 16419]
[16420 16506]
[16507 16585]
[16586 16645]
[16646 16731]
[16732 16815]
[16816 16901]
[16902 16983]
[16984 17057]
[17058 17135]
[17136 17205]
[17206 17284]
[17285 17362]
[17363 17437]
[17438 17495]
[17496 17848]
[17849 17907]
[17908 17975]
[17976 18126]
[18127 18187]
[18188 18267]
[18268 18422]
[18423 18592]
[18593 18623]
[18624 18656]
[18657 18676]
[18677 18806]
[18807 18897]
[18898 19011]
[19012 19162]
[19163 19484]
[19485 19802]
[19803 19870]
[19871 19923]
[19924 20000]
[20001 20107]
[20108 20168]
[20169 20231]
[20232 20299]
[20300 20364]
[20365 20417]
[20418 20474]
[20475 20513]
[20514 20591]
[20592 20666]
[20667 20852]
[20853 20867]
[20868 20950]
[20951 21121]
[21122 21213]
[21214 21286]
[21287 21362]
[21363 21423]
[21424 21490]
[21491 21549]
