[ 0 23]
[25 44]
[45 64]
[ 66 109]
[111 197]
[198 575]
[576 628]
[629 664]
[665 694]
[695 722]
[723 755]
[756 774]
[775 789]
[790 823]
[824 852]
[853 879]
[880 916]
[917 956]
[ 957 1002]
[1003 1054]
[1055 1394]
[1395 1454]
[1455 1526]
[1527 1556]
[1557 1617]
[1618 1692]
[1693 1761]
[1762 1830]
[1831 1879]
[1880 1943]
[1944 2010]
[2011 2060]
[2061 2110]
[2111 2180]
[2181 2238]
[2239 2284]
[2285 2312]
[2313 2337]
[2338 2485]
[2486 2566]
[2567 2611]
[2612 2653]
[2654 3056]
[3057 3120]
[3121 3190]
[3191 3261]
[3262 3306]
[3307 3367]
[3368 3453]
[3454 3537]
[3538 3615]
[3616 3658]
[3659 3714]
[3715 3783]
[3784 3807]
[3808 3858]
[3859 4375]
[4376 4409]
[4410 4435]
[4436 4474]
[4475 4499]
[4500 4531]
[4532 4560]
[4561 4743]
[4744 4785]
[4786 4810]
[4811 4830]
[4831 4844]
[4845 4866]
[4867 4890]
[4891 4930]
[4931 4955]
[4956 4981]
[4982 5008]
[5009 5039]
[5040 5099]
[5100 5151]
[5152 5183]
[5184 5217]
[5218 5234]
[5235 5266]
[5267 5287]
[5288 5306]
[5307 5352]
[5353 5386]
[5387 5442]
[5443 5467]
[5468 6009]
[6010 6065]
[6066 6125]
[6126 6177]
[6178 6239]
[6240 6280]
[6281 6338]
[6339 6392]
[6393 6498]
[6499 6538]
[6539 6565]
[6566 6619]
[6620 6649]
[6650 6689]
[6690 6895]
[6896 6935]
[6936 6985]
[6986 7039]
[7040 7079]
[7080 7110]
[7111 7160]
[7161 7202]
[7203 7256]
[7257 7331]
[7332 7371]
[7372 7434]
[7435 7470]
[7471 7519]
[7520 7558]
[7559 8037]
[8038 8117]
[8118 8167]
[8168 8219]
[8220 8238]
[8239 8289]
[8290 8336]
[8337 8385]
[8386 8455]
[8456 8485]
[8486 8506]
[8507 8529]
[8530 8765]
[8766 8819]
[8820 8849]
[8850 8877]
[8878 8930]
[8931 8965]
[8966 9000]
[9001 9075]
[9076 9089]
[9090 9098]
[9099 9196]
[9197 9233]
[9234 9324]
[9325 9365]
[9366 9445]
[9446 9485]
[9486 9526]
[9527 9550]
[9551 9608]
[9609 9930]
[ 9931 10054]
[10055 10097]
[10098 10135]
[10136 10177]
[10178 10197]
[10198 10226]
[10227 10249]
[10250 10326]
[10327 10358]
[10359 10408]
[10409 10437]
[10438 10446]
[10447 10503]
[10504 10584]
[10585 10623]
[10624 10701]
[10702 10768]
[10769 10806]
[10807 10816]
[10817 10865]
[10866 10921]
[10922 10993]
[10994 11040]
[11041 11051]
[11052 11102]
[11103 11159]
[11160 11234]
[11235 11303]
[11304 11960]
[11961 12025]
[12026 12111]
[12112 12156]
[12157 12195]
[12196 12249]
[12250 12395]
[12396 12428]
[12429 12531]
[12532 12584]
[12585 12625]
[12626 12660]
[12661 12685]
[12686 12732]
[12733 12750]
[12751 12841]
[12842 12922]
[12923 13109]
[13110 13138]
[13139 13156]
[13157 13177]
[13178 13280]
[13281 13539]
[13540 13588]
[13589 13612]
[13613 13633]
[13634 13897]
[13898 13950]
[13951 14001]
[14002 14048]
[14049 14089]
[14090 14130]
[14131 14195]
[14196 14240]
[14241 14296]
[14297 14395]
[14396 14519]
[14520 14627]
[14628 14839]
[14840 14875]
[14876 15015]
[15016 15108]
[15109 15212]
[15213 15521]
[15522 15628]
[15629 15719]
[15720 15761]
[15762 15961]
[15962 16270]
[16271 16365]
[16366 16447]
[16448 16542]
[16543 16629]
[16630 16700]
[16701 16911]
[16912 17058]
[17059 17140]
[17141 17251]
[17252 17355]
[17356 17641]
[17642 17712]
[17713 18135]
[18136 18194]
[18195 18202]
[18203 18654]
[18655 18688]
[18689 18713]
[18714 18732]
[18733 18787]
[18788 18836]
[18837 18898]
[18899 18951]
[18952 19000]
[19001 19015]
[19016 19084]
[19085 19134]
[19135 19154]
[19155 19352]
[19353 19484]
[19485 19513]
[19514 19637]
[19638 19691]
[19692 19739]
[19740 19795]
[19796 19847]
[19848 19869]
[19870 19899]
[19900 19927]
[19928 19942]
[19943 19958]
[19959 19983]
[19984 20023]
[20024 20053]
[20054 20086]
[20087 20120]
[20121 20152]
[20153 20169]
[20170 20203]
[20204 20570]
[20571 20614]
[20615 20650]
[20651 20675]
[20676 20701]
[20702 20734]
[20735 20790]
[20791 20845]
[20846 20867]
[20868 20899]
[20900 20918]
[20919 20929]
[20930 20984]
[20985 21020]
[21021 21082]
[21083 21122]
[21123 21141]
[21142 21183]
[21184 21266]
[21267 21337]
[21338 21530]
[21531 21672]
[21673 21700]
[21701 21928]
[21929 22015]
[22016 22093]
[22094 22172]
[22173 22244]
[22245 22268]
[22269 22291]
[22292 22371]
[22372 22466]
[22467 22607]
[22608 22681]
[22682 22713]
[22714 22819]
[22820 23352]
[23353 23442]
[23443 23544]
[23545 23651]
[23652 23761]
[23762 23871]
[23872 23971]
[23972 24038]
[24039 24117]
[24118 24235]
[24236 24272]
[24273 24412]
[24413 24524]
[24525 24622]
[24623 24717]
[24718 24767]
[24768 25097]
[25098 25138]
[25139 25249]
[25250 25287]
[25288 25318]
[25319 25441]
[25442 25482]
[25483 25545]
[25546 25601]
[25602 25922]
[25923 25944]
[25945 26060]
[26061 26163]
[26164 26288]
[26289 26405]
[26406 26460]
[26461 26504]
[26505 26553]
[26554 26619]
[26620 26653]
[26654 26722]
[26723 27096]
[27097 27184]
[27185 27240]
[27241 27302]
[27303 27375]
[27376 27491]
[27492 27539]
[27540 27604]
[27605 27646]
[27647 27686]
[27687 27760]
[27761 27804]
[27805 27891]
[27892 27958]
[27959 28023]
[28024 28053]
[28054 28119]
[28120 28165]
[28166 28239]
[28240 28324]
[28325 28643]
[28644 28704]
[28705 28820]
[28821 28875]
[28876 28996]
[28997 29046]
[29047 29136]
[29137 29251]
[29252 29308]
[29309 29368]
[29369 29430]
[29431 29551]
[29552 29744]
[29745 29799]
[29800 30185]
[30186 30249]
