[ 0 29]
[31 50]
[51 70]
[ 72 115]
[117 215]
[216 483]
[484 535]
[536 571]
[572 601]
[602 629]
[630 662]
[663 688]
[689 718]
[719 752]
[753 782]
[783 837]
[ 838 1803]
[1804 1850]
[1851 1926]
[1927 1965]
[1966 2026]
[2027 2085]
[2086 2148]
[2149 2244]
[2245 2294]
[2295 2329]
[2330 2414]
[2415 2481]
[2482 2552]
[2553 2583]
[2584 2676]
[2677 2707]
[2708 2743]
[2744 2765]
[2766 2871]
[2872 3165]
[3166 3240]
[3241 3271]
[3272 3348]
[3349 3424]
[3425 3929]
[3930 4030]
[4031 4147]
[4148 4227]
[4228 4333]
[4334 4497]
[4498 4624]
[4625 4731]
[4732 4753]
[4754 4793]
[4794 4851]
[4852 4939]
[4940 5034]
[5035 5142]
[5143 5260]
[5261 5340]
[5341 5433]
[5434 5534]
[5535 5863]
[5864 5894]
[5895 5973]
[5974 6055]
[6056 6181]
[6182 6231]
[6232 6310]
[6311 6388]
[6389 6446]
[6447 6483]
[6484 6557]
[6558 6626]
[6627 6694]
[6695 6770]
[6771 6921]
[6922 7348]
[7349 7435]
[7436 7507]
[7508 7570]
[7571 7600]
[7601 7633]
[7634 7697]
[7698 7777]
[7778 7948]
[7949 8054]
[8055 8163]
[8164 8230]
[8231 8291]
[8292 8347]
[8348 8414]
[8415 8490]
[8491 8565]
[8566 8707]
[8708 8786]
[8787 8881]
[8882 8949]
[8950 9363]
[9364 9489]
[9490 9534]
[9535 9580]
[9581 9616]
[9617 9658]
[9659 9722]
[9723 9761]
[9762 9811]
[9812 9870]
[9871 9918]
[9919 9965]
[ 9966 10022]
[10023 10058]
[10059 10100]
[10101 10194]
[10195 10235]
[10236 10280]
[10281 10338]
[10339 10377]
[10378 10480]
[10481 10519]
[10520 10573]
[10574 10623]
[10624 10659]
[10660 10743]
[10744 10804]
[10805 10835]
[10836 11088]
[11089 11283]
[11284 11383]
[11384 11508]
[11509 11633]
[11634 11758]
[11759 11883]
[11884 12003]
[12004 12367]
[12368 12463]
[12464 12563]
[12564 12662]
[12663 12751]
[12752 12808]
[12809 12859]
[12860 12911]
[12912 12976]
[12977 13020]
[13021 13086]
[13087 13209]
[13210 13264]
[13265 13360]
[13361 13384]
[13385 13449]
[13450 13500]
[13501 13547]
[13548 13588]
[13589 13629]
[13630 13680]
[13681 13694]
[13695 13739]
[13740 13795]
[13796 13891]
[13892 14248]
[14249 14340]
[14341 14465]
[14466 14564]
[14565 14665]
[14666 14741]
[14742 14933]
[14934 15021]
[15022 15074]
[15075 15195]
[15196 15286]
[15287 15373]
[15374 15402]
[15403 15471]
[15472 15552]
[15553 15655]
[15656 15661]
[15662 16118]
[16119 16281]
[16282 16340]
[16341 16381]
[16382 16436]
[16437 16492]
[16493 16566]
[16567 16619]
[16620 16674]
[16675 16914]
[16915 17016]
[17017 17105]
[17106 17235]
[17236 17247]
[17248 17434]
[17435 17501]
[17502 17591]
[17592 17639]
[17640 17959]
[17960 18039]
[18040 18130]
[18131 18199]
[18200 18270]
[18271 18379]
[18380 18439]
[18440 18527]
[18528 18601]
[18602 18682]
[18683 18808]
[18809 18890]
[18891 18987]
[18988 19085]
[19086 19173]
[19174 19270]
[19271 19812]
[19813 19859]
[19860 19919]
[19920 19996]
[19997 20099]
[20100 20191]
[20192 20296]
[20297 20395]
[20396 20547]
[20548 20677]
[20678 20792]
[20793 20903]
[20904 20966]
[20967 21017]
[21018 21064]
[21065 21105]
[21106 21146]
[21147 21211]
[21212 21409]
[21410 21826]
[21827 21891]
[21892 22076]
[22077 22227]
[22228 22382]
[22383 22448]
[22449 22524]
[22525 22796]
[22797 22952]
[22953 23178]
[23179 23235]
[23236 23409]
[23410 23497]
[23498 23598]
[23599 23886]
[23887 24003]
[24004 24091]
[24092 24179]
[24180 24350]
[24351 24507]
[24508 24797]
[24798 25501]
[25502 25633]
[25634 25956]
[25957 26037]
[26038 26138]
[26139 26312]
[26313 26505]
[26506 26786]
[26787 26882]
[26883 26974]
[26975 27087]
[27088 27188]
[27189 27199]
