[ 0 30]
[32 51]
[52 71]
[ 73 116]
[118 219]
[220 472]
[473 526]
[527 550]
[551 573]
[574 595]
[596 627]
[628 654]
[655 678]
[679 704]
[705 727]
[728 747]
[748 777]
[778 814]
[815 844]
[845 902]
[903 940]
[941 976]
[ 977 1015]
[1016 1109]
[1110 1792]
[1793 1837]
[1838 1888]
[1889 1935]
[1936 1994]
[1995 2058]
[2059 2111]
[2112 2157]
[2158 2195]
[2196 2286]
[2287 2379]
[2380 2424]
[2425 2483]
[2484 2541]
[2542 2613]
[2614 2688]
[2689 2755]
[2756 2821]
[2822 2855]
[2856 2902]
[2903 2958]
[2959 3035]
[3036 3118]
[3119 3176]
[3177 3245]
[3246 3298]
[3299 3357]
[3358 3658]
[3659 4025]
[4026 4092]
[4093 4145]
[4146 4200]
[4201 4243]
[4244 4896]
[4897 4961]
[4962 5008]
[5009 5095]
[5096 5149]
[5150 5283]
[5284 5376]
[5377 5469]
[5470 5486]
[5487 5564]
[5565 5602]
[5603 5641]
[5642 5663]
[5664 5711]
[5712 5753]
[5754 5770]
[5771 5811]
[5812 5871]
[5872 5924]
[5925 6002]
[6003 6037]
[6038 6086]
[6087 6118]
[6119 6139]
[6140 6165]
[6166 6203]
[6204 6252]
[6253 6295]
[6296 6366]
[6367 6413]
[6414 6452]
[6453 6667]
[6668 6703]
[6704 6779]
[6780 6804]
[6805 6866]
[6867 6930]
[6931 6993]
[6994 7051]
[7052 7127]
[7128 7186]
[7187 7251]
[7252 7300]
[7301 7350]
[7351 7418]
[7419 7470]
[7471 7525]
[7526 7545]
[7546 7690]
[7691 7759]
[7760 7785]
[7786 7865]
[7866 7915]
[7916 7996]
[7997 8057]
[8058 8102]
[8103 8241]
[8242 8310]
[8311 8336]
[8337 8416]
[8417 8456]
[8457 8563]
[8564 8821]
[8822 8884]
[8885 8937]
[8938 8987]
[8988 9044]
[9045 9101]
[9102 9156]
[9157 9197]
[9198 9270]
[9271 9325]
[9326 9447]
[9448 9492]
[9493 9548]
[9549 9595]
[9596 9637]
[9638 9676]
[9677 9731]
[9732 9776]
[9777 9817]
[9818 9850]
[9851 9919]
[ 9920 10037]
[10038 10076]
[10077 10134]
[10135 10189]
[10190 10243]
[10244 10297]
[10298 10344]
[10345 10427]
[10428 10488]
[10489 10521]
[10522 10557]
[10558 10589]
[10590 10627]
[10628 10668]
[10669 10715]
[10716 10761]
[10762 10806]
[10807 10842]
[10843 10925]
[10926 11325]
[11326 11697]
[11698 11714]
[11715 11860]
[11861 11935]
[11936 12034]
[12035 12127]
[12128 12195]
[12196 12225]
[12226 12271]
[12272 12384]
[12385 12440]
[12441 12535]
[12536 12602]
[12603 12651]
[12652 12697]
[12698 12746]
[12747 12879]
[12880 13036]
[13037 13074]
[13075 13181]
[13182 13212]
[13213 13262]
[13263 13307]
[13308 13374]
[13375 13440]
[13441 13599]
[13600 13837]
[13838 13963]
[13964 14121]
[14122 14263]
[14264 14337]
[14338 14404]
[14405 14494]
[14495 14590]
[14591 14820]
[14821 14888]
[14889 14963]
[14964 15042]
[15043 15334]
[15335 15825]
[15826 15905]
[15906 16020]
[16021 16142]
[16143 16204]
[16205 16267]
[16268 16334]
[16335 16503]
[16504 16560]
[16561 16620]
[16621 16679]
[16680 16745]
[16746 16855]
[16856 16919]
[16920 16989]
[16990 17047]
[17048 17080]
[17081 17394]
[17395 17437]
[17438 17454]
[17455 17476]
[17477 17495]
[17496 17520]
[17521 17549]
[17550 17569]
[17570 17587]
[17588 17610]
[17611 17637]
[17638 17659]
[17660 17701]
[17702 17716]
[17717 17746]
[17747 17766]
[17767 17791]
[17792 17822]
[17823 17852]
[17853 17877]
[17878 17917]
[17918 17977]
[17979 18013]
[18014 18030]
[18031 18044]
[18045 18071]
[18072 18105]
[18106 18130]
[18131 18149]
[18150 18173]
[18174 18264]
[18265 18285]
[18286 18304]
[18305 18335]
[18336 18360]
[18361 18374]
[18375 18396]
[18397 18414]
[18415 18434]
[18435 18493]
[18495 18516]
[18517 18555]
[18556 18576]
[18577 18593]
[18594 18622]
[18623 18640]
[18641 18662]
[18663 18678]
[18679 18999]
[19000 19232]
[19233 19386]
[19387 19549]
[19550 19764]
[19765 19814]
[19815 19874]
[19875 19998]
[19999 20179]
[20180 20214]
[20215 20479]
[20480 20533]
[20534 20559]
[20560 20585]
[20586 20624]
[20625 20656]
[20657 20685]
[20686 20713]
[20714 20756]
[20757 20807]
[20808 20860]
[20861 20978]
[20979 21291]
[21292 21389]
[21390 21472]
[21473 21563]
[21564 21663]
[21664 21749]
[21750 21828]
[21829 21869]
[21870 22176]
[22177 22226]
[22227 22293]
[22294 22327]
[22328 22370]
[22371 22409]
[22410 22450]
[22451 22496]
[22497 22551]
[22552 22592]
[22593 22643]
[22644 22694]
[22695 22755]
[22756 22857]
[22858 22918]
[22919 22965]
[22966 23135]
[23136 23185]
[23186 23285]
[23286 23352]
[23353 23465]
[23466 23705]
[23706 23811]
[23812 23887]
[23888 23966]
[23967 24076]
[24077 24180]
[24181 24253]
[24254 24295]
[24296 24396]
[24397 24456]
[24457 24671]
[24672 24949]
[24950 25004]
[25005 25061]
[25062 25119]
[25120 25179]
[25180 25242]
[25243 25309]
[25310 25373]
[25374 25675]
[25676 25839]
[25840 25916]
[25917 26060]
[26061 26225]
[26226 26299]
[26300 26416]
[26417 26537]
[26538 26639]
[26640 26743]
[26744 26855]
[26856 26915]
[26916 27119]
[27120 27181]
[27182 27233]
[27234 27282]
[27283 27338]
[27339 27398]
[27399 27438]
[27439 27488]
[27489 27557]
[27558 27610]
[27611 27676]
[27677 27735]
[27736 27789]
[27790 27951]
[27952 28321]
[28322 28528]
[28529 28776]
[28777 28918]
[28919 29124]
[29125 29346]
[29347 29526]
[29527 29614]
[29615 29681]
[29682 29718]
[29719 29814]
[29815 29911]
[29912 29993]
[29994 30118]
[30119 30164]
[30165 30215]
[30216 30319]
[30320 30409]
[30410 30476]
[30477 30541]
[30542 30601]
[30602 30618]
[30619 30646]
[30647 30712]
[30713 30747]
[30748 30772]
[30773 30795]
[30796 30817]
[30818 30840]
[30841 30863]
[30864 30898]
[30899 31220]
[31222 31299]
