[ 0 24]
[26 45]
[46 65]
[ 67 110]
[112 214]
[215 492]
[493 554]
[555 590]
[591 620]
[621 648]
[649 670]
[671 681]
[682 717]
[718 747]
[748 775]
[776 805]
[806 838]
[839 869]
[870 900]
[901 929]
[ 930 1000]
[1001 1488]
[1489 1554]
[1555 1656]
[1657 1717]
[1718 1827]
[1828 1896]
[1897 1939]
[1940 1990]
[1991 2068]
[2069 2150]
[2151 2228]
[2229 2275]
[2276 2319]
[2320 2354]
[2355 2454]
[2455 2938]
[2939 2981]
[2982 3028]
[3029 3076]
[3077 3105]
[3106 3327]
[3328 3358]
[3359 3403]
[3404 3451]
[3452 3497]
[3498 3563]
[3564 3583]
[3584 3636]
[3637 3686]
[3687 3725]
[3726 3743]
[3744 3784]
[3785 3812]
[3813 3932]
[3933 3958]
[3959 4006]
[4007 4039]
[4040 4068]
[4069 4105]
[4106 4199]
[4200 4267]
[4268 4321]
[4322 4574]
[4575 4636]
[4637 4705]
[4706 4771]
[4772 4833]
[4834 4902]
[4903 4967]
[4968 5036]
[5037 5102]
[5103 5187]
[5188 5262]
[5263 5343]
[5344 5416]
[5417 5439]
[5440 5469]
[5470 5534]
[5535 5583]
[5584 5654]
[5655 5697]
[5698 5766]
[5767 5826]
[5827 6461]
[6462 6530]
[6531 6575]
[6576 6650]
[6651 6688]
[6689 6761]
[6762 6921]
[6922 6987]
[6988 7054]
[7055 7099]
[7100 7142]
[7143 7179]
[7180 7214]
[7215 7268]
[7269 7436]
[7437 7551]
[7552 7631]
[7632 7676]
[7677 7713]
[7714 7776]
[7777 7820]
[7821 7882]
[7883 8340]
[8341 8384]
[8385 8406]
[8407 8491]
[8492 8562]
[8563 8645]
[8646 8703]
[8704 8832]
[8833 9049]
[9050 9096]
[9097 9157]
[9158 9230]
[9231 9343]
[9344 9418]
[9419 9474]
[9475 9546]
[9547 9589]
[9590 9937]
[ 9938 10081]
[10082 10110]
[10111 10171]
[10172 10227]
[10228 10308]
[10309 10334]
[10335 10417]
[10418 10704]
[10705 10856]
[10857 10893]
[10894 11044]
[11045 11110]
[11111 11169]
[11170 11223]
[11224 11555]
[11556 11619]
[11620 11689]
[11690 11736]
[11737 11787]
[11788 11854]
[11855 11910]
[11911 11964]
[11965 12024]
[12025 12083]
[12084 12153]
[12154 12226]
[12227 12285]
[12286 12365]
[12366 12442]
[12443 12531]
[12532 12613]
[12614 12716]
[12717 12796]
[12797 12878]
[12879 12941]
[12942 12996]
[12997 13049]
[13050 13520]
[13521 13669]
[13670 13753]
[13754 13828]
[13829 14154]
[14155 14256]
[14257 14270]
[14271 14327]
[14328 14393]
[14394 14517]
[14518 14977]
[14978 15097]
[15098 15197]
[15198 15263]
[15264 15312]
[15313 15367]
[15368 15482]
[15483 15543]
[15544 15623]
[15624 15738]
[15739 15816]
[15817 15923]
[15924 16028]
[16029 16110]
[16111 16211]
[16212 16325]
[16326 16512]
[16513 16520]
[16521 16806]
[16807 17281]
[17282 17361]
[17362 17450]
[17451 17533]
[17534 17614]
[17615 17702]
[17703 17787]
[17788 17875]
[17876 17965]
[17966 18043]
[18044 18320]
[18321 18379]
[18380 18433]
[18434 18502]
[18503 18588]
[18589 18657]
[18658 18736]
[18737 19217]
[19218 19285]
[19286 19412]
[19413 19526]
[19527 19614]
[19615 19676]
[19677 19825]
[19826 19906]
[19907 20039]
[20040 20136]
[20137 20211]
[20212 20304]
[20305 20399]
[20400 20471]
[20472 20589]
[20590 20711]
[20712 20947]
[20948 20951]
[20952 21266]
[21267 21409]
[21410 21460]
[21461 21545]
[21546 21825]
[21826 21919]
[21920 21998]
[21999 22140]
[22141 22202]
[22203 22569]
[22570 22665]
[22666 22756]
[22757 22831]
[22832 22933]
[22934 23010]
[23011 23105]
[23106 23210]
[23211 23310]
[23311 23525]
[23526 23719]
[23720 23887]
[23888 24008]
[24009 24121]
[24122 24196]
[24197 24345]
[24346 24383]
[24384 24444]
[24445 24562]
[24563 24610]
[24611 24661]
[24662 24929]
[24930 25000]
[25001 25077]
[25078 25157]
[25158 25234]
[25235 25313]
[25314 25396]
[25397 25469]
[25470 25541]
[25542 25612]
[25613 26212]
[26213 26471]
[26472 26643]
[26644 26772]
[26773 27096]
[27097 27281]
[27282 27417]
[27418 27665]
[27666 27749]
