[ 0 33]
[35 54]
[55 74]
[ 76 119]
[121 196]
[197 537]
[538 594]
[595 628]
[629 660]
[661 688]
[689 721]
[722 747]
[748 777]
[778 811]
[812 845]
[846 882]
[883 913]
[914 940]
[941 970]
[ 971 1756]
[1757 1789]
[1790 1815]
[1816 1847]
[1848 1901]
[1902 1956]
[1957 2078]
[2079 2112]
[2113 2190]
[2191 2238]
[2239 2294]
[2295 2334]
[2335 2475]
[2476 2645]
[2646 2754]
[2755 2792]
[2793 2826]
[2827 2874]
[2875 2913]
[2914 2971]
[2972 3020]
[3021 3071]
[3072 3246]
[3247 3297]
[3298 3340]
[3341 3381]
[3382 3432]
[3433 4143]
[4144 4199]
[4200 4257]
[4258 4301]
[4302 4372]
[4373 4486]
[4487 4533]
[4534 4572]
[4573 4598]
[4599 4637]
[4638 4757]
[4758 4896]
[4897 4961]
[4962 5001]
[5002 5045]
[5046 5092]
[5093 5140]
[5141 5167]
[5168 5292]
[5293 5334]
[5335 5368]
[5369 5411]
[5412 5454]
[5455 5479]
[5480 5545]
[5546 5597]
[5598 5637]
[5638 5671]
[5672 5720]
[5721 6161]
[6162 6258]
[6259 6294]
[6295 6355]
[6356 6442]
[6443 6542]
[6543 6582]
[6583 6668]
[6669 6699]
[6700 6788]
[6789 6843]
[6844 6964]
[6965 7002]
[7003 7082]
[7083 7176]
[7177 7689]
[7690 7737]
[7738 7819]
[7820 7890]
[7891 7985]
[7986 8363]
[8364 8811]
[8812 8866]
[8867 8946]
[8947 9014]
[9015 9096]
[9097 9158]
[9159 9223]
[9224 9335]
[9336 9421]
[9422 9509]
[9510 9595]
[9596 9770]
[9771 9845]
[9846 9966]
[ 9967 10030]
[10031 10071]
[10072 10173]
[10174 10262]
[10263 10334]
[10335 10440]
[10441 10742]
[10743 10928]
[10929 11144]
[11146 11331]
[11332 11393]
[11394 11451]
[11452 11546]
[11547 11600]
[11601 11639]
[11640 11680]
[11681 12579]
[12580 12666]
[12667 12698]
[12699 12734]
[12735 12824]
[12825 12848]
[12849 12877]
[12878 12929]
[12930 13039]
[13040 13144]
[13145 13239]
[13240 13305]
[13306 13355]
[13356 13390]
[13391 13428]
[13429 13456]
[13457 13497]
[13498 13621]
[13622 13708]
[13709 13808]
[13809 13949]
[13950 14312]
[14313 14482]
[14483 14533]
[14534 14573]
[14574 14646]
[14647 14711]
[14712 14775]
[14776 14841]
[14842 14900]
[14901 14973]
[14974 15037]
[15038 15077]
[15078 15138]
[15139 15813]
[15814 15838]
[15839 15864]
[15865 15904]
[15905 15927]
[15928 15967]
[15968 16029]
[16030 16071]
[16072 16116]
[16117 16295]
[16296 16298]
[16299 16405]
[16406 16453]
[16454 16485]
[16486 16518]
[16519 16553]
[16554 16587]
[16588 16613]
[16614 16637]
[16638 16665]
[16666 16687]
[16688 16713]
[16714 16743]
[16744 16878]
[16879 16896]
[16897 17012]
[17013 17099]
[17100 17168]
[17169 17215]
[17216 17246]
[17247 17273]
[17274 17309]
[17310 17339]
[17340 17382]
[17383 17411]
[17412 17517]
[17518 17544]
[17545 17580]
[17581 17615]
[17616 17656]
[17657 17697]
[17698 17762]
[17763 17807]
[17808 17863]
[17864 17958]
[17959 18327]
[18328 18351]
[18352 18405]
[18406 18473]
[18474 18569]
[18570 18650]
[18651 18725]
[18726 18767]
[18768 18819]
[18820 18880]
[18881 18916]
[18917 19010]
[19011 19110]
[19111 19156]
[19157 19187]
[19188 19228]
[19229 19317]
[19318 19375]
[19376 19675]
[19676 19794]
[19795 19894]
[19895 19989]
[19990 20094]
[20095 20213]
[20214 20333]
[20334 20404]
[20405 20502]
[20503 20570]
[20571 20579]
[20580 21034]
[21035 21111]
[21112 21146]
[21147 21187]
[21188 21275]
[21276 21294]
[21295 21343]
[21344 21398]
[21399 21451]
[21452 21517]
[21518 21607]
[21608 21777]
[21778 21877]
[21878 21912]
[21913 21937]
[21938 22018]
[22019 22075]
[22076 22135]
[22136 22192]
[22193 22288]
[22289 22353]
[22354 22439]
[22440 22507]
[22508 22810]
[22811 22871]
[22872 22953]
[22954 23027]
[23028 23109]
[23110 23164]
[23165 23240]
[23241 23309]
[23310 23395]
[23396 23450]
[23451 23529]
[23530 23873]
[23874 23972]
[23973 24018]
[24019 24046]
[24047 24091]
[24092 24173]
[24174 24539]
[24540 24788]
[24789 24845]
[24846 24915]
[24916 24991]
[24992 25303]
[25304 25357]
[25358 25569]
[25570 25848]
[25849 25925]
[25926 26003]
[26004 26070]
[26071 26118]
[26119 26211]
[26212 26267]
[26268 26335]
[26336 26404]
[26405 26477]
[26478 26612]
[26613 26674]
[26675 26806]
[26807 26873]
[26874 26934]
[26935 27280]
[27281 27330]
[27331 27362]
[27363 27407]
[27408 27447]
[27448 27478]
[27479 27519]
[27520 27627]
[27628 27747]
[27748 27822]
[27823 27869]
[27870 27944]
[27945 28014]
[28015 28080]
[28081 28419]
[28420 28513]
[28514 28546]
[28547 28639]
[28640 28716]
[28717 28754]
[28755 28784]
[28785 28813]
[28814 28929]
[28930 28962]
[28963 29001]
[29002 29046]
[29047 29082]
[29083 29123]
[29124 29170]
[29171 29229]
[29230 29287]
[29288 29331]
[29332 29379]
[29380 29430]
[29431 29472]
[29473 29544]
[29545 29634]
[29635 29809]
[29810 29822]
[29823 29951]
[29952 30120]
[30121 30170]
[30171 30368]
[30369 30464]
[30465 30696]
[30697 30882]
[30883 31113]
[31114 31281]
[31282 31330]
[31331 31476]
[31477 31629]
[31630 31690]
[31691 31739]
[31740 31814]
[31815 31891]
[31892 31952]
[31953 32019]
[32020 32186]
[32187 32233]
[32234 32520]
[32521 32611]
[32612 32711]
[32712 32792]
[32793 32885]
[32886 32926]
[32927 32988]
[32989 33323]
[33324 33399]
