[ 0 27]
[29 48]
[49 68]
[ 70 113]
[115 218]
[219 442]
[443 496]
[497 532]
[533 562]
[563 590]
[591 623]
[624 659]
[660 689]
[690 744]
[745 764]
[765 797]
[798 829]
[830 862]
[863 933]
[ 934 1381]
[1382 1453]
[1454 1518]
[1519 1557]
[1558 1610]
[1612 1842]
[1843 1884]
[1885 1927]
[1928 1965]
[1966 2020]
[2021 2107]
[2108 2143]
[2144 2177]
[2178 2446]
[2447 2523]
[2524 2633]
[2634 2677]
[2678 2735]
[2736 2770]
[2771 2825]
[2826 2880]
[2881 2928]
[2929 3029]
[3030 3074]
[3075 3124]
[3125 3168]
[3169 3202]
[3203 3323]
[3324 3368]
[3369 3493]
[3494 3541]
[3542 3599]
[3600 3685]
[3686 4178]
[4179 4521]
[4522 4605]
[4606 4702]
[4703 4796]
[4797 4844]
[4845 4872]
[4873 4924]
[4925 4956]
[4957 5008]
[5009 5062]
[5063 5157]
[5158 5230]
[5231 5274]
[5275 5329]
[5330 5398]
[5399 5730]
[5731 5808]
[5809 5885]
[5886 6088]
[6089 6158]
[6159 6293]
[6294 6360]
[6361 6533]
[6534 6605]
[6606 6786]
[6787 6839]
[6840 6918]
[6919 6991]
[6992 7134]
[7135 7185]
[7186 7233]
[7234 7809]
[7810 7832]
[7833 7930]
[7931 7990]
[7991 8051]
[8052 8105]
[8106 8122]
[8123 8357]
[8358 8750]
[8751 8841]
[8842 8887]
[8888 8995]
[8996 9053]
[9054 9117]
[9118 9159]
[9160 9216]
[9217 9260]
[9261 9305]
[9306 9348]
[9349 9396]
[9397 9445]
[9446 9492]
[9493 9535]
[9536 9662]
[ 9663 10035]
[10036 10127]
[10128 10199]
[10200 10272]
[10273 10373]
[10374 10462]
[10463 10558]
[10559 10597]
[10598 10673]
[10674 10778]
[10779 10881]
[10882 10957]
[10958 11058]
[11059 11125]
[11126 11158]
[11159 11237]
[11238 11288]
[11289 11570]
[11571 11688]
[11690 11768]
[11769 11799]
[11800 11872]
[11873 11918]
[11919 11998]
[11999 12037]
[12038 12081]
[12082 12176]
[12177 12238]
[12239 12279]
[12280 12317]
[12318 12347]
[12348 12390]
[12391 12431]
[12432 12481]
[12482 12539]
[12540 12604]
[12605 12684]
[12685 12823]
[12824 12923]
[12924 13039]
[13040 13509]
[13510 13592]
[13593 13660]
[13661 13706]
[13707 13756]
[13757 13799]
[13800 13883]
[13884 14009]
[14010 14160]
[14161 14215]
[14216 14259]
[14260 14307]
[14308 14341]
[14342 14418]
[14419 14470]
[14471 14557]
[14558 14861]
[14862 14886]
[14887 14928]
[14929 14975]
[14976 14986]
[14987 15029]
[15030 15075]
[15076 15109]
[15110 15157]
[15158 15199]
[15200 15254]
[15255 15321]
[15322 15345]
[15346 15404]
[15405 15442]
[15443 15837]
[15838 15900]
[15901 15925]
[15926 15966]
[15967 16018]
[16019 16122]
[16123 16186]
[16187 16285]
[16286 16370]
[16371 16444]
[16445 16479]
[16480 16512]
[16513 16554]
[16555 16590]
[16591 16612]
[16613 16647]
[16648 16702]
[16703 17032]
[17033 17181]
[17182 17246]
[17247 17411]
[17412 17664]
[17665 17768]
[17769 17923]
[17924 18131]
[18132 18187]
[18188 18230]
[18231 18273]
[18274 18311]
[18312 18356]
[18357 18398]
[18399 18443]
[18444 18491]
[18492 18576]
[18577 18808]
[18809 18959]
[18960 19043]
[19044 19121]
[19122 19209]
[19210 19255]
[19256 19299]
[19300 19364]
[19365 19454]
[19455 19531]
[19532 19591]
[19592 19857]
[19858 19892]
[19893 20004]
[20005 20039]
[20040 20170]
[20171 20240]
[20241 20289]
[20290 20726]
[20728 20869]
[20870 21018]
[21019 21088]
[21089 21245]
[21246 21409]
[21410 21538]
[21539 21592]
[21593 21670]
[21671 21761]
[21762 21891]
[21892 21951]
[21952 22203]
[22204 22553]
[22554 22664]
[22665 22777]
[22778 22829]
[22830 22863]
[22864 22916]
[22917 23002]
[23003 23127]
[23128 23232]
[23233 23414]
[23415 23498]
[23499 23556]
[23557 23617]
[23618 23697]
[23698 23769]
[23770 23860]
[23861 23925]
[23926 24008]
[24009 24058]
[24059 24175]
[24176 24240]
[24241 24312]
[24313 24349]
[24350 24393]
[24394 24763]
[24764 24864]
[24865 24934]
[24935 25034]
[25035 25081]
[25082 25157]
[25158 25257]
[25258 25317]
[25318 25507]
[25508 25567]
[25568 25647]
[25648 25699]
[25700 25958]
[25959 26006]
[26007 26050]
[26051 26107]
[26108 26154]
[26155 26221]
[26222 26268]
[26269 26320]
[26321 26377]
[26378 26449]
[26450 26538]
[26539 26684]
[26685 27002]
[27003 27099]
