[ 0 25]
[27 46]
[47 66]
[ 68 111]
[113 169]
[171 437]
[438 495]
[496 514]
[515 559]
[560 603]
[604 623]
[624 662]
[663 699]
[700 733]
[734 746]
[747 785]
[786 831]
[832 871]
[872 912]
[913 958]
[ 959 1073]
[1075 1594]
[1595 1628]
[1629 1673]
[1674 1717]
[1718 1762]
[1763 1803]
[1804 1849]
[1850 1969]
[1970 2176]
[2177 2226]
[2227 2264]
[2265 2430]
[2431 2475]
[2476 2516]
[2517 2564]
[2565 2602]
[2603 2678]
[2679 2840]
[2841 2956]
[2957 4267]
[4268 4329]
[4330 4379]
[4380 4420]
[4421 4491]
[4492 4576]
[4577 4645]
[4646 4714]
[4715 4756]
[4757 4818]
[4819 4861]
[4862 4929]
[4930 4985]
[4986 5029]
[5030 5088]
[5089 5106]
[5107 5144]
[5145 5239]
[5240 5309]
[5310 5375]
[5376 5772]
[5774 5833]
[5834 5875]
[5876 5912]
[5913 5946]
[5947 5988]
[5989 6026]
[6027 6218]
[6219 6276]
[6277 6315]
[6316 6370]
[6371 6422]
[6423 6478]
[6479 6516]
[6517 6553]
[6554 6582]
[6583 6845]
[6846 6868]
[6869 6915]
[6916 6973]
[6974 7010]
[7011 7126]
[7127 7183]
[7184 7247]
[7248 7792]
[7793 7870]
[7871 7954]
[7955 8047]
[8048 8091]
[8092 8160]
[8161 8220]
[8221 8252]
[8253 8309]
[8310 8360]
[8361 8379]
[8380 8425]
[8426 8471]
[8472 8618]
[8619 8670]
[8671 8725]
[8726 8945]
[8946 8990]
[8991 9089]
[9090 9136]
[9137 9197]
[9198 9234]
[9235 9279]
[9280 9308]
[9309 9376]
[9377 9425]
[9426 9446]
[9447 9492]
[9493 9552]
[9553 9600]
[9601 9662]
[9663 9722]
[9723 9757]
[9758 9811]
[9812 9841]
[9842 9887]
[9888 9906]
[9907 9972]
[ 9973 10023]
[10024 10084]
[10085 10135]
[10136 10168]
[10169 10268]
[10269 10390]
[10391 10451]
[10452 10804]
[10805 10844]
[10845 10896]
[10897 10942]
[10943 10986]
[10987 11054]
[11055 11089]
[11090 11177]
[11178 11243]
[11244 11315]
[11316 11364]
[11365 11402]
[11403 11462]
[11463 11521]
[11522 11592]
[11593 11717]
[11718 11754]
[11755 11788]
[11789 11825]
[11826 11860]
[11861 11897]
[11898 11929]
[11930 11995]
[11996 12069]
[12070 12162]
[12163 12490]
[12491 12646]
[12647 12735]
[12736 12810]
[12811 12880]
[12881 13154]
[13155 13242]
[13243 13324]
[13325 13410]
[13411 13497]
[13498 13802]
[13803 13864]
[13865 13994]
[13995 14057]
[14058 14143]
[14144 14249]
[14250 14358]
[14359 14451]
[14452 14549]
[14550 14652]
[14653 14747]
[14748 14849]
[14850 14943]
[14944 14971]
[14972 15013]
[15014 15049]
[15050 15084]
[15085 15140]
[15141 15225]
[15226 15289]
[15290 15607]
[15609 15693]
[15694 15825]
[15826 15947]
[15948 15999]
[16000 16087]
[16088 16151]
[16152 16221]
[16222 16313]
[16314 16477]
[16478 16546]
[16547 16615]
[16616 16721]
[16722 17226]
[17227 17299]
[17300 17334]
[17335 17375]
[17376 17463]
[17464 17482]
[17483 17531]
[17532 17586]
[17587 17639]
[17640 17705]
[17706 17795]
[17796 17965]
[17966 18065]
[18066 18100]
[18101 18125]
[18126 18206]
[18207 18263]
[18264 18323]
[18324 18380]
[18381 18476]
[18477 18541]
[18542 18627]
[18628 18700]
[18701 19059]
[19060 19121]
[19122 19167]
[19168 19226]
[19227 19274]
[19275 19329]
[19330 19381]
[19382 19444]
[19445 19506]
[19507 19577]
[19578 19647]
[19648 19736]
[19737 19856]
[19857 19910]
[19911 19966]
[19967 20048]
[20049 20102]
[20103 20172]
[20173 20202]
[20203 20292]
[20293 20364]
[20365 20412]
[20413 20481]
[20482 20554]
[20555 20625]
[20626 20659]
[20660 20691]
[20692 20703]
[20704 20734]
[20735 20841]
[20842 20890]
[20891 21003]
[21004 21367]
[21368 21586]
[21587 21765]
[21766 21855]
[21856 21937]
[21938 21996]
[21997 22105]
[22106 22425]
[22427 22563]
[22564 22597]
[22598 22683]
[22684 22735]
[22736 22774]
[22775 22808]
[22809 22840]
[22841 22970]
[22971 23070]
[23071 23115]
[23116 23167]
[23168 23243]
[23244 23296]
[23297 23340]
[23341 23391]
[23392 23440]
[23441 23489]
[23490 23545]
[23546 23600]
[23601 23655]
[23656 23993]
[23995 24187]
[24188 24326]
[24327 24418]
[24419 24508]
[24509 24649]
[24650 24719]
[24720 24819]
[24820 24934]
[24935 25418]
[25419 25554]
[25555 25642]
[25643 25692]
[25693 25760]
[25761 25806]
[25807 25833]
[25834 25905]
[25906 25956]
[25957 26021]
[26022 26072]
[26073 26147]
[26148 26196]
[26197 26235]
[26236 26285]
[26286 26308]
[26309 26337]
[26338 26459]
[26460 26477]
[26478 26546]
[26547 26588]
[26589 26642]
[26643 26673]
[26674 26713]
[26714 26799]
[26800 26854]
[26855 27156]
[27157 27241]
[27242 27308]
[27309 27537]
[27538 28179]
[28180 28229]
[28230 28547]
[28549 28640]
[28641 28718]
[28719 28786]
[28787 28852]
[28853 28944]
[28945 29022]
[29023 29197]
[29198 29202]
[29203 29268]
[29269 29358]
[29359 29473]
[29474 29532]
[29533 29595]
[29596 29671]
[29672 29731]
[29732 29799]
[29800 29852]
[29853 29911]
[29912 29991]
[29992 30164]
[30165 30249]
