[ 0 25]
[27 46]
[47 66]
[ 68 111]
[113 205]
[206 573]
[574 625]
[626 659]
[660 690]
[691 721]
[722 752]
[753 784]
[785 815]
[816 846]
[847 876]
[877 935]
[ 936 1364]
[1365 1382]
[1383 1422]
[1423 1433]
[1434 1492]
[1493 1539]
[1540 1576]
[1577 1628]
[1629 1662]
[1663 1703]
[1704 1759]
[1760 1816]
[1817 1849]
[1850 1881]
[1882 1906]
[1907 1950]
[1951 1998]
[1999 2049]
[2050 2109]
[2110 2158]
[2159 2202]
[2203 2254]
[2255 2285]
[2286 2821]
[2822 2860]
[2861 2913]
[2914 2992]
[2993 3067]
[3068 3111]
[3112 3135]
[3136 3185]
[3186 3213]
[3214 3266]
[3267 3320]
[3321 3366]
[3367 3446]
[3447 3517]
[3518 3581]
[3582 3645]
[3646 3696]
[3697 3731]
[3732 3792]
[3793 3815]
[3816 3862]
[3863 3924]
[3925 4005]
[4006 4336]
[4337 4412]
[4413 4454]
[4455 4493]
[4494 4535]
[4536 4571]
[4572 4771]
[4772 4814]
[4815 4837]
[4838 4882]
[4883 4923]
[4924 4957]
[4958 4983]
[4984 5011]
[5012 5056]
[5057 5114]
[5115 5496]
[5497 5525]
[5526 5564]
[5565 5764]
[5765 5843]
[5844 6054]
[6055 6097]
[6098 6159]
[6160 6221]
[6222 6282]
[6283 6344]
[6345 6411]
[6412 6469]
[6470 6538]
[6539 6586]
[6587 6608]
[6609 6755]
[6756 6789]
[6790 6840]
[6841 6864]
[6865 7289]
[7290 7428]
[7429 7521]
[7522 7571]
[7572 7643]
[7644 7765]
[7766 7863]
[7864 7948]
[7949 8119]
[8120 8285]
[8286 8449]
[8450 8612]
[8613 8715]
[8716 8835]
[8836 8953]
[8954 9022]
[9023 9096]
[9097 9138]
[9139 9205]
[9206 9262]
[9263 9310]
[9311 9380]
[9381 9450]
[9451 9495]
[9496 9595]
[9596 9659]
[9660 9765]
[9766 9835]
[9836 9923]
[ 9924 10005]
[10006 10172]
[10173 10227]
[10228 10271]
[10272 10316]
[10317 10359]
[10360 10407]
[10408 10456]
[10457 10504]
[10505 10546]
[10547 10583]
[10584 10666]
[10667 11059]
[11060 11123]
[11124 11167]
[11168 11234]
[11235 11299]
[11300 11365]
[11366 11437]
[11438 11505]
[11506 11563]
[11564 11616]
[11617 11674]
[11675 11749]
[11750 11805]
[11806 11857]
[11858 11902]
[11903 11944]
[11945 12279]
[12280 12370]
[12371 12540]
[12541 12690]
[12691 12846]
[12847 12972]
[12973 13243]
[13244 13323]
[13324 13411]
[13412 13497]
[13498 13551]
[13552 13921]
[13922 13990]
[13991 14024]
[14025 14065]
[14066 14112]
[14113 14134]
[14135 14220]
[14221 14258]
[14259 14337]
[14338 14384]
[14385 14483]
[14484 14566]
[14567 14627]
[14628 14727]
[14728 14837]
[14838 14910]
[14911 14955]
[14956 15007]
[15008 15087]
[15088 15169]
[15170 15533]
[15534 15566]
[15567 15633]
[15634 15706]
[15707 15778]
[15779 15848]
[15849 16055]
[16056 16113]
[16114 16170]
[16171 16252]
[16253 16324]
[16325 16461]
[16462 16583]
[16584 16639]
[16640 16698]
[16699 16753]
[16754 17088]
[17089 17163]
[17164 17228]
[17229 17288]
[17289 17438]
[17439 17516]
[17517 17564]
[17565 17592]
[17593 17653]
[17654 17807]
[17808 17853]
[17854 17894]
[17895 17931]
[17932 18055]
[18056 18175]
[18176 18283]
[18284 18685]
[18686 18763]
[18764 18831]
[18832 18884]
[18885 18944]
[18945 19009]
[19010 19054]
[19055 19269]
[19270 19324]
[19325 19385]
[19386 19435]
[19436 19477]
[19478 19609]
[19610 19651]
[19652 19906]
[19907 20785]
[20786 21103]
[21104 21162]
[21163 21201]
[21202 21222]
[21223 21367]
[21368 21467]
[21468 21575]
[21576 21618]
[21619 21685]
[21686 21721]
[21722 21803]
[21804 21849]
[21850 21887]
[21888 21981]
[21982 22035]
[22036 22076]
[22077 22140]
[22141 22490]
[22491 22600]
[22601 22646]
[22647 22699]
[22700 22739]
[22740 22792]
[22793 22842]
[22843 22897]
[22898 22948]
[22949 23001]
[23002 23033]
[23034 23078]
[23079 23115]
[23116 23189]
[23190 23229]
[23230 23282]
[23283 23318]
[23319 23339]
[23340 23380]
[23381 23433]
[23434 23477]
[23478 23761]
[23762 24079]
[24080 24193]
[24194 24345]
[24346 24471]
[24472 24794]
[24795 24861]
[24862 24977]
[24978 25117]
[25118 25226]
[25227 25275]
[25276 25375]
[25376 25471]
[25472 25598]
[25599 25628]
[25629 26012]
[26013 26099]
