[ 0 28]
[30 49]
[50 69]
[ 71 114]
[116 204]
[205 579]
[580 619]
[620 648]
[649 677]
[678 706]
[707 734]
[735 759]
[760 786]
[787 809]
[810 830]
[831 883]
[884 911]
[912 933]
[934 944]
[945 955]
[ 956 1000]
[1001 1411]
[1412 1465]
[1466 1522]
[1523 1582]
[1583 1637]
[1638 1677]
[1678 1719]
[1720 1738]
[1739 1868]
[1869 1939]
[1940 1994]
[1995 2046]
[2047 2090]
[2091 2149]
[2150 2210]
[2211 2268]
[2269 2354]
[2355 2464]
[2465 2514]
[2515 2566]
[2567 2597]
[2598 2639]
[2640 2721]
[2722 2809]
[2810 2867]
[2868 2929]
[2930 3346]
[3347 3389]
[3390 3444]
[3445 3478]
[3479 3536]
[3537 3581]
[3582 3612]
[3613 3660]
[3661 3830]
[3831 3882]
[3883 3957]
[3958 4050]
[4051 4097]
[4098 4133]
[4134 4171]
[4172 4209]
[4210 4245]
[4246 4369]
[4370 4476]
[4477 4534]
[4535 4602]
[4603 4638]
[4639 4673]
[4674 4715]
[4716 4752]
[4753 4787]
[4788 4857]
[4858 5222]
[5223 5261]
[5262 5325]
[5326 5362]
[5363 5423]
[5424 5484]
[5485 5540]
[5541 5603]
[5604 5626]
[5627 5691]
[5692 5759]
[5760 5840]
[5841 5895]
[5896 5946]
[5947 5973]
[5974 6051]
[6052 6089]
[6090 6128]
[6129 6150]
[6151 6198]
[6199 6240]
[6241 6265]
[6266 6306]
[6307 6378]
[6379 6425]
[6426 6700]
[6701 6753]
[6754 6809]
[6810 6858]
[6859 6913]
[6914 6960]
[6961 7013]
[7014 7061]
[7062 7108]
[7109 7182]
[7183 7237]
[7238 7293]
[7294 7348]
[7349 7377]
[7378 7454]
[7455 7528]
[7529 7600]
[7601 7660]
[7661 7709]
[7710 7769]
[7770 8296]
[8297 8317]
[8318 8340]
[8341 8357]
[8358 8385]
[8386 8418]
[8419 8467]
[8468 8531]
[8532 8628]
[8629 8736]
[8737 8780]
[8781 8826]
[8827 8870]
[8871 8916]
[8917 8946]
[8947 8997]
[8998 9191]
[9192 9444]
[9445 9510]
[9512 9848]
[ 9849 10285]
[10286 10350]
[10351 10401]
[10402 10444]
[10445 10467]
[10468 10574]
[10575 10629]
[10630 10714]
[10715 10736]
[10737 10811]
[10812 10870]
[10871 10943]
[10944 10999]
[11000 11030]
[11031 11074]
[11075 11378]
[11379 11554]
[11555 11680]
[11681 11847]
[11848 11931]
[11932 11966]
[11967 12222]
[12223 12343]
[12344 12390]
[12391 12501]
[12502 12561]
[12562 12622]
[12623 12705]
[12706 12773]
[12774 12843]
[12844 12902]
[12903 12966]
[12967 13581]
[13582 13598]
[13599 13659]
[13660 13721]
[13722 13777]
[13778 13996]
[13997 14031]
[14032 14054]
[14055 14082]
[14083 14108]
[14109 14124]
[14125 14300]
[14301 14340]
[14341 14406]
[14407 14442]
[14443 14485]
[14486 14605]
[14606 14659]
[14660 14715]
[14716 14874]
[14875 14932]
[14933 14982]
[14983 15082]
[15083 15386]
[15387 15444]
[15445 15594]
[15595 15658]
[15659 15746]
[15747 15776]
[15777 15986]
[15987 16066]
[16067 16108]
[16109 16250]
[16251 16359]
[16360 16714]
[16715 16755]
[16756 16825]
[16826 16859]
[16860 16894]
[16895 17009]
[17010 17056]
[17057 17111]
[17112 17205]
[17206 17247]
[17248 17280]
[17281 17315]
[17316 17340]
[17341 17371]
[17372 17397]
[17398 17434]
[17435 17541]
[17542 17594]
[17595 17648]
[17649 17682]
[17683 17723]
[17724 17833]
[17834 17893]
[17894 17927]
[17928 17958]
[17959 17985]
[17986 18013]
[18014 18046]
[18047 18075]
[18076 18120]
[18121 18159]
[18160 18190]
[18191 18268]
[18269 18601]
[18602 18659]
[18660 18776]
[18777 18934]
[18935 19066]
[19067 19218]
[19219 19419]
[19420 19494]
[19495 19564]
[19565 19818]
[19819 19897]
[19898 19957]
[19958 20047]
[20048 20160]
[20161 20258]
[20259 20294]
[20295 20457]
[20458 20568]
[20569 20661]
[20662 20879]
[20880 21024]
[21025 21149]
[21150 21373]
[21374 21497]
[21498 21558]
[21559 21668]
[21669 22019]
[22020 22415]
[22416 22576]
[22577 22634]
[22635 22697]
[22698 22750]
[22751 22818]
[22819 22943]
[22944 23227]
[23228 23355]
[23356 23432]
[23433 23790]
[23791 23821]
[23822 24082]
[24083 24367]
[24368 24419]
[24420 24448]
[24449 24486]
[24487 24529]
[24530 24552]
[24553 24592]
[24593 24625]
[24626 24663]
[24664 24681]
[24682 24719]
[24720 24748]
[24749 24800]
[24801 24878]
[24879 24900]
[24901 24912]
[24913 24952]
[24953 25021]
[25022 25063]
[25064 25130]
[25131 25189]
[25190 25270]
[25271 25311]
[25312 25321]
[25322 25456]
[25457 25489]
[25490 25530]
[25531 25640]
[25641 25805]
[25806 25999]
[26000 26212]
[26213 26330]
[26331 26407]
[26408 26511]
[26512 26579]
[26580 26636]
[26637 26704]
[26705 26894]
[26895 26934]
[26935 27089]
[27091 27182]
[27183 27238]
[27239 27306]
[27307 27375]
[27376 27462]
[27463 27717]
[27718 27841]
[27842 27964]
[27965 28175]
[28176 28261]
[28262 28314]
[28315 28430]
[28431 28500]
[28501 28573]
[28574 28770]
[28771 28847]
[28848 29190]
[29191 29299]
