[ 0 30]
[32 51]
[52 71]
[ 73 116]
[118 233]
[234 514]
[515 573]
[574 595]
[596 636]
[637 666]
[667 701]
[702 732]
[733 780]
[781 807]
[808 822]
[823 898]
[ 899 1027]
[1028 1512]
[1513 1613]
[1614 1676]
[1677 1741]
[1742 1793]
[1794 1847]
[1848 1918]
[1919 2014]
[2015 2082]
[2083 2155]
[2156 2239]
[2240 2380]
[2381 2452]
[2453 2523]
[2524 2568]
[2569 2623]
[2624 2927]
[2928 3060]
[3061 3154]
[3155 3253]
[3254 3549]
[3550 3579]
[3580 3707]
[3708 3736]
[3737 3795]
[3796 3823]
[3824 3867]
[3868 3907]
[3908 3963]
[3964 3992]
[3993 4042]
[4043 4131]
[4132 4190]
[4191 4246]
[4247 4303]
[4304 4366]
[4367 4423]
[4424 4475]
[4476 4518]
[4519 4550]
[4551 4601]
[4602 4688]
[4689 4741]
[4742 4789]
[4790 4870]
[4871 4938]
[4939 5007]
[5008 5075]
[5076 5121]
[5122 5558]
[5559 5624]
[5625 5664]
[5665 5702]
[5703 5754]
[5755 5882]
[5883 5935]
[5936 6059]
[6060 6110]
[6111 6170]
[6171 6225]
[6226 6347]
[6348 6475]
[6476 6523]
[6524 6582]
[6583 6627]
[6628 6693]
[6694 6782]
[6783 6856]
[6857 6903]
[6904 6953]
[6954 6999]
[7000 7045]
[7046 7078]
[7079 7458]
[7459 7647]
[7648 7709]
[7710 7762]
[7763 7811]
[7812 7863]
[7864 7912]
[7913 7960]
[7961 8003]
[8004 8040]
[8041 8095]
[8096 8142]
[8143 8182]
[8183 8212]
[8213 8255]
[8256 8306]
[8307 8343]
[8344 8372]
[8373 8440]
[8441 8477]
[8478 8505]
[8506 8529]
[8530 8596]
[8597 8643]
[8644 8681]
[8682 8736]
[8737 8829]
[8830 8900]
[8901 8946]
[8947 9001]
[9002 9057]
[9058 9132]
[9133 9182]
[9183 9484]
[9485 9837]
[ 9838 10104]
[10105 10438]
[10439 10752]
[10753 10833]
[10834 10906]
[10907 11199]
[11200 11269]
[11270 11337]
[11338 11379]
[11380 11446]
[11447 11501]
[11502 11620]
[11621 11698]
[11699 11746]
[11747 11776]
[11777 11880]
[11881 11963]
[11964 12119]
[12120 12186]
[12187 12282]
[12283 12391]
[12392 12482]
[12483 12814]
[12815 12883]
[12884 12960]
[12961 13009]
[13010 13176]
[13177 13265]
[13266 13327]
[13328 13488]
[13489 13554]
[13555 13624]
[13625 13686]
[13687 13741]
[13742 13772]
[13773 13851]
[13852 13895]
[13896 13943]
[13944 13995]
[13996 14398]
[14399 14474]
[14475 14560]
[14561 14642]
[14643 14743]
[14744 14840]
[14841 15107]
[15108 15181]
[15182 15266]
[15267 15356]
[15357 15474]
[15475 15606]
[15607 15674]
[15675 15742]
[15743 15799]
[15800 15863]
[15864 15914]
[15915 16011]
[16012 16057]
[16058 16107]
[16108 16133]
[16134 16185]
[16186 16216]
[16217 16253]
[16254 16289]
[16290 16402]
[16403 16424]
[16425 16453]
[16454 16560]
[16561 16615]
[16616 16641]
[16642 16658]
[16659 16720]
[16721 16775]
[16776 16869]
[16870 16983]
[16984 17184]
[17185 17229]
[17230 17282]
[17283 17304]
[17305 17373]
[17374 17504]
[17505 17524]
[17525 17583]
[17584 17616]
[17617 17654]
[17655 18010]
[18011 18061]
[18062 18109]
[18110 18155]
[18156 18208]
[18209 18295]
[18296 18348]
[18349 18383]
[18384 18430]
[18431 18574]
[18575 18627]
[18628 18690]
[18691 18743]
[18744 18795]
[18796 18877]
[18878 18897]
[18898 18971]
[18972 19038]
[19039 19111]
[19112 19194]
[19195 19245]
[19246 19287]
[19288 19584]
[19585 19660]
[19661 19753]
[19754 19855]
[19856 19920]
[19921 19996]
[19997 20089]
[20090 20177]
[20178 20224]
[20225 20265]
[20266 20314]
[20315 20629]
[20630 20748]
[20749 20823]
[20824 20970]
[20971 21012]
[21013 21094]
[21095 21131]
[21132 21166]
[21167 21222]
[21223 21287]
[21288 21362]
[21363 21429]
[21430 21497]
[21498 21518]
[21519 21569]
[21570 21593]
[21594 21650]
[21651 21710]
[21711 21760]
[21761 21793]
[21794 22009]
[22010 22072]
[22073 22186]
[22187 22228]
[22229 22265]
[22266 22336]
[22337 22391]
[22392 22454]
[22455 22713]
[22714 23453]
[23454 23793]
[23794 23991]
[23992 24050]
[24051 24081]
[24082 24116]
[24117 24178]
[24179 24221]
[24222 24263]
[24264 24314]
[24315 24348]
[24349 24408]
[24409 24461]
[24462 24519]
[24520 24545]
[24546 24584]
[24585 24653]
[24654 24658]
[24659 24833]
[24834 24943]
[24944 25015]
[25017 25100]
[25101 25149]
[25150 25191]
[25192 25287]
[25288 25359]
[25360 25428]
[25429 25526]
[25527 25599]
[25600 25656]
[25657 25716]
[25717 25774]
[25775 25852]
[25853 25912]
[25913 25994]
[25995 26328]
[26329 26386]
[26387 26478]
[26479 26561]
[26562 26678]
[26679 26738]
[26739 26828]
[26829 26916]
[26917 26953]
[26954 26990]
[26991 27040]
[27041 27109]
[27110 27424]
[27425 27677]
[27678 27876]
[27877 28126]
[28127 28300]
[28301 28635]
[28636 28749]
