[ 0 22]
[24 43]
[44 63]
[ 65 108]
[110 188]
[189 515]
[516 573]
[574 614]
[615 668]
[669 685]
[686 721]
[722 759]
[760 794]
[795 851]
[ 852 1500]
[1501 1578]
[1579 1772]
[1773 1788]
[1789 1829]
[1830 1888]
[1889 1951]
[1952 2014]
[2015 2079]
[2080 2133]
[2134 2187]
[2188 2241]
[2242 2291]
[2292 2355]
[2356 2421]
[2422 2474]
[2475 2519]
[2520 2580]
[2581 2626]
[2627 2644]
[2645 2695]
[2696 2757]
[2758 2802]
[2803 2866]
[2867 2923]
[2924 2971]
[2972 3028]
[3029 3070]
[3071 3163]
[3164 3624]
[3625 3638]
[3639 3708]
[3709 3763]
[3764 3821]
[3822 3879]
[3880 3915]
[3916 3972]
[3973 4020]
[4021 4062]
[4063 4088]
[4089 4146]
[4147 4150]
[4151 4185]
[4186 4229]
[4230 4332]
[4333 4338]
[4339 5026]
[5028 5064]
[5065 5119]
[5120 5159]
[5160 5218]
[5219 5267]
[5268 5351]
[5352 5566]
[5567 5619]
[5620 5683]
[5684 5747]
[5748 5774]
[5775 6046]
[6047 6082]
[6083 6121]
[6122 6161]
[6162 6222]
[6223 6244]
[6245 6322]
[6323 6399]
[6400 6425]
[6426 6497]
[6498 6541]
[6542 7306]
[7308 7327]
[7328 7380]
[7381 7384]
[7385 7498]
[7499 7534]
[7535 7799]
[7800 7875]
[7876 8012]
[8013 8067]
[8068 8101]
[8102 8660]
[8662 8692]
[8693 8723]
[8724 8756]
[8757 8804]
[8805 8830]
[8831 8870]
[8871 8907]
[8908 8921]
[8922 8955]
[8956 9010]
[9011 9044]
[9045 9072]
[9073 9113]
[9114 9144]
[9145 9161]
[9162 9188]
[9189 9240]
[9241 9331]
[9332 9377]
[9378 9438]
[9439 9460]
[9461 9478]
[9479 9527]
[9528 9569]
[9570 9629]
[9630 9698]
[9699 9711]
[9712 9805]
[9806 9898]
[9899 9922]
[9923 9990]
[ 9991 10013]
[10014 10077]
[10078 10127]
[10128 10178]
[10179 10286]
[10287 10362]
[10363 10402]
[10403 10436]
[10437 10468]
[10469 10546]
[10547 10599]
[10600 10626]
[10627 10732]
[10733 11477]
[11478 11505]
[11506 11535]
[11536 11616]
[11617 11653]
[11654 11711]
[11712 11731]
[11732 11807]
[11808 11838]
[11839 11941]
[11942 12001]
[12002 12081]
[12082 12184]
[12185 12297]
[12298 12409]
[12410 12457]
[12458 12503]
[12504 12804]
[12805 12870]
[12871 12905]
[12906 12962]
[12963 13007]
[13008 13065]
[13066 13111]
[13112 13158]
[13159 13203]
[13204 13247]
[13248 13293]
[13294 13331]
[13332 13372]
[13373 13418]
[13419 13461]
[13462 13499]
[13500 13684]
[13685 13813]
[13814 13897]
[13898 13940]
[13941 13991]
[13992 14035]
[14036 14090]
[14091 14131]
[14132 14176]
[14177 14221]
[14222 14300]
[14301 14368]
[14369 14395]
[14396 14436]
[14437 14473]
[14474 14859]
[14860 14868]
[14869 14944]
[14945 15016]
[15017 15064]
[15065 15126]
[15127 15176]
[15177 15239]
[15240 15312]
[15313 15355]
[15356 15443]
[15444 15490]
[15491 15553]
[15554 15608]
[15609 15693]
[15694 15741]
[15742 15796]
[15797 15845]
[15846 15948]
[15949 16014]
[16015 16062]
[16063 16130]
[16131 16226]
[16227 16287]
[16288 16393]
[16394 16871]
[16872 17003]
[17004 17112]
[17113 17407]
[17408 17447]
[17448 17539]
[17540 17639]
[17640 17708]
[17709 17775]
[17776 17842]
[17843 17908]
[17909 17970]
[17971 18027]
[18028 18059]
[18060 18120]
[18121 18182]
[18183 18267]
[18268 18342]
[18343 18400]
[18401 18468]
[18469 18896]
[18897 18911]
[18912 19223]
[19224 19279]
[19280 19386]
[19387 19468]
[19469 19527]
[19528 19598]
[19599 19742]
[19743 19826]
[19827 19905]
[19906 19929]
[19930 20062]
[20063 20205]
[20206 20313]
[20314 20401]
[20402 20465]
[20466 20510]
[20511 20538]
[20539 20576]
[20577 20590]
[20591 20978]
[20979 21193]
[21194 21268]
[21269 21348]
[21349 21426]
[21427 21451]
[21452 21531]
[21532 21578]
[21579 21674]
[21675 21704]
[21705 21805]
[21806 21889]
[21890 21976]
[21977 22052]
[22053 22122]
[22123 22247]
[22248 22323]
[22324 22378]
[22379 22425]
[22426 22685]
[22687 22763]
[22764 23034]
[23035 23135]
[23136 23193]
[23194 23275]
[23276 23475]
[23476 23594]
[23595 23696]
[23697 23764]
[23765 23799]
[23800 23892]
[23893 24003]
[24004 24056]
[24057 24115]
[24116 24214]
[24215 24329]
[24330 24701]
[24702 24749]
[24750 24795]
[24796 24874]
[24875 24996]
[24997 25028]
[25029 25093]
[25094 25159]
[25160 25212]
[25213 25270]
[25271 25324]
[25325 25373]
[25374 25424]
[25425 25508]
[25509 25554]
[25555 25665]
[25666 25722]
[25723 25797]
[25798 25880]
[25881 25913]
[25914 25963]
[25964 25989]
[25990 26404]
[26405 26499]
