[ 0 13]
[15 34]
[35 54]
[56 76]
[77 99]
[101 181]
[182 566]
[567 602]
[603 632]
[633 660]
[661 693]
[694 719]
[720 749]
[750 783]
[784 817]
[818 854]
[855 885]
[886 912]
[913 942]
[943 971]
[ 972 1004]
[1005 1048]
[1049 1149]
[1150 1687]
[1689 1740]
[1741 1809]
[1810 1896]
[1897 1996]
[1997 2045]
[2046 2128]
[2129 2225]
[2226 2287]
[2288 2363]
[2364 2415]
[2416 2463]
[2464 2502]
[2503 2558]
[2559 2649]
[2650 2701]
[2702 2763]
[2764 2851]
[2852 3398]
[3400 3429]
[3430 3517]
[3518 3652]
[3653 3739]
[3740 3774]
[3775 3813]
[3814 3844]
[3845 3894]
[3895 3948]
[3949 4356]
[4357 4436]
[4437 4515]
[4516 4605]
[4606 4680]
[4681 4820]
[4821 4959]
[4960 5084]
[5085 5250]
[5251 5639]
[5641 5694]
[5695 5738]
[5739 5778]
[5779 5817]
[5818 5840]
[5841 5937]
[5938 6086]
[6087 6136]
[6137 6196]
[6197 6243]
[6244 6369]
[6370 6412]
[6413 6521]
[6522 6675]
[6676 6859]
[6860 6936]
[6937 6998]
[6999 7023]
[7024 7073]
[7074 7150]
[7151 7510]
[7511 7575]
[7576 7749]
[7750 7793]
[7794 7879]
[7880 7929]
[7930 8053]
[8054 8079]
[8080 8099]
[8100 8181]
[8182 8204]
[8205 8256]
[8257 8312]
[8313 8608]
[8609 8913]
[8914 9010]
[9012 9230]
[9231 9339]
[9340 9479]
[9480 9825]
[ 9827 10252]
[10253 10340]
[10341 10424]
[10425 10471]
[10472 10546]
[10547 10614]
[10615 10995]
[10996 11059]
[11060 11134]
[11135 11408]
[11409 11485]
[11486 11568]
[11569 11634]
[11635 11689]
[11690 11766]
[11767 11817]
[11818 11893]
[11894 11968]
[11969 12036]
[12037 12087]
[12088 12160]
[12161 12216]
[12217 12270]
[12271 12329]
[12330 12382]
[12383 12445]
[12446 12509]
[12510 12553]
[12554 12597]
[12598 12642]
[12643 12983]
[12984 12991]
[12992 13043]
[13044 13106]
[13107 13167]
[13168 13228]
[13229 13324]
[13325 13377]
[13378 13437]
[13438 13462]
[13463 13514]
[13515 13545]
[13546 13602]
[13603 13662]
[13663 13766]
[13767 13833]
[13834 13902]
[13903 13978]
[13979 14018]
[14019 14128]
[14129 14197]
[14198 14420]
[14421 14474]
[14475 14511]
[14512 14573]
[14574 14630]
[14631 14808]
[14809 14940]
[14941 15078]
[15079 15146]
[15147 15366]
[15367 15484]
[15485 15840]
[15842 15919]
[15920 15955]
[15956 16007]
[16008 16081]
[16082 16101]
[16102 16155]
[16156 16237]
[16238 16275]
[16276 16307]
[16308 16344]
[16345 16397]
[16398 16484]
[16485 16535]
[16536 16598]
[16599 16659]
[16660 16732]
[16733 16761]
[16762 16781]
[16782 16810]
[16811 16820]
[16821 16856]
[16857 17130]
[17131 17207]
[17208 17267]
[17268 17312]
[17313 17338]
[17339 17398]
[17399 17459]
[17460 17517]
[17518 17557]
[17558 17624]
[17625 17674]
[17675 17726]
[17727 17780]
[17781 17838]
[17839 17898]
[17899 17943]
[17944 17980]
[17981 18087]
[18088 18125]
[18126 18183]
[18184 18529]
[18530 18646]
[18647 18713]
[18714 18789]
[18790 18902]
[18903 19004]
[19005 19113]
[19114 19205]
[19206 19432]
[19433 19877]
[19878 19984]
[19985 20090]
[20091 20181]
[20182 20297]
[20298 20365]
[20366 20454]
[20455 20533]
[20534 20622]
[20623 20691]
[20692 20742]
[20743 20780]
[20781 20879]
[20880 20941]
[20942 21031]
[21032 21118]
[21119 21183]
[21184 21513]
[21514 21599]
