[ 0 25]
[27 46]
[47 66]
[ 68 111]
[113 188]
[189 446]
[447 503]
[504 564]
[565 585]
[586 611]
[612 630]
[631 663]
[664 699]
[700 728]
[729 754]
[755 795]
[796 827]
[828 863]
[864 879]
[880 942]
[943 977]
[ 978 1084]
[1086 1520]
[1521 1557]
[1558 1589]
[1590 1610]
[1611 1636]
[1637 1677]
[1678 1703]
[1704 1739]
[1740 1782]
[1783 1823]
[1824 1848]
[1849 1888]
[1889 1925]
[1926 1958]
[1959 1989]
[1990 2107]
[2108 2151]
[2152 2199]
[2200 2320]
[2321 2479]
[2480 2523]
[2524 2579]
[2580 2647]
[2648 2709]
[2710 2743]
[2744 2792]
[2793 2832]
[2833 2888]
[2889 2937]
[2938 3030]
[3031 3490]
[3491 3536]
[3537 3572]
[3573 3601]
[3602 3666]
[3667 3994]
[3995 4131]
[4132 4166]
[4167 4200]
[4201 4267]
[4268 4302]
[4303 4534]
[4535 4598]
[4599 4705]
[4706 4784]
[4785 5089]
[5090 5172]
[5173 5252]
[5253 5369]
[5370 5507]
[5508 5580]
[5581 5704]
[5705 5756]
[5757 5816]
[5817 5858]
[5859 5925]
[5926 6050]
[6051 6377]
[6378 6474]
[6475 6527]
[6528 6628]
[6629 6839]
[6840 7006]
[7007 7161]
[7162 7857]
[7858 7948]
[7949 8022]
[8023 8105]
[8106 8180]
[8181 8260]
[8261 8395]
[8396 8434]
[8435 8493]
[8494 8559]
[8560 8576]
[8577 8645]
[8646 8690]
[8691 8717]
[8718 8843]
[8844 9169]
[9170 9365]
[9366 9604]
[9606 9791]
[ 9792 10022]
[10023 10213]
[10214 10407]
[10408 10701]
[10702 10768]
[10769 10848]
[10849 10926]
[10927 10999]
[11000 11083]
[11084 11153]
[11154 11228]
[11229 11306]
[11307 11387]
[11388 11464]
[11465 11545]
[11546 11610]
[11611 11875]
[11876 11996]
[11997 12109]
[12110 12217]
[12218 12304]
[12305 12402]
[12403 12546]
[12547 12623]
[12624 12938]
[12939 13061]
[13062 13105]
[13106 13126]
[13127 13184]
[13185 13239]
[13240 13320]
[13321 13360]
[13361 13431]
[13432 13487]
[13488 13564]
[13565 13642]
[13643 13857]
[13858 14155]
[14156 14280]
[14281 14357]
[14358 14427]
[14428 14522]
[14523 14695]
[14696 14741]
[14742 14790]
[14791 14810]
[14811 14832]
[14833 14891]
[14892 14942]
[14943 14985]
[14986 15045]
[15046 15088]
[15089 15148]
[15149 15197]
[15198 15350]
[15351 15394]
[15395 15469]
[15470 15823]
[15825 15896]
[15897 15979]
[15980 16115]
[16116 16273]
[16274 16452]
[16454 16606]
[16607 16786]
[16787 16830]
[16831 16877]
[16878 16897]
[16898 16933]
[16934 16967]
[16968 16987]
[16988 17017]
[17018 17092]
[17093 17233]
[17234 17592]
[17594 17674]
[17675 17746]
[17747 17840]
[17841 18018]
[18019 18103]
[18104 18175]
[18176 18289]
[18290 18447]
[18448 18492]
[18493 18548]
[18549 18577]
[18578 18643]
[18644 18688]
[18689 19128]
[19129 19248]
[19249 19314]
[19315 19387]
[19388 19470]
[19471 19517]
[19518 19565]
[19566 19668]
[19669 19713]
[19714 19761]
[19762 19807]
[19808 19856]
[19857 19904]
[19905 19943]
[19944 19990]
[19991 20040]
[20041 20126]
[20127 20199]
[20200 20260]
[20261 20354]
[20355 20422]
[20423 20473]
[20474 20555]
[20556 20561]
[20562 20580]
[20581 20908]
[20909 20979]
[20980 21054]
[21055 21084]
[21085 21233]
[21234 21269]
[21270 21458]
[21459 21532]
[21533 21643]
[21644 21723]
[21724 21953]
[21954 22032]
[22033 22190]
[22191 22246]
[22247 22316]
[22317 22774]
[22776 22968]
[22969 23083]
[23084 23142]
[23143 23280]
[23281 23386]
[23387 23518]
[23519 23572]
[23573 23613]
[23614 23668]
[23669 23976]
[23977 24052]
[24053 24135]
[24136 24206]
[24207 24266]
[24267 24299]
[24300 24378]
[24379 24484]
[24486 24832]
[24833 24949]
