[ 0 24]
[26 45]
[46 65]
[ 67 110]
[112 193]
[194 549]
[550 613]
[614 672]
[673 696]
[697 740]
[741 790]
[791 820]
[821 845]
[846 864]
[865 904]
[905 935]
[936 964]
[965 987]
[ 988 1050]
[1051 1621]
[1622 1665]
[1666 1906]
[1907 1954]
[1955 1999]
[2000 2024]
[2025 2051]
[2052 2095]
[2096 2140]
[2141 2166]
[2167 2210]
[2211 2297]
[2298 2404]
[2405 2475]
[2476 2528]
[2529 2606]
[2607 2712]
[2713 2760]
[2761 2817]
[2818 2853]
[2854 2888]
[2889 2966]
[2967 3073]
[3074 3107]
[3108 3202]
[3203 3250]
[3251 3370]
[3371 3405]
[3406 3437]
[3438 3786]
[3787 3879]
[3880 3960]
[3961 4042]
[4043 4121]
[4122 4188]
[4189 4271]
[4272 4342]
[4343 4402]
[4403 4454]
[4455 4513]
[4514 4581]
[4582 5029]
[5030 5073]
[5074 5136]
[5137 5184]
[5185 5245]
[5246 5307]
[5308 5434]
[5435 5529]
[5530 5577]
[5578 5625]
[5626 5655]
[5656 5710]
[5711 5751]
[5752 5788]
[5789 5832]
[5833 5920]
[5921 6128]
[6129 6178]
[6179 6219]
[6220 6277]
[6278 6314]
[6315 6383]
[6384 6430]
[6431 6481]
[6482 6514]
[6515 6598]
[6599 6982]
[6983 7050]
[7051 7098]
[7099 7130]
[7131 7159]
[7160 7199]
[7200 7234]
[7235 7271]
[7272 7322]
[7323 7358]
[7359 7390]
[7391 7533]
[7534 7627]
[7628 7671]
[7672 7712]
[7713 7752]
[7753 7789]
[7790 7829]
[7830 7868]
[7869 7913]
[7914 8004]
[8005 8039]
[8040 8081]
[8082 8115]
[8116 8340]
[8341 8373]
[8374 8423]
[8424 8448]
[8449 8527]
[8528 8548]
[8549 8588]
[8589 8601]
[8602 8641]
[8642 8868]
[8869 9060]
[9061 9141]
[9142 9229]
[9230 9327]
[9328 9378]
[9379 9426]
[9427 9491]
[9492 9573]
[9574 9647]
[9648 9713]
[9714 9774]
[9775 9839]
[9840 9895]
[9896 9966]
[ 9967 10030]
[10031 10149]
[10150 10244]
[10245 10309]
[10310 10614]
[10615 10873]
[10874 10962]
[10963 11017]
[11018 11066]
[11067 11122]
[11123 11144]
[11145 11193]
[11194 11237]
[11238 11290]
[11291 11334]
[11335 11396]
[11397 11488]
[11489 11579]
[11580 11702]
[11703 12034]
[12035 12764]
[12765 12802]
[12803 12881]
[12882 12938]
[12939 13003]
[13004 13046]
[13047 13321]
[13322 13413]
[13414 13478]
[13479 13544]
[13545 13631]
[13632 13719]
[13720 13816]
[13817 13903]
[13904 13961]
[13962 14025]
[14026 14083]
[14084 14145]
[14146 14214]
[14215 14273]
[14274 14350]
[14351 14410]
[14411 14460]
[14461 14506]
[14507 14540]
[14541 14568]
[14569 14596]
[14597 14641]
[14642 14675]
[14676 14736]
[14737 14765]
[14766 14897]
[14898 15187]
[15188 15310]
[15311 15519]
[15520 15719]
[15720 15805]
[15806 16026]
[16027 16233]
[16234 16380]
[16381 16724]
[16725 16951]
[16952 17039]
[17040 17110]
[17111 17209]
[17210 17317]
[17318 17426]
[17427 17579]
[17580 17659]
[17660 17731]
[17732 17813]
[17814 17883]
[17884 18219]
[18220 18272]
[18273 18398]
[18399 18478]
[18479 18588]
[18589 18628]
[18629 18707]
[18708 18741]
[18742 18791]
[18792 18828]
[18829 18884]
[18885 18914]
[18915 18998]
[18999 19072]
[19073 19120]
[19121 19198]
[19199 19260]
[19261 19310]
[19311 19391]
[19392 19447]
[19448 19517]
[19518 19831]
[19832 19931]
[19932 19996]
[19997 20051]
[20052 20113]
[20114 20139]
[20140 20182]
[20183 20285]
[20286 20385]
[20386 20419]
[20420 20449]
[20450 20494]
[20495 20559]
[20560 20672]
[20673 20713]
[20714 20734]
[20735 20813]
[20814 20951]
[20952 21012]
[21013 21200]
[21201 21381]
[21382 21435]
[21436 21537]
[21538 21660]
[21661 21683]
[21684 21737]
[21738 21803]
[21804 21864]
[21865 21903]
[21904 21910]
[21911 21990]
[21991 22092]
[22093 22119]
[22120 22245]
[22246 22323]
[22324 22371]
[22372 22715]
[22716 22792]
[22793 22864]
[22865 22927]
[22928 22996]
[22997 23079]
[23080 23174]
[23175 23204]
[23205 23252]
[23253 23287]
[23288 23324]
[23325 23360]
[23361 23469]
[23470 23540]
[23541 23641]
[23642 23751]
[23752 23827]
[23828 23852]
[23853 23900]
[23901 23942]
[23943 24024]
[24025 24069]
[24070 24337]
[24339 24539]
[24540 24661]
[24662 24733]
[24734 24841]
[24842 24903]
[24904 25010]
[25011 25374]
[25375 25499]
