[ 0 25]
[27 46]
[47 66]
[ 68 112]
[113 199]
[200 481]
[482 542]
[543 575]
[576 601]
[602 625]
[626 670]
[671 719]
[720 749]
[750 774]
[775 793]
[794 844]
[845 918]
[919 945]
[946 979]
[ 980 1017]
[1018 1124]
[1125 1663]
[1664 1743]
[1744 1806]
[1807 1866]
[1867 1928]
[1929 1991]
[1992 2025]
[2026 2164]
[2165 2206]
[2207 2266]
[2267 2312]
[2313 2341]
[2342 2489]
[2490 2529]
[2530 2609]
[2610 2650]
[2651 3033]
[3034 3274]
[3275 3599]
[3600 3795]
[3796 3860]
[3861 3934]
[3935 4000]
[4001 4090]
[4091 4200]
[4201 4304]
[4305 4328]
[4329 4390]
[4391 4758]
[4759 4836]
[4837 4854]
[4855 4963]
[4964 5118]
[5119 5196]
[5197 5204]
[5205 5214]
[5215 5336]
[5337 5379]
[5380 5492]
[5493 5510]
[5511 5948]
[5949 6457]
[6458 6824]
[6825 6921]
[6922 7048]
[7049 7224]
[7225 7446]
[7447 7532]
[7533 7735]
[7736 7943]
[7944 8017]
[8018 8103]
[8104 9274]
[9275 9614]
[9616 9674]
[9675 9741]
[9742 9800]
[9801 9890]
[9891 9983]
[ 9984 10039]
[10040 10109]
[10110 10276]
[10277 10320]
[10321 10378]
[10379 10435]
[10436 10492]
[10493 10533]
[10534 10578]
[10579 10881]
[10883 10967]
[10968 11020]
[11021 11072]
[11073 11114]
[11115 11162]
[11163 11215]
[11216 11266]
[11267 11333]
[11334 11401]
[11402 11460]
[11461 11522]
[11523 11571]
[11572 11682]
[11683 11762]
[11763 11824]
[11825 11881]
[11882 11937]
[11938 11982]
[11983 12049]
[12050 12131]
[12132 12249]
[12250 12288]
[12289 12345]
[12346 12403]
[12404 12464]
[12465 12727]
[12728 12817]
[12818 12896]
[12897 12958]
[12959 13072]
[13073 13136]
[13137 13186]
[13187 13237]
[13238 13279]
[13280 13345]
[13346 13388]
[13389 13427]
[13428 13463]
[13464 13507]
[13508 13549]
[13550 13603]
[13604 13857]
[13859 14412]
[14413 14488]
[14489 14556]
[14557 14602]
[14603 14642]
[14643 14688]
[14689 14900]
[14901 14932]
[14933 14964]
[14965 14980]
[14981 15008]
[15009 15036]
[15037 15056]
[15057 15081]
[15082 15115]
[15116 15180]
[15181 15206]
[15207 15351]
[15352 15736]
[15737 15783]
[15784 15854]
[15855 15897]
[15898 15933]
[15934 15988]
[15989 16052]
[16053 16115]
[16116 16194]
[16195 16250]
[16251 16316]
[16317 16358]
[16359 16408]
[16409 16490]
[16491 16564]
[16565 16630]
[16631 16684]
[16685 16722]
[16723 16794]
[16795 16852]
[16853 16885]
[16886 17318]
[17320 17349]
[17350 17371]
[17372 17390]
[17391 17426]
[17427 17449]
[17450 17478]
[17479 17547]
[17548 17618]
[17619 17648]
[17649 17666]
[17667 17706]
[17707 17792]
[17793 17892]
[17893 17989]
[17990 18028]
[18029 18065]
[18066 18114]
[18115 18168]
[18169 18241]
[18242 18262]
[18263 18305]
[18306 18366]
[18367 18383]
[18384 18420]
[18421 18453]
[18454 18503]
[18504 18553]
[18554 18580]
[18581 18619]
[18620 18689]
[18690 18776]
[18777 19118]
[19120 19244]
[19245 19337]
[19338 19447]
[19448 19511]
[19512 19558]
[19559 19680]
[19681 19745]
[19747 19808]
[19809 19867]
[19868 19926]
[19927 19989]
[19990 20095]
[20096 20188]
[20189 20257]
[20258 20319]
[20320 20414]
[20415 20805]
[20807 20846]
[20847 20898]
[20899 21003]
[21004 21082]
[21083 21216]
[21217 21280]
[21281 21456]
[21457 21524]
[21525 21585]
[21586 21699]
[21700 21777]
[21778 22141]
[22142 22187]
[22188 22256]
[22257 22308]
[22309 22378]
[22379 22436]
[22437 22588]
[22589 22623]
[22624 22691]
[22692 22794]
[22795 22821]
[22822 22879]
[22880 22935]
[22936 22968]
[22969 23043]
[23044 23137]
[23138 23408]
[23409 23526]
[23527 23731]
[23732 23879]
[23880 23987]
[23988 24121]
[24122 24237]
[24238 24364]
[24365 24449]
[24450 24849]
