[ 0 19]
[21 40]
[41 60]
[ 62 106]
[107 181]
[183 471]
[472 524]
[525 562]
[563 603]
[604 652]
[653 684]
[685 747]
[748 775]
[776 823]
[824 868]
[869 899]
[900 953]
[ 954 1252]
[1253 1292]
[1293 1334]
[1335 1360]
[1361 1439]
[1440 1467]
[1468 1516]
[1517 1580]
[1581 1676]
[1677 1717]
[1718 1758]
[1759 1799]
[1800 1857]
[1858 1890]
[1891 1956]
[1957 2032]
[2033 2079]
[2080 2150]
[2151 2209]
[2210 2249]
[2250 2282]
[2283 2345]
[2346 2404]
[2405 2774]
[2775 2812]
[2813 2853]
[2854 2916]
[2917 2970]
[2971 3038]
[3039 3106]
[3107 3186]
[3187 3258]
[3259 3332]
[3333 3369]
[3370 3429]
[3430 3496]
[3497 3593]
[3594 3656]
[3657 3716]
[3717 3771]
[3772 3815]
[3816 3860]
[3861 3911]
[3912 4312]
[4313 4383]
[4384 4459]
[4460 4526]
[4527 4572]
[4573 4633]
[4634 4828]
[4829 4905]
[4906 4957]
[4958 5018]
[5019 5071]
[5072 5115]
[5116 5170]
[5171 5242]
[5243 5287]
[5288 5354]
[5355 5430]
[5431 5459]
[5460 5814]
[5815 5983]
[5984 6143]
[6144 6329]
[6330 6395]
[6396 6460]
[6461 6501]
[6502 6567]
[6568 6607]
[6608 6648]
[6649 6759]
[6760 7412]
[7413 7460]
[7461 7515]
[7516 7559]
[7560 7633]
[7634 7690]
[7691 7720]
[7721 7852]
[7853 7887]
[7888 7940]
[7941 7964]
[7965 8031]
[8032 8054]
[8055 8130]
[8131 8234]
[8235 8285]
[8286 8352]
[8353 8580]
[8581 8635]
[8636 8696]
[8697 8777]
[8778 8841]
[8842 8881]
[8882 9452]
[9453 9541]
[9542 9630]
[9631 9711]
[9712 9780]
[9781 9875]
[ 9876 10318]
[10319 10392]
[10393 10449]
[10450 10529]
[10530 10776]
[10777 10931]
[10932 11110]
[11111 11495]
[11496 11606]
[11607 11953]
[11954 13383]
[13384 14138]
[14139 14307]
[14308 14640]
[14641 14727]
[14728 14791]
[14792 14921]
[14922 14975]
[14976 15052]
[15053 15137]
[15138 15198]
[15199 15353]
[15354 15423]
[15424 15498]
[15499 15903]
[15904 15990]
[15991 16064]
[16065 16154]
[16155 16276]
[16277 16359]
[16360 16385]
[16386 16426]
[16427 16463]
[16464 16497]
[16498 16588]
[16589 16651]
[16652 16685]
[16686 16720]
[16721 16860]
[16861 16916]
[16917 17004]
[17005 17046]
[17047 17124]
[17125 17187]
[17188 17308]
[17309 17679]
[17680 17726]
[17727 17923]
[17924 18048]
[18049 18130]
[18131 18196]
[18197 18300]
[18301 18391]
[18392 18457]
[18458 18508]
[18509 18613]
[18614 18980]
[18982 19036]
[19037 19150]
[19151 19269]
[19270 19477]
[19478 19587]
[19588 19712]
[19713 19802]
[19803 19934]
[19935 20105]
[20106 20180]
[20181 20270]
[20271 20357]
[20358 20447]
[20448 20913]
[20914 20995]
[20996 21100]
[21101 21223]
[21224 21489]
[21490 21775]
[21776 21814]
[21815 22038]
[22039 22206]
[22207 22307]
[22308 22425]
[22426 22873]
[22875 22935]
[22936 22982]
[22983 23059]
[23060 23116]
[23117 23197]
[23198 23344]
[23345 23433]
[23434 23540]
[23541 23617]
[23618 23676]
[23677 23725]
[23726 23777]
[23778 24035]
[24036 24090]
[24091 24127]
[24128 24191]
[24192 24249]
[24250 24309]
[24310 24360]
[24361 24408]
[24409 24565]
[24566 24875]
[24877 24965]
[24966 25016]
[25017 25124]
[25125 25252]
[25253 25304]
[25305 25346]
[25347 25411]
[25412 25445]
[25446 25541]
[25542 25656]
[25657 25756]
[25757 25821]
[25822 25857]
[25858 26020]
[26021 26084]
[26085 26158]
[26159 26258]
[26259 26776]
[26777 27020]
[27021 27468]
[27470 27574]
[27575 27663]
[27664 27847]
[27848 28239]
[28240 28349]
