[ 0 24]
[26 45]
[46 65]
[ 67 111]
[112 194]
[195 489]
[490 548]
[549 611]
[612 641]
[642 675]
[676 734]
[735 775]
[776 798]
[799 839]
[840 865]
[866 889]
[890 923]
[ 924 1004]
[1005 1127]
[1128 1462]
[1463 1771]
[1772 2130]
[2131 2182]
[2183 2260]
[2261 2324]
[2325 2382]
[2383 2527]
[2528 2668]
[2669 2716]
[2717 2788]
[2789 2839]
[2840 3400]
[3401 3460]
[3461 3491]
[3492 3530]
[3531 3569]
[3570 3607]
[3608 3677]
[3678 3694]
[3695 3783]
[3784 3830]
[3831 3879]
[3880 3943]
[3944 3983]
[3984 4062]
[4063 4108]
[4109 4167]
[4168 4220]
[4221 4267]
[4268 4301]
[4302 4354]
[4355 4404]
[4405 4474]
[4475 4536]
[4537 4597]
[4598 4669]
[4670 4704]
[4705 4747]
[4748 4793]
[4794 4836]
[4837 4888]
[4889 4936]
[4937 5399]
[5400 5464]
[5465 5529]
[5530 5548]
[5549 5609]
[5610 5684]
[5685 5756]
[5757 5826]
[5827 5900]
[5901 5946]
[5947 6000]
[6001 6064]
[6065 6131]
[6132 6178]
[6179 6245]
[6246 6321]
[6322 6408]
[6409 6475]
[6476 6540]
[6541 6616]
[6617 6676]
[6677 6708]
[6709 6800]
[6801 6827]
[6828 7230]
[7231 7307]
[7308 7334]
[7335 7397]
[7398 7434]
[7435 7485]
[7486 7543]
[7544 7712]
[7713 7907]
[7908 7941]
[7942 7998]
[7999 8046]
[8047 8099]
[8100 8170]
[8171 8220]
[8221 8241]
[8242 8435]
[8436 8503]
[8504 8542]
[8543 8605]
[8606 8669]
[8670 8711]
[8712 8983]
[8984 9055]
[9056 9110]
[9111 9169]
[9170 9248]
[9249 9299]
[9300 9367]
[9368 9420]
[9421 9489]
[9490 9561]
[9562 9612]
[9613 9674]
[9675 9736]
[9737 9798]
[9799 9846]
[9847 9896]
[9897 9960]
[ 9961 10064]
[10065 10341]
[10342 10480]
[10481 10536]
[10537 10653]
[10654 10815]
[10816 10966]
[10967 11113]
[11114 11156]
[11157 11396]
[11397 11512]
[11513 11591]
[11592 11643]
[11644 11724]
[11725 11772]
[11773 11845]
[11846 11905]
[11906 11968]
[11969 12291]
[12292 12424]
[12425 12709]
[12710 12855]
[12856 12890]
[12891 12935]
[12936 12981]
[12982 13050]
[13051 13129]
[13130 13614]
[13615 13735]
[13736 13774]
[13775 13817]
[13818 13857]
[13858 13888]
[13889 14058]
[14059 14097]
[14098 14137]
[14138 14182]
[14183 14227]
[14228 14256]
[14257 14287]
[14288 14347]
[14348 14398]
[14399 14435]
[14436 14474]
[14475 14526]
[14527 14556]
[14557 14598]
[14599 14636]
[14637 14671]
[14672 14963]
[14964 15090]
[15091 15145]
[15146 15213]
[15214 15361]
[15362 15398]
[15399 15490]
[15491 15573]
[15574 15646]
[15647 15705]
[15706 15761]
[15762 15798]
[15799 15863]
[15864 15913]
[15914 15962]
[15963 16059]
[16060 16444]
[16445 16533]
[16534 16580]
[16581 16616]
[16617 16646]
[16647 16691]
[16692 16861]
[16862 16911]
[16912 16980]
[16981 17029]
[17030 17063]
[17064 17139]
[17140 17186]
[17187 17226]
[17227 17306]
[17307 17407]
[17408 17495]
[17496 17552]
[17553 17609]
[17610 17694]
[17695 18033]
[18034 18248]
[18249 18428]
[18429 18688]
[18689 18899]
[18900 18962]
[18963 19030]
[19031 19105]
[19106 19186]
[19187 19234]
[19235 19644]
[19645 19788]
[19789 19810]
[19811 19905]
[19906 20019]
[20020 20064]
[20065 20234]
[20235 20269]
[20270 20351]
[20352 20814]
[20815 20922]
[20923 21202]
[21203 21261]
[21262 21337]
[21338 21372]
[21373 21415]
[21416 21471]
[21472 21537]
[21538 21656]
[21657 21712]
[21713 21849]
[21850 21936]
[21937 21968]
[21969 22005]
[22006 22044]
[22045 22088]
[22089 22133]
[22134 22190]
[22191 22214]
[22215 22245]
[22246 22359]
[22360 22707]
[22708 22799]
