[ 0 24]
[26 45]
[46 65]
[ 67 110]
[112 202]
[203 478]
[479 533]
[534 569]
[570 599]
[600 627]
[628 660]
[661 686]
[687 716]
[717 750]
[751 783]
[784 814]
[815 849]
[850 878]
[879 973]
[ 974 1485]
[1486 1600]
[1601 1662]
[1663 1863]
[1864 1891]
[1892 1950]
[1951 2233]
[2234 2369]
[2370 2418]
[2419 2462]
[2463 2507]
[2508 2548]
[2549 2599]
[2600 2675]
[2676 2706]
[2707 2746]
[2747 2799]
[2800 2847]
[2848 2888]
[2889 2926]
[2927 3270]
[3271 3329]
[3330 3382]
[3383 3427]
[3428 3502]
[3503 3531]
[3532 3558]
[3559 3580]
[3581 3620]
[3621 3686]
[3687 3736]
[3737 3808]
[3809 3878]
[3879 3942]
[3943 4006]
[4007 4232]
[4233 4344]
[4345 4408]
[4409 4433]
[4434 4473]
[4474 4525]
[4526 4568]
[4569 4619]
[4620 4667]
[4668 4732]
[4733 4787]
[4788 5150]
[5151 5233]
[5234 5322]
[5323 5410]
[5411 5489]
[5490 5561]
[5562 5630]
[5631 5717]
[5718 5773]
[5774 5835]
[5836 5893]
[5894 5951]
[5952 6014]
[6015 6064]
[6065 6101]
[6102 6146]
[6147 6177]
[6178 6573]
[6574 6624]
[6625 6695]
[6696 6748]
[6749 6829]
[6830 6894]
[6895 6960]
[6961 7031]
[7032 7208]
[7209 7261]
[7262 7317]
[7318 7449]
[7450 7683]
[7684 7743]
[7744 7803]
[7804 7864]
[7865 7925]
[7926 8000]
[8001 8306]
[8307 8332]
[8333 8370]
[8371 8402]
[8403 8470]
[8471 8521]
[8522 8569]
[8570 8601]
[8602 8644]
[8645 8698]
[8699 8740]
[8741 8796]
[8797 8846]
[8847 8925]
[8926 8991]
[8992 9027]
[9028 9094]
[9095 9137]
[9138 9188]
[9189 9245]
[9246 9300]
[9301 9347]
[9348 9373]
[9374 9423]
[9424 9457]
[9458 9497]
[9498 9539]
[9541 9577]
[9578 9635]
[9636 9678]
[9679 9705]
[9706 9743]
[9744 9779]
[9780 9833]
[9834 9867]
[9868 9926]
[ 9927 10239]
[10240 10637]
[10638 11089]
[11090 11341]
[11342 11581]
[11582 11723]
[11724 11800]
[11801 11927]
[11928 12042]
[12043 12213]
[12214 12448]
[12449 12515]
[12516 12566]
[12567 12613]
[12614 12654]
[12655 12695]
[12696 12760]
[12761 12798]
[12799 12838]
[12839 12872]
[12873 12948]
[12949 13391]
[13392 13625]
[13626 13767]
[13768 13843]
[13844 14001]
[14002 14097]
[14098 14213]
[14214 14352]
[14353 14537]
[14538 14745]
[14746 15136]
[15137 15211]
[15212 15268]
[15269 15426]
[15427 15497]
[15498 15576]
[15577 15658]
[15659 15753]
[15754 15945]
[15946 15984]
[15985 16027]
[16028 16087]
[16088 16494]
[16495 16543]
[16544 16608]
[16609 16681]
[16682 16739]
[16740 16799]
[16800 16958]
[16959 17120]
[17121 17180]
[17181 17265]
[17266 17356]
[17357 17423]
[17424 17547]
[17548 17606]
[17607 17644]
[17645 17706]
[17707 18138]
[18139 18221]
[18222 18326]
[18327 18415]
[18416 18457]
[18458 18598]
[18599 18630]
[18631 18746]
[18747 18807]
[18808 18860]
[18861 18924]
[18925 19136]
[19137 19244]
[19245 19461]
[19462 19604]
[19605 19797]
[19798 19899]
[19900 19949]
[19950 19999]
[20000 20069]
[20070 20198]
[20199 20298]
[20299 20357]
[20358 20618]
[20619 20674]
[20675 20760]
[20761 20914]
[20915 21063]
[21064 21134]
[21135 21319]
[21320 21412]
[21413 21478]
[21479 21581]
[21582 21617]
[21618 21728]
[21729 21794]
[21795 21841]
[21842 21879]
[21880 21938]
[21939 21982]
[21983 22340]
[22341 22500]
[22501 22623]
[22624 22854]
[22855 22971]
[22972 23040]
[23041 23101]
[23102 23268]
[23269 23321]
[23322 23413]
[23414 23461]
[23462 23520]
[23521 24079]
[24080 24199]
