[ 0 17]
[19 38]
[39 58]
[ 60 103]
[105 196]
[198 621]
[622 680]
[681 715]
[716 735]
[736 761]
[762 783]
[784 807]
[808 842]
[843 866]
[867 893]
[894 930]
[931 966]
[967 997]
[ 998 1028]
[1029 1055]
[1056 1257]
[1258 1879]
[1880 1963]
[1964 1996]
[1997 2033]
[2034 2069]
[2070 2151]
[2152 2177]
[2178 2194]
[2195 2257]
[2258 2294]
[2295 2319]
[2320 2364]
[2365 2399]
[2400 2444]
[2445 2471]
[2472 2644]
[2645 2686]
[2687 2725]
[2726 2770]
[2771 2919]
[2920 2963]
[2964 3016]
[3017 3054]
[3055 3109]
[3110 3144]
[3145 3186]
[3187 3222]
[3223 3262]
[3263 3269]
[3270 3723]
[3724 3812]
[3813 3861]
[3862 3910]
[3911 3957]
[3958 3999]
[4000 4174]
[4175 4204]
[4205 4328]
[4329 4430]
[4431 4458]
[4459 4499]
[4500 4542]
[4543 4576]
[4577 4635]
[4636 4805]
[4806 4844]
[4845 4872]
[4873 4894]
[4895 4940]
[4941 4964]
[4965 4996]
[4997 5031]
[5032 5065]
[5066 5099]
[5100 5406]
[5407 5473]
[5474 5496]
[5497 5550]
[5551 5595]
[5596 5670]
[5671 5699]
[5700 5744]
[5745 5819]
[5820 5851]
[5852 5883]
[5884 5905]
[5906 5984]
[5985 6009]
[6010 6034]
[6035 6053]
[6054 6118]
[6119 6184]
[6185 6226]
[6227 6268]
[6269 6352]
[6353 6466]
[6467 6519]
[6520 6565]
[6566 6642]
[6643 6694]
[6695 6725]
[6726 6765]
[6766 6802]
[6803 6849]
[6850 7207]
[7209 7287]
[7288 7360]
[7361 7424]
[7425 7483]
[7484 7554]
[7555 7615]
[7616 7662]
[7663 7708]
[7709 7761]
[7762 7806]
[7807 7898]
[7899 7958]
[7959 8011]
[8012 8058]
[8059 8108]
[8109 8142]
[8143 8587]
[8588 8644]
[8645 8686]
[8687 8733]
[8734 8779]
[8780 8831]
[8832 8935]
[8936 9028]
[9029 9061]
[9062 9177]
[9178 9285]
[9286 9341]
[9342 9388]
[9389 9450]
[9451 9505]
[9506 9690]
[9691 9723]
[9724 9768]
[9769 9800]
[9801 9844]
[9845 9902]
[9903 9958]
[ 9959 10064]
[10065 10122]
[10123 10153]
[10154 10183]
[10184 10212]
[10213 10244]
[10245 10356]
[10357 10392]
[10393 10422]
[10423 10508]
[10509 10764]
[10765 10899]
[10900 11047]
[11048 11151]
[11152 11276]
[11277 11392]
[11393 11557]
[11558 11929]
[11930 12003]
[12004 12069]
[12070 12142]
[12143 12333]
[12334 12395]
[12396 12466]
[12467 12537]
[12538 12626]
[12627 12718]
[12719 12778]
[12779 12852]
[12853 12904]
[12905 12951]
[12952 13028]
[13029 13107]
[13108 13170]
[13171 13241]
[13242 13293]
[13294 13522]
[13523 13589]
[13590 13633]
[13634 13704]
[13705 13769]
[13770 13823]
[13824 13863]
[13864 13934]
[13935 13974]
[13975 14041]
[14042 14113]
[14114 14172]
[14173 14221]
[14222 14303]
[14304 14382]
[14383 14447]
[14448 14728]
[14729 14991]
[14992 15241]
[15242 15460]
[15461 15574]
[15575 15849]
[15850 15922]
[15923 15991]
[15992 16040]
[16041 16081]
[16082 16109]
[16110 16221]
[16222 16292]
[16293 16351]
[16352 16420]
[16421 16464]
[16465 16502]
[16503 16568]
[16569 16813]
[16814 16922]
[16923 17058]
[17059 17096]
[17097 17225]
[17226 17276]
[17277 17342]
[17343 17435]
[17436 17517]
[17519 17575]
[17576 17621]
[17622 17654]
[17655 17716]
[17717 17756]
[17757 17801]
[17802 17825]
[17826 17865]
[17866 17905]
[17906 17936]
[17937 18012]
[18013 18279]
[18280 18394]
[18395 18474]
[18475 18551]
[18552 18619]
[18620 18793]
[18794 18878]
[18879 19060]
[19061 19134]
[19135 19574]
[19575 19747]
[19748 19830]
[19831 19941]
[19942 20025]
[20027 20097]
[20098 20233]
[20234 20578]
[20579 20762]
[20763 20918]
[20919 21208]
[21210 21293]
[21294 21356]
[21357 21420]
[21421 21475]
[21476 21527]
[21528 21583]
[21584 21622]
[21623 21688]
[21689 21769]
[21770 21830]
[21831 21927]
[21928 21993]
[21994 22051]
[22052 22106]
[22107 22268]
[22269 22373]
[22374 22438]
[22439 22506]
[22507 22566]
[22567 22635]
[22636 22664]
[22665 22957]
[22958 23057]
[23058 23174]
[23175 23275]
[23276 23357]
[23358 23431]
[23432 23593]
[23594 23805]
[23806 23846]
[23847 23895]
[23896 23946]
[23947 24009]
[24010 24056]
[24057 24276]
[24277 24386]
[24387 24451]
[24452 24517]
[24518 24594]
[24595 24618]
[24619 24739]
[24740 24772]
[24773 24870]
[24871 25142]
[25143 25213]
[25214 25267]
[25268 25320]
[25321 25368]
[25369 25737]
[25738 26319]
[26320 26426]
[26427 26498]
[26499 26556]
[26557 26596]
[26597 26631]
[26632 26668]
[26669 26702]
[26703 26732]
[26733 26806]
[26807 26866]
[26867 26946]
[26947 26974]
[26975 27011]
[27012 27055]
[27056 27101]
[27102 27135]
[27136 27425]
[27426 27549]
