[ 0 24]
[26 45]
[46 65]
[ 67 110]
[112 187]
[188 442]
[443 500]
[501 536]
[537 566]
[567 594]
[595 627]
[628 653]
[654 683]
[684 717]
[718 751]
[752 788]
[789 819]
[820 846]
[847 876]
[877 956]
[ 957 1079]
[1080 1662]
[1663 1814]
[1815 1863]
[1864 1910]
[1911 2044]
[2045 2181]
[2182 2371]
[2372 2438]
[2439 2499]
[2500 2563]
[2564 2621]
[2622 2693]
[2694 2766]
[2767 2863]
[2864 2954]
[2955 3004]
[3005 3066]
[3067 3209]
[3210 3977]
[3978 4038]
[4039 4078]
[4079 4138]
[4139 4184]
[4185 4243]
[4244 4341]
[4342 4538]
[4539 4575]
[4576 4640]
[4641 4655]
[4656 4719]
[4720 4794]
[4795 4914]
[4915 4947]
[4948 4982]
[4983 5077]
[5078 5103]
[5104 5166]
[5167 5264]
[5265 5358]
[5359 5416]
[5417 5479]
[5480 5487]
[5488 5839]
[5841 5898]
[5899 5940]
[5941 5991]
[5992 6311]
[6312 6379]
[6380 6438]
[6439 6521]
[6522 6738]
[6739 6814]
[6815 6866]
[6867 6994]
[6995 7056]
[7057 7155]
[7156 7254]
[7255 7812]
[7813 7872]
[7873 7922]
[7923 8004]
[8005 8057]
[8058 8102]
[8103 8155]
[8156 8238]
[8239 8305]
[8306 8380]
[8381 8459]
[8460 8504]
[8505 8560]
[8561 8634]
[8635 8725]
[8726 8775]
[8776 8825]
[8826 9176]
[ 9177 10067]
[10068 10185]
[10186 10521]
[10522 10564]
[10565 10630]
[10631 10683]
[10684 10737]
[10738 10796]
[10797 10857]
[10858 10921]
[10922 10984]
[10985 11026]
[11027 11077]
[11078 11125]
[11126 11170]
[11171 11188]
[11189 11512]
[11513 11712]
[11713 11808]
[11809 11914]
[11915 12061]
[12062 12156]
[12157 12245]
[12246 12329]
[12330 12579]
[12581 12616]
[12617 12699]
[12700 12728]
[12729 12811]
[12812 12842]
[12843 12928]
[12929 13022]
[13023 13051]
[13052 13127]
[13128 13446]
[13448 13529]
[13530 13571]
[13572 13628]
[13629 13693]
[13694 13751]
[13752 13796]
[13797 13891]
[13892 13987]
[13988 14064]
[14065 14127]
[14128 14196]
[14197 14264]
[14265 14334]
[14335 14410]
[14411 14550]
[14551 14601]
[14602 14648]
[14649 14689]
[14690 14730]
[14731 14795]
[14796 14840]
[14841 14896]
[14897 14996]
[14997 15304]
[15305 15419]
[15420 15476]
[15477 15538]
[15539 15651]
[15652 15726]
[15727 15791]
[15792 15875]
[15876 15999]
[16000 16314]
[16315 16380]
[16381 16424]
[16425 16807]
[16808 16905]
[16906 16944]
[16945 17101]
[17102 17136]
[17137 17190]
[17191 17241]
[17242 17299]
[17300 17342]
[17343 17561]
[17562 17610]
[17611 17664]
[17665 17706]
[17707 17751]
[17752 17801]
[17802 17829]
[17830 18232]
[18233 18426]
[18427 18454]
[18455 18497]
[18498 18551]
[18552 18660]
[18661 18749]
[18750 18799]
[18800 18897]
[18898 18961]
[18962 19131]
[19132 19179]
[19180 19224]
[19225 19279]
[19280 19322]
[19323 19384]
[19385 19423]
[19424 19447]
[19448 19495]
[19496 19599]
[19600 19992]
[19993 20071]
[20072 20167]
[20168 20271]
[20272 20334]
[20335 20430]
[20431 20523]
[20524 20644]
[20645 20698]
[20699 20859]
[20860 20918]
[20919 20990]
[20991 21063]
[21064 21160]
[21161 21240]
[21241 21389]
[21390 21548]
[21550 21615]
[21616 21660]
[21661 21710]
[21711 21829]
[21830 21936]
[21937 22049]
[22050 22133]
[22134 22245]
[22246 22351]
[22352 22401]
[22402 22465]
[22466 22517]
[22518 23018]
[23020 23061]
[23062 23129]
[23130 23192]
[23193 23259]
[23260 23302]
[23303 23345]
[23346 23435]
[23436 23540]
[23541 23750]
[23751 23829]
[23830 23868]
[23869 23926]
[23927 23972]
[23973 24022]
[24023 24074]
[24075 24124]
[24125 24162]
[24163 24194]
[24195 24217]
[24218 24694]
[24695 24800]
[24801 24928]
[24929 25011]
[25012 25162]
[25163 25229]
[25230 25367]
[25368 25451]
[25452 25471]
[25472 25635]
[25636 25831]
[25832 25968]
[25969 26060]
[26061 26134]
[26135 26163]
[26164 26274]
[26275 26308]
[26309 26423]
[26424 26487]
[26488 26666]
[26667 26715]
[26716 26754]
[26755 26884]
[26886 27009]
[27010 27071]
[27072 27136]
[27137 27200]
[27201 27365]
[27366 27473]
[27474 27718]
[27719 27922]
[27923 28006]
[28007 28031]
[28033 28096]
[28097 28172]
[28173 28262]
[28263 28302]
[28303 28365]
[28366 28395]
[28396 28487]
[28488 28590]
[28591 28651]
[28652 28710]
[28711 28752]
[28753 28832]
[28833 29192]
[29193 29299]
