[ 0 29]
[ 31 356]
[357 392]
[393 422]
[423 450]
[451 483]
[484 519]
[520 549]
[550 577]
[578 607]
[608 640]
[641 671]
[672 702]
[703 732]
[733 764]
[765 795]
[796 825]
[826 855]
[856 937]
[ 938 1475]
[1476 1529]
[1530 1605]
[1606 1663]
[1664 1713]
[1714 1773]
[1774 1834]
[1835 1898]
[1899 1954]
[1955 2021]
[2022 2071]
[2072 2160]
[2161 2300]
[2301 2389]
[2390 2433]
[2434 2517]
[2518 2579]
[2580 2671]
[2672 2702]
[2703 2731]
[2732 2770]
[2771 2797]
[2798 2833]
[2834 2871]
[2872 2908]
[2909 2937]
[2938 2959]
[2960 2994]
[2995 3524]
[3525 3594]
[3595 3651]
[3652 3693]
[3694 3746]
[3747 3792]
[3793 3896]
[3897 3997]
[3998 4060]
[4061 4119]
[4120 4176]
[4177 4245]
[4246 4331]
[4332 4404]
[4405 4486]
[4487 4555]
[4556 4601]
[4602 4645]
[4646 4716]
[4717 4819]
[4820 5206]
[5207 5301]
[5302 5367]
[5368 5402]
[5403 5446]
[5447 5476]
[5477 5558]
[5559 5632]
[5633 5689]
[5690 5776]
[5777 5855]
[5856 5898]
[5899 5997]
[5998 6051]
[6052 6100]
[6101 6165]
[6166 6221]
[6222 6269]
[6270 6317]
[6318 6370]
[6371 6417]
[6418 6450]
[6451 6561]
[6563 6946]
[6947 7048]
[7049 7078]
[7079 7098]
[7099 7193]
[7194 7334]
[7335 7456]
[7457 7574]
[7575 7655]
[7656 7726]
[7727 7823]
[7824 7895]
[7896 7954]
[7955 8043]
[8044 8095]
[8096 8142]
[8143 8178]
[8179 8255]
[8256 8552]
[8553 8665]
[8666 8836]
[8837 8917]
[8918 9010]
[9011 9065]
[9066 9132]
[9133 9173]
[9174 9229]
[9230 9298]
[9299 9358]
[9359 9408]
[9409 9431]
[9432 9501]
[9502 9559]
[9560 9646]
[9647 9690]
[9691 9752]
[9753 9787]
[9788 9796]
[9797 9841]
[9842 9884]
[9885 9909]
[9910 9932]
[9933 9981]
[ 9982 10028]
[10029 10071]
[10072 10108]
[10109 10199]
[10200 10463]
[10464 10541]
[10542 10615]
[10616 10683]
[10684 10729]
[10730 10836]
[10837 10929]
[10930 10970]
[10971 11059]
[11060 11127]
[11128 11178]
[11179 11241]
[11242 11285]
[11286 11331]
[11332 11361]
[11362 11396]
[11397 11448]
[11449 11515]
[11516 11903]
[11904 11968]
[11969 12023]
[12024 12050]
[12051 12146]
[12147 12211]
[12212 12241]
[12242 12290]
[12291 12466]
[12467 12500]
[12501 12556]
[12557 12628]
[12629 12712]
[12713 12786]
[12787 12889]
[12890 12980]
[12981 13364]
[13365 13517]
[13518 13640]
[13641 13830]
[13831 14084]
[14085 14199]
[14200 14257]
[14258 14370]
[14371 14725]
[14726 14797]
[14798 14894]
[14895 14971]
[14972 15036]
[15037 15123]
[15124 15202]
[15203 15256]
[15257 15352]
[15353 15557]
[15558 15651]
[15652 15733]
[15734 15829]
[15830 15954]
[15955 16021]
[16022 16121]
[16122 16380]
[16381 16602]
[16603 16682]
[16683 16763]
[16764 16886]
[16887 16946]
[16947 17010]
[17011 17101]
[17102 17235]
[17236 17272]
[17273 17371]
[17372 17714]
[17715 17818]
[17819 17897]
[17898 17961]
[17962 18006]
[18007 18073]
[18074 18141]
[18142 18195]
[18196 18247]
[18248 18297]
[18298 18350]
[18351 18411]
[18412 18477]
[18478 18527]
[18528 18575]
[18576 18627]
[18628 18676]
[18677 18771]
[18772 18828]
[18829 19101]
[19102 19478]
[19479 19728]
[19729 19852]
[19853 19963]
[19964 20242]
[20243 20338]
[20339 20426]
[20427 20487]
[20488 20526]
[20527 20554]
[20555 20635]
[20636 20689]
[20690 20743]
[20744 20805]
[20806 20851]
[20852 20878]
[20879 20962]
[20963 21051]
[21052 21132]
[21133 21187]
[21188 21250]
[21251 21278]
[21279 21501]
[21502 21596]
[21597 21676]
[21677 21750]
[21751 21889]
[21890 22013]
[22014 22184]
[22185 22251]
[22252 22329]
[22330 22614]
[22615 22871]
[22872 23068]
[23069 23127]
[23128 23196]
[23197 23288]
[23289 23379]
[23380 23475]
[23476 23535]
[23536 23588]
[23589 23830]
[23831 24247]
[24248 24295]
[24296 24349]
[24350 24385]
[24386 24432]
[24433 24486]
[24487 24527]
[24528 24569]
[24570 24583]
[24584 24710]
[24711 24886]
[24887 24919]
[24920 25046]
[25047 25148]
[25149 25246]
[25247 25318]
[25319 25413]
[25414 25562]
[25563 25643]
[25644 25737]
[25738 25823]
[25824 25874]
[25875 25976]
[25977 26039]
[26040 26124]
[26125 26557]
[26558 26669]
[26670 26748]
[26749 26862]
[26863 27044]
[27045 27321]
[27322 27468]
[27469 27637]
[27638 27693]
[27694 28029]
[28030 28123]
