[ 0 13]
[ 14 452]
[453 507]
[508 543]
[544 573]
[574 601]
[602 634]
[635 670]
[671 700]
[701 728]
[729 758]
[759 789]
[790 820]
[821 850]
[851 882]
[883 950]
[ 951 1540]
[1541 1580]
[1581 1627]
[1628 1682]
[1683 1733]
[1734 1790]
[1791 1831]
[1832 1888]
[1889 1934]
[1935 1988]
[1989 2148]
[2149 2165]
[2166 2221]
[2222 2266]
[2267 2301]
[2302 2324]
[2325 2348]
[2349 2392]
[2393 2438]
[2439 2541]
[2542 2577]
[2578 2639]
[2640 2687]
[2688 2741]
[2742 2803]
[2804 2854]
[2855 2923]
[2924 2979]
[2980 3070]
[3071 3137]
[3138 3496]
[3497 3537]
[3538 3596]
[3597 3616]
[3617 3657]
[3658 3703]
[3704 3729]
[3730 3778]
[3779 3802]
[3803 3847]
[3848 3915]
[3916 3966]
[3967 4146]
[4147 4211]
[4212 4277]
[4278 4353]
[4354 4419]
[4420 4480]
[4481 4552]
[4553 4603]
[4604 4647]
[4648 4709]
[4710 4768]
[4769 4791]
[4792 4859]
[4860 4889]
[4890 5300]
[5301 5334]
[5335 5375]
[5376 5403]
[5404 5448]
[5449 5492]
[5493 5533]
[5534 5566]
[5567 5667]
[5668 5702]
[5703 5737]
[5738 5831]
[5832 5861]
[5862 5922]
[5923 5982]
[5983 6019]
[6020 6071]
[6072 6124]
[6125 6176]
[6177 6226]
[6227 6279]
[6280 6502]
[6503 6552]
[6553 6603]
[6604 6736]
[6737 7043]
[7044 7184]
[7185 7248]
[7249 7286]
[7287 7327]
[7328 7508]
[7509 7551]
[7552 7597]
[7598 7649]
[7650 7694]
[7695 7744]
[7745 7793]
[7794 7829]
[7830 7980]
[7981 8033]
[8034 8092]
[8093 8233]
[8234 8307]
[8308 8347]
[8348 8456]
[8457 8498]
[8499 8652]
[8653 9015]
[9016 9089]
[9090 9186]
[9187 9261]
[9262 9303]
[9304 9397]
[9398 9596]
[9597 9718]
[9719 9813]
[9814 9909]
[ 9910 10007]
[10008 10341]
[10342 10428]
[10429 10500]
[10501 10579]
[10580 10664]
[10665 10778]
[10779 10856]
[10857 10928]
[10929 11020]
[11021 11217]
[11218 11289]
[11290 11357]
[11358 11424]
[11425 11490]
[11491 11564]
[11565 11621]
[11622 11957]
[11958 12072]
[12073 12167]
[12168 12255]
[12256 12381]
[12382 12442]
[12443 12775]
[12776 12856]
[12857 12933]
[12934 13008]
[13009 13073]
[13074 13154]
[13155 13436]
[13437 13510]
[13511 13568]
[13569 13677]
[13678 13770]
[13771 13886]
[13887 13987]
[13988 14064]
[14065 14171]
[14172 14349]
[14350 14488]
[14489 14717]
[14718 14764]
[14765 14823]
[14824 14881]
[14882 14924]
[14925 14963]
[14964 15060]
[15061 15102]
[15103 15140]
[15141 15220]
[15221 15302]
[15303 15354]
[15355 15424]
[15425 15513]
[15514 15593]
[15594 15943]
[15944 16058]
[16059 16109]
[16110 16139]
[16140 16195]
[16196 16329]
[16330 16434]
[16435 16623]
[16624 16675]
[16676 16710]
[16711 16751]
[16752 16782]
[16783 16836]
[16837 16876]
[16877 17213]
[17214 17283]
[17284 17363]
[17364 17448]
[17449 17508]
[17509 17557]
[17558 17818]
[17819 17881]
[17882 17930]
[17931 17980]
[17981 18034]
[18035 18099]
[18100 18193]
[18194 18284]
[18285 18335]
[18336 18515]
[18516 18564]
[18565 18654]
[18655 18691]
[18692 18770]
[18771 19075]
[19076 19294]
[19295 19486]
[19487 19662]
[19663 19791]
[19792 19933]
[19934 20014]
[20015 20249]
[20250 20349]
[20350 20437]
[20438 20526]
[20527 20600]
[20601 20692]
[20693 20792]
[20793 20936]
[20937 20993]
[20994 21071]
[21072 21140]
[21141 21233]
[21234 21329]
[21330 21394]
[21395 21519]
[21520 21628]
[21629 21812]
[21813 22009]
[22010 22096]
[22097 22288]
[22289 22401]
[22402 22516]
[22517 22573]
[22574 22756]
[22757 22816]
[22817 22855]
[22856 23174]
[23175 23268]
[23269 23328]
[23329 23401]
[23402 23444]
[23445 23473]
[23474 23518]
[23519 23584]
[23585 23635]
[23636 23694]
[23695 23761]
[23762 23814]
[23815 23959]
[23960 24069]
[24070 24106]
[24107 24312]
[24313 24434]
[24435 24515]
[24516 24581]
[24582 24648]
[24649 24712]
[24713 24779]
[24780 24817]
[24818 24870]
[24871 24937]
[24938 25016]
[25017 25081]
[25082 25131]
[25132 25190]
[25191 25233]
[25234 25297]
[25298 25360]
[25361 25656]
[25657 25813]
[25814 25917]
[25918 26041]
[26042 26124]
[26125 26219]
[26220 26299]
[26300 26341]
[26342 26638]
[26639 26721]
