[ 0 47]
[ 48 371]
[372 429]
[430 465]
[466 495]
[496 523]
[524 556]
[557 598]
[599 640]
[641 680]
[681 748]
[749 775]
[776 805]
[806 849]
[850 889]
[890 926]
[ 927 1015]
[1016 1495]
[1496 1576]
[1577 1629]
[1630 1699]
[1700 1754]
[1755 1783]
[1784 1816]
[1817 1855]
[1856 1889]
[1890 1928]
[1929 1970]
[1971 2000]
[2001 2056]
[2057 2126]
[2127 2177]
[2178 2242]
[2243 2281]
[2282 2314]
[2315 2376]
[2377 2449]
[2450 2513]
[2514 2558]
[2559 2605]
[2606 2642]
[2643 2780]
[2781 3087]
[3088 3157]
[3158 3215]
[3216 3274]
[3275 3325]
[3326 3386]
[3387 3432]
[3433 3494]
[3495 3543]
[3544 3608]
[3609 3672]
[3673 3730]
[3731 3782]
[3783 3824]
[3825 3893]
[3894 4460]
[4461 4508]
[4509 4562]
[4563 4612]
[4613 4637]
[4638 4749]
[4750 4778]
[4779 4828]
[4829 4870]
[4871 4898]
[4899 4954]
[4955 5013]
[5014 5061]
[5062 5095]
[5096 5208]
[5209 5253]
[5254 5318]
[5319 5379]
[5380 5427]
[5428 5496]
[5497 5590]
[5591 5652]
[5653 5699]
[5700 5739]
[5740 5793]
[5794 5901]
[5902 5986]
[5987 6206]
[6207 6344]
[6345 6443]
[6444 6516]
[6517 6581]
[6582 6625]
[6626 6662]
[6663 6741]
[6742 6861]
[6862 6941]
[6942 6999]
[7000 7075]
[7076 7266]
[7267 7325]
[7326 7402]
[7403 7448]
[7449 7502]
[7503 7617]
[7618 7728]
[7729 8312]
[8313 8436]
[8437 8612]
[8613 8742]
[8743 8832]
[8833 9011]
[9012 9173]
[9174 9343]
[9344 9394]
[9395 9441]
[9442 9482]
[9483 9523]
[9524 9584]
[9585 9628]
[9629 9672]
[9673 9710]
[9711 9789]
[ 9790 10243]
[10244 10339]
[10340 10435]
[10436 10562]
[10563 10640]
[10641 10682]
[10683 10787]
[10788 10827]
[10828 10907]
[10908 10972]
[10973 11044]
[11045 11092]
[11093 11144]
[11145 11191]
[11192 11245]
[11246 11292]
[11293 11344]
[11345 11382]
[11383 11459]
[11460 11497]
[11498 11745]
[11746 11889]
[11890 12080]
[12081 12159]
[12160 12327]
[12328 12428]
[12429 12602]
[12603 12767]
[12768 12821]
[12822 12897]
[12898 13000]
[13001 13110]
[13111 13506]
[13507 13544]
[13545 13579]
[13580 13608]
[13609 13657]
[13658 13710]
[13711 13836]
[13837 13954]
[13955 14008]
[14009 14104]
[14105 14201]
[14202 14317]
[14318 14446]
[14447 14522]
[14524 14608]
[14609 14728]
[14729 14838]
[14839 15045]
[15046 15104]
[15106 15138]
[15139 15184]
[15185 15304]
[15305 15325]
[15326 15597]
[15598 15649]
[15650 15686]
[15687 15902]
[15903 15948]
[15949 16102]
[16103 16130]
[16131 16188]
[16189 16495]
[16496 16576]
[16577 16676]
[16677 16764]
[16765 16915]
[16916 16973]
[16974 17031]
[17032 17090]
[17091 17193]
[17194 17261]
[17262 17343]
[17344 17409]
[17410 17517]
[17518 17585]
[17586 17639]
[17640 17696]
[17697 17832]
[17833 17910]
[17911 18257]
[18258 18343]
[18344 18446]
[18447 18582]
[18583 18725]
[18726 18798]
[18799 18870]
[18871 18959]
[18960 19042]
[19043 19130]
[19131 19187]
[19188 19225]
[19226 19315]
[19316 19388]
[19389 19444]
[19445 19503]
[19504 19587]
[19588 19985]
[19986 20080]
[20081 20117]
[20118 20205]
[20206 20308]
[20309 20406]
[20407 20525]
[20526 20649]
[20650 20771]
[20772 20866]
[20867 20957]
[20958 21038]
[21039 21141]
[21142 21239]
[21240 21362]
[21363 21846]
[21847 21932]
[21933 22090]
[22091 22200]
[22201 22351]
[22352 22453]
[22454 22575]
[22576 22659]
[22660 22781]
[22782 22859]
[22860 22979]
[22980 23299]
[23300 23365]
[23366 23430]
[23431 23521]
[23522 23561]
[23562 23619]
[23620 23651]
[23652 23729]
[23730 23783]
[23784 23849]
[23850 23883]
[23884 23975]
[23976 24033]
[24034 24358]
[24359 24428]
[24429 24491]
[24492 24526]
[24527 24584]
[24585 24637]
[24638 24821]
[24822 24895]
[24896 24939]
[24940 25000]
[25001 25072]
[25073 25197]
[25198 25232]
[25233 25276]
[25277 25315]
[25316 25354]
[25355 25564]
[25565 25603]
[25604 25667]
[25668 25775]
[25776 26171]
[26172 26230]
[26231 26287]
[26288 26338]
[26339 26391]
[26392 26428]
[26429 26452]
[26453 26532]
[26533 26587]
[26588 26633]
[26634 26703]
[26704 26756]
[26757 26817]
[26818 26850]
[26851 26878]
[26879 26907]
[26908 26962]
[26963 26978]
[26979 27007]
[27008 27061]
[27062 27094]
[27095 27145]
[27146 27194]
[27195 27210]
[27211 27240]
[27241 27269]
[27270 27302]
[27303 27330]
[27331 27370]
[27371 27757]
[27758 27847]
[27848 27953]
[27954 27995]
[27996 28077]
[28078 28149]
[28150 28243]
[28244 28343]
[28344 28386]
[28387 28454]
[28455 28555]
[28556 28621]
[28622 28724]
[28725 29107]
[29108 29181]
[29182 29246]
[29247 29305]
[29306 29352]
[29353 29406]
[29407 29436]
[29437 29460]
[29461 29505]
[29506 29641]
[29642 29723]
[29724 29780]
[29781 29820]
[29821 30007]
[30008 30261]
[30262 30398]
[30399 30583]
[30584 30864]
[30865 31052]
[31053 31404]
[31406 31502]
[31503 31578]
[31579 31616]
[31617 31815]
[31816 31905]
[31906 32049]
[32050 32172]
[32173 32275]
[32276 32403]
[32404 32432]
[32433 32560]
[32561 32869]
[32870 32949]
