[ 0 14]
[ 15 296]
[297 349]
[350 399]
[400 457]
[458 476]
[477 499]
[500 549]
[550 587]
[588 597]
[598 653]
[654 974]
[ 975 1086]
[1087 1147]
[1148 1198]
[1199 1285]
[1286 1405]
[1406 1488]
[1489 1597]
[1598 1730]
[1731 1839]
[1840 1922]
[1923 2050]
[2051 2168]
[2169 2305]
[2306 2715]
[2716 2762]
[2763 2813]
[2814 2856]
[2857 2900]
[2901 2952]
[2953 3013]
[3014 3096]
[3097 3140]
[3141 3175]
[3176 3212]
[3213 3260]
[3261 3389]
[3390 3496]
[3497 3541]
[3542 3590]
[3591 3643]
[3644 3676]
[3677 3743]
[3744 3817]
[3818 3850]
[3851 3949]
[3950 4000]
[4001 4050]
[4051 4484]
[4485 4514]
[4515 4564]
[4565 4614]
[4615 4664]
[4665 4728]
[4729 4855]
[4856 4981]
[4982 5119]
[5120 5198]
[5199 5238]
[5239 5287]
[5288 5319]
[5320 5380]
[5381 5419]
[5420 5585]
[5586 5647]
[5648 5722]
[5723 5797]
[5798 5872]
[5873 5947]
[5948 6011]
[6012 6387]
[6388 6475]
[6476 6571]
[6572 6616]
[6617 6892]
[6893 6929]
[6930 6968]
[6969 7070]
[7071 7113]
[7114 7232]
[7233 7290]
[7291 7353]
[7354 7449]
[7450 7488]
[7489 7540]
[7541 7620]
[7621 7682]
[7683 7761]
[7762 7810]
[7811 8202]
[8203 8322]
[8323 8361]
[8362 8416]
[8417 8456]
[8457 8563]
[8564 8630]
[8631 8700]
[8701 8764]
[8765 8835]
[8836 8886]
[8887 8934]
[8935 8985]
[8986 9115]
[9116 9172]
[9173 9232]
[9233 9272]
[9273 9325]
[9326 9659]
[9660 9852]
[ 9853 10002]
[10003 10090]
[10091 10840]
[10841 10890]
[10891 10996]
[10997 11070]
[11071 11124]
[11125 11163]
[11164 11186]
[11187 11236]
[11237 11338]
[11339 11652]
[11653 11829]
[11830 11884]
[11885 11996]
[11997 12093]
[12094 12189]
[12190 12292]
[12293 12609]
[12610 12655]
[12656 12721]
[12722 12784]
[12785 12846]
[12847 13112]
[13113 13155]
[13156 13213]
[13214 13263]
[13264 13314]
[13315 13354]
[13355 13440]
[13441 13500]
[13501 13554]
[13555 13596]
[13597 13683]
[13684 14004]
[14005 14080]
[14081 14204]
[14205 14236]
[14237 14326]
[14327 14392]
[14393 14428]
[14429 14512]
[14513 14575]
[14576 14663]
[14664 14710]
[14711 14760]
[14761 14803]
[14804 14845]
[14846 14957]
[14958 14994]
[14995 15042]
[15043 15139]
[15140 15229]
[15230 15287]
[15288 15374]
[15375 15682]
[15683 15814]
[15815 15883]
[15884 15931]
[15932 16107]
[16108 16176]
[16177 16246]
[16247 16307]
[16308 16379]
[16380 16426]
[16427 16457]
[16458 16583]
[16584 16653]
[16654 16703]
[16704 16746]
[16747 16810]
[16811 17213]
[17214 17312]
[17313 17359]
[17360 17401]
[17402 17452]
[17453 17539]
[17540 17650]
[17651 17699]
[17700 17766]
[17767 17816]
[17817 17904]
[17905 17987]
[17988 18065]
[18066 18117]
[18118 18175]
[18176 18216]
[18217 18254]
[18255 18297]
[18298 18336]
[18337 18382]
[18383 18448]
[18449 18490]
[18491 18546]
[18547 19005]
[19006 19046]
[19047 19087]
[19088 19128]
[19129 19169]
[19170 19210]
[19211 19251]
[19252 19292]
[19293 19333]
[19334 19374]
[19375 19415]
[19416 19456]
[19457 19497]
[19498 19538]
[19539 19579]
[19580 19630]
[19631 19681]
[19682 19745]
[19746 19796]
[19797 19842]
[19843 19893]
[19894 19934]
[19935 19975]
[19976 20016]
[20017 20044]
[20045 20093]
[20094 20433]
[20434 20539]
[20540 20615]
[20616 20670]
[20671 20743]
[20744 20837]
[20838 20915]
[20916 21005]
[21006 21064]
[21065 21115]
[21116 21175]
[21176 21451]
[21452 21528]
[21529 21627]
[21628 21697]
[21698 21755]
[21756 21808]
[21809 21876]
[21877 22011]
[22012 22074]
[22075 22152]
[22153 22400]
[22401 22775]
[22776 23024]
[23025 23371]
[23372 23508]
[23509 23711]
[23712 24423]
[24424 24724]
[24725 24827]
[24828 24884]
[24885 24948]
[24949 25014]
[25015 25068]
[25069 25118]
[25119 25171]
[25172 25226]
[25227 25287]
[25288 25334]
[25335 25407]
[25408 25487]
[25488 25562]
[25563 25628]
[25629 25694]
[25695 25758]
[25759 25829]
[25830 25919]
[25920 25978]
[25979 26018]
[26019 26355]
[26356 26520]
[26521 26685]
[26686 26849]
[26850 26994]
[26995 27081]
[27082 27143]
[27144 27235]
[27236 27292]
[27293 27348]
[27349 27396]
[27397 27503]
[27504 27555]
[27556 27632]
[27633 27686]
[27687 27788]
[27789 27945]
[27946 28019]
[28021 28142]
[28143 28197]
[28198 28253]
[28254 28328]
[28329 28488]
[28489 28523]
[28524 28649]
[28650 28682]
[28683 28783]
[28784 28842]
[28843 28874]
[28875 28901]
[28902 29024]
[29025 29079]
[29080 29141]
[29142 29206]
[29207 29275]
[29276 29365]
[29366 29429]
[29430 30016]
[30017 30116]
