[ 0 33]
[ 34 299]
[300 357]
[358 391]
[392 421]
[422 452]
[453 489]
[490 527]
[528 571]
[572 640]
[641 670]
[671 698]
[699 734]
[735 771]
[772 808]
[809 841]
[842 944]
[ 945 1457]
[1458 1510]
[1511 1568]
[1569 1625]
[1626 1723]
[1724 1772]
[1773 1812]
[1813 1853]
[1854 1896]
[1897 1958]
[1959 2034]
[2035 2065]
[2066 2099]
[2100 2136]
[2137 2173]
[2174 2213]
[2214 2260]
[2261 2330]
[2331 2371]
[2372 2406]
[2407 2497]
[2498 2544]
[2545 2618]
[2619 2681]
[2682 2819]
[2820 2890]
[2891 2963]
[2964 3033]
[3034 3088]
[3089 3456]
[3457 3573]
[3574 3623]
[3624 3663]
[3664 3704]
[3705 3737]
[3738 3785]
[3786 3840]
[3841 3868]
[3869 3960]
[3961 4137]
[4138 4148]
[4149 4223]
[4224 4277]
[4278 4468]
[4469 4509]
[4510 4549]
[4550 4615]
[4616 4719]
[4720 4778]
[4779 4813]
[4814 4854]
[4855 5271]
[5272 5378]
[5379 5543]
[5544 5612]
[5613 5693]
[5694 5748]
[5749 5784]
[5785 5848]
[5849 5893]
[5894 5969]
[5970 6054]
[6055 6135]
[6136 6235]
[6236 6315]
[6316 6415]
[6416 6528]
[6529 6671]
[6672 6752]
[6753 7222]
[7223 7358]
[7359 7398]
[7399 7437]
[7438 7454]
[7455 7501]
[7502 7542]
[7543 7578]
[7579 7622]
[7623 7656]
[7657 7716]
[7717 7833]
[7834 7840]
[7841 7876]
[7877 7905]
[7906 7955]
[7956 8010]
[8011 8048]
[8049 8076]
[8077 8117]
[8118 8250]
[8251 8297]
[8298 8336]
[8337 8377]
[8378 8424]
[8425 8454]
[8455 8497]
[8498 8541]
[8542 8972]
[8973 9022]
[9023 9066]
[9067 9098]
[9099 9135]
[9136 9194]
[9195 9289]
[9290 9312]
[9313 9349]
[9350 9411]
[9412 9484]
[9485 9628]
[9629 9664]
[9665 9733]
[9734 9786]
[9787 9826]
[9827 9862]
[9863 9895]
[9896 9962]
[ 9963 10032]
[10033 10059]
[10060 10167]
[10168 10290]
[10291 10324]
[10325 10385]
[10386 10684]
[10685 10747]
[10748 10819]
[10820 10876]
[10877 10923]
[10924 10992]
[10993 11032]
[11033 11098]
[11099 11201]
[11202 11262]
[11263 11360]
[11361 11396]
[11397 11442]
[11443 11476]
[11477 11515]
[11516 11546]
[11547 11581]
[11582 11614]
[11615 11702]
[11703 12116]
[12117 12325]
[12326 12497]
[12498 12803]
[12804 12862]
[12863 12961]
[12962 13025]
[13027 13404]
[13405 13458]
[13459 13546]
[13547 13628]
[13629 13689]
[13690 13779]
[13780 13820]
[13821 13954]
[13955 13989]
[13990 14057]
[14058 14208]
[14209 14300]
[14301 14348]
[14349 14376]
[14377 14448]
[14449 14546]
[14547 15048]
[15050 15056]
[15057 15181]
[15182 15262]
[15263 15340]
[15341 15469]
[15470 15525]
[15526 15607]
[15608 15920]
[15921 16007]
[16008 16055]
[16056 16112]
[16113 16167]
[16168 16206]
[16207 16285]
[16286 16332]
[16333 16438]
[16439 16452]
[16453 16589]
[16590 16673]
[16674 16723]
[16724 16751]
[16752 16800]
[16801 16873]
[16874 16919]
[16920 17051]
[17052 17099]
[17100 17144]
[17145 17211]
[17212 17250]
[17251 17277]
[17278 17320]
[17321 17384]
[17385 17449]
[17450 17487]
[17488 17508]
[17509 17559]
[17560 17611]
[17612 17701]
[17702 17787]
[17788 17827]
[17828 17873]
[17874 17934]
[17935 17964]
[17965 17993]
[17994 18034]
[18035 18081]
[18082 18128]
[18129 18154]
[18155 18179]
[18180 18201]
[18202 18254]
[18255 18316]
[18317 18378]
[18379 18414]
[18415 18450]
[18451 18496]
[18497 18569]
[18570 18635]
[18636 18758]
[18759 19042]
[19043 19102]
[19103 19186]
[19187 19245]
[19246 19292]
[19293 19352]
[19353 19424]
[19425 19486]
[19487 19540]
[19541 19609]
[19610 19655]
[19656 19700]
[19701 19749]
[19750 19988]
[19989 20062]
[20063 20118]
[20119 20193]
[20194 20258]
[20259 20336]
[20337 20456]
[20457 20529]
[20530 20610]
[20611 20683]
[20684 21018]
[21019 21171]
[21172 21298]
[21299 21364]
[21365 21442]
[21443 21673]
[21674 21747]
[21748 21851]
[21852 21907]
[21908 22158]
[22159 22419]
[22420 22597]
[22598 22759]
[22760 22800]
[22801 22832]
[22833 22869]
[22870 23080]
[23081 23127]
[23128 23197]
[23198 23271]
[23272 23341]
[23342 23411]
[23412 23481]
[23482 23544]
[23545 23615]
[23616 23680]
[23681 23735]
[23736 23805]
[23806 23875]
[23876 23907]
[23908 23997]
[23998 24076]
[24077 24149]
[24150 24246]
[24247 24318]
[24319 24394]
[24395 24455]
[24456 24539]
[24540 24608]
[24609 24695]
[24696 24769]
[24770 25109]
[25110 25140]
[25141 25189]
[25190 25261]
[25262 25315]
[25316 25363]
[25364 25456]
[25457 25504]
[25505 25647]
[25648 25718]
[25719 25765]
[25766 25838]
[25839 25897]
[25898 25940]
[25941 26036]
[26037 26197]
[26198 26272]
[26273 26427]
[26428 26483]
[26484 26555]
[26556 26800]
[26801 26891]
[26892 26945]
[26946 27010]
[27011 27160]
[27161 27207]
[27208 27268]
[27269 27328]
[27329 27367]
[27368 27428]
[27429 27501]
[27502 27567]
[27568 27674]
[27675 27790]
[27791 27872]
[27873 28085]
[28086 28138]
[28139 28182]
[28183 28215]
[28216 28303]
[28304 28867]
[28868 28915]
[28916 29013]
[29014 29127]
[29128 29143]
[29144 29177]
[29178 29294]
[29295 29433]
[29434 29521]
[29522 29620]
[29621 29710]
[29711 29790]
[29791 30004]
[30005 30115]
[30116 30251]
[30252 30468]
[30469 30553]
