[ 0 17]
[ 18 392]
[393 447]
[448 483]
[484 513]
[514 541]
[542 574]
[575 610]
[611 640]
[641 668]
[669 698]
[699 731]
[732 762]
[763 793]
[794 823]
[824 855]
[856 886]
[887 916]
[917 946]
[ 947 1031]
[1032 1552]
[1554 1608]
[1609 1658]
[1659 1685]
[1686 1743]
[1744 1845]
[1846 1911]
[1912 1983]
[1984 2033]
[2034 2108]
[2109 2177]
[2178 2226]
[2227 2249]
[2250 2286]
[2287 2325]
[2326 2554]
[2555 2597]
[2598 2641]
[2642 2677]
[2678 2710]
[2711 2743]
[2744 2756]
[2757 2806]
[2807 2827]
[2828 2862]
[2863 2895]
[2896 2920]
[2921 2953]
[2954 3018]
[3019 3388]
[3390 3441]
[3442 3487]
[3488 3514]
[3515 3569]
[3570 3635]
[3636 3691]
[3692 3725]
[3726 3796]
[3797 3853]
[3854 3885]
[3886 3926]
[3927 3971]
[3972 3998]
[3999 4068]
[4069 4095]
[4096 4131]
[4132 4159]
[4160 4198]
[4199 4242]
[4243 4281]
[4282 4395]
[4396 4441]
[4442 4481]
[4482 4530]
[4531 4580]
[4581 4623]
[4624 4677]
[4678 4715]
[4716 4765]
[4766 4798]
[4799 4828]
[4829 4864]
[4865 4892]
[4893 4937]
[4938 5502]
[5503 5553]
[5554 5604]
[5605 5654]
[5655 5707]
[5708 5757]
[5758 5808]
[5809 5858]
[5859 5909]
[5910 5960]
[5961 6011]
[6012 6325]
[6326 6376]
[6377 6427]
[6428 6478]
[6479 6576]
[6577 6627]
[6628 6678]
[6679 6729]
[6730 6780]
[6781 6830]
[6831 6881]
[6882 6932]
[6933 6988]
[6989 7377]
[7378 7452]
[7453 7571]
[7572 7628]
[7629 7665]
[7666 7835]
[7836 7901]
[7902 7954]
[7955 7974]
[7975 8010]
[8012 8052]
[8053 8069]
[8070 8116]
[8117 8160]
[8161 8186]
[8187 8244]
[8245 8323]
[8324 8365]
[8366 8409]
[8410 8454]
[8455 8499]
[8500 8536]
[8537 8565]
[8566 8580]
[8581 8606]
[8607 8638]
[8639 8677]
[8678 8709]
[8710 8763]
[8764 9154]
[9155 9384]
[9385 9415]
[9416 9452]
[9453 9504]
[9505 9536]
[9537 9570]
[9571 9589]
[9590 9642]
[9643 9680]
[9681 9714]
[9715 9749]
[9750 9892]
[9893 9963]
[ 9964 10015]
[10016 10198]
[10199 10242]
[10243 10287]
[10288 10330]
[10331 10378]
[10379 10427]
[10428 10474]
[10475 10517]
[10518 10554]
[10555 11269]
[11270 11328]
[11329 11416]
[11417 11489]
[11490 11595]
[11596 11662]
[11663 11731]
[11732 11783]
[11784 11853]
[11854 11921]
[11922 11983]
[11984 12039]
[12040 12090]
[12091 12146]
[12147 12206]
[12207 12241]
[12242 12306]
[12307 12326]
[12327 12358]
[12359 12404]
[12405 12440]
[12441 12474]
[12475 12526]
[12527 12974]
[12975 13063]
[13064 13107]
[13108 13177]
[13178 13220]
[13221 13295]
[13296 13342]
[13343 13377]
[13378 13432]
[13433 13504]
[13505 13549]
[13550 13594]
[13595 13626]
[13627 13659]
[13660 14842]
[14843 15255]
[15256 15459]
[15460 15526]
[15527 15627]
[15628 15752]
[15753 15881]
[15882 15980]
[15981 16027]
[16028 16070]
[16071 16615]
[16616 16704]
[16705 16767]
[16768 16828]
[16829 16878]
[16879 16936]
[16937 16985]
[16986 17039]
[17040 17077]
[17078 17147]
[17148 17209]
[17210 17255]
[17256 17293]
[17294 17356]
[17357 17412]
[17413 17467]
[17468 17562]
[17563 17625]
[17626 17679]
[17680 17725]
[17726 17860]
[17861 17957]
[17958 17989]
[17990 18053]
[18054 18094]
[18095 18176]
[18177 18257]
[18258 18325]
[18326 18384]
[18385 18403]
[18404 18420]
[18421 18440]
[18441 18489]
[18490 18891]
[18892 18996]
[18997 19081]
[19082 19218]
[19219 19306]
[19307 19436]
[19437 19508]
[19509 19607]
[19608 19725]
[19726 20046]
[20047 20081]
[20082 20102]
[20103 20133]
[20134 20172]
[20173 20268]
[20269 20306]
[20307 20339]
[20340 20405]
[20406 20439]
[20440 20527]
[20528 20574]
[20575 20610]
[20611 20641]
[20642 20668]
[20669 20695]
[20696 20729]
[20730 20756]
[20757 20778]
[20779 20806]
[20807 20829]
[20830 20862]
[20863 20890]
[20891 20984]
[20985 21006]
[21007 21038]
[21039 21059]
[21060 21086]
[21087 21111]
[21112 21137]
[21138 21168]
[21169 21199]
[21200 21463]
[21464 21544]
[21545 21596]
[21597 21653]
[21654 21702]
[21703 21753]
[21754 21795]
[21796 21895]
[21896 21984]
[21985 22031]
[22032 22076]
[22077 22138]
[22139 22197]
[22198 22253]
[22254 22302]
[22303 22344]
[22345 22396]
[22397 22468]
[22469 22529]
[22530 22573]
[22574 22714]
[22715 22758]
[22759 22846]
[22847 22894]
[22895 22943]
[22944 22990]
[22991 23033]
[23034 23070]
[23071 23155]
[23156 23666]
[23667 23778]
[23779 23894]
[23895 23978]
[23979 24113]
[24114 24347]
[24348 24440]
[24441 24605]
[24606 24690]
[24691 24799]
[24800 24849]
[24850 24995]
[24996 25136]
[25137 25174]
[25175 25408]
[25409 25634]
[25635 25710]
[25711 25787]
[25788 25930]
[25931 26012]
[26013 26090]
[26091 26225]
[26226 26326]
[26327 26430]
[26431 26489]
[26490 26534]
[26535 26617]
[26618 26833]
[26834 26872]
[26873 26924]
[26925 27006]
[27007 27071]
[27072 27180]
[27181 27242]
[27243 27284]
[27285 27343]
[27344 27577]
[27578 27663]
[27664 27732]
[27733 27808]
[27809 27865]
[27866 27928]
[27929 27995]
[27996 28052]
[28053 28110]
[28111 28222]
[28223 28313]
[28314 28394]
[28395 28831]
[28832 28877]
[28878 28932]
[28933 28998]
[28999 29056]
[29057 29109]
[29110 29174]
[29175 29239]
[29240 29285]
[29286 29351]
[29352 29429]
[29430 29479]
[29480 29549]
[29550 29647]
[29648 29755]
[29756 29913]
[29914 29964]
[29965 29992]
[29993 30028]
[30029 30212]
[30213 30278]
[30279 30320]
[30321 30567]
[30568 30684]
[30686 30721]
[30722 30763]
[30764 30806]
[30807 30835]
[30836 30866]
[30867 30900]
[30901 30919]
[30920 30952]
[30953 30981]
[30982 31005]
[31006 31057]
[31058 31162]
[31163 31202]
[31203 31252]
[31253 31314]
[31315 31362]
[31363 31420]
[31421 31463]
[31464 31505]
[31506 31565]
[31566 31675]
[31676 31745]
[31746 31791]
[31792 31828]
[31829 31896]
[31897 31941]
[31942 31981]
[31982 32278]
[32279 32369]
[32370 32535]
[32536 32604]
[32605 32633]
[32634 32746]
[32747 33157]
[33158 33280]
[33281 33347]
[33348 33425]
[33426 33495]
[33496 33833]
[33834 33913]
[33914 34243]
[34244 34336]
