[ 0 26]
[ 28 361]
[362 422]
[423 458]
[459 488]
[489 516]
[517 540]
[541 572]
[573 600]
[601 629]
[630 664]
[665 696]
[697 727]
[728 757]
[758 787]
[788 862]
[ 863 1417]
[1418 1480]
[1481 1700]
[1701 1751]
[1752 1794]
[1795 1836]
[1837 1875]
[1876 2084]
[2085 2211]
[2212 2265]
[2266 2297]
[2298 2348]
[2349 2423]
[2424 2491]
[2492 2536]
[2537 2585]
[2586 2745]
[2746 2805]
[2806 2862]
[2863 2921]
[2922 3214]
[3215 3289]
[3290 3358]
[3359 3412]
[3413 3544]
[3545 3606]
[3607 3633]
[3634 3708]
[3709 3744]
[3745 3815]
[3816 3863]
[3864 3895]
[3896 3949]
[3950 3985]
[3986 4034]
[4035 4130]
[4131 4196]
[4197 4253]
[4254 4295]
[4296 4358]
[4359 4420]
[4421 4463]
[4464 4502]
[4503 4566]
[4567 4602]
[4603 5003]
[5005 5066]
[5067 5120]
[5121 5181]
[5182 5217]
[5218 5271]
[5272 5316]
[5317 5341]
[5342 5492]
[5493 5552]
[5553 5602]
[5603 5644]
[5645 5808]
[5809 5861]
[5862 5915]
[5916 5960]
[5961 6015]
[6016 6065]
[6066 6112]
[6113 6172]
[6173 6224]
[6225 6288]
[6289 6351]
[6352 6408]
[6409 6463]
[6464 6901]
[6902 6958]
[6959 6992]
[6993 7029]
[7030 7080]
[7081 7104]
[7105 7131]
[7132 7170]
[7171 7220]
[7221 7254]
[7255 7307]
[7308 7354]
[7355 7373]
[7374 7442]
[7443 7528]
[7529 7594]
[7595 7700]
[7701 8005]
[8006 8094]
[8095 8161]
[8162 8220]
[8221 8259]
[8260 8356]
[8357 8416]
[8417 8532]
[8533 8631]
[8632 8722]
[8723 8868]
[8869 8964]
[8965 9067]
[9068 9181]
[9182 9286]
[9287 9323]
[9324 9783]
[ 9784 10121]
[10122 10336]
[10337 10462]
[10463 10538]
[10539 10641]
[10642 10856]
[10857 10909]
[10910 10964]
[10965 11005]
[11006 11026]
[11027 11057]
[11058 11089]
[11090 11114]
[11115 11128]
[11129 11138]
[11139 11163]
[11164 11193]
[11194 11210]
[11211 11251]
[11252 11276]
[11277 11295]
[11296 11348]
[11349 11369]
[11370 11389]
[11390 11451]
[11452 11504]
[11505 11568]
[11569 11625]
[11626 11722]
[11723 11808]
[11809 11849]
[11850 11872]
[11873 11903]
[11904 11937]
[11938 11980]
[11981 12087]
[12088 12428]
[12429 12453]
[12454 12512]
[12513 12570]
[12571 12617]
[12618 12659]
[12660 12700]
[12701 12760]
[12761 12801]
[12802 12851]
[12852 12901]
[12902 12960]
[12961 13028]
[13029 13060]
[13061 13156]
[13157 13193]
[13194 13247]
[13248 13288]
[13289 13319]
[13320 13438]
[13439 13488]
[13489 13546]
[13547 13579]
[13580 13630]
[13631 13918]
[13919 14018]
[14019 14075]
[14076 14161]
[14162 14200]
[14201 14261]
[14262 14331]
[14332 14387]
[14388 14461]
[14462 14508]
[14509 14568]
[14569 14676]
[14677 15099]
[15101 15181]
[15182 15224]
[15225 15259]
[15260 15302]
[15303 15342]
[15343 15477]
[15478 15529]
[15530 15563]
[15564 15600]
[15601 15640]
[15641 15685]
[15686 15778]
[15779 15824]
[15825 15865]
[15866 15913]
[15914 15954]
[15955 16000]
[16002 16241]
[16242 16263]
[16264 16424]
[16425 16507]
[16508 16584]
[16585 16634]
[16635 16666]
[16667 16726]
[16727 16870]
[16871 16977]
[16978 17046]
[17047 17094]
[17095 17148]
[17149 17187]
[17188 17207]
[17208 17284]
[17285 17353]
[17354 17413]
[17414 17474]
[17475 17519]
[17520 17565]
[17566 17661]
[17662 17729]
[17730 17761]
[17762 17793]
[17794 17832]
[17833 17892]
[17893 17938]
[17939 18000]
[18001 18024]
[18025 18083]
[18084 18120]
[18121 18169]
[18170 18215]
[18216 18263]
[18264 18307]
[18308 18351]
[18352 18393]
[18394 18435]
[18436 18519]
[18520 19009]
[19010 19076]
[19077 19137]
[19138 19178]
[19179 19239]
[19240 19270]
[19271 19381]
[19382 19452]
[19453 19503]
[19504 19564]
[19565 19625]
[19626 19676]
[19677 19727]
[19728 19778]
[19779 19898]
[19899 19968]
[19969 20231]
[20232 20364]
[20365 20489]
[20490 20791]
[20792 20994]
[20995 21337]
[21338 21476]
[21477 21529]
[21530 21585]
[21586 21620]
[21621 21675]
[21676 21729]
[21730 21750]
[21751 21805]
[21806 21857]
[21858 21917]
[21918 21981]
[21982 22036]
[22037 22064]
[22065 22123]
[22124 22179]
[22180 22198]
[22199 22239]
[22240 22274]
[22275 22314]
[22315 22372]
[22373 22391]
[22392 22668]
[22669 22763]
[22764 22813]
[22814 22886]
[22887 22935]
[22936 23052]
[23053 23106]
[23107 23157]
[23158 23502]
[23503 23576]
[23577 23693]
[23694 23764]
[23765 23848]
[23849 23988]
[23989 24146]
[24147 24275]
[24276 24481]
[24482 25356]
[25357 25448]
[25449 25503]
[25504 25540]
[25541 25596]
[25597 25632]
[25633 25704]
[25705 25740]
[25741 25843]
[25844 25900]
[25901 25980]
[25981 26087]
[26088 26192]
[26193 26232]
[26233 26255]
[26256 26518]
[26519 26632]
[26633 26726]
[26727 26759]
[26760 26884]
[26885 26996]
[26997 27078]
[27079 27146]
[27147 27283]
[27284 27459]
[27460 27505]
[27506 27544]
[27545 27613]
[27614 27659]
[27660 27728]
[27729 27799]
[27800 27920]
[27921 27948]
[27949 28034]
[28035 28097]
[28098 28148]
[28149 28181]
[28182 28256]
[28257 28307]
[28308 28360]
[28361 28412]
[28413 28468]
[28469 28495]
[28496 28522]
[28523 28614]
[28615 28665]
[28666 28796]
[28797 28828]
[28829 28925]
[28926 29061]
[29062 29132]
[29133 29189]
[29190 29248]
[29249 29521]
[29522 29581]
[29582 29661]
[29662 29710]
[29711 30043]
[30044 30118]
[30119 30159]
[30160 30229]
[30230 30321]
[30322 30400]
[30401 30505]
[30506 30632]
[30633 30758]
[30759 30852]
[30853 31117]
[31118 31214]
