[ 0 23]
[ 24 350]
[351 409]
[410 437]
[438 478]
[479 507]
[508 538]
[539 568]
[569 602]
[603 634]
[635 664]
[665 695]
[696 724]
[725 775]
[ 776 1329]
[1330 1454]
[1455 1480]
[1481 1519]
[1520 1552]
[1553 1691]
[1692 1765]
[1766 1835]
[1836 1913]
[1914 1997]
[1998 2020]
[2021 2056]
[2057 2090]
[2091 2159]
[2160 2186]
[2187 2230]
[2231 2278]
[2279 2313]
[2314 2346]
[2347 2526]
[2527 2714]
[2715 2759]
[2760 2796]
[2797 2840]
[2841 2882]
[2883 2913]
[2914 2957]
[2958 3428]
[3430 3490]
[3491 3573]
[3574 3678]
[3679 3768]
[3769 3826]
[3827 3865]
[3866 4121]
[4122 4166]
[4167 4216]
[4217 4247]
[4248 4292]
[4293 4320]
[4321 4452]
[4453 4521]
[4522 4608]
[4609 4675]
[4676 4746]
[4747 4805]
[4806 4854]
[4855 4911]
[4912 4966]
[4967 5023]
[5025 5654]
[5655 5703]
[5704 5743]
[5744 5789]
[5790 5846]
[5847 5883]
[5884 5959]
[5960 5999]
[6000 6137]
[6138 6192]
[6193 6233]
[6234 6268]
[6269 6330]
[6331 6374]
[6375 6437]
[6438 6486]
[6487 6552]
[6553 6665]
[6666 6737]
[6738 6934]
[6935 6962]
[6963 7011]
[7012 7046]
[7047 7115]
[7116 7150]
[7151 7292]
[7293 7353]
[7354 7552]
[7553 7621]
[7622 7706]
[7707 7761]
[7762 7795]
[7796 7824]
[7825 7862]
[7863 7888]
[7889 7939]
[7940 7984]
[7985 8003]
[8004 8023]
[8024 8157]
[8158 8208]
[8209 8334]
[8335 8412]
[8413 8520]
[8521 8597]
[8598 8673]
[8674 8730]
[8732 8787]
[8788 9231]
[9232 9269]
[9270 9317]
[9318 9384]
[9385 9426]
[9427 9458]
[9459 9500]
[9501 9547]
[9548 9662]
[9663 9683]
[9684 9730]
[9731 9788]
[9789 9854]
[9855 9896]
[9897 9945]
[9946 9978]
[ 9979 10030]
[10031 10084]
[10085 10121]
[10123 10184]
[10185 10217]
[10218 10247]
[10248 10286]
[10287 10324]
[10325 10364]
[10365 10397]
[10398 10425]
[10426 10451]
[10452 10476]
[10477 10503]
[10504 10541]
[10542 10622]
[10623 11109]
[11110 11294]
[11295 11435]
[11436 11595]
[11596 11751]
[11752 11910]
[11911 12114]
[12115 12643]
[12644 12833]
[12834 12949]
[12950 13133]
[13134 13207]
[13208 13284]
[13285 13367]
[13368 13447]
[13448 13523]
[13524 13566]
[13567 13752]
[13753 13871]
[13872 13927]
[13928 13995]
[13996 14365]
[14366 14566]
[14567 14623]
[14624 14715]
[14716 14815]
[14816 14895]
[14896 14940]
[14941 15049]
[15050 15085]
[15086 15168]
[15169 15265]
[15266 15378]
[15379 15474]
[15475 15554]
[15555 15603]
[15604 15905]
[15906 15993]
[15994 16039]
[16040 16079]
[16080 16099]
[16100 16120]
[16121 16228]
[16229 16307]
[16308 16382]
[16383 16440]
[16441 16486]
[16487 16533]
[16534 16588]
[16589 16742]
[16743 16890]
[16891 16939]
[16940 16999]
[17000 17099]
[17100 17151]
[17152 17223]
[17224 17294]
[17295 17366]
[17367 17450]
[17451 17518]
[17519 17584]
[17585 17655]
[17656 17725]
[17726 17789]
[17790 17873]
[17874 17939]
[17940 18002]
[18003 18063]
[18064 18122]
[18123 18184]
[18185 18254]
[18255 18317]
[18318 18377]
[18378 18733]
[18734 18849]
[18850 18915]
[18916 18999]
[19000 19063]
[19064 19114]
[19115 19168]
[19169 19270]
[19271 19328]
[19329 19382]
[19383 19440]
[19441 19498]
[19499 19542]
[19543 19616]
[19617 19663]
[19664 19685]
[19686 19814]
[19815 19951]
[19952 19994]
[19995 20022]
[20023 20056]
[20057 20092]
[20093 20130]
[20131 20154]
[20155 20255]
[20256 20582]
[20583 20710]
[20711 20797]
[20798 20881]
[20882 21038]
[21039 21242]
[21243 21324]
[21325 21496]
[21497 21593]
[21594 21832]
[21833 21886]
[21887 21944]
[21945 22002]
[22003 22055]
[22056 22115]
[22116 22177]
[22178 22239]
[22240 22294]
[22295 22394]
[22395 22491]
[22492 22550]
[22551 22638]
[22639 22745]
[22746 22840]
[22841 22908]
[22909 23181]
[23182 23608]
[23609 24107]
[24108 24339]
[24340 24403]
[24404 24479]
[24480 24546]
[24547 24615]
[24616 24684]
[24685 24756]
[24757 24821]
[24822 24855]
[24856 24927]
[24928 24999]
[25000 25075]
[25076 25140]
[25141 25518]
[25519 25596]
[25597 25673]
[25674 25750]
[25751 25858]
[25859 26002]
[26003 26099]
[26100 26116]
[26117 26193]
[26194 26262]
[26263 26309]
[26310 26346]
[26347 26423]
[26424 26765]
[26766 26945]
[26946 26987]
[26988 27036]
[27037 27117]
[27118 27187]
[27188 27297]
[27298 27541]
[27542 27585]
[27586 27645]
[27646 27691]
[27692 27736]
[27737 27798]
[27799 27986]
[27987 28067]
[28068 28225]
[28226 28272]
[28273 28397]
[28398 28434]
[28435 28565]
[28566 28642]
[28643 28683]
[28684 28737]
[28738 28891]
[28892 28946]
[28947 28983]
[28984 29017]
[29018 29044]
[29045 29204]
[29205 29237]
[29238 29266]
[29267 29278]
[29279 29340]
[29341 29502]
[29503 29549]
[29550 30048]
[30049 30188]
[30189 30276]
[30277 30346]
[30347 30401]
[30402 30470]
[30471 30526]
[30527 30582]
[30583 30651]
[30652 30705]
[30706 30764]
[30765 30834]
[30835 30887]
[30888 30928]
[30929 31191]
[31192 31285]
