[ 0 25]
[ 26 363]
[364 417]
[418 443]
[444 474]
[475 515]
[516 544]
[545 577]
[578 609]
[610 636]
[637 663]
[664 717]
[ 718 1173]
[1174 1246]
[1247 1323]
[1324 1383]
[1384 1414]
[1415 1443]
[1444 1634]
[1635 1695]
[1696 1744]
[1745 1866]
[1867 1916]
[1917 1983]
[1984 2046]
[2047 2111]
[2112 2167]
[2168 2226]
[2227 2257]
[2258 2531]
[2532 2572]
[2573 2637]
[2638 2702]
[2703 2770]
[2771 2831]
[2832 3206]
[3207 3280]
[3281 3349]
[3350 3418]
[3419 3450]
[3451 3493]
[3494 3529]
[3530 3563]
[3564 3618]
[3619 3678]
[3679 3704]
[3705 4258]
[4260 4329]
[4330 4392]
[4393 4476]
[4477 4586]
[4587 4630]
[4631 4661]
[4662 4715]
[4716 4759]
[4760 4811]
[4812 4855]
[4856 5210]
[5211 5504]
[5505 5564]
[5565 5621]
[5622 5678]
[5679 5760]
[5761 5816]
[5817 5866]
[5867 6163]
[6164 6238]
[6239 6312]
[6313 6386]
[6387 6462]
[6463 6562]
[6563 6658]
[6659 6759]
[6760 6864]
[6865 6966]
[6967 7080]
[7081 7522]
[7523 7600]
[7601 7686]
[7687 7761]
[7762 8103]
[8104 8151]
[8152 8192]
[8193 8230]
[8231 8263]
[8264 8291]
[8292 8320]
[8321 8337]
[8338 8379]
[8380 8427]
[8428 8474]
[8475 8508]
[8509 8548]
[8549 8734]
[8735 8781]
[8782 8818]
[8819 8854]
[8855 8891]
[8892 8930]
[8931 9044]
[9045 9123]
[9124 9198]
[9199 9245]
[9246 9269]
[9270 9357]
[9358 9411]
[9412 9474]
[9475 9512]
[9513 9531]
[9532 9579]
[9580 9628]
[9629 9674]
[9675 9702]
[ 9703 10219]
[10220 10339]
[10340 10403]
[10404 10486]
[10487 10571]
[10572 10636]
[10637 10677]
[10678 10717]
[10718 10816]
[10817 10906]
[10907 11043]
[11044 11079]
[11080 11198]
[11199 11234]
[11235 11358]
[11359 11439]
[11440 11521]
[11522 11580]
[11581 11602]
[11603 11667]
[11668 11705]
[11706 11801]
[11802 11854]
[11855 11883]
[11884 11916]
[11917 11945]
[11946 11981]
[11982 12035]
[12036 12086]
[12087 12121]
[12122 12242]
[12243 12616]
[12617 12689]
[12690 12787]
[12788 12964]
[12965 13098]
[13099 13145]
[13146 13253]
[13254 13499]
[13500 13594]
[13595 13624]
[13625 13652]
[13653 14020]
[14021 14129]
[14130 14254]
[14255 14379]
[14380 14504]
[14505 14629]
[14630 14745]
[14746 14837]
[14838 14906]
[14907 15011]
[15012 15111]
[15112 15406]
[15407 15504]
[15505 15608]
[15609 15721]
[15722 15790]
[15791 15885]
[15886 15967]
[15968 16044]
[16045 16122]
[16123 16204]
[16205 16269]
[16270 16351]
[16352 16415]
[16416 16547]
[16548 16916]
[16917 17000]
[17001 17092]
[17093 17164]
[17165 17339]
[17340 17419]
[17420 17500]
[17501 17573]
[17574 17593]
[17594 17662]
[17663 17738]
[17739 17848]
[17849 17912]
[17913 17972]
[17973 18032]
[18033 18077]
[18078 18551]
[18552 18630]
[18631 18706]
[18707 18780]
[18781 18853]
[18854 18932]
[18933 19005]
[19006 19081]
[19082 19154]
[19155 19260]
[19261 19366]
[19367 19477]
[19478 19582]
[19583 19646]
[19647 20086]
[20087 20212]
[20213 20372]
[20373 20520]
[20521 20656]
[20657 20867]
[20868 20936]
[20937 20992]
[20993 21050]
[21051 21108]
[21109 21173]
[21174 21229]
[21230 21282]
[21283 21619]
[21620 21650]
[21651 21703]
[21704 21725]
[21726 21778]
[21779 21795]
[21796 21852]
[21853 21919]
[21920 21938]
[21939 21957]
[21958 21982]
[21983 21991]
[21992 21998]
[21999 22016]
[22017 22053]
[22054 22091]
[22092 22123]
[22124 22145]
[22146 22169]
[22170 22227]
[22228 22280]
[22281 22302]
[22303 22603]
[22604 22667]
[22668 22717]
[22718 22853]
[22854 23131]
[23132 23197]
[23198 23269]
[23270 23378]
[23379 23469]
[23470 23527]
[23528 23617]
[23619 23715]
[23716 23852]
[23853 23942]
[23943 24092]
[24093 24341]
[24342 24445]
[24446 24598]
[24599 24737]
[24738 24872]
[24873 25083]
[25084 25350]
[25351 25425]
[25426 25555]
[25556 25675]
[25676 25921]
[25922 26013]
[26014 26094]
[26095 26159]
[26160 26238]
[26239 26353]
[26354 26442]
[26443 26575]
[26576 26704]
[26705 26797]
[26798 27168]
[27169 27412]
[27413 27529]
[27530 27648]
[27649 27772]
[27773 27872]
[27873 27967]
[27968 28279]
[28280 28535]
[28536 28673]
[28674 28735]
[28736 28818]
[28819 28893]
[28894 29029]
[29030 29102]
[29103 29151]
[29152 29351]
[29352 29515]
[29516 29764]
[29765 29902]
[29903 29991]
[29992 30054]
[30055 30127]
[30128 30148]
[30149 30618]
[30619 30709]
