[ 0 40]
[ 41 297]
[298 351]
[352 387]
[388 417]
[418 445]
[446 478]
[479 514]
[515 544]
[545 565]
[566 602]
[603 635]
[636 666]
[667 697]
[698 727]
[728 759]
[760 790]
[791 820]
[821 850]
[851 929]
[ 930 1294]
[1295 1364]
[1365 1434]
[1435 1496]
[1497 1557]
[1558 1610]
[1611 1675]
[1676 1724]
[1725 1773]
[1774 1824]
[1825 1873]
[1874 1917]
[1918 1959]
[1960 2007]
[2008 2055]
[2056 2096]
[2097 2116]
[2117 2165]
[2166 2229]
[2230 2268]
[2269 2303]
[2304 2959]
[2960 3029]
[3030 3087]
[3088 3129]
[3130 3198]
[3199 3248]
[3249 3283]
[3284 3335]
[3336 3387]
[3388 3447]
[3448 3482]
[3483 3549]
[3550 3604]
[3605 3658]
[3659 3689]
[3690 3751]
[3752 3825]
[3826 3890]
[3891 3942]
[3943 3987]
[3988 4043]
[4044 4074]
[4075 4133]
[4134 4184]
[4185 4210]
[4211 4584]
[4585 4636]
[4637 4675]
[4676 4700]
[4701 4735]
[4736 4799]
[4800 4822]
[4823 4856]
[4857 4887]
[4888 4910]
[4911 4949]
[4950 4962]
[4963 5041]
[5042 5163]
[5164 5244]
[5245 5354]
[5355 5401]
[5402 5456]
[5457 5486]
[5487 5545]
[5546 5647]
[5648 5750]
[5751 5793]
[5794 5993]
[5994 6360]
[6361 6426]
[6427 6487]
[6488 6515]
[6516 6563]
[6564 6626]
[6627 6667]
[6668 6729]
[6730 6792]
[6793 6866]
[6867 6928]
[6929 6985]
[6986 7018]
[7019 7081]
[7082 7145]
[7146 7203]
[7204 7296]
[7297 7354]
[7355 7410]
[7411 7452]
[7453 8064]
[8065 8140]
[8141 8214]
[8215 8290]
[8291 8365]
[8366 8440]
[8441 8493]
[8494 8554]
[8555 8628]
[8629 8724]
[8725 8792]
[8793 8888]
[8889 9084]
[9085 9160]
[9161 9224]
[9225 9284]
[9285 9353]
[9354 9391]
[9392 9842]
[9843 9954]
[ 9955 10041]
[10042 10121]
[10122 10179]
[10180 10235]
[10236 10290]
[10291 10344]
[10345 10401]
[10402 10452]
[10453 10535]
[10536 10607]
[10608 10695]
[10696 10784]
[10785 10868]
[10869 10961]
[10962 11043]
[11044 11129]
[11130 11153]
[11154 11379]
[11380 11435]
[11436 11498]
[11499 11566]
[11567 11619]
[11620 11705]
[11706 11783]
[11784 11860]
[11861 11942]
[11943 12018]
[12019 12076]
[12077 12119]
[12120 12184]
[12185 12237]
[12238 12323]
[12324 12401]
[12402 12484]
[12485 12542]
[12543 12593]
[12594 12640]
[12641 12681]
[12682 12722]
[12723 12770]
[12771 12816]
[12817 12857]
[12858 12900]
[12901 12983]
[12984 13269]
[13270 13360]
[13361 13422]
[13423 13599]
[13600 13623]
[13624 13976]
[13977 14117]
[14118 14157]
[14158 14200]
[14201 14239]
[14240 14286]
[14287 14337]
[14338 14386]
[14387 14441]
[14442 14485]
[14486 14526]
[14527 14573]
[14574 14615]
[14616 14662]
[14663 14699]
[14700 14741]
[14742 14786]
[14787 14843]
[14844 14929]
[14930 15193]
[15194 15280]
[15281 15418]
[15419 15533]
[15534 15677]
[15678 15700]
[15701 15780]
[15781 15835]
[15836 15896]
[15897 16073]
[16074 16120]
[16121 16217]
[16218 16273]
[16274 16357]
[16358 16422]
[16423 16482]
[16483 16541]
[16542 16631]
[16632 16680]
[16681 16733]
[16734 16787]
[16788 16851]
[16852 16897]
[16898 16965]
[16966 17024]
[17025 17075]
[17076 17197]
[17198 17809]
[17810 17957]
[17958 18051]
[18052 18099]
[18100 18161]
[18162 18224]
[18225 18377]
[18378 18471]
[18472 18529]
[18530 18640]
[18641 18795]
[18796 18860]
[18861 18939]
[18940 19011]
[19012 19054]
[19055 19433]
[19434 19793]
[19794 19937]
[19938 20038]
[20039 20133]
[20134 20195]
[20196 20249]
[20250 20357]
[20358 20402]
[20403 20450]
[20451 20486]
[20487 20592]
[20593 20706]
[20707 20836]
[20837 20870]
[20871 20945]
[20946 21301]
[21302 21357]
[21358 21429]
[21430 21486]
[21487 21550]
[21551 21734]
[21735 21935]
[21936 21986]
[21987 22233]
[22234 22280]
[22281 22325]
[22326 22369]
[22370 22774]
[22775 22836]
[22837 22904]
[22905 22978]
[22979 23050]
[23051 23142]
[23143 23235]
[23236 23286]
[23287 23341]
[23342 23383]
[23384 23455]
[23456 23525]
[23526 23559]
[23560 23624]
[23625 23666]
[23667 23712]
[23713 23792]
[23793 24033]
[24034 24070]
[24071 24169]
[24170 24242]
[24243 24317]
[24318 24391]
[24392 24467]
[24468 24538]
[24539 24603]
[24604 24663]
[24664 24963]
[24964 25044]
[25045 25134]
[25135 25219]
[25220 25294]
[25295 25384]
[25385 25498]
[25499 25579]
[25580 25695]
[25696 25788]
[25789 25881]
[25882 26223]
[26224 26760]
[26761 26830]
[26831 26898]
[26899 26967]
[26968 27019]
[27020 27335]
[27336 27401]
[27402 27461]
[27462 27544]
[27545 27608]
[27609 27697]
[27698 27791]
[27792 27900]
[27901 27997]
[27998 28076]
[28077 28178]
[28179 28253]
[28254 28328]
[28329 28400]
[28401 28456]
[28457 28710]
[28711 28864]
[28865 28937]
[28938 29026]
[29027 29093]
[29094 29179]
[29180 29253]
[29254 29320]
[29321 29331]
[29332 29411]
[29412 29478]
[29479 29505]
[29506 29904]
[29906 30006]
