[ 0 33]
[ 34 269]
[270 326]
[327 362]
[363 392]
[393 420]
[421 453]
[454 484]
[485 515]
[516 547]
[548 577]
[578 610]
[611 641]
[642 672]
[673 702]
[703 765]
[766 816]
[817 905]
[ 906 1316]
[1317 1353]
[1354 1381]
[1382 1411]
[1412 1447]
[1448 1479]
[1480 1513]
[1514 1535]
[1536 1581]
[1582 1625]
[1626 1668]
[1669 1804]
[1805 1832]
[1833 1881]
[1882 1911]
[1912 1977]
[1978 2005]
[2006 2039]
[2040 2067]
[2068 2091]
[2092 2208]
[2209 2372]
[2373 2393]
[2394 2438]
[2439 2478]
[2479 2553]
[2554 2662]
[2663 2716]
[2717 2754]
[2755 2797]
[2798 2819]
[2820 3318]
[3319 3383]
[3384 3433]
[3434 3501]
[3502 3574]
[3575 3624]
[3625 3674]
[3675 3730]
[3731 3769]
[3770 3825]
[3826 3904]
[3905 3967]
[3968 4006]
[4007 4102]
[4103 4156]
[4157 4221]
[4222 4280]
[4281 4338]
[4339 4373]
[4374 4426]
[4427 4961]
[4962 5147]
[5148 5194]
[5195 5237]
[5238 5303]
[5304 5353]
[5354 5399]
[5400 5430]
[5431 5472]
[5473 5519]
[5520 5562]
[5563 5602]
[5603 5718]
[5719 5782]
[5783 5832]
[5833 5986]
[5987 6021]
[6022 6050]
[6051 6074]
[6075 6118]
[6119 6379]
[6380 6443]
[6444 6520]
[6521 6608]
[6609 6745]
[6746 6839]
[6840 7020]
[7021 7140]
[7141 7170]
[7171 7369]
[7370 7413]
[7414 7492]
[7493 7578]
[7579 7642]
[7643 7724]
[7725 7803]
[7804 7872]
[7873 7923]
[7924 8013]
[8014 8078]
[8079 8146]
[8147 8210]
[8211 8323]
[8324 8405]
[8406 8519]
[8520 8569]
[8570 8625]
[8626 8679]
[8680 8772]
[8773 8840]
[8841 8957]
[8958 8974]
[8975 9163]
[9164 9212]
[9213 9257]
[9258 9292]
[9293 9362]
[9363 9396]
[9397 9514]
[9515 9578]
[9579 9628]
[9629 9646]
[9647 9742]
[9743 9792]
[9793 9819]
[9820 9917]
[9918 9950]
[9951 9991]
[ 9992 10013]
[10014 10074]
[10075 10124]
[10125 10185]
[10186 10406]
[10407 10427]
[10428 10460]
[10461 10476]
[10477 10560]
[10561 10601]
[10602 10634]
[10635 10687]
[10688 10731]
[10732 10776]
[10777 10819]
[10820 10867]
[10868 10916]
[10917 10963]
[10964 11006]
[11007 11043]
[11044 11129]
[11130 11189]
[11190 11605]
[11606 11650]
[11651 11713]
[11714 11845]
[11846 11932]
[11933 12003]
[12004 12110]
[12111 12191]
[12192 12329]
[12330 12469]
[12470 12528]
[12529 12633]
[12634 12744]
[12745 12950]
[12951 13110]
[13111 13224]
[13225 13274]
[13275 13310]
[13311 13372]
[13373 13392]
[13393 13455]
[13456 13511]
[13512 13560]
[13561 13620]
[13621 13686]
[13687 13758]
[13759 13800]
[13801 13844]
[13845 14111]
[14112 14189]
[14190 14282]
[14283 14676]
[14677 14936]
[14937 15215]
[15216 15322]
[15323 15420]
[15421 15503]
[15504 15582]
[15583 15880]
[15881 15962]
[15963 16027]
[16028 16085]
[16086 16200]
[16201 16269]
[16270 16412]
[16413 16720]
[16721 16932]
[16933 17043]
[17044 17087]
[17088 17282]
[17283 17370]
[17371 17485]
[17486 17585]
[17586 17642]
[17643 17740]
[17741 18079]
[18080 18257]
[18258 18436]
[18437 18579]
[18580 19540]
[19541 19858]
[19859 20023]
[20024 20154]
[20156 20282]
[20284 20427]
[20429 20611]
[20613 20656]
[20657 21039]
[21040 21136]
[21137 21335]
[21336 21362]
[21363 21412]
[21413 21462]
[21463 21512]
[21513 21550]
[21551 21605]
[21606 21636]
[21637 21689]
[21690 21738]
[21739 21863]
[21864 21927]
[21928 21959]
[21960 21987]
[21988 22000]
[22003 22019]
[22020 22245]
[22246 22471]
[22472 22543]
[22544 22810]
[22811 23003]
[23004 23160]
[23161 23366]
[23367 23486]
[23487 23785]
[23786 23845]
[23846 23943]
[23944 24003]
[24004 24072]
[24073 24119]
[24120 24180]
[24181 24240]
[24241 24278]
[24279 24324]
[24325 24379]
[24380 24423]
[24424 24472]
[24473 24519]
[24520 24576]
[24577 24845]
[24846 24979]
[24980 25145]
[25146 25187]
[25188 25265]
[25266 25394]
[25395 25552]
[25553 25823]
[25824 25904]
[25905 26051]
[26052 26150]
[26151 26170]
[26171 26231]
[26232 26333]
[26334 26375]
[26376 26430]
[26431 26490]
[26491 26550]
[26551 26731]
[26732 26953]
[26954 27514]
[27515 27587]
[27588 27658]
[27659 28230]
[28232 28314]
