[ 0 13]
[ 14 280]
[281 337]
[338 373]
[374 403]
[404 437]
[438 464]
[465 508]
[509 548]
[549 588]
[589 622]
[623 662]
[663 690]
[691 713]
[714 762]
[763 803]
[804 922]
[ 923 1356]
[1357 1420]
[1421 1476]
[1477 1535]
[1536 1562]
[1563 1575]
[1576 1633]
[1634 1682]
[1683 1718]
[1719 1790]
[1791 1843]
[1844 1901]
[1902 1933]
[1934 2018]
[2019 2076]
[2077 2112]
[2113 2167]
[2168 2208]
[2209 2289]
[2290 2348]
[2349 2382]
[2383 2475]
[2476 2499]
[2500 2582]
[2583 2690]
[2691 2717]
[2718 2736]
[2737 2802]
[2803 2845]
[2846 2941]
[2942 2994]
[2995 3067]
[3068 3133]
[3134 3192]
[3193 3259]
[3260 3315]
[3316 3379]
[3380 3425]
[3426 3470]
[3471 3515]
[3516 3571]
[3572 3619]
[3620 3668]
[3669 3716]
[3717 3742]
[3743 3793]
[3794 3839]
[3840 4302]
[4303 4351]
[4352 4398]
[4399 4431]
[4432 4478]
[4479 4518]
[4519 4603]
[4604 4696]
[4697 4776]
[4777 4837]
[4838 4948]
[4949 4987]
[4988 5020]
[5021 5064]
[5065 5110]
[5111 5155]
[5156 5193]
[5194 5254]
[5255 5314]
[5315 5751]
[5752 5897]
[5898 6128]
[6129 6320]
[6321 6572]
[6573 7084]
[7085 7156]
[7157 7206]
[7207 7260]
[7261 7323]
[7324 7352]
[7353 7444]
[7445 7509]
[7510 7612]
[7613 7675]
[7676 7821]
[7822 7892]
[7893 7945]
[7946 7992]
[7993 8032]
[8033 8089]
[8090 8144]
[8145 8201]
[8202 8262]
[8263 8319]
[8320 8372]
[8373 8451]
[8452 8884]
[8885 8966]
[8967 8991]
[8992 9099]
[9100 9177]
[9178 9242]
[9243 9277]
[9278 9340]
[9341 9388]
[9389 9439]
[9440 9490]
[9491 9525]
[9526 9547]
[9548 9612]
[9613 9849]
[9850 9914]
[9915 9949]
[ 9950 10043]
[10044 10071]
[10072 10360]
[10361 10491]
[10492 10543]
[10544 10781]
[10782 10852]
[10853 10943]
[10944 11018]
[11019 11132]
[11133 11194]
[11195 11244]
[11245 11315]
[11316 11430]
[11431 11459]
[11460 11635]
[11636 11983]
[11984 12107]
[12108 12145]
[12146 12338]
[12339 12526]
[12527 12662]
[12663 12787]
[12788 12900]
[12901 12965]
[12966 13015]
[13016 13041]
[13042 13135]
[13136 13233]
[13234 13543]
[13544 13628]
[13629 13692]
[13693 13776]
[13777 13884]
[13885 13992]
[13993 14098]
[14099 14178]
[14179 14257]
[14258 14308]
[14309 14387]
[14388 14497]
[14498 14569]
[14570 14893]
[14894 14935]
[14936 15013]
[15014 15146]
[15147 15272]
[15273 15416]
[15417 15504]
[15505 15573]
[15574 15648]
[15649 15739]
[15740 15813]
[15814 15872]
[15873 15932]
[15933 15971]
[15972 16012]
[16013 16048]
[16049 16083]
[16084 16112]
[16113 16172]
[16173 16200]
[16201 16240]
[16241 16290]
[16291 16375]
[16376 17030]
[17031 17158]
[17159 17256]
[17257 17340]
[17341 17431]
[17432 17512]
[17513 17587]
[17588 17662]
[17663 17778]
[17779 17887]
[17888 17997]
[17998 18290]
[18291 18342]
[18343 18383]
[18384 18462]
[18463 18564]
[18565 18656]
[18657 18759]
[18760 18882]
[18883 19001]
[19002 19121]
[19122 19323]
[19324 19411]
[19412 19499]
[19500 19590]
[19591 19647]
[19648 19682]
[19683 19741]
[19742 19809]
[19810 19868]
[19869 19980]
[19981 20142]
[20143 20755]
[20756 20870]
[20871 20962]
[20963 20996]
[20997 21074]
[21075 21110]
[21111 21193]
[21194 21279]
[21280 21385]
[21386 21487]
[21488 21537]
[21538 21720]
[21721 21814]
[21815 21879]
[21880 21966]
[21967 22211]
[22212 22713]
[22714 22821]
[22822 22875]
[22876 22926]
[22927 23008]
[23009 23067]
[23068 23211]
[23212 23276]
[23277 23326]
[23327 23453]
[23454 23504]
[23505 23556]
[23557 23589]
[23590 23644]
[23645 23680]
[23681 23708]
[23709 23838]
[23839 23908]
[23909 24194]
[24195 24302]
[24303 24350]
[24351 24390]
[24391 24448]
[24449 24499]
[24500 24517]
[24518 24575]
[24576 24622]
[24623 24673]
[24674 24815]
[24816 24851]
[24852 24880]
[24881 24910]
[24911 24978]
[24979 25055]
[25056 25086]
[25087 25119]
[25120 25142]
[25143 25188]
[25189 25490]
[25491 25555]
[25556 25617]
[25618 25696]
[25697 25788]
[25789 25878]
[25879 25990]
[25991 26072]
[26073 26165]
[26166 26256]
[26257 26415]
[26416 26745]
[26747 26877]
[26878 26992]
[26993 27115]
[27116 27211]
[27212 27332]
[27333 27389]
[27390 27460]
[27461 27643]
[27644 27703]
[27704 27763]
[27764 27823]
[27824 27873]
[27874 27932]
[27933 28022]
[28023 28332]
[28333 28551]
[28552 28643]
[28644 28758]
[28759 28990]
[28991 29089]
