[ 0 19]
[21 40]
[41 60]
[ 62 105]
[107 184]
[185 630]
[631 687]
[688 723]
[724 753]
[754 781]
[782 814]
[815 840]
[841 870]
[871 904]
[905 938]
[939 968]
[969 998]
[ 999 1030]
[1031 1141]
[1142 1548]
[1549 1626]
[1627 1685]
[1686 1739]
[1740 1800]
[1801 1906]
[1907 1960]
[1961 2022]
[2023 2184]
[2185 2238]
[2239 2295]
[2296 2354]
[2355 2396]
[2397 2556]
[2557 2594]
[2595 2623]
[2624 2682]
[2683 2737]
[2738 2786]
[2787 2829]
[2830 2901]
[2902 2939]
[2940 2982]
[2983 3005]
[3006 3314]
[3315 3418]
[3419 3521]
[3522 3620]
[3621 3733]
[3734 3835]
[3836 3938]
[3939 3985]
[3986 4073]
[4074 4118]
[4119 4150]
[4151 4238]
[4239 4273]
[4274 4326]
[4327 4378]
[4379 4808]
[4809 5012]
[5013 5354]
[5355 5507]
[5508 5561]
[5562 5610]
[5611 5649]
[5650 5724]
[5725 5769]
[5770 5818]
[5819 5870]
[5871 5917]
[5918 5964]
[5965 6014]
[6015 6070]
[6071 6087]
[6088 6483]
[6484 6562]
[6563 6634]
[6635 6723]
[6724 6794]
[6795 6859]
[6860 6931]
[6932 6999]
[7000 7071]
[7072 7148]
[7149 7197]
[7198 7267]
[7268 7313]
[7314 7364]
[7365 7435]
[7436 7465]
[7466 7913]
[7914 7981]
[7982 8035]
[8036 8078]
[8079 8132]
[8133 8191]
[8192 8230]
[8231 8275]
[8276 8315]
[8316 8359]
[8360 8395]
[8396 8456]
[8457 8500]
[8501 8695]
[8696 8753]
[8754 8818]
[8819 8909]
[8910 8966]
[8967 9012]
[9013 9051]
[9052 9153]
[9154 9191]
[9192 9222]
[9223 9257]
[9258 9292]
[9293 9333]
[9334 9443]
[9444 9499]
[9500 9592]
[9593 9990]
[ 9991 10031]
[10032 10074]
[10075 10082]
[10083 10128]
[10129 10143]
[10144 10197]
[10198 10224]
[10225 10267]
[10268 10291]
[10292 10322]
[10323 10344]
[10345 10379]
[10380 10421]
[10422 10474]
[10475 10515]
[10516 10562]
[10563 10613]
[10614 10636]
[10637 10668]
[10669 10700]
[10701 10766]
[10767 10781]
[10782 10830]
[10831 10876]
[10877 10920]
[10921 10948]
[10949 10958]
[10959 10990]
[10991 11025]
[11026 11057]
[11058 11378]
[11379 11454]
[11455 11527]
[11528 11634]
[11635 11721]
[11722 11788]
[11789 11813]
[11814 11900]
[11901 11965]
[11966 12014]
[12015 12077]
[12078 12124]
[12125 12156]
[12157 12169]
[12170 12229]
[12230 12547]
[12548 13457]
[13458 13807]
[13808 13932]
[13933 14036]
[14037 14098]
[14099 14135]
[14136 14172]
[14173 14223]
[14224 14272]
[14273 14356]
[14357 14394]
[14395 14478]
[14479 14523]
[14524 14568]
[14569 14636]
[14637 15120]
[15121 15354]
[15356 15478]
[15480 15603]
[15604 15729]
[15730 15900]
[15901 16062]
[16063 16189]
[16190 16281]
[16282 16405]
[16407 16530]
[16532 16552]
[16553 16881]
[16882 16945]
[16946 17020]
[17021 17110]
[17111 17189]
[17190 17289]
[17290 17710]
[17711 17745]
[17746 18070]
[18071 18140]
[18141 18202]
[18203 18280]
[18281 18322]
[18323 18379]
[18380 18403]
[18404 18454]
[18455 18520]
[18521 18577]
[18578 18643]
[18644 18670]
[18671 18681]
[18682 18700]
[18701 18767]
[18768 18833]
[18834 18890]
[18891 18947]
[18948 19008]
[19009 19077]
[19078 19140]
[19141 19204]
[19205 19253]
[19254 19309]
[19310 19698]
[19699 19769]
[19770 19887]
[19889 19946]
[19948 20010]
[20011 20060]
[20062 20604]
[20605 20728]
[20729 20791]
[20792 20824]
[20825 21256]
[21258 21305]
[21306 21407]
[21408 21570]
[21571 21654]
[21655 21765]
[21766 21853]
[21854 21903]
[21904 22074]
[22075 22121]
[22122 22175]
[22176 22239]
[22240 22285]
[22286 22341]
[22342 22395]
[22396 22489]
[22490 22527]
[22528 22572]
[22573 22599]
[22600 22643]
[22644 22687]
[22688 22792]
[22793 22850]
[22851 23124]
[23125 23163]
[23164 23216]
[23217 23268]
[23269 23320]
[23321 23383]
[23384 23444]
[23445 23500]
[23501 23558]
[23559 23620]
[23621 23699]
[23700 23786]
[23787 23880]
[23881 23945]
[23946 24011]
[24012 24045]
[24046 24120]
[24121 24197]
[24198 24243]
[24244 24593]
[24594 24658]
[24659 24718]
[24719 24745]
[24746 24785]
[24786 24833]
[24834 24958]
[24959 24979]
[24980 25049]
[25050 25114]
[25115 25164]
[25165 25227]
[25228 25282]
[25283 25346]
[25347 25393]
[25394 25419]
[25420 25489]
[25490 25574]
[25575 25649]
[25650 25735]
[25736 25809]
[25810 25929]
[25930 26285]
[26286 26380]
[26381 26472]
[26473 26537]
[26538 26646]
[26647 26718]
[26719 26828]
[26829 26909]
[26910 27180]
[27181 27287]
[27288 27354]
[27355 27423]
[27424 27469]
[27470 27496]
[27497 27869]
[27870 28061]
[28062 28089]
[28090 28153]
[28154 28198]
[28199 28243]
[28244 28287]
[28288 28322]
[28323 28365]
[28366 28477]
[28478 28508]
[28509 28542]
[28543 28574]
[28575 28920]
[28921 28999]
