[ 0 22]
[24 43]
[44 63]
[ 65 108]
[110 218]
[219 749]
[750 810]
[811 843]
[844 871]
[872 904]
[905 937]
[938 955]
[956 978]
[ 979 1012]
[1013 1045]
[1046 1061]
[1062 1149]
[1150 1186]
[1187 1226]
[1227 1281]
[1282 1311]
[1312 1392]
[1393 1755]
[1756 1829]
[1830 1877]
[1878 1893]
[1894 1938]
[1939 2006]
[2007 2052]
[2053 2131]
[2132 2206]
[2207 2235]
[2236 2287]
[2288 2328]
[2329 2362]
[2363 2391]
[2392 2426]
[2427 2480]
[2481 2689]
[2690 2742]
[2743 2766]
[2767 2827]
[2828 2937]
[2938 3001]
[3002 3052]
[3053 3082]
[3083 3130]
[3131 3183]
[3184 3226]
[3227 3294]
[3295 3636]
[3637 3663]
[3664 3714]
[3715 3783]
[3784 3842]
[3843 3901]
[3902 3969]
[3970 4035]
[4036 4081]
[4082 4172]
[4173 4249]
[4250 4338]
[4339 4408]
[4409 4461]
[4462 4522]
[4523 4573]
[4574 4614]
[4615 4667]
[4668 4726]
[4727 4780]
[4781 4900]
[4901 4937]
[4938 4994]
[4995 5058]
[5059 5144]
[5145 5480]
[5481 5539]
[5540 5569]
[5570 5587]
[5588 5623]
[5624 5657]
[5658 5681]
[5682 5712]
[5713 5741]
[5742 5783]
[5784 5843]
[5844 5945]
[5946 6015]
[6016 6061]
[6062 6081]
[6082 6148]
[6149 6201]
[6202 6244]
[6245 6279]
[6280 6333]
[6334 6400]
[6401 6609]
[6610 6656]
[6657 6673]
[6674 6727]
[6728 6747]
[6748 6805]
[6806 6853]
[6854 6914]
[6915 6960]
[6961 7184]
[7185 7226]
[7227 7287]
[7288 7338]
[7339 7358]
[7359 7421]
[7422 7454]
[7455 7495]
[7496 7518]
[7519 7653]
[7654 7696]
[7697 7727]
[7728 7760]
[7761 7810]
[7811 7939]
[7940 7975]
[7976 8027]
[8028 8068]
[8069 8100]
[8101 8125]
[8126 8171]
[8172 8211]
[8212 8247]
[8248 8462]
[8463 8518]
[8519 8542]
[8543 8581]
[8582 8616]
[8617 8668]
[8669 8720]
[8721 9069]
[9070 9112]
[9113 9157]
[9158 9342]
[9343 9380]
[9381 9468]
[9469 9595]
[9596 9632]
[9633 9660]
[9661 9682]
[9683 9712]
[9713 9755]
[9756 9840]
[9841 9881]
[ 9882 10049]
[10050 10163]
[10164 10208]
[10209 10238]
[10239 10326]
[10327 10363]
[10364 10441]
[10442 10519]
[10520 10945]
[10946 11014]
[11015 11048]
[11049 11078]
[11079 11122]
[11123 11174]
[11175 11245]
[11246 11305]
[11306 11355]
[11356 11601]
[11602 11651]
[11652 11684]
[11685 11714]
[11715 11759]
[11760 11795]
[11796 11826]
[11827 12034]
[12035 12145]
[12146 12195]
[12196 12241]
[12242 12271]
[12272 12311]
[12312 12380]
[12381 12459]
[12460 12928]
[12929 12991]
[12992 13058]
[13059 13097]
[13098 13169]
[13170 13189]
[13190 13265]
[13266 13485]
[13486 13555]
[13556 13616]
[13617 13648]
[13649 13687]
[13688 13721]
[13722 13748]
[13749 13769]
[13770 13889]
[13890 13919]
[13920 13952]
[13953 13992]
[13993 14031]
[14032 14077]
[14078 14112]
[14113 14209]
[14210 14250]
[14251 14270]
[14271 14355]
[14356 14380]
[14381 14421]
[14422 14536]
[14537 14575]
[14576 14607]
[14608 14673]
[14674 14716]
[14717 14760]
[14761 14804]
[14805 14845]
[14846 14906]
[14907 14985]
[14986 15415]
[15416 15543]
[15544 15652]
[15653 15765]
[15766 15893]
[15894 15950]
[15951 16035]
[16036 16082]
[16083 16189]
[16190 16208]
[16209 16313]
[16314 16418]
[16419 16544]
[16545 16622]
[16623 16738]
[16739 17048]
[17049 17133]
[17134 17197]
[17198 17236]
[17237 17302]
[17303 17376]
[17377 17468]
[17469 17560]
[17561 17599]
[17600 17658]
[17659 17732]
[17733 17828]
[17829 17910]
[17911 18052]
[18053 18152]
[18153 18386]
[18387 18469]
[18470 18536]
[18537 18608]
[18609 18692]
[18693 18777]
[18778 18884]
[18885 18947]
[18948 19038]
[19039 19192]
[19193 19296]
[19297 19368]
[19369 19608]
[19609 19674]
[19675 19708]
[19709 19751]
[19752 19797]
[19798 19842]
[19843 19892]
[19893 19950]
[19951 19975]
[19976 20033]
[20034 20084]
[20085 20163]
[20164 20241]
[20242 20303]
[20304 20543]
[20544 20629]
[20630 20679]
[20680 20763]
[20764 20822]
[20823 20865]
[20866 20929]
[20930 20985]
[20986 21034]
[21035 21084]
[21085 21134]
[21135 21173]
[21174 21240]
[21241 21291]
[21292 21336]
[21337 21387]
[21388 21460]
[21461 21533]
[21534 21609]
[21610 21672]
[21673 22097]
[22098 22217]
[22218 22298]
[22299 22370]
[22371 22442]
[22443 22510]
[22511 22570]
[22571 22636]
[22637 22709]
[22710 22840]
[22841 22912]
[22913 23099]
[23100 23168]
[23169 23214]
[23215 23247]
[23248 23279]
[23280 23332]
[23333 23379]
[23380 23431]
[23432 23456]
[23457 23546]
[23547 23886]
[23887 23997]
[23998 24122]
[24123 24181]
[24182 24229]
[24230 24364]
[24365 24494]
[24495 24541]
[24542 24595]
[24596 24761]
[24762 24838]
[24839 24963]
[24964 25010]
[25011 25082]
[25083 25136]
[25137 25196]
[25197 25448]
[25449 25523]
[25524 25663]
[25664 25719]
[25720 25849]
[25850 25966]
[25967 26059]
[26060 26127]
[26128 26178]
[26179 26240]
[26241 26295]
[26296 26345]
[26346 26427]
[26428 26486]
[26487 26572]
[26573 26897]
[26898 27066]
[27067 27376]
[27377 27478]
[27479 27544]
[27545 27668]
[27669 27799]
[27800 28008]
[28009 28222]
[28223 28306]
[28307 28399]
[28400 28497]
[28498 28558]
[28559 28610]
[28611 28681]
[28682 28788]
[28789 28875]
[28876 28957]
[28958 29036]
[29037 29071]
[29072 29126]
[29127 29163]
[29164 29224]
[29225 29275]
[29276 29343]
[29344 29695]
[29696 29744]
[29745 29822]
[29823 29930]
[29931 29969]
[29970 30070]
[30071 30167]
[30168 30287]
[30288 30605]
[30606 30641]
[30642 30776]
[30777 30853]
[30854 30891]
[30892 30969]
[30970 31028]
[31029 31428]
[31429 31549]
