[ 0 14]
[16 35]
[36 55]
[57 77]
[ 78 100]
[102 198]
[199 550]
[551 598]
[599 627]
[628 656]
[657 685]
[686 725]
[726 757]
[758 793]
[794 821]
[822 847]
[848 881]
[882 912]
[913 942]
[943 976]
[ 977 1002]
[1003 1020]
[1021 1044]
[1045 1073]
[1074 1093]
[1094 1176]
[1177 1683]
[1684 1708]
[1709 1763]
[1764 1807]
[1808 1875]
[1876 1927]
[1928 1979]
[1980 2014]
[2015 2049]
[2050 2098]
[2099 2189]
[2190 2228]
[2229 2254]
[2255 2276]
[2277 2308]
[2309 2367]
[2368 2430]
[2431 2682]
[2683 2724]
[2725 2749]
[2750 2793]
[2794 2880]
[2881 2938]
[2939 2982]
[2983 3008]
[3009 3066]
[3067 3102]
[3103 3510]
[3511 3603]
[3604 3639]
[3640 3675]
[3676 3880]
[3881 3951]
[3952 3981]
[3982 4126]
[4127 4191]
[4192 4260]
[4261 4354]
[4355 4401]
[4402 4451]
[4452 4498]
[4499 4548]
[4549 4596]
[4597 4670]
[4671 4728]
[4729 4798]
[4799 4881]
[4882 4903]
[4904 5003]
[5004 5107]
[5108 5168]
[5169 5362]
[5363 5448]
[5449 5548]
[5549 5615]
[5616 5655]
[5656 5706]
[5707 5748]
[5749 5801]
[5802 5871]
[5872 5889]
[5890 6013]
[6014 6262]
[6263 6398]
[6399 6477]
[6478 6542]
[6543 6595]
[6596 6652]
[6653 6721]
[6722 6764]
[6765 7091]
[7092 7382]
[7383 7419]
[7420 7470]
[7471 7507]
[7508 7660]
[7661 7736]
[7737 7780]
[7781 7807]
[7808 7883]
[7884 7921]
[7922 7958]
[7959 8054]
[8055 8114]
[8115 8144]
[8145 8227]
[8228 8296]
[8297 8599]
[8600 8968]
[8969 9093]
[9094 9136]
[9137 9168]
[9169 9199]
[9200 9255]
[9256 9315]
[9316 9370]
[9371 9488]
[9489 9533]
[9534 9609]
[9610 9685]
[9686 9770]
[9771 9851]
[9852 9926]
[9927 9982]
[ 9983 10009]
[10010 10035]
[10036 10061]
[10062 10088]
[10089 10111]
[10112 10137]
[10138 10162]
[10163 10190]
[10191 10219]
[10220 10250]
[10251 10276]
[10277 10302]
[10303 10327]
[10328 10422]
[10423 10668]
[10669 10696]
[10697 10768]
[10769 10838]
[10839 10869]
[10870 10912]
[10913 10964]
[10965 10999]
[11000 11025]
[11026 11085]
[11086 11138]
[11139 11228]
[11229 11276]
[11277 11334]
[11335 11403]
[11404 11448]
[11449 11487]
[11488 11941]
[11942 11983]
[11984 12032]
[12033 12085]
[12086 12097]
[12098 12306]
[12307 12340]
[12341 12430]
[12431 12517]
[12518 12629]
[12630 12666]
[12667 12726]
[12727 12794]
[12795 12835]
[12836 12893]
[12894 13161]
[13162 13250]
[13251 13361]
[13362 13424]
[13425 13612]
[13613 13716]
[13717 13767]
[13768 13848]
[13849 13949]
[13950 13986]
[13987 14050]
[14051 14346]
[14347 14409]
[14410 14487]
[14488 14561]
[14562 14641]
[14642 14720]
[14721 14806]
[14807 14858]
[14859 14921]
[14922 14970]
[14971 15115]
[15116 15230]
[15231 15282]
[15283 15362]
[15363 15392]
[15393 15646]
[15647 15745]
[15746 15821]
[15822 15941]
[15942 16013]
[16014 16082]
[16083 16196]
[16197 16294]
[16295 16370]
[16371 16449]
[16450 16507]
[16508 16536]
[16537 16571]
[16572 16605]
[16606 16637]
[16638 16687]
[16688 16718]
[16719 16750]
[16751 16825]
[16826 16856]
[16857 16950]
[16951 17197]
[17198 17292]
[17293 17328]
[17329 17372]
[17373 17376]
[17377 17436]
[17437 17489]
[17490 17529]
[17530 17616]
[17617 17696]
[17697 17764]
[17765 17821]
[17822 17848]
[17849 17898]
[17899 17944]
[17945 17988]
[17989 18031]
[18032 18072]
[18073 18142]
[18143 18177]
[18178 18210]
[18211 18267]
[18268 18324]
[18325 18381]
[18382 18419]
[18420 18460]
[18461 18565]
[18566 18628]
[18629 18675]
[18676 18746]
[18747 19101]
[19102 19162]
[19163 19215]
[19216 19327]
[19328 19345]
[19346 19429]
[19430 19556]
[19557 19659]
[19660 19746]
[19747 19848]
[19849 19893]
[19894 19958]
[19959 20020]
[20021 20070]
[20071 20330]
[20331 20427]
[20428 20460]
[20461 20495]
[20496 20652]
[20653 20738]
[20739 20825]
[20826 20851]
[20852 20929]
[20930 21037]
[21038 21074]
[21075 21141]
[21142 21181]
[21182 21241]
[21242 21287]
[21288 21404]
[21405 21480]
[21481 21566]
[21567 21699]
[21700 22003]
[22004 22116]
[22117 22227]
[22228 22342]
[22343 22435]
[22436 22553]
[22554 22572]
[22573 22719]
[22720 22887]
[22888 23021]
[23022 23047]
[23048 23136]
[23137 23193]
[23194 23245]
[23246 23256]
[23257 23612]
[23613 23726]
[23727 23798]
[23799 23830]
[23831 23953]
[23954 24008]
[24009 24050]
[24051 24084]
[24085 24147]
[24148 24194]
[24195 24238]
[24239 24283]
[24284 24328]
[24329 24348]
[24349 24400]
[24401 24454]
[24455 24562]
[24563 24624]
[24625 24721]
[24722 25074]
[25075 25131]
[25132 25201]
[25202 25264]
[25265 25301]
[25302 25393]
[25394 25431]
[25432 25462]
[25463 25512]
[25513 25579]
[25580 25608]
[25609 25658]
[25659 25827]
[25828 25912]
[25913 25971]
[25972 26032]
[26033 26185]
[26186 26249]
[26250 26374]
[26375 26438]
[26439 26493]
[26494 26618]
[26619 26755]
[26756 26856]
[26857 27045]
[27046 27449]
[27450 27549]
