[ 0 16]
[18 37]
[38 57]
[ 59 102]
[104 185]
[186 472]
[473 524]
[525 554]
[555 579]
[580 625]
[626 652]
[653 683]
[684 709]
[710 742]
[743 775]
[776 826]
[ 827 1202]
[1203 1239]
[1240 1295]
[1296 1343]
[1344 1396]
[1397 1453]
[1454 1504]
[1505 1542]
[1543 1592]
[1593 1645]
[1646 1697]
[1698 1743]
[1744 1804]
[1805 1851]
[1852 1894]
[1895 1945]
[1946 2019]
[2020 2068]
[2069 2130]
[2131 2185]
[2186 2241]
[2242 2289]
[2290 2313]
[2314 2593]
[2594 2735]
[2736 2816]
[2817 2905]
[2906 2976]
[2977 3044]
[3045 3124]
[3125 3206]
[3207 3266]
[3267 3589]
[3590 3641]
[3642 3681]
[3682 3752]
[3753 3810]
[3811 3901]
[3902 3936]
[3937 4005]
[4006 4087]
[4088 4116]
[4117 4171]
[4172 4231]
[4232 4287]
[4288 4354]
[4355 4415]
[4416 4572]
[4573 4635]
[4636 4677]
[4678 4749]
[4750 4780]
[4781 4821]
[4822 4850]
[4851 4881]
[4882 4964]
[4965 5058]
[5059 5169]
[5170 5394]
[5395 5515]
[5516 5565]
[5566 5601]
[5602 5677]
[5678 5725]
[5726 5816]
[5817 5890]
[5891 5956]
[5957 6066]
[6067 6181]
[6182 6242]
[6243 6286]
[6287 6435]
[6436 6457]
[6458 6525]
[6526 6582]
[6583 6665]
[6666 7073]
[7074 7120]
[7121 7158]
[7159 7214]
[7215 7261]
[7262 7344]
[7345 7381]
[7382 7434]
[7435 7496]
[7497 7575]
[7576 7674]
[7675 7732]
[7733 7853]
[7854 7912]
[7913 7975]
[7976 8029]
[8030 8079]
[8080 8123]
[8124 8194]
[8195 8232]
[8233 8261]
[8262 8307]
[8308 8646]
[8647 8770]
[8771 8933]
[8934 9065]
[9066 9208]
[9209 9261]
[9262 9326]
[9327 9620]
[9621 9674]
[ 9675 10565]
[10566 10627]
[10628 10681]
[10682 10708]
[10709 10734]
[10735 10770]
[10771 10798]
[10799 10862]
[10863 10886]
[10887 10917]
[10918 10962]
[10963 11000]
[11001 11123]
[11124 11479]
[11480 11668]
[11669 11754]
[11755 11991]
[11992 12052]
[12053 12187]
[12188 12236]
[12237 12275]
[12276 12363]
[12364 12427]
[12428 12465]
[12466 12543]
[12544 12898]
[12899 12950]
[12951 13038]
[13039 13115]
[13116 13241]
[13242 13340]
[13341 13427]
[13428 13523]
[13524 13546]
[13547 13610]
[13611 13660]
[13661 13765]
[13766 13806]
[13807 13881]
[13882 13936]
[13937 14027]
[14028 14161]
[14162 14193]
[14194 14223]
[14224 14275]
[14276 14555]
[14556 14591]
[14592 14638]
[14639 14716]
[14717 14794]
[14795 14857]
[14858 14989]
[14990 15051]
[15052 15123]
[15124 15190]
[15191 15281]
[15282 15450]
[15451 15545]
[15546 15583]
[15584 15668]
[15669 15715]
[15716 15875]
[15876 15919]
[15920 15967]
[15968 16222]
[16223 16301]
[16302 16488]
[16489 16622]
[16623 16851]
[16852 17102]
[17103 17322]
[17323 17398]
[17399 17535]
[17536 17752]
[17753 18060]
[18061 18155]
[18156 18254]
[18255 18307]
[18308 18363]
[18364 18428]
[18429 18684]
[18685 18802]
[18803 18889]
[18890 19050]
[19051 19407]
[19408 19499]
