[ 0 17]
[19 38]
[39 58]
[ 60 103]
[105 202]
[203 509]
[510 568]
[569 604]
[605 634]
[635 662]
[663 695]
[696 725]
[726 755]
[756 819]
[820 852]
[853 883]
[884 944]
[ 945 1156]
[1157 1688]
[1689 1742]
[1743 1816]
[1817 1883]
[1884 1959]
[1960 2005]
[2006 2061]
[2062 2082]
[2083 2126]
[2127 2192]
[2193 2291]
[2292 2369]
[2370 2427]
[2428 2604]
[2605 2654]
[2655 2661]
[2662 3013]
[3014 3053]
[3054 3112]
[3113 3181]
[3182 3249]
[3250 3296]
[3297 3423]
[3424 3488]
[3489 3533]
[3534 3602]
[3603 3650]
[3651 3698]
[3699 3751]
[3752 3782]
[3783 3830]
[3831 3879]
[3880 3918]
[3919 3970]
[3971 4302]
[4303 4404]
[4405 4465]
[4466 4580]
[4581 4677]
[4678 4770]
[4771 4830]
[4831 4944]
[4945 5011]
[5012 5115]
[5116 5353]
[5354 5623]
[5624 5691]
[5692 5765]
[5766 5808]
[5809 6001]
[6002 6202]
[6203 6315]
[6317 6440]
[6442 6566]
[6568 6690]
[6691 6816]
[6818 6940]
[6941 7065]
[7067 7099]
[7100 7119]
[7120 7177]
[7178 7236]
[7237 7285]
[7286 7346]
[7347 7461]
[7462 7559]
[7560 7579]
[7580 7852]
[7853 7980]
[7981 8040]
[8041 8096]
[8097 8155]
[8156 8269]
[8270 8574]
[8575 8710]
[8711 8786]
[8787 8841]
[8842 8906]
[8907 8987]
[8988 9027]
[9028 9143]
[9144 9201]
[9202 9229]
[9230 9269]
[9270 9316]
[9317 9375]
[9376 9406]
[9407 9648]
[9649 9705]
[9706 9772]
[9773 9830]
[9831 9887]
[9888 9952]
[ 9953 10029]
[10030 10107]
[10108 10185]
[10186 10255]
[10256 10379]
[10380 10435]
[10436 10531]
[10532 10632]
[10633 10703]
[10704 10751]
[10752 10809]
[10810 10857]
[10858 10931]
[10932 10965]
[10966 11062]
[11063 11128]
[11129 11192]
[11193 11515]
[11516 11947]
[11948 12115]
[12116 12181]
[12182 12226]
[12227 12266]
[12267 12310]
[12311 12361]
[12362 12400]
[12401 12439]
[12440 12519]
[12520 12636]
[12637 12929]
[12930 13327]
[13328 13676]
[13677 14049]
[14050 14293]
[14294 14339]
[14340 14427]
[14428 14491]
[14492 14516]
[14517 14609]
[14610 14696]
[14697 15052]
[15053 15196]
[15197 15250]
[15251 15377]
[15378 15469]
[15470 15533]
[15534 15635]
[15636 15653]
[15654 15778]
[15779 15828]
[15829 15956]
[15957 15997]
[15998 16113]
[16114 16153]
[16154 16201]
[16202 16539]
[16540 16649]
