[ 0 25]
[27 46]
[47 66]
[ 68 111]
[113 183]
[184 486]
[487 547]
[548 583]
[584 613]
[614 641]
[642 674]
[675 700]
[701 730]
[731 764]
[765 798]
[799 835]
[836 854]
[855 876]
[877 923]
[ 924 1000]
[1001 1363]
[1364 1428]
[1429 1484]
[1485 1526]
[1527 1560]
[1561 1623]
[1624 1656]
[1657 1717]
[1718 1741]
[1742 1797]
[1798 1841]
[1842 1896]
[1897 1952]
[1953 1984]
[1985 2056]
[2057 2094]
[2095 2499]
[2500 2519]
[2520 2571]
[2572 2619]
[2620 2678]
[2679 2737]
[2738 2781]
[2782 2829]
[2830 2869]
[2870 3018]
[3019 3090]
[3091 3133]
[3134 3292]
[3293 3392]
[3393 3575]
[3576 3624]
[3625 3643]
[3644 3663]
[3664 3691]
[3692 3737]
[3738 3786]
[3787 3821]
[3822 3837]
[3838 3883]
[3884 3936]
[3937 4320]
[4321 4423]
[4424 4543]
[4544 4825]
[4826 4827]
[4828 4902]
[4903 4959]
[4960 5102]
[5103 5270]
[5271 5481]
[5482 5579]
[5580 5745]
[5746 5912]
[5913 6611]
[6612 6699]
[6700 6746]
[6747 6827]
[6828 6868]
[6869 6931]
[6932 6994]
[6995 7047]
[7048 7097]
[7098 7257]
[7258 7285]
[7286 7332]
[7333 7395]
[7396 7499]
[7500 7556]
[7557 7596]
[7597 7647]
[7648 7730]
[7731 7798]
[7799 7915]
[7916 7972]
[7973 8041]
[8042 8658]
[8659 8768]
[8769 8833]
[8834 8863]
[8864 8947]
[8948 8994]
[8995 9054]
[9055 9074]
[9075 9159]
[9160 9194]
[9195 9242]
[9243 9286]
[9287 9332]
[9333 9376]
[9377 9453]
[9454 9628]
[9629 9671]
[9672 9746]
[9747 9863]
[9864 9914]
[9915 9961]
[9962 9978]
[ 9979 10009]
[10010 10043]
[10044 10108]
[10109 10153]
[10154 10209]
[10210 10300]
[10301 10784]
[10785 10970]
[10971 11036]
[11037 11146]
[11147 11266]
[11267 11350]
[11351 11453]
[11454 11528]
[11529 11764]
[11765 12039]
[12040 12105]
[12106 12180]
[12181 12251]
[12252 12293]
[12294 12352]
[12353 12410]
[12411 12494]
[12495 12575]
[12576 12647]
[12648 12724]
[12725 12769]
[12770 12932]
[12933 12981]
[12982 13383]
[13384 13447]
[13448 13527]
[13528 13610]
[13611 13696]
[13697 13786]
[13787 13872]
[13873 13957]
[13958 14028]
[14029 14110]
[14111 14192]
[14193 14274]
[14275 14357]
[14358 14441]
[14442 14521]
[14522 14607]
[14608 14641]
[14642 14697]
[14698 15015]
[15016 15460]
[15462 15562]
[15563 15968]
[15969 16026]
[16027 16055]
[16056 16093]
[16094 16144]
[16145 16204]
[16205 16248]
[16249 16341]
[16342 16393]
[16394 16431]
[16432 16508]
[16509 16569]
[16570 16609]
[16610 16688]
[16689 16730]
[16731 16770]
[16771 16829]
[16830 16867]
[16868 16893]
[16894 16933]
[16934 17004]
[17005 17289]
[17290 17432]
[17433 17499]
[17500 17591]
[17592 17627]
[17628 17703]
[17704 17799]
[17800 17941]
[17942 18030]
[18031 18122]
[18123 18153]
[18154 18221]
[18222 18363]
[18364 18504]
[18505 18566]
[18567 18598]
[18599 18633]
[18634 18676]
[18677 18722]
[18723 18823]
[18824 18874]
[18875 18921]
[18922 18962]
[18963 19003]
[19004 19057]
[19058 19087]
[19088 19126]
[19127 19169]
[19170 19262]
[19263 19717]
[19718 19841]
[19842 19958]
[19959 20059]
[20060 20226]
[20227 20511]
[20512 20572]
[20573 20600]
[20601 20659]
[20660 20752]
[20753 21002]
[21003 21229]
[21230 21434]
[21435 21541]
[21542 21849]
[21850 22134]
[22135 22513]
[22514 22541]
[22542 22608]
[22609 22684]
[22685 22716]
[22717 22792]
[22793 22836]
[22837 22865]
[22866 22900]
[22901 22982]
[22983 23028]
[23029 23056]
[23057 23157]
[23158 23233]
[23234 23285]
[23286 23379]
[23380 23405]
[23406 23561]
[23562 23613]
[23614 23643]
[23644 23736]
[23737 23801]
[23802 24112]
[24114 24162]
[24163 24201]
[24202 24238]
[24239 24275]
[24276 24319]
[24320 24408]
[24409 24467]
[24468 24526]
[24527 24637]
[24638 24748]
[24749 24843]
[24844 24936]
[24937 24987]
[24988 25046]
[25047 25085]
[25086 25122]
[25123 25189]
[25190 25220]
[25221 25254]
[25255 25343]
[25344 25940]
[25941 26095]
[26096 26138]
[26139 26285]
[26286 26314]
[26315 26603]
[26604 26649]
[26650 26708]
[26709 26764]
[26765 26883]
[26884 26961]
[26962 27007]
[27008 27054]
[27055 27112]
[27113 27192]
[27193 27244]
[27245 27319]
[27320 27675]
[27676 27749]
