[ 0 23]
[ 24 493]
[494 548]
[549 579]
[580 610]
[611 641]
[642 675]
[676 706]
[707 737]
[738 768]
[769 792]
[793 812]
[813 843]
[844 874]
[875 905]
[906 990]
[ 991 1386]
[1387 1440]
[1441 1461]
[1462 1508]
[1509 1554]
[1555 1653]
[1654 1714]
[1715 1769]
[1770 1814]
[1815 1868]
[1869 1915]
[1916 1975]
[1976 2027]
[2028 2077]
[2078 2140]
[2141 2192]
[2193 2216]
[2217 2242]
[2243 2283]
[2284 2392]
[2393 2445]
[2446 2535]
[2536 2581]
[2582 2638]
[2639 2682]
[2683 2739]
[2740 2803]
[2804 2870]
[2871 2939]
[2940 3004]
[3005 3166]
[3167 3203]
[3204 3614]
[3615 3685]
[3686 3755]
[3756 3824]
[3825 3891]
[3892 3961]
[3962 4030]
[4031 4162]
[4163 4225]
[4226 4297]
[4298 4327]
[4328 4380]
[4381 4454]
[4455 4494]
[4495 4555]
[4556 4625]
[4626 4679]
[4680 4753]
[4754 4821]
[4822 4890]
[4891 4952]
[4953 5006]
[5007 5031]
[5032 5118]
[5119 5175]
[5176 5219]
[5220 5249]
[5250 5373]
[5374 5397]
[5398 5474]
[5475 5550]
[5551 5610]
[5611 5737]
[5738 5818]
[5819 5932]
[5933 5989]
[5990 6033]
[6034 6063]
[6064 6187]
[6188 6220]
[6221 6307]
[6308 6422]
[6423 6499]
[6500 6598]
[6599 6675]
[6676 6745]
[6746 6815]
[6816 6893]
[6894 6961]
[6962 7022]
[7023 7114]
[7115 7139]
[7140 7173]
[7174 7216]
[7217 7622]
[7623 7653]
[7654 7704]
[7705 7751]
[7752 7776]
[7777 7823]
[7824 7863]
[7864 7928]
[7929 7963]
[7964 8076]
[8077 8112]
[8113 8171]
[8172 8263]
[8264 8414]
[8415 8494]
[8495 8564]
[8565 8645]
[8646 8678]
[8679 8709]
[8710 8832]
[8833 8873]
[8874 8927]
[8928 8966]
[8967 8998]
[8999 9046]
[9047 9076]
[9077 9129]
[9130 9151]
[9152 9185]
[9186 9229]
[9230 9570]
[9571 9659]
[9660 9689]
[9690 9734]
[9735 9762]
[9763 9811]
[9812 9856]
[9857 9922]
[9923 9974]
[ 9975 10040]
[10041 10083]
[10084 10236]
[10237 10273]
[10274 10326]
[10327 10419]
[10420 10430]
[10431 10487]
[10488 10550]
[10551 10640]
[10641 10684]
[10685 10724]
[10725 10761]
[10762 11098]
[11099 11151]
[11152 11211]
[11212 11256]
[11257 11305]
[11306 11350]
[11351 11411]
[11412 11439]
[11440 11489]
[11490 11571]
[11572 11676]
[11677 11801]
[11802 11941]
[11942 12029]
[12030 12066]
[12067 12174]
[12175 12247]
[12248 12338]
[12339 12680]
[12681 12701]
[12702 12811]
[12812 12912]
[12913 12947]
[12948 13018]
[13019 13050]
[13051 13199]
[13200 13244]
[13245 13304]
[13305 13366]
[13367 13402]
[13403 13534]
[13535 13608]
[13609 13697]
[13698 13764]
[13765 13885]
[13886 13942]
[13943 14099]
[14100 14237]
[14238 14590]
[14591 14644]
[14645 14695]
[14696 14770]
[14771 14845]
[14846 14904]
[14905 14921]
[14922 14988]
[14989 15039]
[15040 15084]
[15085 15122]
[15123 15201]
[15202 15272]
[15273 15748]
[15749 15795]
[15796 15917]
[15918 15958]
[15959 15992]
[15993 16025]
[16026 16055]
[16056 16075]
[16076 16107]
[16108 16136]
[16137 16162]
[16163 16494]
[16495 16828]
[16829 16987]
[16988 17032]
[17033 17103]
[17104 17163]
[17164 17314]
[17315 17338]
[17339 17408]
[17409 17554]
[17555 17679]
[17680 17796]
[17797 17942]
[17943 18057]
[18058 18170]
[18171 18216]
[18217 18283]
[18284 18358]
[18359 18432]
[18433 18454]
[18455 18826]
[18827 18831]
[18832 18912]
[18913 18974]
[18975 19030]
[19031 19087]
[19088 19148]
[19149 19187]
[19188 19258]
[19259 19320]
[19321 19384]
[19385 19441]
[19442 19468]
[19469 19525]
[19526 19600]
[19601 19674]
[19675 19787]
[19788 19861]
[19862 19931]
[19932 19997]
[19998 20109]
[20110 20176]
[20177 20266]
[20267 20308]
[20309 20769]
[20770 20827]
[20828 20896]
[20897 20969]
[20970 20997]
[20998 21078]
[21079 21147]
[21148 21199]
[21200 21225]
[21226 21253]
[21254 21331]
[21332 21353]
[21354 21410]
[21411 21467]
[21468 21495]
[21496 21614]
[21615 21636]
[21637 21728]
[21729 21763]
[21764 21824]
[21825 21885]
[21886 21974]
[21975 22027]
[22028 22072]
[22073 22139]
[22140 22192]
[22193 22259]
[22260 22284]
[22285 22375]
[22376 22417]
[22418 22468]
[22469 22529]
[22530 22624]
[22625 22661]
[22662 22692]
[22693 22728]
[22729 22803]
[22804 22847]
[22848 22906]
[22907 22950]
[22951 23038]
[23039 23065]
[23066 23091]
[23092 23112]
[23113 23169]
[23170 23224]
[23225 23266]
[23267 23379]
[23380 23431]
[23432 23487]
[23488 23545]
[23546 23601]
[23602 23730]
[23731 23794]
[23795 23883]
[23884 23956]
[23957 24037]
[24038 24465]
[24467 24549]
