[ 0 27]
[ 28 282]
[283 336]
[337 372]
[373 402]
[403 430]
[431 463]
[464 493]
[494 523]
[524 556]
[557 587]
[588 712]
[713 742]
[743 766]
[767 789]
[790 813]
[814 915]
[ 916 1424]
[1425 1520]
[1521 1597]
[1598 1670]
[1671 1769]
[1770 1838]
[1839 1877]
[1878 1965]
[1966 1992]
[1993 2094]
[2095 2169]
[2170 2238]
[2239 2383]
[2384 2449]
[2450 2506]
[2507 2589]
[2590 2758]
[2759 2835]
[2836 2899]
[2900 2952]
[2953 3022]
[3023 3762]
[3763 3826]
[3827 3893]
[3894 3951]
[3952 4016]
[4017 4054]
[4055 4106]
[4107 4175]
[4176 4250]
[4251 4422]
[4423 4544]
[4545 4677]
[4678 4765]
[4766 5034]
[5035 5130]
[5131 5168]
[5169 5229]
[5230 5281]
[5282 5322]
[5323 5345]
[5346 5947]
[5948 6074]
[6075 6220]
[6221 6370]
[6371 6496]
[6497 6552]
[6553 6688]
[6689 6803]
[6804 6932]
[6933 7167]
[7168 7260]
[7261 7325]
[7326 7555]
[7556 7617]
[7618 7667]
[7668 7753]
[7754 7835]
[7836 7902]
[7903 7934]
[7935 7978]
[7979 8077]
[8078 8119]
[8120 8179]
[8180 8217]
[8218 8271]
[8272 8363]
[8364 8461]
[8462 8579]
[8580 8692]
[8693 8757]
[8758 8818]
[8819 8887]
[8888 9230]
[9231 9339]
[9340 9432]
[9433 9534]
[9535 9632]
[9633 9739]
[9740 9841]
[9842 9903]
[9904 9981]
[ 9982 10080]
[10081 10177]
[10178 10239]
[10240 10319]
[10320 10742]
[10743 10798]
[10799 10858]
[10859 10915]
[10916 10975]
[10976 11039]
[11040 11094]
[11095 11247]
[11248 11297]
[11298 11362]
[11363 11425]
[11426 11470]
[11471 11528]
[11529 11578]
[11579 11638]
[11639 11788]
[11789 11853]
[11854 11899]
[11900 11945]
[11946 12009]
[12010 12070]
[12071 12140]
[12141 12641]
[12642 12757]
[12758 12833]
[12834 12908]
[12909 12955]
[12956 13027]
[13028 13235]
[13236 13530]
[13531 13741]
[13742 13834]
[13835 13964]
[13965 14339]
[14340 14416]
[14417 14529]
[14530 14651]
[14652 14763]
[14764 14838]
[14839 14919]
[14920 15014]
[15015 15108]
[15109 15146]
[15147 15185]
[15186 15359]
[15360 15438]
[15439 15518]
[15519 15570]
[15571 15633]
[15634 15714]
[15715 15792]
[15793 16264]
[16265 16340]
[16341 16410]
[16411 16481]
[16482 16552]
[16553 16587]
[16588 16622]
[16623 16657]
[16658 16688]
[16689 16737]
[16738 16759]
[16760 16794]
[16795 16829]
[16830 16873]
[16874 16900]
[16901 16935]
[16936 16970]
[16971 17006]
[17007 17042]
[17043 17077]
[17078 17112]
[17113 17130]
[17131 17155]
[17156 17186]
[17187 17221]
[17222 17250]
[17251 17286]
[17287 17317]
[17318 17346]
[17347 17414]
[17415 17449]
[17450 17493]
[17494 17528]
[17529 17560]
[17561 17595]
[17596 17630]
[17631 17665]
[17666 17758]
[17759 17986]
[17987 18099]
[18100 18253]
[18254 18386]
[18387 18396]
[18397 18460]
[18461 18533]
[18534 18557]
[18558 18595]
[18596 18639]
[18640 18711]
[18712 18768]
[18769 18815]
[18816 19032]
[19033 19086]
[19087 19133]
[19134 19189]
[19190 19225]
[19226 19251]
[19252 19369]
[19370 19409]
[19410 19445]
[19446 19479]
[19480 19513]
[19514 19545]
[19546 19625]
[19626 20061]
[20062 20123]
[20124 20162]
[20163 20204]
[20205 20271]
[20272 20310]
[20311 20364]
[20365 20446]
[20447 20818]
[20819 20906]
[20907 21084]
[21085 21134]
[21135 21395]
[21396 21458]
[21459 21532]
[21533 21592]
[21593 21668]
[21669 21723]
[21724 21816]
[21817 21888]
[21889 21943]
[21944 21973]
[21974 22026]
[22027 22050]
[22051 22090]
[22091 22129]
[22130 22269]
[22270 22492]
[22493 22563]
[22564 22626]
[22627 22678]
[22679 22730]
[22731 22783]
[22784 22832]
[22833 22889]
[22890 22994]
[22995 23045]
[23046 23123]
[23124 23213]
[23214 23273]
[23274 23314]
[23315 23546]
[23547 23627]
[23628 23678]
[23679 23744]
[23745 23815]
[23816 23896]
[23897 23957]
[23958 24046]
[24047 24112]
[24113 24187]
[24188 24558]
[24559 24767]
[24768 24844]
[24845 24915]
[24916 24944]
[24945 25029]
[25030 25099]
[25100 25153]
[25154 25239]
[25240 25299]
[25300 25355]
[25356 25376]
[25377 25451]
[25452 25501]
[25502 25566]
[25567 25603]
[25604 25653]
[25654 25689]
[25690 25946]
[25947 25994]
[25995 26081]
[26082 26126]
[26127 26217]
[26218 26281]
[26282 26376]
[26377 26417]
[26418 26453]
[26454 26485]
[26486 26522]
[26523 26554]
[26555 26629]
[26630 26720]
[26721 27078]
[27079 27306]
[27307 27442]
[27443 27595]
[27596 27927]
[27928 28080]
[28081 28107]
[28108 28151]
[28152 28186]
[28187 28257]
[28258 28312]
[28313 28355]
[28356 28432]
[28433 28477]
[28478 28751]
[28752 28849]
