[ 0 32]
[ 33 384]
[385 441]
[442 477]
[478 507]
[508 535]
[536 568]
[569 598]
[599 628]
[629 661]
[662 692]
[693 756]
[757 787]
[788 817]
[818 847]
[848 877]
[878 937]
[ 938 1017]
[1018 1520]
[1521 1561]
[1562 1601]
[1602 1641]
[1642 1686]
[1687 1724]
[1725 1758]
[1759 1790]
[1791 1898]
[1899 1966]
[1967 2034]
[2035 2136]
[2137 2190]
[2191 2223]
[2224 2327]
[2328 2365]
[2366 2406]
[2407 2445]
[2446 2486]
[2487 2523]
[2524 2557]
[2558 2701]
[2702 2779]
[2780 2832]
[2833 2894]
[2895 3091]
[3092 3139]
[3140 3194]
[3195 3534]
[3535 3976]
[3977 4051]
[4052 4153]
[4154 4265]
[4266 4449]
[4450 4510]
[4511 5105]
[5106 5201]
[5202 5333]
[5334 5370]
[5371 5410]
[5411 5468]
[5469 5529]
[5530 5580]
[5581 5633]
[5634 5707]
[5708 5768]
[5769 5825]
[5826 5945]
[5946 6029]
[6030 6079]
[6080 6179]
[6180 6262]
[6263 6495]
[6496 6546]
[6547 6571]
[6572 6919]
[6920 6966]
[6967 7021]
[7022 7062]
[7063 7114]
[7115 7155]
[7156 7283]
[7284 7355]
[7356 7489]
[7490 7553]
[7554 7599]
[7600 7666]
[7667 7736]
[7737 7804]
[7805 7861]
[7862 7965]
[7966 8280]
[8281 8527]
[8528 8781]
[8782 8828]
[8829 8894]
[8895 8931]
[8932 8988]
[8989 9040]
[9041 9077]
[9078 9134]
[9135 9178]
[9179 9235]
[9236 9292]
[9293 9355]
[9356 9460]
[9461 9479]
[9480 9854]
[9855 9908]
[9909 9964]
[ 9965 10022]
[10023 10072]
[10073 10197]
[10198 10267]
[10268 10325]
[10326 10396]
[10397 10461]
[10462 10534]
[10535 10603]
[10604 10671]
[10672 10740]
[10741 10811]
[10812 10878]
[10879 10948]
[10949 10988]
[10989 11050]
[11051 11086]
[11087 11122]
[11123 11158]
[11159 11194]
[11195 11230]
[11231 11266]
[11267 11302]
[11303 11338]
[11339 11374]
[11375 11410]
[11411 11497]
[11498 12011]
[12012 12089]
[12090 12175]
[12176 12234]
[12235 12333]
[12334 12393]
[12394 12435]
[12436 12630]
[12631 12682]
[12683 12771]
[12772 13078]
[13079 13228]
[13229 13278]
[13279 13794]
[13795 13877]
[13878 13930]
[13931 14086]
[14087 14274]
[14275 14346]
[14347 14393]
[14394 14461]
[14462 14650]
[14651 14766]
[14767 14859]
[14860 14909]
[14910 14943]
[14944 15011]
[15012 15084]
[15085 15178]
[15179 15464]
[15465 15531]
[15532 15599]
[15600 15660]
[15661 15716]
[15717 15776]
[15777 15884]
[15885 15953]
[15954 16021]
[16022 16166]
[16167 16238]
[16239 16295]
[16296 16353]
[16354 16408]
[16409 16465]
[16466 16519]
[16520 16709]
[16710 16749]
[16750 16782]
[16783 16813]
[16814 16858]
[16859 16889]
[16890 16938]
[16939 17040]
[17041 17262]
[17263 17319]
[17320 17373]
[17374 17415]
[17416 17532]
[17533 17616]
[17617 17683]
[17684 17725]
[17726 17778]
[17779 17853]
[17854 17903]
[17904 18112]
[18113 18179]
[18180 18254]
[18255 18305]
[18306 18396]
[18397 18438]
[18439 18508]
[18509 18623]
[18624 18746]
[18747 18811]
[18812 18859]
[18860 18903]
[18904 18947]
[18948 18993]
[18994 19031]
[19032 19128]
[19129 19198]
[19199 19261]
[19263 19358]
[19359 19416]
[19417 19446]
[19447 19478]
[19479 19516]
[19517 19553]
[19554 19600]
[19601 19640]
[19641 19751]
[19752 19812]
[19813 19857]
[19858 19889]
[19890 19927]
[19928 19974]
[19975 20007]
[20008 20029]
[20030 20048]
[20049 20068]
[20069 20081]
[20082 20093]
[20094 20099]
[20100 20479]
[20480 20628]
[20629 20740]
[20741 20866]
[20867 20923]
[20924 21023]
[21024 21092]
[21093 21185]
[21186 21268]
[21269 21290]
[21291 21352]
[21353 21407]
[21408 21449]
[21450 21526]
[21527 21578]
[21579 21664]
[21665 21727]
[21728 21762]
[21763 21912]
[21913 22011]
[22012 22342]
[22343 22398]
[22399 22456]
[22457 22515]
[22516 22592]
[22593 22700]
[22701 22758]
[22759 22839]
[22840 22927]
[22928 23016]
[23017 23084]
[23085 23170]
[23171 23397]
[23398 23480]
[23481 23542]
[23543 23677]
[23678 23733]
[23734 23769]
[23770 23805]
[23806 23841]
[23842 23877]
[23878 23913]
[23914 24169]
[24170 24518]
[24519 24573]
[24574 24616]
[24617 24665]
[24666 24680]
[24681 24882]
[24883 25032]
[25033 25076]
[25077 25119]
[25120 25166]
[25167 25220]
[25221 25465]
[25466 25542]
[25543 25605]
[25606 25672]
[25673 25914]
[25915 26051]
[26052 26108]
[26109 26451]
[26452 26535]
[26536 26615]
[26616 26688]
[26689 26738]
[26739 26784]
[26785 26837]
[26838 26890]
[26891 26968]
[26969 27033]
[27034 27088]
[27089 27135]
[27136 27188]
[27189 27225]
[27226 27272]
[27273 27433]
[27434 27730]
[27731 28015]
[28016 28268]
[28269 28340]
[28341 28715]
[28716 28784]
[28785 28852]
[28853 28915]
[28916 28977]
[28978 29056]
[29057 29108]
[29109 29195]
[29196 29280]
[29281 29351]
[29352 29426]
[29427 29495]
[29496 29561]
[29562 29635]
[29636 29700]
[29701 29766]
[29767 29848]
[29849 30161]
[30162 30229]
[30230 30378]
[30379 30524]
[30525 30689]
[30690 30782]
[30783 30887]
[30888 30942]
[30943 31019]
[31020 31319]
[31320 31336]
[31337 31374]
[31375 31447]
[31448 31483]
[31484 31529]
[31530 31566]
[31567 31737]
[31738 31814]
[31815 31892]
[31893 31933]
[31934 31959]
[31960 32227]
[32228 32290]
[32291 32351]
[32352 32408]
[32409 32465]
[32466 32518]
[32519 32569]
[32570 32621]
[32622 32682]
[32683 32741]
[32742 32831]
[32832 32890]
[32891 32982]
[32983 33294]
[33295 33349]
