[ 0 22]
[ 23 269]
[270 334]
[335 377]
[378 414]
[415 501]
[502 530]
[531 591]
[592 625]
[626 667]
[668 714]
[715 771]
[772 819]
[820 906]
[ 907 1307]
[1308 1436]
[1437 1504]
[1505 1549]
[1550 1634]
[1635 1684]
[1685 1733]
[1734 1772]
[1773 1798]
[1799 1921]
[1922 1972]
[1973 1990]
[1991 2320]
[2321 2427]
[2428 2527]
[2528 2598]
[2599 2682]
[2683 2711]
[2712 2803]
[2804 2884]
[2885 2996]
[2997 3051]
[3052 3100]
[3101 3143]
[3144 3226]
[3227 3506]
[3507 3602]
[3603 3677]
[3678 3752]
[3753 3793]
[3794 3851]
[3852 4006]
[4007 4103]
[4104 4302]
[4303 4366]
[4367 4460]
[4461 4614]
[4615 4647]
[4648 4905]
[4906 5003]
[5004 5080]
[5081 5205]
[5206 5299]
[5300 5396]
[5397 5506]
[5507 5599]
[5600 5676]
[5677 5781]
[5783 5892]
[5893 5936]
[5937 5978]
[5979 6030]
[6031 6080]
[6081 6103]
[6104 6126]
[6127 6423]
[6424 6466]
[6467 6503]
[6504 6544]
[6545 6562]
[6563 6609]
[6610 6710]
[6711 6735]
[6736 6754]
[6755 6783]
[6784 6816]
[6817 6841]
[6842 6853]
[6854 6873]
[6874 6899]
[6900 6935]
[6936 6973]
[6974 7041]
[7042 7090]
[7091 7189]
[7190 7223]
[7224 7345]
[7346 7382]
[7383 7481]
[7482 7560]
[7561 7572]
[7573 7604]
[7605 7630]
[7631 7679]
[7680 7730]
[7731 7788]
[7789 7837]
[7838 7875]
[7876 7926]
[7927 7967]
[7968 7995]
[7996 8518]
[8519 8554]
[8555 8609]
[8610 8691]
[8692 8795]
[8796 8829]
[8830 8875]
[8876 8912]
[8913 8988]
[8989 9021]
[9022 9062]
[9063 9097]
[9098 9175]
[9176 9311]
[9312 9386]
[9387 9538]
[9539 9586]
[9587 9607]
[9608 9726]
[9727 9779]
[9780 9830]
[9832 9911]
[9912 9944]
[9945 9947]
[ 9948 10228]
[10229 10303]
[10304 10367]
[10368 10418]
[10419 10503]
[10504 10541]
[10542 10746]
[10747 10784]
[10785 10877]
[10878 10888]
[10889 10962]
[10963 11039]
[11040 11104]
[11105 11170]
[11171 11238]
[11239 11316]
[11317 11381]
[11382 11435]
[11436 11490]
[11491 11556]
[11557 11614]
[11615 11693]
[11694 11724]
[11725 11786]
[11787 11825]
[11826 11871]
[11872 11918]
[11919 11943]
[11944 11966]
[11967 12024]
[12025 12071]
[12072 12104]
[12105 12106]
[12107 12132]
[12133 12232]
[12233 12585]
[12586 12733]
[12734 12824]
[12825 12957]
[12958 13029]
[13030 13101]
[13102 13181]
[13182 13286]
[13287 13351]
[13352 13458]
[13459 13528]
[13529 13600]
[13601 13685]
[13686 13735]
[13736 13781]
[13782 14159]
[14160 14251]
[14252 14316]
[14317 14477]
[14478 14647]
[14648 14797]
[14798 14901]
[14902 15102]
[15103 15433]
[15434 15469]
[15470 15568]
[15569 15629]
[15630 15657]
[15658 15729]
[15730 15801]
[15802 15853]
[15854 15948]
[15949 15986]
[15987 16030]
[16031 16057]
[16058 16089]
[16090 16179]
[16180 16289]
[16290 16338]
[16339 16392]
[16393 16441]
[16442 16482]
[16483 16574]
[16575 16614]
[16615 16968]
[16969 17071]
[17072 17147]
[17148 17224]
[17225 17287]
[17288 17331]
[17332 17402]
[17403 17437]
[17438 17499]
[17500 17561]
[17562 17603]
[17604 17694]
[17695 17729]
[17730 17782]
[17783 17847]
[17848 17885]
[17886 17971]
[17972 18109]
[18110 18358]
[18359 18453]
[18454 18735]
[18736 18890]
[18891 18969]
[18970 19101]
[19102 19221]
[19222 19398]
[19399 19450]
[19451 19552]
[19553 19687]
[19688 19797]
[19798 19890]
[19891 19912]
[19913 20258]
[20259 20347]
[20348 20395]
[20396 20510]
[20511 20595]
[20596 20678]
[20679 20748]
[20749 20826]
[20827 20943]
[20944 21012]
[21013 21080]
[21081 21136]
[21137 21195]
[21196 21270]
[21271 21308]
[21309 21392]
[21393 21465]
[21466 21566]
[21567 21609]
[21610 21650]
[21651 21676]
[21677 22037]
[22038 22134]
[22135 22224]
[22225 22261]
[22262 22338]
[22339 22369]
[22370 22402]
[22403 22435]
[22436 22630]
[22631 22760]
[22761 22822]
[22823 22875]
[22876 23009]
[23010 23163]
[23164 23302]
[23303 23560]
[23561 23655]
[23656 23724]
[23725 23782]
[23783 23820]
[23821 23899]
[23900 23953]
[23954 24035]
[24036 24089]
[24090 24146]
[24147 24229]
[24230 24363]
[24364 24452]
[24453 24513]
[24514 24768]
[24769 24881]
[24882 25377]
[25378 25502]
[25503 25564]
[25565 25904]
[25905 26041]
[26042 26131]
[26132 26244]
[26245 26366]
[26367 26449]
[26450 26540]
[26541 26623]
[26624 26683]
[26684 26741]
[26742 26790]
[26791 26824]
[26825 26915]
[26916 26991]
[26992 27052]
[27053 27092]
[27093 27147]
[27148 27198]
[27199 27260]
[27261 27322]
[27323 27402]
[27403 27758]
[27759 27858]
[27859 27942]
[27943 28024]
[28025 28115]
[28116 28201]
[28202 28275]
[28276 28342]
[28343 28369]
[28370 28604]
[28605 28786]
[28787 28931]
[28932 28993]
[28994 29071]
[29072 29155]
[29156 29210]
[29211 29254]
[29255 29321]
[29322 29409]
[29410 29480]
[29481 29563]
[29564 30098]
[30099 30199]
