[  0 334]
[335 392]
[393 414]
[415 428]
[429 458]
[459 486]
[487 519]
[520 545]
[546 560]
[561 588]
[589 609]
[610 643]
[644 680]
[681 696]
[697 738]
[739 768]
[769 812]
[813 847]
[848 876]
[877 982]
[ 983 1469]
[1470 1511]
[1512 1624]
[1625 1656]
[1657 1692]
[1693 1730]
[1731 1789]
[1790 1830]
[1831 1924]
[1925 2038]
[2039 2151]
[2152 2173]
[2174 2245]
[2246 2292]
[2293 2369]
[2370 2442]
[2443 2493]
[2494 2545]
[2546 2605]
[2606 2656]
[2657 2781]
[2782 2877]
[2878 2903]
[2904 2983]
[2984 3482]
[3484 3575]
[3576 3635]
[3636 3721]
[3722 3789]
[3790 3816]
[3817 3824]
[3825 3893]
[3894 3940]
[3941 3990]
[3991 4151]
[4152 4214]
[4215 4247]
[4248 4304]
[4305 4351]
[4352 4422]
[4423 4492]
[4493 4539]
[4540 4724]
[4725 4786]
[4787 4858]
[4859 4984]
[4985 5040]
[5041 5090]
[5091 5510]
[5511 5597]
[5598 5781]
[5782 5854]
[5855 5925]
[5926 5986]
[5987 6034]
[6035 6089]
[6090 6122]
[6123 6153]
[6154 6203]
[6204 6259]
[6260 6334]
[6335 6441]
[6442 6502]
[6503 6566]
[6567 6609]
[6610 6683]
[6684 6727]
[6728 6769]
[6770 6806]
[6807 6915]
[6916 6943]
[6944 7054]
[7055 7476]
[7477 7990]
[7991 8371]
[8372 8678]
[8679 8737]
[8738 8791]
[8792 8904]
[8905 9092]
[9093 9217]
[9218 9298]
[9299 9398]
[9399 9462]
[9463 9534]
[9535 9832]
[9833 9892]
[9893 9943]
[ 9944 10005]
[10006 10110]
[10111 10240]
[10241 10291]
[10292 10363]
[10364 10390]
[10391 10420]
[10421 10482]
[10483 10531]
[10532 10576]
[10577 11094]
[11095 11228]
[11229 11318]
[11319 11359]
[11360 11431]
[11432 11522]
[11523 11590]
[11591 11709]
[11710 11838]
[11839 12113]
[12114 12369]
[12370 12821]
[12822 12885]
[12886 13052]
[13053 13147]
[13148 13263]
[13264 13382]
[13383 13427]
[13428 13526]
[13527 13660]
[13661 13735]
[13736 13793]
[13794 14015]
[14016 14301]
[14302 14796]
[14797 14853]
[14854 14927]
[14928 14952]
[14953 15012]
[15013 15068]
[15069 15692]
[15693 15780]
[15781 15842]
[15843 15923]
[15924 16120]
[16121 16151]
[16152 16203]
[16204 16274]
[16275 16644]
[16646 16904]
[16905 17158]
[17159 17413]
[17414 17662]
[17663 17754]
[17755 18261]
[18262 18358]
[18359 18464]
[18465 18540]
[18541 18729]
[18730 18882]
[18883 18943]
[18944 19072]
[19073 19232]
[19233 19349]
[19350 19537]
[19538 19617]
[19618 19697]
[19698 19771]
[19772 20037]
[20038 20132]
[20134 20286]
[20287 20389]
[20390 20467]
[20468 20541]
[20542 20596]
[20597 20687]
[20688 20900]
[20901 20996]
[20997 21063]
[21064 21170]
[21171 21248]
[21249 21375]
[21376 21505]
[21506 21556]
[21557 21591]
[21592 21619]
[21620 21651]
[21652 21685]
[21686 21741]
[21742 21792]
[21793 21836]
[21837 21943]
[21944 22260]
[22261 22333]
[22334 22421]
[22422 22575]
[22576 22696]
[22697 22814]
[22815 22934]
[22935 23031]
[23032 23354]
[23355 23521]
[23522 23618]
[23619 23715]
[23716 23774]
[23775 23865]
[23866 23890]
[23891 23955]
[23956 24025]
[24026 24105]
[24106 24155]
[24156 24204]
[24205 24810]
[24811 24912]
[24913 25048]
[25049 25173]
[25174 25220]
[25221 25253]
[25254 25346]
[25347 25420]
[25421 25492]
[25493 25537]
[25538 25606]
[25607 25689]
[25690 26182]
[26183 26363]
[26364 26494]
[26495 26582]
[26583 26620]
[26621 26671]
[26672 26739]
[26740 26821]
[26822 26977]
[26978 27050]
[27051 27165]
[27166 27319]
[27320 27372]
[27373 27618]
[27619 27697]
[27698 27778]
[27779 27857]
[27858 27935]
[27936 28014]
[28015 28075]
[28076 28127]
[28128 28205]
[28206 28282]
[28283 28355]
[28356 28424]
[28425 28639]
[28640 28693]
[28694 28771]
[28772 28847]
[28848 28903]
[28904 29190]
[29191 29576]
[29577 29686]
[29687 29736]
[29737 29836]
[29837 29906]
[29907 29966]
[29967 29993]
[29994 30284]
[30285 30682]
[30683 30715]
[30716 30909]
[30910 30994]
[30995 31295]
[31296 31399]
