[ 0 23]
[ 24 331]
[332 388]
[389 414]
[415 437]
[438 461]
[462 488]
[489 515]
[516 545]
[546 581]
[582 596]
[597 611]
[612 639]
[640 676]
[677 707]
[708 734]
[735 764]
[765 874]
[875 961]
[ 962 1290]
[1291 1364]
[1365 1438]
[1439 1508]
[1509 1555]
[1556 1596]
[1597 1642]
[1643 1698]
[1699 1892]
[1893 2018]
[2019 2054]
[2055 2120]
[2121 2185]
[2186 2228]
[2229 2363]
[2364 2464]
[2465 2533]
[2534 2609]
[2610 2677]
[2678 2767]
[2768 2839]
[2840 2869]
[2870 3224]
[3225 3515]
[3517 3691]
[3693 4237]
[4238 4285]
[4286 4336]
[4337 4385]
[4386 4431]
[4432 4469]
[4470 4520]
[4521 4587]
[4588 4617]
[4618 4720]
[4721 4752]
[4753 4803]
[4804 4846]
[4847 4907]
[4908 4946]
[4947 4997]
[4998 5054]
[5055 5102]
[5103 5145]
[5146 5216]
[5217 5295]
[5296 5355]
[5356 5568]
[5569 5611]
[5612 5653]
[5654 5691]
[5692 6095]
[6096 6149]
[6150 6209]
[6210 6265]
[6266 6330]
[6331 6391]
[6392 6474]
[6475 6560]
[6561 6639]
[6640 6814]
[6815 6874]
[6875 6935]
[6936 6990]
[6991 7133]
[7134 7213]
[7214 7274]
[7275 7314]
[7315 7359]
[7360 7442]
[7443 7503]
[7504 7564]
[7565 7625]
[7626 7681]
[7682 7742]
[7743 7827]
[7828 8299]
[8300 8339]
[8340 8392]
[8393 8444]
[8445 8478]
[8479 8600]
[8601 8656]
[8657 8700]
[8701 8737]
[8738 8839]
[8840 8888]
[8889 8906]
[8907 9043]
[9044 9097]
[9098 9143]
[9144 9203]
[9204 9275]
[9276 9352]
[9353 9423]
[9424 9473]
[9474 9555]
[9556 9586]
[9587 9631]
[9632 9692]
[9693 9757]
[9758 9823]
[ 9824 10397]
[10398 10481]
[10482 10541]
[10542 10572]
[10573 10600]
[10601 10717]
[10718 10731]
[10732 10780]
[10781 10806]
[10807 10834]
[10835 10887]
[10888 10935]
[10936 10959]
[10960 10982]
[10983 11021]
[11022 11025]
[11026 11077]
[11078 11118]
[11119 11216]
[11217 11244]
[11245 11272]
[11273 11292]
[11293 11316]
[11317 11347]
[11348 11368]
[11369 11402]
[11403 11481]
[11482 11518]
[11519 11561]
[11562 11614]
[11615 11664]
[11665 11708]
[11709 11787]
[11788 11825]
[11826 11872]
[11873 11921]
[11922 12296]
[12297 12378]
[12379 12510]
[12511 12597]
[12598 12696]
[12697 12796]
[12797 12887]
[12888 12946]
[12947 13028]
[13029 13135]
[13136 13215]
[13216 13366]
[13367 13498]
[13499 13597]
[13598 13896]
[13897 13966]
[13967 14072]
[14073 14146]
[14147 14352]
[14353 14414]
[14415 14505]
[14506 14534]
[14535 14578]
[14579 14640]
[14641 14723]
[14724 14852]
[14853 14963]
[14964 15045]
[15046 15102]
[15103 15414]
[15415 15472]
[15473 15549]
[15550 15622]
[15623 15695]
[15696 15859]
[15860 15939]
[15940 16006]
[16007 16082]
[16083 16163]
[16164 16407]
[16408 16481]
[16482 16534]
[16535 16613]
[16614 16697]
[16698 16787]
[16788 16879]
[16880 16948]
[16949 17271]
[17272 17359]
[17360 17459]
[17460 17561]
[17562 17617]
[17618 17688]
[17689 17775]
[17776 17901]
[17902 17997]
[17998 18083]
[18084 18200]
[18201 18295]
[18296 18327]
[18328 18746]
[18747 18831]
[18832 18921]
[18922 19013]
[19014 19164]
[19165 19345]
[19346 19482]
[19483 19606]
[19607 19748]
[19749 19828]
[19829 19903]
[19904 19977]
[19978 20050]
[20052 20105]
[20106 20130]
[20131 20156]
[20157 20192]
[20193 20235]
[20236 20285]
[20286 20350]
[20351 20404]
[20405 20442]
[20443 20548]
[20549 21098]
[21099 21169]
[21170 21230]
[21231 21263]
[21264 21422]
[21423 21555]
[21556 21629]
[21630 21720]
[21721 21795]
[21796 21887]
[21888 21962]
[21963 22352]
[22353 22470]
[22471 22595]
[22596 22720]
[22721 22833]
[22834 22939]
[22940 23067]
[23068 23185]
[23186 23317]
[23318 23434]
[23435 23533]
[23534 23907]
[23908 24042]
[24043 24136]
[24137 24186]
[24187 24307]
[24308 24712]
[24713 24795]
[24796 24942]
[24943 25040]
[25041 25097]
[25098 25252]
[25253 25582]
[25583 25715]
[25716 25849]
[25850 25982]
[25983 26125]
[26126 26249]
[26250 26372]
[26373 26515]
[26516 26818]
[26819 26900]
[26901 26975]
[26976 27051]
[27052 27125]
[27126 27196]
[27197 27269]
[27270 27344]
[27345 27419]
[27420 27494]
[27495 27578]
[27579 27838]
[27839 27949]
