[ 0 13]
[ 14 291]
[292 349]
[350 395]
[396 454]
[455 476]
[477 515]
[516 547]
[548 595]
[596 671]
[ 672 1354]
[1355 1390]
[1391 1482]
[1483 1526]
[1527 1553]
[1554 1627]
[1628 1657]
[1658 1731]
[1732 1791]
[1792 1849]
[1850 1935]
[1936 2022]
[2023 2085]
[2086 2168]
[2169 2246]
[2247 2296]
[2297 2324]
[2325 2369]
[2370 2386]
[2387 2443]
[2444 2502]
[2503 2551]
[2552 2597]
[2598 2656]
[2657 2707]
[2708 3019]
[3020 3104]
[3105 3184]
[3185 3288]
[3289 3418]
[3419 3509]
[3510 3600]
[3601 3704]
[3705 3782]
[3783 3845]
[3846 3917]
[3918 4047]
[4048 4101]
[4102 5361]
[5362 5401]
[5402 5442]
[5443 5496]
[5497 5554]
[5555 5621]
[5622 5715]
[5716 5759]
[5760 5814]
[5815 5875]
[5876 5902]
[5903 5950]
[5951 6002]
[6003 6045]
[6046 6088]
[6089 6138]
[6139 6188]
[6189 6312]
[6313 6431]
[6432 6515]
[6516 6616]
[6617 6680]
[6681 6723]
[6724 6784]
[6785 6809]
[6810 6833]
[6834 6886]
[6887 6929]
[6930 6968]
[6969 7028]
[7029 7434]
[7435 7503]
[7504 7561]
[7562 7615]
[7616 7665]
[7666 7703]
[7704 7735]
[7736 7769]
[7770 7800]
[7801 7860]
[7861 7970]
[7971 8014]
[8015 8069]
[8070 8197]
[8198 8246]
[8247 8322]
[8323 8359]
[8360 8475]
[8476 8519]
[8520 8582]
[8583 8624]
[8625 8669]
[8670 8700]
[8701 8738]
[8739 8778]
[8779 8834]
[8835 8893]
[8894 8949]
[8950 9058]
[9059 9363]
[9364 9438]
[9439 9548]
[9549 9641]
[9642 9752]
[9753 9943]
[ 9944 10065]
[10066 10110]
[10111 10171]
[10172 10202]
[10203 10248]
[10249 10290]
[10291 10331]
[10332 10343]
[10344 10367]
[10368 10395]
[10396 10505]
[10506 10906]
[10907 10996]
[10997 11120]
[11121 11434]
[11435 11557]
[11558 11643]
[11644 11779]
[11780 11884]
[11885 11957]
[11958 12005]
[12006 12357]
[12358 12436]
[12437 12531]
[12532 12589]
[12590 12688]
[12689 12775]
[12776 13009]
[13010 13110]
[13111 13332]
[13333 13512]
[13513 13693]
[13694 13994]
[13995 14100]
[14101 14179]
[14180 14247]
[14248 14293]
[14294 14369]
[14370 14382]
[14383 14455]
[14456 14530]
[14531 14599]
[14600 14662]
[14663 14717]
[14718 14778]
[14779 14848]
[14849 14965]
[14966 15068]
[15069 15122]
[15123 15271]
[15272 15359]
[15360 15786]
[15787 15821]
[15822 15842]
[15843 15856]
[15857 15889]
[15890 15916]
[15917 15957]
[15958 15965]
[15966 16006]
[16007 16052]
[16053 16068]
[16069 16083]
[16084 16104]
[16105 16142]
[16143 16178]
[16179 16260]
[16261 16301]
[16302 16349]
[16350 16458]
[16459 16504]
[16505 16578]
[16579 16605]
[16606 16635]
[16636 16772]
[16773 16849]
[16850 16871]
[16872 16903]
[16904 16912]
[16913 16920]
[16921 16930]
[16931 16945]
[16946 16967]
[16968 16984]
[16985 17006]
[17007 17065]
[17066 17208]
[17209 17253]
[17254 17300]
[17301 17370]
[17371 17416]
[17417 17569]
[17570 17776]
[17777 17802]
[17803 17828]
[17829 17863]
[17864 17894]
[17895 17916]
[17917 17939]
[17940 17979]
[17980 17992]
[17993 18016]
[18017 18044]
[18045 18094]
[18095 18136]
[18137 18164]
[18165 18194]
[18195 18238]
[18239 18282]
[18283 18332]
[18333 18464]
[18465 18765]
[18766 18782]
[18783 18818]
[18819 18844]
[18845 18866]
[18867 18892]
[18893 18924]
[18925 18948]
[18949 18985]
[18986 19265]
[19267 19477]
[19478 19571]
[19572 19681]
[19682 19744]
[19745 19799]
[19800 19849]
[19850 19882]
[19883 19931]
[19932 19985]
[19986 20039]
[20040 20081]
[20082 20120]
[20121 20230]
[20231 20297]
[20298 20346]
[20347 20414]
[20415 20451]
[20452 20469]
[20470 20514]
[20515 20529]
[20530 20673]
[20674 20915]
[20916 20968]
[20969 21008]
[21009 21076]
[21077 21108]
[21109 21157]
[21158 21214]
[21215 21272]
[21273 21366]
[21367 21446]
[21447 21500]
[21501 21578]
[21579 21613]
[21614 21686]
[21687 21759]
[21760 21770]
[21771 21859]
[21860 21923]
[21924 22134]
[22135 22455]
[22456 22646]
[22647 22874]
[22875 23052]
[23053 23136]
[23137 23163]
[23164 23486]
[23487 23529]
[23530 23592]
[23593 23706]
[23707 23757]
[23758 23812]
[23813 23864]
[23865 24033]
[24034 24269]
[24270 24388]
[24389 24789]
[24790 24841]
[24842 24919]
[24920 25005]
[25006 25088]
[25089 25159]
[25160 25226]
[25227 25310]
[25311 25406]
[25407 25489]
[25490 25590]
[25591 25700]
[25701 25899]
[25900 25971]
[25972 26047]
[26048 26135]
[26136 26220]
[26221 26311]
[26312 26415]
[26416 26556]
[26557 26701]
[26702 26801]
[26802 26841]
[26842 26900]
[26901 27217]
[27218 27256]
[27257 27284]
[27285 27311]
[27312 27341]
[27342 27365]
[27366 27393]
[27394 27418]
[27419 27448]
[27449 27477]
[27478 27502]
[27503 27556]
[27557 27585]
[27586 27631]
[27632 27674]
[27675 27727]
[27728 27795]
[27796 27859]
[27860 27896]
[27897 27956]
[27957 27989]
[27990 28065]
[28066 28104]
[28105 28144]
[28145 28197]
[28198 28260]
[28261 28332]
[28333 28383]
[28384 28446]
[28447 28539]
[28540 28642]
[28643 28994]
[28995 29017]
[29018 29072]
[29073 29116]
[29117 29181]
[29182 29257]
[29258 29306]
[29307 29375]
[29376 29424]
[29425 29479]
[29480 29576]
[29577 29634]
[29635 29716]
[29717 29758]
[29759 29795]
[29796 29859]
[29860 29927]
[29928 29989]
[29990 30065]
[30066 30267]
[30268 30304]
[30305 30425]
[30426 30520]
[30521 30684]
[30685 30738]
[30739 30896]
[30897 31020]
[31021 31091]
[31092 31231]
[31232 31443]
[31444 31853]
[31854 32376]
[32377 32495]
[32496 32649]
[32650 32930]
[32931 33060]
[33061 33110]
[33111 33429]
[33430 33549]
