[ 0 25]
[ 26 297]
[298 355]
[356 387]
[388 412]
[413 441]
[442 464]
[465 483]
[484 519]
[520 557]
[558 583]
[584 606]
[607 641]
[642 667]
[668 705]
[706 731]
[732 799]
[ 800 1097]
[1098 1179]
[1180 1247]
[1248 1321]
[1322 1397]
[1398 1460]
[1461 1519]
[1520 1589]
[1590 1672]
[1673 1732]
[1733 1789]
[1790 1855]
[1856 1891]
[1892 1964]
[1965 2074]
[2075 2210]
[2211 2276]
[2277 2370]
[2371 2401]
[2402 2468]
[2469 2548]
[2549 2963]
[2964 3118]
[3119 3159]
[3160 3268]
[3269 3376]
[3377 3467]
[3468 3561]
[3563 3641]
[3643 3724]
[3725 3782]
[3783 3815]
[3816 3844]
[3845 3899]
[3900 3948]
[3949 3995]
[3996 4129]
[4130 4318]
[4320 4395]
[4396 4462]
[4463 4525]
[4526 4580]
[4581 4718]
[4719 4782]
[4783 4904]
[4905 4935]
[4936 4992]
[4993 5035]
[5036 5077]
[5078 5152]
[5153 5192]
[5193 5234]
[5235 5280]
[5281 5415]
[5416 5468]
[5469 5501]
[5502 5530]
[5531 5765]
[5766 5819]
[5820 5864]
[5865 5887]
[5888 6148]
[6149 6317]
[6318 6359]
[6360 6415]
[6416 6483]
[6484 6551]
[6552 6613]
[6614 6683]
[6684 6743]
[6744 6804]
[6805 6848]
[6849 6903]
[6904 6980]
[6981 7048]
[7049 7074]
[7076 7687]
[7688 7741]
[7742 7807]
[7808 7906]
[7907 8002]
[8003 8029]
[8030 8095]
[8096 8139]
[8140 8303]
[8304 8334]
[8335 8390]
[8391 8443]
[8444 8526]
[8527 8561]
[8562 8614]
[8615 8805]
[8806 8865]
[8866 8925]
[8926 8991]
[8992 9104]
[9105 9340]
[9341 9437]
[9438 9522]
[9523 9590]
[9591 9641]
[9642 9721]
[9722 9792]
[9793 9858]
[9859 9903]
[ 9904 10026]
[10027 10063]
[10064 10112]
[10113 10313]
[10314 10360]
[10361 10805]
[10806 11074]
[11075 11194]
[11195 11294]
[11295 11386]
[11387 11498]
[11499 11605]
[11606 11715]
[11716 11763]
[11764 11879]
[11880 12071]
[12072 12185]
[12186 12240]
[12241 12309]
[12310 12345]
[12346 12370]
[12371 12396]
[12397 12420]
[12421 12488]
[12489 12527]
[12528 12566]
[12567 12686]
[12687 12797]
[12798 12892]
[12893 13110]
[13111 13207]
[13208 13258]
[13259 13331]
[13332 13380]
[13381 13467]
[13468 13538]
[13539 13586]
[13587 13650]
[13651 13764]
[13765 13847]
[13848 13879]
[13880 13885]
[13886 13891]
[13892 13925]
[13926 13954]
[13955 14045]
[14046 14114]
[14115 14434]
[14435 14491]
[14492 14540]
[14541 14648]
[14649 14764]
[14765 14825]
[14826 14941]
[14942 15014]
[15015 15110]
[15111 15290]
[15291 15381]
[15382 15476]
[15477 15675]
[15676 15737]
[15738 15795]
[15796 15877]
[15878 15931]
[15932 16290]
[16291 16333]
[16334 16371]
[16372 16426]
[16427 16640]
[16641 16786]
[16787 16936]
[16937 17086]
[17087 17225]
[17226 17334]
[17335 17504]
[17505 17569]
[17570 17618]
[17619 17683]
[17684 17733]
[17734 17874]
[17875 17992]
[17993 18179]
[18181 18293]
[18294 18296]
[18297 18376]
[18377 18431]
[18432 18508]
[18509 18592]
[18593 18696]
[18697 18741]
[18742 18860]
[18861 19058]
[19059 19127]
[19128 19175]
[19176 19261]
[19262 19377]
[19378 19439]
[19440 19527]
[19528 19676]
[19677 19737]
[19738 19883]
[19885 19965]
[19966 20033]
[20034 20077]
[20078 20101]
[20102 20139]
[20140 20206]
[20207 20291]
[20292 20413]
[20414 20459]
[20460 20571]
[20572 20612]
[20613 20669]
[20670 20730]
[20731 20779]
[20780 20849]
[20850 20997]
[20998 21113]
[21114 21208]
[21209 21313]
[21314 21494]
[21495 21554]
[21555 21681]
[21682 21815]
[21816 21868]
[21869 21961]
[21962 22047]
[22048 22100]
[22101 22168]
[22169 22233]
[22234 22299]
[22300 22342]
[22343 22441]
[22442 22602]
[22603 22670]
[22671 22706]
[22707 22741]
[22742 22782]
[22783 22848]
[22849 22897]
[22898 22943]
[22944 23040]
[23041 23409]
[23410 23478]
[23479 23656]
[23657 23706]
[23707 23879]
[23880 24041]
[24042 24202]
[24203 24263]
[24264 24333]
[24334 24363]
[24364 24661]
[24662 24842]
[24843 25175]
[25176 25329]
[25330 25480]
[25481 25583]
[25584 26135]
[26137 26185]
[26186 26717]
[26718 26761]
[26762 27172]
[27173 27266]
[27267 27342]
[27343 27421]
[27422 27474]
[27475 27541]
[27543 27677]
[27678 27750]
[27751 27811]
[27812 27887]
[27888 27963]
[27964 28093]
[28094 28116]
[28117 28168]
[28169 28545]
[28546 28625]
[28626 28677]
[28678 28730]
[28731 28811]
[28812 28851]
[28852 29129]
[29130 29182]
[29183 29229]
[29230 29278]
[29279 29295]
[29296 29362]
[29363 29646]
[29647 29782]
[29783 29838]
[29839 29873]
[29874 29913]
[29914 29963]
[29964 30009]
[30010 30052]
[30053 30091]
[30092 30094]
[30095 30216]
[30217 30407]
[30408 30513]
[30514 30587]
[30588 30654]
[30655 30709]
[30710 30724]
[30725 30757]
[30758 30806]
[30807 31131]
[31132 31163]
[31164 31401]
[31402 31484]
[31485 31558]
[31559 31661]
[31662 31742]
[31743 31843]
[31844 32180]
[32181 32284]
[32285 32421]
[32422 32496]
[32497 32518]
[32519 32549]
[32550 32579]
[32580 32702]
[32703 32894]
[32895 33032]
[33033 33201]
[33202 33251]
[33252 33306]
[33307 33367]
[33368 33439]
[33440 33786]
[33787 33849]
