[ 0 12]
[ 13 252]
[253 313]
[314 365]
[366 407]
[408 440]
[441 467]
[468 508]
[509 549]
[550 611]
[612 924]
[ 925 1065]
[1066 1150]
[1151 1318]
[1319 1475]
[1476 1613]
[1614 1764]
[1765 1819]
[1820 1905]
[1906 1977]
[1978 2003]
[2004 2053]
[2054 2071]
[2072 2415]
[2417 2476]
[2477 2527]
[2528 2579]
[2580 2640]
[2641 2688]
[2689 2744]
[2745 2801]
[2802 2841]
[2842 2891]
[2892 3263]
[3264 3337]
[3338 3368]
[3369 3426]
[3427 3473]
[3474 3571]
[3572 3654]
[3655 3719]
[3720 3788]
[3789 3877]
[3878 3964]
[3965 4049]
[4050 4115]
[4116 4169]
[4170 4230]
[4231 4286]
[4287 4346]
[4347 4416]
[4417 4496]
[4497 4557]
[4558 4626]
[4627 4669]
[4670 4971]
[4972 5042]
[5043 5129]
[5130 5219]
[5220 5242]
[5243 5296]
[5297 5363]
[5364 5427]
[5428 5444]
[5445 5530]
[5531 5623]
[5624 5720]
[5721 5891]
[5892 5959]
[5960 6058]
[6059 6138]
[6139 6204]
[6205 6294]
[6295 6627]
[6628 6681]
[6682 6714]
[6715 6759]
[6760 6864]
[6865 6932]
[6933 6994]
[6995 7033]
[7034 7169]
[7170 7221]
[7222 7252]
[7253 7307]
[7308 7337]
[7338 7373]
[7374 7423]
[7424 7573]
[7574 7702]
[7703 7751]
[7752 7812]
[7813 7850]
[7851 7964]
[7965 8060]
[8061 8177]
[8178 8447]
[8448 8560]
[8561 8616]
[8617 8661]
[8662 8714]
[8715 8819]
[8820 8974]
[8975 9063]
[9064 9124]
[9125 9159]
[9160 9218]
[9219 9240]
[9241 9304]
[9305 9345]
[9346 9422]
[9423 9461]
[9462 9561]
[9562 9967]
[ 9968 10053]
[10054 10110]
[10111 10164]
[10165 10341]
[10342 10388]
[10389 10444]
[10445 10497]
[10498 10570]
[10571 10678]
[10679 10747]
[10748 10824]
[10825 10905]
[10906 10982]
[10983 11057]
[11058 11398]
[11399 11496]
[11498 11581]
[11582 11653]
[11654 11683]
[11684 11740]
[11741 11847]
[11848 11966]
[11967 12033]
[12034 12059]
[12060 12112]
[12113 12195]
[12196 12302]
[12303 12405]
[12406 12432]
[12433 12469]
[12470 12554]
[12555 12585]
[12586 12672]
[12673 12714]
[12715 12785]
[12786 12847]
[12848 13045]
[13046 13187]
[13188 13271]
[13272 13348]
[13349 13440]
[13441 13494]
[13495 13551]
[13552 13681]
[13682 13744]
[13745 13867]
[13868 13942]
[13943 14031]
[14032 14098]
[14099 14166]
[14167 14225]
[14226 14288]
[14289 14392]
[14393 14439]
[14440 14627]
[14628 14848]
[14849 14903]
[14904 14934]
[14935 14969]
[14970 15016]
[15017 15090]
[15091 15183]
[15184 15274]
[15275 15395]
[15396 15431]
[15432 15474]
[15475 15550]
[15551 15620]
[15621 15661]
[15662 15710]
[15711 15814]
[15815 15849]
[15850 15916]
[15917 16030]
[16031 16077]
[16078 16149]
[16150 16226]
[16227 16585]
[16586 16635]
[16636 16759]
[16760 16829]
[16830 16970]
[16971 17035]
[17036 17236]
[17237 17275]
[17276 17427]
[17428 17507]
[17508 17567]
[17568 17657]
[17658 17727]
[17728 17974]
[17976 18060]
[18061 18180]
[18181 18299]
[18300 18443]
[18444 18531]
[18532 18635]
[18636 18753]
[18754 18873]
[18874 18959]
[18960 19023]
[19024 19136]
[19137 19222]
[19223 19557]
[19558 19679]
[19680 19747]
[19748 19808]
[19809 19843]
[19844 19919]
[19920 20000]
[20001 20083]
[20084 20207]
[20208 20331]
[20332 20455]
[20456 20579]
[20580 20649]
[20650 20927]
[20928 21104]
[21105 21755]
[21756 21914]
[21915 22316]
[22317 22620]
[22621 22768]
[22769 22870]
[22871 22933]
[22934 22989]
[22990 23039]
[23040 23095]
[23096 23326]
[23327 23345]
[23346 23483]
[23484 23819]
[23820 23979]
[23980 24054]
[24055 24100]
[24101 24149]
[24150 24169]
[24170 24209]
[24210 24279]
[24280 24345]
[24346 24396]
[24397 24467]
[24468 24984]
[24985 25031]
[25032 25081]
[25082 25108]
[25109 25144]
[25145 25186]
[25187 25233]
[25234 25465]
[25466 25570]
[25571 25617]
[25618 25657]
[25658 25681]
[25682 25732]
[25733 25873]
[25874 25929]
[25930 25985]
[25986 26025]
[26026 26050]
[26051 26100]
[26101 26143]
[26144 26268]
[26269 26320]
[26321 26367]
[26368 26391]
[26392 26418]
[26419 26451]
[26452 26499]
[26500 26549]
[26550 26588]
[26589 26634]
[26635 26694]
[26695 26736]
[26737 26838]
[26839 26978]
[26979 27007]
[27008 27048]
[27049 27155]
[27156 27262]
[27263 27310]
[27311 27578]
[27579 27654]
[27655 27958]
[27959 28040]
[28041 28083]
[28084 28124]
[28125 28197]
[28198 28252]
[28253 28344]
[28345 28427]
[28428 28475]
[28476 28586]
[28587 28677]
[28678 28805]
[28806 28867]
[28868 28981]
[28982 29369]
[29370 29449]
