[ 0 19]
[ 20 277]
[278 330]
[331 379]
[380 418]
[419 459]
[460 492]
[493 581]
[582 626]
[627 662]
[663 706]
[707 809]
[810 908]
[ 909 1404]
[1405 1527]
[1528 1589]
[1590 1664]
[1665 1717]
[1718 1767]
[1768 1847]
[1848 1955]
[1956 2008]
[2009 2060]
[2061 2102]
[2103 2165]
[2166 2207]
[2208 2313]
[2314 2403]
[2404 2684]
[2685 2734]
[2735 2785]
[2786 2853]
[2854 2941]
[2942 3527]
[3528 3579]
[3580 3643]
[3644 3709]
[3710 3762]
[3763 3822]
[3823 3880]
[3881 3937]
[3938 3985]
[3986 4051]
[4052 4104]
[4105 4166]
[4167 4232]
[4233 4273]
[4274 4315]
[4316 4373]
[4374 4432]
[4433 4501]
[4502 4554]
[4555 4647]
[4648 4676]
[4677 4718]
[4719 4762]
[4763 4793]
[4794 4833]
[4834 4866]
[4867 4897]
[4898 4921]
[4922 5022]
[5023 5066]
[5067 5163]
[5164 5190]
[5191 5260]
[5261 5356]
[5357 5442]
[5443 5552]
[5553 5662]
[5663 5682]
[5683 5717]
[5718 5765]
[5766 5818]
[5819 5873]
[5874 5938]
[5939 5974]
[5975 6023]
[6024 6092]
[6093 6157]
[6158 6204]
[6205 6230]
[6231 6284]
[6285 6337]
[6338 6613]
[6614 6655]
[6656 6689]
[6690 6759]
[6760 6818]
[6819 6877]
[6878 6970]
[6971 7040]
[7041 7110]
[7111 7180]
[7181 7250]
[7251 7320]
[7321 7385]
[7386 7432]
[7433 7471]
[7472 7503]
[7504 7545]
[7546 7896]
[7897 7988]
[7989 8083]
[8084 8169]
[8170 8236]
[8237 8318]
[8319 8411]
[8412 8468]
[8469 8501]
[8502 8616]
[8617 8680]
[8681 8748]
[8749 8853]
[8854 8931]
[8932 8964]
[8965 9049]
[9050 9132]
[9133 9254]
[9255 9305]
[9306 9375]
[9376 9437]
[9438 9487]
[9488 9554]
[9555 9641]
[9642 9746]
[ 9747 10191]
[10192 10302]
[10303 10377]
[10378 10440]
[10441 10514]
[10515 10591]
[10592 10677]
[10678 10743]
[10744 10809]
[10810 10864]
[10865 10976]
[10977 11014]
[11015 11052]
[11053 11104]
[11105 11143]
[11144 11244]
[11245 11305]
[11306 11366]
[11367 11440]
[11441 11500]
[11501 11577]
[11578 11677]
[11678 11727]
[11728 11889]
[11890 11956]
[11957 12019]
[12020 12102]
[12103 12169]
[12170 12207]
[12208 12270]
[12271 12332]
[12333 12404]
[12405 12523]
[12524 12572]
[12573 12631]
[12632 12727]
[12728 12830]
[12831 12892]
[12893 12978]
[12979 13049]
[13050 13107]
[13108 13166]
[13167 13210]
[13211 13259]
[13260 13322]
[13323 13745]
[13746 13811]
[13812 13888]
[13889 13981]
[13982 14108]
[14109 14155]
[14156 14215]
[14216 14259]
[14260 14351]
[14352 14389]
[14390 14483]
[14484 14556]
[14557 14641]
[14642 14669]
[14670 14750]
[14751 14847]
[14848 14915]
[14916 15008]
[15009 15167]
[15168 15247]
[15248 15704]
[15705 15764]
[15765 15823]
[15824 15880]
[15881 15944]
[15945 16004]
[16005 16037]
[16038 16088]
[16089 16124]
[16125 16177]
[16178 16319]
[16320 16440]
[16441 16585]
[16586 16628]
[16629 16737]
[16738 16856]
[16857 17004]
[17005 17041]
[17042 17086]
[17087 17404]
[17405 17463]
[17464 17528]
[17529 17612]
[17613 17764]
[17765 17850]
[17851 18071]
[18072 18143]
[18144 18223]
[18224 18367]
[18368 18540]
[18541 18556]
[18557 18626]
[18627 18710]
[18711 18798]
[18799 18898]
[18899 19188]
[19189 19304]
[19305 19418]
[19419 19470]
[19471 19532]
[19533 19574]
[19575 19621]
[19622 19651]
[19652 19802]
[19803 19886]
[19887 19983]
[19984 20106]
[20107 20219]
[20220 20285]
[20286 20335]
[20336 20413]
[20414 20740]
[20741 20799]
[20800 20975]
[20976 21092]
[21093 21297]
[21298 21482]
[21483 21579]
[21580 21776]
[21777 21842]
[21843 21940]
[21941 21958]
[21959 21981]
[21982 22023]
[22024 22087]
[22088 22119]
[22120 22174]
[22175 22284]
[22285 22516]
[22517 22812]
[22813 22859]
[22860 22884]
[22885 22939]
[22940 23035]
[23036 23337]
[23338 23422]
[23423 23758]
[23759 23870]
[23871 24030]
[24031 24094]
[24095 24166]
[24167 24233]
[24234 24365]
[24366 24601]
[24602 24691]
[24692 24779]
[24780 24850]
[24851 24946]
[24947 25191]
[25192 25405]
[25406 25509]
[25510 25609]
[25610 25715]
[25716 25798]
[25799 25890]
[25891 25971]
[25972 26062]
[26063 26264]
[26265 26420]
[26421 26471]
[26472 26540]
[26541 26621]
[26622 26693]
[26694 26771]
[26772 26837]
[26838 26945]
[26946 27082]
[27083 27146]
[27147 27195]
[27196 27283]
[27284 27314]
[27315 27693]
[27694 28355]
[28356 28510]
[28511 28636]
[28637 29055]
[29056 29167]
[29168 29269]
[29270 29327]
[29328 29414]
[29415 29445]
[29446 29464]
[29465 29499]
[29500 29554]
[29555 29609]
[29610 29647]
[29648 29694]
[29695 29743]
[29744 29794]
[29795 29845]
[29846 29948]
[29949 29991]
[29992 30159]
[30160 30184]
[30185 30230]
[30231 30272]
[30273 30322]
[30323 30391]
[30392 30455]
[30456 30506]
[30507 30570]
[30571 30625]
[30626 30665]
[30666 30766]
[30767 30773]
[30774 30831]
[30832 30915]
[30916 31023]
[31024 31151]
[31152 31248]
[31249 31367]
[31368 31456]
[31457 31493]
[31494 31585]
[31586 31619]
[31620 31831]
[31832 31873]
[31874 31921]
[31922 32105]
[32106 32228]
[32229 32298]
[32299 32369]
[32370 32432]
[32433 32474]
[32475 32612]
[32613 32688]
[32689 32929]
[32930 32986]
[32987 33022]
[33023 33082]
[33083 33167]
[33168 33208]
[33209 33264]
[33265 33321]
[33322 33374]
[33375 33438]
[33439 33469]
[33470 33556]
[33557 33616]
[33617 33715]
[33716 33810]
[33811 33888]
[33889 33967]
[33968 34063]
[34064 34253]
[34254 34351]
[34352 34429]
[34430 34549]
[34550 34668]
[34669 34775]
[34776 34904]
[34905 35043]
[35044 35154]
[35155 35236]
[35237 35339]
[35340 35365]
[35366 35424]
[35425 35455]
[35456 35541]
[35542 35584]
[35585 35654]
[35655 35741]
[35742 35793]
[35794 35816]
[35817 35941]
[35942 35995]
[35996 36052]
[36053 36097]
[36098 36167]
[36168 36217]
[36218 36282]
[36283 36803]
[36805 36899]
