[ 0 15]
[ 16 326]
[327 362]
[363 392]
[393 420]
[421 453]
[454 483]
[484 513]
[514 546]
[547 577]
[578 610]
[611 641]
[642 672]
[673 702]
[703 728]
[729 781]
[782 806]
[807 905]
[ 906 1384]
[1385 1466]
[1467 1538]
[1539 1585]
[1586 1636]
[1637 1718]
[1719 1793]
[1794 1878]
[1879 1949]
[1950 2096]
[2097 2150]
[2151 2259]
[2260 2332]
[2333 2401]
[2402 2477]
[2478 2576]
[2577 2638]
[2639 2667]
[2668 2742]
[2743 2816]
[2817 3247]
[3248 3302]
[3303 3380]
[3381 3435]
[3436 3467]
[3468 3604]
[3605 3724]
[3725 3790]
[3791 3840]
[3841 3866]
[3867 3940]
[3941 3996]
[3997 4053]
[4054 4105]
[4106 4202]
[4203 4267]
[4268 4372]
[4373 4420]
[4421 4561]
[4562 4696]
[4697 4756]
[4757 5330]
[5331 5358]
[5359 5410]
[5411 5457]
[5458 5507]
[5508 5542]
[5543 5591]
[5592 5633]
[5634 5670]
[5671 5739]
[5740 5780]
[5781 5842]
[5843 5907]
[5908 5951]
[5952 6065]
[6066 6192]
[6193 6228]
[6229 6271]
[6272 6333]
[6334 6373]
[6374 6432]
[6433 6472]
[6473 6493]
[6494 6522]
[6523 6568]
[6569 6599]
[6600 6643]
[6644 6688]
[6689 7163]
[7164 7402]
[7403 7484]
[7485 7531]
[7532 7570]
[7571 7595]
[7596 7717]
[7718 7785]
[7786 7858]
[7859 7929]
[7930 8014]
[8015 8093]
[8094 8134]
[8135 8239]
[8240 8298]
[8299 8341]
[8342 8390]
[8391 8506]
[8507 9021]
[9022 9065]
[9066 9120]
[9121 9186]
[9187 9244]
[9245 9300]
[9301 9360]
[9361 9379]
[9380 9402]
[9403 9447]
[9448 9488]
[9489 9509]
[9510 9567]
[9568 9593]
[9594 9793]
[9794 9890]
[9891 9955]
[9956 9976]
[ 9977 10056]
[10057 10198]
[10199 10218]
[10219 10287]
[10288 10348]
[10349 10407]
[10408 10506]
[10507 10542]
[10543 10578]
[10579 10614]
[10615 10650]
[10651 10686]
[10687 10722]
[10723 10758]
[10759 10794]
[10795 10830]
[10831 10866]
[10867 10946]
[10947 11298]
[11299 11379]
[11380 11443]
[11444 11520]
[11521 11630]
[11631 11685]
[11686 11738]
[11739 11759]
[11760 11823]
[11824 11891]
[11892 11942]
[11943 12045]
[12046 12118]
[12119 12176]
[12177 12241]
[12242 12373]
[12374 12423]
[12424 12475]
[12476 12522]
[12523 12586]
[12587 12654]
[12655 13277]
[13278 13412]
[13413 13454]
[13455 13516]
[13517 13617]
[13618 13699]
[13700 13770]
[13771 13841]
[13842 13879]
[13880 13917]
[13918 13946]
[13947 13987]
[13988 14006]
[14007 14062]
[14063 14154]
[14155 14219]
[14220 14349]
[14350 14554]
[14555 14654]
[14655 14723]
[14724 14758]
[14759 14797]
[14798 14849]
[14850 15229]
[15230 15421]
[15422 15565]
[15566 15617]
[15618 15685]
[15686 15805]
[15806 15850]
[15851 15932]
[15933 15978]
[15979 16063]
[16064 16101]
[16102 16144]
[16145 16165]
[16166 16230]
[16231 16282]
[16283 16351]
[16352 16429]
[16430 16559]
[16560 16906]
[16907 17000]
[17001 17066]
[17067 17153]
[17154 17308]
[17309 17433]
[17434 17546]
[17547 17584]
[17585 17671]
[17672 17740]
[17741 17846]
[17847 17953]
[17954 18007]
[18008 18059]
[18060 18123]
[18124 18198]
[18199 18272]
[18273 18383]
[18384 18777]
[18778 18836]
[18837 18915]
[18916 18958]
[18959 19035]
[19036 19100]
[19101 19153]
[19154 19208]
[19209 19364]
[19365 19468]
[19469 19542]
[19543 19603]
[19604 19671]
[19672 19800]
[19801 19851]
[19852 19898]
[19899 19957]
[19958 20022]
[20023 20381]
[20382 20457]
[20458 20539]
[20540 20617]
[20618 20656]
[20657 20682]
[20683 20777]
[20778 20801]
[20802 20878]
[20879 20981]
[20982 21029]
[21030 21063]
[21064 21103]
[21104 21137]
[21138 21227]
[21228 21313]
[21314 21403]
[21404 21466]
[21467 21597]
[21598 21684]
[21685 21756]
[21757 21792]
[21793 21828]
[21829 21864]
[21865 21900]
[21901 21936]
[21937 21972]
[21973 22008]
[22009 22044]
[22045 22073]
[22074 22109]
[22110 22196]
[22197 22580]
[22581 22614]
[22615 22711]
[22712 22738]
[22739 22771]
[22772 22803]
[22804 22845]
[22846 22890]
[22891 22946]
[22947 22986]
[22987 23070]
[23071 23121]
[23122 23172]
[23173 23255]
[23256 23286]
[23287 23338]
[23339 23364]
[23365 23387]
[23388 23428]
[23429 23668]
[23669 23715]
[23716 23785]
[23786 23884]
[23885 23953]
[23954 24065]
[24066 24164]
[24165 24221]
[24222 24280]
[24281 24488]
[24489 24560]
[24561 24675]
[24676 24765]
[24766 24831]
[24832 24933]
[24934 25033]
[25034 25143]
[25144 25224]
[25225 25371]
[25372 25457]
[25458 25479]
[25480 25515]
[25516 25582]
[25583 25624]
[25625 25754]
[25755 25950]
[25951 26300]
[26301 26383]
[26384 26465]
[26466 26517]
[26518 26547]
[26548 26574]
[26575 26622]
[26623 26681]
[26682 26810]
[26811 26835]
[26836 26966]
[26967 26998]
[26999 27111]
[27112 27205]
[27206 27267]
[27268 27609]
[27610 27729]
[27730 27921]
[27922 28042]
[28043 28172]
[28173 28309]
[28310 28494]
[28495 28817]
[28818 28899]
