[ 0 38]
[ 39 319]
[320 375]
[376 411]
[412 441]
[442 469]
[470 502]
[503 532]
[533 562]
[563 594]
[595 626]
[627 659]
[660 690]
[691 721]
[722 751]
[752 782]
[783 813]
[814 844]
[845 875]
[876 956]
[ 957 1392]
[1393 1425]
[1426 1467]
[1468 1561]
[1562 1630]
[1631 1691]
[1692 1750]
[1751 1830]
[1831 1849]
[1850 1884]
[1885 1919]
[1920 1967]
[1968 1998]
[1999 2029]
[2030 2085]
[2086 2121]
[2122 2162]
[2163 2228]
[2229 2257]
[2258 2310]
[2311 2378]
[2379 2462]
[2463 2901]
[2902 2985]
[2986 3039]
[3040 3125]
[3126 3184]
[3185 3218]
[3219 3290]
[3291 3385]
[3386 3454]
[3455 3493]
[3494 3555]
[3556 3629]
[3630 3698]
[3699 3748]
[3749 3797]
[3798 3851]
[3852 3895]
[3896 4230]
[4231 4628]
[4629 4897]
[4898 4962]
[4963 5017]
[5018 5064]
[5065 5114]
[5115 5162]
[5163 5207]
[5208 5257]
[5258 5310]
[5311 5353]
[5354 5395]
[5396 5443]
[5444 5496]
[5497 5536]
[5537 5583]
[5584 5603]
[5604 5644]
[5645 5702]
[5703 5754]
[5755 5789]
[5790 5870]
[5871 5920]
[5921 5976]
[5977 6018]
[6019 6072]
[6073 6127]
[6128 6169]
[6170 6227]
[6228 6262]
[6263 6307]
[6308 6675]
[6676 6712]
[6713 6756]
[6757 6798]
[6799 6839]
[6840 6888]
[6889 6945]
[6946 7000]
[7001 7092]
[7093 7121]
[7122 7153]
[7154 7232]
[7233 7293]
[7294 7370]
[7371 7429]
[7430 7480]
[7481 7568]
[7569 7629]
[7630 7698]
[7699 7766]
[7767 7790]
[7791 7832]
[7833 7894]
[7895 7955]
[7956 8007]
[8008 8040]
[8041 8073]
[8074 8108]
[8109 8144]
[8145 8193]
[8194 8625]
[8626 8672]
[8673 8732]
[8733 8791]
[8792 8822]
[8823 9019]
[9020 9062]
[9063 9148]
[9149 9204]
[9205 9337]
[9338 9379]
[9380 9502]
[9503 9590]
[9591 9702]
[9703 9749]
[9750 9807]
[9808 9861]
[9862 9932]
[ 9933 10031]
[10032 10209]
[10210 10245]
[10246 10281]
[10282 10317]
[10318 10353]
[10354 10389]
[10390 10425]
[10426 10461]
[10462 10497]
[10498 10533]
[10534 10569]
[10570 10654]
[10655 11113]
[11115 11403]
[11404 11479]
[11480 11534]
[11535 11586]
[11587 11650]
[11651 11712]
[11713 11770]
[11771 11830]
[11831 11996]
[11997 12095]
[12096 12255]
[12256 12411]
[12412 12503]
[12504 12673]
[12674 12952]
[12954 13162]
[13163 13244]
[13245 13463]
[13464 13831]
[13832 14213]
[14214 14294]
[14295 14399]
[14400 14432]
[14433 14493]
[14494 14679]
[14680 14791]
[14792 14856]
[14857 14890]
[14891 14918]
[14919 14949]
[14950 14995]
[14996 15026]
[15027 15057]
[15058 15196]
[15197 15643]
[15644 15736]
[15737 15781]
[15782 15849]
[15850 15891]
[15892 15926]
[15927 15961]
[15962 16165]
[16166 16239]
[16240 16286]
[16287 16329]
[16330 16371]
[16372 16412]
[16413 16464]
[16465 16505]
[16506 16577]
[16578 16620]
[16621 16745]
[16746 16764]
[16765 16826]
[16827 16883]
[16884 16916]
[16917 16969]
[16970 17055]
[17056 17125]
[17126 17193]
[17194 17495]
[17497 17664]
[17665 17725]
[17726 17799]
[17800 17851]
[17852 17948]
[17949 17998]
[17999 18055]
[18056 18112]
[18113 18150]
[18151 18214]
[18215 18262]
[18263 18345]
[18346 18406]
[18407 18458]
[18459 18519]
[18520 18590]
[18591 18646]
[18647 18695]
[18696 18766]
[18767 18880]
[18881 18945]
[18946 19045]
[19046 19296]
[19297 19379]
[19380 19465]
[19466 19590]
[19591 19834]
[19835 19889]
[19890 19962]
[19963 20024]
[20025 20086]
[20087 20140]
[20141 20239]
[20240 20293]
[20294 20364]
[20365 20440]
[20441 20653]
[20654 20689]
[20690 20725]
[20726 20761]
[20762 20797]
[20798 20833]
[20834 20943]
[20944 20977]
[20978 21013]
[21014 21095]
[21096 21516]
[21517 21598]
[21599 21678]
[21679 21730]
[21731 21776]
[21777 21862]
[21863 21887]
[21888 21942]
[21943 22005]
[22006 22019]
[22020 22130]
[22131 22157]
[22158 22260]
[22261 22343]
[22344 22475]
[22476 23104]
[23105 23214]
[23215 23455]
[23456 23761]
[23762 23890]
[23891 24015]
[24016 24117]
[24118 24212]
[24213 24261]
[24262 24853]
[24854 24953]
[24954 25045]
[25046 25119]
[25120 25195]
[25196 25271]
[25272 25346]
[25347 25413]
[25414 25487]
[25488 25563]
[25564 25628]
[25629 25756]
[25757 25873]
[25874 26153]
[26154 26219]
[26220 26302]
[26303 26380]
[26381 26464]
[26465 26571]
[26572 26661]
[26662 26748]
[26749 26833]
[26834 26912]
[26913 26979]
[26980 27059]
[27060 27137]
[27138 27203]
[27204 27367]
[27368 27423]
[27424 27468]
[27469 27503]
[27504 27547]
[27548 27672]
[27673 27728]
[27729 27790]
[27791 27852]
[27853 27896]
[27897 27955]
[27956 28034]
[28035 28064]
[28065 28102]
[28103 28415]
[28416 28524]
[28525 28604]
[28605 28816]
[28817 29004]
[29005 29102]
[29103 29169]
[29170 29224]
[29225 29281]
[29282 29351]
[29352 29406]
[29407 29476]
[29477 29699]
[29700 29792]
[29793 29865]
[29866 30024]
[30025 30054]
[30055 30126]
[30127 30184]
[30185 30510]
[30511 30594]
[30595 30670]
[30671 30873]
[30874 30965]
[30966 31195]
[31196 31336]
[31337 31451]
[31452 31537]
[31538 31744]
[31745 31849]
