[ 0 18]
[ 19 458]
[459 526]
[527 562]
[563 592]
[593 620]
[621 653]
[654 683]
[684 713]
[714 746]
[747 777]
[778 810]
[811 841]
[842 872]
[873 902]
[903 932]
[933 962]
[963 992]
[ 993 1022]
[1023 1104]
[1105 1415]
[1416 1545]
[1546 1651]
[1652 1801]
[1802 1945]
[1946 2078]
[2079 2233]
[2234 2386]
[2387 2481]
[2482 2589]
[2590 2750]
[2751 2932]
[2933 3600]
[3602 4049]
[4050 4571]
[4572 4644]
[4645 4704]
[4705 4764]
[4765 4852]
[4853 4903]
[4904 4956]
[4957 4998]
[4999 5072]
[5073 5115]
[5116 5167]
[5168 5199]
[5200 5221]
[5222 5271]
[5272 5338]
[5339 5397]
[5398 5454]
[5455 5491]
[5492 5539]
[5540 5589]
[5590 5681]
[5682 5761]
[5762 5827]
[5828 5870]
[5871 5900]
[5901 5947]
[5948 5981]
[5982 6015]
[6016 6063]
[6064 6314]
[6315 6473]
[6474 6556]
[6557 6637]
[6638 6733]
[6734 6824]
[6825 6913]
[6914 6979]
[6980 7089]
[7090 7165]
[7166 7198]
[7199 7272]
[7273 7344]
[7345 7410]
[7411 7859]
[7860 7957]
[7958 7994]
[7995 8042]
[8043 8106]
[8107 8151]
[8152 8213]
[8214 8281]
[8282 8340]
[8341 8382]
[8383 8425]
[8426 8481]
[8482 8543]
[8544 8656]
[8657 8703]
[8704 8761]
[8762 8821]
[8822 8879]
[8880 8934]
[8935 8984]
[8985 9046]
[9047 9096]
[9097 9152]
[9153 9197]
[9198 9244]
[9245 9301]
[9302 9732]
[9733 9803]
[9804 9864]
[9865 9901]
[9902 9975]
[ 9976 10033]
[10034 10119]
[10120 10185]
[10186 10245]
[10246 10306]
[10307 10343]
[10344 10417]
[10418 10475]
[10476 10638]
[10639 10721]
[10722 10777]
[10778 10859]
[10860 10910]
[10911 10972]
[10973 11025]
[11026 11071]
[11072 11128]
[11129 11157]
[11158 11229]
[11230 11255]
[11256 11331]
[11332 11384]
[11385 11474]
[11475 11536]
[11537 11581]
[11582 11643]
[11644 12019]
[12020 13299]
[13300 13587]
[13588 13695]
[13696 13731]
[13732 13767]
[13768 13803]
[13804 13839]
[13840 13875]
[13876 13911]
[13912 13947]
[13948 14329]
[14330 14409]
[14410 14484]
[14485 14551]
[14552 14587]
[14588 14617]
[14618 14721]
[14722 14766]
[14767 14842]
[14843 14907]
[14908 14969]
[14970 15027]
[15028 15080]
[15081 15122]
[15123 15171]
[15172 15548]
[15549 15736]
[15737 15991]
[15992 16110]
[16111 16236]
[16237 16362]
[16363 16453]
[16454 16548]
[16549 16679]
[16680 16790]
[16791 17046]
[17047 17130]
[17131 17199]
[17200 17238]
[17239 17288]
[17289 17341]
[17342 17397]
[17398 17505]
[17506 17616]
[17617 17717]
[17718 17807]
[17808 17858]
[17859 17948]
[17949 18020]
[18021 18082]
[18083 18172]
[18173 18204]
[18205 18309]
[18310 18643]
[18644 18750]
[18751 18804]
[18805 18943]
[18944 19020]
[19021 19096]
[19097 19158]
[19159 19368]
[19369 19715]
[19716 19816]
[19817 20350]
[20351 20439]
[20440 20531]
[20532 20595]
[20596 20690]
[20691 20776]
[20777 20862]
[20863 20893]
[20894 21039]
[21040 21121]
[21122 21144]
[21145 21243]
[21244 21314]
[21315 21407]
[21408 21454]
[21455 21500]
[21501 21580]
[21581 21640]
[21641 21749]
[21750 21800]
[21801 21864]
[21865 21922]
[21923 21959]
[21960 21994]
[21995 22030]
[22031 22066]
[22067 22102]
[22103 22138]
[22139 22174]
[22175 22210]
[22211 22246]
[22247 22282]
[22283 22363]
[22364 22746]
[22747 22869]
[22870 22967]
[22968 22988]
[22989 23130]
[23131 23337]
[23338 23426]
[23427 23502]
[23503 23597]
[23598 23639]
[23640 23934]
[23935 24016]
[24017 24105]
[24106 24192]
[24193 24279]
[24280 24360]
[24361 24757]
[24758 24849]
[24850 24935]
[24936 25028]
[25029 25115]
[25116 25181]
[25182 25252]
[25253 25701]
[25702 25784]
[25785 25828]
[25829 25889]
[25890 25985]
[25986 26027]
[26028 26098]
[26099 26171]
[26172 26231]
[26232 26314]
[26315 26402]
[26403 26534]
[26535 26661]
[26662 26722]
[26723 26777]
[26778 27131]
[27132 27205]
[27206 27255]
[27256 27313]
[27314 27400]
[27401 27482]
[27483 27563]
[27564 27642]
[27643 27715]
[27716 27797]
[27798 27857]
[27858 27885]
[27886 27941]
[27942 28009]
[28010 28074]
[28075 28112]
[28113 28160]
[28161 28645]
[28646 28711]
[28712 28763]
[28764 28775]
[28776 28818]
[28819 28907]
[28908 28997]
[28998 29050]
[29051 29210]
[29211 29306]
[29307 29340]
[29341 29381]
[29382 29405]
[29406 29469]
[29470 29526]
[29527 29589]
[29590 29665]
[29666 29725]
[29726 29760]
[29761 29793]
[29794 29821]
[29822 29873]
[29874 29910]
[29911 29945]
[29946 29981]
[29982 30017]
[30018 30053]
[30054 30089]
[30090 30125]
[30126 30161]
[30162 30197]
[30198 30231]
[30232 30602]
[30604 30700]
[30701 30794]
[30795 30863]
[30864 30951]
[30952 31005]
[31006 31149]
[31150 31202]
[31203 31289]
[31290 31410]
[31411 31510]
[31511 31657]
[31658 31738]
[31739 31840]
[31841 32131]
[32132 32190]
[32191 32311]
[32312 32346]
[32347 32387]
[32388 32444]
[32445 32584]
[32585 32710]
[32711 32848]
[32849 32978]
[32979 33082]
[33083 33111]
[33112 33217]
[33218 33258]
[33259 33363]
[33364 33807]
[33808 33899]
