[ 0 38]
[ 39 287]
[288 342]
[343 374]
[375 408]
[409 431]
[432 469]
[470 512]
[513 527]
[528 548]
[549 575]
[576 594]
[595 621]
[622 677]
[678 712]
[713 761]
[ 762 1101]
[1102 1138]
[1139 1181]
[1182 1229]
[1230 1276]
[1277 1321]
[1322 1369]
[1370 1415]
[1416 1466]
[1467 1508]
[1509 1578]
[1579 1699]
[1700 1753]
[1754 1804]
[1805 1853]
[1854 1901]
[1902 1955]
[1956 1980]
[1981 2092]
[2093 2141]
[2142 2225]
[2226 2336]
[2337 2379]
[2380 2435]
[2436 2476]
[2477 2538]
[2539 2577]
[2578 2635]
[2636 2680]
[2681 3115]
[3116 3171]
[3172 3247]
[3248 3308]
[3310 3384]
[3385 3444]
[3445 3484]
[3485 3551]
[3552 3596]
[3597 3646]
[3647 3721]
[3722 3800]
[3801 3872]
[3873 3912]
[3913 3954]
[3955 4031]
[4032 4079]
[4080 4414]
[4415 4442]
[4443 4467]
[4468 4546]
[4547 4628]
[4629 4639]
[4640 4705]
[4706 4771]
[4772 4836]
[4837 4899]
[4900 4993]
[4994 5028]
[5029 5077]
[5079 5494]
[5495 5527]
[5528 5587]
[5588 5646]
[5647 5700]
[5701 5776]
[5777 5796]
[5797 5919]
[5920 5965]
[5966 6064]
[6065 6100]
[6101 6139]
[6140 6215]
[6216 6261]
[6262 6318]
[6319 6399]
[6400 6633]
[6634 6699]
[6700 6772]
[6773 6835]
[6836 6915]
[6916 6975]
[6976 6993]
[6994 7349]
[7350 7433]
[7434 7493]
[7494 7551]
[7552 7602]
[7603 7671]
[7672 7742]
[7743 7771]
[7772 7828]
[7829 7895]
[7896 7966]
[7967 8039]
[8040 8080]
[8081 8171]
[8172 8233]
[8234 8303]
[8304 8334]
[8335 8358]
[8359 8453]
[8454 8502]
[8503 8553]
[8554 8609]
[8610 8678]
[8679 8755]
[8756 8804]
[8805 8880]
[8881 8914]
[8915 8958]
[8959 9453]
[9454 9547]
[9548 9672]
[9673 9805]
[9806 9906]
[9907 9993]
[ 9994 10103]
[10104 10179]
[10180 10251]
[10252 10406]
[10407 10500]
[10501 10588]
[10589 10686]
[10687 10749]
[10750 10832]
[10833 10886]
[10887 10942]
[10943 10989]
[10990 11023]
[11024 11069]
[11070 11122]
[11123 11158]
[11159 11201]
[11202 11232]
[11233 11270]
[11271 11296]
[11297 11377]
[11378 11733]
[11734 11804]
[11805 11857]
[11858 12026]
[12027 12093]
[12094 12156]
[12157 12223]
[12224 12400]
[12401 12505]
[12506 12556]
[12557 12595]
[12596 13032]
[13033 13112]
[13113 13170]
[13171 13281]
[13282 13413]
[13414 13536]
[13537 13654]
[13655 13709]
[13710 13830]
[13831 13944]
[13945 14102]
[14103 14243]
[14244 14399]
[14400 14430]
[14431 14509]
[14510 14585]
[14586 14942]
[14943 15171]
[15172 15398]
[15399 15519]
[15520 15603]
[15604 15699]
[15700 15764]
[15765 15864]
[15865 15962]
[15963 16076]
[16077 16182]
[16183 16305]
[16306 16627]
[16628 16726]
[16727 16809]
[16810 16888]
[16889 17155]
[17156 17210]
[17211 17250]
[17251 17293]
[17294 17342]
[17343 17399]
[17400 17451]
[17452 17509]
[17510 17557]
[17558 17627]
[17628 17675]
[17676 17727]
[17728 17787]
[17788 17832]
[17833 17884]
[17885 18134]
[18135 18257]
[18258 18317]
[18318 18373]
[18374 18431]
[18432 18580]
[18581 18726]
[18727 18848]
[18849 18944]
[18945 18989]
[18990 19072]
[19073 19258]
[19259 19284]
[19285 19339]
[19340 19398]
[19399 19550]
[19551 19860]
[19861 19931]
[19932 20039]
[20040 20102]
[20103 20178]
[20179 20242]
[20243 20308]
[20309 20369]
[20370 20429]
[20430 20494]
[20495 20559]
[20560 20609]
[20610 20683]
[20684 20713]
[20714 20956]
[20957 21000]
[21001 21075]
[21076 21249]
[21250 21557]
[21558 21629]
[21630 21707]
[21708 21773]
[21774 22118]
[22119 22494]
[22495 22632]
[22633 22726]
[22727 22820]
[22821 22886]
[22887 23071]
[23072 23176]
[23177 23309]
[23310 23419]
[23420 23744]
[23745 23873]
[23874 23932]
[23933 24042]
[24043 24087]
[24088 24146]
[24147 24192]
[24193 24256]
[24257 24327]
[24328 24454]
[24455 24520]
[24521 24586]
[24587 24650]
[24651 24704]
[24705 24750]
[24751 24793]
[24794 24815]
[24816 25167]
[25168 25231]
[25232 25364]
[25365 25455]
[25456 25519]
[25520 25571]
[25572 25657]
[25658 25737]
[25738 25824]
[25825 25904]
[25905 25991]
[25992 26113]
[26114 26164]
[26165 26928]
[26929 27297]
[27298 27364]
[27365 27423]
[27424 27491]
[27492 27562]
[27563 27626]
[27627 28026]
[28028 28099]
