[ 0 19]
[ 20 315]
[316 376]
[377 407]
[408 438]
[439 469]
[470 503]
[504 534]
[535 565]
[566 596]
[597 627]
[628 658]
[659 689]
[690 720]
[721 751]
[752 821]
[ 822 1301]
[1302 1333]
[1334 1369]
[1370 1395]
[1396 1445]
[1446 1482]
[1483 1512]
[1513 1572]
[1573 1644]
[1645 1674]
[1675 1824]
[1825 1866]
[1867 1906]
[1907 1984]
[1985 2037]
[2038 2079]
[2080 2119]
[2120 2156]
[2157 2191]
[2192 2242]
[2243 2319]
[2320 2348]
[2349 2385]
[2386 2430]
[2431 2471]
[2472 2501]
[2502 2547]
[2548 2576]
[2577 2622]
[2623 2661]
[2662 2714]
[2715 2766]
[2767 2816]
[2817 2868]
[2869 2957]
[2958 3009]
[3010 3049]
[3050 3111]
[3112 3155]
[3156 3178]
[3179 3302]
[3303 3399]
[3400 3668]
[3669 3695]
[3696 3735]
[3736 3773]
[3774 3798]
[3799 3855]
[3856 3902]
[3903 4204]
[4205 4271]
[4272 4342]
[4343 4417]
[4418 4465]
[4466 4503]
[4504 4562]
[4563 4611]
[4612 4678]
[4679 4739]
[4740 4877]
[4878 4949]
[4950 4989]
[4990 5043]
[5044 5090]
[5091 5158]
[5159 5249]
[5250 5307]
[5308 5361]
[5362 5414]
[5415 5478]
[5479 5502]
[5503 5537]
[5538 5589]
[5590 6083]
[6084 6157]
[6158 6185]
[6186 6246]
[6247 6307]
[6308 6358]
[6359 6429]
[6430 6507]
[6508 6585]
[6586 6688]
[6689 6770]
[6771 6888]
[6889 6953]
[6954 6988]
[6989 7059]
[7060 7138]
[7139 7198]
[7199 7266]
[7267 7272]
[7273 7613]
[7614 7654]
[7655 7696]
[7697 7734]
[7735 7768]
[7769 7844]
[7845 8010]
[8011 8057]
[8058 8061]
[8062 8104]
[8105 8155]
[8156 8205]
[8206 8457]
[8458 8499]
[8500 8532]
[8533 8574]
[8575 8613]
[8614 8651]
[8652 8772]
[8773 8838]
[8839 8897]
[8898 8942]
[8943 8993]
[8994 9036]
[9037 9074]
[9075 9119]
[9120 9156]
[9157 9469]
[9470 9485]
[9486 9556]
[9557 9642]
[9643 9736]
[9737 9804]
[9805 9881]
[9882 9956]
[ 9957 10052]
[10053 10291]
[10292 10390]
[10391 10465]
[10466 10941]
[10942 11008]
[11009 11041]
[11042 11084]
[11085 11129]
[11130 11159]
[11160 11212]
[11213 11247]
[11248 11273]
[11274 11325]
[11326 11346]
[11347 11411]
[11412 11470]
[11471 11616]
[11617 11737]
[11738 11828]
[11829 11932]
[11933 12088]
[12089 12111]
[12112 12197]
[12198 12250]
[12251 12305]
[12306 12338]
[12339 12387]
[12388 12422]
[12423 12481]
[12482 12529]
[12530 12553]
[12554 12582]
[12583 12625]
[12626 12661]
[12662 12697]
[12698 12733]
[12734 12769]
[12770 12805]
[12806 12841]
[12842 12924]
[12925 13336]
[13337 13494]
[13495 13568]
[13569 13653]
[13654 13701]
[13702 13753]
[13754 13778]
[13779 13854]
[13855 13888]
[13889 13921]
[13922 13957]
[13958 13992]
[13993 14058]
[14059 14134]
[14135 14166]
[14167 14202]
[14203 14259]
[14260 14317]
[14318 14357]
[14358 14394]
[14395 14462]
[14463 14524]
[14525 14636]
[14637 14675]
[14676 14953]
[14954 15078]
[15079 15191]
[15192 15317]
[15318 15424]
[15425 15548]
[15549 15621]
[15622 15911]
[15912 15928]
[15929 15964]
[15965 16020]
[16021 16079]
[16080 16158]
[16159 16190]
[16191 16344]
[16345 16410]
[16411 16478]
[16479 16590]
[16591 16635]
[16636 16675]
[16676 16844]
[16845 16998]
[16999 17097]
[17098 17106]
[17107 17177]
[17178 17227]
[17228 17274]
[17275 17307]
[17308 17355]
[17356 17377]
[17378 17426]
[17427 17551]
[17552 17820]
[17821 17889]
[17890 17947]
[17948 18023]
[18024 18051]
[18052 18162]
[18163 18220]
[18221 18321]
[18322 18367]
[18368 18461]
[18462 18540]
[18541 18608]
[18609 18649]
[18650 18727]
[18728 18778]
[18779 18996]
[18997 19127]
[19128 19409]
[19410 19550]
[19551 19630]
[19631 19709]
[19710 19792]
[19793 19871]
[19872 19926]
[19927 19951]
[19952 19968]
[19969 20090]
[20091 20136]
[20137 20196]
[20197 20232]
[20233 20268]
[20269 20304]
[20305 20340]
[20341 20376]
[20377 20412]
[20413 20448]
[20449 20484]
[20485 20520]
[20521 20556]
[20557 20630]
[20631 21011]
[21013 21110]
[21111 21194]
[21195 21274]
[21275 21365]
[21366 21453]
[21454 21551]
[21552 21920]
[21921 22019]
[22020 22084]
[22085 22124]
[22125 22183]
[22184 22225]
[22226 22283]
[22284 22337]
[22338 22422]
[22423 22475]
[22476 22537]
[22538 22617]
[22618 22667]
[22668 22694]
[22695 22754]
[22755 22838]
[22839 23207]
[23208 23845]
[23846 24073]
[24074 24401]
[24402 24462]
[24463 24524]
[24525 24581]
[24582 24674]
[24675 24729]
[24730 24778]
[24779 24850]
[24851 24971]
[24972 25015]
[25016 25076]
[25077 25119]
[25120 25156]
[25157 25185]
[25186 25206]
[25207 25595]
[25596 25695]
[25696 25754]
[25755 25856]
[25857 25878]
[25879 25968]
[25969 26026]
[26027 26102]
[26103 26129]
[26130 26185]
[26186 26227]
[26228 26306]
[26307 26366]
[26367 26421]
[26422 26468]
[26469 26528]
[26529 26576]
[26577 26630]
[26631 26921]
[26922 27005]
[27006 27065]
[27066 27138]
[27139 27194]
[27195 27272]
[27273 27336]
[27337 27392]
[27393 27418]
[27419 27478]
[27479 27535]
[27536 27592]
[27593 27648]
[27649 27745]
[27746 28022]
[28023 28089]
[28090 28176]
[28177 28241]
[28242 28274]
[28275 28364]
[28365 28434]
[28435 28520]
[28521 28523]
[28524 28704]
[28705 28803]
[28804 28858]
[28859 28871]
[28872 28944]
[28945 29218]
[29219 29252]
[29253 29298]
[29299 29338]
[29339 29377]
[29378 29498]
[29499 29559]
[29560 29570]
[29571 29623]
[29624 29674]
[29675 29716]
[29717 30085]
[30086 30149]
