[ 0 25]
[ 26 373]
[374 434]
[435 477]
[478 514]
[515 567]
[568 601]
[602 630]
[631 725]
[726 767]
[768 871]
[872 919]
[ 920 1005]
[1006 1643]
[1644 1700]
[1701 1740]
[1741 1780]
[1781 1844]
[1845 1878]
[1879 1910]
[1911 1961]
[1962 2028]
[2029 2099]
[2100 2148]
[2149 2208]
[2209 2276]
[2277 2303]
[2304 2407]
[2408 2538]
[2539 2587]
[2588 2618]
[2619 2656]
[2657 2690]
[2691 2715]
[2716 2741]
[2742 2813]
[2814 2863]
[2864 2916]
[2917 2972]
[2973 3087]
[3088 3117]
[3118 3219]
[3220 3390]
[3391 3413]
[3414 3623]
[3624 3713]
[3714 3770]
[3771 3818]
[3819 3876]
[3877 4488]
[4489 4533]
[4534 4551]
[4552 4592]
[4593 4628]
[4629 4663]
[4664 4705]
[4706 4783]
[4784 4854]
[4855 4946]
[4947 5033]
[5034 5067]
[5068 5153]
[5154 5207]
[5208 5271]
[5272 5308]
[5309 5428]
[5429 5500]
[5501 5535]
[5536 5568]
[5569 5598]
[5599 5618]
[5619 5695]
[5696 5731]
[5732 5778]
[5779 5797]
[5798 5849]
[5850 5898]
[5899 5950]
[5951 6004]
[6005 6038]
[6039 6094]
[6095 6442]
[6443 6519]
[6520 6582]
[6583 6642]
[6643 6740]
[6741 6805]
[6806 6861]
[6862 6929]
[6930 6976]
[6977 7032]
[7033 7096]
[7097 7139]
[7140 7190]
[7191 7239]
[7240 7290]
[7291 7329]
[7330 7376]
[7377 7421]
[7422 7461]
[7462 7694]
[7695 7761]
[7762 7825]
[7826 7912]
[7913 7970]
[7971 8095]
[8096 8118]
[8119 8192]
[8193 8245]
[8246 8298]
[8299 8366]
[8367 8774]
[8775 8882]
[8883 9113]
[9114 9288]
[9289 9361]
[9362 9538]
[9539 9695]
[9696 9787]
[9788 9860]
[ 9861 10035]
[10036 10093]
[10094 10150]
[10151 10200]
[10201 10273]
[10274 10344]
[10345 10418]
[10419 10538]
[10539 10894]
[10895 10934]
[10935 10963]
[10964 10995]
[10996 11031]
[11032 11068]
[11069 11112]
[11113 11150]
[11151 11265]
[11266 11304]
[11305 11348]
[11349 11374]
[11375 11537]
[11538 11569]
[11570 11623]
[11624 11683]
[11684 11733]
[11734 11793]
[11794 11841]
[11842 11880]
[11881 11927]
[11928 11982]
[11983 12043]
[12044 12084]
[12085 12127]
[12128 12165]
[12166 12210]
[12211 12330]
[12331 12597]
[12598 12679]
[12680 12734]
[12735 12787]
[12788 12828]
[12829 12836]
[12837 12875]
[12876 12899]
[12900 12966]
[12967 13003]
[13004 13047]
[13048 13107]
[13108 13140]
[13141 13178]
[13179 13223]
[13224 13258]
[13259 13289]
[13290 13311]
[13312 13366]
[13367 13401]
[13402 13452]
[13453 13484]
[13485 13522]
[13523 13574]
[13575 13601]
[13602 13634]
[13635 13671]
[13672 14036]
[14037 14137]
[14138 14184]
[14185 14292]
[14293 14431]
[14432 14486]
[14487 14548]
[14549 14593]
[14594 14741]
[14742 14839]
[14840 14962]
[14963 15027]
[15028 15100]
[15101 15277]
[15278 15360]
[15361 15443]
[15444 15520]
[15521 15589]
[15590 15679]
[15680 16099]
[16101 16176]
[16177 16274]
[16275 16367]
[16368 16457]
[16458 16586]
[16587 16720]
[16721 16820]
[16821 16933]
[16934 17006]
[17007 17366]
[17368 17434]
[17435 17512]
[17513 17876]
[17877 18440]
[18441 18518]
[18519 18642]
[18643 18706]
[18707 18837]
[18838 18927]
[18928 19000]
[19001 19106]
[19107 19154]
[19155 19278]
[19279 19340]
[19341 19392]
[19393 19522]
[19523 19574]
[19575 19619]
[19620 19669]
[19670 19745]
[19746 19762]
[19763 19817]
[19818 19864]
[19865 19906]
[19907 19950]
[19951 19997]
[19998 20068]
[20069 20142]
[20143 20257]
[20258 20534]
[20535 20651]
[20652 20726]
[20727 20795]
[20796 20822]
[20823 20907]
[20908 20979]
[20980 21036]
[21037 21092]
[21093 21164]
[21165 21233]
[21234 21303]
[21304 21346]
[21347 21454]
[21455 21578]
[21579 21672]
[21673 21738]
[21739 22019]
[22020 22109]
[22110 22198]
[22199 22264]
[22265 22342]
[22343 22411]
[22412 22470]
[22471 22564]
[22565 22637]
[22638 22682]
[22683 22775]
[22776 23138]
[23139 23207]
[23208 23334]
[23335 23362]
[23363 23529]
[23530 23627]
[23628 23665]
[23666 23750]
[23751 23838]
[23839 23938]
[23939 24014]
[24015 24039]
[24040 24135]
[24136 24244]
[24245 24320]
[24321 24350]
[24351 24453]
[24454 24555]
[24556 24804]
[24805 24892]
[24893 24979]
[24980 25038]
[25039 25117]
[25118 25192]
[25193 25268]
[25269 25341]
[25342 25408]
[25409 25475]
[25476 25535]
[25536 25610]
[25611 25993]
[25994 26065]
[26066 26131]
[26132 26199]
[26200 26274]
[26275 26348]
[26349 26421]
[26422 26495]
[26496 26571]
[26572 26645]
[26646 26701]
[26702 26754]
[26755 26829]
[26830 26913]
[26914 26941]
[26942 27492]
[27493 27599]
