[ 0 25]
[ 26 376]
[377 431]
[432 462]
[463 493]
[494 524]
[525 558]
[559 589]
[590 620]
[621 651]
[652 682]
[683 713]
[714 744]
[745 773]
[774 807]
[808 838]
[839 900]
[901 931]
[ 932 1008]
[1009 1283]
[1284 1477]
[1479 1663]
[1664 1784]
[1785 1912]
[1913 2030]
[2031 2172]
[2173 2325]
[2326 2530]
[2532 2625]
[2626 3356]
[3357 3396]
[3397 3433]
[3434 3492]
[3493 3538]
[3539 3594]
[3595 3649]
[3650 3676]
[3677 3841]
[3842 3963]
[3964 3999]
[4000 4076]
[4077 4109]
[4110 4163]
[4164 4185]
[4186 4256]
[4257 4301]
[4302 4377]
[4378 4432]
[4433 4486]
[4487 4527]
[4528 4568]
[4569 4677]
[4678 4719]
[4720 4780]
[4781 4854]
[4855 5608]
[5609 5644]
[5645 5688]
[5689 5715]
[5716 5749]
[5750 5788]
[5789 5829]
[5830 5897]
[5898 5950]
[5951 6024]
[6025 6074]
[6075 6122]
[6123 6165]
[6166 6237]
[6238 6308]
[6309 6356]
[6357 6371]
[6372 6395]
[6396 6417]
[6418 6449]
[6450 6482]
[6483 6765]
[6766 6991]
[6992 7019]
[7020 7081]
[7082 7398]
[7399 7538]
[7539 7599]
[7600 7780]
[7781 7911]
[7912 7988]
[7989 8056]
[8057 8113]
[8114 8151]
[8152 8223]
[8224 8310]
[8311 8415]
[8416 8680]
[8681 8747]
[8748 8830]
[8831 8854]
[8855 8922]
[8923 8998]
[8999 9007]
[9008 9111]
[9112 9170]
[9171 9239]
[9240 9322]
[9323 9360]
[9361 9484]
[9485 9505]
[9506 9523]
[9524 9551]
[9552 9659]
[9660 9721]
[9722 9775]
[9776 9805]
[9806 9864]
[ 9865 10000]
[10001 10062]
[10063 10123]
[10124 10279]
[10280 10315]
[10316 10351]
[10352 10387]
[10388 10423]
[10424 10459]
[10460 10495]
[10496 10531]
[10532 10567]
[10568 10603]
[10604 10639]
[10640 10722]
[10723 11191]
[11192 11248]
[11249 11315]
[11316 11395]
[11396 11525]
[11526 11573]
[11574 11623]
[11624 11670]
[11671 11785]
[11786 11885]
[11886 11964]
[11965 12016]
[12017 12092]
[12093 12174]
[12175 12505]
[12506 12599]
[12600 12657]
[12658 12743]
[12744 12830]
[12831 12884]
[12885 12956]
[12957 13031]
[13032 13111]
[13112 13142]
[13143 13200]
[13201 13251]
[13252 13541]
[13542 13706]
[13707 13812]
[13813 13841]
[13842 13898]
[13899 13961]
[13962 14116]
[14117 14159]
[14160 14183]
[14184 14208]
[14209 14283]
[14284 14334]
[14335 14402]
[14403 14477]
[14478 14562]
[14563 14686]
[14687 14822]
[14823 14902]
[14903 15006]
[15007 15049]
[15050 15112]
[15113 15535]
[15536 15606]
[15607 15672]
[15673 15770]
[15771 15858]
[15859 15893]
[15894 15934]
[15935 16055]
[16056 16144]
[16145 16206]
[16207 16257]
[16258 16296]
[16297 16333]
[16334 16461]
[16462 16596]
[16597 16674]
[16675 16799]
[16800 16846]
[16847 16974]
[16975 17042]
[17043 17360]
[17361 17435]
[17436 17534]
[17535 17593]
[17594 17644]
[17645 17728]
[17729 17792]
[17793 17830]
[17831 17894]
[17895 17960]
[17961 18019]
[18020 18139]
[18140 18323]
[18324 18646]
[18647 18722]
[18723 18819]
[18820 18873]
[18874 18896]
[18897 18924]
[18925 18989]
[18990 19107]
[19108 19212]
[19213 19422]
[19423 19484]
[19485 19542]
[19543 19582]
[19583 19616]
[19617 19704]
[19705 19748]
[19749 19936]
[19937 20012]
[20013 20091]
[20092 20209]
[20210 20545]
[20546 20626]
[20627 20683]
[20684 20774]
[20775 20934]
[20935 20980]
[20981 21066]
[21067 21103]
[21104 21209]
[21210 21316]
[21317 21362]
[21363 21670]
[21671 21719]
[21720 21801]
[21802 21841]
[21842 21949]
[21950 22000]
[22001 22049]
[22050 22094]
[22095 22203]
[22204 22220]
[22221 22257]
[22258 22290]
[22291 22362]
[22363 22430]
[22431 22508]
[22509 22539]
[22540 22626]
[22627 22684]
[22685 22737]
[22738 22790]
[22791 22842]
[22843 22919]
[22920 22966]
[22967 23034]
[23035 23098]
[23099 23141]
[23142 23196]
[23197 23505]
[23506 23600]
[23601 23706]
[23707 23819]
[23820 23874]
[23875 23967]
[23968 24074]
[24075 24155]
[24156 24245]
[24246 24329]
[24330 24496]
[24497 24755]
[24756 24847]
[24848 24920]
[24921 25030]
[25031 25149]
[25150 25207]
[25208 25301]
[25302 25424]
[25425 25555]
[25556 25645]
[25646 25817]
[25818 25866]
[25867 25936]
[25937 26241]
[26242 26302]
[26303 26361]
[26362 26370]
[26371 26404]
[26405 26460]
[26461 26513]
[26514 26540]
[26541 26619]
[26620 26693]
[26694 26742]
[26743 26782]
[26783 26824]
[26825 26847]
[26848 26904]
[26905 27007]
[27008 27072]
[27073 27099]
[27100 27171]
[27172 27192]
[27193 27227]
[27228 27260]
[27261 27331]
[27332 27383]
[27384 27419]
[27420 27455]
[27456 27491]
[27492 27527]
[27528 27563]
[27564 27635]
[27636 27827]
[27828 28135]
[28136 28249]
[28250 28284]
[28285 28313]
[28314 28341]
[28342 28405]
[28406 28434]
[28435 28550]
[28551 28630]
[28631 28742]
[28743 28819]
[28820 28870]
[28871 28948]
[28949 29026]
[29027 29138]
[29139 29177]
[29178 29224]
[29225 29340]
[29341 29369]
[29370 29451]
[29452 29541]
[29542 29640]
[29642 29731]
[29732 29849]
[29850 30182]
[30183 30194]
[30195 30226]
[30227 30303]
[30304 30343]
[30344 30510]
[30511 30554]
[30555 30618]
[30619 30667]
[30668 30752]
[30753 30790]
[30791 30827]
[30828 30863]
[30864 30899]
[30900 30928]
[30929 30976]
[30977 31025]
[31026 31086]
[31087 31118]
[31119 31144]
[31145 31209]
[31210 31381]
[31382 31462]
[31463 31593]
[31594 31699]
[31700 31777]
[31778 31831]
[31832 31889]
[31890 31948]
[31949 32095]
[32096 32153]
[32154 32226]
[32227 32273]
[32274 32366]
[32367 32437]
[32438 32487]
[32488 32534]
[32535 32629]
[32630 32829]
[32830 32926]
[32927 33012]
[33013 33108]
[33109 33159]
[33160 33185]
[33186 33312]
[33313 33358]
[33359 33452]
[33453 33547]
[33548 33572]
[33573 33682]
[33683 33831]
[33832 33882]
[33883 33940]
[33941 34045]
[34046 34114]
[34115 34315]
[34316 34536]
[34537 34643]
[34644 35057]
[35058 35392]
[35394 35449]
