[ 0 22]
[ 23 575]
[576 628]
[629 659]
[660 694]
[695 717]
[718 755]
[756 787]
[788 817]
[818 845]
[846 879]
[880 913]
[914 944]
[945 974]
[975 996]
[ 997 1047]
[1048 1548]
[1549 1603]
[1604 1681]
[1682 1745]
[1746 1812]
[1813 1855]
[1856 1912]
[1913 1972]
[1973 2015]
[2016 2053]
[2054 2077]
[2078 2219]
[2220 2272]
[2273 2322]
[2323 2380]
[2381 2430]
[2431 2485]
[2486 2539]
[2540 2612]
[2613 2652]
[2653 2692]
[2693 2722]
[2723 2781]
[2782 2816]
[2817 2856]
[2857 2896]
[2897 2932]
[2933 2956]
[2957 2996]
[2997 3027]
[3028 3059]
[3060 3527]
[3528 3791]
[3792 3845]
[3846 3922]
[3923 3993]
[3994 4057]
[4058 4115]
[4116 4183]
[4184 4254]
[4255 4334]
[4335 4440]
[4441 4477]
[4478 4508]
[4509 4841]
[4842 4889]
[4890 4939]
[4940 4975]
[4976 5019]
[5020 5069]
[5070 5101]
[5102 5157]
[5158 5250]
[5251 5323]
[5324 5466]
[5467 5540]
[5541 5596]
[5597 5685]
[5686 5886]
[5887 5979]
[5980 6124]
[6125 6196]
[6197 6245]
[6246 6336]
[6337 6389]
[6390 6437]
[6438 6531]
[6532 6990]
[6991 7086]
[7087 7147]
[7148 7207]
[7208 7268]
[7269 7334]
[7335 7403]
[7404 7461]
[7462 7522]
[7523 7663]
[7664 7729]
[7730 7815]
[7816 7893]
[7894 7970]
[7971 8050]
[8051 8205]
[8206 8243]
[8244 8302]
[8303 8591]
[8592 8658]
[8659 8732]
[8733 8802]
[8803 8855]
[8856 8918]
[8919 8990]
[8991 9040]
[9041 9080]
[9081 9146]
[9147 9214]
[9215 9283]
[9284 9367]
[9368 9433]
[9434 9490]
[9491 9551]
[9552 9601]
[9602 9644]
[9645 9962]
[ 9963 10035]
[10036 10115]
[10116 10165]
[10166 10258]
[10259 10325]
[10326 10400]
[10401 10481]
[10482 10539]
[10540 10581]
[10582 10643]
[10644 10699]
[10700 10755]
[10756 10793]
[10794 10851]
[10852 10896]
[10897 11193]
[11194 11240]
[11241 11290]
[11291 11337]
[11338 11377]
[11378 11418]
[11419 11462]
[11463 11516]
[11517 11560]
[11561 11596]
[11597 11634]
[11635 11686]
[11687 11741]
[11742 11792]
[11793 11829]
[11830 11974]
[11976 12011]
[12012 12062]
[12063 12082]
[12083 12088]
[12089 12114]
[12115 12144]
[12145 12221]
[12222 12253]
[12254 12287]
[12288 12323]
[12324 12413]
[12414 12471]
[12472 12539]
[12540 12603]
[12604 12671]
[12672 12736]
[12737 12771]
[12772 12841]
[12842 12872]
[12873 12951]
[12952 13137]
[13138 13221]
[13222 13278]
[13279 13329]
[13330 13363]
[13364 13396]
[13397 13426]
[13427 13458]
[13459 13514]
[13515 13568]
[13569 13601]
[13602 13636]
[13637 13718]
[13719 13956]
[13957 14399]
[14400 14478]
[14479 14547]
[14548 14642]
[14643 14719]
[14720 14801]
[14802 14842]
[14843 15122]
[15123 15203]
[15204 15259]
[15260 15318]
[15319 15637]
[15638 15736]
[15737 15861]
[15862 15904]
[15905 15971]
[15972 16124]
[16125 16197]
[16198 16255]
[16256 16330]
[16331 16377]
[16378 16455]
[16456 16535]
[16536 16549]
[16550 16575]
[16576 16610]
[16611 16652]
[16653 16674]
[16675 16715]
[16716 16739]
[16740 16858]
[16859 16895]
[16896 16905]
[16906 16933]
[16934 16966]
[16967 16995]
[16996 17021]
[17022 17107]
[17108 17349]
[17350 17435]
[17436 17547]
[17548 17591]
[17592 17645]
[17646 17732]
[17733 17822]
[17823 18011]
[18012 18096]
[18097 18181]
[18182 18253]
[18254 18319]
[18320 18422]
[18423 18489]
[18490 18554]
[18555 18611]
[18612 18670]
[18671 18717]
[18718 18753]
[18754 18817]
[18818 18858]
[18859 19175]
[19176 19269]
[19270 19326]
[19327 19398]
[19399 19480]
[19481 19523]
[19524 19556]
[19557 19612]
[19613 19651]
[19652 19728]
[19729 19755]
[19756 19823]
[19824 19905]
[19906 19969]
[19970 20015]
[20016 20107]
[20108 20212]
[20213 20681]
[20682 21028]
[21029 21109]
[21110 21206]
[21207 21273]
[21274 21367]
[21368 21478]
[21479 21601]
[21602 21738]
[21739 21834]
[21835 21895]
[21896 21946]
[21947 21993]
[21994 22034]
[22035 22075]
[22076 22140]
[22141 22185]
[22186 22241]
[22242 22331]
[22332 22616]
[22617 22793]
[22795 22946]
[22947 23098]
[23100 23260]
[23261 23415]
[23416 23593]
[23595 23746]
[23747 23898]
[23900 24045]
[24046 24311]
[24312 24383]
[24384 24459]
[24460 24528]
[24529 24603]
[24604 24676]
[24677 24765]
[24766 24818]
[24819 24895]
[24896 24965]
[24966 25034]
[25035 25086]
[25087 25184]
[25185 25552]
[25553 25719]
[25720 25845]
[25846 26004]
[26005 26124]
[26125 26268]
[26269 26425]
[26426 26569]
[26570 26704]
[26705 26852]
[26853 27181]
[27182 27296]
[27297 27350]
[27351 27439]
[27440 27536]
[27537 27586]
[27587 27656]
[27657 27711]
[27712 27788]
[27789 27856]
[27857 27933]
[27934 28004]
[28005 28233]
[28234 28469]
[28470 28583]
[28584 28705]
[28706 28816]
[28817 28874]
[28875 28990]
[28991 29046]
[29047 29108]
[29109 29159]
[29160 29202]
[29203 29373]
[29374 29489]
[29490 29720]
[29721 29777]
[29778 30011]
[30012 30228]
[30229 30338]
[30339 30443]
[30444 30548]
[30549 30608]
[30609 30666]
[30667 30721]
[30722 30816]
[30817 30947]
[30948 31024]
[31025 31406]
[31407 31775]
[31776 31813]
[31814 31863]
[31864 31948]
[31949 31994]
[31995 32038]
[32039 32077]
[32078 32583]
[32584 32647]
[32648 32694]
[32695 32754]
[32755 32806]
[32807 32878]
[32879 32965]
[32966 33554]
[33555 33617]
[33618 33744]
[33745 33806]
[33807 33858]
[33859 33907]
[33908 33961]
[33962 34011]
[34012 34050]
[34051 34089]
[34090 34136]
[34137 34168]
[34169 34187]
[34188 34354]
[34355 34459]
[34460 34575]
[34576 34696]
[34697 34738]
[34739 34839]
[34840 34956]
[34957 35021]
[35022 35085]
[35086 35596]
[35598 35649]
