[ 0 20]
[ 22 293]
[294 350]
[351 382]
[383 413]
[414 444]
[445 477]
[478 510]
[511 541]
[542 572]
[573 601]
[602 669]
[670 699]
[700 727]
[728 768]
[769 817]
[818 924]
[ 925 1302]
[1303 1371]
[1372 1429]
[1430 1467]
[1468 1534]
[1535 1594]
[1595 1647]
[1648 1762]
[1763 1800]
[1801 1844]
[1845 1899]
[1900 2037]
[2038 2090]
[2091 2153]
[2154 2211]
[2212 2271]
[2272 2329]
[2330 2365]
[2366 2389]
[2390 2849]
[2850 2989]
[2990 3071]
[3072 3161]
[3162 3226]
[3227 3259]
[3260 3335]
[3337 3425]
[3426 3819]
[3820 3876]
[3877 3947]
[3948 4018]
[4019 4097]
[4098 4162]
[4163 4206]
[4207 4271]
[4272 4336]
[4337 4412]
[4413 4472]
[4473 4553]
[4554 4605]
[4606 4644]
[4645 4891]
[4892 4997]
[4998 5116]
[5117 5180]
[5181 5251]
[5252 5316]
[5317 5696]
[5697 5840]
[5841 5895]
[5896 5950]
[5951 6037]
[6038 6106]
[6107 6159]
[6160 6269]
[6270 6319]
[6320 6408]
[6409 6517]
[6518 6653]
[6654 6716]
[6717 6770]
[6771 6816]
[6817 6908]
[6909 6980]
[6981 7013]
[7014 7151]
[7152 7358]
[7359 7507]
[7509 7581]
[7582 7627]
[7628 7700]
[7701 7742]
[7743 7815]
[7816 7878]
[7879 7951]
[7952 7981]
[7982 8189]
[8190 8219]
[8220 8296]
[8297 8343]
[8344 8414]
[8415 8487]
[8488 8552]
[8553 8669]
[8670 8705]
[8706 8764]
[8765 8819]
[8820 8852]
[8853 8887]
[8888 8919]
[8920 8951]
[8952 9000]
[9001 9057]
[9058 9096]
[9097 9155]
[9156 9261]
[9262 9633]
[9634 9860]
[ 9861 10006]
[10007 10176]
[10177 10279]
[10280 10632]
[10633 10798]
[10799 11110]
[11111 11323]
[11324 11461]
[11462 11512]
[11513 11540]
[11541 11634]
[11635 11695]
[11696 11739]
[11740 11774]
[11775 12149]
[12150 12219]
[12220 12251]
[12252 12308]
[12309 12346]
[12347 12391]
[12392 12433]
[12434 12789]
[12790 12853]
[12854 12964]
[12965 13037]
[13038 13120]
[13121 13188]
[13189 13258]
[13259 13362]
[13363 13449]
[13450 13508]
[13509 13524]
[13525 13841]
[13842 14016]
[14017 14216]
[14217 14309]
[14310 14453]
[14454 14547]
[14548 14594]
[14595 14745]
[14746 14989]
[14990 15130]
[15131 15288]
[15289 15626]
[15628 15734]
[15735 15805]
[15806 16014]
[16015 16087]
[16088 16157]
[16158 16205]
[16206 16245]
[16246 16304]
[16305 16341]
[16342 16384]
[16385 16445]
[16446 16572]
[16573 16702]
[16703 16825]
[16826 16890]
[16891 16988]
[16989 17049]
[17051 17136]
[17137 17456]
[17457 17526]
[17527 17644]
[17645 17683]
[17684 17760]
[17761 17771]
[17772 17887]
[17888 17898]
[17899 18002]
[18003 18071]
[18072 18163]
[18164 18205]
[18206 18316]
[18317 18432]
[18433 18457]
[18458 18545]
[18546 18663]
[18664 18980]
[18981 19599]
[19600 19744]
[19745 19849]
[19850 19898]
[19899 19970]
[19971 20375]
[20376 20498]
[20499 20585]
[20586 20664]
[20665 20747]
[20748 20849]
[20850 20954]
[20955 21073]
[21074 21222]
[21223 21279]
[21280 21323]
[21324 21631]
[21632 21759]
[21760 21892]
[21893 21980]
[21981 22088]
[22089 22187]
[22188 22461]
[22462 22624]
[22625 22976]
[22977 23068]
[23069 23130]
[23131 23185]
[23186 23256]
[23257 23328]
[23329 23397]
[23398 23478]
[23479 23577]
[23578 23621]
[23622 23694]
[23695 23763]
[23764 23816]
[23817 23905]
[23906 23987]
[23988 24035]
[24036 24088]
[24089 24145]
[24146 24601]
[24602 24630]
[24631 24662]
[24663 24929]
[24930 25026]
[25027 25128]
[25129 25262]
[25263 25440]
[25441 25639]
[25640 25923]
[25924 25990]
[25991 26114]
[26115 26162]
[26163 26280]
[26281 26297]
[26298 26370]
[26371 26440]
[26441 26503]
[26504 26564]
[26565 26637]
[26638 26725]
[26726 26785]
[26786 26856]
[26857 27015]
[27016 27161]
[27162 27316]
[27317 27383]
[27384 27449]
[27450 27514]
[27515 27999]
[28000 28072]
[28073 28147]
[28148 28235]
[28236 28323]
[28324 28393]
[28394 28475]
[28476 28553]
[28554 28631]
[28632 28709]
[28710 28780]
[28781 28856]
[28857 28958]
[28959 29292]
[29293 29588]
[29589 29659]
[29660 29782]
[29783 29846]
[29847 29951]
[29952 30022]
[30023 30097]
[30098 30160]
[30161 30295]
[30296 30689]
[30690 30749]
