[ 0 24]
[ 25 319]
[320 385]
[386 431]
[432 475]
[476 512]
[513 544]
[545 588]
[589 636]
[637 664]
[665 715]
[716 735]
[736 761]
[762 786]
[787 837]
[838 859]
[860 889]
[890 959]
[ 960 1499]
[1501 1548]
[1549 1575]
[1576 1639]
[1640 1696]
[1697 1754]
[1755 1850]
[1851 1948]
[1949 1997]
[1998 2053]
[2054 2101]
[2102 2188]
[2189 2317]
[2318 2334]
[2335 2413]
[2414 2464]
[2465 2537]
[2538 2603]
[2604 2668]
[2669 2762]
[2763 2839]
[2840 2924]
[2925 2959]
[2960 2987]
[2988 3097]
[3098 4000]
[4001 4125]
[4126 4209]
[4210 4298]
[4299 4358]
[4359 4408]
[4409 4454]
[4455 4507]
[4508 4577]
[4578 4646]
[4647 4693]
[4694 4773]
[4774 4838]
[4839 4937]
[4938 5045]
[5046 5077]
[5078 5119]
[5120 5210]
[5211 5614]
[5615 5658]
[5659 5707]
[5708 5759]
[5760 5809]
[5810 5864]
[5865 5923]
[5924 5976]
[5977 6038]
[6039 6075]
[6076 6102]
[6103 6209]
[6210 6258]
[6259 6295]
[6296 6337]
[6338 6380]
[6381 6425]
[6426 6488]
[6489 6525]
[6526 6560]
[6561 6606]
[6607 6669]
[6670 6683]
[6684 6745]
[6746 6782]
[6783 6841]
[6842 6908]
[6909 6967]
[6968 7037]
[7038 7096]
[7097 7409]
[7410 7471]
[7472 7533]
[7534 7631]
[7632 7714]
[7715 7828]
[7829 7928]
[7929 7948]
[7949 8010]
[8011 8077]
[8078 8199]
[8200 8601]
[8602 8641]
[8642 8692]
[8693 8721]
[8722 8742]
[8743 8778]
[8779 8842]
[8843 8863]
[8864 8908]
[8909 8946]
[8947 8980]
[8981 9035]
[9036 9133]
[9134 9210]
[9211 9274]
[9275 9309]
[9310 9377]
[9378 9438]
[9439 9526]
[9527 9586]
[9587 9667]
[9668 9745]
[9746 9820]
[9821 9869]
[9870 9942]
[ 9943 10023]
[10024 10103]
[10104 10220]
[10221 10256]
[10257 10311]
[10312 10357]
[10358 10400]
[10401 10446]
[10447 10499]
[10500 10552]
[10553 11302]
[11303 11335]
[11336 11552]
[11553 11575]
[11576 11653]
[11654 11738]
[11739 11822]
[11823 11880]
[11881 11941]
[11942 11993]
[11994 12049]
[12050 12084]
[12085 12158]
[12159 12221]
[12222 12270]
[12271 12331]
[12332 12440]
[12441 12534]
[12535 12561]
[12562 12631]
[12632 13164]
[13165 13245]
[13246 13302]
[13303 13399]
[13400 13443]
[13444 13486]
[13487 13534]
[13535 13768]
[13769 13817]
[13818 13891]
[13892 13930]
[13931 13979]
[13980 14035]
[14036 14096]
[14097 14183]
[14184 14469]
[14471 14546]
[14547 14573]
[14574 14645]
[14646 14713]
[14714 14746]
[14747 14807]
[14808 14870]
[14871 14945]
[14946 14996]
[14997 15128]
[15129 15188]
[15189 15708]
[15709 15767]
[15768 15815]
[15816 15859]
[15860 15897]
[15898 15927]
[15928 16018]
[16019 16160]
[16161 16184]
[16185 16249]
[16250 16295]
[16296 16337]
[16338 16395]
[16396 16593]
[16594 16668]
[16669 16717]
[16718 16754]
[16755 16839]
[16840 16979]
[16980 17175]
[17177 17237]
[17238 17328]
[17329 17439]
[17440 17518]
[17519 17592]
[17593 17661]
[17662 17727]
[17728 17796]
[17797 17876]
[17877 17967]
[17968 18106]
[18107 18194]
[18195 18352]
[18353 18396]
[18397 18446]
[18447 18499]
[18500 18550]
[18551 18638]
[18639 18898]
[18899 18970]
[18971 19036]
[19037 19207]
[19208 19296]
[19297 19394]
[19395 19471]
[19472 19551]
[19552 19628]
[19629 19708]
[19709 19768]
[19769 19839]
[19840 19905]
[19906 19964]
[19965 20022]
[20023 20064]
[20065 20121]
[20122 20178]
[20179 20492]
[20493 20565]
[20566 20616]
[20617 20663]
[20664 20703]
[20704 20775]
[20776 20816]
[20817 20848]
[20849 20886]
[20887 20922]
[20923 20961]
[20962 21001]
[21002 21051]
[21052 21078]
[21079 21124]
[21125 21166]
[21167 21228]
[21229 21270]
[21271 21306]
[21307 21365]
[21366 21404]
[21405 21443]
[21444 21507]
[21508 21562]
[21563 21615]
[21616 21657]
[21658 21697]
[21698 21732]
[21733 21764]
[21765 21808]
[21809 21863]
[21864 22115]
[22116 22186]
[22187 22261]
[22262 22342]
[22343 22406]
[22407 22536]
[22537 22618]
[22619 22684]
[22685 22737]
[22738 22768]
[22769 22814]
[22815 23097]
[23098 23163]
[23164 23249]
[23250 23333]
[23334 23418]
[23419 23513]
[23514 23627]
[23628 23769]
[23770 23839]
[23840 23874]
[23875 23920]
[23921 24111]
[24112 24204]
[24205 24333]
[24334 24610]
[24611 24760]
[24761 24850]
[24851 25002]
[25003 25273]
[25274 25330]
[25331 25374]
[25375 25488]
[25489 25594]
[25595 25725]
[25726 25811]
[25812 25884]
[25885 25988]
[25989 26103]
[26104 26298]
[26299 26443]
[26444 26520]
[26521 26574]
[26575 26631]
[26632 26692]
[26693 26755]
[26756 26814]
[26815 26872]
[26873 27083]
[27084 27325]
[27326 27965]
[27966 28297]
[28298 28367]
[28368 28436]
[28437 28486]
[28487 28548]
[28549 28601]
[28602 28645]
[28646 28778]
[28779 28848]
[28849 28868]
[28869 28967]
[28968 29046]
[29047 29100]
[29101 29158]
[29159 29220]
[29221 29266]
[29267 29331]
[29332 29382]
[29383 29414]
[29415 29878]
[29879 29986]
[29987 30064]
[30065 30131]
[30132 30182]
[30183 30228]
[30229 30251]
[30252 30348]
[30349 30646]
[30647 30749]
