[ 0 17]
[ 19 282]
[283 346]
[347 377]
[378 408]
[409 439]
[440 473]
[474 535]
[536 566]
[567 597]
[598 628]
[629 659]
[660 690]
[691 718]
[719 769]
[ 770 1128]
[1129 1174]
[1175 1233]
[1234 1273]
[1274 1350]
[1351 1394]
[1395 1453]
[1454 1484]
[1485 1591]
[1592 1644]
[1645 1695]
[1696 1783]
[1784 1847]
[1848 1910]
[1911 1970]
[1971 2056]
[2057 2102]
[2103 2155]
[2156 2208]
[2209 2272]
[2273 2344]
[2345 2404]
[2405 2549]
[2550 2961]
[2962 3041]
[3042 3102]
[3103 3176]
[3177 3246]
[3247 3332]
[3333 3403]
[3404 3453]
[3454 3523]
[3524 3566]
[3567 3843]
[3844 3988]
[3989 4137]
[4138 4270]
[4271 4416]
[4417 4470]
[4471 4569]
[4570 4641]
[4642 4690]
[4691 4784]
[4785 5204]
[5205 5638]
[5639 5695]
[5696 5759]
[5760 5795]
[5796 5904]
[5905 5960]
[5961 6020]
[6021 6059]
[6060 6124]
[6125 6195]
[6196 6248]
[6249 6310]
[6311 6370]
[6371 6426]
[6427 6476]
[6477 6631]
[6632 6903]
[6904 6958]
[6959 7024]
[7025 7090]
[7091 7155]
[7156 7626]
[7628 7670]
[7671 7714]
[7715 7766]
[7767 7794]
[7795 7846]
[7847 7888]
[7889 7923]
[7924 8132]
[8133 8237]
[8238 8284]
[8285 8339]
[8340 8453]
[8454 8506]
[8507 8571]
[8572 8641]
[8642 8700]
[8701 8766]
[8767 8844]
[8845 8889]
[8890 8989]
[8990 9105]
[9106 9366]
[9367 9789]
[ 9790 10243]
[10244 10354]
[10355 10457]
[10458 10615]
[10616 10752]
[10753 10850]
[10851 10978]
[10979 11093]
[11094 11156]
[11157 11388]
[11389 11507]
[11508 11733]
[11734 11769]
[11770 11805]
[11806 11841]
[11842 11877]
[11878 11913]
[11914 11949]
[11950 11985]
[11986 12057]
[12058 12093]
[12094 12175]
[12176 12590]
[12591 12650]
[12651 12724]
[12725 12779]
[12780 12848]
[12849 12916]
[12917 12991]
[12992 13227]
[13228 13323]
[13324 13402]
[13403 13554]
[13555 13858]
[13859 14005]
[14006 14130]
[14131 14266]
[14267 14341]
[14342 14428]
[14429 14521]
[14522 14608]
[14609 14700]
[14701 14765]
[14766 14827]
[14828 14970]
[14971 15331]
[15332 15405]
[15406 15465]
[15466 15604]
[15605 15656]
[15657 15706]
[15707 15749]
[15750 15795]
[15796 15876]
[15877 16001]
[16002 16122]
[16123 16188]
[16189 16296]
[16297 16413]
[16414 16494]
[16495 16567]
[16568 16685]
[16686 16754]
[16755 16919]
[16920 17117]
[17118 17188]
[17189 17225]
[17226 17257]
[17258 17301]
[17302 17350]
[17351 17398]
[17399 17420]
[17421 17484]
[17485 17551]
[17552 17615]
[17616 17656]
[17657 17704]
[17705 17763]
[17764 17797]
[17798 17821]
[17822 17904]
[17905 17998]
[17999 18070]
[18071 18126]
[18127 18164]
[18165 18231]
[18232 18270]
[18271 18318]
[18319 18360]
[18361 18405]
[18406 18912]
[18913 19004]
[19005 19089]
[19090 19193]
[19194 19298]
[19299 19393]
[19394 19481]
[19482 19596]
[19597 19675]
[19676 19753]
[19754 19849]
[19850 19894]
[19895 19973]
[19974 20173]
[20174 20628]
[20629 20762]
[20763 20889]
[20890 21015]
[21016 21062]
[21063 21166]
[21167 21220]
[21221 21358]
[21359 21650]
[21651 21764]
[21765 21986]
[21987 22022]
[22023 22058]
[22059 22094]
[22095 22130]
[22131 22166]
[22167 22202]
[22203 22238]
[22239 22274]
[22275 22310]
[22311 22346]
[22347 22426]
[22427 22938]
[22939 22970]
[22971 23140]
[23141 23341]
[23342 23459]
[23460 23584]
[23585 23709]
[23710 23788]
[23789 24127]
[24128 24202]
[24203 24277]
[24278 24352]
[24353 24431]
[24432 24530]
[24531 24633]
[24634 24738]
[24739 24863]
[24864 25110]
[25111 25161]
[25162 25266]
[25267 25369]
[25370 25514]
[25515 25602]
[25603 25671]
[25672 25777]
[25778 26111]
[26112 26185]
[26186 26260]
[26261 26323]
[26324 26398]
[26399 26456]
[26457 26519]
[26520 26601]
[26602 26668]
[26669 26725]
[26726 26803]
[26804 26872]
[26873 26950]
[26951 27020]
[27021 27077]
[27078 27139]
[27140 27201]
[27202 27271]
[27272 27349]
[27350 27411]
[27412 27488]
[27489 27928]
[27930 28136]
[28137 28244]
[28245 28370]
[28371 28493]
[28494 28861]
[28862 28940]
[28941 29069]
[29070 29142]
[29143 29207]
[29208 29332]
[29333 29391]
[29392 29467]
[29468 29511]
[29512 29603]
[29604 29650]
[29651 29702]
[29703 29795]
[29796 29849]
[29850 29887]
[29888 29939]
[29940 29977]
[29978 30059]
[30060 30170]
[30171 30244]
[30245 30312]
[30313 30475]
[30476 30620]
[30621 30711]
[30712 31056]
[31057 31149]
