[0 3]
[  4 242]
[243 307]
[308 356]
[357 405]
[406 431]
[432 449]
[450 471]
[472 507]
[508 527]
[528 556]
[557 586]
[587 628]
[629 683]
[684 714]
[715 750]
[751 782]
[783 891]
[ 892 1403]
[1404 1495]
[1496 1609]
[1610 1649]
[1650 1708]
[1709 1776]
[1779 1839]
[1840 1914]
[1915 1971]
[1972 2112]
[2113 2165]
[2166 2240]
[2242 2295]
[2296 2370]
[2371 2429]
[2430 2462]
[2463 2519]
[2520 2745]
[2746 3015]
[3016 3054]
[3055 3084]
[3085 3127]
[3128 3171]
[3172 3267]
[3268 3339]
[3340 3427]
[3428 3465]
[3466 3522]
[3523 3555]
[3556 3592]
[3593 3644]
[3645 3697]
[3698 3731]
[3732 3779]
[3780 3818]
[3819 3860]
[3861 3890]
[3891 3920]
[3921 3971]
[3972 4049]
[4050 4086]
[4087 4110]
[4111 4141]
[4142 4194]
[4195 4251]
[4252 4294]
[4295 4335]
[4336 4408]
[4409 4466]
[4467 4485]
[4486 4537]
[4538 4571]
[4572 5384]
[5385 5492]
[5493 5530]
[5531 5589]
[5590 5659]
[5660 5743]
[5744 6036]
[6037 6108]
[6109 6163]
[6164 6268]
[6269 6317]
[6318 6736]
[6737 6809]
[6810 6927]
[6928 6959]
[6960 6993]
[6994 7049]
[7050 7143]
[7144 7195]
[7196 7279]
[7280 7306]
[7307 7345]
[7346 7394]
[7395 7416]
[7417 7484]
[7485 7526]
[7527 7562]
[7563 7614]
[7615 7659]
[7660 7728]
[7729 7771]
[7772 7822]
[7823 7869]
[7870 7922]
[7923 8014]
[8015 8388]
[8389 8775]
[8776 8896]
[8897 9042]
[9043 9103]
[9104 9123]
[9124 9172]
[9173 9231]
[9232 9292]
[9293 9365]
[9366 9423]
[9424 9484]
[9485 9566]
[9567 9646]
[9647 9703]
[9704 9783]
[9784 9862]
[9863 9920]
[9921 9971]
[ 9972 10043]
[10044 10103]
[10104 10168]
[10169 10220]
[10221 10256]
[10257 10325]
[10326 10399]
[10400 10468]
[10469 10560]
[10561 10634]
[10635 10711]
[10712 10799]
[10800 10837]
[10838 11329]
[11330 11363]
[11364 11410]
[11411 11451]
[11452 11502]
[11503 11535]
[11536 11631]
[11632 11671]
[11672 11717]
[11718 11756]
[11757 11810]
[11811 11854]
[11855 11901]
[11902 11992]
[11993 12138]
[12139 12260]
[12261 12321]
[12322 12504]
[12505 12619]
[12620 12677]
[12678 12723]
[12724 12779]
[12780 12821]
[12822 12956]
[12957 13000]
[13001 13035]
[13036 13072]
[13073 13104]
[13105 13136]
[13137 13202]
[13203 13265]
[13266 13294]
[13295 13400]
[13401 13904]
[13905 13979]
[13980 14053]
[14054 14150]
[14151 14237]
[14238 14352]
[14353 14462]
[14463 14531]
[14532 14598]
[14599 14709]
[14710 14826]
[14827 14904]
[14905 15011]
[15012 15360]
[15361 15470]
[15471 15555]
[15556 15621]
[15622 15685]
[15686 15748]
[15749 15835]
[15836 15889]
[15890 16030]
[16031 16091]
[16092 16142]
[16143 16192]
[16193 16265]
[16266 16336]
[16337 16391]
[16392 16465]
[16466 16541]
[16542 16582]
[16583 16634]
[16635 16696]
[16697 16776]
[16777 17116]
[17117 17254]
[17255 17392]
[17393 17413]
[17414 17500]
[17501 17563]
[17564 17625]
[17626 17708]
[17709 17736]
[17737 17829]
[17830 18011]
[18012 18140]
[18141 18375]
[18376 18502]
[18503 18564]
[18565 18633]
[18634 18857]
[18858 18903]
[18904 18961]
[18962 19015]
[19016 19085]
[19086 19152]
[19153 19199]
[19200 19297]
[19298 19458]
[19459 19511]
[19512 19557]
[19558 19626]
[19627 19669]
[19670 19732]
[19733 19771]
[19772 19818]
[19819 19861]
[19862 19893]
[19894 19949]
[19950 20009]
[20010 20032]
[20033 20052]
[20053 20091]
[20092 20436]
[20437 20555]
[20556 20705]
[20706 20847]
[20848 21015]
[21016 21125]
[21126 21256]
[21257 21488]
[21489 21613]
[21614 21679]
[21680 21734]
[21735 21780]
[21781 21825]
[21826 21887]
[21888 21947]
[21948 22434]
[22435 22510]
[22511 22691]
[22692 22824]
[22825 22950]
[22951 22992]
[22993 23087]
[23088 23173]
[23174 23231]
[23232 23283]
[23284 23318]
[23319 23377]
[23378 23445]
[23446 23474]
[23475 23537]
[23538 23607]
[23608 23664]
[23665 23735]
[23736 23903]
[23904 23947]
[23948 23984]
[23985 24018]
[24019 24049]
[24050 24083]
[24084 24151]
[24152 24226]
[24227 24265]
[24266 24345]
[24346 24827]
[24828 24894]
[24895 24956]
[24957 25002]
[25003 25284]
[25285 25419]
[25420 25472]
[25473 25542]
[25543 25625]
[25626 25790]
[25791 25840]
[25841 25977]
[25978 26076]
[26077 26169]
[26170 26250]
[26251 26303]
[26304 26693]
[26694 26788]
[26789 26872]
[26873 26943]
[26944 27015]
[27016 27084]
[27085 27255]
[27256 27366]
[27367 27468]
[27469 27593]
[27594 27718]
[27719 27843]
[27844 27919]
[27920 27977]
[27978 28374]
[28375 28465]
[28466 28557]
[28558 28640]
[28641 28722]
[28723 28799]
[28800 28884]
[28885 28950]
[28951 29031]
[29032 29105]
[29106 29433]
[29434 29551]
[29552 29675]
[29676 29838]
[29839 29961]
[29962 30071]
[30072 30193]
[30194 30311]
[30312 30428]
[30429 30694]
[30695 30798]
[30799 30913]
[30914 31197]
[31198 31805]
[31806 31874]
[31875 31929]
[31930 32130]
[32131 32205]
[32206 32359]
[32360 32410]
[32411 32463]
[32464 32588]
[32589 32675]
[32676 32741]
[32742 32799]
[32800 33058]
[33059 33181]
[33182 33286]
[33287 33424]
[33425 33527]
[33528 33691]
[33692 33751]
[33752 34000]
[34001 34099]
