[  0 312]
[313 375]
[376 407]
[408 438]
[439 469]
[470 502]
[503 524]
[525 535]
[536 558]
[559 566]
[567 597]
[598 626]
[627 693]
[694 723]
[724 800]
[ 801 1201]
[1202 1257]
[1258 1347]
[1348 1472]
[1473 1517]
[1518 1578]
[1579 1711]
[1712 1830]
[1831 1884]
[1885 1916]
[1917 1999]
[2000 2087]
[2088 2126]
[2127 2199]
[2200 2315]
[2316 2452]
[2453 2534]
[2535 2610]
[2611 2671]
[2672 3051]
[3052 3116]
[3117 3136]
[3137 3188]
[3189 3244]
[3245 3296]
[3297 3347]
[3348 3394]
[3395 3577]
[3578 3598]
[3599 3634]
[3635 3672]
[3673 3710]
[3711 3750]
[3751 3786]
[3787 3818]
[3819 3941]
[3942 4200]
[4201 4244]
[4245 4293]
[4294 4340]
[4341 4385]
[4386 4433]
[4434 4488]
[4489 4523]
[4524 4575]
[4576 4975]
[4976 5044]
[5045 5110]
[5111 5181]
[5182 5253]
[5254 5321]
[5322 5418]
[5419 5465]
[5466 5537]
[5538 5607]
[5608 5679]
[5680 5747]
[5748 5821]
[5822 5884]
[5885 5971]
[5972 5991]
[5992 6042]
[6043 6175]
[6176 6376]
[6377 6435]
[6436 6493]
[6494 6549]
[6550 6576]
[6577 6966]
[6967 7051]
[7052 7133]
[7134 7203]
[7204 7270]
[7271 7334]
[7335 7420]
[7421 7504]
[7505 7585]
[7586 7676]
[7677 8189]
[8190 8232]
[8233 8300]
[8301 8355]
[8356 8411]
[8412 8462]
[8463 8507]
[8508 8568]
[8569 8627]
[8628 8739]
[8740 8786]
[8787 8832]
[8833 8885]
[8886 8911]
[8912 8987]
[8988 9038]
[9039 9102]
[9103 9152]
[9153 9215]
[ 9216 10057]
[10059 10111]
[10112 10161]
[10162 10210]
[10211 10268]
[10269 10332]
[10333 10390]
[10391 10455]
[10456 10518]
[10519 10583]
[10584 10676]
[10677 10763]
[10764 10856]
[10857 10958]
[10959 11029]
[11030 11075]
[11076 11105]
[11106 11206]
[11207 11237]
[11238 11269]
[11270 11297]
[11298 11351]
[11352 11386]
[11387 11417]
[11418 11445]
[11446 11490]
[11491 11515]
[11516 11552]
[11553 11643]
[11644 12026]
[12028 12161]
[12162 12212]
[12213 12255]
[12256 12331]
[12332 12379]
[12380 12429]
[12430 12524]
[12525 12578]
[12579 12816]
[12817 12849]
[12850 12939]
[12940 13302]
[13303 13698]
[13699 13767]
[13768 13971]
[13972 14148]
[14149 14237]
[14238 14562]
[14563 14623]
[14624 14671]
[14672 14732]
[14733 14791]
[14792 14851]
[14852 14933]
[14934 14969]
[14970 15018]
[15019 15134]
[15135 15188]
[15189 15214]
[15215 15276]
[15277 15456]
[15457 15529]
[15530 15595]
[15596 16044]
[16046 16115]
[16116 16210]
[16211 16265]
[16266 16328]
[16329 16365]
[16366 16437]
[16438 16663]
[16664 16704]
[16705 16772]
[16773 16840]
[16841 16881]
[16882 16939]
[16940 17027]
[17028 17272]
[17273 17344]
[17345 17376]
[17377 17457]
[17458 17666]
[17667 17822]
[17824 17904]
[17905 17955]
[17956 18000]
[18001 18041]
[18042 18112]
[18113 18264]
[18265 18325]
[18326 18380]
[18381 18432]
[18433 18497]
[18498 18980]
[18981 19660]
[19661 19827]
[19828 20020]
[20021 20239]
[20240 20713]
[20714 20798]
[20799 20860]
[20861 20899]
[20900 20941]
[20942 21008]
[21009 21047]
[21048 21101]
[21102 21462]
[21463 21508]
[21509 21560]
[21561 21626]
[21627 21977]
[21978 22036]
[22037 22089]
[22090 22149]
[22150 22201]
[22202 22261]
[22262 22319]
[22320 22377]
[22378 22431]
[22432 22485]
[22486 22525]
[22526 22574]
[22575 22628]
[22629 22669]
[22670 22720]
[22721 22771]
[22772 22822]
[22823 22867]
[22868 23389]
[23390 23616]
[23617 23915]
[23916 24057]
[24058 24225]
[24226 24348]
[24349 24405]
[24406 24484]
[24485 24591]
[24592 24920]
[24921 25298]
[25299 25481]
[25482 25640]
[25641 25750]
[25751 25988]
[25989 26314]
[26315 26394]
[26395 26459]
[26460 26522]
[26523 26575]
[26576 26650]
[26651 26755]
[26756 26820]
[26821 26879]
[26880 26936]
[26937 26992]
[26993 27043]
[27044 27099]
[27100 27167]
[27168 27220]
[27221 27483]
[27485 27562]
[27563 27634]
[27635 27708]
[27709 27776]
[27777 27832]
[27833 27884]
[27885 27932]
[27933 28260]
[28262 28359]
[28360 28391]
[28392 28455]
[28456 28534]
[28535 28609]
[28610 28684]
[28685 28772]
[28773 28831]
[28832 28884]
[28885 28940]
[28941 29000]
[29001 29096]
[29097 29314]
[29315 29399]
