[ 0 12]
[13 41]
[43 62]
[63 82]
[ 84 127]
[129 445]
[446 505]
[506 541]
[542 576]
[577 604]
[605 632]
[633 662]
[663 692]
[693 728]
[729 756]
[757 784]
[785 810]
[811 834]
[835 858]
[859 881]
[882 910]
[911 938]
[939 964]
[965 991]
[ 992 1083]
[1084 1444]
[1445 1528]
[1529 1620]
[1621 1702]
[1703 1738]
[1739 1806]
[1807 1849]
[1850 1921]
[1922 1988]
[1989 2035]
[2036 2084]
[2085 2144]
[2145 2205]
[2206 2724]
[2725 2891]
[2892 2996]
[2997 3020]
[3021 3185]
[3186 3287]
[3288 3367]
[3368 3440]
[3441 3491]
[3492 3574]
[3575 3643]
[3644 3697]
[3698 3758]
[3759 3869]
[3870 4000]
[4001 4273]
[4274 4332]
[4333 4399]
[4400 4507]
[4508 4711]
[4712 4755]
[4756 4842]
[4843 4921]
[4922 5045]
[5046 5085]
[5086 5129]
[5130 5236]
[5237 5357]
[5358 5389]
[5390 5432]
[5433 5779]
[5781 5844]
[5845 5891]
[5892 5944]
[5945 6009]
[6010 6067]
[6068 6107]
[6108 6185]
[6186 6273]
[6274 6332]
[6333 6399]
[6400 6434]
[6435 6488]
[6489 6849]
[6850 6941]
[6942 6991]
[6992 7051]
[7052 7118]
[7119 7231]
[7232 7348]
[7349 7400]
[7401 7508]
[7509 7567]
[7568 7651]
[7652 7731]
[7732 7788]
[7789 7850]
[7851 7979]
[7980 8167]
[8168 8458]
[8459 8599]
[8600 8661]
[8662 8885]
[8886 8948]
[8949 9019]
[9020 9045]
[9046 9195]
[9196 9256]
[9257 9489]
[9490 9599]
[9600 9917]
[ 9918 10618]
[10619 10665]
[10666 10709]
[10710 10742]
[10743 11172]
[11173 11272]
[11273 11299]
[11300 11465]
[11466 11556]
[11557 11657]
[11658 11816]
[11817 11853]
[11854 11920]
[11921 11959]
[11960 12021]
[12022 12082]
[12083 12320]
[12321 12382]
[12383 12592]
[12593 12883]
[12884 12944]
[12945 12991]
[12992 13023]
[13024 13063]
[13064 13125]
[13126 13170]
[13171 13207]
[13208 13239]
[13240 13326]
[13327 13720]
[13721 13778]
[13779 13878]
[13879 13985]
[13986 14031]
[14032 14157]
[14158 14238]
[14239 14330]
[14332 14374]
[14375 14503]
[14504 14719]
[14720 14851]
[14852 14968]
[14969 15316]
[15318 15441]
[15442 15544]
[15545 15631]
[15632 15716]
[15717 16131]
[16132 16333]
[16334 16438]
[16439 16539]
[16540 16608]
[16609 17061]
[17062 17124]
[17125 17308]
[17309 17380]
[17381 17449]
[17450 17578]
[17579 17636]
[17637 17771]
[17772 17960]
[17961 18013]
[18014 18198]
[18199 18307]
[18308 18347]
[18348 18432]
[18433 18602]
[18603 18903]
[18904 18972]
[18973 19047]
[19048 19121]
[19122 19186]
[19187 19271]
[19272 19326]
[19327 19407]
[19408 19545]
[19546 19640]
[19641 19757]
[19758 19837]
[19838 19942]
[19943 20070]
[20071 20148]
[20149 20198]
[20199 20216]
[20217 20285]
[20286 20457]
[20458 20483]
[20484 20663]
[20664 20697]
[20698 20778]
[20779 20862]
[20863 20923]
[20924 21414]
[21415 21574]
[21575 21642]
[21643 21712]
[21713 21797]
[21798 21886]
[21887 22001]
[22002 22160]
[22161 22309]
[22310 22397]
[22398 22542]
[22543 22818]
[22819 22936]
