[ 0 15]
[16 44]
[46 65]
[66 85]
[ 87 130]
[132 219]
[220 664]
[665 719]
[720 755]
[756 785]
[786 815]
[816 846]
[847 876]
[877 936]
[937 970]
[ 971 1095]
[1096 1134]
[1135 1186]
[1187 1214]
[1215 1301]
[1302 1967]
[1968 2127]
[2128 2184]
[2185 2232]
[2233 2313]
[2314 2358]
[2359 2405]
[2406 2436]
[2437 2483]
[2484 2527]
[2528 2704]
[2705 2740]
[2741 2841]
[2842 3143]
[3144 3279]
[3280 3313]
[3314 3392]
[3393 3463]
[3464 3484]
[3485 3534]
[3535 3563]
[3564 3994]
[3995 4053]
[4054 4228]
[4229 4230]
[4231 4323]
[4324 4379]
[4380 4416]
[4417 4466]
[4467 4501]
[4502 4575]
[4576 4636]
[4637 4711]
[4712 4744]
[4745 4815]
[4816 4978]
[4979 5021]
[5022 5056]
[5057 5135]
[5136 5201]
[5202 5275]
[5276 5309]
[5310 5343]
[5344 5367]
[5368 5853]
[5854 5914]
[5915 5955]
[5956 6011]
[6012 6021]
[6022 6100]
[6101 6166]
[6167 6210]
[6211 6288]
[6289 6367]
[6368 6440]
[6441 6480]
[6481 6532]
[6533 6609]
[6610 6677]
[6678 6741]
[6742 6806]
[6807 6876]
[6877 6991]
[6992 7230]
[7231 7308]
[7309 7404]
[7405 7617]
[7618 7708]
[7709 7816]
[7817 7891]
[7892 7992]
[7993 8153]
[8154 8259]
[8260 8353]
[8354 8490]
[8491 8603]
[8604 8660]
[8661 8711]
[8712 8754]
[8755 8786]
[8787 8814]
[8815 8840]
[8841 8898]
[8899 8937]
[8938 8978]
[8979 9015]
[9016 9101]
[9102 9665]
[ 9666 10274]
[10275 10343]
[10344 10449]
[10450 10499]
[10500 10549]
[10550 10625]
[10626 10673]
[10674 10716]
[10717 10985]
[10986 11064]
[11065 11099]
[11100 11141]
[11142 11198]
[11199 11250]
[11251 11297]
[11298 11341]
[11342 11383]
[11384 11435]
[11436 11483]
[11484 11526]
[11527 11558]
[11559 11618]
[11619 11670]
[11671 11725]
[11726 11777]
[11778 11795]
[11796 11832]
[11833 11875]
[11876 12378]
[12379 12448]
[12449 12489]
[12490 12522]
[12523 12575]
[12576 12649]
[12650 12701]
[12702 12730]
[12731 12986]
[12987 13031]
[13032 13068]
[13069 13137]
[13138 13224]
[13225 13274]
[13275 13320]
[13321 13579]
[13580 13607]
[13608 13643]
[13644 13669]
[13670 13710]
[13711 13737]
[13738 13781]
[13782 13817]
[13818 14177]
[14178 14264]
[14265 14376]
[14377 14486]
[14487 14621]
[14622 14956]
[14957 15006]
[15008 15082]
[15083 15183]
[15184 15649]
[15650 15762]
[15763 15818]
[15819 15869]
[15870 15914]
[15915 15962]
[15963 15998]
[15999 16052]
[16053 16108]
[16109 16164]
[16165 16260]
[16261 16829]
[16830 16946]
[16947 16992]
[16993 17130]
[17131 17186]
[17187 17315]
[17316 17425]
[17426 17536]
[17537 17548]
[17549 17766]
[17767 17836]
[17837 17849]
[17850 18024]
[18025 18167]
[18168 18213]
[18214 18302]
[18303 18362]
[18363 18462]
[18463 18542]
[18543 18594]
[18595 18652]
[18653 18702]
[18703 18762]
[18763 18795]
[18796 18872]
[18873 18962]
[18963 19039]
[19040 19332]
[19333 19380]
[19381 19509]
[19510 19593]
[19594 19650]
[19651 19702]
[19703 19822]
[19823 19845]
[19846 19919]
[19920 19974]
[19975 20057]
[20058 20146]
[20147 20199]
[20200 20309]
[20310 20357]
[20358 20496]
[20497 20532]
[20533 20583]
[20584 20830]
[20831 21070]
[21071 21175]
[21176 21238]
[21239 21296]
[21297 21394]
[21395 21486]
[21487 21559]
[21560 21652]
[21653 21698]
[21699 21751]
[21752 21848]
[21849 21907]
[21908 21999]
[22000 22086]
[22087 22562]
[22563 22646]
[22647 22720]
[22721 22780]
[22781 22840]
[22841 22976]
[22977 23075]
[23076 23147]
[23148 23223]
[23224 23298]
[23299 23352]
[23353 23402]
[23403 23462]
[23463 23539]
[23540 23861]
[23862 24085]
[24086 24140]
[24141 24190]
[24191 24235]
[24236 24310]
[24311 24354]
[24355 24370]
[24371 24491]
[24492 24583]
[24584 24606]
[24607 24663]
[24664 24714]
[24715 24810]
[24811 24859]
[24860 24886]
[24887 25020]
[25021 25091]
[25092 25472]
[25473 25582]
[25583 25662]
[25663 25826]
[25827 25902]
[25903 25967]
[25968 26069]
[26070 26177]
[26178 26237]
[26238 26307]
[26308 26393]
[26394 26478]
[26479 26830]
[26831 26932]
