[0 9]
[ 10 285]
[286 341]
[342 368]
[369 382]
[383 401]
[402 415]
[416 435]
[436 449]
[450 469]
[470 500]
[501 526]
[527 556]
[557 592]
[593 603]
[604 638]
[639 661]
[662 778]
[ 779 1396]
[1397 1456]
[1457 1518]
[1519 1559]
[1560 1604]
[1605 1680]
[1681 1735]
[1736 1806]
[1807 1873]
[1874 1940]
[1941 2016]
[2017 2071]
[2072 2131]
[2132 2173]
[2174 2229]
[2230 2297]
[2298 2352]
[2353 2395]
[2396 2439]
[2440 2480]
[2481 3016]
[3017 3063]
[3064 3119]
[3120 3184]
[3185 3236]
[3237 3327]
[3328 3381]
[3382 3418]
[3419 3445]
[3446 3494]
[3495 3540]
[3541 3578]
[3579 3636]
[3637 3688]
[3689 3726]
[3727 3756]
[3757 3784]
[3785 3899]
[3900 3954]
[3955 4007]
[4008 4057]
[4058 4295]
[4296 4320]
[4321 4360]
[4361 4403]
[4404 4456]
[4457 4502]
[4503 4540]
[4541 4584]
[4585 4629]
[4630 4932]
[4933 4948]
[4949 4969]
[4970 4996]
[4997 5026]
[5027 5058]
[5059 5078]
[5079 5092]
[5093 5112]
[5113 5150]
[5151 5179]
[5180 5207]
[5208 5236]
[5237 5292]
[5293 5344]
[5345 5408]
[5409 5462]
[5463 5516]
[5517 5566]
[5567 5636]
[5637 5705]
[5706 5774]
[5775 5831]
[5832 5904]
[5905 5958]
[5959 6020]
[6021 6060]
[6061 6105]
[6106 6155]
[6156 6197]
[6198 6241]
[6242 6319]
[6320 6864]
[6865 6898]
[6899 6963]
[6964 7031]
[7032 7099]
[7100 7165]
[7166 7210]
[7211 7270]
[7271 7365]
[7366 7451]
[7452 7471]
[7472 8185]
[8186 8245]
[8246 8301]
[8302 8346]
[8347 8409]
[8410 8463]
[8464 8557]
[8558 8678]
[8679 8753]
[8754 8815]
[8816 8882]
[8883 9020]
[9021 9093]
[9094 9165]
[9166 9219]
[9220 9267]
[9268 9468]
[9469 9533]
[9534 9561]
[9562 9602]
[9603 9640]
[9641 9659]
[9660 9714]
[9715 9764]
[9765 9795]
[9796 9819]
[9820 9860]
[9861 9890]
[9891 9979]
[ 9980 10243]
[10244 10366]
[10367 10476]
[10477 10538]
[10539 10589]
[10590 10674]
[10675 10709]
[10710 11113]
[11114 11180]
[11181 11260]
[11261 11369]
[11370 11435]
[11436 11505]
[11506 11610]
[11611 11691]
[11692 11759]
[11760 11836]
[11837 11896]
[11897 12318]
[12319 12719]
[12720 12883]
[12884 13038]
[13039 13424]
[13425 13540]
[13541 13684]
[13685 14012]
[14013 14101]
[14102 14179]
[14180 14250]
[14251 14340]
[14341 14399]
[14400 14454]
[14455 14511]
[14512 14556]
[14557 14612]
[14613 14655]
[14656 14700]
[14701 14747]
[14748 14883]
[14884 14941]
[14942 14969]
[14970 15010]
[15011 15048]
[15049 15085]
[15086 15122]
[15123 15174]
[15175 15214]
[15215 15240]
[15241 15261]
[15262 15274]
[15275 15383]
[15384 15801]
[15802 15836]
[15837 15914]
[15915 15970]
[15971 16034]
[16035 16077]
[16078 16146]
[16147 16199]
[16200 16268]
[16269 16329]
[16330 16552]
[16553 16611]
[16612 16688]
[16689 16786]
[16787 16865]
[16866 17184]
[17185 17255]
[17256 17308]
[17309 17432]
[17433 17486]
[17487 17584]
[17585 17662]
[17663 17769]
[17770 17852]
[17853 17940]
[17941 18027]
[18028 18108]
[18109 18177]
[18178 18243]
[18244 18289]
[18290 18385]
[18386 18458]
[18459 18554]
[18555 18764]
[18765 18850]
[18851 18928]
[18929 19153]
[19154 19225]
[19226 19484]
[19485 19531]
[19532 19600]
[19601 19655]
[19656 19718]
[19719 19799]
[19800 19910]
[19911 20183]
[20184 20280]
[20281 20307]
[20308 20356]
[20357 20443]
[20444 20490]
[20491 20627]
[20628 20697]
[20698 20772]
[20773 20813]
[20814 21190]
[21191 21296]
[21297 21348]
[21349 21428]
[21429 21478]
[21479 21572]
[21573 21611]
[21612 21624]
[21625 21663]
[21664 21692]
[21693 21730]
[21731 21774]
[21775 21854]
[21855 21990]
[21991 22037]
[22038 22083]
[22084 22144]
[22145 22211]
[22212 22255]
[22256 22342]
[22343 22670]
[22671 22762]
