[ 0 21]
[ 22 311]
[312 369]
[370 397]
[398 427]
[428 447]
[448 472]
[473 496]
[497 531]
[532 566]
[567 593]
[594 620]
[621 657]
[658 709]
[710 743]
[744 793]
[ 794 1283]
[1284 1308]
[1309 1338]
[1339 1403]
[1404 1494]
[1495 1516]
[1517 1583]
[1584 1624]
[1625 1650]
[1651 1723]
[1724 1738]
[1739 1791]
[1792 2004]
[2005 2128]
[2129 2144]
[2145 2232]
[2233 2292]
[2293 2328]
[2329 2374]
[2375 2423]
[2424 2461]
[2462 2586]
[2587 2636]
[2637 2675]
[2676 2703]
[2704 2727]
[2728 2739]
[2740 2762]
[2763 3051]
[3052 3175]
[3176 3231]
[3232 3292]
[3293 3319]
[3320 3344]
[3345 3462]
[3463 3533]
[3534 3651]
[3652 3792]
[3793 3823]
[3824 3863]
[3864 3944]
[3945 3993]
[3994 4055]
[4056 4107]
[4108 4176]
[4177 4232]
[4233 4549]
[4550 4667]
[4668 4711]
[4712 4767]
[4768 4815]
[4816 4873]
[4874 4929]
[4930 4965]
[4966 5005]
[5006 5127]
[5128 5203]
[5204 5280]
[5281 5318]
[5319 5393]
[5394 5414]
[5415 5579]
[5580 5651]
[5652 5680]
[5681 5805]
[5806 6073]
[6074 6119]
[6120 6180]
[6181 6230]
[6231 6275]
[6276 6322]
[6323 6378]
[6379 6441]
[6442 6528]
[6529 6568]
[6569 6840]
[6841 7268]
[7269 7393]
[7394 8083]
[8084 8410]
[8411 8534]
[8535 8755]
[8756 8813]
[8814 9413]
[9414 9500]
[9501 9576]
[9577 9767]
[9768 9840]
[ 9841 10083]
[10084 10613]
[10614 10653]
[10654 10740]
[10741 10783]
[10784 10816]
[10817 10844]
[10845 10928]
[10929 10991]
[10992 11019]
[11020 11050]
[11051 11118]
[11119 11171]
[11172 11222]
[11223 11284]
[11285 11326]
[11327 11433]
[11434 11741]
[11742 11823]
[11824 12161]
[12162 12267]
[12268 12340]
[12341 12444]
[12445 12599]
[12600 12640]
[12641 12687]
[12688 12730]
[12731 12826]
[12827 13100]
[13101 13175]
[13176 13262]
[13263 13366]
[13367 13418]
[13419 13505]
[13506 13662]
[13663 13675]
[13676 13708]
[13709 13797]
[13798 13853]
[13854 13925]
[13926 13942]
[13943 14024]
[14025 14101]
[14102 14171]
[14172 14199]
[14200 14285]
[14286 14563]
[14564 14839]
[14840 14946]
[14947 15079]
[15080 15214]
[15215 15266]
[15267 15328]
[15329 15471]
[15472 15577]
[15578 15641]
[15642 15879]
[15880 16135]
[16136 16556]
[16557 16632]
[16633 16772]
[16773 16855]
[16856 17016]
[17017 17166]
[17167 17401]
[17402 17478]
[17479 17596]
[17597 17676]
[17677 17747]
[17748 17846]
[17847 17939]
[17940 18265]
[18266 18309]
[18310 18338]
[18339 18577]
[18578 18638]
[18639 18679]
[18680 18745]
[18746 18800]
[18801 18856]
[18857 18931]
[18932 19027]
[19028 19147]
[19148 19207]
[19208 19243]
[19244 19315]
[19316 19354]
[19355 19392]
[19393 19425]
[19426 19459]
[19460 19563]
[19564 19679]
[19680 19725]
[19726 19761]
[19762 20002]
[20003 20095]
[20096 20163]
[20164 20238]
[20239 20368]
[20369 20631]
[20632 20731]
[20732 20832]
[20833 20862]
[20863 20954]
[20955 21220]
[21221 21511]
[21512 21691]
[21692 21771]
[21772 21810]
[21811 21993]
[21994 22045]
[22046 22308]
[22309 22394]
