[ 0 13]
[ 14 277]
[278 334]
[335 371]
[372 401]
[402 432]
[433 461]
[462 488]
[489 516]
[517 555]
[556 577]
[578 585]
[586 623]
[624 654]
[655 681]
[682 710]
[711 754]
[755 787]
[788 819]
[820 920]
[ 921 1140]
[1141 1243]
[1244 1363]
[1364 1480]
[1481 1570]
[1571 1662]
[1663 1771]
[1772 1824]
[1825 2340]
[2341 2404]
[2405 2451]
[2452 2500]
[2501 2545]
[2546 2593]
[2594 2622]
[2623 2669]
[2670 2690]
[2691 2733]
[2734 2866]
[2867 2908]
[2909 2956]
[2957 2998]
[2999 3059]
[3060 3125]
[3126 3159]
[3160 3303]
[3304 3337]
[3338 3373]
[3374 3411]
[3412 3460]
[3461 3511]
[3512 3565]
[3566 3630]
[3631 3687]
[3688 3748]
[3749 3804]
[3805 3846]
[3847 3899]
[3900 4260]
[4261 4347]
[4348 4418]
[4419 4501]
[4502 4595]
[4596 4668]
[4669 4719]
[4720 4775]
[4776 4816]
[4817 4863]
[4864 4928]
[4929 5029]
[5030 5108]
[5109 5187]
[5188 5249]
[5250 5344]
[5345 5864]
[5865 5951]
[5952 6037]
[6038 6123]
[6124 6213]
[6214 6345]
[6346 6420]
[6421 6503]
[6504 6630]
[6631 6713]
[6714 6791]
[6792 6869]
[6870 6949]
[6950 7014]
[7015 7081]
[7082 7166]
[7167 7243]
[7244 7962]
[7963 8021]
[8022 8130]
[8131 8375]
[8376 8570]
[8571 8768]
[8769 8831]
[8832 8867]
[8868 8908]
[8909 8948]
[8949 8993]
[8994 9049]
[9050 9114]
[9115 9211]
[ 9212 10098]
[10099 10252]
[10253 10414]
[10415 10580]
[10581 10873]
[10874 11054]
[11055 11179]
[11180 11300]
[11301 11525]
[11526 11910]
[11911 12000]
[12001 12234]
[12235 12364]
[12365 12466]
[12467 12509]
[12510 12634]
[12635 12708]
[12709 12755]
[12756 12967]
[12968 13097]
[13098 13227]
[13228 13357]
[13358 13482]
[13483 13618]
[13619 13748]
[13749 13845]
[13846 13941]
[13942 14024]
[14025 14082]
[14083 14368]
[14369 14568]
[14569 14738]
[14739 14857]
[14858 14949]
[14950 15033]
[15034 15122]
[15123 15232]
[15233 15287]
[15288 15359]
[15360 15697]
[15698 15849]
[15850 15924]
[15925 16028]
[16029 16205]
[16206 16245]
[16246 16408]
[16409 16481]
[16482 16617]
[16618 16703]
[16704 16930]
[16931 17001]
[17002 17147]
[17148 17207]
[17208 17246]
[17247 17287]
[17288 17327]
[17328 17363]
[17364 17390]
[17391 17407]
[17408 17438]
[17439 17494]
[17495 17596]
[17597 18031]
[18032 18121]
[18122 18229]
[18230 18331]
[18332 18498]
[18499 18594]
[18595 18641]
[18642 18684]
[18685 18787]
[18788 18874]
[18875 18982]
[18983 19049]
[19050 19420]
[19421 19580]
[19581 19845]
[19846 19984]
[19985 20167]
[20168 20364]
[20365 20407]
[20408 20549]
[20550 21050]
[21051 21096]
[21097 21127]
[21128 21173]
[21174 21367]
[21368 21522]
[21523 21643]
[21644 21737]
[21738 21779]
[21780 21827]
[21828 21844]
[21845 21908]
[21909 21999]
[22000 22108]
[22109 22188]
[22189 22221]
[22222 22593]
[22595 22650]
[22651 22677]
[22678 22722]
[22723 22758]
[22759 22793]
[22794 22841]
[22842 22902]
[22903 22945]
[22946 23056]
[23057 23096]
[23097 23134]
[23135 23170]
[23171 23213]
[23214 23261]
[23262 23312]
[23313 23375]
[23376 23412]
[23413 23454]
[23455 23516]
[23517 23851]
[23852 24112]
[24113 24322]
[24323 24431]
[24432 24510]
[24511 24806]
[24807 24884]
[24885 25059]
[25060 25209]
[25211 25287]
[25288 25641]
[25642 25717]
[25718 25742]
[25743 25831]
[25832 25981]
[25982 26133]
[26134 26256]
[26257 26332]
[26333 26481]
[26482 26523]
[26524 26634]
[26635 26821]
[26822 26910]
[26911 27007]
[27008 27126]
[27127 27278]
[27279 27358]
[27359 27430]
[27431 27546]
[27547 27826]
[27827 27882]
[27883 27977]
[27978 28341]
[28342 28447]
