[ 0 31]
[ 32 326]
[327 377]
[378 413]
[414 443]
[444 471]
[472 504]
[505 527]
[528 560]
[561 594]
[595 628]
[629 665]
[666 696]
[697 723]
[724 753]
[754 786]
[787 821]
[822 850]
[851 956]
[ 957 1634]
[1635 1675]
[1676 1710]
[1711 1755]
[1756 1806]
[1807 1846]
[1847 1885]
[1886 2041]
[2042 2086]
[2087 2109]
[2110 2140]
[2141 2172]
[2173 2209]
[2210 2267]
[2268 2302]
[2303 2336]
[2337 2380]
[2381 2413]
[2414 2434]
[2435 2544]
[2545 2584]
[2585 2622]
[2623 2750]
[2751 2799]
[2800 2885]
[2886 2944]
[2945 3003]
[3004 3048]
[3049 3077]
[3078 3123]
[3124 3155]
[3156 3230]
[3231 3588]
[3589 3767]
[3768 3834]
[3835 3963]
[3964 4013]
[4014 4127]
[4128 4231]
[4232 4326]
[4327 4412]
[4413 4496]
[4497 4591]
[4592 4678]
[4679 4721]
[4722 5305]
[5306 5375]
[5376 5459]
[5460 5530]
[5531 5588]
[5589 5656]
[5657 5719]
[5720 5753]
[5754 5807]
[5808 5837]
[5838 5940]
[5941 5998]
[5999 6066]
[6067 6090]
[6091 6146]
[6147 6194]
[6195 6218]
[6219 6310]
[6311 6367]
[6368 6495]
[6496 6566]
[6567 6641]
[6642 6747]
[6748 6786]
[6787 6852]
[6853 6925]
[6926 6971]
[6972 7145]
[7146 7219]
[7220 7487]
[7488 7549]
[7550 7604]
[7605 7669]
[7670 7745]
[7746 7830]
[7831 7885]
[7886 7956]
[7957 8154]
[8155 8198]
[8199 8229]
[8230 8268]
[8269 8312]
[8313 8362]
[8363 8451]
[8452 8542]
[8543 8787]
[8788 8822]
[8823 8843]
[8844 8885]
[8886 8931]
[8932 8984]
[8985 9053]
[9054 9104]
[9105 9151]
[9152 9192]
[9193 9233]
[9234 9298]
[9299 9343]
[9344 9399]
[9400 9501]
[9502 9770]
[9771 9850]
[9851 9969]
[ 9970 10050]
[10051 10118]
[10119 10171]
[10172 10222]
[10223 10280]
[10281 10340]
[10341 10390]
[10391 10600]
[10601 10687]
[10688 10820]
[10821 10915]
[10916 10982]
[10983 11121]
[11122 11266]
[11267 11492]
[11493 11598]
[11599 11893]
[11894 11957]
[11958 12037]
[12038 12103]
[12104 12188]
[12189 12261]
[12262 12349]
[12350 12476]
[12477 12521]
[12522 12576]
[12577 12666]
[12667 12949]
[12950 13023]
[13024 13092]
[13093 13188]
[13189 13451]
[13452 13512]
[13513 13557]
[13558 13623]
[13624 13761]
[13762 13904]
[13905 13952]
[13953 14180]
[14181 14553]
[14554 14849]
[14850 15042]
[15043 15093]
[15094 15140]
[15141 15181]
[15182 15222]
[15223 15269]
[15270 15302]
[15303 15344]
[15345 15384]
[15385 15484]
[15485 16149]
[16150 16213]
[16214 16302]
[16303 16402]
[16403 16460]
[16461 16512]
[16513 16584]
[16585 16627]
[16628 16667]
[16668 16766]
[16767 16814]
[16815 16866]
[16867 16986]
[16987 17135]
[17136 17187]
[17188 17484]
[17485 17713]
[17714 17835]
[17836 17901]
[17902 18001]
[18003 18103]
[18104 18198]
[18199 18267]
[18268 18328]
[18329 18408]
[18409 18638]
[18639 18947]
[18948 19131]
[19132 19294]
[19295 19364]
[19365 19444]
[19445 19594]
[19595 19714]
[19715 19738]
[19739 19807]
[19808 19895]
[19896 19936]
[19937 19979]
[19980 20323]
[20324 20362]
[20363 20421]
[20422 20548]
[20549 20625]
[20626 20701]
[20702 20749]
[20750 20803]
[20804 20854]
[20855 20907]
[20908 21036]
[21037 21073]
[21074 21113]
[21114 21133]
[21134 21181]
[21182 21231]
[21232 21276]
[21277 21324]
[21325 21342]
[21343 21389]
[21390 21443]
[21444 21500]
[21501 21822]
[21823 21866]
[21867 21914]
[21915 21978]
[21979 22042]
[22043 22081]
[22082 22150]
[22151 22207]
[22208 22251]
[22252 22305]
[22306 22335]
[22336 22378]
[22379 22425]
[22426 22465]
[22466 22508]
[22509 22581]
[22582 22636]
[22637 22714]
[22715 22773]
[22774 22893]
[22894 22940]
[22941 22989]
[22990 23039]
[23040 23095]
[23096 23469]
[23470 23526]
[23527 23561]
[23562 23604]
[23605 23759]
[23760 23882]
[23883 24090]
[24091 24131]
[24132 24246]
[24247 24310]
[24311 24412]
[24413 24533]
[24534 24552]
[24553 24641]
[24642 24776]
[24777 24840]
[24841 24907]
[24908 24960]
[24961 25120]
[25121 25170]
[25171 25239]
[25240 25328]
[25329 25433]
[25434 25636]
[25637 25694]
[25695 25748]
[25749 25788]
[25789 25828]
[25829 25894]
[25895 25974]
[25975 26012]
[26013 26316]
[26317 26385]
[26386 26428]
[26429 26470]
[26471 26561]
[26562 26615]
[26616 26686]
[26687 26703]
[26704 26721]
[26722 26730]
[26731 26743]
[26744 26816]
[26817 26825]
[26826 26843]
[26844 26868]
[26869 26917]
[26918 26931]
[26932 26940]
[26941 26949]
[26950 26954]
[26955 27003]
[27004 27074]
[27075 27124]
[27125 27180]
[27181 27218]
[27219 27527]
[27528 27562]
[27563 27641]
[27642 27687]
[27688 27786]
[27787 27842]
[27843 27923]
[27924 27968]
[27969 28032]
[28033 28136]
[28137 28251]
[28252 28321]
[28322 28374]
[28375 28414]
[28415 28461]
[28462 28800]
[28801 28890]
