[0 7]
[  9 328]
[329 380]
[381 420]
[421 449]
[450 471]
[472 490]
[491 507]
[508 546]
[547 579]
[580 607]
[608 631]
[632 676]
[677 713]
[714 756]
[757 797]
[798 839]
[840 868]
[869 964]
[ 965 1347]
[1348 1475]
[1476 1527]
[1528 1596]
[1597 1645]
[1646 1791]
[1792 1888]
[1889 1977]
[1978 2109]
[2110 2245]
[2246 2392]
[2393 2457]
[2458 2533]
[2534 2603]
[2604 2657]
[2658 2755]
[2756 2788]
[2789 2857]
[2858 2919]
[2920 2965]
[2966 3009]
[3010 3382]
[3383 3492]
[3493 3601]
[3603 3640]
[3641 3675]
[3676 3712]
[3713 3753]
[3754 3797]
[3798 3839]
[3840 3870]
[3871 3902]
[3903 3933]
[3934 3963]
[3964 3993]
[3994 4031]
[4032 4059]
[4060 4110]
[4111 4207]
[4208 4292]
[4293 4366]
[4367 4462]
[4463 4577]
[4578 4601]
[4602 4628]
[4629 4673]
[4674 4717]
[4718 4768]
[4769 4806]
[4807 4850]
[4851 4890]
[4891 5314]
[5315 5402]
[5403 5450]
[5451 5492]
[5493 5540]
[5541 5670]
[5671 5728]
[5729 5786]
[5787 5837]
[5838 5873]
[5874 6056]
[6057 6134]
[6135 6197]
[6198 6297]
[6298 6353]
[6354 6463]
[6464 6518]
[6519 6566]
[6567 6635]
[6636 6719]
[6720 6814]
[6815 6870]
[6871 7347]
[7348 7381]
[7382 7450]
[7451 7528]
[7529 7615]
[7616 7700]
[7701 7760]
[7761 7825]
[7826 7891]
[7892 7974]
[7975 8158]
[8159 8257]
[8258 8337]
[8338 8426]
[8427 8476]
[8477 8529]
[8530 8595]
[8596 8697]
[8698 8713]
[8714 8789]
[8791 8845]
[8846 8897]
[8898 8928]
[8929 8965]
[8966 8998]
[8999 9025]
[9026 9068]
[9069 9106]
[9107 9150]
[9151 9193]
[9194 9287]
[9288 9531]
[9532 9627]
[9628 9765]
[9766 9825]
[9826 9924]
[9925 9985]
[ 9986 10059]
[10060 10130]
[10131 10227]
[10228 10291]
[10292 10473]
[10474 10620]
[10621 10962]
[10963 11064]
[11065 11074]
[11075 11259]
[11260 11327]
[11328 11434]
[11435 11527]
[11528 11613]
[11614 11835]
[11836 12107]
[12108 12204]
[12205 12244]
[12245 12288]
[12289 12337]
[12338 12391]
[12392 12436]
[12437 12486]
[12487 12534]
[12535 12598]
[12599 12652]
[12653 12711]
[12712 12773]
[12774 12850]
[12851 12909]
[12910 13205]
[13206 13257]
[13258 13295]
[13296 13356]
[13357 13381]
[13382 13433]
[13434 13492]
[13493 13538]
[13539 13582]
[13583 13692]
[13693 13767]
[13768 13818]
[13819 13884]
[13885 13938]
[13939 14020]
[14021 14050]
[14051 14113]
[14114 14163]
[14164 14205]
[14206 14236]
[14237 14278]
[14279 14546]
[14547 14613]
[14614 14667]
[14668 14717]
[14718 14776]
[14777 14831]
[14832 14899]
[14900 14955]
[14956 15023]
[15024 15074]
[15075 15139]
[15140 15211]
[15212 15258]
[15259 15447]
[15448 15490]
[15491 15562]
[15563 15672]
[15673 15728]
[15729 15778]
[15779 15830]
[15831 15883]
[15884 15926]
[15927 16038]
[16039 16099]
[16100 16153]
[16154 16185]
[16186 16218]
[16219 16262]
[16263 16310]
[16311 16355]
[16356 16392]
[16393 16474]
[16475 16895]
[16896 16954]
[16955 17022]
[17023 17122]
[17123 17196]
[17197 17268]
[17269 17332]
[17333 17439]
[17440 17539]
[17540 17591]
[17592 17643]
[17644 17686]
[17687 17724]
[17725 17750]
[17751 17904]
[17905 18175]
[18177 18254]
[18255 18299]
[18300 18379]
[18380 18507]
[18508 18549]
[18550 18593]
[18594 18682]
[18683 18775]
[18776 18829]
[18830 18870]
[18871 18917]
[18918 18987]
[18988 19064]
[19065 19112]
[19113 19152]
[19153 19285]
[19286 19328]
[19329 19528]
[19529 19766]
[19767 19812]
[19813 19865]
[19866 19918]
[19919 19960]
[19961 20005]
[20006 20063]
[20064 20109]
[20110 20174]
[20175 20226]
[20227 20296]
[20297 20419]
[20420 20467]
[20468 20513]
[20514 20562]
[20563 20616]
[20617 20669]
[20670 20727]
[20728 20772]
[20773 20814]
[20815 20866]
[20867 21172]
[21173 21330]
[21331 21602]
[21603 21676]
[21677 21820]
[21821 21989]
[21990 22076]
[22077 22175]
[22176 22248]
[22249 22342]
[22343 22372]
[22373 22556]
[22557 22640]
[22641 22751]
[22752 22787]
[22788 22907]
[22908 23018]
[23019 23140]
[23141 23236]
[23237 23305]
[23306 23400]
[23401 23481]
[23482 23528]
[23529 23583]
[23584 23620]
[23621 23697]
[23698 23749]
[23750 23799]
[23800 23840]
[23841 23925]
[23926 23997]
[23998 24096]
[24097 24157]
[24158 24204]
[24205 24631]
[24632 24678]
[24679 24794]
[24795 24922]
[24923 25107]
[25108 25218]
[25219 25285]
[25286 25327]
[25328 25357]
[25358 25436]
[25437 25784]
[25785 25898]
[25899 26005]
[26006 26163]
[26164 26243]
[26244 26304]
[26305 26384]
[26385 26534]
[26535 26632]
[26633 26731]
[26732 26867]
[26868 26925]
[26926 27122]
[27123 27240]
[27241 27304]
[27305 27382]
[27383 27420]
[27421 27661]
[27662 27716]
[27717 28082]
[28083 28109]
[28110 28342]
[28343 28463]
[28464 28546]
[28547 28605]
[28606 28682]
[28683 28715]
[28716 28806]
[28807 28915]
[28916 28958]
[28959 29305]
[29306 29407]
