[  0 234]
[235 290]
[291 329]
[330 375]
[376 417]
[418 456]
[457 493]
[494 541]
[542 581]
[582 621]
[622 666]
[667 705]
[706 744]
[745 782]
[783 868]
[ 869 1170]
[1172 1274]
[1275 1342]
[1343 1390]
[1391 1444]
[1445 1504]
[1505 1542]
[1543 1623]
[1624 1695]
[1696 1748]
[1749 1808]
[1809 1864]
[1865 1923]
[1924 1980]
[1981 2036]
[2037 2136]
[2137 2179]
[2180 2207]
[2208 2245]
[2246 2280]
[2281 2333]
[2334 2945]
[2946 3018]
[3019 3055]
[3056 3100]
[3101 3253]
[3254 3296]
[3297 3331]
[3332 3362]
[3363 3389]
[3390 3436]
[3437 3481]
[3482 3520]
[3521 3682]
[3683 3718]
[3719 3731]
[3732 3769]
[3770 3781]
[3782 3955]
[3956 4027]
[4028 4075]
[4076 4253]
[4254 4290]
[4291 4324]
[4325 4385]
[4386 4416]
[4417 4455]
[4456 4515]
[4516 4892]
[4894 4964]
[4965 5039]
[5040 5120]
[5121 5192]
[5193 5374]
[5375 5397]
[5398 5443]
[5444 5468]
[5469 5507]
[5508 5561]
[5562 5614]
[5615 5662]
[5663 5767]
[5768 5808]
[5809 5959]
[5960 6021]
[6022 6073]
[6074 6122]
[6123 6156]
[6157 6220]
[6221 6260]
[6261 6533]
[6534 6587]
[6588 6647]
[6648 6711]
[6712 6776]
[6777 6823]
[6824 6870]
[6871 6911]
[6912 6966]
[6967 7122]
[7123 7307]
[7308 7434]
[7435 7488]
[7489 7541]
[7542 7589]
[7590 7623]
[7624 7671]
[7672 7710]
[7711 7780]
[7781 7835]
[7836 7902]
[7903 8297]
[8298 8322]
[8323 8371]
[8372 8414]
[8415 8459]
[8460 8514]
[8515 8542]
[8543 8597]
[8598 8663]
[8664 8749]
[8750 8847]
[8848 8938]
[8939 8978]
[8979 9020]
[9021 9059]
[9060 9085]
[9086 9196]
[9197 9286]
[9287 9309]
[9310 9356]
[9357 9497]
[9498 9566]
[9567 9616]
[9617 9677]
[9678 9737]
[9738 9789]
[9790 9833]
[9834 9938]
[ 9939 10307]
[10308 10372]
[10373 10479]
[10480 10682]
[10683 10732]
[10733 10849]
[10850 10967]
[10968 11059]
[11060 11389]
[11390 11461]
[11462 11608]
[11609 11648]
[11649 11684]
[11685 11725]
[11726 11790]
[11791 11851]
[11852 11924]
[11925 11976]
[11977 12054]
[12055 12145]
[12146 12302]
[12303 12342]
[12343 12397]
[12398 12437]
[12438 12483]
[12484 12922]
[12923 12986]
[12987 13014]
[13015 13045]
[13046 13151]
[13152 13215]
[13216 13327]
[13328 13340]
[13341 13395]
[13396 13436]
[13437 13485]
[13486 13538]
[13539 13598]
[13599 13658]
[13659 13729]
[13730 14004]
[14005 14090]
[14091 14185]
[14186 14290]
[14291 14403]
[14404 14545]
[14546 14650]
[14651 14722]
[14723 14782]
[14783 14847]
[14848 14887]
[14888 14918]
[14919 14950]
[14951 14984]
[14985 15385]
[15386 15514]
[15515 15580]
[15581 15669]
[15670 15796]
[15797 15840]
[15841 16143]
[16144 16214]
[16215 16334]
[16335 16452]
[16453 16621]
[16622 16741]
[16742 17272]
[17273 17421]
[17422 17511]
[17512 17578]
[17579 17613]
[17614 17649]
[17650 17792]
[17793 17847]
[17848 17916]
[17917 17951]
[17952 18310]
[18312 18402]
[18403 18472]
[18473 18546]
[18547 18765]
[18766 18851]
[18852 18910]
[18911 18973]
[18974 19070]
[19071 19174]
[19175 19576]
[19578 19650]
[19651 19770]
[19771 19902]
[19903 19944]
[19945 19999]
[20000 20038]
[20039 20097]
[20098 20140]
[20141 20280]
[20281 20329]
[20330 20389]
[20390 20427]
[20428 20458]
[20459 20645]
[20646 20705]
[20706 20729]
[20730 20793]
[20794 20894]
[20895 21376]
[21377 21444]
[21445 21489]
[21490 21539]
[21540 21585]
[21586 21622]
[21623 21666]
[21667 21731]
[21732 21771]
[21772 21956]
[21957 21987]
[21988 22016]
[22017 22049]
[22050 22095]
[22096 22120]
[22121 22165]
[22166 22216]
[22217 22256]
[22257 22293]
[22294 22324]
[22325 22422]
[22423 22677]
[22678 22810]
[22811 22906]
[22907 23015]
[23016 23173]
[23174 23253]
[23254 23343]
[23344 23503]
[23504 23621]
[23622 23671]
[23672 23779]
[23780 23869]
[23870 24256]
[24257 24348]
[24349 24445]
[24446 24521]
[24522 24603]
[24604 24641]
[24642 24684]
[24685 24745]
[24746 24813]
[24814 24921]
[24922 25029]
[25030 25112]
[25113 25145]
[25146 25187]
[25188 25545]
[25546 25631]
