[0 7]
[  8 307]
[308 363]
[364 418]
[419 460]
[461 490]
[491 524]
[525 551]
[552 582]
[583 614]
[615 671]
[672 707]
[708 738]
[739 794]
[ 795 1264]
[1265 1338]
[1339 1408]
[1409 1483]
[1484 1675]
[1676 1710]
[1711 1750]
[1751 1794]
[1795 1859]
[1860 1924]
[1925 1994]
[1995 2315]
[2316 2511]
[2512 2567]
[2568 2625]
[2626 2682]
[2683 2732]
[2733 3055]
[3056 3120]
[3121 3183]
[3184 3233]
[3234 3273]
[3274 3324]
[3325 3385]
[3386 3433]
[3434 3478]
[3479 3515]
[3516 3571]
[3572 3702]
[3703 3754]
[3755 3808]
[3809 3859]
[3860 3907]
[3908 3955]
[3956 3989]
[3990 4039]
[4040 4089]
[4090 4138]
[4139 4161]
[4162 4203]
[4204 4505]
[4507 4541]
[4542 4581]
[4582 4630]
[4631 4703]
[4704 4759]
[4760 4835]
[4836 4959]
[4960 5001]
[5002 5054]
[5055 5098]
[5099 5149]
[5150 5189]
[5190 5316]
[5317 5680]
[5681 5712]
[5713 5761]
[5762 5810]
[5811 5956]
[5957 5996]
[5997 6481]
[6483 6567]
[6568 6694]
[6695 6764]
[6765 6922]
[6923 7019]
[7020 7111]
[7112 7224]
[7225 7264]
[7265 7550]
[7551 7745]
[7746 7844]
[7845 7871]
[7872 7905]
[7906 7987]
[7988 8414]
[8415 8497]
[8498 8537]
[8538 8672]
[8673 8731]
[8732 8795]
[8796 8837]
[8838 8888]
[8889 8981]
[8982 9027]
[9028 9103]
[9104 9446]
[9447 9544]
[9545 9573]
[9574 9595]
[9596 9640]
[9641 9708]
[9709 9781]
[9782 9857]
[9858 9942]
[ 9943 10264]
[10265 10396]
[10397 10463]
[10464 10594]
[10595 10722]
[10723 10820]
[10821 10883]
[10884 10940]
[10941 11005]
[11006 11048]
[11049 11111]
[11112 11177]
[11178 11222]
[11223 11307]
[11308 11393]
[11394 11515]
[11516 11592]
[11593 11666]
[11667 11729]
[11730 11771]
[11772 11926]
[11927 11985]
[11986 12027]
[12028 12067]
[12068 12106]
[12107 12162]
[12163 12202]
[12203 12238]
[12239 12276]
[12277 12366]
[12367 12743]
[12744 12807]
[12808 12888]
[12889 12951]
[12952 13096]
[13097 13180]
[13181 13288]
[13289 13385]
[13386 13474]
[13475 13829]
[13830 13883]
[13884 13955]
[13956 14021]
[14022 14077]
[14078 14127]
[14128 14193]
[14194 14249]
[14250 14297]
[14298 14335]
[14336 14385]
[14386 14431]
[14432 14486]
[14487 14542]
[14543 14583]
[14584 14627]
[14628 14686]
[14687 14998]
[14999 15063]
[15064 15114]
[15115 15197]
[15198 15228]
[15229 15268]
[15269 15318]
[15319 15412]
[15413 15467]
[15468 15494]
[15495 15560]
[15561 15618]
[15619 15673]
[15674 15745]
[15746 15826]
[15827 15908]
[15909 15984]
[15985 16012]
[16013 16061]
[16062 16110]
[16111 16157]
[16158 16202]
[16203 16240]
[16241 16300]
[16301 16586]
[16588 16733]
[16734 16821]
[16822 16880]
[16881 16966]
[16967 17061]
[17062 17094]
[17095 17127]
[17128 17282]
[17283 17367]
[17368 17415]
[17416 17477]
[17478 17509]
[17510 17566]
[17567 17631]
[17632 17647]
[17648 17932]
[17933 18034]
[18035 18110]
[18111 18191]
[18192 18291]
[18292 18383]
[18384 18507]
[18508 18604]
[18605 18699]
[18700 18751]
[18752 18856]
[18857 18982]
[18983 19101]
[19102 19239]
[19240 19436]
[19437 19494]
[19495 19537]
[19538 19577]
[19578 19616]
[19617 19684]
[19685 19727]
[19728 19772]
[19773 19880]
[19881 20220]
[20221 20273]
[20274 20437]
[20438 20507]
[20508 20578]
[20579 20735]
[20736 20762]
[20763 20814]
[20815 20857]
[20858 20933]
[20934 21104]
[21105 21177]
[21178 21228]
[21229 21305]
[21306 21379]
[21380 21459]
[21460 21536]
[21537 21611]
[21612 21694]
[21695 22148]
[22149 22204]
[22205 22271]
[22272 22338]
[22339 22400]
[22402 22469]
[22470 22522]
[22523 22700]
[22701 22733]
[22734 22814]
[22815 22878]
[22879 22945]
[22946 23003]
[23004 23074]
[23075 23141]
[23142 23214]
[23215 23276]
[23277 23340]
[23341 23418]
[23419 23491]
[23492 23514]
[23515 23583]
[23584 23655]
[23656 23712]
[23713 24105]
[24107 24167]
[24168 24238]
[24239 24359]
[24360 24413]
[24414 24464]
[24465 24542]
[24543 24628]
[24629 24674]
[24675 24935]
[24936 24988]
[24989 25158]
[25159 25232]
[25233 25305]
[25306 25370]
[25371 25477]
[25478 25859]
[25860 26015]
[26016 26063]
[26064 26141]
[26142 26244]
[26245 26302]
[26303 26378]
[26379 26493]
[26494 26641]
[26642 26709]
[26710 26787]
[26788 26859]
[26860 26911]
[26912 26927]
[26928 26947]
[26948 26954]
[26955 26991]
[26992 27041]
[27042 27081]
[27082 27185]
[27186 27243]
[27244 27284]
[27285 27781]
[27784 27983]
[27984 28088]
[28089 28156]
[28157 28277]
[28278 28325]
[28326 28408]
[28409 28468]
[28469 28554]
[28555 28591]
[28592 28759]
[28760 28779]
[28780 28881]
[28882 28971]
[28972 29000]
[29001 29064]
[29065 29127]
[29128 29498]
[29499 29592]
