[ 0 13]
[ 14 314]
[315 368]
[369 404]
[405 434]
[435 462]
[463 495]
[496 521]
[522 551]
[552 585]
[586 618]
[619 678]
[679 984]
[ 985 1114]
[1115 1194]
[1195 1283]
[1284 1370]
[1371 1518]
[1519 1738]
[1739 1805]
[1806 1951]
[1952 2007]
[2008 2050]
[2051 2108]
[2109 2145]
[2146 2183]
[2184 2203]
[2204 2216]
[2217 2591]
[2592 2664]
[2665 2741]
[2742 2813]
[2814 2886]
[2887 2962]
[2963 3037]
[3038 3108]
[3109 3194]
[3195 3255]
[3256 3321]
[3322 3385]
[3386 3450]
[3451 3549]
[3550 3610]
[3611 3711]
[3712 3781]
[3782 3857]
[3858 3919]
[3920 3947]
[3948 4001]
[4002 4054]
[4055 4139]
[4140 4249]
[4250 4578]
[4579 4650]
[4651 4712]
[4713 4806]
[4807 4901]
[4902 4973]
[4974 5063]
[5064 5125]
[5126 5228]
[5229 5297]
[5298 5371]
[5372 5448]
[5449 5535]
[5536 6059]
[6060 6148]
[6149 6204]
[6205 6263]
[6264 6321]
[6322 6362]
[6363 6426]
[6427 6483]
[6484 6587]
[6588 6634]
[6635 6696]
[6697 6756]
[6757 6840]
[6841 6849]
[6850 6928]
[6929 6990]
[6991 7062]
[7063 7104]
[7105 7262]
[7263 7337]
[7338 7382]
[7383 7456]
[7457 7479]
[7480 7807]
[7808 8190]
[8191 8262]
[8263 8378]
[8379 8396]
[8397 8497]
[8498 8597]
[8598 8655]
[8656 8708]
[8709 8767]
[8768 8858]
[8859 8934]
[8935 8974]
[8975 9006]
[9007 9055]
[9056 9103]
[9104 9130]
[9131 9234]
[9235 9296]
[9297 9346]
[9347 9403]
[9404 9454]
[9455 9542]
[9543 9583]
[9584 9648]
[9649 9693]
[9694 9749]
[9750 9843]
[ 9844 10140]
[10141 10183]
[10184 10326]
[10327 10558]
[10559 10738]
[10739 10818]
[10819 10857]
[10858 11040]
[11041 11132]
[11133 11481]
[11482 11556]
[11557 11608]
[11609 11739]
[11740 11796]
[11797 11862]
[11863 11916]
[11917 12001]
[12002 12091]
[12092 12136]
[12137 12235]
[12236 12333]
[12334 12395]
[12396 12435]
[12436 12502]
[12503 12612]
[12613 12698]
[12699 12740]
[12741 12823]
[12824 12887]
[12888 12972]
[12973 13017]
[13018 13050]
[13051 13056]
[13057 13624]
[13625 13737]
[13738 13844]
[13845 13958]
[13959 14148]
[14149 14374]
[14375 14510]
[14511 14679]
[14680 14720]
[14721 14744]
[14745 14921]
[14922 15263]
[15264 15386]
[15387 15802]
[15803 16105]
[16106 16164]
[16165 16224]
[16225 16275]
[16276 16322]
[16323 16363]
[16364 16404]
[16405 16469]
[16470 16514]
[16515 16552]
[16553 16579]
[16580 16664]
[16665 16974]
[16975 17049]
[17050 17161]
[17162 17283]
[17284 17412]
[17413 17541]
[17542 17699]
[17700 17809]
[17810 17854]
[17855 17894]
[17895 17969]
[17970 18031]
[18032 18127]
[18128 18441]
[18442 18526]
[18527 18615]
[18616 18729]
[18730 18850]
[18851 18964]
[18965 19031]
[19032 19152]
[19153 19242]
[19243 19285]
[19286 19446]
[19447 19470]
[19471 19540]
[19541 19553]
[19554 19827]
[19828 20295]
[20296 20422]
[20423 20504]
[20505 20566]
[20567 20634]
[20635 20827]
[20828 20954]
[20955 20999]
[21000 21028]
[21029 21409]
[21410 21487]
[21488 21587]
[21588 21675]
[21676 21789]
[21790 21903]
[21904 21950]
[21951 21977]
[21978 21985]
[21986 22004]
[22005 22051]
[22052 22061]
[22062 22073]
[22074 22297]
[22299 22300]
[22301 22351]
[22352 22462]
[22463 22476]
[22477 22515]
[22516 22583]
[22584 22871]
[22872 23043]
[23044 23186]
[23187 23272]
[23273 23342]
[23343 23434]
[23435 23514]
[23515 23713]
[23714 23924]
[23925 24034]
[24035 24133]
[24134 24245]
[24246 24299]
[24300 24363]
[24364 24393]
[24394 24440]
[24441 24666]
[24667 24811]
[24812 24891]
[24892 25017]
[25018 25246]
[25247 25527]
[25528 25610]
