[ 0 17]
[ 18 468]
[469 501]
[502 533]
[534 555]
[556 595]
[596 626]
[627 656]
[657 685]
[686 734]
[735 745]
[746 783]
[784 820]
[821 914]
[ 915 1441]
[1442 1494]
[1495 1552]
[1553 1616]
[1617 1674]
[1675 1757]
[1758 1819]
[1820 1887]
[1888 1960]
[1961 2011]
[2012 2090]
[2091 2133]
[2134 2183]
[2184 2246]
[2247 2287]
[2288 2597]
[2598 2627]
[2628 2670]
[2671 2677]
[2678 2752]
[2753 2824]
[2825 2905]
[2906 2990]
[2991 3042]
[3043 3165]
[3166 3236]
[3237 3297]
[3298 3348]
[3349 3394]
[3395 3432]
[3433 3462]
[3463 3498]
[3499 3532]
[3533 3577]
[3578 3906]
[3907 3956]
[3957 4015]
[4016 4040]
[4041 4065]
[4066 4108]
[4109 4130]
[4131 4147]
[4148 4237]
[4238 4398]
[4399 4444]
[4445 4553]
[4554 4561]
[4562 4596]
[4597 4627]
[4628 4670]
[4671 4733]
[4734 4756]
[4757 4783]
[4784 4848]
[4849 4902]
[4903 4976]
[4977 5014]
[5015 5029]
[5030 5076]
[5077 5193]
[5194 5508]
[5509 5537]
[5538 5573]
[5574 5627]
[5628 5679]
[5680 5732]
[5733 5815]
[5816 5875]
[5876 5945]
[5946 6020]
[6021 6087]
[6088 6170]
[6171 6244]
[6245 6293]
[6294 6317]
[6318 6382]
[6383 6425]
[6426 6486]
[6487 6547]
[6548 7169]
[7170 7245]
[7246 7322]
[7323 7529]
[7530 7693]
[7694 7785]
[7786 7825]
[7826 7857]
[7858 7912]
[7913 7936]
[7937 7980]
[7981 8089]
[8090 8127]
[8128 8209]
[8210 8269]
[8270 8327]
[8328 8376]
[8377 8426]
[8427 8469]
[8470 8527]
[8528 8898]
[8899 8928]
[8929 9005]
[9006 9032]
[9033 9077]
[9078 9124]
[9125 9160]
[9161 9191]
[9192 9217]
[9218 9260]
[9261 9319]
[9320 9354]
[9355 9381]
[9382 9415]
[9416 9445]
[9446 9490]
[9491 9556]
[9557 9590]
[9591 9628]
[9629 9680]
[9681 9997]
[ 9998 10103]
[10104 10184]
[10185 10260]
[10261 10324]
[10325 10389]
[10390 10461]
[10462 10514]
[10515 10582]
[10583 10670]
[10671 10752]
[10753 10822]
[10823 10926]
[10927 11043]
[11044 11449]
[11450 11499]
[11500 11545]
[11546 11581]
[11582 11625]
[11626 11655]
[11656 11691]
[11692 11745]
[11746 11912]
[11913 11964]
[11965 11999]
[12000 12042]
[12043 12076]
[12077 12109]
[12110 12141]
[12142 12179]
[12180 12215]
[12216 12259]
[12260 12299]
[12300 12330]
[12331 12370]
[12371 12414]
[12415 12462]
[12463 12513]
[12514 12563]
[12564 12906]
[12907 12940]
[12941 13004]
[13005 13047]
[13048 13133]
[13134 13210]
[13211 13279]
[13280 13332]
[13333 13396]
[13397 13425]
[13426 13485]
[13486 13542]
[13543 13591]
[13592 13637]
[13638 13693]
[13694 13748]
[13749 13792]
[13793 13838]
[13839 13874]
[13875 13929]
[13930 13971]
[13972 14036]
[14037 14215]
[14216 14255]
[14256 14335]
[14336 14395]
[14396 14456]
[14457 14503]
[14504 14537]
[14538 14580]
[14581 14656]
[14657 14952]
[14953 15015]
[15016 15064]
[15065 15106]
[15107 15224]
[15225 15323]
[15324 15450]
[15451 15516]
[15517 15609]
[15610 15772]
[15773 15905]
[15906 16243]
[16244 16370]
[16371 16445]
[16446 16500]
[16501 16557]
[16558 16606]
[16607 16689]
[16690 16748]
[16749 16804]
[16805 16890]
[16891 16984]
[16985 17097]
[17098 17285]
[17286 17347]
[17348 17398]
[17399 17439]
[17440 17464]
[17465 17513]
[17514 17570]
[17571 17870]
[17871 18125]
[18126 18267]
[18268 18319]
[18320 18435]
[18436 18482]
[18483 18588]
[18589 18699]
[18700 18990]
[18991 19051]
[19052 19164]
[19165 19303]
[19304 19609]
[19610 19652]
[19653 19708]
[19709 19751]
[19752 19796]
[19797 19836]
[19837 19878]
[19879 19930]
[19931 19985]
[19986 20044]
[20045 20111]
[20112 20325]
[20326 20369]
[20370 20432]
[20433 20480]
[20481 20548]
[20549 20601]
[20602 20663]
[20664 20720]
[20721 20774]
[20775 20931]
[20932 20988]
[20989 21033]
[21034 21084]
[21085 21282]
[21283 21500]
[21501 21598]
[21599 21629]
[21630 21718]
[21719 21803]
[21804 21872]
[21873 21920]
[21921 21971]
[21972 22092]
[22093 22169]
[22170 22204]
[22205 22233]
[22234 22289]
[22290 22354]
[22355 22415]
[22416 22472]
[22473 22535]
[22536 22593]
[22594 22633]
[22634 22724]
[22725 22833]
[22834 23202]
[23203 23291]
[23292 23481]
[23482 23569]
[23570 23670]
[23671 23725]
[23726 23765]
[23766 23836]
[23837 23899]
[23900 23975]
[23976 24317]
[24318 24403]
