[ 0 57]
[ 58 461]
[462 512]
[513 526]
[527 556]
[557 582]
[583 607]
[608 639]
[640 674]
[675 714]
[715 740]
[741 763]
[764 796]
[797 834]
[835 856]
[857 887]
[888 963]
[ 964 1504]
[1505 1541]
[1542 1595]
[1596 1644]
[1645 1691]
[1692 1718]
[1719 2013]
[2014 2212]
[2213 2259]
[2260 2302]
[2303 2358]
[2359 2429]
[2430 2486]
[2487 2500]
[2501 2695]
[2696 2761]
[2762 2796]
[2797 2825]
[2826 2871]
[2872 2936]
[2937 2968]
[2969 3017]
[3018 3324]
[3325 3376]
[3377 3440]
[3441 3476]
[3477 3534]
[3535 3570]
[3571 3635]
[3636 3700]
[3701 3733]
[3734 3769]
[3770 3816]
[3817 3898]
[3899 3959]
[3960 4015]
[4016 4118]
[4119 4159]
[4160 4471]
[4472 4553]
[4554 4619]
[4620 4699]
[4700 4772]
[4773 4828]
[4829 4862]
[4863 4983]
[4984 5040]
[5041 5090]
[5091 5117]
[5118 5155]
[5156 5188]
[5189 5221]
[5222 5351]
[5352 5544]
[5545 5673]
[5674 5723]
[5724 5764]
[5765 5816]
[5817 5862]
[5863 6388]
[6389 6452]
[6453 6502]
[6503 6591]
[6592 6675]
[6676 6751]
[6752 6855]
[6856 6954]
[6955 7035]
[7036 7126]
[7127 7191]
[7192 7227]
[7228 7272]
[7273 7327]
[7328 7370]
[7371 7424]
[7425 7492]
[7493 7606]
[7607 7898]
[7899 7925]
[7926 7967]
[7968 8008]
[8009 8049]
[8050 8106]
[8107 8160]
[8161 8205]
[8206 8239]
[8240 8322]
[8323 8342]
[8343 8375]
[8376 8411]
[8412 8461]
[8462 8500]
[8501 8564]
[8565 8583]
[8584 8634]
[8635 8703]
[8704 8757]
[8758 8775]
[8776 8817]
[8818 8849]
[8850 8872]
[8873 8920]
[8921 8966]
[8967 9002]
[9003 9038]
[9039 9075]
[9076 9100]
[9101 9135]
[9136 9184]
[9185 9243]
[9244 9330]
[9331 9423]
[9424 9515]
[9516 9571]
[9572 9688]
[ 9689 10057]
[10058 10126]
[10127 10231]
[10232 10336]
[10337 10457]
[10458 10565]
[10566 10712]
[10713 10765]
[10766 11059]
[11060 11222]
[11223 11441]
[11442 11559]
[11560 11763]
[11764 11913]
[11914 12250]
[12251 12358]
[12359 12570]
[12571 12824]
[12825 12946]
[12947 13070]
[13071 13194]
[13195 13291]
[13292 13632]
[13633 13721]
[13722 13797]
[13798 13844]
[13845 13893]
[13894 13967]
[13968 14045]
[14046 14134]
[14135 14220]
[14221 14316]
[14317 14420]
[14421 14480]
[14481 14866]
[14867 14932]
[14933 14978]
[14979 15030]
[15031 15062]
[15063 15225]
[15226 15282]
[15283 15340]
[15341 15382]
[15383 15457]
[15458 15509]
[15510 15554]
[15555 15608]
[15609 15657]
[15658 15712]
[15713 15748]
[15749 15797]
[15798 16074]
[16075 16080]
[16081 16107]
[16108 16131]
[16132 16166]
[16167 16228]
[16229 16306]
[16307 16355]
[16356 16408]
[16409 16448]
[16449 16485]
[16486 16551]
[16552 16594]
[16595 16672]
[16673 17039]
[17040 17168]
[17169 17217]
[17218 17270]
[17271 17342]
[17343 17447]
[17448 17531]
[17532 17692]
[17693 17787]
[17788 17899]
[17900 18020]
[18021 18069]
[18070 18547]
[18548 18646]
[18647 18716]
[18717 18782]
[18783 18854]
[18855 18919]
[18920 19008]
[19009 19073]
[19074 19337]
[19338 19414]
[19415 19466]
[19467 19566]
[19567 19618]
[19619 19662]
[19663 19707]
[19708 19756]
[19757 19806]
[19807 19853]
[19854 19897]
[19898 20041]
[20042 20261]
[20262 20298]
[20299 20387]
[20388 20438]
[20439 20490]
[20491 20546]
[20547 20610]
[20611 20700]
[20701 20751]
[20752 20799]
[20800 20851]
[20852 20874]
[20875 21056]
[21057 21177]
[21178 21223]
[21224 21268]
[21269 21317]
[21318 21356]
[21357 21678]
[21679 21722]
[21723 21759]
[21760 21793]
[21794 21822]
[21823 21860]
[21861 21903]
[21904 21940]
[21941 22003]
[22004 22043]
[22044 22085]
[22086 22166]
[22167 22227]
[22228 22577]
[22578 22658]
[22659 22795]
[22796 23127]
[23128 23216]
[23217 23329]
[23330 23548]
[23549 23689]
[23690 23801]
[23802 23841]
[23842 23983]
[23984 24082]
[24083 24151]
[24152 24219]
[24220 24635]
[24637 24725]
