[ 0 18]
[ 19 376]
[377 440]
[441 477]
[478 513]
[514 538]
[539 568]
[569 600]
[601 617]
[618 635]
[636 666]
[667 692]
[693 737]
[738 778]
[779 812]
[813 858]
[ 859 1215]
[1217 1264]
[1265 1316]
[1317 1357]
[1358 1398]
[1399 1459]
[1460 1527]
[1528 1593]
[1594 1668]
[1669 1727]
[1728 1818]
[1819 1902]
[1903 1974]
[1975 2061]
[2062 2146]
[2147 2207]
[2208 2255]
[2256 2282]
[2283 2331]
[2332 2352]
[2353 2383]
[2384 2397]
[2398 2815]
[2816 2854]
[2855 2885]
[2886 2916]
[2917 2970]
[2971 3027]
[3028 3050]
[3051 3086]
[3087 3116]
[3117 3154]
[3155 3211]
[3212 3240]
[3241 3308]
[3309 3392]
[3393 3443]
[3444 3482]
[3483 3514]
[3515 3544]
[3545 3659]
[3660 3690]
[3691 3730]
[3731 3760]
[3761 4378]
[4379 4387]
[4388 4505]
[4506 4512]
[4513 4798]
[4799 4881]
[4882 4956]
[4957 5004]
[5005 5094]
[5095 5163]
[5164 5205]
[5206 5267]
[5268 5310]
[5311 5360]
[5361 5401]
[5402 5544]
[5545 5582]
[5583 5644]
[5645 5690]
[5691 5770]
[5771 5806]
[5807 5827]
[5828 5863]
[5864 5930]
[5931 5993]
[5994 6059]
[6060 6167]
[6168 6211]
[6212 6262]
[6263 6343]
[6344 6386]
[6387 6426]
[6427 6475]
[6476 6552]
[6553 6624]
[6625 6661]
[6662 6713]
[6714 6784]
[6785 6920]
[6921 7232]
[7233 7303]
[7304 7368]
[7369 7494]
[7495 7523]
[7524 7618]
[7619 7680]
[7681 7748]
[7749 7814]
[7815 7937]
[7939 7988]
[7989 8055]
[8056 8093]
[8094 8133]
[8134 8169]
[8170 8202]
[8203 8235]
[8236 8286]
[8287 8343]
[8344 8380]
[8381 8424]
[8425 8501]
[8502 8746]
[8747 8788]
[8789 8863]
[8864 9022]
[9023 9432]
[9433 9475]
[9476 9563]
[9564 9613]
[9614 9668]
[9669 9856]
[ 9857 10009]
[10010 10050]
[10051 10094]
[10095 10130]
[10131 10395]
[10396 10484]
[10485 10527]
[10528 10582]
[10583 10646]
[10647 10719]
[10720 10814]
[10815 10859]
[10860 10893]
[10894 10940]
[10941 11033]
[11034 11092]
[11093 11163]
[11164 11229]
[11230 11347]
[11348 11671]
[11672 11760]
[11761 11771]
[11772 11820]
[11821 11873]
[11874 11907]
[11908 12017]
[12018 12079]
[12080 12231]
[12232 12410]
[12411 12464]
[12465 12493]
[12494 12558]
[12559 12605]
[12606 12624]
[12625 12665]
[12666 12733]
[12734 13101]
[13102 13172]
[13173 13249]
[13250 13324]
[13325 13402]
[13403 13464]
[13465 13658]
[13659 13698]
[13699 13773]
[13774 13819]
[13820 13890]
[13891 13927]
[13928 14017]
[14018 14148]
[14149 14290]
[14291 14331]
[14332 14368]
[14369 14412]
[14413 14497]
[14498 14538]
[14539 14596]
[14597 14640]
[14641 14672]
[14673 15051]
[15052 15068]
[15069 15090]
[15091 15094]
[15095 15187]
[15188 15382]
[15383 15491]
[15492 15588]
[15589 15688]
[15689 15768]
[15769 15863]
[15864 15934]
[15935 16006]
[16007 16100]
[16101 16170]
[16171 16217]
[16218 16305]
[16306 16337]
[16338 16379]
[16380 16439]
[16440 16467]
[16468 16508]
[16509 16530]
[16531 16565]
[16566 16620]
[16621 16656]
[16657 16672]
[16673 16713]
[16714 16758]
[16759 16792]
[16793 16817]
[16818 16875]
[16876 17179]
[17180 17324]
[17325 17456]
[17457 17570]
[17571 17625]
[17626 17804]
[17805 17910]
[17911 17989]
[17990 18150]
[18151 18291]
[18292 18364]
[18365 18672]
[18674 18849]
[18850 18972]
[18973 19017]
[19018 19085]
[19086 19170]
[19171 19213]
[19214 19484]
[19485 19936]
[19938 20203]
[20204 20421]
[20422 20666]
[20668 20933]
[20934 21267]
[21268 21306]
[21307 21377]
[21378 21425]
[21426 21516]
[21517 21618]
[21619 21665]
[21666 21688]
[21689 21739]
[21740 21783]
[21784 21823]
[21824 21907]
[21908 22071]
[22072 22136]
[22137 22274]
[22275 22371]
[22372 22774]
[22775 22799]
[22800 22900]
[22901 23069]
[23070 23156]
[23157 23229]
[23230 23288]
[23289 23375]
[23376 23490]
[23491 23550]
[23551 23614]
[23615 23689]
[23690 23785]
[23786 23958]
[23959 24082]
[24083 24434]
[24435 24496]
[24497 24547]
[24548 24581]
[24582 24619]
[24620 24664]
[24665 24736]
[24737 24783]
[24784 24849]
[24850 24913]
[24914 24942]
[24943 24993]
[24994 25016]
[25017 25098]
[25099 25123]
[25124 25160]
[25161 25211]
[25212 25291]
[25292 25337]
[25338 25368]
[25369 25443]
[25444 25693]
[25694 25780]
[25781 25837]
[25838 25882]
[25883 25938]
[25939 25991]
[25992 26044]
[26045 26105]
[26106 26189]
[26190 26249]
[26250 26303]
[26304 26353]
[26354 26410]
[26411 26469]
[26470 26573]
[26574 26612]
[26613 26648]
[26649 26683]
[26684 26717]
[26718 26778]
[26779 26831]
[26832 26869]
[26870 26931]
[26932 26972]
[26973 27027]
[27028 27391]
[27392 27488]
[27489 27595]
[27596 27618]
[27619 27677]
[27678 27730]
[27731 27789]
[27790 27888]
[27889 27998]
[27999 28055]
[28056 28130]
[28131 28219]
[28220 28306]
[28307 28380]
[28381 28430]
[28431 28519]
[28520 28575]
[28576 28636]
[28637 28697]
[28698 28746]
[28747 28783]
[28784 28804]
[28805 29231]
[29232 29321]
