[ 0 43]
[ 44 328]
[329 379]
[380 408]
[409 437]
[438 462]
[463 484]
[485 506]
[507 536]
[537 564]
[565 588]
[589 630]
[631 670]
[671 698]
[699 726]
[727 752]
[753 806]
[ 807 1402]
[1404 1456]
[1457 1508]
[1509 1582]
[1583 1651]
[1652 1729]
[1730 1839]
[1840 1891]
[1892 1958]
[1959 2043]
[2044 2096]
[2097 2165]
[2166 2281]
[2282 2327]
[2328 2367]
[2368 2398]
[2399 2457]
[2458 2506]
[2507 2560]
[2561 2616]
[2617 2696]
[2697 2822]
[2823 3198]
[3200 3254]
[3255 3323]
[3324 3398]
[3399 3471]
[3472 3540]
[3541 3961]
[3962 3973]
[3974 4002]
[4003 4051]
[4052 4065]
[4066 4116]
[4117 4136]
[4137 4170]
[4171 4191]
[4192 4224]
[4225 4302]
[4303 4390]
[4391 4413]
[4414 4474]
[4475 4522]
[4523 4530]
[4531 4920]
[4921 4991]
[4992 5042]
[5043 5101]
[5102 5231]
[5232 5410]
[5411 5470]
[5471 5530]
[5531 5579]
[5580 5596]
[5597 5624]
[5625 5712]
[5713 5889]
[5890 5978]
[5979 6109]
[6110 6690]
[6691 6736]
[6737 6786]
[6787 6962]
[6963 7017]
[7018 7084]
[7085 7139]
[7140 7268]
[7269 7329]
[7330 7506]
[7507 7623]
[7624 7647]
[7648 7695]
[7696 7743]
[7744 7828]
[7829 7894]
[7895 7954]
[7955 8028]
[8029 8123]
[8124 8148]
[8149 8547]
[8548 8618]
[8619 8685]
[8686 8696]
[8697 8743]
[8744 8778]
[8779 8828]
[8829 8870]
[8871 8939]
[8940 8967]
[8968 9082]
[9083 9154]
[9155 9218]
[9219 9268]
[9269 9335]
[9336 9397]
[9398 9431]
[9432 9506]
[9507 9561]
[9562 9683]
[9684 9713]
[9714 9739]
[9740 9763]
[9764 9793]
[9794 9863]
[9864 9915]
[9916 9943]
[9944 9969]
[ 9970 10016]
[10017 10128]
[10129 10549]
[10550 10651]
[10652 10722]
[10723 10780]
[10781 10857]
[10858 10926]
[10927 10978]
[10979 11050]
[11051 11098]
[11099 11196]
[11197 11235]
[11236 11292]
[11293 11368]
[11369 11406]
[11407 11450]
[11451 11512]
[11513 11563]
[11564 11625]
[11626 11683]
[11684 11733]
[11734 12211]
[12212 12284]
[12285 12333]
[12334 12383]
[12384 12441]
[12442 12485]
[12486 12561]
[12562 12612]
[12613 12673]
[12674 12728]
[12729 12922]
[12923 12982]
[12983 13099]
[13100 13142]
[13143 13202]
[13203 13252]
[13253 13386]
[13387 13446]
[13447 13788]
[13789 13918]
[13919 14132]
[14133 14207]
[14208 14657]
[14658 14727]
[14728 14781]
[14782 14894]
[14895 15307]
[15308 15348]
[15349 15392]
[15393 15412]
[15413 15438]
[15439 15478]
[15479 15510]
[15511 15550]
[15551 15589]
[15590 15641]
[15642 15675]
[15676 15721]
[15722 15762]
[15763 15806]
[15807 15846]
[15847 15922]
[15923 15968]
[15969 16029]
[16030 16086]
[16087 16124]
[16125 16156]
[16157 16242]
[16243 16291]
[16292 16331]
[16332 16435]
[16436 16487]
[16488 16523]
[16524 16601]
[16602 16630]
[16631 16669]
[16670 16711]
[16712 16750]
[16751 16838]
[16839 17724]
[17725 17865]
[17866 17925]
[17926 17987]
[17988 18066]
[18067 18127]
[18128 18203]
[18204 18262]
[18263 18316]
[18317 18365]
[18366 18442]
[18443 18519]
[18520 18571]
[18572 18665]
[18666 18707]
[18708 18781]
[18782 18822]
[18823 18900]
[18901 18961]
[18962 19025]
[19026 19097]
[19098 19127]
[19128 19898]
[19900 20426]
[20427 20537]
[20538 20685]
[20686 20739]
[20740 20971]
[20972 21030]
[21031 21170]
[21171 21258]
[21259 21685]
[21686 21831]
[21832 21944]
[21945 22165]
[22166 22188]
[22189 22325]
[22326 22438]
[22439 22564]
[22565 22815]
[22816 22953]
[22954 23103]
[23104 23162]
[23163 23224]
[23225 23754]
[23755 23809]
[23810 23898]
[23899 23991]
[23992 24070]
[24071 24159]
[24160 24466]
[24467 24503]
[24504 24563]
[24564 24736]
[24737 24805]
[24806 24872]
[24873 24938]
[24939 24990]
[24991 25026]
[25027 25366]
[25367 25451]
