[0 5]
[6 37]
[38 365]
[366 423]
[424 454]
[455 485]
[486 516]
[517 550]
[551 581]
[582 612]
[613 643]
[644 674]
[675 705]
[706 736]
[737 767]
[768 799]
[800 830]
[831 861]
[862 892]
[893 921]
[922 998]
[999 1341]
[1342 1386]
[1387 1436]
[1437 1469]
[1470 1509]
[1510 1553]
[1554 1590]
[1591 1687]
[1688 1768]
[1769 1853]
[1854 1956]
[1957 2036]
[2037 2069]
[2070 2102]
[2103 2137]
[2138 2180]
[2181 2220]
[2221 2357]
[2358 2413]
[2414 2472]
[2473 2518]
[2519 2569]
[2570 2621]
[2622 2657]
[2658 2776]
[2777 2863]
[2864 2927]
[2928 3050]
[3051 3103]
[3104 3497]
[3498 3564]
[3565 3606]
[3607 3637]
[3638 3690]
[3691 3749]
[3750 3816]
[3817 3862]
[3863 3983]
[3984 4044]
[4045 4118]
[4119 4208]
[4209 4302]
[4303 4370]
[4371 4414]
[4415 4495]
[4496 4551]
[4552 4950]
[4951 5026]
[5027 5091]
[5092 5143]
[5144 5188]
[5189 5243]
[5244 5296]
[5297 5352]
[5353 5389]
[5390 5427]
[5428 5478]
[5479 5628]
[5629 5684]
[5685 5737]
[5738 5794]
[5795 5851]
[5852 5914]
[5915 5962]
[5963 6011]
[6012 6055]
[6056 6102]
[6103 6142]
[6143 6181]
[6182 6224]
[6225 6266]
[6267 6604]
[6605 6790]
[6791 6824]
[6825 6887]
[6888 6920]
[6921 6972]
[6973 6996]
[6997 7026]
[7027 7052]
[7053 7110]
[7111 7130]
[7131 7183]
[7184 7231]
[7232 7272]
[7273 7293]
[7294 7317]
[7318 7351]
[7352 7376]
[7377 7418]
[7419 7463]
[7464 7534]
[7535 7589]
[7590 7632]
[7633 7681]
[7682 7732]
[7733 7768]
[7769 7805]
[7806 7817]
[7818 8126]
[8127 8305]
[8306 8342]
[8343 8378]
[8379 8400]
[8401 8451]
[8452 8527]
[8528 8603]
[8604 8679]
[8680 8755]
[8756 8826]
[8827 8887]
[8888 8958]
[8959 9013]
[9014 9080]
[9081 9151]
[9152 9239]
[9240 9303]
[9304 9379]
[9380 9455]
[9456 9515]
[9516 9575]
[9576 9635]
[9636 9666]
[9667 9709]
[9710 9765]
[9766 9801]
[9802 9837]
[9838 9873]
[9874 9909]
[9910 9945]
[9946 9981]
[9982 10017]
[10018 10053]
[10054 10089]
[10090 10125]
[10126 10210]
[10211 10696]
[10697 10726]
[10727 10800]
[10801 10870]
[10871 10921]
[10922 10973]
[10974 11036]
[11037 11075]
[11076 11310]
[11311 11407]
[11408 11462]
[11463 11523]
[11524 11556]
[11557 11586]
[11587 11618]
[11619 11665]
[11666 11699]
[11700 11737]
[11738 11781]
[11782 12075]
[12076 12131]
[12132 12167]
[12168 12214]
[12215 12289]
[12290 12660]
[12661 12758]
[12759 12875]
[12876 12934]
[12935 13022]
[13023 13095]
[13096 13239]
[13240 13315]
[13316 13383]
[13384 13714]
[13715 13775]
[13776 13834]
[13835 13883]
[13884 13921]
[13922 14306]
[14307 14367]
[14368 14404]
[14405 14457]
[14458 14494]
[14495 14599]
[14600 14647]
[14648 14757]
[14758 14778]
[14779 14829]
[14830 14887]
[14888 14939]
[14940 14988]
[14989 15029]
[15030 15132]
[15133 15236]
[15237 15281]
[15282 15332]
[15333 15556]
[15557 15607]
[15608 15768]
[15769 15948]
[15949 16006]
[16007 16060]
[16061 16112]
[16113 16151]
[16152 16205]
[16206 16310]
[16311 16356]
[16357 16466]
[16467 16556]
[16557 16646]
[16647 16861]
[16862 16906]
[16907 16952]
[16953 17247]
[17248 17275]
[17276 17326]
[17327 17392]
[17393 17418]
[17419 17460]
[17461 17658]
[17659 17838]
[17839 17880]
[17881 17922]
[17923 17982]
[17983 18091]
[18092 18150]
[18151 18176]
[18177 18250]
[18251 18600]
[18601 18684]
[18685 18776]
[18777 18828]
[18829 18900]
[18901 18947]
[18948 19010]
[19011 19091]
[19092 19146]
[19147 19454]
[19455 19517]
[19518 19583]
[19584 19652]
[19653 19700]
[19701 19725]
[19726 19792]
[19793 19813]
[19814 19893]
[19894 20228]
[20229 20321]
[20322 20524]
[20525 20577]
[20578 20623]
[20624 20707]
[20708 20859]
[20860 21047]
[21048 21100]
[21101 21151]
[21152 21208]
[21209 21255]
[21256 21340]
[21341 21389]
[21390 21448]
[21449 21484]
[21485 21520]
[21521 21556]
[21557 21592]
[21593 21628]
[21629 21664]
[21665 21700]
[21701 21736]
[21737 21772]
[21773 21808]
[21809 21884]
[21885 22331]
[22332 22581]
[22582 22701]
[22702 22742]
[22743 22864]
[22865 22997]
[22998 23110]
[23111 23261]
[23262 23549]
[23550 23682]
[23683 23798]
[23799 23863]
[23864 23923]
[23924 23994]
[23995 24274]
[24275 24447]
[24448 24563]
[24564 24677]
[24678 24822]
[24823 24942]
[24943 25027]
[25028 25094]
[25095 25141]
[25142 25189]
[25190 25230]
[25231 25266]
[25267 25584]
[25585 25652]
[25653 25712]
[25713 25744]
[25745 25792]
[25793 25830]
[25831 25907]
[25908 25949]
[25950 26025]
[26026 26066]
[26067 26158]
[26159 26253]
[26254 26278]
[26279 26346]
[26347 26390]
[26391 26495]
[26496 26548]
[26549 26612]
[26613 26652]
[26653 26742]
[26743 27063]
[27064 27280]
[27281 27362]
[27363 27399]
[27400 27484]
[27485 27589]
[27590 27800]
[27801 27878]
[27879 27929]
[27930 27994]
[27995 28069]
[28070 28121]
[28122 28155]
[28156 28243]
[28244 28279]
[28280 28309]
[28310 28408]
[28409 28490]
[28491 28698]
[28699 29007]
[29008 29082]
[29083 29112]
[29113 29138]
[29139 29222]
[29223 29290]
[29291 29451]
[29452 29498]
[29499 29569]
[29570 29645]
[29646 29737]
[29738 29823]
[29824 29876]
[29877 30171]
[30172 30253]
[30254 30327]
[30328 30398]
[30399 30543]
[30544 30644]
[30645 30767]
[30768 30821]
[30822 30876]
[30877 30926]
[30927 30990]
[30991 31010]
[31011 31095]
[31096 31431]
[31432 31669]
[31670 31769]
[31770 31912]
[31913 32030]
[32031 32158]
[32159 32296]
[32297 32388]
[32389 32534]
[32535 32638]
[32639 32734]
[32735 32792]
[32793 32988]
[32989 33409]
[33410 33570]
[33571 33628]
[33629 33961]
[33962 34063]
[34064 34112]
[34113 34150]
[34151 34177]
[34178 34266]
[34267 34317]
[34318 34389]
[34390 34466]
[34467 34559]
[34560 34650]
[34651 34696]
[34697 34760]
[34761 34821]
[34822 35088]
[35089 35166]
