[0 7]
[8 43]
[44 291]
[292 354]
[355 385]
[386 416]
[417 447]
[448 481]
[482 512]
[513 543]
[544 574]
[575 605]
[606 667]
[668 698]
[699 730]
[731 761]
[762 792]
[793 823]
[824 936]
[937 1364]
[1365 1422]
[1423 1488]
[1489 1542]
[1543 1590]
[1591 1646]
[1647 1745]
[1746 1836]
[1837 1911]
[1912 1968]
[1969 2278]
[2279 2356]
[2357 2414]
[2415 2490]
[2491 2536]
[2537 2611]
[2612 2683]
[2684 2768]
[2769 2871]
[2872 2904]
[2905 3446]
[3447 3518]
[3519 3575]
[3576 3623]
[3624 3679]
[3680 3750]
[3751 3822]
[3823 3910]
[3911 3985]
[3986 4068]
[4069 4116]
[4117 4142]
[4143 4197]
[4198 4206]
[4207 4520]
[4521 4566]
[4567 4614]
[4615 4670]
[4671 4713]
[4714 4753]
[4754 4811]
[4812 4872]
[4873 4923]
[4924 5124]
[5125 5181]
[5182 5228]
[5229 5273]
[5274 5336]
[5337 5389]
[5390 5415]
[5416 5453]
[5454 5577]
[5578 5675]
[5676 5834]
[5835 5884]
[5885 5992]
[5993 6044]
[6045 6116]
[6117 6178]
[6179 6246]
[6247 6307]
[6308 6364]
[6365 6406]
[6407 6474]
[6475 6541]
[6542 6599]
[6600 6644]
[6645 6714]
[6715 6785]
[6786 6842]
[6843 6892]
[6893 6910]
[6911 6988]
[6989 7063]
[7064 7125]
[7126 7200]
[7201 7267]
[7268 7328]
[7329 7397]
[7398 7482]
[7483 7631]
[7632 8006]
[8007 8096]
[8097 8170]
[8171 8251]
[8252 8330]
[8331 8407]
[8408 8482]
[8483 8554]
[8555 8634]
[8635 9164]
[9165 9593]
[9594 9840]
[9841 9896]
[9897 9932]
[9933 10055]
[10056 10102]
[10103 10172]
[10173 10293]
[10294 10335]
[10336 10469]
[10470 10534]
[10535 10589]
[10590 10681]
[10682 10770]
[10771 10938]
[10939 10965]
[10966 10984]
[10985 11021]
[11022 11054]
[11055 11086]
[11087 11118]
[11119 11154]
[11155 11190]
[11191 11226]
[11227 11262]
[11263 11298]
[11299 12249]
[12250 12388]
[12389 12520]
[12521 12661]
[12662 12766]
[12767 13092]
[13093 13202]
[13203 13301]
[13302 13415]
[13416 13515]
[13516 13630]
[13631 13719]
[13720 13842]
[13843 13874]
[13875 13926]
[13927 13973]
[13974 14019]
[14020 14093]
[14094 14168]
[14169 14242]
[14243 14310]
[14311 14388]
[14389 14460]
[14461 14535]
[14536 14826]
[14827 14993]
[14994 15030]
[15031 15063]
[15064 15095]
[15096 15127]
[15128 15160]
[15161 15181]
[15182 15206]
[15207 15285]
[15286 15359]
[15360 15484]
[15485 15544]
[15545 15648]
[15649 15712]
[15713 15805]
[15806 15919]
[15920 15994]
[15995 16507]
[16508 16571]
[16572 16650]
[16651 16811]
[16812 16891]
[16892 16977]
[16978 17027]
[17028 17157]
[17158 17314]
[17315 17341]
[17342 17445]
[17446 18084]
[18085 18196]
[18197 18331]
[18332 18517]
[18518 18737]
[18738 18835]
[18836 18911]
[18912 19165]
[19166 19385]
[19386 19843]
[19844 20094]
[20095 20194]
[20195 20304]
[20305 20352]
[20353 20420]
[20421 20490]
[20491 20719]
[20720 20810]
[20811 20901]
[20902 21013]
[21014 21173]
[21174 21249]
[21250 21349]
[21350 21440]
[21441 21571]
[21572 21578]
[21579 21672]
[21673 21743]
[21744 21868]
[21869 22152]
[22153 22239]
[22240 22298]
[22299 22358]
[22359 22410]
[22411 22523]
[22524 22560]
[22561 22637]
[22638 22690]
[22691 22740]
[22741 22801]
[22802 22829]
[22830 23079]
[23080 23181]
[23182 23285]
[23286 23407]
[23408 23504]
[23505 23579]
[23580 23649]
[23650 23792]
[23793 23952]
[23953 24011]
[24012 24109]
[24110 24222]
[24223 24489]
[24490 24582]
[24583 24681]
[24682 24781]
[24782 24876]
[24877 24976]
[24977 25076]
[25077 25176]
[25177 25293]
[25294 25697]
[25698 25873]
[25874 25927]
[25928 25994]
[25995 26096]
[26097 26146]
[26147 26198]
[26199 26243]
[26244 26317]
[26318 26353]
[26354 26381]
[26382 26420]
[26421 26482]
[26483 26533]
[26534 26695]
[26696 26764]
[26765 26841]
[26842 27032]
[27033 27087]
[27088 27171]
[27172 27232]
[27233 27351]
[27352 27435]
[27436 27512]
[27513 27610]
[27611 27666]
[27667 27702]
[27703 27738]
[27739 27778]
[27779 27846]
[27847 27882]
[27883 27918]
[27919 27954]
[27955 27990]
[27991 28026]
[28027 28523]
[28524 28595]
[28596 28667]
[28668 28735]
[28736 28815]
[28816 28886]
[28887 28960]
[28961 29031]
[29032 29075]
[29076 29150]
[29151 29245]
[29246 29342]
[29343 29435]
[29436 29537]
[29538 29631]
[29632 29726]
[29727 29855]
[29856 29943]
[29944 30017]
[30018 30071]
[30072 30118]
[30120 30183]
[30184 30236]
[30237 30314]
[30315 30388]
[30389 30442]
[30443 30558]
[30559 30657]
[30658 30701]
[30702 30845]
[30846 30874]
[30875 30981]
[30982 31028]
[31029 31063]
[31064 31106]
[31107 31143]
[31144 31177]
[31178 31240]
[31241 31384]
[31385 31564]
[31565 31828]
[31829 31920]
