[0 6]
[7 36]
[38 309]
[310 374]
[375 405]
[406 436]
[437 467]
[468 501]
[502 532]
[533 563]
[564 594]
[595 625]
[626 656]
[657 687]
[688 718]
[719 750]
[751 781]
[782 812]
[813 843]
[844 874]
[875 953]
[954 1340]
[1341 1369]
[1370 1425]
[1426 1490]
[1491 1545]
[1546 1596]
[1597 1643]
[1644 1682]
[1683 1770]
[1771 1827]
[1828 1900]
[1901 1973]
[1974 2044]
[2045 2128]
[2129 2190]
[2191 2277]
[2278 2313]
[2314 2361]
[2362 2401]
[2402 2449]
[2450 2492]
[2493 2550]
[2551 2601]
[2602 2645]
[2646 2678]
[2679 2710]
[2711 2791]
[2792 2811]
[2812 3112]
[3113 3182]
[3183 3249]
[3250 3318]
[3319 3390]
[3391 3462]
[3463 3533]
[3534 3585]
[3586 3644]
[3645 3689]
[3690 3722]
[3723 4231]
[4232 4293]
[4294 4360]
[4361 4425]
[4426 4494]
[4495 4558]
[4559 4619]
[4620 4709]
[4710 4763]
[4764 4813]
[4814 4861]
[4862 4936]
[4937 5004]
[5005 5165]
[5166 5225]
[5226 5262]
[5263 5330]
[5331 5374]
[5375 5404]
[5405 5433]
[5434 5916]
[5917 6000]
[6001 6035]
[6036 6079]
[6080 6139]
[6140 6187]
[6188 6245]
[6246 6314]
[6315 6354]
[6355 6403]
[6404 6445]
[6446 6524]
[6525 6580]
[6581 6626]
[6627 6675]
[6676 6719]
[6720 6753]
[6754 6846]
[6847 6900]
[6901 6945]
[6946 6984]
[6985 7036]
[7037 7124]
[7125 7175]
[7176 7220]
[7221 7241]
[7242 7284]
[7285 7331]
[7332 7369]
[7370 7401]
[7402 7865]
[7866 7911]
[7912 7961]
[7962 8009]
[8010 8061]
[8062 8113]
[8114 8161]
[8162 8213]
[8214 8276]
[8277 8341]
[8342 8418]
[8419 8488]
[8489 8545]
[8546 8596]
[8597 8645]
[8646 8701]
[8702 8764]
[8765 8826]
[8827 8908]
[8909 8961]
[8962 9013]
[9014 9064]
[9065 9116]
[9117 9166]
[9167 9217]
[9218 9263]
[9264 9301]
[9302 9350]
[9351 9839]
[9840 9878]
[9879 9927]
[9928 9973]
[9974 10133]
[10134 10257]
[10258 10347]
[10348 10418]
[10419 10493]
[10494 10554]
[10555 10612]
[10613 10751]
[10752 10822]
[10823 10886]
[10887 10945]
[10946 11014]
[11015 11082]
[11083 11146]
[11147 11199]
[11200 11283]
[11284 11331]
[11332 11674]
[11675 11757]
[11758 11822]
[11823 11894]
[11895 12065]
[12066 12211]
[12212 12293]
[12294 12389]
[12390 12500]
[12501 12670]
[12671 12745]
[12746 12824]
[12825 13012]
[13013 13384]
[13385 13464]
[13465 13569]
[13570 13750]
[13751 13971]
[13972 14064]
[14065 14147]
[14148 14217]
[14218 14739]
[14740 14819]
[14820 14879]
[14880 14914]
[14915 14990]
[14991 15047]
[15048 15169]
[15170 15310]
[15311 15469]
[15470 15537]
[15538 15598]
[15599 15674]
[15675 15729]
[15730 15804]
[15805 16045]
[16046 16083]
[16084 16126]
[16127 16166]
[16167 16215]
[16216 16676]
[16677 16742]
[16743 16784]
[16785 16835]
[16836 16882]
[16883 16953]
[16954 17036]
[17037 17190]
[17191 17306]
[17307 17350]
[17351 17438]
[17439 17486]
[17487 17544]
[17545 17602]
[17603 17642]
[17643 17696]
[17697 17744]
[17745 17809]
[17810 18165]
[18166 18348]
[18349 18397]
[18398 18443]
[18444 18493]
[18494 18571]
[18572 18618]
[18619 18683]
[18684 18729]
[18730 18771]
[18772 19034]
[19035 19070]
[19071 19120]
[19121 19166]
[19167 19205]
[19206 19244]
[19245 19287]
[19288 19326]
[19327 19360]
[19361 19412]
[19413 19448]
[19449 19484]
[19485 19520]
[19521 19556]
[19557 19592]
[19593 19736]
[19737 19854]
[19855 20157]
[20158 20252]
[20253 20378]
[20379 20441]
[20442 20499]
[20500 20569]
[20570 20652]
[20653 20714]
[20715 20790]
[20791 20860]
[20861 20924]
[20925 20986]
[20987 21051]
[21052 21327]
[21328 21478]
[21479 21551]
[21552 21616]
[21617 21704]
[21705 21792]
[21793 21867]
[21868 21939]
[21940 22008]
[22009 22074]
[22075 22144]
[22145 22272]
[22273 22348]
[22349 22406]
[22407 22466]
[22467 22543]
[22544 22621]
[22622 22686]
[22687 22872]
[22873 22974]
[22975 23033]
[23034 23098]
[23099 23183]
[23184 23266]
[23267 23332]
[23333 23404]
[23405 23482]
[23483 23561]
[23562 23649]
[23650 23760]
[23761 23976]
[23977 24039]
[24040 24071]
[24072 24124]
[24125 24187]
[24188 24237]
[24238 24291]
[24292 24360]
[24361 24423]
[24424 24471]
[24472 24549]
[24550 24833]
[24834 24892]
[24893 24936]
[24937 24999]
[25000 25055]
[25056 25115]
[25116 25170]
[25171 25227]
[25228 25288]
[25289 25344]
[25345 25368]
[25369 25443]
[25444 25461]
[25462 25505]
[25506 25540]
[25541 25591]
[25592 25655]
[25656 25685]
[25686 25748]
[25749 25775]
[25776 26053]
[26054 26148]
[26149 26654]
[26655 26941]
[26942 26993]
[26994 27243]
[27244 27313]
[27314 27345]
[27346 27434]
[27435 27496]
[27497 27517]
[27518 27555]
[27556 27600]
[27601 27654]
[27655 27730]
[27731 27780]
[27781 27947]
[27948 28078]
[28079 28182]
[28183 28538]
[28539 28636]
