[0 6]
[7 45]
[46 399]
[400 458]
[459 487]
[488 522]
[523 554]
[555 585]
[586 606]
[607 639]
[640 663]
[664 690]
[691 709]
[710 734]
[735 767]
[768 788]
[789 812]
[813 834]
[835 867]
[868 902]
[903 938]
[939 1038]
[1039 1571]
[1572 1619]
[1620 1668]
[1669 1713]
[1714 1764]
[1765 1796]
[1797 1863]
[1864 1907]
[1908 1942]
[1943 2084]
[2085 2164]
[2165 2213]
[2214 2255]
[2256 2326]
[2327 2380]
[2381 2466]
[2467 2587]
[2588 2619]
[2620 2714]
[2715 2738]
[2739 2762]
[2763 2851]
[2852 2916]
[2917 2983]
[2984 3063]
[3064 3138]
[3139 3664]
[3665 3743]
[3744 3828]
[3829 3877]
[3878 3997]
[3998 4094]
[4095 4142]
[4143 4209]
[4210 4259]
[4260 4304]
[4305 4342]
[4343 4432]
[4433 4486]
[4487 4536]
[4537 4588]
[4589 4654]
[4655 4725]
[4726 4776]
[4777 4829]
[4830 4907]
[4908 4971]
[4972 5014]
[5015 5069]
[5070 5135]
[5136 5493]
[5494 5620]
[5621 5683]
[5684 5741]
[5742 5801]
[5802 5895]
[5896 5953]
[5954 6025]
[6026 6228]
[6229 6308]
[6309 6859]
[6860 6881]
[6882 6930]
[6931 6964]
[6965 7008]
[7009 7093]
[7094 7207]
[7208 7249]
[7250 7285]
[7286 7300]
[7301 7344]
[7345 7400]
[7401 7430]
[7431 7466]
[7467 7498]
[7499 7609]
[7610 7664]
[7665 7769]
[7770 8108]
[8109 8140]
[8141 8166]
[8167 8209]
[8210 8248]
[8249 8283]
[8284 8330]
[8331 8370]
[8371 8961]
[8962 8994]
[8995 9056]
[9057 9268]
[9269 9465]
[9466 9525]
[9526 9565]
[9566 9605]
[9606 9669]
[9670 9689]
[9690 9706]
[9707 9776]
[9777 9835]
[9836 10193]
[10194 10305]
[10306 10338]
[10339 10437]
[10438 10522]
[10523 10552]
[10553 10574]
[10575 10595]
[10596 10625]
[10626 10661]
[10662 10686]
[10687 10702]
[10703 10775]
[10776 10799]
[10800 10834]
[10835 10858]
[10859 10879]
[10880 10963]
[10964 11344]
[11345 11398]
[11399 11433]
[11434 11454]
[11455 11511]
[11512 11557]
[11558 11598]
[11599 11892]
[11893 11959]
[11960 12003]
[12004 12142]
[12143 12207]
[12208 12256]
[12257 12299]
[12300 12352]
[12353 12452]
[12453 12515]
[12516 12576]
[12577 12610]
[12611 12656]
[12657 12691]
[12692 12727]
[12728 12746]
[12747 12827]
[12828 12911]
[12912 13202]
[13203 13436]
[13437 13541]
[13542 13677]
[13678 13833]
[13834 13973]
[13974 14098]
[14099 14159]
[14160 14223]
[14224 14603]
[14604 14716]
[14717 14859]
[14860 14920]
[14921 14986]
[14987 15089]
[15090 15141]
[15142 15186]
[15187 15219]
[15220 15271]
[15272 15352]
[15353 15428]
[15429 15493]
[15494 15584]
[15585 15666]
[15667 15725]
[15726 15760]
[15761 15894]
[15895 16058]
[16059 16116]
[16117 16488]
[16489 16640]
[16641 16735]
[16736 17032]
[17033 17187]
[17188 17239]
[17240 17376]
[17377 17537]
[17538 17916]
[17917 17992]
[17993 18105]
[18106 18227]
[18228 18300]
[18301 18368]
[18369 18458]
[18459 18762]
[18763 18827]
[18828 18901]
[18902 18951]
[18952 19022]
[19023 19083]
[19084 19158]
[19159 19573]
[19574 19629]
[19630 19674]
[19675 19751]
[19752 19819]
[19820 19885]
[19886 19937]
[19938 20118]
[20119 20247]
[20248 20356]
[20357 20405]
[20406 20475]
[20476 20558]
[20559 20665]
[20666 20713]
[20714 20757]
[20758 21045]
[21046 21150]
[21151 21190]
[21191 21253]
[21254 21508]
[21509 21607]
[21608 21663]
[21664 21794]
[21795 21905]
[21906 21962]
[21963 22012]
[22013 22052]
[22053 22260]
[22261 22328]
[22329 22425]
[22426 22585]
[22586 22646]
[22647 22703]
[22704 22746]
[22747 22812]
[22813 22844]
[22845 22875]
[22876 22884]
[22885 22960]
[22961 22996]
[22997 23112]
[23113 23213]
[23214 23284]
[23285 23350]
[23351 23448]
[23449 23548]
[23549 23582]
[23583 23652]
[23653 23697]
[23698 23876]
[23877 23966]
[23967 24107]
[24108 24350]
[24351 24855]
[24856 24980]
[24981 25105]
[25106 25552]
[25553 25762]
[25763 25834]
[25835 25871]
[25872 25930]
[25931 25989]
[25990 26054]
[26055 26078]
[26079 26114]
[26115 26178]
[26179 26191]
[26192 26224]
[26225 26264]
[26265 26292]
[26293 26339]
[26340 26435]
[26436 26476]
[26477 26519]
[26520 26565]
[26566 26913]
[26914 27007]
[27008 27098]
[27099 27210]
[27211 27322]
[27323 27374]
[27375 27475]
[27476 27573]
[27574 27643]
[27644 27717]
[27718 27840]
[27841 27935]
[27936 28052]
[28053 28081]
[28082 28136]
[28137 28176]
[28177 28195]
[28196 28250]
[28251 28288]
[28289 28363]
[28364 28412]
[28413 28475]
[28476 28516]
[28517 28590]
[28591 28669]
[28670 28735]
[28736 28766]
[28767 28819]
[28820 28851]
[28852 28878]
[28879 28915]
[28916 29019]
[29020 29042]
[29043 29075]
[29076 29108]
[29109 29179]
[29180 29245]
[29246 29680]
[29681 29777]
[29778 29857]
[29858 29941]
[29942 29981]
[29982 30072]
[30073 30348]
[30349 30416]
[30417 30494]
[30495 30800]
[30801 30907]
[30908 30944]
[30945 30991]
[30992 31050]
[31051 31111]
[31112 31230]
[31231 31300]
[31301 31348]
[31349 31426]
[31427 31495]
[31496 31538]
[31539 31591]
[31592 31636]
[31637 31712]
[31713 32002]
[32003 32510]
[32511 32567]
[32568 32651]
[32652 32764]
[32765 32846]
[32847 32940]
[32941 33329]
[33330 33423]
