[0 6]
[7 34]
[35 276]
[277 331]
[332 360]
[361 397]
[398 425]
[426 458]
[459 484]
[485 514]
[515 548]
[549 582]
[583 617]
[618 647]
[648 680]
[681 708]
[709 745]
[746 780]
[781 815]
[816 910]
[911 1256]
[1257 1320]
[1321 1406]
[1407 1493]
[1494 1577]
[1578 1645]
[1646 1712]
[1713 1761]
[1762 1811]
[1812 1894]
[1895 1929]
[1930 2606]
[2607 2737]
[2738 2879]
[2880 2938]
[2939 3002]
[3003 3120]
[3121 3220]
[3221 3282]
[3283 3347]
[3348 3413]
[3414 3499]
[3500 3567]
[3568 4024]
[4025 4117]
[4118 4190]
[4191 4273]
[4274 4374]
[4375 4458]
[4459 4654]
[4655 4688]
[4689 4727]
[4728 4838]
[4839 4939]
[4940 5027]
[5028 5074]
[5075 5173]
[5174 5241]
[5242 5285]
[5286 5347]
[5348 5454]
[5455 5807]
[5808 5889]
[5890 5945]
[5946 6024]
[6025 6103]
[6104 6145]
[6146 6272]
[6273 6301]
[6302 6636]
[6637 6726]
[6727 6807]
[6808 6884]
[6885 6958]
[6959 7050]
[7051 7073]
[7074 7455]
[7456 7559]
[7560 7661]
[7662 7829]
[7830 7942]
[7943 8130]
[8131 8347]
[8348 8465]
[8466 8604]
[8606 8680]
[8681 8737]
[8738 8766]
[8767 8796]
[8797 8832]
[8833 8869]
[8870 8917]
[8918 8948]
[8949 8982]
[8983 9015]
[9016 9043]
[9044 9070]
[9071 9096]
[9097 9174]
[9175 9454]
[9455 9541]
[9542 9672]
[9673 9814]
[9815 9910]
[9911 9970]
[9971 10037]
[10038 10084]
[10085 10496]
[10497 10594]
[10595 10814]
[10815 10842]
[10843 10951]
[10952 11041]
[11042 11220]
[11221 11357]
[11358 11464]
[11465 11520]
[11521 11640]
[11641 11699]
[11700 11810]
[11811 12058]
[12059 12220]
[12221 12384]
[12385 12644]
[12645 12910]
[12911 13059]
[13060 13132]
[13133 13221]
[13222 13306]
[13307 13375]
[13376 13420]
[13421 13451]
[13452 13502]
[13503 13531]
[13532 13563]
[13564 13595]
[13596 13627]
[13628 13656]
[13657 13682]
[13683 13711]
[13712 13739]
[13740 13771]
[13772 13805]
[13806 13836]
[13837 13860]
[13861 13943]
[13944 14535]
[14536 14616]
[14617 14703]
[14705 14785]
[14787 14896]
[14898 14992]
[14993 15079]
[15081 15167]
[15168 15263]
[15265 15372]
[15373 15453]
[15454 15513]
[15514 15589]
[15590 15672]
[15673 15727]
[15729 15767]
[15768 15811]
[15812 16163]
[16164 16228]
[16229 16312]
[16313 16396]
[16397 16480]
[16481 16564]
[16565 16648]
[16649 16754]
[16755 16827]
[16828 16893]
[16894 16970]
[16971 17037]
[17038 17285]
[17286 17320]
[17321 17365]
[17366 17431]
[17432 17485]
[17486 17533]
[17534 17582]
[17583 17638]
[17639 17683]
[17684 17728]
[17729 17770]
[17771 17807]
[17808 17852]
[17853 17901]
[17902 17940]
[17941 17973]
[17974 18017]
[18018 18068]
[18069 18119]
[18120 18164]
[18165 18202]
[18203 18227]
[18228 18473]
[18474 18736]
[18737 18838]
[18839 18918]
[18919 19029]
[19030 19260]
[19261 19335]
[19336 19425]
[19426 19524]
[19525 19602]
[19603 19688]
[19689 19767]
[19768 19838]
[19839 19936]
[19937 20028]
[20029 20134]
[20135 20206]
[20207 20276]
[20277 20354]
[20355 20432]
[20433 20499]
[20500 20559]
[20560 20845]
[20846 20926]
[20927 21013]
[21014 21128]
[21129 21576]
[21577 21645]
[21646 21700]
[21701 22119]
[22120 22296]
[22297 22418]
[22419 22498]
[22499 22566]
[22567 22663]
[22664 22785]
[22786 22919]
[22920 23166]
[23167 23282]
[23283 23407]
[23408 23521]
[23522 23624]
[23625 23727]
[23728 23861]
[23862 23895]
[23896 23957]
[23958 23989]
[23990 24240]
[24242 24312]
