[0 8]
[9 51]
[52 359]
[360 424]
[425 455]
[456 486]
[487 517]
[518 551]
[552 582]
[583 613]
[614 644]
[645 675]
[676 706]
[707 737]
[738 768]
[769 800]
[801 831]
[832 862]
[863 893]
[894 924]
[925 1005]
[1006 1626]
[1627 1682]
[1683 1765]
[1766 1833]
[1834 1892]
[1893 1956]
[1957 2032]
[2033 2086]
[2087 2155]
[2156 2201]
[2202 2281]
[2282 2309]
[2310 2377]
[2378 2443]
[2444 2498]
[2499 2539]
[2540 2605]
[2606 2649]
[2650 2715]
[2716 2775]
[2776 2833]
[2834 2909]
[2910 2962]
[2963 3058]
[3059 3132]
[3133 3493]
[3494 3573]
[3574 3620]
[3621 3669]
[3670 3700]
[3701 3757]
[3758 3813]
[3814 3885]
[3886 3952]
[3953 4015]
[4016 4082]
[4083 4151]
[4152 4222]
[4223 4301]
[4302 4348]
[4349 4397]
[4398 4428]
[4429 4485]
[4486 4541]
[4542 4607]
[4608 4666]
[4667 4729]
[4730 4787]
[4788 5095]
[5096 5135]
[5136 5184]
[5185 5236]
[5237 5282]
[5283 5326]
[5327 5379]
[5380 5418]
[5419 5486]
[5487 5551]
[5552 5568]
[5569 5623]
[5624 5680]
[5681 5759]
[5760 5804]
[5805 5871]
[5872 5919]
[5920 5968]
[5969 6003]
[6004 6053]
[6054 6100]
[6101 6140]
[6141 6176]
[6177 6225]
[6226 6276]
[6277 6318]
[6319 6606]
[6607 6678]
[6679 6744]
[6745 6816]
[6817 6871]
[6872 6934]
[6935 6956]
[6957 7143]
[7144 7294]
[7295 7340]
[7341 7409]
[7410 7475]
[7476 7516]
[7517 7630]
[7631 7698]
[7699 7761]
[7762 7785]
[7786 7844]
[7845 7911]
[7912 7979]
[7980 8029]
[8030 8519]
[8520 8581]
[8582 8635]
[8636 8700]
[8701 8770]
[8771 8843]
[8844 8897]
[8898 8962]
[8963 9021]
[9022 9086]
[9087 9128]
[9129 9181]
[9182 9238]
[9239 9282]
[9283 9339]
[9340 9382]
[9383 9441]
[9442 9885]
[9886 9927]
[9928 9977]
[9978 10030]
[10031 10071]
[10072 10138]
[10139 10202]
[10203 10270]
[10271 10357]
[10358 10378]
[10379 10424]
[10425 10580]
[10581 10640]
[10641 10709]
[10710 10797]
[10798 10993]
[10994 11049]
[11050 11112]
[11113 11141]
[11142 11192]
[11193 11250]
[11251 11310]
[11311 11467]
[11468 11962]
[11963 12191]
[12192 12379]
[12380 12429]
[12430 12509]
[12510 12584]
[12585 12641]
[12642 12698]
[12699 12776]
[12777 12824]
[12825 12892]
[12893 13065]
[13066 13141]
[13142 13195]
[13196 13252]
[13253 13588]
[13589 13643]
[13644 13701]
[13702 13753]
[13754 13817]
[13818 13893]
[13894 13984]
[13985 14100]
[14101 14225]
[14226 14275]
[14276 14321]
[14322 14365]
[14366 14417]
[14418 14470]
[14471 14550]
[14551 14612]
[14613 14676]
[14677 14737]
[14738 14777]
[14778 14955]
[14956 15010]
[15011 15059]
[15060 15093]
[15094 15170]
[15171 15225]
[15226 15287]
[15288 15333]
[15334 15381]
[15382 15434]
[15435 15489]
[15490 15558]
[15559 15609]
[15610 15666]
[15667 15728]
[15729 15889]
[15890 15971]
[15972 16056]
[16057 16139]
[16140 16215]
[16216 16305]
[16306 16367]
[16368 16579]
[16580 16885]
[16886 16941]
[16942 16995]
[16996 17059]
[17060 17340]
[17341 17407]
[17408 17480]
[17481 17506]
[17507 17556]
[17557 17633]
[17634 17714]
[17715 17832]
[17833 17875]
[17876 17906]
[17907 18007]
[18008 18054]
[18055 18104]
[18105 18229]
[18230 18275]
[18276 18323]
[18324 18442]
[18443 18552]
[18553 18588]
[18589 18624]
[18625 18660]
[18661 18732]
[18733 18768]
[18769 18804]
[18805 18876]
[18877 18912]
[18913 18995]
[18996 19358]
[19359 19431]
[19432 19456]
[19457 19509]
[19510 19574]
[19575 19785]
[19786 19843]
[19844 19889]
[19890 19962]
[19963 20006]
[20007 20072]
[20073 20123]
[20124 20170]
[20171 20236]
[20237 20302]
[20303 20404]
[20405 20521]
[20522 20560]
[20561 20726]
[20727 21020]
[21021 21191]
[21192 22143]
[22144 22521]
[22522 22853]
[22854 22933]
[22934 23030]
[23031 23110]
[23111 23401]
[23402 23642]
[23643 24154]
[24155 24196]
[24197 24256]
[24257 24282]
[24283 24829]
[24830 24848]
[24849 24930]
[24931 24945]
[24946 24989]
[24990 25016]
[25017 25061]
[25062 25110]
[25111 25179]
[25180 25185]
[25186 25245]
[25246 25271]
[25272 25317]
[25318 25361]
[25362 25457]
[25458 25487]
[25488 25512]
[25513 25555]
[25556 25625]
[25626 26006]
[26007 26049]
[26050 26099]
[26100 26176]
[26177 26250]
[26251 26307]
[26308 26406]
[26407 26498]
[26499 26605]
[26606 26702]
[26703 26793]
[26794 26979]
[26980 27026]
[27027 27145]
[27146 27406]
[27407 27771]
[27772 27826]
[27827 27859]
[27860 27964]
[27965 28003]
[28004 28059]
[28060 28127]
[28128 28213]
[28214 28246]
[28247 28289]
[28290 28343]
[28344 28379]
[28380 28415]
[28416 28451]
[28452 28487]
[28488 28523]
[28524 28559]
[28560 28595]
[28596 28631]
[28632 28667]
[28668 28703]
[28704 28786]
[28787 28997]
[28998 29051]
[29052 29168]
[29169 29210]
[29211 29258]
[29259 29341]
[29342 29426]
[29427 29499]
[29500 29580]
[29581 29708]
[29709 29758]
[29759 29825]
[29826 29904]
[29905 29938]
[29940 30023]
[30024 30081]
[30082 30174]
[30175 30349]
[30350 30467]
[30468 30519]
[30520 30648]
[30649 30746]
[30747 30822]
[30823 30915]
[30916 31064]
[31065 31309]
[31310 31413]
[31414 31529]
[31530 31632]
[31633 31734]
[31735 32008]
[32009 32145]
[32146 32516]
[32518 32588]
[32589 32643]
[32644 32695]
[32696 32755]
[32756 32819]
[32820 32909]
[32910 33063]
[33064 33108]
[33109 33167]
[33168 33237]
[33238 33295]
[33296 33395]
[33396 33455]
[33456 33523]
[33524 33594]
[33595 33928]
[33929 34036]
