[0 7]
[8 35]
[37 291]
[292 351]
[352 394]
[395 431]
[432 518]
[519 547]
[548 642]
[643 684]
[685 788]
[789 836]
[837 931]
[932 1520]
[1521 1617]
[1618 1632]
[1633 1718]
[1719 1759]
[1760 1814]
[1815 1865]
[1866 1946]
[1947 2000]
[2001 2055]
[2056 2089]
[2090 2146]
[2147 2194]
[2195 2270]
[2271 2623]
[2624 3037]
[3038 3501]
[3502 3743]
[3744 4387]
[4388 4449]
[4450 4502]
[4503 4566]
[4567 4628]
[4629 4689]
[4690 4738]
[4739 4798]
[4799 4868]
[4869 4920]
[4921 4980]
[4981 5041]
[5042 5106]
[5107 5170]
[5171 5199]
[5200 5254]
[5255 5304]
[5305 5339]
[5340 5638]
[5639 5764]
[5765 5846]
[5847 5912]
[5913 5986]
[5987 6405]
[6406 6847]
[6849 6897]
[6898 6941]
[6942 6991]
[6992 7142]
[7143 7218]
[7219 7271]
[7272 7287]
[7288 7808]
[7809 7885]
[7886 7927]
[7928 7973]
[7974 8027]
[8028 8083]
[8084 8124]
[8125 8161]
[8162 8262]
[8263 8273]
[8274 8384]
[8385 8515]
[8516 8644]
[8645 8722]
[8723 8817]
[8818 8909]
[8910 9288]
[9289 9321]
[9322 9376]
[9377 9450]
[9451 9515]
[9516 9610]
[9611 9666]
[9667 9700]
[9701 9751]
[9752 9796]
[9797 9842]
[9843 9902]
[9903 9940]
[9941 9993]
[9994 10021]
[10022 10080]
[10081 10150]
[10151 10204]
[10205 10263]
[10264 10306]
[10307 10356]
[10357 10398]
[10399 10458]
[10459 10490]
[10491 10548]
[10549 10646]
[10647 10750]
[10751 10862]
[10863 10915]
[10916 10968]
[10969 11042]
[11043 11147]
[11148 11208]
[11209 11305]
[11306 11782]
[11783 11850]
[11851 11911]
[11912 11944]
[11945 11998]
[11999 12096]
[12097 12177]
[12178 12318]
[12319 12445]
[12446 12489]
[12490 12520]
[12521 12790]
[12791 13029]
[13030 13141]
[13142 13180]
[13181 13229]
[13230 13292]
[13293 13361]
[13362 13441]
[13442 13485]
[13486 13716]
[13717 13924]
[13925 14114]
[14115 14304]
[14305 14447]
[14448 14517]
[14518 14568]
[14569 14646]
[14647 14946]
[14947 15008]
[15009 15084]
[15085 15216]
[15217 15282]
[15283 15364]
[15365 15438]
[15439 15520]
[15521 15579]
[15580 15703]
[15704 15761]
[15762 15929]
[15930 16061]
[16062 16132]
[16133 16237]
[16238 16291]
[16292 16362]
[16363 16890]
[16891 16983]
[16984 17059]
[17060 17195]
[17196 17241]
[17242 17296]
[17297 17368]
[17369 17420]
[17421 17453]
[17454 17537]
[17538 17628]
[17629 17658]
[17659 17774]
[17775 17792]
[17793 17931]
[17932 17974]
[17975 18118]
[18119 18170]
[18171 18201]
[18202 18298]
[18299 18331]
[18332 18378]
[18379 18465]
[18466 18822]
[18823 18918]
[18919 18979]
[18980 19046]
[19047 19129]
[19130 19258]
[19259 19361]
[19362 19419]
[19420 19499]
[19500 19689]
[19690 19771]
[19772 19833]
[19834 19882]
[19883 19949]
[19950 20077]
[20078 20449]
[20450 20539]
[20540 20759]
[20760 20830]
[20831 20864]
[20865 21007]
[21008 21028]
[21029 21124]
[21125 21197]
[21198 21304]
[21305 21376]
[21377 21445]
[21446 21552]
[21553 21643]
[21644 21746]
[21747 21831]
[21832 21913]
[21914 22200]
[22201 22734]
[22735 22781]
[22782 22855]
[22856 22886]
[22887 22913]
[22914 22996]
[22997 23048]
[23049 23156]
[23157 23207]
[23208 23677]
[23678 23738]
[23739 23809]
[23810 23872]
[23873 23925]
[23926 24036]
[24037 24089]
[24090 24219]
[24220 24343]
[24344 24419]
[24420 24474]
[24475 24517]
[24518 24579]
[24580 25123]
[25124 25233]
[25234 25308]
[25309 25389]
[25390 25475]
[25476 25510]
[25511 25575]
[25576 25648]
[25649 25700]
[25701 25772]
[25773 25865]
[25866 25923]
[25924 25983]
[25984 26068]
[26069 26133]
[26134 26181]
[26182 26258]
[26259 26333]
[26334 26398]
[26399 26703]
[26704 26800]
[26801 26890]
[26891 26960]
[26961 27032]
[27033 27126]
[27127 27206]
[27207 27267]
[27268 27391]
[27392 27495]
[27496 27556]
[27557 27632]
[27633 27727]
[27728 27806]
[27807 27887]
[27888 27965]
[27966 28047]
[28048 28103]
[28104 28155]
[28156 28508]
[28509 28580]
[28581 28675]
[28676 28812]
[28813 28932]
[28933 29027]
[29028 29062]
[29063 29117]
[29118 29436]
[29438 29526]
[29527 29713]
[29714 29809]
[29810 29916]
[29917 30065]
[30066 30446]
[30447 30664]
[30665 30867]
[30868 31095]
[31096 31187]
[31188 31332]
[31333 31670]
[31671 31734]
[31735 31873]
[31874 31945]
[31946 32012]
[32013 32091]
[32092 32176]
[32177 32217]
[32218 32271]
[32272 32296]
[32297 32330]
[32331 32684]
[32685 32773]
