[0 7]
[8 29]
[31 279]
[280 333]
[334 361]
[362 387]
[388 416]
[417 438]
[439 460]
[461 488]
[489 520]
[521 552]
[553 584]
[585 617]
[618 646]
[647 675]
[676 710]
[711 790]
[791 825]
[826 915]
[916 1290]
[1291 1372]
[1373 1454]
[1455 1560]
[1561 1618]
[1619 1668]
[1669 1723]
[1724 1783]
[1784 1833]
[1834 1909]
[1910 1947]
[1948 2003]
[2004 2063]
[2064 2100]
[2101 2144]
[2145 2196]
[2197 2301]
[2302 2334]
[2335 2370]
[2371 2421]
[2422 2536]
[2537 2604]
[2605 2660]
[2661 2735]
[2736 2795]
[2796 2859]
[2860 3254]
[3255 3291]
[3292 3361]
[3362 3416]
[3417 3434]
[3435 3480]
[3481 3504]
[3505 3540]
[3541 3582]
[3583 3611]
[3612 3659]
[3660 3798]
[3799 3873]
[3874 4120]
[4121 4197]
[4198 4265]
[4266 4391]
[4392 4464]
[4465 4522]
[4523 4581]
[4582 4588]
[4589 4867]
[4868 4948]
[4949 5006]
[5007 5055]
[5056 5113]
[5114 5162]
[5163 5299]
[5300 5345]
[5346 5392]
[5393 5413]
[5414 5499]
[5500 5550]
[5551 5596]
[5597 5649]
[5650 5696]
[5697 5725]
[5726 5795]
[5796 5841]
[5842 5908]
[5909 5987]
[5988 6015]
[6016 6090]
[6091 6147]
[6148 6189]
[6190 6261]
[6262 6682]
[6683 6708]
[6709 6761]
[6762 6802]
[6803 6840]
[6841 6892]
[6893 6988]
[6989 7059]
[7060 7101]
[7102 7162]
[7163 7226]
[7227 7310]
[7311 7385]
[7386 7448]
[7449 7508]
[7509 7564]
[7565 7642]
[7643 7708]
[7709 7728]
[7729 7775]
[7776 7814]
[7815 7867]
[7868 7901]
[7902 7929]
[7930 7985]
[7986 8414]
[8415 8440]
[8441 8738]
[8739 8809]
[8810 8881]
[8882 8954]
[8955 8956]
[8957 9094]
[9095 9167]
[9168 9214]
[9215 9267]
[9268 9318]
[9319 9342]
[9343 9447]
[9448 9511]
[9512 9554]
[9555 9636]
[9637 9729]
[9730 9864]
[9865 9914]
[9915 9964]
[9965 10052]
[10053 10109]
[10110 10150]
[10151 10178]
[10179 10201]
[10202 10241]
[10242 10266]
[10267 10289]
[10290 10322]
[10323 10347]
[10348 10372]
[10373 10392]
[10393 10422]
[10423 10444]
[10445 10555]
[10556 10925]
[10926 11143]
[11144 11278]
[11279 11401]
[11402 11510]
[11511 11600]
[11601 11700]
[11701 11787]
[11788 11859]
[11860 11993]
[11994 12087]
[12088 12151]
[12152 12207]
[12208 12477]
[12478 12621]
[12622 12669]
[12670 12736]
[12737 12943]
[12944 13023]
[13024 13100]
[13101 13161]
[13162 13211]
[13212 13265]
[13266 13406]
[13407 13441]
[13442 13611]
[13612 13716]
[13717 13812]
[13813 14056]
[14057 14152]
[14153 14260]
[14261 14393]
[14394 14499]
[14500 14707]
[14708 14816]
[14817 14919]
[14920 15092]
[15093 15594]
[15595 15648]
[15649 15772]
[15773 15897]
[15898 15925]
[15926 15982]
[15983 16104]
[16105 16233]
[16234 16255]
[16256 16459]
[16460 16572]
[16573 16647]
[16648 16773]
[16774 16809]
[16810 16856]
[16857 17212]
[17213 17295]
[17296 17347]
[17348 17409]
[17410 17463]
[17464 17509]
[17510 17542]
[17543 17634]
[17635 17678]
[17679 17739]
[17740 17775]
[17776 17839]
[17840 17893]
[17894 17936]
[17937 17967]
[17968 18044]
[18045 18079]
[18080 18108]
[18109 18136]
[18137 18204]
[18205 18235]
[18236 18269]
[18270 18312]
[18313 18456]
[18457 18509]
[18510 18574]
[18575 18914]
[18915 18987]
[18988 19033]
[19034 19125]
[19126 19169]
[19170 19232]
[19233 19291]
[19292 19302]
[19303 19387]
[19388 19582]
[19583 19625]
[19626 19644]
[19645 19693]
[19694 19729]
[19730 19830]
[19831 19885]
[19886 19930]
[19931 20016]
[20017 20092]
[20093 20176]
[20177 20241]
[20242 20282]
[20283 20317]
[20318 20477]
[20478 20536]
[20537 20605]
[20606 20659]
[20660 20716]
[20717 20741]
[20742 20782]
[20783 20798]
[20799 20861]
[20862 20888]
[20889 20979]
[20980 21297]
[21298 21349]
[21350 21476]
[21477 21626]
[21627 21691]
[21692 21984]
[21985 22321]
[22322 22507]
[22508 22776]
[22777 23029]
[23030 23311]
[23312 23489]
[23490 23660]
[23661 23691]
[23692 23747]
[23748 23998]
[23999 24068]
[24069 24135]
[24136 24209]
[24210 24276]
[24277 24416]
[24417 24482]
[24483 24550]
[24551 24615]
[24616 24678]
[24679 24740]
[24741 24800]
[24801 24857]
[24858 24917]
[24918 24982]
[24983 25036]
[25037 25103]
[25104 25525]
[25526 25572]
[25573 25593]
[25594 25667]
[25668 25709]
[25710 25762]
[25763 25807]
[25808 25882]
[25883 25945]
[25946 25988]
[25989 26050]
[26051 26134]
[26135 26179]
[26180 26268]
[26269 26302]
[26303 26384]
[26385 26466]
[26467 26505]
[26506 26531]
[26532 26816]
[26817 26921]
[26922 26982]
[26983 27084]
[27085 27322]
[27323 27366]
[27367 27421]
[27422 27441]
[27442 27579]
[27580 27619]
[27620 27747]
[27748 27793]
[27794 27853]
[27854 27990]
[27991 28570]
[28572 28670]
