[0 8]
[9 54]
[57 385]
[386 441]
[442 477]
[478 507]
[508 535]
[536 568]
[569 600]
[601 634]
[635 664]
[665 692]
[693 760]
[761 817]
[818 925]
[926 1020]
[1021 1677]
[1678 1754]
[1755 1816]
[1817 1881]
[1882 1992]
[1993 2016]
[2017 2052]
[2053 2100]
[2101 2154]
[2155 2206]
[2207 2258]
[2259 2298]
[2299 2453]
[2454 2504]
[2505 2617]
[2618 2701]
[2702 2735]
[2736 2769]
[2770 2820]
[2821 2866]
[2867 2922]
[2923 2986]
[2987 3057]
[3058 3114]
[3115 3164]
[3165 3184]
[3185 3226]
[3227 3660]
[3661 3699]
[3700 3761]
[3762 3843]
[3844 3914]
[3915 3969]
[3970 4006]
[4007 4038]
[4039 4124]
[4125 4162]
[4163 4297]
[4298 4383]
[4384 4424]
[4425 4552]
[4553 4658]
[4659 4738]
[4739 4856]
[4857 4937]
[4938 4998]
[4999 5054]
[5055 5113]
[5114 5572]
[5573 5645]
[5646 5708]
[5709 5778]
[5779 6064]
[6065 6121]
[6122 6173]
[6174 6234]
[6235 6272]
[6273 6318]
[6319 6458]
[6459 6487]
[6488 6564]
[6565 6629]
[6630 6732]
[6733 6802]
[6803 6878]
[6879 6954]
[6955 6997]
[6998 7030]
[7031 7568]
[7569 7615]
[7616 7674]
[7675 7704]
[7705 7750]
[7751 7786]
[7787 7831]
[7832 7886]
[7887 7943]
[7944 7984]
[7985 8020]
[8021 8048]
[8049 8086]
[8087 8294]
[8295 8411]
[8412 8452]
[8453 8468]
[8469 8484]
[8485 8512]
[8513 8553]
[8554 8592]
[8593 8736]
[8737 8883]
[8884 8945]
[8946 9005]
[9006 9066]
[9067 9128]
[9129 9540]
[9542 9608]
[9609 9666]
[9667 9718]
[9719 9779]
[9780 9849]
[9850 9908]
[9909 9930]
[9931 10001]
[10002 10038]
[10039 10097]
[10098 10148]
[10149 10451]
[10452 10485]
[10486 10521]
[10522 10564]
[10565 10597]
[10598 10639]
[10640 10678]
[10679 10718]
[10719 10758]
[10759 10867]
[10868 10950]
[10951 10989]
[10990 11035]
[11036 11161]
[11162 11218]
[11219 11259]
[11260 11300]
[11301 11341]
[11342 11400]
[11401 11446]
[11447 11486]
[11487 11524]
[11525 11597]
[11598 12083]
[12084 12242]
[12243 12482]
[12483 12714]
[12715 12789]
[12790 12871]
[12872 12953]
[12954 13035]
[13036 13126]
[13127 13224]
[13225 13284]
[13285 13339]
[13340 13515]
[13516 13622]
[13623 13702]
[13703 13808]
[13809 13892]
[13893 13972]
[13973 14052]
[14053 14219]
[14220 14334]
[14335 14402]
[14403 14501]
[14502 14668]
[14669 14866]
[14867 15272]
[15273 15371]
[15372 15417]
[15418 15467]
[15468 15516]
[15517 15652]
[15653 15860]
[15861 16011]
[16012 16115]
[16117 16168]
[16169 16203]
[16204 16250]
[16251 16370]
[16371 16421]
[16422 16472]
[16473 16518]
[16519 16569]
[16570 16603]
[16604 16652]
[16653 17013]
[17014 17059]
[17060 17122]
[17123 17200]
[17201 17298]
[17299 17406]
[17407 17471]
[17472 17613]
[17614 17648]
[17649 17680]
[17681 17821]
[17822 17903]
[17904 18054]
[18055 18212]
[18213 18257]
[18258 18305]
[18306 18349]
[18350 18396]
[18397 18450]
[18451 18482]
[18483 18536]
[18537 18582]
[18583 18827]
[18829 18951]
[18952 18985]
[18986 19058]
[19059 19106]
[19107 19280]
[19281 19396]
[19397 19467]
[19468 19537]
[19538 19585]
[19586 19610]
[19611 19761]
[19762 19892]
[19893 20098]
[20099 20154]
[20155 20194]
[20195 20236]
[20237 20278]
[20279 20372]
[20373 20437]
[20438 20534]
[20535 20858]
[20859 21607]
[21608 21640]
[21641 21677]
[21678 21729]
[21730 21762]
[21763 21846]
[21847 21901]
[21902 21972]
[21973 22228]
[22229 22772]
[22773 22833]
[22834 22875]
[22876 22898]
[22899 22925]
[22926 22970]
[22971 23014]
[23015 23065]
[23066 23100]
[23101 23150]
[23151 23200]
[23201 23361]
[23362 23462]
[23463 23700]
[23701 23936]
[23937 24407]
[24408 24580]
[24581 24744]
[24745 24871]
[24872 24978]
[24979 25069]
[25070 25130]
[25131 25205]
[25206 25503]
[25504 25574]
[25575 25641]
[25642 25697]
[25698 25748]
[25749 25821]
[25822 25897]
[25898 25979]
[25980 26027]
[26028 26087]
[26088 26155]
[26156 26307]
[26308 26374]
[26375 26427]
[26428 26480]
[26481 26535]
[26536 26720]
[26721 26850]
[26851 26939]
[26940 26989]
[26990 27057]
[27058 27100]
[27101 27139]
[27140 27190]
[27191 27236]
[27237 27280]
[27281 27304]
[27305 27346]
[27347 27375]
[27376 27424]
[27425 27470]
[27471 27511]
[27512 27540]
[27541 27570]
[27571 27613]
[27614 27870]
[27871 28094]
[28095 28279]
[28280 28437]
[28438 28526]
[28527 28639]
[28640 28758]
[28759 28903]
[28904 28981]
[28982 29328]
[29329 29378]
[29379 29432]
[29433 29483]
[29484 29513]
[29514 29574]
[29575 29665]
[29666 29705]
[29706 29796]
[29797 29851]
[29852 29960]
[29961 30051]
[30052 30124]
[30125 30264]
[30265 30449]
[30450 30519]
[30520 30599]
[30600 30697]
[30698 30805]
[30806 30985]
[30986 31094]
[31095 31166]
[31167 31235]
[31236 31342]
[31343 31494]
[31495 31581]
[31582 31703]
[31704 31768]
[31769 31877]
[31878 31980]
[31981 32134]
[32135 32571]
[32572 32652]
