[0 9]
[10 44]
[45 282]
[283 343]
[344 374]
[375 405]
[406 436]
[437 470]
[471 501]
[502 532]
[533 563]
[564 594]
[595 625]
[626 656]
[657 687]
[688 719]
[720 750]
[751 781]
[782 812]
[813 843]
[844 918]
[919 1137]
[1138 1243]
[1244 1335]
[1336 1622]
[1623 1730]
[1731 1781]
[1782 1933]
[1934 2002]
[2003 2491]
[2492 2560]
[2561 2618]
[2619 2691]
[2692 2742]
[2743 2780]
[2781 2843]
[2844 2917]
[2918 2987]
[2988 3027]
[3028 3077]
[3078 3145]
[3146 3202]
[3203 3258]
[3259 3320]
[3321 3360]
[3361 3627]
[3628 3672]
[3673 3720]
[3721 3783]
[3784 3826]
[3827 3870]
[3871 3947]
[3948 3988]
[3989 4051]
[4052 4137]
[4138 4174]
[4175 4614]
[4615 4664]
[4665 4739]
[4740 4823]
[4824 4855]
[4856 4915]
[4916 4962]
[4963 4990]
[4991 5063]
[5064 5141]
[5142 5191]
[5192 5266]
[5267 5342]
[5343 5361]
[5362 5435]
[5436 5464]
[5465 5512]
[5513 5550]
[5551 5578]
[5579 6049]
[6050 6125]
[6126 6155]
[6156 6188]
[6189 6215]
[6216 6268]
[6269 6310]
[6311 6396]
[6397 6414]
[6415 6447]
[6448 6600]
[6601 6664]
[6665 6731]
[6732 6800]
[6801 6862]
[6863 6881]
[6882 6934]
[6935 6970]
[6971 7002]
[7003 7037]
[7038 7063]
[7064 7091]
[7092 7119]
[7120 7800]
[7801 7840]
[7841 7954]
[7955 8003]
[8004 8029]
[8030 8115]
[8116 8174]
[8175 8214]
[8215 8259]
[8260 8317]
[8318 8352]
[8353 8528]
[8529 8570]
[8571 8617]
[8618 8659]
[8660 8704]
[8705 8756]
[8757 8795]
[8796 8898]
[8899 8949]
[8950 8998]
[8999 9112]
[9113 9174]
[9175 9231]
[9232 9266]
[9267 9296]
[9297 9333]
[9334 9393]
[9394 9677]
[9679 9810]
[9812 9935]
[9937 10061]
[10062 10185]
[10186 10293]
[10294 10329]
[10330 10401]
[10402 10437]
[10438 10473]
[10474 10509]
[10510 10545]
[10546 10581]
[10582 10617]
[10618 10653]
[10654 10740]
[10741 11102]
[11103 11283]
[11284 11524]
[11525 11651]
[11652 11740]
[11741 11932]
[11933 12156]
[12157 12504]
[12505 12565]
[12566 12669]
[12670 12718]
[12719 12748]
[12749 12834]
[12835 12917]
[12918 12987]
[12988 13024]
[13025 13075]
[13076 13133]
[13134 13179]
[13180 13247]
[13248 13300]
[13301 13408]
[13409 13741]
[13742 13865]
[13866 13970]
[13971 14080]
[14081 14197]
[14198 14226]
[14227 14416]
[14417 14483]
[14484 14544]
[14545 14594]
[14595 14668]
[14669 15157]
[15158 15205]
[15206 15264]
[15265 15308]
[15309 15352]
[15353 15404]
[15405 15439]
[15440 15476]
[15477 15503]
[15504 15536]
[15537 15683]
[15684 15735]
[15736 15782]
[15783 15829]
[15830 15892]
[15893 16022]
[16023 16079]
[16080 16129]
[16130 16185]
[16186 16559]
[16560 16642]
[16643 16711]
[16712 16751]
[16752 16809]
[16810 16868]
[16869 16960]
[16961 17047]
[17048 17158]
[17159 17211]
[17212 17319]
[17320 17605]
[17606 17678]
[17679 17720]
[17721 17800]
[17801 17902]
[17903 17946]
[17947 18283]
[18285 18375]
[18376 18434]
[18435 18494]
[18495 18545]
[18546 18607]
[18608 18675]
[18676 18839]
[18840 18937]
[18938 19017]
[19018 19098]
[19099 19158]
[19159 19298]
[19299 19389]
[19390 19592]
[19593 19628]
[19629 19664]
[19665 19700]
[19701 19736]
[19737 19772]
[19773 19808]
[19809 19844]
[19845 19880]
[19881 19916]
[19917 19952]
[19953 20025]
[20026 20648]
[20649 20797]
[20798 20918]
[20919 21090]
[21091 21180]
[21181 21305]
[21306 21518]
[21519 21647]
[21648 21761]
[21762 21843]
[21844 22126]
[22127 22222]
[22223 22298]
[22299 22380]
[22381 22442]
[22443 22515]
[22516 22582]
[22583 22606]
[22607 22705]
[22706 22806]
[22807 23253]
[23254 23495]
[23496 23574]
[23575 23684]
[23685 23898]
[23899 24018]
[24019 24128]
[24129 24192]
[24193 24256]
[24257 24588]
[24589 24620]
[24621 24654]
[24655 24687]
[24688 24725]
[24726 24824]
[24825 24866]
[24867 24894]
[24895 24981]
[24982 25012]
[25013 25066]
[25067 25133]
[25134 25208]
[25209 25276]
[25277 25316]
[25317 25376]
[25377 25441]
[25442 25516]
[25517 25591]
[25592 25645]
[25646 26140]
[26141 26204]
[26205 26258]
[26259 26337]
[26338 26391]
[26392 26451]
[26452 26512]
[26513 26566]
[26567 26611]
[26612 26657]
[26658 26700]
[26701 26756]
[26757 26825]
[26826 26875]
[26876 26926]
[26927 26993]
[26994 27053]
[27054 27110]
[27111 27155]
[27156 27215]
[27216 27278]
[27279 27325]
[27326 27368]
[27369 27416]
[27417 27468]
[27469 27504]
[27505 27832]
[27833 27896]
[27897 27933]
[27934 27988]
[27989 28039]
[28040 28098]
[28099 28160]
[28161 28196]
[28197 28236]
[28237 28339]
[28340 28363]
[28364 28412]
[28413 28458]
[28459 28510]
[28511 28668]
[28669 28702]
[28703 28762]
[28763 28834]
[28835 28885]
[28886 28944]
[28945 28997]
[28998 29034]
[29035 29076]
[29077 29114]
[29115 29417]
[29419 29489]
[29490 29592]
[29593 29706]
[29707 29755]
[29756 29884]
[29885 30023]
[30024 30198]
[30199 30275]
[30276 30363]
[30364 30455]
[30456 30579]
[30580 30964]
[30965 31087]
[31088 31204]
[31205 31269]
[31270 31339]
[31340 31470]
[31471 31571]
[31572 31637]
[31638 31819]
[31820 31936]
[31937 32044]
[32045 32272]
[32273 32473]
[32474 32563]
