[0 7]
[8 30]
[31 383]
[384 448]
[449 491]
[492 542]
[543 577]
[578 604]
[605 646]
[647 674]
[675 702]
[703 751]
[752 785]
[786 824]
[825 877]
[878 910]
[911 944]
[945 1023]
[1024 2317]
[2319 2374]
[2375 2437]
[2438 2481]
[2482 2536]
[2537 2607]
[2608 2655]
[2656 2692]
[2693 2733]
[2734 2859]
[2860 2879]
[2880 2945]
[2946 3007]
[3008 3049]
[3050 3058]
[3059 3165]
[3166 3210]
[3211 3272]
[3273 3361]
[3362 3406]
[3407 3472]
[3473 3502]
[3503 3556]
[3557 3652]
[3653 3722]
[3723 3753]
[3754 3830]
[3831 3879]
[3880 4139]
[4140 4229]
[4230 4319]
[4320 4435]
[4436 4480]
[4481 4546]
[4547 4605]
[4606 4654]
[4655 4804]
[4805 4877]
[4878 4973]
[4974 5021]
[5022 5070]
[5071 5120]
[5121 5197]
[5198 5243]
[5244 5289]
[5290 5332]
[5333 5373]
[5374 5416]
[5417 5453]
[5454 5502]
[5503 5818]
[5819 5892]
[5893 5948]
[5949 5987]
[5988 6057]
[6058 6130]
[6131 6185]
[6186 6244]
[6245 6314]
[6315 6367]
[6368 6434]
[6435 6485]
[6486 6559]
[6560 6635]
[6636 6661]
[6662 6732]
[6733 6781]
[6782 6819]
[6820 7247]
[7248 7321]
[7322 7388]
[7389 7428]
[7429 7470]
[7471 7504]
[7505 7537]
[7538 7607]
[7608 7639]
[7640 7662]
[7663 7696]
[7697 7715]
[7716 7771]
[7772 7813]
[7814 7850]
[7851 7898]
[7899 7933]
[7934 7964]
[7965 7990]
[7991 8008]
[8009 8092]
[8093 8156]
[8157 8198]
[8199 8224]
[8225 8247]
[8248 8333]
[8334 8439]
[8440 8543]
[8544 8658]
[8659 8771]
[8772 8825]
[8826 8880]
[8881 8935]
[8936 9010]
[9011 9062]
[9063 9109]
[9110 9168]
[9169 9263]
[9264 9759]
[9760 9842]
[9843 9959]
[9960 9999]
[10000 10109]
[10110 10152]
[10153 10204]
[10205 10235]
[10236 10349]
[10350 10565]
[10566 10630]
[10631 10717]
[10718 10774]
[10775 10840]
[10841 10896]
[10897 10937]
[10938 10974]
[10975 11279]
[11280 11344]
[11345 11377]
[11378 11413]
[11414 11478]
[11479 11503]
[11504 11564]
[11565 11657]
[11658 11724]
[11725 11782]
[11783 11835]
[11836 11932]
[11933 12036]
[12037 12163]
[12164 12246]
[12247 12558]
[12559 12647]
[12648 12713]
[12714 12842]
[12843 12880]
[12881 13019]
[13020 13099]
[13100 13171]
[13172 13302]
[13303 13812]
[13813 13901]
[13902 13986]
[13987 14059]
[14060 14144]
[14145 14213]
[14214 14288]
[14289 14369]
[14370 14427]
[14428 14481]
[14482 14501]
[14502 14622]
[14623 14719]
[14720 14825]
[14826 14956]
[14957 15072]
[15073 15167]
[15168 15289]
[15290 15581]
[15582 15623]
[15624 15679]
[15680 15752]
[15753 15822]
[15823 15901]
[15902 15945]
[15946 15983]
[15984 16036]
[16037 16100]
[16101 16272]
[16273 16401]
[16402 16448]
[16449 16535]
[16536 16630]
[16631 16687]
[16688 16742]
[16743 16781]
[16782 16831]
[16832 16873]
[16874 16924]
[16925 17005]
[17006 17123]
[17124 17708]
[17709 17762]
[17763 17821]
[17822 17885]
[17886 17952]
[17953 18091]
[18092 18129]
[18130 18188]
[18189 18370]
[18371 18430]
[18431 18505]
[18506 18562]
[18563 18588]
[18589 18620]
[18621 18670]
[18671 18711]
[18712 18752]
[18753 18813]
[18814 18860]
[18861 18895]
[18896 18922]
[18923 18966]
[18967 19024]
[19025 19047]
[19048 19113]
[19114 19161]
[19162 19423]
[19424 19503]
[19504 19586]
[19587 19673]
[19674 19756]
[19757 19840]
[19841 19924]
[19925 20014]
[20015 20103]
[20104 20190]
[20191 20278]
[20279 20348]
[20349 20421]
[20422 20514]
[20515 20603]
[20604 20700]
[20701 20791]
[20792 21052]
[21053 21176]
[21177 21230]
[21231 21293]
[21294 21348]
[21349 21393]
[21394 21471]
[21472 21505]
[21506 21562]
[21563 21617]
[21618 21703]
[21704 21757]
[21758 21796]
[21797 21823]
[21824 21905]
[21906 22198]
[22199 22351]
[22352 22442]
[22443 22537]
[22538 22566]
[22567 22667]
[22668 22719]
[22720 22808]
[22809 22870]
[22871 22910]
[22911 23035]
[23036 23441]
[23442 23507]
[23508 23608]
[23609 23691]
[23692 23745]
[23746 23924]
[23925 24033]
[24034 24149]
[24150 24338]
[24339 24433]
[24434 24635]
[24636 24919]
[24920 25384]
[25385 25448]
[25449 25577]
[25578 25715]
[25716 25759]
[25760 25824]
[25825 25888]
[25889 25949]
[25950 26001]
[26002 26177]
[26178 26338]
[26339 26384]
[26386 26421]
[26422 26483]
[26484 26547]
[26548 26605]
[26607 26666]
[26667 26751]
[26752 26865]
[26866 26926]
[26927 27082]
[27084 27184]
[27185 27273]
[27274 27360]
[27361 27480]
[27481 27673]
[27674 27785]
[27786 27958]
[27959 28100]
[28101 28118]
[28119 28165]
[28166 28210]
[28211 28359]
[28360 28392]
[28393 28458]
[28459 28516]
[28517 28566]
[28567 28615]
[28616 28667]
[28668 28728]
[28729 29009]
[29010 29038]
[29039 29156]
[29157 29245]
[29246 29408]
[29409 29539]
[29540 29732]
[29733 29770]
[29771 29801]
[29802 30001]
[30002 30071]
[30072 30121]
[30122 30263]
[30264 30337]
[30338 30412]
[30413 30947]
[30948 31118]
[31119 31193]
[31194 31277]
[31278 31340]
[31341 31418]
[31419 31479]
[31480 31527]
[31528 31609]
[31610 31685]
[31686 31928]
[31929 32028]
