[0 8]
[9 40]
[41 364]
[365 407]
[408 441]
[442 531]
[532 571]
[572 655]
[656 697]
[698 801]
[802 848]
[849 939]
[940 1367]
[1368 1421]
[1422 1539]
[1540 1637]
[1638 1713]
[1714 1790]
[1791 1862]
[1863 1894]
[1895 1943]
[1944 2023]
[2024 2078]
[2079 2162]
[2163 2268]
[2269 2329]
[2330 2377]
[2378 2428]
[2429 2484]
[2485 2533]
[2534 2724]
[2725 2813]
[2814 2881]
[2882 2922]
[2923 3387]
[3388 3461]
[3462 3510]
[3511 3564]
[3565 3623]
[3624 3674]
[3675 3724]
[3725 3769]
[3770 3868]
[3869 3927]
[3928 3978]
[3979 4010]
[4011 4061]
[4062 4173]
[4174 4276]
[4277 4320]
[4321 4379]
[4380 4415]
[4416 4447]
[4448 4487]
[4488 4578]
[4579 4665]
[4666 4715]
[4716 4763]
[4764 4794]
[4795 5127]
[5128 5198]
[5199 5246]
[5247 5302]
[5303 5345]
[5346 5385]
[5386 5443]
[5444 5504]
[5505 5555]
[5556 5738]
[5739 5808]
[5809 5867]
[5868 5973]
[5974 6112]
[6113 6336]
[6337 6415]
[6416 6458]
[6459 6792]
[6793 6849]
[6850 6899]
[6900 6955]
[6956 7023]
[7024 7095]
[7096 7128]
[7129 7378]
[7379 7414]
[7415 7438]
[7439 7481]
[7482 7519]
[7520 7662]
[7663 7871]
[7872 7925]
[7926 7967]
[7968 8001]
[8002 8054]
[8055 8098]
[8099 8170]
[8171 8216]
[8217 8248]
[8249 8277]
[8278 8351]
[8352 8695]
[8697 8795]
[8796 8865]
[8866 8948]
[8949 9017]
[9018 9098]
[9099 9189]
[9190 9302]
[9303 9397]
[9398 9493]
[9494 9587]
[9588 9648]
[9649 9691]
[9692 9818]
[9819 9887]
[9888 9945]
[9946 9981]
[9982 10077]
[10078 10127]
[10128 10173]
[10174 10431]
[10432 11500]
[11501 11571]
[11572 11940]
[11941 12020]
[12021 12100]
[12101 12262]
[12263 12315]
[12316 12335]
[12336 12391]
[12392 12419]
[12420 12457]
[12458 12515]
[12516 12547]
[12548 12587]
[12588 12622]
[12623 12664]
[12665 12714]
[12715 12892]
[12893 12910]
[12911 13018]
[13019 13080]
[13081 13120]
[13121 13149]
[13150 13208]
[13209 13267]
[13268 13301]
[13302 13331]
[13332 13394]
[13395 13433]
[13434 13510]
[13511 13542]
[13543 13602]
[13603 13649]
[13650 13691]
[13692 13735]
[13736 13782]
[13783 13823]
[13824 13863]
[13864 13910]
[13911 13947]
[13948 14049]
[14051 14374]
[14375 14496]
[14497 14603]
[14604 14695]
[14696 14870]
[14871 14940]
[14941 15148]
[15149 15219]
[15220 15275]
[15276 15321]
[15322 15403]
[15404 15513]
[15514 15591]
[15592 15682]
[15683 16014]
[16015 16202]
[16203 16334]
[16335 16453]
[16454 16595]
[16596 16702]
[16703 16815]
[16816 17004]
[17005 17041]
[17042 17131]
[17132 17506]
[17507 17557]
[17558 17630]
[17631 17691]
[17692 17783]
[17784 17913]
[17914 17974]
[17975 18057]
[18058 18118]
[18119 18195]
[18196 18309]
[18310 18483]
[18484 18562]
[18563 18607]
[18608 18671]
[18672 18738]
[18739 18821]
[18822 18891]
[18892 18925]
[18926 19195]
[19196 19244]
[19245 19325]
[19326 19372]
[19373 19421]
[19422 19460]
[19461 19505]
[19506 19538]
[19539 19599]
[19600 19685]
[19686 19746]
[19747 19817]
[19818 19882]
[19883 19954]
[19955 20023]
[20024 20096]
[20097 20118]
[20119 20151]
[20152 20164]
[20165 20204]
[20205 20238]
[20239 20275]
[20276 20323]
[20324 20363]
[20364 20636]
[20637 20667]
[20668 20728]
[20729 20789]
[20790 20842]
[20843 20937]
[20938 20978]
[20979 21006]
[21007 21044]
[21045 21105]
[21106 21155]
[21156 21201]
[21202 21232]
[21233 21292]
[21293 21346]
[21347 21391]
[21392 21429]
[21430 21476]
[21477 21534]
[21535 21570]
[21571 21604]
[21605 21669]
[21670 21714]
[21715 21777]
[21778 21813]
[21814 21838]
[21839 21857]
[21858 21975]
[21976 22344]
[22345 22439]
[22440 22491]
[22492 22581]
[22582 22622]
[22623 22710]
[22711 22773]
[22774 22846]
[22847 22906]
[22907 22960]
[22961 23035]
[23036 23102]
[23103 23172]
[23173 23227]
[23228 23248]
[23249 23537]
[23538 23744]
[23745 23787]
[23788 23858]
[23859 23887]
[23888 23975]
[23976 24066]
[24067 24156]
[24157 24173]
[24174 24180]
[24181 24261]
[24262 24310]
[24311 24386]
[24387 24454]
[24455 24560]
[24561 24607]
[24608 24675]
[24676 24756]
[24757 24878]
[24879 24926]
[24927 24970]
[24971 24990]
[24991 25307]
[25308 25404]
[25405 25450]
[25451 25491]
[25492 25532]
[25533 25564]
[25565 25617]
[25618 25666]
[25667 25764]
[25765 25793]
[25794 25844]
[25845 25914]
[25915 25972]
[25973 26032]
[26033 26101]
[26102 26374]
[26375 26459]
[26460 26538]
[26539 26617]
[26618 26707]
[26708 26814]
[26815 26887]
[26888 26971]
[26972 27027]
[27028 27103]
[27104 27258]
[27259 27303]
[27304 27353]
[27354 27769]
[27770 27882]
[27883 27975]
[27976 28069]
[28070 28258]
[28259 28371]
[28372 28506]
[28507 28602]
[28603 28707]
[28708 28800]
[28801 28974]
[28975 29215]
[29216 29399]
[29400 29492]
[29493 29535]
[29536 29581]
[29582 29695]
[29696 29750]
[29751 29957]
[29958 30022]
[30023 30085]
[30086 30206]
[30207 30282]
[30283 30432]
[30433 30490]
[30491 30524]
[30525 30548]
[30549 30709]
[30710 30735]
[30736 30770]
[30771 30799]
[30800 30824]
[30825 30900]
[30901 31079]
[31080 31262]
[31263 31297]
[31298 31329]
[31330 31370]
[31371 31403]
[31404 31613]
[31614 31684]
[31685 31756]
[31757 31815]
[31816 31921]
[31922 32019]
[32020 32129]
[32130 32195]
[32196 32328]
[32329 32386]
[32387 32492]
[32493 32568]
[32569 32643]
[32644 32728]
[32729 32783]
[32784 32918]
[32919 33011]
[33012 33084]
[33085 33123]
[33124 33213]
[33214 33268]
[33269 33425]
[33426 33535]
[33536 33621]
[33622 33786]
[33787 34029]
[34030 34130]
[34131 34220]
[34221 34346]
[34347 34419]
[34420 34467]
[34468 34505]
[34506 34565]
[34566 35061]
[35062 35146]
