[0 7]
[8 54]
[55 333]
[334 393]
[394 435]
[436 488]
[489 521]
[522 564]
[565 606]
[607 643]
[644 731]
[732 1061]
[1062 1110]
[1111 1145]
[1146 1177]
[1178 1245]
[1246 1279]
[1280 1311]
[1312 1348]
[1349 1506]
[1507 1546]
[1547 1607]
[1608 1646]
[1647 1711]
[1712 1764]
[1765 1903]
[1904 2170]
[2171 2280]
[2281 2332]
[2333 2404]
[2405 2444]
[2445 2505]
[2506 2551]
[2552 2589]
[2590 2642]
[2643 2676]
[2677 2729]
[2730 2778]
[2779 3098]
[3099 3144]
[3145 3209]
[3210 3300]
[3301 3371]
[3372 3425]
[3426 3471]
[3472 3517]
[3518 3620]
[3621 3732]
[3733 3851]
[3852 3899]
[3900 3933]
[3934 3979]
[3980 4066]
[4067 4134]
[4135 4217]
[4218 4288]
[4289 4374]
[4375 4452]
[4453 4537]
[4538 4611]
[4612 5145]
[5146 5182]
[5183 5223]
[5224 5279]
[5280 5367]
[5368 5436]
[5437 5518]
[5519 5539]
[5540 5572]
[5573 5606]
[5607 5639]
[5640 5673]
[5674 5707]
[5708 5727]
[5728 5743]
[5744 5799]
[5800 5919]
[5920 5959]
[5960 6013]
[6014 6072]
[6073 6097]
[6098 6155]
[6156 6259]
[6260 6355]
[6356 6380]
[6381 6477]
[6478 6991]
[6992 7046]
[7047 7126]
[7127 7300]
[7301 7321]
[7322 7385]
[7386 7425]
[7426 7474]
[7475 7521]
[7522 7542]
[7543 7596]
[7597 7614]
[7615 7676]
[7677 7745]
[7746 7814]
[7815 7874]
[7875 7924]
[7925 7971]
[7972 7978]
[7979 8365]
[8367 8440]
[8441 8471]
[8472 8535]
[8536 8624]
[8625 8747]
[8748 8906]
[8907 8982]
[8984 8985]
[8986 9080]
[9081 9243]
[9244 9453]
[9454 9542]
[9543 9601]
[9602 9639]
[9640 9724]
[9725 9817]
[9818 9893]
[9894 9962]
[9963 10001]
[10002 10352]
[10353 10384]
[10385 10437]
[10438 10523]
[10524 10589]
[10590 10631]
[10632 10668]
[10669 10743]
[10744 10798]
[10799 10846]
[10847 10981]
[10982 11116]
[11117 11179]
[11180 11350]
[11351 11773]
[11774 11856]
[11857 11943]
[11944 12026]
[12027 12095]
[12096 12181]
[12182 12318]
[12319 12417]
[12418 12484]
[12485 12581]
[12582 12668]
[12669 12753]
[12754 12861]
[12862 12970]
[12971 13050]
[13051 13138]
[13139 13234]
[13235 13341]
[13342 13571]
[13572 13615]
[13616 13645]
[13646 13678]
[13679 13717]
[13718 13755]
[13756 13813]
[13814 13845]
[13846 13964]
[13965 13994]
[13995 14018]
[14019 14113]
[14114 14205]
[14206 14237]
[14238 14291]
[14292 14340]
[14341 14370]
[14371 14406]
[14407 14454]
[14455 14509]
[14510 14559]
[14560 14655]
[14656 14705]
[14706 14729]
[14730 14784]
[14785 14819]
[14820 14837]
[14838 14878]
[14879 14952]
[14953 14972]
[14973 15087]
[15088 15151]
[15152 15198]
[15199 15233]
[15234 15269]
[15270 15316]
[15317 15378]
[15379 15433]
[15434 15526]
[15527 15775]
[15776 16172]
[16173 16615]
[16616 17019]
[17020 17108]
[17109 17155]
[17156 17205]
[17206 17243]
[17244 17297]
[17298 17323]
[17324 17365]
[17366 17445]
[17446 17493]
[17494 17535]
[17536 17572]
[17573 17632]
[17633 17671]
[17672 17680]
[17681 17738]
[17739 17792]
[17793 17839]
[17840 17869]
[17870 17904]
[17905 17933]
[17934 17963]
[17964 18381]
[18382 18444]
[18445 18461]
[18462 18533]
[18534 18560]
[18561 18606]
[18607 18624]
[18625 18673]
[18674 18705]
[18706 18763]
[18764 18798]
[18799 18856]
[18857 18885]
[18886 18928]
[18929 18964]
[18965 19059]
[19060 19337]
[19338 19437]
[19438 19511]
[19512 19578]
[19579 19647]
[19648 19723]
[19724 19774]
[19775 20151]
[20152 20236]
[20237 20343]
[20344 20472]
[20473 20587]
[20588 20684]
[20685 20827]
[20828 20922]
[20923 20988]
[20989 21138]
[21139 21274]
[21275 21559]
[21560 21608]
[21609 21670]
[21671 21715]
[21716 21762]
[21763 21805]
[21806 21840]
[21841 21916]
[21917 21973]
[21974 22035]
[22036 22083]
[22084 22130]
[22131 22194]
[22195 22219]
[22220 22268]
[22269 22298]
[22299 22360]
[22361 22420]
[22421 22507]
[22508 22812]
[22813 22898]
[22899 22993]
[22994 23167]
[23168 23221]
[23222 23348]
[23349 23389]
[23390 23430]
[23431 23467]
[23468 23512]
[23513 23551]
[23552 23604]
[23605 23682]
[23683 23739]
[23740 24003]
[24004 24205]
[24206 24306]
[24307 24423]
[24424 24555]
[24556 24716]
[24717 24831]
[24832 24935]
[24936 25112]
[25113 25449]
[25450 25787]
[25788 25959]
[25960 26006]
[26007 26094]
[26095 26144]
[26145 26190]
[26191 26212]
[26213 26285]
[26286 26330]
[26331 26387]
[26388 26464]
[26465 26490]
[26491 26594]
[26595 26635]
[26636 26669]
[26670 26740]
[26741 26793]
[26794 26831]
[26832 27107]
[27108 27227]
[27228 27297]
[27298 27366]
[27367 27458]
[27459 27713]
[27714 27800]
[27801 27872]
[27873 27976]
[27977 28076]
[28077 28165]
[28166 28432]
[28433 28573]
[28574 28759]
[28760 28827]
[28828 28896]
[28897 28962]
[28963 29038]
[29039 29107]
[29108 29183]
[29184 29243]
[29244 29310]
[29311 29370]
[29371 29433]
[29435 29768]
[29769 29865]
