[0 8]
[9 41]
[42 412]
[413 439]
[440 464]
[465 486]
[487 513]
[514 539]
[540 569]
[570 599]
[600 632]
[633 663]
[664 696]
[697 727]
[728 758]
[759 787]
[788 834]
[835 2095]
[2096 2136]
[2137 2161]
[2162 2293]
[2294 2393]
[2394 2708]
[2709 2766]
[2767 2823]
[2824 2884]
[2885 2945]
[2946 3005]
[3006 3058]
[3059 3114]
[3115 3161]
[3162 3224]
[3225 3301]
[3302 3365]
[3366 3438]
[3439 3516]
[3517 3652]
[3653 3742]
[3743 3800]
[3801 3878]
[3879 3935]
[3936 4383]
[4384 4470]
[4471 4527]
[4528 4582]
[4583 4677]
[4678 4735]
[4736 4786]
[4787 5151]
[5152 5200]
[5201 5248]
[5249 5292]
[5293 5346]
[5347 5406]
[5407 5448]
[5449 5468]
[5469 5504]
[5505 5563]
[5564 5650]
[5651 5693]
[5694 5738]
[5739 5790]
[5791 5820]
[5821 5994]
[5995 6057]
[6058 6097]
[6098 6139]
[6140 6193]
[6194 6366]
[6367 6416]
[6417 6452]
[6453 6478]
[6479 6511]
[6512 6540]
[6541 6569]
[6570 6889]
[6890 6970]
[6971 7030]
[7031 7079]
[7080 7134]
[7135 7198]
[7199 7278]
[7279 7341]
[7342 7446]
[7447 7501]
[7502 7575]
[7576 7635]
[7636 7770]
[7771 7843]
[7844 7887]
[7888 7934]
[7935 7954]
[7955 8012]
[8013 8073]
[8074 8136]
[8137 8195]
[8196 8252]
[8253 8294]
[8295 8348]
[8349 8453]
[8454 8475]
[8476 8517]
[8518 8565]
[8566 8588]
[8589 8621]
[8622 8651]
[8652 8731]
[8732 8809]
[8810 8835]
[8836 8959]
[8960 8996]
[8997 9365]
[9366 9449]
[9450 9630]
[9631 9807]
[9808 10019]
[10020 10226]
[10227 10478]
[10479 10674]
[10675 11032]
[11033 11133]
[11134 11195]
[11196 11262]
[11263 11320]
[11321 11388]
[11389 11621]
[11622 11705]
[11706 11781]
[11782 11859]
[11860 11958]
[11959 12003]
[12004 12064]
[12065 12123]
[12124 12178]
[12179 12226]
[12227 12267]
[12268 12307]
[12308 12335]
[12336 12381]
[12383 12437]
[12438 12542]
[12543 12566]
[12567 12617]
[12618 12653]
[12654 12689]
[12690 12725]
[12726 12797]
[12798 12881]
[12882 13267]
[13268 13383]
[13384 13407]
[13408 13445]
[13446 13520]
[13521 13572]
[13573 13709]
[13710 13739]
[13740 13837]
[13838 13920]
[13921 13970]
[13971 14034]
[14035 14077]
[14078 14149]
[14150 14230]
[14231 14258]
[14259 14641]
[14642 14700]
[14701 14741]
[14742 14777]
[14778 14882]
[14883 15100]
[15101 15217]
[15218 15257]
[15258 15304]
[15305 15347]
[15348 15380]
[15381 15446]
[15447 15513]
[15514 15576]
[15577 15627]
[15628 15842]
[15843 15924]
[15925 16018]
[16019 16443]
[16444 16534]
[16535 16590]
[16591 16641]
[16642 16765]
[16766 16824]
[16825 16881]
[16882 16945]
[16946 17014]
[17015 17090]
[17091 17165]
[17166 17249]
[17250 17311]
[17312 17378]
[17379 17690]
[17691 17790]
[17791 17853]
[17854 17923]
[17924 17996]
[17997 18058]
[18059 18140]
[18141 18281]
[18282 18335]
[18336 18476]
[18477 18656]
[18657 18720]
[18721 18778]
[18779 18822]
[18823 18895]
[18896 19033]
[19034 19133]
[19134 19176]
[19177 19250]
[19251 19315]
[19316 19356]
[19357 19393]
[19394 19427]
[19428 19492]
[19493 19957]
[19958 20028]
[20029 20079]
[20080 20146]
[20147 20186]
[20187 20259]
[20260 20308]
[20309 20357]
[20358 20396]
[20397 20441]
[20442 20511]
[20512 20556]
[20557 20604]
[20605 20648]
[20649 20696]
[20697 20748]
[20749 20803]
[20804 20846]
[20847 20888]
[20889 20940]
[20941 20987]
[20988 21305]
[21306 21402]
[21403 21490]
[21491 21590]
[21591 21693]
[21694 21768]
[21769 21810]
[21811 21913]
[21914 22015]
[22016 22122]
[22123 22161]
[22162 22235]
[22236 22326]
[22327 22375]
[22376 22413]
[22414 22434]
[22435 22467]
[22468 22515]
[22516 22543]
[22544 22659]
[22660 22693]
[22694 22748]
[22749 22900]
[22901 22931]
[22932 22961]
[22962 22997]
[22998 23073]
[23074 23349]
[23350 23577]
[23578 23680]
[23681 23778]
[23779 23860]
[23861 24111]
[24112 24175]
[24176 24445]
[24446 24536]
[24537 24622]
[24623 24710]
[24711 24793]
[24794 24876]
[24877 24957]
[24958 25226]
[25227 25321]
