[0 8]
[9 48]
[49 555]
[556 606]
[607 668]
[669 733]
[734 764]
[765 795]
[796 826]
[827 857]
[858 888]
[889 919]
[920 950]
[951 982]
[983 1013]
[1014 1044]
[1045 1075]
[1076 1106]
[1107 1183]
[1184 2136]
[2137 2189]
[2190 2231]
[2232 2262]
[2263 2426]
[2427 2454]
[2455 2487]
[2488 2537]
[2538 2591]
[2592 2624]
[2625 2667]
[2668 2741]
[2742 2817]
[2818 2855]
[2856 2946]
[2947 3006]
[3007 3079]
[3080 3139]
[3140 3167]
[3168 3187]
[3188 3322]
[3323 3341]
[3342 3399]
[3400 3453]
[3454 3511]
[3512 3557]
[3558 3624]
[3625 3633]
[3634 3653]
[3654 3712]
[3713 3755]
[3756 3815]
[3816 3869]
[3870 3896]
[3897 3945]
[3946 3970]
[3971 4001]
[4002 4040]
[4041 4321]
[4322 4371]
[4372 4448]
[4449 4527]
[4528 4667]
[4668 4737]
[4738 4786]
[4787 4847]
[4848 4877]
[4878 4937]
[4938 4985]
[4986 5032]
[5033 5425]
[5426 5520]
[5521 5846]
[5847 6041]
[6042 6218]
[6219 6305]
[6306 6737]
[6738 6804]
[6805 6904]
[6905 6998]
[6999 7098]
[7099 7186]
[7187 7256]
[7257 7342]
[7343 7420]
[7421 7507]
[7508 7595]
[7596 7756]
[7757 7799]
[7800 7873]
[7874 7965]
[7966 8292]
[8293 8334]
[8335 8382]
[8383 8429]
[8430 8474]
[8475 8522]
[8523 8568]
[8569 8620]
[8621 8673]
[8674 8704]
[8705 8750]
[8751 8802]
[8803 8845]
[8846 8899]
[8900 9062]
[9063 9125]
[9126 9183]
[9184 9239]
[9240 9312]
[9313 9424]
[9425 9473]
[9474 9491]
[9492 9532]
[9533 9693]
[9694 9855]
[9856 10272]
[10273 10381]
[10382 10475]
[10476 10522]
[10523 10621]
[10622 10726]
[10727 10816]
[10817 10878]
[10879 11007]
[11008 11057]
[11058 11109]
[11110 11215]
[11216 11310]
[11311 11461]
[11462 11538]
[11539 11569]
[11570 11623]
[11624 11747]
[11748 11804]
[11805 11853]
[11854 11917]
[11918 11972]
[11973 12008]
[12009 12044]
[12045 12080]
[12081 12116]
[12117 12152]
[12153 12188]
[12189 12224]
[12225 12260]
[12261 12296]
[12297 12415]
[12416 12527]
[12528 12795]
[12796 12849]
[12850 12905]
[12906 12963]
[12964 13035]
[13036 13107]
[13108 13198]
[13199 13252]
[13253 13310]
[13311 13429]
[13430 13504]
[13505 13568]
[13569 13630]
[13631 13684]
[13685 14067]
[14068 14219]
[14220 14383]
[14384 14564]
[14565 14746]
[14747 14950]
[14951 15274]
[15275 15446]
[15447 15581]
[15582 15690]
[15691 15814]
[15815 15931]
[15932 16013]
[16014 16138]
[16139 16244]
[16245 16364]
[16365 16447]
[16448 16569]
[16570 16822]
[16823 17017]
[17018 17141]
[17142 17193]
[17194 17238]
[17239 17310]
[17311 17396]
[17397 17513]
[17514 17568]
[17569 17716]
[17717 17799]
[17800 17906]
[17907 17949]
[17950 18019]
[18020 18076]
[18077 18143]
[18144 18414]
[18415 18494]
[18495 18565]
[18566 18772]
[18773 18873]
[18874 18967]
[18968 19098]
[19099 19153]
[19154 19223]
[19224 19290]
[19291 19357]
[19358 19433]
[19434 19490]
[19491 19526]
[19527 19562]
[19563 19598]
[19599 19634]
[19635 19670]
[19671 19934]
[19935 20247]
[20248 20356]
[20357 20450]
[20451 20526]
[20527 20572]
[20573 20638]
[20639 20692]
[20693 20735]
[20736 20782]
[20783 20833]
[20834 20932]
[20933 21022]
[21023 21099]
[21100 21200]
[21201 21260]
[21261 21307]
[21308 21591]
[21592 21689]
[21690 21813]
[21814 21919]
[21920 22018]
[22019 22119]
[22120 22216]
[22217 22319]
[22320 22423]
[22424 22735]
[22736 23616]
[23617 24032]
[24033 24128]
[24129 24174]
[24175 24268]
[24269 24358]
[24359 24453]
[24454 24504]
[24505 24566]
[24567 24630]
[24631 24681]
[24682 24761]
[24762 24833]
[24834 24902]
[24903 24966]
[24967 25020]
[25021 25086]
[25087 25224]
[25225 25285]
[25286 25341]
[25342 25397]
[25398 25476]
[25477 25769]
[25770 27160]
[27161 27212]
[27213 27558]
[27559 27608]
[27609 27668]
[27669 27728]
[27729 27788]
[27789 27858]
[27859 28008]
[28009 28048]
[28049 28176]
[28177 28277]
[28278 28351]
[28352 28455]
[28456 28529]
[28530 28619]
[28620 28679]
[28680 28744]
[28745 28814]
[28815 29280]
[29281 29423]
[29424 29548]
[29549 29708]
[29709 29771]
[29772 29869]
[29870 29988]
[29989 30087]
[30088 30195]
[30196 30292]
[30293 30467]
[30468 30621]
[30622 30874]
[30875 31025]
[31026 31099]
[31100 31176]
[31177 31230]
[31231 31606]
[31608 31710]
