[0 10]
[11 50]
[51 425]
[426 484]
[485 516]
[517 541]
[542 570]
[571 612]
[613 648]
[649 695]
[696 735]
[736 770]
[771 833]
[834 861]
[862 923]
[924 982]
[983 1060]
[1061 1623]
[1624 1684]
[1685 1700]
[1701 1764]
[1765 1821]
[1822 1866]
[1867 1938]
[1939 1992]
[1993 2022]
[2023 2052]
[2053 2087]
[2088 2132]
[2133 2146]
[2147 2204]
[2205 2254]
[2255 2333]
[2334 2396]
[2397 2468]
[2469 2507]
[2508 2618]
[2619 2721]
[2722 2753]
[2754 2790]
[2791 2822]
[2823 2849]
[2850 2881]
[2882 2925]
[2926 2980]
[2981 3324]
[3325 3425]
[3426 3490]
[3491 3560]
[3561 3604]
[3605 3654]
[3655 3695]
[3696 3757]
[3758 3798]
[3799 3859]
[3860 3907]
[3908 3983]
[3984 4044]
[4045 4092]
[4093 4171]
[4172 4220]
[4221 4582]
[4583 4905]
[4906 5041]
[5042 5184]
[5185 5318]
[5319 5438]
[5439 5536]
[5537 5686]
[5687 5833]
[5834 5990]
[5991 6150]
[6151 6183]
[6184 6225]
[6226 6278]
[6279 6319]
[6320 6367]
[6368 6413]
[6414 6470]
[6471 6494]
[6495 6528]
[6529 6642]
[6643 6686]
[6687 6733]
[6734 6786]
[6787 6826]
[6827 6898]
[6899 6932]
[6933 6967]
[6968 7002]
[7003 7065]
[7066 7091]
[7092 7572]
[7573 7774]
[7775 7857]
[7858 7921]
[7922 7983]
[7984 8036]
[8037 8098]
[8099 8123]
[8124 8162]
[8163 8266]
[8267 8307]
[8308 8321]
[8322 8762]
[8764 8810]
[8811 8835]
[8836 8899]
[8900 8964]
[8965 9024]
[9025 9046]
[9047 9069]
[9070 9182]
[9183 9251]
[9252 9347]
[9348 9367]
[9368 9449]
[9450 9602]
[9603 9781]
[9782 9817]
[9818 9889]
[9890 10016]
[10017 10147]
[10148 10219]
[10220 10259]
[10260 10284]
[10285 10318]
[10319 10393]
[10395 10451]
[10452 10480]
[10481 10520]
[10521 10556]
[10557 10581]
[10582 10607]
[10608 10631]
[10632 10699]
[10700 10739]
[10740 10782]
[10783 10893]
[10894 11248]
[11249 11342]
[11343 11513]
[11514 11595]
[11596 11665]
[11666 11712]
[11713 11831]
[11832 11915]
[11916 11990]
[11991 12126]
[12127 12174]
[12175 12221]
[12222 12279]
[12280 12332]
[12333 12357]
[12358 12389]
[12390 12428]
[12429 12861]
[12862 12896]
[12897 12962]
[12963 13032]
[13033 13085]
[13086 13172]
[13173 13224]
[13225 13270]
[13271 13551]
[13552 13682]
[13683 13896]
[13897 14423]
[14425 14525]
[14526 14615]
[14616 14665]
[14666 14805]
[14806 14936]
[14937 14975]
[14976 15010]
[15011 15094]
[15095 15164]
[15165 15232]
[15233 15297]
[15298 15340]
[15341 15424]
[15425 15483]
[15484 15579]
[15580 15642]
[15643 15724]
[15725 15787]
[15788 16035]
[16036 16079]
[16081 16152]
[16153 16211]
[16212 16278]
[16279 16343]
[16344 16398]
[16399 16461]
[16462 16519]
[16520 16572]
[16573 16622]
[16623 16670]
[16671 16731]
[16732 16784]
[16785 16830]
[16831 16882]
[16883 16913]
[16914 16987]
[16988 17295]
[17297 17366]
[17367 17445]
[17446 17504]
[17505 17568]
[17569 17818]
[17819 17877]
[17878 17945]
[17946 18008]
[18009 18075]
[18076 18130]
[18131 18180]
[18181 18267]
[18268 18348]
[18349 18464]
[18465 18778]
[18779 18827]
[18828 18893]
[18894 18939]
[18940 19015]
[19016 19087]
[19088 19150]
[19151 19197]
[19198 19260]
[19261 19317]
[19318 19377]
[19378 19425]
[19426 19488]
[19489 19553]
[19554 19608]
[19609 19706]
[19707 19750]
[19751 19901]
[19902 19969]
[19970 20005]
[20006 20040]
[20041 20081]
[20082 20147]
[20148 20337]
[20338 20799]
[20800 20948]
[20949 21133]
[21134 21317]
[21318 21426]
[21427 21543]
[21544 21826]
[21827 21963]
[21964 22146]
[22147 22390]
[22391 22529]
[22530 22637]
[22638 22755]
[22756 22996]
[22997 23361]
[23362 23444]
[23445 23740]
[23741 23806]
[23807 24058]
[24059 24180]
[24181 24551]
[24552 24637]
[24638 24677]
[24678 24778]
[24779 24810]
[24811 24873]
[24874 24918]
[24919 24927]
[24928 24998]
[24999 25055]
[25056 25083]
[25084 25155]
[25156 25247]
[25248 25309]
[25310 25384]
[25385 25465]
[25466 25521]
[25522 25594]
[25595 25679]
[25680 25730]
[25731 25821]
[25822 25911]
[25912 26012]
[26013 26076]
[26077 26431]
[26432 26489]
[26490 26539]
[26540 26620]
[26621 26693]
[26694 26728]
[26729 26864]
[26865 26920]
[26921 26973]
[26974 27014]
[27015 27068]
[27069 27115]
[27116 27189]
[27190 27244]
[27245 27303]
[27304 27362]
[27363 27414]
[27415 27575]
[27576 27624]
[27625 27687]
[27688 27744]
[27745 27782]
[27783 27841]
[27842 27901]
[27902 27950]
[27951 28222]
[28223 28305]
[28306 28466]
[28467 28557]
[28558 28668]
[28669 28705]
[28706 28756]
[28757 29262]
[29263 29360]
