[0 7]
[8 36]
[37 289]
[290 343]
[344 386]
[387 423]
[424 475]
[476 510]
[511 548]
[549 636]
[637 678]
[679 704]
[705 739]
[740 1258]
[1259 1310]
[1311 1372]
[1373 1444]
[1445 1516]
[1517 1590]
[1591 1652]
[1653 1747]
[1748 1791]
[1792 1860]
[1861 1930]
[1931 1947]
[1948 2002]
[2003 2058]
[2059 2136]
[2137 2182]
[2183 2248]
[2249 2286]
[2287 2311]
[2312 2353]
[2354 2408]
[2409 2467]
[2468 2524]
[2525 2565]
[2566 2617]
[2618 2673]
[2674 2698]
[2699 3045]
[3046 3113]
[3114 3182]
[3183 3249]
[3250 3318]
[3319 3385]
[3386 3462]
[3463 3519]
[3520 3589]
[3590 3654]
[3655 3728]
[3729 3777]
[3778 4168]
[4169 4273]
[4274 4332]
[4333 4448]
[4449 4553]
[4554 4596]
[4597 4614]
[4615 4662]
[4663 4686]
[4687 4774]
[4775 4831]
[4832 5060]
[5061 5095]
[5096 5276]
[5277 5329]
[5330 5360]
[5361 5418]
[5419 5506]
[5507 5581]
[5582 5633]
[5634 5662]
[5663 5735]
[5736 5771]
[5772 5836]
[5837 6223]
[6224 6354]
[6355 6412]
[6413 6461]
[6462 6530]
[6531 6593]
[6594 6701]
[6702 6732]
[6733 6801]
[6802 7097]
[7098 7168]
[7169 7237]
[7238 7302]
[7303 7331]
[7332 7396]
[7397 7441]
[7442 7530]
[7531 7597]
[7598 7661]
[7662 7732]
[7733 7790]
[7791 7835]
[7836 7886]
[7887 7943]
[7944 8000]
[8001 8061]
[8062 8123]
[8124 8193]
[8194 8235]
[8236 8265]
[8266 8384]
[8385 8795]
[8796 8821]
[8822 8879]
[8880 8993]
[8994 9086]
[9087 9188]
[9189 9281]
[9282 9393]
[9394 9654]
[9655 9742]
[9743 9846]
[9847 9946]
[9947 10023]
[10024 10095]
[10096 10181]
[10182 10247]
[10248 10312]
[10313 10818]
[10819 10978]
[10979 11189]
[11190 11367]
[11368 11536]
[11537 11676]
[11677 11742]
[11743 11852]
[11853 11986]
[11987 12040]
[12041 12400]
[12401 12481]
[12482 12537]
[12538 12616]
[12617 12724]
[12725 12780]
[12781 12857]
[12858 12889]
[12890 12927]
[12928 12975]
[12976 13070]
[13071 13172]
[13173 13231]
[13232 13288]
[13289 13354]
[13355 13411]
[13412 13465]
[13466 13519]
[13520 13582]
[13583 13629]
[13630 13674]
[13675 14094]
[14095 14206]
[14207 14252]
[14253 14369]
[14370 14436]
[14437 14477]
[14478 14545]
[14546 14607]
[14608 14647]
[14648 14688]
[14689 14741]
[14742 14807]
[14809 14957]
[14958 15034]
[15035 15174]
[15175 15319]
[15320 15403]
[15404 15708]
[15709 15827]
[15828 15929]
[15930 16053]
[16054 16277]
[16278 16347]
[16348 16451]
[16452 16689]
[16690 16800]
[16801 16915]
[16916 17000]
[17001 17098]
[17099 17171]
[17172 17257]
[17258 17450]
[17451 17691]
[17692 17728]
[17729 17772]
[17773 17827]
[17828 17898]
[17899 17954]
[17955 18044]
[18045 18085]
[18086 18179]
[18180 18247]
[18248 18334]
[18335 18431]
[18432 18486]
[18487 18547]
[18548 18647]
[18648 18711]
[18712 18765]
[18766 18856]
[18857 18892]
[18893 18946]
[18947 19003]
[19004 19064]
[19065 19126]
[19127 19388]
[19389 19794]
[19795 19858]
[19859 19922]
[19923 19991]
[19992 20067]
[20068 20123]
[20124 20182]
[20183 20294]
[20295 20372]
[20373 20429]
[20430 20485]
[20486 20528]
[20529 20587]
[20588 20632]
[20633 20730]
[20731 20764]
[20765 20832]
[20833 20871]
[20872 20915]
[20916 20950]
[20951 20980]
[20981 21018]
[21019 21071]
[21072 21127]
[21128 21655]
[21656 22017]
[22018 22086]
[22087 22134]
[22135 22267]
[22268 22398]
[22399 22482]
[22483 22571]
[22572 22665]
[22666 22724]
[22725 22797]
[22798 22854]
[22855 22900]
[22901 22948]
[22949 22995]
[22996 23090]
[23091 23170]
[23171 23479]
[23480 23568]
[23569 23693]
[23694 24475]
[24476 24686]
[24687 24941]
[24942 25047]
[25048 25093]
[25094 25135]
[25136 25182]
[25183 25223]
[25224 25305]
[25306 25341]
[25342 25389]
[25390 25460]
[25461 25517]
[25518 25569]
[25570 25622]
[25623 25672]
[25673 25733]
[25734 25757]
[25758 26171]
[26172 26864]
[26865 26907]
[26908 27276]
[27277 27326]
[27327 27390]
[27391 27441]
[27442 27462]
[27463 27512]
[27513 27628]
[27629 27700]
[27701 27731]
[27732 27828]
[27829 27889]
[27890 27925]
[27926 27972]
[27973 28018]
[28019 28053]
[28054 28108]
[28109 28150]
[28151 28176]
[28177 28187]
[28188 28220]
[28221 28278]
[28279 28325]
[28326 28347]
[28348 28378]
[28379 28392]
[28393 28433]
[28434 28696]
[28697 28764]
[28765 28839]
[28840 28879]
[28880 28938]
[28939 28968]
[28969 29088]
[29089 29152]
[29153 29187]
[29188 29244]
[29245 29296]
[29297 29342]
[29343 29405]
[29406 29461]
[29462 29503]
[29504 29561]
[29562 29629]
[29630 29707]
[29708 29774]
[29775 29858]
[29859 30114]
[30115 30189]
[30190 30287]
[30288 30362]
[30363 30708]
[30709 30873]
[30874 31011]
[31012 31052]
[31053 31162]
[31163 31253]
[31254 31399]
[31400 31733]
[31735 31837]
