[0 5]
[6 57]
[58 408]
[409 442]
[443 474]
[475 501]
[502 535]
[536 582]
[583 619]
[620 662]
[663 706]
[707 750]
[751 784]
[785 998]
[999 1184]
[1185 1477]
[1478 1520]
[1521 1561]
[1562 1602]
[1603 1634]
[1635 1661]
[1662 1701]
[1702 1741]
[1742 1782]
[1783 1823]
[1824 1864]
[1865 1904]
[1905 1945]
[1946 1986]
[1987 2026]
[2027 2129]
[2130 2169]
[2170 2210]
[2211 2251]
[2252 2292]
[2293 2333]
[2334 2374]
[2375 2415]
[2416 2469]
[2470 2588]
[2589 2628]
[2629 2669]
[2670 2709]
[2710 2749]
[2750 2827]
[2828 2895]
[2896 2932]
[2933 2962]
[2963 3071]
[3072 3111]
[3112 3403]
[3404 3461]
[3462 3515]
[3516 3574]
[3575 3629]
[3630 3689]
[3690 3753]
[3754 3813]
[3814 3869]
[3870 3924]
[3925 3995]
[3996 4055]
[4056 4075]
[4076 4129]
[4130 4193]
[4194 4261]
[4262 4329]
[4330 4394]
[4395 4462]
[4463 4534]
[4535 4601]
[4602 4682]
[4683 4755]
[4756 4786]
[4787 5225]
[5226 5297]
[5298 5347]
[5348 5388]
[5389 5432]
[5433 5530]
[5531 5567]
[5568 5603]
[5604 5642]
[5643 5680]
[5681 5715]
[5716 5756]
[5757 5829]
[5830 5871]
[5872 5917]
[5918 5959]
[5960 6016]
[6017 6077]
[6078 6171]
[6172 6317]
[6318 6399]
[6400 6461]
[6462 6578]
[6579 6645]
[6646 6784]
[6785 7280]
[7281 7355]
[7356 7425]
[7426 7494]
[7495 7561]
[7562 7631]
[7632 7700]
[7701 7832]
[7833 7895]
[7896 7967]
[7968 7997]
[7998 8050]
[8051 8107]
[8108 8141]
[8142 8159]
[8160 8194]
[8195 8208]
[8209 8253]
[8254 8314]
[8315 8384]
[8385 8438]
[8439 8508]
[8509 8571]
[8572 8625]
[8626 8675]
[8676 8682]
[8683 8791]
[8792 9066]
[9067 9171]
[9172 9277]
[9278 9346]
[9347 9439]
[9440 9548]
[9549 9634]
[9635 9685]
[9686 9744]
[9745 9807]
[9808 9885]
[9886 9949]
[9950 9978]
[9979 10031]
[10032 10080]
[10081 10127]
[10128 10226]
[10227 10277]
[10278 10343]
[10344 10376]
[10377 10447]
[10448 10510]
[10511 10547]
[10548 10854]
[10855 10950]
[10951 11034]
[11035 11127]
[11128 11205]
[11206 11293]
[11294 11380]
[11381 11434]
[11435 11547]
[11548 11629]
[11630 11711]
[11712 11793]
[11794 11947]
[11948 12039]
[12040 12120]
[12121 12269]
[12270 12577]
[12578 12681]
[12682 12723]
[12724 12783]
[12784 12914]
[12915 13101]
[13102 13169]
[13170 13259]
[13260 13313]
[13314 13369]
[13370 13421]
[13422 13473]
[13474 13541]
[13542 13700]
[13701 13751]
[13752 13813]
[13814 13850]
[13851 13889]
[13890 14205]
[14206 14273]
[14274 14340]
[14341 14409]
[14410 14464]
[14465 14589]
[14590 14652]
[14653 14718]
[14719 14785]
[14786 14850]
[14851 14927]
[14928 14977]
[14978 15222]
[15223 15309]
[15310 15383]
[15384 15451]
[15452 15532]
[15533 15603]
[15604 15677]
[15678 15732]
[15733 15790]
[15791 15878]
[15879 15946]
[15947 16011]
[16012 16091]
[16092 16174]
[16175 16225]
[16226 16272]
[16273 16309]
[16310 16346]
[16347 16405]
[16406 16468]
[16469 16499]
[16500 16536]
[16537 16571]
[16572 16661]
[16662 16897]
[16898 16997]
[16998 17089]
[17090 17185]
[17186 17285]
[17286 17394]
[17395 17496]
[17497 17598]
[17599 17690]
[17691 17788]
[17789 17893]
[17894 17987]
[17988 18085]
[18086 18166]
[18167 18569]
[18570 18646]
[18647 18721]
[18722 18782]
[18783 18841]
[18842 18873]
[18874 18939]
[18940 18976]
[18977 19040]
[19041 19090]
[19091 19156]
[19157 19228]
[19229 19278]
[19279 19337]
[19338 19394]
[19395 19503]
[19504 19535]
[19536 19575]
[19576 19624]
[19625 20060]
[20061 20147]
[20148 20195]
[20196 20244]
[20245 20294]
[20295 20355]
[20356 20386]
[20387 20451]
[20452 20506]
[20507 20573]
[20574 20621]
[20622 20670]
[20671 20716]
[20717 20777]
[20778 20821]
[20822 20859]
[20860 20902]
[20903 20943]
[20944 20976]
[20977 21227]
[21228 21286]
[21287 21338]
[21339 21396]
[21397 21458]
[21459 21520]
[21521 21588]
[21589 21652]
[21653 21715]
[21716 21769]
[21770 21789]
[21790 21836]
[21837 21894]
[21895 21956]
[21957 22016]
[22017 22077]
[22078 22145]
[22146 22189]
[22190 22247]
[22248 22299]
[22300 22340]
[22341 22546]
[22547 22650]
[22651 22687]
[22688 22728]
[22729 22804]
[22805 22868]
[22869 22940]
[22941 22982]
[22983 22997]
[22998 23032]
[23033 23070]
[23071 23118]
[23119 23155]
[23156 23180]
[23181 23213]
[23214 23490]
[23491 23606]
[23607 23711]
[23712 23785]
[23786 23969]
[23970 24057]
[24058 24141]
[24142 24221]
[24222 24269]
[24270 24574]
[24575 24713]
[24714 24817]
[24818 24926]
[24927 25016]
[25017 25197]
[25198 25296]
[25297 25298]
[25299 25421]
[25422 25529]
[25530 25651]
[25652 25677]
[25678 25901]
[25902 25972]
[25973 26066]
[26067 26115]
[26116 26149]
[26150 26198]
[26199 26239]
[26240 26298]
[26299 26413]
[26414 26451]
[26452 26519]
[26520 26549]
[26550 26563]
[26564 26590]
[26591 26853]
[26854 26919]
[26920 26968]
[26969 27025]
[27026 27101]
[27102 27156]
[27157 27218]
[27219 27281]
[27282 27351]
[27352 27372]
[27373 27554]
[27555 27618]
[27619 27688]
[27689 27757]
[27758 27824]
[27825 27894]
[27895 27963]
[27964 28095]
[28096 28158]
[28159 28164]
[28165 28464]
[28465 28546]
