[0 8]
[9 50]
[51 296]
[297 348]
[349 384]
[385 414]
[415 442]
[443 475]
[476 505]
[506 528]
[529 554]
[555 581]
[582 599]
[600 633]
[634 664]
[665 693]
[694 722]
[723 779]
[780 1240]
[1241 1281]
[1282 1350]
[1351 1429]
[1430 1465]
[1466 1503]
[1504 1543]
[1544 1589]
[1590 1611]
[1612 1683]
[1684 1731]
[1732 1766]
[1767 1800]
[1801 1917]
[1918 1972]
[1973 2064]
[2065 2132]
[2133 2213]
[2214 2273]
[2274 2367]
[2368 2411]
[2412 2516]
[2517 2576]
[2577 2605]
[2606 2646]
[2647 2676]
[2677 2697]
[2698 2745]
[2746 2780]
[2781 2831]
[2832 3392]
[3393 3423]
[3424 3461]
[3462 3492]
[3493 3516]
[3517 3571]
[3572 3589]
[3590 3612]
[3613 3635]
[3636 3676]
[3677 3707]
[3708 3768]
[3769 3795]
[3796 3818]
[3819 3850]
[3851 3877]
[3878 3906]
[3907 3942]
[3943 3969]
[3970 4000]
[4001 4024]
[4025 4097]
[4098 4114]
[4115 4140]
[4141 4165]
[4166 4218]
[4219 4243]
[4244 4263]
[4264 4295]
[4296 4443]
[4444 4467]
[4468 4489]
[4490 4510]
[4511 4538]
[4539 4554]
[4555 4582]
[4583 4639]
[4640 4714]
[4715 4736]
[4737 4780]
[4781 4824]
[4825 4858]
[4859 4898]
[4899 4923]
[4924 4954]
[4955 5363]
[5364 5419]
[5420 5482]
[5483 5555]
[5556 5604]
[5605 5621]
[5622 5656]
[5657 5672]
[5673 5916]
[5917 5986]
[5987 6057]
[6058 6126]
[6127 6168]
[6169 6210]
[6211 6295]
[6296 6305]
[6306 6368]
[6369 6432]
[6433 6505]
[6506 6655]
[6656 6988]
[6989 7197]
[7198 8032]
[8033 8052]
[8053 8123]
[8124 8230]
[8231 8303]
[8304 8387]
[8388 8463]
[8464 8522]
[8523 8580]
[8581 8640]
[8641 8696]
[8697 8753]
[8754 8794]
[8795 8878]
[8879 9193]
[9194 9471]
[9472 9772]
[9773 9865]
[9866 9984]
[9985 10122]
[10123 10177]
[10178 10227]
[10228 10270]
[10271 10307]
[10308 10357]
[10358 10412]
[10413 10467]
[10468 10523]
[10524 10618]
[10619 10809]
[10810 11119]
[11120 11142]
[11143 11299]
[11300 11633]
[11634 11698]
[11699 11758]
[11759 11818]
[11819 11892]
[11893 11948]
[11949 12016]
[12017 12100]
[12101 12170]
[12171 12242]
[12243 12292]
[12293 12394]
[12395 12420]
[12421 12471]
[12472 12522]
[12523 12583]
[12584 12644]
[12645 12700]
[12701 12754]
[12755 12821]
[12822 12885]
[12886 13199]
[13200 13484]
[13485 13625]
[13626 13741]
[13742 13779]
[13780 13806]
[13807 13834]
[13835 13890]
[13891 13923]
[13924 14004]
[14005 14078]
[14079 14153]
[14154 14230]
[14231 14306]
[14307 14363]
[14364 14426]
[14427 14494]
[14495 14542]
[14543 14575]
[14576 14600]
[14601 14683]
[14684 14891]
[14892 14926]
[14927 14969]
[14970 15006]
[15007 15133]
[15134 15210]
[15211 15350]
[15351 15419]
[15420 15459]
[15460 15495]
[15496 15585]
[15586 15740]
[15741 15791]
[15792 15868]
[15869 15931]
[15932 16017]
[16018 16129]
[16130 16202]
[16203 16458]
[16459 16524]
[16525 16624]
[16625 16696]
[16697 16796]
[16797 16893]
[16894 16979]
[16980 17031]
[17032 17173]
[17174 17252]
[17253 17343]
[17344 17449]
[17450 17532]
[17533 17620]
[17621 18037]
[18038 18112]
[18113 18162]
[18163 18208]
[18209 18259]
[18260 18334]
[18335 18379]
[18380 18407]
[18408 18433]
[18434 18482]
[18483 18525]
[18526 18612]
[18613 18657]
[18658 18698]
[18699 18754]
[18755 18796]
[18797 18831]
[18832 18929]
[18930 19008]
[19009 19116]
[19117 19162]
[19163 19217]
[19218 19260]
[19261 19364]
[19365 19418]
[19419 19469]
[19470 19516]
[19517 19557]
[19558 19598]
[19599 19708]
[19709 19764]
[19765 19864]
[19865 20217]
[20218 20487]
[20488 20673]
[20674 21101]
[21102 21186]
[21187 21349]
[21350 21701]
[21702 21921]
[21922 22001]
[22002 22349]
[22350 22434]
[22435 22477]
[22478 22549]
[22550 22766]
[22767 22847]
[22848 22871]
[22872 22935]
[22936 22996]
[22997 23044]
[23045 23097]
[23098 23157]
[23158 23205]
[23206 23246]
[23247 23655]
[23656 23757]
[23758 23793]
[23794 23831]
[23832 23861]
[23862 23933]
[23934 23982]
[23983 24011]
[24012 24060]
[24061 24114]
[24115 24165]
[24166 24225]
[24226 24280]
[24281 24329]
[24330 24376]
[24377 24436]
[24437 24662]
[24663 24798]
[24799 24924]
[24925 25024]
[25025 25119]
[25120 25324]
[25325 25400]
[25401 25724]
[25726 25802]
