[0 7]
[8 50]
[52 366]
[367 423]
[424 443]
[444 475]
[476 510]
[511 535]
[536 550]
[551 587]
[588 626]
[627 650]
[651 671]
[672 727]
[728 1291]
[1292 1322]
[1323 1354]
[1355 1389]
[1390 1419]
[1420 1449]
[1450 1499]
[1500 1534]
[1535 1550]
[1551 1585]
[1586 1616]
[1617 1641]
[1642 1788]
[1789 1866]
[1867 1887]
[1888 1923]
[1924 1965]
[1966 1993]
[1994 2041]
[2042 2083]
[2084 2109]
[2110 2167]
[2168 2205]
[2206 2351]
[2352 2622]
[2623 2670]
[2671 2723]
[2724 2752]
[2753 2790]
[2791 2840]
[2841 2892]
[2893 3331]
[3332 3396]
[3397 3457]
[3458 3523]
[3524 3587]
[3588 3637]
[3638 3683]
[3684 3740]
[3741 3791]
[3792 3876]
[3877 3928]
[3929 3974]
[3975 4023]
[4024 4063]
[4064 4114]
[4115 4151]
[4152 4193]
[4194 4225]
[4226 4266]
[4267 4333]
[4334 4704]
[4705 4814]
[4815 4848]
[4849 4871]
[4872 4913]
[4914 4928]
[4929 4981]
[4982 5026]
[5027 5071]
[5072 5178]
[5179 5384]
[5385 5424]
[5425 5499]
[5500 5536]
[5537 5562]
[5563 5614]
[5615 5655]
[5656 5691]
[5692 5748]
[5749 5775]
[5776 5819]
[5820 5861]
[5862 5917]
[5918 5936]
[5937 5988]
[5989 6032]
[6033 6159]
[6160 6222]
[6223 6606]
[6607 6647]
[6648 6689]
[6690 6734]
[6735 6776]
[6777 6821]
[6822 6877]
[6878 6924]
[6925 7203]
[7204 7375]
[7376 7438]
[7439 7487]
[7488 7533]
[7534 7596]
[7597 7614]
[7615 7697]
[7698 7724]
[7725 7765]
[7766 8398]
[8400 8445]
[8446 8515]
[8516 8591]
[8592 8649]
[8650 8716]
[8717 8752]
[8753 8784]
[8785 8850]
[8851 8876]
[8877 8945]
[8946 8996]
[8997 9042]
[9043 9090]
[9091 9148]
[9149 9215]
[9216 9326]
[9327 9372]
[9373 9395]
[9396 9431]
[9432 9472]
[9473 9517]
[9518 9595]
[9596 9710]
[9711 9938]
[9939 10601]
[10602 10660]
[10661 10730]
[10731 10799]
[10800 10866]
[10867 10936]
[10937 11005]
[11006 11137]
[11138 11200]
[11201 11272]
[11273 11302]
[11303 11355]
[11356 11427]
[11428 11482]
[11483 11527]
[11528 11590]
[11591 11644]
[11645 11776]
[11777 11839]
[11840 11867]
[11868 11907]
[11908 11956]
[11957 11988]
[11989 12044]
[12045 12091]
[12092 12137]
[12138 12501]
[12502 12544]
[12545 12569]
[12570 12610]
[12611 12634]
[12635 12704]
[12705 12789]
[12790 12852]
[12853 12887]
[12888 12987]
[12988 13031]
[13032 13071]
[13072 13145]
[13146 13190]
[13191 13237]
[13238 13300]
[13301 13426]
[13427 13496]
[13497 13508]
[13509 13578]
[13579 13610]
[13611 13715]
[13716 13741]
[13742 13818]
[13819 14161]
[14162 14336]
[14337 14475]
[14476 14576]
[14577 14662]
[14663 15139]
[15140 15241]
[15242 15324]
[15325 15424]
[15425 15763]
[15764 15807]
[15808 15873]
[15874 15914]
[15915 15970]
[15971 16017]
[16018 16063]
[16064 16116]
[16117 16273]
[16274 16320]
[16321 16362]
[16363 16406]
[16407 16550]
[16551 16611]
[16612 16665]
[16666 16725]
[16726 16752]
[16753 16825]
[16826 16880]
[16881 16937]
[16938 16978]
[16979 17009]
[17010 17033]
[17034 17060]
[17061 17138]
[17139 17313]
[17314 17859]
[17860 17940]
[17941 17981]
[17982 18012]
[18013 18053]
[18054 18094]
[18095 18196]
[18197 18359]
[18360 18589]
[18590 18657]
[18658 18728]
[18729 18779]
[18780 18826]
[18827 18875]
[18876 19321]
[19322 19404]
[19405 19489]
[19490 19568]
[19569 19639]
[19640 19690]
[19691 19745]
[19746 19781]
[19782 19824]
[19825 19861]
[19862 19890]
[19891 19954]
[19955 20021]
[20022 20099]
[20100 20193]
[20194 20326]
[20327 20609]
[20610 20703]
[20704 20756]
[20757 20805]
[20806 20877]
[20878 20905]
[20906 20980]
[20981 21080]
[21081 21168]
[21169 21251]
[21252 21356]
[21357 21443]
[21444 21522]
[21523 21592]
[21593 21866]
[21867 21933]
[21934 21964]
[21965 21993]
[21994 22297]
[22298 22359]
[22360 22412]
[22413 22465]
[22466 22507]
[22508 22550]
[22551 22598]
[22599 22648]
[22649 22699]
[22700 22803]
[22804 23103]
[23104 23482]
[23483 23962]
[23963 24234]
[24235 24579]
[24580 24731]
[24732 24862]
[24863 25033]
[25034 25144]
[25145 25257]
[25258 25404]
[25405 25628]
[25629 25950]
[25952 25982]
[25983 26010]
[26011 26048]
[26049 26084]
[26085 26140]
[26141 26266]
[26267 26390]
[26391 26483]
[26484 26627]
[26628 26752]
[26753 26848]
[26849 27138]
[27139 27237]
