[0 7]
[8 48]
[49 331]
[332 385]
[386 418]
[419 446]
[447 478]
[479 512]
[513 538]
[539 565]
[566 591]
[592 613]
[614 636]
[637 688]
[689 763]
[764 792]
[793 822]
[823 853]
[854 961]
[962 1987]
[1988 2067]
[2068 2134]
[2135 2193]
[2194 2248]
[2249 2311]
[2312 2394]
[2395 2472]
[2473 2580]
[2581 2623]
[2624 2673]
[2674 2709]
[2710 2784]
[2785 2879]
[2880 3030]
[3031 3183]
[3184 3251]
[3252 3955]
[3956 4010]
[4011 4079]
[4080 4133]
[4134 4169]
[4170 4221]
[4222 4265]
[4266 4314]
[4315 4371]
[4372 4412]
[4413 4465]
[4466 4509]
[4510 4578]
[4579 4614]
[4615 4662]
[4663 4689]
[4690 4718]
[4719 4776]
[4777 4803]
[4804 4853]
[4854 4898]
[4899 4948]
[4949 5008]
[5009 5050]
[5051 5086]
[5087 5159]
[5160 5218]
[5219 5266]
[5267 5321]
[5322 5361]
[5362 5398]
[5399 5430]
[5431 5474]
[5475 5926]
[5927 5975]
[5976 6008]
[6009 6125]
[6126 6159]
[6160 6194]
[6195 6348]
[6349 6423]
[6424 6478]
[6479 6537]
[6538 6677]
[6678 6804]
[6805 6901]
[6902 6917]
[6918 6954]
[6955 6994]
[6995 7038]
[7039 7167]
[7168 7215]
[7216 7258]
[7259 7311]
[7312 7351]
[7352 7399]
[7400 7671]
[7672 7780]
[7781 7873]
[7874 8057]
[8058 8135]
[8136 8206]
[8207 8268]
[8269 8360]
[8361 8432]
[8433 8489]
[8490 8569]
[8570 9064]
[9065 9163]
[9164 9201]
[9202 9349]
[9350 9413]
[9414 9497]
[9498 9553]
[9554 9654]
[9655 9725]
[9726 9796]
[9797 9874]
[9875 9969]
[9970 10052]
[10053 10138]
[10139 10196]
[10197 10251]
[10252 10313]
[10314 10342]
[10343 10373]
[10374 10404]
[10405 10431]
[10432 10457]
[10458 10497]
[10498 10551]
[10552 10589]
[10590 10691]
[10692 11103]
[11104 11243]
[11244 11316]
[11317 11501]
[11502 11687]
[11688 11941]
[11942 12206]
[12207 12357]
[12358 12489]
[12490 12589]
[12590 12817]
[12818 13035]
[13036 13177]
[13178 13398]
[13399 14091]
[14092 14169]
[14170 14550]
[14551 14690]
[14691 14783]
[14784 14935]
[14936 15109]
[15110 15225]
[15226 15328]
[15329 15401]
[15402 15470]
[15471 15610]
[15611 15704]
[15705 15894]
[15895 15944]
[15945 16225]
[16226 16265]
[16266 16295]
[16296 16336]
[16337 16414]
[16415 16429]
[16430 16458]
[16459 16516]
[16517 16558]
[16559 16598]
[16599 16651]
[16652 16707]
[16708 16797]
[16798 16858]
[16859 16969]
[16970 17003]
[17004 17068]
[17069 17217]
[17218 17326]
[17327 17375]
[17376 17431]
[17432 17485]
[17486 17560]
[17561 18089]
[18090 18285]
[18286 18728]
[18729 18773]
[18774 18867]
[18868 19112]
[19113 19159]
[19160 19297]
[19298 19494]
[19495 19560]
[19561 19625]
[19626 19674]
[19675 19705]
[19706 19734]
[19735 19754]
[19755 19775]
[19776 19797]
[19798 19823]
[19824 19854]
[19855 19894]
[19895 19931]
[19932 19966]
[19967 19995]
[19996 20027]
[20028 20114]
[20115 20440]
[20441 20484]
[20485 20540]
[20541 20581]
[20582 20681]
[20682 20766]
[20767 20871]
[20872 20951]
[20952 21018]
[21019 21091]
[21092 21135]
[21136 21180]
[21181 21205]
[21206 21260]
[21261 21300]
[21301 21350]
[21351 21397]
[21398 21429]
[21430 21483]
[21484 21529]
[21530 21586]
[21587 21640]
[21641 21681]
[21682 22005]
[22006 22062]
[22063 22120]
[22121 22243]
[22244 22339]
[22340 22383]
[22384 22442]
[22443 22491]
[22492 22516]
[22517 22561]
[22562 22624]
[22625 22651]
[22652 22713]
[22714 22776]
[22777 22837]
[22838 22883]
[22884 22939]
[22940 22984]
[22985 23038]
[23039 23093]
[23094 23142]
[23143 23183]
[23184 23209]
[23210 23271]
[23272 23317]
[23318 23359]
[23360 23687]
[23688 23771]
[23772 23854]
[23855 23939]
[23940 24022]
[24023 24134]
[24135 24259]
[24260 24384]
[24385 24486]
[24487 24545]
[24546 24647]
[24648 24737]
[24738 24826]
[24827 24900]
[24901 25169]
[25170 25307]
[25308 25355]
[25356 25414]
[25415 25493]
[25494 25567]
[25568 25654]
[25655 25768]
[25769 25896]
[25897 25985]
[25986 26021]
[26022 26236]
[26237 26281]
[26282 26543]
[26544 26889]
[26890 26995]
[26996 27045]
[27046 27120]
[27121 27176]
[27177 27247]
[27248 27336]
[27337 27409]
[27410 27476]
[27477 27528]
[27529 27826]
[27827 28055]
[28056 28251]
[28252 28416]
[28417 28780]
[28781 28907]
[28908 29122]
[29123 29262]
[29263 29356]
[29357 29501]
[29502 29581]
[29582 29660]
[29661 29725]
[29726 29843]
[29844 29925]
[29926 29977]
[29978 30053]
[30054 30074]
[30075 30338]
[30340 30415]
