[0 6]
[7 56]
[57 309]
[310 362]
[363 398]
[399 428]
[429 456]
[457 489]
[490 515]
[516 540]
[541 564]
[565 588]
[589 614]
[615 677]
[678 708]
[709 738]
[739 779]
[780 807]
[808 836]
[837 941]
[942 1387]
[1388 1585]
[1586 1667]
[1668 1749]
[1750 1827]
[1828 1882]
[1883 1946]
[1947 2014]
[2015 2099]
[2100 2172]
[2173 2217]
[2218 2265]
[2266 2975]
[2976 3022]
[3023 3059]
[3060 3117]
[3118 3159]
[3160 3215]
[3216 3255]
[3256 3313]
[3314 3436]
[3437 3463]
[3464 3509]
[3510 3556]
[3557 3591]
[3592 3638]
[3639 3690]
[3691 3727]
[3728 3753]
[3754 3790]
[3791 3830]
[3831 3874]
[3875 3909]
[3910 3948]
[3949 4001]
[4002 4103]
[4104 4161]
[4162 4200]
[4201 4251]
[4252 4306]
[4307 4347]
[4348 4406]
[4407 4708]
[4709 4783]
[4784 4814]
[4815 4880]
[4881 4933]
[4934 4977]
[4978 5014]
[5015 5055]
[5056 5158]
[5159 5283]
[5284 5376]
[5377 5485]
[5486 5566]
[5567 5663]
[5664 5788]
[5789 5805]
[5806 5910]
[5911 5992]
[5993 6027]
[6028 6061]
[6062 6440]
[6441 6524]
[6525 6582]
[6583 6721]
[6722 6852]
[6853 6943]
[6944 7080]
[7081 7141]
[7142 7212]
[7213 7267]
[7268 7309]
[7310 7340]
[7341 7383]
[7384 7445]
[7446 7520]
[7521 7585]
[7586 7667]
[7668 7725]
[7726 7812]
[7813 7917]
[7918 7986]
[7987 8067]
[8068 8233]
[8234 8411]
[8412 8502]
[8503 8594]
[8595 8627]
[8628 8692]
[8693 8742]
[8743 8796]
[8797 8845]
[8846 8923]
[8924 8959]
[8960 9008]
[9009 9042]
[9043 9078]
[9079 9106]
[9107 9250]
[9251 9306]
[9307 9367]
[9368 9431]
[9432 9540]
[9541 9577]
[9578 9685]
[9686 9726]
[9727 9749]
[9750 9769]
[9770 9847]
[9848 10298]
[10299 10385]
[10386 10461]
[10462 10539]
[10540 10607]
[10608 10749]
[10750 10776]
[10777 10811]
[10812 10844]
[10845 10872]
[10873 10923]
[10924 10971]
[10972 11028]
[11029 11072]
[11073 11116]
[11117 11153]
[11154 11191]
[11192 11223]
[11224 11258]
[11259 11343]
[11344 11455]
[11456 11556]
[11557 11605]
[11606 11660]
[11661 11686]
[11687 11725]
[11726 11753]
[11754 11779]
[11780 11820]
[11821 11882]
[11883 11933]
[11934 11967]
[11968 11998]
[11999 12030]
[12031 12063]
[12064 12093]
[12094 12124]
[12125 12158]
[12159 12192]
[12193 12226]
[12227 12331]
[12332 12611]
[12612 12863]
[12864 13074]
[13075 13253]
[13255 13476]
[13478 13713]
[13715 13886]
[13888 14081]
[14082 14166]
[14167 14452]
[14453 14522]
[14523 14598]
[14599 14661]
[14662 14706]
[14707 14793]
[14794 14869]
[14870 14948]
[14949 15020]
[15021 15067]
[15068 15110]
[15111 15171]
[15172 15245]
[15246 15317]
[15318 15347]
[15348 15618]
[15619 15686]
[15687 15758]
[15759 15837]
[15838 15932]
[15933 16039]
[16040 16121]
[16122 16161]
[16162 16218]
[16219 16268]
[16269 16318]
[16319 16367]
[16368 16430]
[16431 16483]
[16484 16529]
[16530 16600]
[16601 16684]
[16685 16722]
[16723 16764]
[16765 16804]
[16805 16857]
[16858 16914]
[16915 16981]
[16982 17030]
[17031 17121]
[17122 17595]
[17596 17689]
[17690 17743]
[17744 17816]
[17817 17901]
[17902 17977]
[17978 18058]
[18059 18102]
[18103 18189]
[18190 18255]
[18256 18301]
[18302 18360]
[18361 18413]
[18414 18498]
[18499 18542]
[18543 18606]
[18607 18647]
[18648 18699]
[18700 18754]
[18755 18798]
[18799 19109]
[19110 19176]
[19177 19276]
[19277 19376]
[19377 19476]
[19477 19579]
[19580 19643]
[19644 19740]
[19741 19794]
[19795 19882]
[19883 19959]
[19960 20047]
[20048 20117]
[20118 20211]
[20212 20286]
[20287 20521]
[20522 20600]
[20601 20691]
[20692 20771]
[20772 20837]
[20838 20904]
[20905 20981]
[20982 21027]
[21028 21256]
[21257 21372]
[21373 21495]
[21496 21602]
[21603 21864]
[21865 21929]
[21930 21985]
[21986 22060]
[22061 22100]
[22101 22171]
[22172 22228]
[22229 22275]
[22276 22323]
[22324 22385]
[22386 22456]
[22457 22494]
[22495 22552]
[22553 22604]
[22605 22660]
[22661 22710]
[22711 22768]
[22769 22874]
[22875 23109]
[23110 23230]
[23231 23330]
[23331 23468]
[23469 23591]
[23592 23664]
[23665 24045]
[24046 24076]
[24077 24119]
[24120 24178]
[24179 24258]
[24259 24275]
[24276 24351]
[24352 24418]
[24419 24479]
[24480 24515]
[24516 24886]
[24887 25014]
[25015 25141]
[25142 25266]
[25267 25389]
[25390 25514]
[25515 25580]
[25581 25910]
[25911 25993]
[25994 26071]
[26072 26144]
[26145 26236]
[26237 26301]
[26302 26390]
[26391 26462]
[26463 26526]
[26527 26609]
[26610 26702]
[26703 27517]
[27519 27599]
