[0 7]
[8 48]
[49 353]
[354 384]
[385 415]
[416 446]
[447 480]
[481 511]
[512 542]
[543 573]
[574 604]
[605 635]
[636 666]
[667 729]
[730 923]
[924 1374]
[1375 1431]
[1432 1493]
[1494 1630]
[1631 1738]
[1739 1776]
[1777 1862]
[1863 1976]
[1977 2037]
[2038 2098]
[2099 2159]
[2160 2220]
[2221 2288]
[2289 2386]
[2387 2451]
[2452 2507]
[2508 2544]
[2545 2593]
[2594 2642]
[2643 2754]
[2755 2806]
[2807 2904]
[2905 3384]
[3385 3450]
[3451 3534]
[3535 3553]
[3554 3626]
[3627 3732]
[3733 3765]
[3766 3806]
[3807 3847]
[3848 3877]
[3878 3930]
[3931 3961]
[3962 3998]
[3999 4107]
[4108 4136]
[4137 4178]
[4179 4219]
[4220 4258]
[4259 4300]
[4301 4322]
[4323 4351]
[4352 4422]
[4423 4449]
[4450 4483]
[4484 4521]
[4522 4582]
[4583 4608]
[4609 4633]
[4634 4668]
[4669 4692]
[4693 4728]
[4729 4771]
[4772 4802]
[4803 4847]
[4848 4874]
[4875 5340]
[5341 5388]
[5389 5420]
[5421 5504]
[5505 5539]
[5540 5594]
[5595 5694]
[5695 5725]
[5726 5770]
[5771 5823]
[5824 5868]
[5869 6082]
[6083 6116]
[6117 6201]
[6202 6301]
[6302 6330]
[6331 6348]
[6349 6400]
[6401 6466]
[6467 6529]
[6530 6595]
[6596 6639]
[6640 6666]
[6667 6802]
[6803 7404]
[7406 7455]
[7456 7522]
[7523 7651]
[7652 7808]
[7809 7896]
[7897 7953]
[7954 8036]
[8037 8100]
[8101 8211]
[8212 8272]
[8273 8345]
[8346 8430]
[8431 8502]
[8503 8617]
[8618 8675]
[8676 8738]
[8739 8800]
[8801 8866]
[8867 8949]
[8950 9268]
[9270 9329]
[9330 9402]
[9403 9460]
[9461 9609]
[9610 9642]
[9643 9708]
[9709 9783]
[9784 9907]
[9908 9969]
[9970 10016]
[10017 10063]
[10064 10139]
[10140 10159]
[10160 10203]
[10204 10473]
[10474 10659]
[10660 11027]
[11028 11220]
[11221 11323]
[11324 11403]
[11404 11484]
[11485 11827]
[11828 11933]
[11934 11983]
[11984 12032]
[12033 12130]
[12131 12219]
[12220 12305]
[12306 12451]
[12452 12543]
[12544 12614]
[12615 12719]
[12720 12817]
[12818 12863]
[12864 12906]
[12907 12941]
[12942 13249]
[13250 13335]
[13336 13415]
[13416 13442]
[13443 13520]
[13521 13591]
[13592 13632]
[13633 13714]
[13715 13766]
[13767 13803]
[13804 13833]
[13834 13881]
[13882 13921]
[13922 13944]
[13945 14030]
[14031 14072]
[14073 14160]
[14161 14227]
[14228 14254]
[14255 14277]
[14278 14295]
[14296 14316]
[14317 14357]
[14358 14376]
[14377 14470]
[14471 14514]
[14515 14676]
[14678 14766]
[14767 14814]
[14815 14893]
[14894 14940]
[14941 15058]
[15059 15129]
[15130 15214]
[15215 15351]
[15352 15441]
[15442 15505]
[15506 15582]
[15583 15631]
[15632 15731]
[15732 15839]
[15840 15969]
[15970 16076]
[16077 16408]
[16409 16522]
[16523 16647]
[16648 16728]
[16729 16839]
[16840 16946]
[16947 17045]
[17046 17111]
[17112 17256]
[17257 17526]
[17527 17586]
[17587 17660]
[17661 17814]
[17815 17930]
[17931 18062]
[18063 18155]
[18156 18306]
[18307 18457]
[18458 18535]
[18536 18573]
[18575 18637]
[18638 18673]
[18674 18709]
[18710 18745]
[18746 18781]
[18782 18812]
[18813 18817]
[18818 18853]
[18854 18889]
[18890 18925]
[18926 18961]
[18962 18997]
[18998 19075]
[19076 19331]
[19332 19774]
[19775 19936]
[19937 20008]
[20009 20068]
[20069 20130]
[20131 20201]
[20202 20536]
[20537 20654]
[20655 20773]
[20774 20862]
[20863 20956]
[20957 21017]
[21018 21095]
[21096 21193]
[21194 21298]
[21299 21384]
[21385 21416]
[21417 21753]
[21754 21846]
[21847 21913]
[21914 21952]
[21953 22088]
[22089 22137]
[22138 22190]
[22191 22250]
[22251 22341]
[22342 22380]
[22381 22415]
[22416 22653]
[22654 22754]
[22755 22846]
[22847 22955]
[22956 23032]
[23033 23123]
[23124 23210]
[23211 23290]
[23291 23395]
[23396 23479]
[23480 23565]
[23566 23648]
[23649 23911]
[23912 24012]
[24013 24059]
[24060 24165]
[24166 24199]
[24200 24227]
[24228 24296]
[24297 24385]
[24386 24452]
[24453 24497]
[24498 24530]
[24531 24767]
[24768 24903]
[24904 25098]
[25099 25193]
[25194 25395]
[25396 25448]
[25449 25486]
[25487 25529]
[25530 25581]
[25582 25620]
[25621 25662]
[25663 26015]
[26017 26018]
[26019 26071]
[26072 26115]
[26116 26168]
[26169 26287]
[26288 26386]
[26387 26705]
[26706 26779]
[26780 26925]
[26926 26972]
[26973 27067]
[27068 27132]
[27133 27256]
[27257 27382]
[27383 27540]
[27541 27652]
[27653 27779]
[27780 27855]
[27856 27962]
[27963 28226]
[28227 28303]
