[0 9]
[10 35]
[36 373]
[374 431]
[432 462]
[463 493]
[494 524]
[525 558]
[559 620]
[621 652]
[653 682]
[683 713]
[714 744]
[745 775]
[776 806]
[807 865]
[866 1412]
[1413 1430]
[1431 1477]
[1478 1537]
[1538 1567]
[1568 1642]
[1643 1695]
[1696 1761]
[1762 1827]
[1828 1912]
[1913 1949]
[1950 1970]
[1971 2036]
[2037 2168]
[2169 2224]
[2225 2271]
[2272 2336]
[2337 2402]
[2403 2430]
[2431 2544]
[2545 2591]
[2592 2631]
[2632 2669]
[2670 2700]
[2701 2735]
[2736 2777]
[2778 2871]
[2872 2909]
[2910 2956]
[2957 3225]
[3226 3281]
[3282 3345]
[3346 3407]
[3408 3466]
[3467 3528]
[3529 3556]
[3557 3622]
[3623 3696]
[3697 3842]
[3843 3932]
[3933 4055]
[4056 4115]
[4116 4204]
[4205 4303]
[4304 4375]
[4376 4683]
[4684 4734]
[4735 4774]
[4775 4810]
[4811 4846]
[4847 4900]
[4901 4947]
[4948 4990]
[4991 5060]
[5061 5125]
[5126 5177]
[5178 5212]
[5213 5277]
[5278 5323]
[5324 5373]
[5374 5461]
[5462 5517]
[5518 5577]
[5578 5624]
[5625 5660]
[5661 5680]
[5681 5691]
[5692 5727]
[5728 5839]
[5840 5898]
[5899 5979]
[5980 6115]
[6116 6199]
[6200 6247]
[6248 6355]
[6356 6459]
[6460 6566]
[6567 6984]
[6985 7069]
[7070 7143]
[7144 7208]
[7209 7272]
[7273 7338]
[7339 7388]
[7389 7457]
[7458 7518]
[7519 7550]
[7551 7574]
[7575 7697]
[7698 7740]
[7741 7761]
[7762 7788]
[7789 7873]
[7874 7965]
[7966 8039]
[8040 8149]
[8150 8223]
[8224 8298]
[8299 8376]
[8377 8455]
[8456 8550]
[8551 8592]
[8593 8669]
[8670 8743]
[8744 8927]
[8928 8978]
[8979 9150]
[9151 9232]
[9233 9261]
[9262 9360]
[9361 9472]
[9473 9534]
[9535 9563]
[9564 9761]
[9762 9776]
[9777 9850]
[9851 9932]
[9933 10017]
[10018 10469]
[10470 10515]
[10516 10536]
[10537 10562]
[10563 10577]
[10578 10599]
[10600 10614]
[10615 10659]
[10660 10675]
[10676 10690]
[10691 10706]
[10707 10719]
[10720 10764]
[10765 10798]
[10799 10827]
[10828 10850]
[10851 10862]
[10863 10887]
[10888 10903]
[10904 10917]
[10918 10930]
[10931 10983]
[10984 10997]
[10998 11021]
[11022 11036]
[11037 11055]
[11056 11068]
[11069 11089]
[11090 11194]
[11195 11237]
[11240 11281]
[11282 11295]
[11296 11310]
[11311 11329]
[11330 11357]
[11358 11387]
[11388 11417]
[11418 11438]
[11439 11458]
[11459 11726]
[11727 11799]
[11800 11892]
[11893 11990]
[11991 12064]
[12065 12116]
[12117 12225]
[12226 12283]
[12284 12482]
[12483 12554]
[12555 12606]
[12607 12669]
[12670 12725]
[12726 12803]
[12804 12891]
[12892 12927]
[12928 12986]
[12987 13042]
[13043 13102]
[13103 13130]
[13131 13175]
[13176 13237]
[13238 13346]
[13347 13489]
[13490 13605]
[13606 13673]
[13674 13739]
[13740 13865]
[13866 13929]
[13930 13984]
[13985 14051]
[14052 14109]
[14110 14172]
[14173 14225]
[14226 14287]
[14288 14343]
[14344 14402]
[14403 14460]
[14461 14531]
[14532 14861]
[14862 14914]
[14915 15013]
[15014 15119]
[15120 15236]
[15237 15443]
[15444 15564]
[15565 15685]
[15686 15806]
[15807 15947]
[15948 16089]
[16090 16337]
[16338 16432]
[16433 16539]
[16540 16694]
[16695 16833]
[16834 16960]
[16961 17153]
[17154 17189]
[17190 17225]
[17226 17261]
[17262 17297]
[17298 17333]
[17334 17369]
[17370 17441]
[17442 17477]
[17478 17592]
[17593 17902]
[17903 17978]
[17979 18010]
[18011 18081]
[18082 18153]
[18154 18327]
[18328 18379]
[18380 18493]
[18494 18574]
[18575 18608]
[18609 18668]
[18669 18718]
[18719 19002]
[19003 19097]
[19098 19168]
[19169 19248]
[19249 19298]
[19299 19381]
[19382 19440]
[19441 19510]
[19511 19624]
[19625 19693]
[19694 19788]
[19789 19849]
[19850 20173]
[20174 20344]
[20345 20460]
[20461 20567]
[20568 20895]
[20896 20953]
[20954 20999]
[21000 21037]
[21038 21081]
[21082 21152]
[21153 21341]
[21342 21396]
[21397 21442]
[21443 21780]
[21781 21835]
[21836 21893]
[21894 21944]
[21945 22002]
[22003 22055]
[22056 22114]
[22115 22174]
[22175 22233]
[22234 22293]
[22294 22346]
[22347 22401]
[22402 22453]
[22454 22513]
[22514 22659]
[22660 22864]
[22865 23060]
[23062 23221]
[23223 23416]
[23417 23588]
[23589 23653]
[23654 23736]
[23737 24019]
[24020 24079]
[24080 24139]
[24140 24272]
[24273 24391]
[24392 24534]
[24535 24737]
[24738 24992]
[24993 25170]
[25171 25251]
[25252 25329]
[25330 25394]
[25395 25445]
[25446 25641]
[25642 26007]
