[0 8]
[9 56]
[57 376]
[377 412]
[413 442]
[443 470]
[471 503]
[504 536]
[537 567]
[568 599]
[600 627]
[628 664]
[665 695]
[696 752]
[753 796]
[797 831]
[832 860]
[861 958]
[959 1241]
[1242 1296]
[1297 1341]
[1342 1401]
[1402 1451]
[1452 1491]
[1492 1532]
[1533 1588]
[1589 1655]
[1656 1716]
[1717 1782]
[1783 1862]
[1863 1927]
[1928 1999]
[2000 2057]
[2058 2109]
[2110 2154]
[2155 2177]
[2178 2502]
[2503 2590]
[2591 2672]
[2673 2731]
[2732 2787]
[2788 2851]
[2852 3134]
[3135 3833]
[3834 3884]
[3885 3996]
[3997 4044]
[4045 4094]
[4095 4148]
[4149 4183]
[4184 4221]
[4222 4300]
[4301 4411]
[4412 4479]
[4480 4517]
[4518 4688]
[4689 4743]
[4744 4809]
[4810 4845]
[4846 5095]
[5096 5307]
[5308 5414]
[5415 5544]
[5545 5637]
[5638 5714]
[5715 5805]
[5806 5949]
[5950 6062]
[6063 6154]
[6155 6380]
[6381 6451]
[6452 6521]
[6522 6809]
[6810 6875]
[6876 6940]
[6941 7051]
[7052 7141]
[7142 7217]
[7218 7292]
[7293 7355]
[7356 7576]
[7577 7624]
[7625 7672]
[7673 7726]
[7727 7770]
[7771 7868]
[7869 7944]
[7945 8007]
[8008 8069]
[8070 8134]
[8135 8185]
[8186 8244]
[8245 8311]
[8312 8373]
[8374 8406]
[8407 8865]
[8866 8907]
[8908 8937]
[8938 8960]
[8961 8983]
[8984 9017]
[9018 9049]
[9050 9084]
[9085 9107]
[9108 9177]
[9178 9454]
[9455 9535]
[9536 9569]
[9570 9617]
[9618 9673]
[9674 9726]
[9727 9777]
[9778 9799]
[9800 9849]
[9850 9906]
[9907 9938]
[9939 9987]
[9988 10033]
[10034 10091]
[10092 10150]
[10151 10175]
[10176 10201]
[10202 10230]
[10231 10259]
[10260 10292]
[10293 10330]
[10331 10389]
[10390 10426]
[10427 10485]
[10486 10589]
[10590 11062]
[11063 11123]
[11124 11171]
[11172 11249]
[11250 11305]
[11306 11363]
[11364 11419]
[11420 11483]
[11484 11525]
[11526 11571]
[11572 11624]
[11625 11674]
[11675 11730]
[11731 11791]
[11792 11907]
[11908 11993]
[11994 12072]
[12073 12133]
[12134 12190]
[12191 12244]
[12245 12297]
[12298 12347]
[12348 12422]
[12423 12514]
[12515 12781]
[12782 12861]
[12862 12926]
[12927 12987]
[12988 13056]
[13057 13211]
[13212 13375]
[13376 13522]
[13523 13604]
[13605 13702]
[13703 13817]
[13818 13902]
[13903 14238]
[14239 14424]
[14425 14568]
[14569 14615]
[14616 14664]
[14665 14790]
[14791 14888]
[14889 15169]
[15170 15302]
[15303 15538]
[15539 15868]
[15869 15912]
[15913 15946]
[15947 15994]
[15995 16025]
[16026 16058]
[16059 16096]
[16097 16124]
[16125 16157]
[16158 16226]
[16227 16260]
[16261 16316]
[16317 16368]
[16369 16408]
[16409 16447]
[16448 16493]
[16494 16535]
[16536 16594]
[16595 16643]
[16644 16683]
[16684 16732]
[16733 17074]
[17075 17698]
[17699 17732]
[17733 17908]
[17909 17953]
[17954 18402]
[18403 18445]
[18446 18630]
[18631 18837]
[18838 18874]
[18875 18930]
[18931 18962]
[18963 19019]
[19020 19169]
[19170 19279]
[19280 19374]
[19375 19478]
[19479 19537]
[19538 19656]
[19657 19707]
[19708 19744]
[19745 19787]
[19788 19897]
[19898 19937]
[19938 19963]
[19964 20051]
[20052 20125]
[20126 20180]
[20181 20216]
[20217 20259]
[20260 20313]
[20314 20334]
[20335 20390]
[20391 20431]
[20432 20511]
[20512 20613]
[20614 20664]
[20665 20700]
[20701 20729]
[20730 20759]
[20760 20793]
[20794 20820]
[20821 20858]
[20859 20906]
[20907 20942]
[20943 21047]
[21048 21406]
[21407 21533]
[21534 21593]
[21594 21653]
[21654 21713]
[21714 21773]
[21774 21820]
[21821 21844]
[21845 21948]
[21949 22008]
[22009 22043]
[22044 22096]
[22097 22202]
[22203 22262]
[22263 22322]
[22323 22360]
[22361 22382]
[22383 22442]
[22443 22534]
[22535 22594]
[22595 22694]
[22695 22757]
[22758 23051]
[23052 23208]
[23209 23278]
[23279 23362]
[23363 23446]
[23447 23517]
[23518 23566]
[23567 23619]
[23620 23672]
[23673 23759]
[23760 23843]
[23844 23899]
[23900 23958]
[23959 23996]
[23997 24009]
[24010 24141]
[24142 24288]
[24289 24773]
[24774 24850]
[24851 24911]
[24912 25067]
[25068 25160]
[25161 25195]
[25196 25314]
[25315 25451]
[25452 25512]
[25513 25595]
[25596 25668]
[25669 25708]
[25709 25791]
[25792 25897]
[25898 26005]
[26006 26347]
[26348 26469]
[26470 26575]
[26576 26634]
[26635 26775]
[26776 26870]
[26871 26909]
[26910 26929]
[26930 27011]
[27012 27120]
[27121 27278]
[27279 27389]
[27390 27865]
[27866 27938]
[27939 27991]
[27992 28070]
[28071 28261]
[28262 28345]
[28346 28408]
[28409 28533]
[28534 28639]
[28640 28751]
[28752 28802]
[28803 28853]
[28854 28906]
[28907 29012]
[29013 29040]
[29041 29282]
[29283 29478]
[29479 29552]
[29553 29610]
[29611 29669]
[29670 29742]
[29743 29809]
[29810 29876]
[29877 29935]
[29936 29959]
[29960 29992]
[29993 30065]
[30066 30138]
[30139 30187]
[30188 30269]
[30271 30326]
[30327 30370]
[30371 30640]
[30641 30785]
[30786 30928]
[30929 31097]
[31098 31240]
[31241 31260]
[31261 31419]
[31420 31466]
[31467 31527]
[31528 31557]
[31558 31634]
[31635 31750]
[31751 31779]
[31780 31869]
[31870 31952]
[31953 32074]
[32075 32150]
[32151 32280]
[32281 32356]
[32357 32404]
[32405 32660]
[32661 32807]
[32808 33029]
[33030 33149]
[33150 33272]
[33273 33409]
[33410 33670]
[33671 33758]
