[0 8]
[9 271]
[272 325]
[326 364]
[365 407]
[408 455]
[456 464]
[465 503]
[504 547]
[548 687]
[688 748]
[749 1146]
[1147 1226]
[1227 1252]
[1253 1276]
[1277 1320]
[1321 1478]
[1479 1528]
[1529 1557]
[1558 1598]
[1599 1744]
[1745 1807]
[1808 1921]
[1922 2018]
[2019 2043]
[2044 2118]
[2119 2147]
[2148 2214]
[2215 2334]
[2335 2388]
[2389 2453]
[2454 2543]
[2544 2590]
[2591 2648]
[2650 3034]
[3036 3070]
[3071 3090]
[3091 3149]
[3150 3208]
[3209 3278]
[3279 3345]
[3346 3404]
[3405 3452]
[3453 3589]
[3590 3636]
[3637 3728]
[3729 3769]
[3770 3799]
[3800 3846]
[3847 3940]
[3941 4025]
[4026 4067]
[4068 4126]
[4127 4171]
[4172 4199]
[4200 4250]
[4251 4291]
[4292 4352]
[4353 4408]
[4409 4451]
[4452 4509]
[4510 4551]
[4552 4840]
[4841 4883]
[4884 4936]
[4937 4991]
[4992 5060]
[5061 5204]
[5205 5257]
[5258 5354]
[5355 5406]
[5407 5462]
[5463 5517]
[5518 5572]
[5573 5628]
[5629 5700]
[5701 5748]
[5749 5831]
[5832 5866]
[5867 5881]
[5882 5969]
[5970 6470]
[6471 6674]
[6675 6745]
[6746 6771]
[6772 6857]
[6858 6957]
[6958 7043]
[7045 7126]
[7128 7701]
[7702 7751]
[7752 7808]
[7809 7847]
[7848 8004]
[8005 8063]
[8064 8346]
[8347 8529]
[8530 8571]
[8572 8634]
[8635 8759]
[8760 8876]
[8877 8911]
[8912 8947]
[8948 8991]
[8992 9040]
[9041 9074]
[9075 9100]
[9101 9135]
[9136 9170]
[9171 9216]
[9217 9257]
[9258 9306]
[9307 9362]
[9363 9459]
[9460 9543]
[9544 9617]
[9618 9798]
[9799 10112]
[10113 10191]
[10192 10235]
[10236 10315]
[10316 10358]
[10359 10400]
[10401 10475]
[10476 10554]
[10555 10658]
[10659 10709]
[10710 10771]
[10772 10819]
[10820 10844]
[10845 10930]
[10931 11054]
[11055 11172]
[11173 11236]
[11237 11281]
[11282 11323]
[11324 11362]
[11363 11406]
[11407 11491]
[11492 11573]
[11574 11755]
[11756 11905]
[11906 12031]
[12032 12081]
[12082 12139]
[12140 12194]
[12195 12267]
[12268 12324]
[12325 12370]
[12371 12424]
[12425 12603]
[12604 12680]
[12681 12705]
[12706 12735]
[12736 12772]
[12773 12861]
[12862 12911]
[12912 12959]
[12960 13008]
[13009 13106]
[13107 13136]
[13137 13223]
[13224 13295]
[13296 13345]
[13346 13411]
[13412 13445]
[13446 13509]
[13510 13561]
[13562 13651]
[13652 13940]
[13941 14021]
[14022 14089]
[14090 14140]
[14141 14214]
[14215 14331]
[14332 14402]
[14403 14447]
[14448 14524]
[14525 14559]
[14560 14605]
[14606 14641]
[14642 14683]
[14684 14724]
[14725 14986]
[14987 15215]
[15216 15548]
[15549 15826]
[15827 15863]
[15864 15952]
[15953 16026]
[16027 16109]
[16110 16192]
[16193 16275]
[16276 16358]
[16359 16441]
[16442 16506]
[16507 16773]
[16774 17056]
[17057 17097]
[17098 17132]
[17133 17168]
[17169 17209]
[17210 17237]
[17238 17326]
[17327 17381]
[17382 17489]
[17490 17884]
[17885 17940]
[17941 17976]
[17977 18009]
[18010 18039]
[18040 18072]
[18073 18110]
[18111 18144]
[18145 18179]
[18180 18220]
[18221 18261]
[18262 18718]
[18719 18836]
[18837 18921]
[18922 19140]
[19141 19264]
[19265 19557]
[19558 19610]
[19611 19657]
[19658 19693]
[19694 19790]
[19791 19890]
[19891 19963]
[19964 20246]
[20247 20262]
[20263 20345]
[20347 20667]
[20668 20714]
[20715 20780]
[20781 20835]
[20836 20909]
[20910 21164]
[21165 21207]
[21208 21521]
[21522 21604]
[21605 21645]
[21646 21681]
[21682 21735]
[21736 21789]
[21790 21849]
[21850 21912]
[21913 21954]
[21955 21987]
[21988 22248]
[22249 22351]
