[0 29]
[30 482]
[483 532]
[533 584]
[585 619]
[620 660]
[661 698]
[699 761]
[762 785]
[786 835]
[836 867]
[868 906]
[907 979]
[980 1443]
[1444 1489]
[1490 1558]
[1559 1605]
[1606 1655]
[1656 1728]
[1729 1772]
[1773 1815]
[1816 1849]
[1850 1907]
[1908 1956]
[1957 1981]
[1982 2044]
[2045 2104]
[2105 2139]
[2140 2205]
[2206 2274]
[2275 2482]
[2483 2546]
[2547 2605]
[2606 2641]
[2642 2715]
[2716 2756]
[2757 2814]
[2815 2841]
[2842 3211]
[3212 3261]
[3262 3322]
[3323 3471]
[3472 3547]
[3548 3564]
[3565 3619]
[3620 3644]
[3645 3687]
[3688 3729]
[3730 3799]
[3800 3844]
[3845 3924]
[3925 3983]
[3984 4065]
[4066 4112]
[4113 4222]
[4223 4437]
[4438 4489]
[4490 4545]
[4546 4596]
[4597 4659]
[4660 4683]
[4684 4731]
[4732 4774]
[4775 4804]
[4805 4832]
[4833 4858]
[4859 4916]
[4917 4965]
[4966 4987]
[4988 5027]
[5028 5055]
[5056 5150]
[5151 5208]
[5209 5246]
[5247 5307]
[5308 5364]
[5365 5461]
[5462 5531]
[5532 5619]
[5620 5722]
[5723 5782]
[5783 5822]
[5823 5907]
[5908 5938]
[5939 5978]
[5979 6493]
[6494 6562]
[6563 6621]
[6622 6669]
[6670 6720]
[6721 6777]
[6778 6833]
[6834 6890]
[6891 6939]
[6940 7153]
[7154 7302]
[7303 7365]
[7366 7447]
[7448 7539]
[7540 7608]
[7609 7659]
[7660 7691]
[7692 7752]
[7753 7815]
[7816 7859]
[7860 7904]
[7905 7960]
[7961 8003]
[8004 8165]
[8166 8395]
[8396 8426]
[8427 8475]
[8476 8545]
[8546 8604]
[8605 8665]
[8666 8716]
[8717 8748]
[8749 8785]
[8786 8820]
[8821 8889]
[8890 8949]
[8950 9009]
[9010 9083]
[9084 9159]
[9160 9202]
[9203 9242]
[9243 9298]
[9299 9347]
[9348 9446]
[9447 9507]
[9508 9566]
[9567 9634]
[9635 9736]
[9737 9793]
[9794 9842]
[9843 9895]
[9896 9956]
[9957 10015]
[10016 10083]
[10084 10140]
[10141 10183]
[10184 10263]
[10264 10399]
[10400 10738]
[10739 10759]
[10760 10798]
[10799 10842]
[10843 10881]
[10882 10944]
[10945 11006]
[11007 11025]
[11026 11081]
[11082 11115]
[11116 11151]
[11152 11186]
[11187 11246]
[11247 11261]
[11262 11314]
[11315 11335]
[11336 11397]
[11398 11429]
[11430 11463]
[11464 11489]
[11490 11531]
[11532 11576]
[11577 11606]
[11607 11637]
[11638 11872]
[11873 11922]
[11923 12025]
[12026 12124]
[12125 12183]
[12184 12270]
[12271 12303]
[12304 12395]
[12396 12470]
[12471 12533]
[12534 12576]
[12577 12640]
[12641 12691]
[12692 13042]
[13043 13081]
[13082 13187]
[13188 13260]
[13261 13289]
[13290 13342]
[13343 13456]
[13457 13549]
[13550 13645]
[13646 13781]
[13782 13880]
[13881 13935]
[13936 14272]
[14273 14332]
[14333 14378]
[14379 14454]
[14455 14481]
[14482 14551]
[14552 14609]
[14610 14673]
[14674 14717]
[14718 14775]
[14776 14804]
[14805 14866]
[14867 14937]
[14938 14994]
[14995 15190]
[15191 15226]
[15227 15684]
[15685 15745]
[15746 15865]
[15866 15921]
[15922 15989]
[15990 16056]
[16057 16132]
[16133 16204]
[16205 16290]
[16291 16327]
[16328 16383]
[16384 16438]
[16439 16499]
[16500 16572]
[16573 16625]
[16626 16697]
[16698 17028]
[17029 17319]
[17320 17501]
[17502 17626]
[17627 17751]
[17752 17876]
[17877 18001]
[18002 18045]
[18046 18110]
[18111 18163]
[18164 18230]
[18231 18296]
[18297 18395]
[18396 18445]
[18446 18553]
[18554 19071]
[19072 19106]
[19107 19177]
[19178 19269]
[19270 19357]
[19358 19508]
[19509 19636]
[19637 19735]
[19736 19909]
[19910 19959]
[19960 20454]
[20455 20505]
[20506 20563]
[20564 20604]
[20605 20656]
[20657 20732]
[20733 20792]
[20793 20824]
[20825 20895]
[20896 20923]
[20924 20995]
[20996 21059]
[21060 21075]
[21076 21143]
[21144 21165]
[21166 21221]
[21222 21305]
[21306 21427]
[21428 21482]
[21483 21911]
[21912 21975]
[21976 22002]
[22003 22056]
[22057 22122]
[22123 22158]
[22159 22207]
[22208 22252]
[22253 22306]
[22307 22330]
[22331 22370]
[22371 22424]
[22425 22479]
[22480 22528]
[22529 22557]
[22558 22671]
[22672 22701]
[22702 22759]
[22760 22821]
[22822 22871]
[22872 22912]
[22913 22977]
[22978 23007]
[23008 23045]
[23046 23071]
[23072 23119]
[23120 23384]
[23385 23458]
[23459 23511]
[23512 23631]
[23632 23681]
[23682 23753]
[23754 23828]
[23829 23902]
[23903 23969]
[23970 24086]
[24087 24156]
[24157 24198]
[24199 24243]
[24244 24328]
[24329 24379]
[24380 24443]
[24444 24509]
[24510 24538]
[24539 24616]
[24617 24671]
[24672 24716]
[24717 24763]
[24764 24803]
[24804 24851]
[24852 24899]
[24900 25210]
[25211 25263]
[25264 25331]
[25332 25484]
[25485 25535]
[25536 25724]
[25725 25776]
[25777 25877]
[25878 26012]
[26013 26075]
[26076 26088]
[26089 26340]
[26341 26382]
[26383 26448]
[26449 26499]
[26500 26536]
[26537 26572]
[26573 26609]
[26610 26683]
[26684 26720]
[26721 26799]
[26800 26857]
[26858 26912]
[26913 26961]
[26962 26998]
[26999 27087]
[27088 27221]
[27222 27282]
[27283 27441]
[27442 27543]
[27544 27630]
[27631 27698]
[27699 27785]
[27786 27834]
[27835 27867]
[27868 28207]
[28208 28342]
[28343 28491]
[28492 28655]
[28656 28789]
[28790 28937]
[28938 29235]
[29236 29291]
[29292 29373]
[29374 29427]
[29428 29531]
[29532 29681]
[29682 29708]
[29709 29753]
[29754 29798]
[29799 29832]
[29833 29851]
[29852 29883]
[29884 29945]
[29946 29992]
[29993 30024]
[30025 30072]
[30073 30117]
[30118 30184]
[30185 30708]
[30710 30784]
