[0 5]
[6 39]
[40 283]
[284 340]
[341 376]
[377 406]
[407 434]
[435 467]
[468 497]
[498 524]
[525 557]
[558 591]
[592 628]
[629 659]
[660 686]
[687 715]
[716 770]
[771 1380]
[1381 1445]
[1446 1481]
[1482 1519]
[1520 1600]
[1601 1656]
[1657 1706]
[1707 1745]
[1746 1796]
[1797 1833]
[1834 1884]
[1885 1944]
[1945 1978]
[1979 2051]
[2052 2070]
[2071 2130]
[2131 2204]
[2205 2267]
[2268 2325]
[2326 2361]
[2362 2389]
[2390 2474]
[2475 2560]
[2561 2619]
[2620 3032]
[3033 3101]
[3102 3144]
[3145 3188]
[3189 3231]
[3232 3261]
[3262 3304]
[3305 3340]
[3341 3428]
[3429 3480]
[3481 3531]
[3532 3620]
[3621 3662]
[3663 3706]
[3707 3750]
[3751 3771]
[3772 3814]
[3815 3848]
[3849 3873]
[3874 3949]
[3950 4011]
[4012 4081]
[4082 4147]
[4148 4227]
[4228 4307]
[4308 4383]
[4384 4463]
[4464 4509]
[4510 4924]
[4925 5013]
[5014 5055]
[5056 5111]
[5112 5185]
[5186 5258]
[5259 5323]
[5324 5383]
[5384 5454]
[5455 5609]
[5610 5782]
[5783 5816]
[5817 5867]
[5868 5997]
[5998 6057]
[6058 6079]
[6080 6136]
[6137 6190]
[6191 6192]
[6193 6237]
[6238 6259]
[6260 6312]
[6313 6359]
[6360 6437]
[6438 6905]
[6906 7006]
[7007 7033]
[7034 7117]
[7118 7177]
[7178 7214]
[7215 7267]
[7268 7325]
[7326 7361]
[7362 7400]
[7401 7450]
[7451 7505]
[7506 7624]
[7625 7872]
[7873 7936]
[7937 7999]
[8000 8071]
[8072 8137]
[8138 8176]
[8177 8235]
[8236 8294]
[8295 8355]
[8356 8420]
[8421 8477]
[8478 8521]
[8522 8577]
[8578 8634]
[8635 8691]
[8692 8755]
[8756 8815]
[8816 8886]
[8887 8954]
[8955 9017]
[9018 9069]
[9070 9180]
[9181 9235]
[9236 9362]
[9363 9463]
[9464 9541]
[9542 9617]
[9618 9684]
[9685 9746]
[9747 9818]
[9819 9870]
[9871 9942]
[9943 10007]
[10008 10072]
[10073 10161]
[10162 10212]
[10213 10259]
[10260 10300]
[10301 10341]
[10342 10406]
[10407 10445]
[10446 10482]
[10483 10518]
[10519 10599]
[10600 10922]
[10923 10997]
[10998 11064]
[11065 11112]
[11113 11185]
[11186 11262]
[11263 11311]
[11312 11364]
[11365 11449]
[11450 11509]
[11510 11584]
[11585 11678]
[11679 11728]
[11729 11782]
[11783 11853]
[11854 12216]
[12217 12285]
[12286 12339]
[12340 12389]
[12390 12454]
[12455 12509]
[12510 12573]
[12574 12645]
[12646 12780]
[12781 12869]
[12870 12994]
[12995 13034]
[13035 13085]
[13086 13142]
[13143 13394]
[13395 13588]
[13589 13629]
[13630 13669]
[13670 13836]
[13837 13970]
[13971 14109]
[14110 14133]
[14134 14169]
[14170 14203]
[14204 14570]
[14571 14713]
[14714 14938]
[14939 15163]
[15164 15392]
[15393 15635]
[15636 15707]
[15708 15764]
[15765 15786]
[15787 15860]
[15861 15925]
[15926 15984]
[15985 16054]
[16055 16114]
[16115 16365]
[16366 16408]
[16409 16427]
[16428 16444]
[16445 16498]
[16499 16519]
[16520 16593]
[16594 16671]
[16672 16682]
[16683 16749]
[16750 16819]
[16820 16877]
[16878 16967]
[16968 17054]
[17055 17148]
[17149 17201]
[17202 17261]
[17262 17336]
[17337 17456]
[17457 17579]
[17580 17624]
[17625 17698]
[17699 17766]
[17767 17820]
[17821 18277]
[18278 18550]
[18551 18615]
[18616 18670]
[18671 18715]
[18716 18720]
[18721 18826]
[18827 18887]
[18888 18916]
[18917 18976]
[18977 19101]
[19102 19161]
[19162 19218]
[19219 19270]
[19271 19387]
[19388 19486]
[19487 19548]
[19549 19658]
[19659 19756]
[19757 19793]
[19794 19847]
[19848 20288]
[20289 20360]
[20361 20409]
[20410 20465]
[20466 20522]
[20523 20575]
[20576 20634]
[20635 20681]
[20682 20797]
[20798 20851]
[20852 20888]
[20889 20908]
[20909 20960]
[20961 21012]
[21013 21205]
[21206 21346]
[21347 21419]
[21420 21476]
[21477 22003]
[22004 22050]
[22051 22099]
[22100 22155]
[22156 22217]
[22218 22299]
[22300 22355]
[22356 22403]
[22404 22438]
[22439 22596]
[22597 22648]
[22649 22674]
[22675 22704]
[22705 22755]
[22756 22786]
[22787 22822]
[22823 22892]
[22893 22968]
[22969 23046]
[23047 23086]
[23087 23383]
[23384 23438]
[23439 23472]
[23473 23535]
[23536 23590]
[23591 23676]
[23677 23726]
[23727 23782]
[23783 23819]
[23820 23848]
[23849 23879]
[23880 23917]
[23918 23974]
[23975 24029]
[24030 24066]
[24067 24088]
[24089 24129]
[24130 24509]
[24510 24574]
[24575 24643]
[24644 24723]
[24724 24803]
[24804 24913]
[24914 25012]
[25013 25064]
[25065 25155]
[25156 25329]
[25330 25386]
[25387 25434]
[25435 25684]
[25685 25745]
[25746 25836]
[25837 26251]
[26252 26344]
