[0 48]
[49 437]
[438 496]
[497 517]
[518 538]
[539 597]
[598 623]
[624 676]
[677 716]
[717 747]
[748 811]
[812 842]
[843 871]
[872 930]
[931 1558]
[1560 1792]
[1793 1889]
[1890 2047]
[2048 2145]
[2146 2229]
[2230 2323]
[2324 2382]
[2383 2434]
[2435 2541]
[2542 2562]
[2563 2583]
[2584 2604]
[2605 2625]
[2626 2677]
[2678 2728]
[2729 2790]
[2791 2863]
[2864 3031]
[3032 3547]
[3548 3592]
[3593 3640]
[3641 3692]
[3693 3742]
[3743 3791]
[3792 3860]
[3861 3920]
[3921 3969]
[3970 4020]
[4021 4059]
[4060 4111]
[4112 4155]
[4156 4186]
[4187 4232]
[4233 4260]
[4261 4315]
[4316 4357]
[4358 4439]
[4440 4494]
[4495 4533]
[4534 5186]
[5188 5232]
[5233 5293]
[5294 5369]
[5370 5423]
[5424 5475]
[5477 5530]
[5531 5555]
[5556 5617]
[5618 5662]
[5663 5742]
[5743 5803]
[5805 5927]
[5928 5981]
[5982 6033]
[6034 6074]
[6075 6133]
[6134 6173]
[6174 6218]
[6219 6322]
[6323 6348]
[6349 6412]
[6413 6453]
[6454 6493]
[6494 6531]
[6532 6610]
[6611 6652]
[6653 6683]
[6684 6751]
[6752 7160]
[7161 7349]
[7350 7481]
[7482 7611]
[7612 7650]
[7651 7672]
[7673 7730]
[7731 7917]
[7918 8033]
[8034 8133]
[8134 8242]
[8243 8328]
[8329 8733]
[8734 8778]
[8779 8901]
[8902 8954]
[8955 9011]
[9012 9032]
[9033 9111]
[9112 9177]
[9178 9270]
[9271 9377]
[9378 9426]
[9427 9503]
[9504 9539]
[9540 9674]
[9675 9750]
[9751 9773]
[9774 9827]
[9828 9872]
[9873 9983]
[9984 10076]
[10077 10159]
[10160 10250]
[10251 10806]
[10807 10868]
[10869 10946]
[10947 11020]
[11021 11063]
[11064 11218]
[11219 11300]
[11301 11484]
[11485 11552]
[11553 11600]
[11601 11647]
[11648 11713]
[11714 11958]
[11959 11989]
[11990 12045]
[12046 12097]
[12098 12152]
[12153 12207]
[12208 12356]
[12357 12425]
[12426 12536]
[12537 12604]
[12605 12648]
[12649 12683]
[12684 12732]
[12733 13062]
[13063 13467]
[13468 14063]
[14064 14488]
[14489 14620]
[14621 14689]
[14690 14755]
[14756 14902]
[14903 14956]
[14957 15008]
[15009 15148]
[15149 15206]
[15207 15272]
[15273 15317]
[15318 15416]
[15417 15473]
[15474 15537]
[15538 15612]
[15613 15664]
[15665 15766]
[15767 15863]
[15864 16297]
[16298 16356]
[16357 16409]
[16410 16475]
[16476 16571]
[16572 16669]
[16670 16736]
[16737 16774]
[16775 16850]
[16851 16906]
[16907 16961]
[16962 17028]
[17029 17096]
[17097 17187]
[17188 17255]
[17256 17318]
[17319 17402]
[17403 17539]
[17540 17623]
[17624 17698]
[17699 17755]
[17756 18364]
[18365 18428]
[18429 18478]
[18479 18538]
[18539 18603]
[18604 18659]
[18660 18747]
[18748 18795]
[18796 18821]
[18822 18924]
[18925 19004]
[19005 19069]
[19070 19141]
[19142 19209]
[19210 19286]
[19287 19334]
[19335 19386]
[19387 19447]
[19448 19498]
[19499 19574]
[19575 19636]
[19637 19755]
[19756 19915]
[19916 19984]
[19985 20043]
[20044 20080]
[20081 20095]
[20096 20163]
[20164 20244]
[20245 20718]
[20719 20798]
[20799 20847]
[20848 20879]
[20880 20995]
[20996 21073]
[21074 21126]
[21127 21165]
[21166 21212]
[21213 21294]
[21295 21330]
[21331 21367]
[21368 21441]
[21442 21500]
[21501 21553]
[21554 21590]
[21591 21649]
[21650 21701]
[21702 21734]
[21735 21764]
[21765 21835]
[21836 21877]
[21878 21925]
[21926 22212]
[22213 22346]
[22347 22447]
[22448 22554]
[22555 22655]
[22656 22725]
[22726 22845]
[22846 22937]
[22938 23018]
[23019 23505]
[23506 23646]
[23647 23761]
[23762 23783]
[23784 23860]
[23861 23936]
[23937 24016]
[24017 24202]
[24203 24415]
[24416 24461]
[24462 24698]
[24700 25016]
[25017 25202]
[25203 25620]
[25621 25756]
[25757 26017]
[26018 26087]
[26088 26154]
[26155 26345]
[26346 27128]
[27129 27289]
[27291 27383]
[27384 27480]
[27481 27594]
[27595 27679]
[27680 27791]
[27792 27844]
[27845 27879]
[27880 27951]
[27952 28037]
[28038 28113]
[28114 28191]
[28192 28692]
[28694 28785]
[28786 28926]
[28927 29071]
[29072 29230]
[29231 29383]
[29384 29471]
[29472 29540]
[29541 29671]
[29672 29847]
[29848 29923]
[29924 30119]
[30120 30487]
[30488 30536]
[30537 30629]
[30630 30750]
[30751 30805]
[30806 30876]
[30877 30985]
[30986 31100]
[31101 31376]
[31377 31406]
[31407 31581]
[31582 31684]
[31685 31743]
[31744 31784]
[31785 31845]
[31846 31853]
[31854 31989]
[31990 32120]
[32121 32716]
[32717 32911]
[32912 33016]
[33017 33101]
[33102 33147]
[33148 33236]
[33237 33422]
[33423 33495]
[33496 33544]
[33545 33614]
[33615 33646]
[33647 33669]
[33670 33730]
[33731 33789]
[33790 33848]
[33849 33941]
[33942 34016]
[34017 34080]
[34081 34140]
[34141 34186]
[34187 34234]
[34235 34595]
[34597 34773]
[34774 34853]
[34854 34917]
[34918 34983]
[34984 35114]
[35115 35159]
[35160 35253]
[35254 35372]
[35373 35430]
[35431 35494]
[35495 35547]
[35548 35619]
[35620 36024]
[36025 36121]
