[0 12]
[13 342]
[343 402]
[403 426]
[427 443]
[444 473]
[474 504]
[505 531]
[532 561]
[562 587]
[588 655]
[656 706]
[707 741]
[742 815]
[817 1261]
[1262 1292]
[1293 1354]
[1355 1386]
[1387 1423]
[1424 1471]
[1472 1514]
[1515 1565]
[1566 1603]
[1604 1674]
[1675 1725]
[1726 1778]
[1779 1806]
[1807 1869]
[1870 1902]
[1903 1958]
[1959 2047]
[2048 2088]
[2089 2127]
[2128 2172]
[2173 2194]
[2195 2234]
[2235 2296]
[2297 2364]
[2365 2464]
[2465 2575]
[2576 2671]
[2672 2695]
[2696 2709]
[2710 3055]
[3057 3120]
[3121 3196]
[3197 3247]
[3248 3305]
[3306 3355]
[3356 3514]
[3515 3562]
[3563 3634]
[3635 3656]
[3657 3806]
[3807 4057]
[4058 4169]
[4170 4255]
[4256 4321]
[4322 4419]
[4420 4463]
[4464 4548]
[4549 4949]
[4950 5073]
[5074 5110]
[5111 5146]
[5147 5189]
[5190 5259]
[5260 5329]
[5330 5361]
[5362 5382]
[5383 5491]
[5492 5514]
[5515 5533]
[5534 5586]
[5587 5655]
[5656 5778]
[5779 5809]
[5810 5847]
[5848 5912]
[5913 5986]
[5987 6166]
[6167 6197]
[6198 6284]
[6285 6365]
[6366 6396]
[6397 6436]
[6437 6916]
[6917 7068]
[7069 7135]
[7136 7185]
[7186 7244]
[7245 7286]
[7287 7443]
[7444 7490]
[7491 7537]
[7538 7583]
[7584 7647]
[7648 7706]
[7707 7757]
[7758 7843]
[7844 8022]
[8023 8067]
[8068 8097]
[8098 8139]
[8140 8179]
[8180 8217]
[8218 8337]
[8338 8397]
[8398 8445]
[8447 8565]
[8566 8838]
[8839 8918]
[8919 9023]
[9024 9171]
[9172 9258]
[9259 9299]
[9300 9398]
[9399 9440]
[9441 9533]
[9534 9660]
[9661 9721]
[9722 9805]
[9806 9864]
[9865 9911]
[9912 10028]
[10029 10121]
[10122 10183]
[10184 10246]
[10247 10292]
[10293 10625]
[10626 10693]
[10694 10756]
[10757 10802]
[10803 10842]
[10843 10875]
[10876 10919]
[10920 11019]
[11020 11069]
[11070 11154]
[11155 11620]
[11621 11692]
[11693 11751]
[11752 11816]
[11817 11867]
[11868 11944]
[11945 12168]
[12169 12219]
[12220 12266]
[12267 12304]
[12305 12357]
[12358 12409]
[12410 12453]
[12454 12733]
[12734 12793]
[12794 12862]
[12863 12906]
[12907 12958]
[12959 13015]
[13016 13082]
[13083 13154]
[13155 13213]
[13214 13241]
[13242 13307]
[13308 13337]
[13338 13394]
[13395 13444]
[13445 13497]
[13498 13521]
[13522 13566]
[13567 13652]
[13653 13955]
[13956 14041]
[14042 14077]
[14078 14125]
[14126 14189]
[14190 14255]
[14256 14300]
[14301 14359]
[14360 14390]
[14391 14433]
[14434 14475]
[14476 14517]
[14518 14540]
[14541 14575]
[14576 14613]
[14614 14638]
[14639 14672]
[14673 14920]
[14921 15040]
[15041 15099]
[15100 15198]
[15199 15256]
[15257 15390]
[15391 15497]
[15498 15557]
[15558 15562]
[15563 15631]
[15632 15656]
[15657 15737]
[15738 15814]
[15815 15874]
[15875 15953]
[15954 16017]
[16018 16163]
[16164 16185]
[16186 16569]
[16570 16689]
[16690 16811]
[16812 16943]
[16944 17044]
[17045 17101]
[17102 17216]
[17217 17272]
[17273 17331]
[17332 17391]
[17392 17497]
[17498 17560]
[17561 17857]
[17858 17923]
[17924 17976]
[17977 18030]
[18031 18074]
[18075 18132]
[18133 18184]
[18185 18253]
[18254 18289]
[18290 18355]
[18356 18401]
[18402 18516]
[18517 18627]
[18628 18671]
[18672 18753]
[18754 18881]
[18882 18909]
[18910 18954]
[18955 18976]
[18977 19002]
[19003 19062]
[19063 19114]
[19115 19154]
[19155 19183]
[19184 19215]
[19216 19319]
[19320 19691]
[19692 19755]
[19756 19808]
[19809 19858]
[19859 19908]
[19909 19956]
[19957 20010]
[20011 20067]
[20068 20125]
[20126 20177]
[20178 20229]
[20230 20278]
[20279 20323]
[20324 20373]
[20374 20428]
[20429 20477]
[20478 20520]
[20521 20572]
[20573 20619]
[20620 20670]
[20671 20690]
[20691 21296]
[21297 21572]
[21573 21689]
[21690 21745]
[21746 21819]
[21820 21883]
[21884 21934]
[21935 21997]
[21998 22100]
[22101 22155]
[22156 22244]
[22245 22287]
[22288 22337]
[22338 22382]
[22383 22461]
[22462 22487]
[22488 22727]
[22728 22835]
[22836 22910]
[22911 22982]
[22983 23181]
[23182 23290]
[23291 23342]
[23343 23387]
[23388 23431]
[23432 23487]
[23488 23533]
[23534 23575]
[23576 23779]
[23780 24079]
[24080 24114]
[24115 24148]
[24149 24216]
[24217 24269]
[24270 24305]
[24306 24405]
[24406 24459]
[24460 24526]
[24527 24593]
[24594 24622]
[24623 24907]
[24908 24968]
[24969 25031]
[25032 25083]
[25084 25154]
[25155 25492]
[25493 25521]
[25522 25639]
[25640 25696]
[25697 25730]
[25731 25864]
[25865 25907]
[25909 25956]
[25957 26005]
[26007 26061]
[26062 26149]
[26150 26197]
[26198 26242]
[26243 26286]
[26287 26348]
[26349 26379]
[26380 26533]
[26534 26630]
[26631 26768]
[26769 26834]
[26835 26913]
[26914 27051]
[27052 27241]
[27242 27276]
[27277 27312]
[27313 27347]
[27348 27383]
[27384 27427]
[27428 27519]
[27520 27707]
[27708 27737]
[27738 27770]
[27771 27801]
[27802 27872]
[27873 28209]
[28210 28322]
