[0 31]
[32 388]
[389 444]
[445 496]
[497 532]
[533 571]
[572 611]
[612 633]
[634 653]
[654 676]
[677 697]
[698 732]
[733 778]
[779 818]
[819 875]
[876 1351]
[1352 1446]
[1447 1503]
[1504 1555]
[1556 1601]
[1602 1644]
[1645 1675]
[1676 1859]
[1860 1991]
[1992 2030]
[2031 2105]
[2106 2219]
[2220 2260]
[2261 2286]
[2287 2339]
[2340 2385]
[2386 2465]
[2466 3028]
[3029 3070]
[3071 3117]
[3118 3153]
[3154 3182]
[3183 3315]
[3316 3442]
[3443 3481]
[3482 3523]
[3524 3564]
[3565 3597]
[3598 3631]
[3632 3699]
[3700 3727]
[3728 3782]
[3783 3843]
[3844 3933]
[3934 3991]
[3992 4254]
[4255 4292]
[4293 4333]
[4334 4368]
[4369 4421]
[4422 4464]
[4465 4499]
[4500 4550]
[4551 4864]
[4865 4964]
[4965 5014]
[5015 5081]
[5082 5118]
[5119 5182]
[5183 5233]
[5234 5255]
[5256 5275]
[5276 5298]
[5299 5348]
[5349 5388]
[5389 5408]
[5409 5471]
[5472 5484]
[5485 5497]
[5498 5517]
[5518 5535]
[5536 5568]
[5569 5594]
[5595 5601]
[5602 5628]
[5629 5656]
[5657 5698]
[5699 5743]
[5744 5771]
[5772 5785]
[5786 5807]
[5808 6403]
[6405 6415]
[6416 6499]
[6500 6586]
[6587 6648]
[6649 6687]
[6688 6733]
[6734 6755]
[6756 6809]
[6810 6845]
[6846 6890]
[6891 6934]
[6935 6968]
[6969 7022]
[7023 7039]
[7040 7089]
[7090 7116]
[7117 7168]
[7169 7195]
[7196 7233]
[7234 7269]
[7270 7307]
[7308 7345]
[7346 7385]
[7386 7411]
[7412 7451]
[7452 7471]
[7472 7493]
[7494 7534]
[7535 7895]
[7896 8044]
[8045 8074]
[8075 8121]
[8122 8153]
[8154 8229]
[8230 8270]
[8271 8290]
[8291 8333]
[8334 8420]
[8421 8475]
[8476 8504]
[8505 8590]
[8591 8651]
[8652 8743]
[8744 8765]
[8766 8862]
[8863 8917]
[8918 9018]
[9019 9059]
[9060 9107]
[9108 9132]
[9133 9194]
[9196 9852]
[9853 9927]
[9928 9974]
[9975 10032]
[10033 10155]
[10156 10200]
[10201 10243]
[10244 10306]
[10307 10329]
[10330 10396]
[10397 10499]
[10500 10538]
[10539 10585]
[10586 10641]
[10642 10684]
[10685 10731]
[10732 10780]
[10781 10878]
[10879 10934]
[10935 10944]
[10945 11031]
[11032 11048]
[11049 11105]
[11106 11289]
[11290 11322]
[11323 11357]
[11358 11400]
[11401 11429]
[11430 11472]
[11473 11525]
[11526 11608]
[11609 11726]
[11727 12061]
[12062 12110]
[12111 12145]
[12146 12173]
[12174 12220]
[12221 12275]
[12276 12338]
[12339 12388]
[12389 12440]
[12441 12482]
[12483 12517]
[12518 12574]
[12575 12592]
[12593 12628]
[12629 12651]
[12652 12697]
[12698 12725]
[12726 12751]
[12752 12776]
[12777 12816]
[12817 12833]
[12834 12851]
[12852 12888]
[12889 13217]
[13218 13298]
[13299 13345]
[13346 13398]
[13399 13466]
[13467 13558]
[13559 13593]
[13594 13666]
[13667 13755]
[13756 13792]
[13793 13851]
[13852 13887]
[13888 13946]
[13947 14094]
[14095 14361]
[14362 14471]
[14472 14543]
[14544 14619]
[14620 14682]
[14683 14724]
[14725 14789]
[14790 14823]
[14824 14945]
[14946 15138]
[15139 15219]
[15220 15403]
[15404 15537]
[15538 15822]
[15823 15864]
[15866 15940]
[15941 16155]
[16156 16352]
[16353 16468]
[16470 16576]
[16577 16669]
[16670 16710]
[16711 17089]
[17090 17203]
[17204 17337]
[17338 17523]
[17524 17722]
[17723 17959]
[17960 17999]
[18000 18052]
[18053 18460]
[18461 18524]
[18525 18599]
[18600 18674]
[18675 18749]
[18750 18825]
[18826 18868]
[18869 18916]
[18917 18982]
[18983 19009]
[19010 19084]
[19085 19150]
[19151 19211]
[19212 19256]
[19257 19331]
[19332 19391]
[19392 19517]
[19518 19568]
[19569 19597]
[19598 19629]
[19630 19662]
[19663 19698]
[19699 19762]
[19763 19834]
[19835 19870]
[19871 19955]
[19956 20254]
[20256 20275]
[20276 20368]
[20369 20456]
[20457 20521]
[20522 20605]
[20606 20644]
[20645 20744]
[20745 20952]
[20954 21105]
[21106 21248]
[21249 21302]
[21303 21332]
[21333 21565]
[21566 21605]
[21606 21665]
[21666 22051]
[22052 22102]
[22103 22145]
[22146 22189]
[22190 22235]
[22236 22278]
[22279 22346]
[22347 22416]
[22417 22479]
[22480 22531]
[22532 22593]
[22594 22638]
[22639 22686]
[22687 22734]
[22735 22776]
[22777 22831]
[22832 22871]
[22872 22909]
[22910 22950]
[22951 23000]
[23001 23387]
[23388 23542]
[23543 23658]
[23659 23697]
[23698 23812]
[23813 23885]
[23886 23925]
[23926 23978]
[23979 24063]
[24064 24125]
[24126 24182]
[24183 24287]
[24288 24355]
[24356 24402]
[24403 24452]
[24453 24487]
[24488 24515]
[24516 24560]
[24561 24601]
[24602 24653]
[24654 25016]
[25018 25059]
[25060 25150]
[25151 25189]
[25190 25220]
[25221 25397]
[25398 25462]
[25463 25520]
[25521 25616]
[25617 25722]
[25723 25760]
[25761 25825]
[25826 26035]
[26036 26069]
[26070 26182]
[26183 26214]
[26215 26277]
[26278 26551]
[26552 26680]
[26681 26748]
[26749 26822]
[26823 26972]
[26973 27123]
[27124 27344]
[27345 27598]
[27599 27732]
[27733 27895]
[27896 28048]
[28049 28168]
[28169 28258]
[28259 28333]
[28334 28427]
[28428 29013]
[29014 29105]
