[0 4]
[5 42]
[43 459]
[460 513]
[514 549]
[550 579]
[580 607]
[608 640]
[641 671]
[672 706]
[707 735]
[736 764]
[765 801]
[802 829]
[830 859]
[860 886]
[887 944]
[945 1435]
[1436 1494]
[1495 1547]
[1548 1616]
[1617 1685]
[1686 1762]
[1763 1835]
[1836 1895]
[1896 1963]
[1964 2035]
[2036 2174]
[2175 2244]
[2245 2321]
[2322 2403]
[2404 2486]
[2487 2499]
[2500 2919]
[2920 2950]
[2951 3014]
[3015 3103]
[3104 3146]
[3147 3176]
[3177 3212]
[3213 3243]
[3244 3283]
[3284 3351]
[3352 3390]
[3391 3466]
[3467 3513]
[3514 3563]
[3564 3668]
[3669 3735]
[3736 3782]
[3783 3828]
[3829 3879]
[3880 3909]
[3910 3940]
[3941 4022]
[4023 4045]
[4046 4116]
[4117 4171]
[4172 4245]
[4246 4305]
[4306 4376]
[4377 4419]
[4420 4463]
[4464 4498]
[4499 4942]
[4943 5265]
[5266 5367]
[5368 5408]
[5409 5448]
[5449 5479]
[5480 5519]
[5520 5566]
[5567 5890]
[5891 5979]
[5980 6024]
[6025 6095]
[6096 6165]
[6166 6268]
[6269 6480]
[6481 6558]
[6559 6660]
[6661 6722]
[6723 6781]
[6782 7064]
[7065 7179]
[7180 7250]
[7251 7312]
[7313 7386]
[7387 7455]
[7456 7503]
[7504 7589]
[7590 7832]
[7833 8026]
[8027 8113]
[8114 8143]
[8144 8309]
[8310 8405]
[8406 8778]
[8779 8831]
[8832 8884]
[8885 8934]
[8935 8981]
[8982 9036]
[9037 9091]
[9092 9157]
[9158 9221]
[9222 9268]
[9269 9316]
[9317 9361]
[9362 9408]
[9409 9454]
[9455 9504]
[9505 9538]
[9539 9622]
[9623 9658]
[9659 9698]
[9699 9742]
[9743 9795]
[9796 9839]
[9840 9893]
[9894 9975]
[9976 10031]
[10032 10104]
[10105 10547]
[10548 10638]
[10639 10707]
[10708 10786]
[10787 10831]
[10832 10904]
[10905 10962]
[10963 11044]
[11045 11152]
[11153 11249]
[11250 11444]
[11445 11539]
[11540 11718]
[11719 11769]
[11770 11807]
[11808 11865]
[11866 11946]
[11947 12039]
[12040 12091]
[12092 12142]
[12143 12189]
[12190 12230]
[12231 12271]
[12272 12332]
[12333 12373]
[12374 12412]
[12413 12454]
[12455 12532]
[12533 12867]
[12868 12923]
[12924 13065]
[13066 13138]
[13139 13313]
[13314 13429]
[13430 13603]
[13604 13708]
[13709 13834]
[13835 13909]
[13910 13967]
[13968 14023]
[14024 14093]
[14094 14244]
[14245 14804]
[14805 14851]
[14852 15134]
[15135 15168]
[15169 15255]
[15256 15282]
[15283 15385]
[15386 15420]
[15421 15455]
[15456 15505]
[15506 15538]
[15539 15595]
[15596 15651]
[15652 15684]
[15685 15796]
[15797 15852]
[15853 15902]
[15903 16251]
[16252 16335]
[16336 16375]
[16376 16472]
[16473 16527]
[16528 16680]
[16681 16716]
[16717 16827]
[16828 16909]
[16910 17019]
[17020 17097]
[17098 17215]
[17216 17272]
[17273 17324]
[17325 17621]
[17622 17682]
[17683 17747]
[17748 17806]
[17807 17876]
[17877 17949]
[17950 18005]
[18006 18074]
[18075 18133]
[18134 18185]
[18186 18247]
[18248 18286]
[18287 18357]
[18358 18393]
[18394 18693]
[18694 18806]
[18807 18864]
[18865 18885]
[18886 18949]
[18950 19000]
[19001 19023]
[19024 19064]
[19065 19121]
[19122 19183]
[19184 19234]
[19235 19517]
[19518 19578]
[19579 19728]
[19729 19778]
[19779 19828]
[19829 19878]
[19879 19928]
[19929 19978]
[19979 20165]
[20166 20300]
[20301 20389]
[20390 20480]
[20481 20648]
[20649 20750]
[20751 20876]
[20877 20927]
[20928 20974]
[20975 21015]
[21016 21056]
[21057 21114]
[21115 21157]
[21158 21195]
[21196 21236]
[21237 21320]
[21321 21625]
[21626 21787]
[21788 22084]
[22085 22143]
[22144 22188]
[22189 22235]
[22236 22267]
[22268 22344]
[22345 22406]
[22407 22451]
[22452 22498]
[22499 22531]
[22532 22608]
[22609 22732]
[22733 22786]
[22787 22838]
[22839 23251]
[23252 23339]
[23340 23445]
[23446 23508]
[23509 23593]
[23594 23713]
[23714 23758]
[23759 23854]
[23855 24023]
[24024 24090]
[24091 24144]
[24145 24202]
[24203 24254]
[24255 24424]
[24425 24473]
[24474 24530]
[24531 24807]
[24808 24883]
[24884 24959]
[24960 25049]
[25050 25127]
[25128 25206]
[25207 25277]
[25278 25400]
[25401 25465]
[25466 25538]
[25539 25890]
[25891 25972]
[25973 26067]
[26068 26166]
[26167 26238]
[26239 26278]
[26279 26319]
[26320 26376]
[26377 26428]
[26429 26572]
[26573 26686]
[26687 26726]
[26727 26811]
[26812 26862]
[26863 26917]
[26918 27018]
[27019 27360]
[27361 27407]
[27408 27452]
[27453 27524]
[27525 27566]
[27567 27612]
[27613 27722]
[27723 27783]
[27784 27842]
[27843 27900]
[27901 27956]
[27957 28223]
[28224 28282]
[28283 28335]
[28336 28378]
[28379 28500]
[28501 28610]
[28611 28722]
[28723 28798]
[28799 28877]
[28878 29280]
[29281 29348]
[29349 29423]
[29424 29504]
[29505 29568]
[29569 29623]
[29624 29684]
[29685 29800]
[29801 29900]
[29901 30031]
[30032 30116]
[30117 30226]
[30227 30281]
[30282 30363]
[30364 30417]
[30418 30470]
[30471 30525]
[30526 30658]
[30659 30733]
[30734 30845]
[30846 30901]
[30902 31027]
[31028 31403]
[31404 31506]
[31507 31556]
[31557 31597]
[31598 31672]
[31673 31717]
[31718 31764]
[31765 31823]
[31824 31847]
[31848 31907]
[31908 31960]
[31961 31999]
[32000 32040]
[32041 32094]
[32095 32146]
[32147 32226]
[32227 32271]
[32272 32305]
[32306 32325]
[32326 32360]
[32361 32394]
[32395 32419]
[32420 32530]
[32531 32593]
[32594 32652]
[32653 32705]
[32706 32757]
[32758 32837]
[32838 32941]
[32942 32986]
[32987 33036]
[33037 33098]
[33099 33148]
[33149 33191]
[33192 33233]
[33234 33279]
[33280 33331]
[33332 33380]
[33381 33430]
[33431 33481]
[33482 33530]
[33531 33575]
[33576 33639]
[33640 33806]
[33807 33925]
[33926 33960]
[33961 34001]
[34002 34041]
[34042 34073]
[34074 34241]
[34242 34285]
[34286 34334]
[34335 34416]
[34417 34460]
[34461 34504]
[34505 34543]
[34544 34589]
[34590 34640]
[34641 34680]
[34681 35105]
[35107 35210]
