[0 8]
[10 324]
[325 365]
[366 389]
[390 417]
[418 451]
[452 489]
[490 522]
[523 548]
[549 575]
[576 609]
[610 639]
[640 669]
[670 698]
[699 749]
[750 1069]
[1070 1151]
[1152 1191]
[1192 1229]
[1230 1254]
[1255 1307]
[1308 1335]
[1336 1366]
[1367 1584]
[1585 1843]
[1844 1906]
[1907 1950]
[1951 1997]
[1998 2045]
[2046 2078]
[2079 2117]
[2118 2176]
[2177 2228]
[2229 2282]
[2283 2312]
[2313 2383]
[2384 2422]
[2423 2447]
[2448 2486]
[2487 2529]
[2530 2554]
[2555 2579]
[2580 2622]
[2623 2971]
[2972 3093]
[3094 3171]
[3172 3240]
[3241 3316]
[3317 3400]
[3401 3450]
[3451 3514]
[3515 3593]
[3594 3672]
[3673 3745]
[3746 3813]
[3814 3881]
[3882 3957]
[3958 4009]
[4010 4086]
[4087 4147]
[4148 4608]
[4609 4940]
[4941 5019]
[5020 5079]
[5080 5136]
[5137 5184]
[5185 5223]
[5224 5321]
[5322 5376]
[5377 5506]
[5507 5596]
[5597 5657]
[5658 5732]
[5733 5813]
[5814 5881]
[5882 5965]
[5966 6006]
[6007 6051]
[6052 6194]
[6195 6748]
[6749 6759]
[6760 6818]
[6819 6889]
[6890 6976]
[6977 7027]
[7028 7073]
[7074 7135]
[7136 7194]
[7195 7253]
[7254 7344]
[7345 7444]
[7445 7530]
[7531 7611]
[7612 7683]
[7684 7763]
[7764 8166]
[8167 8204]
[8205 8250]
[8251 8283]
[8284 8314]
[8315 8366]
[8367 8396]
[8397 8448]
[8449 8479]
[8480 8524]
[8525 8622]
[8623 8661]
[8662 8693]
[8694 8737]
[8738 8770]
[8771 8812]
[8813 8847]
[8848 8908]
[8909 8946]
[8947 8985]
[8986 9015]
[9016 9058]
[9059 9095]
[9096 9142]
[9143 9220]
[9221 9291]
[9292 9336]
[9337 9387]
[9388 9430]
[9431 9464]
[9465 9492]
[9493 9540]
[9541 9579]
[9580 9622]
[9623 9659]
[9660 9767]
[9768 9833]
[9834 9870]
[9871 9903]
[9904 9947]
[9948 10015]
[10016 10062]
[10063 10101]
[10102 10145]
[10146 10207]
[10208 10774]
[10775 10916]
[10917 11041]
[11042 11131]
[11132 11314]
[11315 11472]
[11473 11579]
[11580 11655]
[11656 11736]
[11737 11917]
[11918 12041]
[12042 12426]
[12427 12513]
[12514 12549]
[12550 12609]
[12610 12671]
[12672 12720]
[12721 12833]
[12834 13039]
[13040 13076]
[13077 13184]
[13185 13284]
[13285 13339]
[13340 13382]
[13383 13419]
[13420 13458]
[13459 13836]
[13838 13944]
[13945 14052]
[14053 14158]
[14159 14243]
[14244 14294]
[14295 14359]
[14360 14475]
[14476 14547]
[14548 14609]
[14610 14651]
[14652 14769]
[14770 15095]
[15096 15168]
[15169 15262]
[15263 15328]
[15329 15389]
[15390 15494]
[15495 15590]
[15591 15661]
[15662 15755]
[15756 15853]
[15854 15945]
[15946 16380]
[16381 16443]
[16444 16604]
[16605 16756]
[16757 16809]
[16810 16887]
[16888 16935]
[16936 17111]
[17112 17161]
[17162 17222]
[17223 17288]
[17289 17368]
[17369 17420]
[17421 17489]
[17490 17535]
[17536 17555]
[17556 17942]
[17943 17990]
[17991 18034]
[18035 18080]
[18081 18142]
[18143 18210]
[18211 18266]
[18267 18330]
[18331 18392]
[18393 18435]
[18436 18497]
[18498 18555]
[18556 18705]
[18706 18756]
[18757 18804]
[18805 18887]
[18888 18975]
[18976 19037]
[19038 19084]
[19085 19122]
[19123 19176]
[19177 19229]
[19230 19279]
[19280 19338]
[19339 19393]
[19394 19528]
[19529 19581]
[19582 19625]
[19626 19667]
[19668 19708]
[19709 19776]
[19777 19804]
[19805 19839]
[19840 19879]
[19880 19968]
[19969 20283]
[20284 20387]
[20388 20620]
[20621 20745]
[20746 20868]
[20869 20935]
[20936 20998]
[20999 21055]
[21056 21106]
[21107 21153]
[21154 21194]
[21195 21264]
[21265 21381]
[21382 21471]
[21472 21550]
[21551 21751]
[21752 22019]
[22020 22119]
[22120 22272]
[22273 22329]
[22330 22390]
[22391 22515]
[22516 22579]
[22580 22641]
[22642 22692]
[22693 22814]
[22815 22861]
[22862 22895]
[22896 23196]
[23197 23266]
[23267 23313]
[23314 23365]
[23366 23509]
[23510 23582]
[23584 23667]
[23668 23763]
[23764 23792]
[23793 23852]
[23853 24229]
[24230 24324]
[24325 24381]
[24382 24455]
[24456 24581]
[24582 24639]
[24640 24690]
[24691 24747]
[24748 24837]
[24838 24910]
[24911 24987]
[24988 25091]
[25092 25173]
[25174 25284]
[25285 25425]
[25426 25859]
[25860 25985]
[25986 26056]
[26057 26255]
[26256 26386]
[26387 26427]
[26428 26515]
[26516 26702]
[26703 26753]
[26754 26876]
[26877 27014]
[27015 27074]
[27075 27144]
[27145 27234]
[27235 27400]
[27401 27887]
[27888 27945]
[27946 28000]
[28001 28063]
[28064 28116]
[28117 28171]
[28172 28215]
[28216 28250]
[28251 28313]
[28314 28508]
[28509 28648]
[28649 28708]
[28709 28752]
[28753 28788]
[28789 28830]
[28831 28859]
[28860 28898]
[28899 28939]
[28940 29078]
[29079 29105]
[29106 29135]
[29136 29179]
[29180 29226]
[29227 29273]
[29274 29308]
[29309 29350]
[29351 29726]
[29727 29825]
