[0 8]
[  9 312]
[313 371]
[372 429]
[430 474]
[476 498]
[499 525]
[526 553]
[554 584]
[585 622]
[623 704]
[705 742]
[743 797]
[ 798 1204]
[1205 1384]
[1386 1573]
[1575 1808]
[1810 2001]
[2002 2118]
[2119 2200]
[2201 2236]
[2237 2712]
[2713 2767]
[2768 2818]
[2819 2879]
[2880 2916]
[2917 2982]
[2983 3036]
[3037 3075]
[3076 3152]
[3153 3195]
[3196 3274]
[3275 3308]
[3309 3357]
[3358 3429]
[3430 3458]
[3459 3478]
[3479 3543]
[3544 3610]
[3611 3731]
[3732 3805]
[3806 3828]
[3829 3868]
[3869 4030]
[4031 4081]
[4082 4122]
[4123 4237]
[4238 4316]
[4317 4893]
[4894 4939]
[4940 5035]
[5036 5112]
[5113 5156]
[5157 5223]
[5224 5259]
[5260 5299]
[5300 5565]
[5566 5664]
[5665 5714]
[5715 5774]
[5775 5838]
[5839 5959]
[5960 6003]
[6004 6070]
[6071 6095]
[6096 6134]
[6135 6226]
[6227 6279]
[6280 6427]
[6428 6797]
[6798 6875]
[6876 6955]
[6956 7053]
[7054 7123]
[7124 7182]
[7183 7233]
[7234 7294]
[7295 7368]
[7369 7399]
[7400 7425]
[7426 7464]
[7465 7491]
[7492 7535]
[7536 7628]
[7629 7675]
[7676 7760]
[7761 7847]
[7848 7956]
[7957 8045]
[8046 8186]
[8187 8260]
[8261 8313]
[8314 8378]
[8379 8436]
[8437 8546]
[8547 8601]
[8602 8976]
[8977 9028]
[9029 9077]
[9078 9129]
[9130 9190]
[9191 9243]
[9244 9293]
[9294 9339]
[9340 9465]
[9466 9634]
[9635 9675]
[9676 9840]
[9841 9943]
[ 9944 10028]
[10029 10091]
[10092 10124]
[10125 10174]
[10175 10241]
[10242 10376]
[10377 10406]
[10407 10450]
[10451 10492]
[10493 10529]
[10530 10556]
[10557 10632]
[10633 10657]
[10658 10701]
[10702 10817]
[10818 11090]
[11091 11409]
[11410 11496]
[11497 11587]
[11588 11694]
[11695 11794]
[11795 11863]
[11864 12059]
[12060 12129]
[12130 12216]
[12217 12310]
[12311 12380]
[12381 12436]
[12437 12552]
[12553 12619]
[12620 12671]
[12672 12716]
[12717 12744]
[12745 13209]
[13210 13325]
[13326 13401]
[13402 13440]
[13441 13463]
[13464 13536]
[13537 13587]
[13588 13626]
[13627 13670]
[13671 13725]
[13726 13770]
[13771 13825]
[13826 13885]
[13886 13953]
[13954 14023]
[14024 14072]
[14073 14132]
[14133 14204]
[14205 14268]
[14269 14364]
[14365 14413]
[14414 14497]
[14498 14541]
[14542 14973]
[14974 15032]
[15033 15076]
[15077 15118]
[15119 15161]
[15162 15203]
[15204 15251]
[15252 15410]
[15411 15483]
[15484 15528]
[15529 15702]
[15703 15759]
[15760 15807]
[15808 15868]
[15869 15917]
[15918 15965]
[15966 16010]
[16011 16051]
[16052 16103]
[16104 16161]
[16162 16431]
[16432 16511]
[16512 16681]
[16682 16781]
[16782 16893]
[16894 17025]
[17026 17065]
[17066 17105]
[17106 17144]
[17145 17202]
[17203 17381]
[17383 17480]
[17481 17638]
[17639 17806]
[17807 17901]
[17902 17977]
[17978 18023]
[18024 18069]
[18070 18106]
[18107 18208]
[18209 18331]
[18332 18464]
[18465 18528]
[18529 18594]
[18595 18644]
[18645 18692]
[18693 18922]
[18923 18973]
[18974 19365]
[19366 19464]
[19465 19589]
[19590 19762]
[19763 19905]
[19906 20039]
[20040 20145]
[20146 20276]
[20277 20356]
[20357 20471]
[20472 20512]
[20513 20766]
[20767 21052]
[21053 21167]
[21168 21297]
[21298 21443]
[21444 21487]
[21488 21531]
[21532 21568]
[21569 21606]
[21607 21624]
[21625 21708]
[21709 21860]
[21861 22069]
[22070 22156]
[22157 22262]
[22263 22517]
[22518 22780]
[22781 22958]
[22959 23365]
[23366 23595]
[23596 23679]
[23680 23768]
[23769 23837]
[23838 23924]
[23925 24126]
[24127 24251]
[24252 24302]
[24303 24347]
[24348 24401]
[24402 24464]
[24465 24516]
[24517 24566]
[24567 24625]
[24626 24676]
[24677 24781]
[24782 25037]
[25038 25079]
[25080 25220]
[25221 25449]
[25450 25597]
[25598 25800]
[25801 25860]
[25861 26094]
[26095 26168]
[26169 26235]
[26236 26527]
[26528 26649]
