[ 0 44]
[ 45 299]
[300 357]
[358 399]
[400 442]
[443 526]
[527 570]
[571 614]
[615 651]
[652 690]
[691 778]
[779 824]
[825 936]
[ 937 1363]
[1365 1441]
[1442 1506]
[1507 1575]
[1576 1635]
[1636 1714]
[1715 1778]
[1779 1844]
[1845 1904]
[1905 1958]
[1959 2440]
[2442 2516]
[2517 2575]
[2576 2642]
[2643 2706]
[2707 2743]
[2744 2874]
[2875 2975]
[2976 3218]
[3219 3257]
[3258 3322]
[3323 3417]
[3418 3483]
[3484 3528]
[3529 3699]
[3700 3846]
[3847 3903]
[3904 3945]
[3946 4343]
[4344 4376]
[4377 4480]
[4481 4522]
[4523 4593]
[4594 4621]
[4622 4673]
[4674 4759]
[4760 4821]
[4822 4874]
[4875 4919]
[4920 4959]
[4960 5111]
[5112 5133]
[5134 5167]
[5168 5247]
[5248 5387]
[5388 5494]
[5495 5528]
[5529 5559]
[5560 5602]
[5603 5657]
[5658 5702]
[5703 5792]
[5793 5840]
[5841 5874]
[5875 6377]
[6378 6431]
[6432 6501]
[6502 6570]
[6571 6638]
[6639 6716]
[6717 6783]
[6784 6869]
[6870 6940]
[6941 7010]
[7011 7102]
[7103 7258]
[7259 7308]
[7309 7359]
[7360 7406]
[7407 7450]
[7451 7514]
[7515 7568]
[7569 7645]
[7646 7734]
[7735 7823]
[7824 7870]
[7871 8158]
[8159 8287]
[8288 8366]
[8367 8453]
[8454 8507]
[8508 8591]
[8592 8710]
[8711 8847]
[8848 8897]
[8898 8949]
[8950 9032]
[9033 9398]
[9399 9484]
[9485 9570]
[9571 9648]
[9649 9726]
[9727 9810]
[9811 9869]
[9870 9915]
[9916 9963]
[ 9964 10010]
[10011 10056]
[10057 10094]
[10095 10140]
[10141 10190]
[10191 10410]
[10411 10494]
[10495 10551]
[10552 10604]
[10605 10689]
[10690 10787]
[10788 10832]
[10833 10895]
[10896 10935]
[10936 11147]
[11148 11226]
[11227 11397]
[11398 11435]
[11436 11501]
[11502 11588]
[11589 11635]
[11636 11851]
[11852 11919]
[11920 12008]
[12009 12078]
[12079 12111]
[12112 12169]
[12170 12250]
[12251 12333]
[12334 12426]
[12427 12511]
[12512 12582]
[12583 12786]
[12787 12844]
[12845 12908]
[12909 12966]
[12967 13037]
[13038 13082]
[13083 13131]
[13132 13746]
[13747 13813]
[13814 14001]
[14002 14089]
[14090 14134]
[14135 14229]
[14230 14278]
[14279 14368]
[14369 14458]
[14459 14517]
[14518 14992]
[14993 15105]
[15106 15309]
[15310 15465]
[15466 15531]
[15532 15569]
[15570 15662]
[15663 15803]
[15804 15925]
[15926 15945]
[15946 16067]
[16068 16644]
[16646 16860]
[16861 16962]
[16963 17060]
[17061 17284]
[17285 17375]
[17376 17456]
[17457 17492]
[17493 17546]
[17547 17633]
[17634 17715]
[17716 17846]
[17847 18169]
[18170 18250]
[18251 18292]
[18293 18358]
[18359 18463]
[18464 18526]
[18527 18613]
[18614 18700]
[18701 18767]
[18768 18814]
[18815 18853]
[18854 18928]
[18929 18989]
[18990 19057]
[19058 19139]
[19140 19498]
[19500 19577]
[19578 19621]
[19622 19669]
[19670 19716]
[19717 19778]
[19779 19833]
[19834 19889]
[19890 19982]
[19983 20053]
[20054 20157]
[20158 20252]
[20253 20300]
[20301 20341]
[20342 20380]
[20381 20425]
[20426 20583]
[20584 20657]
[20658 20697]
[20698 20761]
[20762 20810]
[20811 20876]
[20877 21348]
[21349 21487]
[21488 21643]
[21644 21818]
[21819 21895]
[21896 21961]
[21962 22047]
[22048 22112]
[22113 22210]
[22211 22258]
[22259 22308]
[22309 22356]
[22357 22444]
[22445 22520]
[22521 22724]
[22725 22870]
[22872 22995]
[22997 23121]
[23122 23245]
[23246 23370]
[23372 23495]
[23497 23621]
[23622 23746]
[23747 23833]
[23834 24266]
[24267 24330]
[24331 24405]
[24406 24481]
[24482 24538]
[24539 24598]
[24599 24662]
[24663 24719]
[24720 24774]
[24775 24833]
[24834 24888]
[24889 24960]
[24961 25107]
[25108 25184]
[25185 25502]
[25503 25774]
[25775 25951]
[25952 26047]
[26048 26171]
[26172 26295]
[26296 26412]
[26413 26521]
[26522 26952]
[26953 27019]
[27020 27071]
[27072 27133]
[27134 27227]
[27228 27296]
[27297 27366]
[27367 27448]
[27449 27515]
[27516 27594]
[27595 27649]
[27650 27951]
[27952 28029]
[28030 28090]
[28091 28167]
[28168 28237]
[28238 28298]
[28299 28356]
[28357 28427]
[28428 28527]
[28528 28965]
[28966 29049]
