[0 9]
[ 10 316]
[317 367]
[368 398]
[399 428]
[429 459]
[460 494]
[495 518]
[519 581]
[582 618]
[619 651]
[652 686]
[687 714]
[715 743]
[744 781]
[782 816]
[817 845]
[846 870]
[871 943]
[ 944 1977]
[1979 2046]
[2047 2100]
[2101 2160]
[2161 2195]
[2196 2221]
[2222 2272]
[2273 2324]
[2325 2412]
[2413 2472]
[2473 2505]
[2506 2575]
[2576 2601]
[2602 2676]
[2677 2760]
[2761 2830]
[2831 2916]
[2917 2968]
[2969 2975]
[2976 3036]
[3037 3131]
[3132 3213]
[3214 3305]
[3306 3330]
[3331 3406]
[3407 3452]
[3453 3851]
[3852 3918]
[3919 3992]
[3993 4072]
[4073 4163]
[4164 4249]
[4250 4343]
[4344 4423]
[4424 4798]
[4799 4853]
[4854 4909]
[4910 4968]
[4969 5025]
[5026 5207]
[5208 5237]
[5238 5280]
[5281 5321]
[5322 5366]
[5367 5458]
[5459 5560]
[5561 5597]
[5598 5627]
[5628 5666]
[5667 5725]
[5726 5782]
[5783 5827]
[5828 5873]
[5874 5923]
[5924 5962]
[5963 6439]
[6440 6466]
[6467 6484]
[6485 6535]
[6536 6569]
[6570 6600]
[6601 6638]
[6639 6681]
[6682 6779]
[6780 6810]
[6811 6846]
[6847 6882]
[6883 6910]
[6911 6953]
[6954 6998]
[6999 7037]
[7038 7075]
[7076 7113]
[7114 7149]
[7150 7193]
[7194 7230]
[7231 7270]
[7271 7316]
[7317 7358]
[7359 7424]
[7425 7549]
[7550 7654]
[7655 7690]
[7691 7731]
[7732 7772]
[7773 7849]
[7850 7883]
[7884 8607]
[8608 8721]
[8722 8871]
[8872 8945]
[8946 9076]
[9077 9184]
[9185 9525]
[9526 9552]
[9553 9648]
[9649 9701]
[9702 9793]
[9794 9863]
[9864 9913]
[9914 9961]
[ 9962 10021]
[10022 10084]
[10085 10124]
[10125 10187]
[10188 10238]
[10239 10363]
[10364 10425]
[10426 10467]
[10468 10513]
[10514 10576]
[10577 10797]
[10798 10938]
[10939 11013]
[11014 11080]
[11081 11111]
[11112 11181]
[11182 11243]
[11244 11315]
[11316 11365]
[11366 11415]
[11416 11465]
[11466 11515]
[11516 11565]
[11566 11678]
[11679 11740]
[11741 11794]
[11795 11862]
[11863 11897]
[11898 11934]
[11935 11974]
[11975 12029]
[12030 12079]
[12080 12122]
[12123 12156]
[12157 12235]
[12236 12631]
[12632 12681]
[12682 12762]
[12763 12816]
[12817 12862]
[12863 12914]
[12915 12965]
[12966 13023]
[13024 13075]
[13076 13123]
[13124 13173]
[13174 13226]
[13227 13274]
[13275 13634]
[13635 13683]
[13684 13725]
[13726 13766]
[13767 13811]
[13812 13844]
[13845 13887]
[13888 13930]
[13931 14243]
[14244 14320]
[14321 14384]
[14385 14471]
[14472 14531]
[14532 14607]
[14608 14718]
[14719 14819]
[14820 14894]
[14895 15055]
[15056 15173]
[15174 15253]
[15254 15333]
[15334 15442]
[15443 15522]
[15523 15894]
[15895 16026]
[16027 16117]
[16118 16237]
[16238 16339]
[16340 16405]
[16406 16478]
[16479 16542]
[16543 16607]
[16608 16694]
[16695 16817]
[16818 16870]
[16871 16929]
[16930 17351]
[17352 17466]
[17467 17545]
[17546 17636]
[17637 17734]
[17735 17795]
[17796 17877]
[17878 17939]
[17940 18015]
[18016 18179]
[18180 18250]
[18251 18326]
[18327 18401]
[18402 18443]
[18444 18480]
[18481 18644]
[18645 18713]
[18714 18776]
[18777 18806]
[18807 18864]
[18865 18926]
[18927 19001]
[19002 19094]
[19095 19130]
[19131 19204]
[19205 19319]
[19320 19390]
[19391 19445]
[19446 19520]
[19521 19584]
[19585 19762]
[19763 19836]
[19837 19898]
[19899 19950]
[19951 20050]
[20051 20105]
[20106 20157]
[20158 20458]
[20459 20552]
[20553 20714]
[20715 20790]
[20791 20919]
[20920 20983]
[20984 21089]
[21090 21181]
[21182 21335]
[21336 21366]
[21367 21397]
[21398 21515]
[21516 21821]
[21822 22143]
[22144 22461]
[22462 22507]
[22508 22541]
[22542 22575]
[22576 22807]
[22808 22989]
[22990 23039]
[23040 23099]
[23100 23157]
[23158 23197]
[23198 23331]
[23332 23385]
[23386 23438]
[23439 23479]
[23480 23533]
[23534 23566]
[23567 23613]
[23614 23669]
[23670 23733]
[23734 23777]
[23778 23798]
[23799 24187]
[24188 24457]
[24458 24637]
[24638 24671]
[24672 24749]
[24750 24825]
[24826 24902]
[24903 24935]
[24936 24999]
[25000 25036]
[25037 25080]
[25081 25120]
[25121 25151]
[25152 25194]
[25195 25457]
[25458 25540]
[25541 25584]
[25585 25638]
[25639 25690]
[25691 25760]
[25761 25821]
[25822 25858]
[25859 25899]
[25900 25947]
[25948 26004]
[26005 26083]
[26084 26140]
[26141 26199]
[26200 26268]
[26269 26309]
[26310 26366]
[26367 26401]
[26402 26436]
[26437 26472]
[26473 26774]
[26775 27194]
[27195 27315]
[27316 27397]
[27398 27480]
[27481 27529]
[27530 27677]
[27678 27760]
[27761 27855]
[27856 28265]
[28266 28399]
