[ 0 27]
[ 28 329]
[330 384]
[385 417]
[418 446]
[447 480]
[481 511]
[512 559]
[560 587]
[588 601]
[602 635]
[636 658]
[659 707]
[708 734]
[735 760]
[761 792]
[793 826]
[827 865]
[866 969]
[ 970 1513]
[1514 1607]
[1608 1709]
[1710 1810]
[1811 1908]
[1909 2003]
[2004 2098]
[2099 2200]
[2201 2302]
[2303 2398]
[2399 2498]
[2499 2600]
[2601 2695]
[2696 2783]
[2784 3307]
[3308 3532]
[3533 3613]
[3614 3662]
[3663 3739]
[3740 3779]
[3780 3814]
[3815 3926]
[3927 3958]
[3959 3989]
[3990 4036]
[4037 4053]
[4054 4169]
[4170 4224]
[4225 4265]
[4266 4404]
[4405 4484]
[4485 4516]
[4517 4551]
[4552 4580]
[4581 4615]
[4616 4674]
[4675 4734]
[4735 4800]
[4801 4837]
[4838 4920]
[4921 4968]
[4969 5014]
[5015 5044]
[5045 5096]
[5097 5488]
[5489 5518]
[5519 5556]
[5557 5593]
[5594 5628]
[5629 5663]
[5664 5804]
[5805 5886]
[5887 5980]
[5981 6142]
[6143 6192]
[6193 6239]
[6240 6268]
[6269 6302]
[6303 6350]
[6351 6553]
[6554 6623]
[6624 6664]
[6665 6711]
[6712 6740]
[6741 6765]
[6766 6788]
[6789 6824]
[6825 7442]
[7443 7483]
[7484 7537]
[7538 7580]
[7581 7644]
[7645 7693]
[7694 7759]
[7760 7809]
[7810 7865]
[7866 7935]
[7936 8003]
[8004 8050]
[8051 8222]
[8223 8252]
[8253 8291]
[8292 8705]
[8706 8784]
[8785 8814]
[8815 9472]
[9473 9724]
[9725 9735]
[9736 9839]
[9840 9886]
[9887 9908]
[9909 9960]
[9961 9986]
[ 9987 10008]
[10009 10031]
[10032 10119]
[10120 10162]
[10163 10208]
[10209 10253]
[10254 10275]
[10276 10302]
[10303 10339]
[10340 10367]
[10368 10395]
[10396 10402]
[10403 10441]
[10442 10520]
[10521 10596]
[10597 10618]
[10619 10677]
[10678 10768]
[10769 10790]
[10791 10823]
[10824 10887]
[10888 11005]
[11006 11059]
[11060 11111]
[11112 11140]
[11141 11233]
[11234 11292]
[11293 11323]
[11324 11365]
[11366 11421]
[11422 11445]
[11446 11472]
[11473 11525]
[11526 11562]
[11563 11606]
[11607 11654]
[11655 11731]
[11732 12148]
[12149 12238]
[12239 12280]
[12281 12336]
[12337 12385]
[12386 12435]
[12436 12475]
[12476 12584]
[12585 12803]
[12804 12925]
[12926 12997]
[12998 13039]
[13040 13089]
[13090 13131]
[13132 13180]
[13181 13222]
[13223 13298]
[13299 13742]
[13743 13808]
[13809 13877]
[13878 13945]
[13946 14012]
[14013 14083]
[14084 14146]
[14147 14227]
[14228 14274]
[14275 14415]
[14416 14470]
[14471 14520]
[14521 14569]
[14570 14610]
[14611 14670]
[14671 14744]
[14745 14811]
[14812 14882]
[14883 14948]
[14949 14999]
[15000 15310]
[15311 15382]
[15383 15431]
[15432 15479]
[15480 15574]
[15575 15618]
[15619 15676]
[15677 15727]
[15728 15776]
[15777 15890]
[15891 16016]
[16017 16083]
[16084 16132]
[16133 16202]
[16203 16524]
[16525 16572]
[16573 16642]
[16643 16712]
[16713 16779]
[16780 16850]
[16851 16918]
[16919 16985]
[16986 17052]
[17053 17123]
[17124 17442]
[17443 17636]
[17637 17706]
[17707 17775]
[17776 17842]
[17843 17911]
[17912 17980]
[17981 18257]
[18258 18313]
[18314 18385]
[18386 18460]
[18461 18535]
[18536 18609]
[18610 18675]
[18676 18745]
[18746 18799]
[18800 18867]
[18868 18945]
[18946 19027]
[19028 19342]
[19343 19421]
[19422 19480]
[19481 19512]
[19513 19591]
[19592 19632]
[19633 19662]
[19663 19698]
[19699 19764]
[19765 19829]
[19830 19876]
[19877 19902]
[19903 19954]
[19955 20085]
[20086 20138]
[20139 20458]
[20459 20520]
[20521 20599]
[20600 20651]
[20652 20721]
[20722 20768]
[20769 20878]
[20879 20931]
[20932 20976]
[20977 21123]
[21124 21190]
[21191 21219]
[21220 21302]
[21303 21650]
[21651 21707]
[21708 21767]
[21768 21830]
[21831 21922]
[21923 21955]
[21956 22012]
[22013 22069]
[22070 22128]
[22129 22188]
[22189 22248]
[22249 22309]
[22310 22372]
[22373 22437]
[22438 22500]
[22501 22557]
[22558 22624]
[22625 22688]
[22689 22754]
[22755 22814]
[22815 23123]
[23124 23244]
[23245 23287]
[23288 23375]
[23376 23460]
[23461 23534]
[23535 23607]
[23608 23688]
[23689 23786]
[23787 23840]
[23841 23872]
[23873 23911]
[23912 23984]
[23985 24075]
[24076 24404]
[24405 24502]
[24503 24604]
[24605 24737]
[24738 24831]
[24832 24932]
[24933 25034]
[25035 25139]
[25140 25248]
[25249 25382]
[25383 25660]
[25661 25875]
[25876 26059]
[26060 26233]
[26234 26287]
[26288 26334]
[26335 26389]
[26390 26454]
[26455 26586]
[26587 26831]
[26832 27354]
[27355 27449]
