[ 0 23]
[25 44]
[45 64]
[ 66 109]
[111 183]
[184 514]
[515 567]
[568 601]
[602 633]
[634 663]
[664 694]
[695 741]
[742 818]
[819 873]
[874 913]
[914 944]
[945 996]
[ 997 1022]
[1023 1050]
[1051 1149]
[1150 1489]
[1490 1592]
[1593 1661]
[1662 1730]
[1731 1787]
[1788 1850]
[1851 1919]
[1920 1980]
[1981 2039]
[2040 2086]
[2087 2119]
[2120 2144]
[2145 2187]
[2188 2225]
[2226 2284]
[2285 2310]
[2311 2342]
[2343 2451]
[2452 2727]
[2728 2782]
[2783 2817]
[2818 2865]
[2866 2915]
[2916 2983]
[2984 3125]
[3126 3292]
[3293 3382]
[3383 3438]
[3439 3508]
[3509 3553]
[3554 3676]
[3677 3757]
[3758 3824]
[3825 3870]
[3871 3933]
[3934 3997]
[3998 4046]
[4047 4087]
[4088 4141]
[4142 4290]
[4291 4897]
[4898 4953]
[4954 4976]
[4977 5030]
[5031 5067]
[5068 5112]
[5113 5150]
[5151 5266]
[5267 5305]
[5306 5382]
[5383 5448]
[5449 5472]
[5473 5597]
[5598 5862]
[5863 5901]
[5902 5932]
[5933 5986]
[5987 6067]
[6068 6144]
[6145 6182]
[6183 6241]
[6242 6292]
[6293 6327]
[6328 6482]
[6483 6684]
[6685 6726]
[6727 6832]
[6833 6877]
[6878 6920]
[6921 6958]
[6959 7017]
[7018 7084]
[7085 7121]
[7122 7391]
[7392 7441]
[7442 7506]
[7507 7564]
[7565 7606]
[7607 7784]
[7785 7898]
[7899 7966]
[7967 8010]
[8011 8071]
[8072 8116]
[8117 8186]
[8187 8241]
[8242 8280]
[8281 8321]
[8322 8371]
[8372 8393]
[8394 8421]
[8422 8466]
[8467 8511]
[8512 8548]
[8549 8583]
[8584 8686]
[8687 8913]
[8914 8980]
[8981 9046]
[9047 9134]
[9135 9226]
[9227 9275]
[9276 9324]
[9325 9381]
[9382 9457]
[9458 9522]
[9523 9589]
[9590 9659]
[9660 9729]
[9730 9789]
[9790 9836]
[ 9837 10363]
[10364 10400]
[10401 10441]
[10442 10467]
[10468 10533]
[10534 10570]
[10571 10601]
[10602 10730]
[10731 10776]
[10777 10839]
[10840 10902]
[10903 11007]
[11008 11055]
[11056 11096]
[11097 11134]
[11135 11159]
[11160 11215]
[11216 11245]
[11246 11330]
[11331 11375]
[11376 11699]
[11700 11832]
[11833 11978]
[11979 12034]
[12035 12127]
[12128 12154]
[12155 12204]
[12205 12287]
[12288 12356]
[12357 12483]
[12484 12517]
[12518 12597]
[12598 12641]
[12642 12697]
[12698 12729]
[12730 12757]
[12758 12789]
[12790 12860]
[12861 12892]
[12893 12923]
[12924 12975]
[12976 13009]
[13010 13020]
[13021 13281]
[13282 13427]
[13428 13592]
[13593 13718]
[13719 13833]
[13834 13871]
[13872 13979]
[13980 14061]
[14062 14131]
[14132 14234]
[14235 14378]
[14379 14466]
[14467 14564]
[14565 14911]
[14912 15010]
[15012 15143]
[15144 15180]
[15181 15573]
[15574 15610]
[15611 16056]
[16057 16490]
[16491 16549]
[16550 16620]
[16621 16714]
[16715 16758]
[16759 16789]
[16790 16943]
[16944 17064]
[17065 17147]
[17148 17243]
[17244 17400]
[17401 17573]
[17574 17598]
[17599 17682]
[17683 17735]
[17736 17797]
[17798 17858]
[17859 17889]
[17890 17917]
[17918 17942]
[17943 17977]
[17978 18102]
[18103 18137]
[18138 18238]
[18239 18598]
[18599 18765]
[18766 18866]
[18867 18922]
[18923 19072]
[19073 19121]
[19122 19206]
[19207 19300]
[19301 19386]
[19387 19439]
[19440 19483]
[19484 19776]
[19777 19865]
[19866 19923]
[19924 19996]
[19997 20041]
[20042 20101]
[20102 20167]
[20168 20233]
[20234 20299]
[20300 20377]
[20378 20465]
[20466 20529]
[20530 20566]
[20567 20596]
[20597 20657]
[20658 20670]
[20671 20722]
[20723 21070]
[21071 21109]
[21110 21203]
[21204 21284]
[21285 21357]
[21358 21479]
[21480 21585]
[21586 21651]
[21652 21736]
[21737 21833]
[21834 21865]
[21866 21916]
[21917 22008]
[22009 22092]
[22093 22329]
[22330 22414]
[22415 22501]
[22502 22833]
[22834 23099]
[23100 23225]
[23226 23318]
[23319 23642]
[23643 24018]
[24019 24165]
[24166 24266]
[24267 24705]
[24706 24832]
[24833 24964]
[24965 25092]
[25093 25223]
[25224 25360]
[25361 25484]
[25485 25632]
[25633 25727]
[25728 25851]
[25852 25946]
[25947 26023]
[26024 26082]
[26083 26165]
[26166 26261]
[26262 26347]
[26348 26438]
[26439 26577]
[26578 26687]
[26688 26765]
[26766 26851]
[26852 26905]
[26906 27197]
[27198 27275]
[27276 27350]
[27351 27421]
[27422 27503]
[27504 27596]
[27597 27676]
[27677 27762]
[27763 27842]
[27843 27979]
[27980 28045]
[28046 28178]
[28179 28282]
[28283 28418]
[28419 28634]
[28635 28682]
[28683 28724]
[28725 28777]
[28778 28824]
[28825 28854]
[28855 28913]
[28914 28958]
[28959 29077]
[29078 29144]
[29145 29220]
[29221 29309]
[29310 29342]
[29343 29963]
[29965 30049]
