[ 0 17]
[ 18 259]
[260 322]
[323 358]
[359 388]
[389 416]
[417 449]
[450 485]
[486 515]
[516 543]
[544 572]
[573 649]
[ 650 1143]
[1144 1469]
[1470 1506]
[1507 1557]
[1558 1619]
[1620 1670]
[1671 1710]
[1711 1759]
[1760 1774]
[1775 1842]
[1843 1928]
[1929 2043]
[2044 2089]
[2090 2716]
[2717 2838]
[2839 2952]
[2953 2998]
[2999 3102]
[3103 3194]
[3195 3267]
[3268 3389]
[3390 3514]
[3515 3639]
[3640 3711]
[3712 3830]
[3831 3927]
[3928 5059]
[5060 5095]
[5096 5152]
[5153 5224]
[5225 5292]
[5293 5357]
[5358 5426]
[5427 5497]
[5498 5664]
[5665 5802]
[5803 5856]
[5857 5906]
[5907 5934]
[5935 5984]
[5985 6022]
[6023 6068]
[6069 6108]
[6109 6152]
[6153 6424]
[6425 6638]
[6639 6745]
[6746 6908]
[6909 7078]
[7079 7136]
[7137 7180]
[7181 7225]
[7226 7268]
[7269 7316]
[7317 7365]
[7366 7412]
[7413 7456]
[7457 7492]
[7493 7574]
[7575 7858]
[7859 8309]
[8310 8408]
[8409 8510]
[8511 8675]
[8676 8779]
[8780 8963]
[8964 9102]
[9103 9540]
[9541 9591]
[9592 9657]
[9658 9699]
[9700 9730]
[9731 9755]
[9756 9855]
[ 9856 10075]
[10076 10131]
[10132 10180]
[10181 10261]
[10262 10303]
[10304 10463]
[10464 10500]
[10501 10552]
[10553 10615]
[10616 10673]
[10674 10832]
[10833 10887]
[10888 10955]
[10956 11005]
[11006 11287]
[11288 11412]
[11413 11539]
[11540 11633]
[11634 11750]
[11751 11803]
[11804 11919]
[11920 12014]
[12015 12135]
[12136 12197]
[12198 12327]
[12328 12391]
[12392 12442]
[12443 12818]
[12819 12901]
[12902 13120]
[13121 13244]
[13245 13343]
[13344 13624]
[13625 13652]
[13653 13948]
[13949 14012]
[14013 14050]
[14051 14103]
[14104 14147]
[14148 14242]
[14243 14343]
[14344 14370]
[14371 14479]
[14480 14557]
[14558 14645]
[14646 14707]
[14708 14765]
[14766 14810]
[14811 14843]
[14844 14914]
[14915 15029]
[15030 15061]
[15062 15109]
[15110 15224]
[15225 15446]
[15447 15503]
[15504 15534]
[15535 15612]
[15613 15676]
[15677 15752]
[15753 15807]
[15808 15898]
[15899 15979]
[15980 16034]
[16035 16197]
[16198 16276]
[16277 16377]
[16378 16457]
[16458 16513]
[16514 16606]
[16607 16665]
[16666 16774]
[16775 16830]
[16831 16899]
[16900 16962]
[16963 17021]
[17022 17065]
[17066 17110]
[17111 17153]
[17154 17201]
[17202 17250]
[17251 17297]
[17298 17340]
[17341 17377]
[17378 17459]
[17460 17884]
[17885 18050]
[18051 18106]
[18108 18219]
[18220 18373]
[18375 18489]
[18490 18541]
[18542 18803]
[18804 18910]
[18911 19030]
[19031 19102]
[19103 19210]
[19211 19357]
[19358 19473]
[19474 19557]
[19558 19664]
[19665 19737]
[19738 19766]
[19767 19843]
[19844 19913]
[19914 20188]
[20189 20356]
[20357 20413]
[20414 20519]
[20520 20714]
[20715 20791]
[20792 21226]
[21227 21313]
[21314 21388]
[21389 21871]
[21872 22076]
[22077 22113]
[22114 22315]
[22316 22391]
[22392 22490]
[22491 22582]
[22583 22660]
[22661 22762]
[22763 22854]
[22855 22949]
[22950 23063]
[23064 23185]
[23186 23293]
[23294 23458]
[23459 23518]
[23519 23933]
[23934 23999]
