[0 4]
[  6 357]
[358 423]
[424 484]
[485 515]
[516 550]
[551 578]
[579 609]
[610 642]
[643 674]
[675 706]
[707 730]
[731 767]
[768 796]
[797 852]
[ 853 1257]
[1258 1418]
[1419 1521]
[1522 1551]
[1552 1622]
[1623 1671]
[1672 1717]
[1718 1818]
[1819 1883]
[1884 1954]
[1955 2001]
[2002 2050]
[2051 2085]
[2086 2115]
[2116 2143]
[2144 2164]
[2165 2210]
[2211 2293]
[2294 2340]
[2341 2351]
[2352 2393]
[2394 2434]
[2435 2472]
[2473 2518]
[2519 2544]
[2545 2596]
[2597 2640]
[2641 2689]
[2690 2754]
[2755 2783]
[2784 2835]
[2836 2875]
[2876 3363]
[3364 3500]
[3501 3601]
[3602 3697]
[3698 3786]
[3787 3964]
[3965 4052]
[4053 4273]
[4274 4430]
[4431 4525]
[4526 4601]
[4602 5038]
[5039 5120]
[5121 5169]
[5170 5230]
[5231 5293]
[5294 5397]
[5398 5434]
[5435 5559]
[5560 5611]
[5612 5741]
[5742 5811]
[5812 5841]
[5842 5896]
[5897 5990]
[5991 6110]
[6111 6160]
[6161 6323]
[6324 6414]
[6415 6438]
[6439 6458]
[6459 6476]
[6477 6537]
[6538 6769]
[6770 7033]
[7034 7081]
[7082 7122]
[7123 7172]
[7173 7231]
[7232 7292]
[7293 7371]
[7372 7430]
[7431 7543]
[7544 7597]
[7598 7650]
[7651 7714]
[7715 7751]
[7752 7825]
[7826 7884]
[7885 7964]
[7965 8059]
[8060 8104]
[8105 8180]
[8181 8204]
[8205 8230]
[8231 8247]
[8248 8340]
[8341 8395]
[8396 8810]
[8811 8878]
[8879 8906]
[8907 8940]
[8941 8979]
[8980 9029]
[9030 9069]
[9070 9176]
[9177 9224]
[9225 9296]
[9297 9346]
[9347 9405]
[9406 9456]
[9457 9506]
[9507 9544]
[9545 9572]
[9573 9594]
[9595 9655]
[9656 9689]
[9690 9728]
[9729 9771]
[9772 9825]
[9826 9856]
[9857 9920]
[9921 9968]
[ 9969 10033]
[10034 10104]
[10105 10263]
[10264 10299]
[10300 10345]
[10346 10397]
[10398 10419]
[10420 10443]
[10444 10501]
[10502 10554]
[10555 10600]
[10601 10697]
[10698 11054]
[11055 11099]
[11100 11144]
[11145 11177]
[11178 11194]
[11195 11265]
[11266 11295]
[11296 11329]
[11330 11366]
[11367 11412]
[11413 11450]
[11451 11488]
[11489 11517]
[11518 11543]
[11544 11575]
[11576 11629]
[11630 11651]
[11652 11674]
[11675 11701]
[11702 11727]
[11728 11757]
[11758 11793]
[11794 11804]
[11805 11815]
[11816 11855]
[11856 11870]
[11871 11904]
[11905 11923]
[11924 11950]
[11951 11963]
[11964 12010]
[12011 12050]
[12051 12075]
[12076 12092]
[12093 12120]
[12121 12134]
[12135 12163]
[12164 12188]
[12189 12701]
[12702 12764]
[12765 12781]
[12782 12869]
[12870 12931]
[12932 12962]
[12963 12998]
[12999 13038]
[13039 13094]
[13095 13143]
[13144 13203]
[13204 13264]
[13265 13541]
[13542 13614]
[13615 13707]
[13708 13808]
[13809 13852]
[13853 13968]
[13969 14036]
[14037 14086]
[14087 14145]
[14146 14508]
[14509 14537]
[14538 14563]
[14564 14595]
[14596 14660]
[14661 14681]
[14682 14728]
[14729 14822]
[14823 14927]
[14928 15002]
[15003 15047]
[15048 15062]
[15063 15093]
[15094 15131]
[15132 15170]
[15171 15191]
[15192 15270]
[15271 15310]
[15311 15362]
[15363 15394]
[15395 15427]
[15428 15473]
[15474 15513]
[15514 15535]
[15536 15570]
[15571 15611]
[15612 15639]
[15640 15660]
[15661 15691]
[15692 15732]
[15733 15790]
[15791 15819]
[15820 15907]
[15908 15936]
[15937 16290]
[16291 16499]
[16500 16591]
[16592 16659]
[16660 16732]
[16733 16801]
[16802 16868]
[16869 16944]
[16945 17017]
[17018 17082]
[17083 17152]
[17153 17222]
[17223 17312]
[17313 17597]
[17598 17659]
[17660 17700]
[17701 17728]
[17729 17767]
[17768 17820]
[17821 17849]
[17850 17878]
[17879 17924]
[17925 17987]
[17988 18073]
[18074 18115]
[18116 18171]
[18172 18266]
[18267 18346]
[18347 18410]
[18411 18516]
[18517 18581]
[18582 18610]
[18611 18722]
[18723 18780]
[18781 18824]
[18825 19134]
[19135 19431]
[19432 19504]
[19505 19607]
[19608 19678]
[19679 19768]
[19769 19822]
[19823 19897]
[19898 19972]
[19973 20119]
[20120 20194]
[20195 20310]
[20311 20382]
[20383 20421]
[20422 20445]
[20446 20508]
[20509 20572]
[20573 20622]
[20623 20828]
[20829 20889]
[20890 20947]
[20948 20994]
[20995 21053]
[21054 21143]
[21144 21276]
[21277 21518]
[21519 21640]
[21641 21732]
[21733 21812]
[21813 21913]
[21914 22008]
[22009 22172]
[22173 22246]
[22247 22337]
[22338 22422]
[22423 22544]
[22545 22627]
[22628 22711]
[22712 22802]
[22803 22882]
[22883 22958]
[22959 23060]
[23061 23359]
[23360 23423]
[23424 23533]
[23534 23604]
[23605 23682]
[23683 23789]
[23790 23894]
[23895 24028]
[24029 24048]
[24049 24131]
[24132 24185]
[24186 24284]
[24285 24338]
[24339 24388]
[24389 24742]
[24743 24807]
[24808 24848]
[24849 24912]
[24913 24965]
[24966 25028]
[25029 25123]
[25124 25237]
[25238 25265]
[25266 25353]
[25354 25386]
[25387 25472]
[25473 25531]
[25532 25572]
[25573 25873]
[25874 25942]
[25943 25983]
[25984 26043]
[26044 26122]
[26123 26194]
[26195 26326]
[26327 26456]
[26457 26526]
[26527 26567]
[26568 26598]
[26599 26653]
[26654 26685]
[26686 26696]
[26697 26983]
[26984 27099]
