[ 0 15]
[ 16 310]
[311 365]
[366 401]
[402 431]
[432 459]
[460 492]
[493 528]
[529 558]
[559 586]
[587 614]
[615 670]
[ 671 1234]
[1235 1304]
[1305 1363]
[1364 1431]
[1432 1492]
[1493 1556]
[1557 1654]
[1655 1703]
[1704 1804]
[1805 1987]
[1988 2037]
[2038 2072]
[2073 2109]
[2110 2196]
[2197 2243]
[2244 2322]
[2323 2405]
[2406 2483]
[2484 2548]
[2549 2609]
[2610 2665]
[2666 2734]
[2735 3532]
[3533 3574]
[3575 3603]
[3604 3645]
[3646 3695]
[3696 3726]
[3727 3822]
[3823 3901]
[3902 4107]
[4108 4172]
[4173 4205]
[4206 4248]
[4249 4275]
[4276 4309]
[4310 4365]
[4366 4445]
[4446 4591]
[4592 4624]
[4625 4646]
[4647 4673]
[4675 4817]
[4818 4983]
[4984 5401]
[5402 5472]
[5473 5547]
[5548 5616]
[5617 5682]
[5683 5744]
[5745 5815]
[5816 5869]
[5870 5936]
[5937 6003]
[6004 6066]
[6067 6161]
[6162 6260]
[6261 6393]
[6394 6474]
[6475 6551]
[6552 6623]
[6624 6701]
[6702 6782]
[6783 6941]
[6942 7465]
[7466 7559]
[7560 7623]
[7624 7677]
[7678 7725]
[7726 7792]
[7793 7847]
[7848 7879]
[7880 8049]
[8050 8197]
[8198 8241]
[8242 8289]
[8290 8339]
[8340 8431]
[8432 8472]
[8473 8516]
[8517 8629]
[8630 8677]
[8678 8716]
[8717 8754]
[8755 8785]
[8786 8815]
[8816 8869]
[8870 8905]
[8906 8974]
[8975 9053]
[9054 9365]
[9366 9499]
[9500 9550]
[9551 9592]
[9593 9645]
[9646 9682]
[9683 9743]
[9744 9797]
[9798 9887]
[9888 9970]
[ 9971 10058]
[10059 10141]
[10142 10215]
[10216 10267]
[10268 10335]
[10336 10441]
[10442 10504]
[10505 10565]
[10566 10628]
[10629 10672]
[10673 10737]
[10738 11010]
[11011 11084]
[11085 11150]
[11151 11223]
[11224 11277]
[11278 11345]
[11346 11402]
[11403 11466]
[11467 11543]
[11544 11619]
[11620 11685]
[11686 11759]
[11760 11833]
[11834 11901]
[11902 11968]
[11969 12040]
[12041 12104]
[12105 12173]
[12174 12232]
[12233 12276]
[12277 12321]
[12322 12364]
[12365 12412]
[12413 12461]
[12462 12508]
[12509 12551]
[12552 12588]
[12589 12679]
[12680 13192]
[13193 13304]
[13305 13403]
[13404 13461]
[13462 13557]
[13558 13672]
[13673 13782]
[13783 13988]
[13989 14090]
[14091 14190]
[14191 14290]
[14291 14390]
[14391 14495]
[14496 14930]
[14931 14985]
[14986 15034]
[15035 15187]
[15188 15289]
[15290 15384]
[15385 15439]
[15440 15537]
[15538 15613]
[15614 15701]
[15702 15774]
[15775 15944]
[15945 16017]
[16018 16081]
[16082 16160]
[16161 16243]
[16244 16711]
[16712 16754]
[16755 16813]
[16814 16838]
[16839 16903]
[16904 16930]
[16931 16944]
[16945 17013]
[17014 17037]
[17038 17085]
[17086 17129]
[17130 17195]
[17196 17271]
[17272 17298]
[17299 17394]
[17395 17481]
[17482 17524]
[17525 17579]
[17580 17613]
[17614 17678]
[17679 17769]
[17770 17825]
[17826 17866]
[17867 17957]
[17958 18169]
[18170 18365]
[18366 18494]
[18495 18590]
[18591 18697]
[18698 18976]
[18977 19040]
[19041 19136]
[19137 19197]
[19198 19317]
[19318 19328]
[19329 19365]
[19366 19483]
[19484 19525]
[19526 19579]
[19580 19679]
[19680 19755]
[19756 19841]
[19842 19918]
[19919 19992]
[19993 20440]
[20441 20550]
[20551 20629]
[20630 20762]
[20763 20879]
[20880 21000]
[21001 21116]
[21117 21257]
[21258 21321]
[21322 21420]
[21421 21623]
[21624 21723]
[21724 21778]
[21779 21870]
[21871 21981]
[21982 22269]
[22270 22338]
[22339 22415]
[22416 22484]
[22485 22573]
[22574 22620]
[22621 22722]
[22723 22780]
[22781 22853]
[22854 23012]
[23013 23067]
[23068 23177]
[23178 23236]
[23237 23298]
[23299 23376]
[23377 23430]
[23431 23911]
[23912 23946]
[23947 23979]
[23980 24096]
[24097 24108]
[24109 24121]
[24122 24180]
[24181 24203]
[24204 24417]
[24418 24530]
[24531 24576]
[24577 24672]
[24673 24693]
[24694 24804]
[24805 24833]
[24834 24997]
[24998 25042]
[25043 25079]
[25080 25132]
[25133 25238]
[25239 25321]
[25322 25355]
[25356 25398]
[25399 25562]
[25563 25621]
[25622 25665]
[25666 25710]
[25711 25753]
[25754 25801]
[25802 25850]
[25851 25897]
[25898 25940]
[25941 26066]
[26067 26396]
[26397 26481]
[26482 26560]
[26561 26617]
[26618 26700]
[26701 26779]
[26780 26840]
[26841 26900]
[26901 26965]
[26966 27026]
[27027 27082]
[27083 27142]
[27143 27198]
[27199 27251]
[27252 27492]
[27493 27924]
[27925 28209]
[28210 28323]
[28324 28614]
[28615 29112]
[29113 29179]
[29180 29408]
[29409 29476]
[29477 29616]
[29617 29896]
[29897 29940]
[29941 30007]
[30008 30065]
[30066 30125]
[30126 30167]
[30168 30215]
[30216 30311]
[30312 30381]
[30382 30406]
[30407 30462]
[30463 30565]
[30566 30609]
[30610 30643]
[30644 30691]
[30692 30734]
[30735 31089]
[31090 31204]
[31205 31666]
[31667 31769]
[31770 32054]
[32055 32174]
[32175 32556]
[32557 32627]
[32628 32684]
[32685 32744]
[32745 32785]
[32786 32839]
[32840 32950]
[32951 32977]
[32978 33031]
[33032 33099]
[33100 33158]
[33159 33215]
[33216 33284]
[33285 33345]
[33346 33397]
[33398 33436]
[33437 33484]
[33485 33832]
[33833 33899]
