[ 0 14]
[16 35]
[36 55]
[57 77]
[ 78 100]
[102 190]
[191 517]
[518 553]
[554 583]
[584 611]
[612 644]
[645 680]
[681 710]
[711 738]
[739 768]
[769 801]
[802 832]
[833 863]
[864 893]
[894 925]
[926 958]
[959 990]
[ 991 1021]
[1022 1104]
[1105 1608]
[1609 1654]
[1655 1712]
[1713 1746]
[1747 1834]
[1835 1879]
[1880 1929]
[1930 1973]
[1974 2002]
[2003 2060]
[2061 2093]
[2094 2135]
[2136 2180]
[2181 2215]
[2216 2251]
[2252 2298]
[2299 2326]
[2327 2399]
[2400 2465]
[2466 2525]
[2526 2580]
[2581 2616]
[2617 2702]
[2703 2752]
[2753 2783]
[2784 2857]
[2858 2883]
[2884 2944]
[2945 2983]
[2984 3009]
[3010 3053]
[3054 3072]
[3073 3124]
[3125 3243]
[3244 3659]
[3660 4117]
[4118 4166]
[4167 4215]
[4216 4264]
[4265 4307]
[4308 4366]
[4367 4411]
[4412 4480]
[4481 4545]
[4546 4584]
[4585 4635]
[4636 4707]
[4708 4824]
[4825 4856]
[4857 5447]
[5448 5519]
[5520 5558]
[5559 5605]
[5606 5649]
[5650 5700]
[5701 5812]
[5813 5862]
[5863 5900]
[5901 5931]
[5932 5970]
[5971 6029]
[6030 6069]
[6070 6114]
[6115 6178]
[6179 6221]
[6222 6278]
[6279 6342]
[6343 6377]
[6378 6441]
[6442 6504]
[6505 6564]
[6565 6643]
[6644 6701]
[6702 6760]
[6761 6837]
[6838 6909]
[6910 6987]
[6988 7345]
[7346 7382]
[7383 7428]
[7429 7472]
[7473 7512]
[7513 7551]
[7552 7845]
[7846 7895]
[7896 7945]
[7946 7994]
[7995 8052]
[8053 8104]
[8105 8156]
[8157 8226]
[8227 8285]
[8286 8368]
[8369 8417]
[8418 8458]
[8459 8529]
[8530 8606]
[8607 8678]
[8679 8726]
[8727 8821]
[8822 9123]
[9124 9267]
[9268 9349]
[9350 9418]
[9419 9764]
[9765 9849]
[ 9850 10030]
[10031 10165]
[10166 10287]
[10288 10372]
[10373 10430]
[10431 10478]
[10479 10518]
[10519 10582]
[10583 10866]
[10867 10966]
[10967 11039]
[11040 11111]
[11112 11186]
[11187 11269]
[11270 11353]
[11354 11423]
[11424 11517]
[11518 11585]
[11586 11673]
[11674 11764]
[11765 11845]
[11846 12025]
[12026 12107]
[12108 12177]
[12178 12228]
[12229 12286]
[12287 12330]
[12331 12375]
[12376 12418]
[12419 12466]
[12467 12515]
[12516 12562]
[12563 12603]
[12604 12642]
[12643 12733]
[12734 13019]
[13020 13108]
[13109 13206]
[13207 13582]
[13583 13660]
[13661 13756]
[13757 13789]
[13790 13872]
[13873 13905]
[13906 13966]
[13967 14052]
[14053 14136]
[14137 14201]
[14202 14253]
[14254 14324]
[14325 14400]
[14401 14459]
[14460 14528]
[14529 14640]
[14641 14888]
[14889 14991]
[14992 15243]
[15244 15340]
[15341 15396]
[15397 15481]
[15482 15549]
[15550 15638]
[15639 15729]
[15730 15800]
[15801 15865]
[15866 15970]
[15971 16025]
[16026 16415]
[16416 16539]
[16540 16764]
[16765 16887]
[16888 17005]
[17006 17088]
[17089 17175]
[17176 17314]
[17315 17390]
[17391 17492]
[17493 17739]
[17740 18093]
[18094 18148]
[18149 18280]
[18281 18381]
[18382 18447]
[18448 18527]
[18528 18600]
[18601 18645]
[18646 18744]
[18745 18888]
[18889 19022]
[19023 19160]
[19161 19305]
[19306 19387]
[19388 19447]
[19448 19497]
[19498 19556]
[19557 19906]
[19907 19968]
[19969 20042]
[20043 20104]
[20105 20155]
[20156 20211]
[20212 20277]
[20278 20357]
[20358 20616]
[20617 20660]
[20661 20704]
[20705 20762]
[20763 20800]
[20801 20858]
[20859 21090]
[21091 21135]
[21136 21221]
[21222 21276]
[21277 21334]
[21335 21634]
[21635 21712]
[21713 21753]
[21754 21814]
[21815 21885]
[21886 21954]
[21955 22023]
[22024 22077]
[22078 22177]
[22178 22382]
[22383 22434]
[22435 22476]
[22477 22539]
[22540 22673]
[22674 22738]
[22739 22823]
[22824 22985]
[22986 23032]
[23033 23159]
[23160 23203]
[23204 23248]
[23249 23291]
[23292 23339]
[23340 23388]
[23389 23435]
[23436 23478]
[23479 23515]
[23516 23600]
[23601 23999]
[24000 24073]
[24074 24136]
[24137 24185]
[24186 24253]
[24254 24303]
[24304 24384]
[24385 24567]
[24568 24650]
[24651 24711]
[24712 24758]
[24759 24838]
[24839 24912]
[24913 24987]
[24988 25066]
[25067 25144]
[25145 25179]
[25180 25562]
[25563 25640]
[25641 25700]
[25701 25768]
[25769 25837]
[25838 25900]
[25901 25956]
[25957 26017]
[26018 26069]
[26070 26154]
[26155 26216]
[26217 26268]
[26269 26319]
[26320 26370]
[26371 26419]
[26420 26754]
[26755 26838]
[26839 26938]
[26939 27038]
[27039 27138]
[27139 27238]
[27239 27288]
[27289 27338]
[27339 27388]
[27389 27438]
[27439 27487]
[27488 27563]
[27564 27638]
[27639 27713]
[27714 27762]
[27763 28008]
[28009 28311]
[28312 28366]
[28367 28450]
[28451 28522]
[28523 28635]
[28636 28725]
[28726 29037]
[29038 29112]
[29113 29162]
[29163 29183]
[29184 29213]
[29214 29256]
[29257 29289]
[29290 29312]
[29313 29333]
[29334 29354]
[29355 29368]
[29369 29396]
[29397 29422]
[29423 29436]
[29437 29456]
[29457 29503]
[29504 29553]
[29554 29604]
[29605 29690]
[29691 29810]
[29811 30231]
[30232 30416]
[30417 30616]
[30617 30816]
[30817 31013]
[31014 31344]
[31345 31449]
