[0 3]
[  4 245]
[246 295]
[296 321]
[322 336]
[337 370]
[371 395]
[396 422]
[423 461]
[462 546]
[547 588]
[589 625]
[626 672]
[673 722]
[723 773]
[774 873]
[ 874 1211]
[1212 1263]
[1264 1289]
[1290 1304]
[1305 1354]
[1355 1384]
[1385 1414]
[1415 1487]
[1488 1546]
[1547 1626]
[1627 1685]
[1686 1755]
[1756 1803]
[1804 1832]
[1833 1883]
[1884 1920]
[1921 1977]
[1978 2280]
[2281 2287]
[2288 2657]
[2658 2860]
[2862 3242]
[3243 3690]
[3691 3792]
[3793 3857]
[3858 3894]
[3895 3940]
[3941 3987]
[3988 4032]
[4033 4095]
[4096 4137]
[4138 4172]
[4173 4236]
[4237 4273]
[4274 4329]
[4330 4381]
[4382 4429]
[4430 4621]
[4622 4858]
[4859 4924]
[4925 4973]
[4974 5026]
[5027 5105]
[5106 5510]
[5511 5824]
[5825 5912]
[5914 6200]
[6201 6330]
[6332 6470]
[6472 6590]
[6591 6650]
[6651 6866]
[6867 7245]
[7246 7349]
[7350 7420]
[7421 7512]
[7513 7616]
[7617 7653]
[7654 7712]
[7713 7793]
[7794 7849]
[7850 7899]
[7900 7957]
[7958 7962]
[7963 8081]
[8082 8169]
[8170 8295]
[8296 8350]
[8351 8396]
[8397 8434]
[8435 8464]
[8465 8512]
[8513 8579]
[8580 8598]
[8599 8658]
[8659 8690]
[8691 8718]
[8719 8774]
[8775 8815]
[8816 8858]
[8859 8916]
[8917 9002]
[9003 9070]
[9071 9094]
[9095 9128]
[9129 9197]
[9198 9270]
[9271 9304]
[9305 9328]
[9329 9378]
[9379 9386]
[9387 9446]
[9447 9477]
[9478 9525]
[9526 9634]
[9635 9654]
[9655 9687]
[9688 9735]
[9736 9769]
[9770 9814]
[ 9815 10081]
[10082 10485]
[10486 10698]
[10699 10939]
[10940 11055]
[11056 11170]
[11171 11267]
[11268 11351]
[11352 11385]
[11386 11463]
[11464 11536]
[11537 11921]
[11922 12032]
[12033 12162]
[12163 12198]
[12199 12249]
[12250 12483]
[12484 12568]
[12569 12642]
[12643 12691]
[12692 12719]
[12720 12752]
[12753 12813]
[12814 12882]
[12883 12918]
[12919 12958]
[12959 13153]
[13154 13237]
[13238 13256]
[13257 13307]
[13308 13348]
[13349 13428]
[13429 13762]
[13763 13840]
[13841 13906]
[13907 13985]
[13986 14055]
[14056 14104]
[14105 14170]
[14171 14223]
[14224 14291]
[14292 14459]
[14460 14534]
[14535 14594]
[14595 14639]
[14640 14962]
[14963 15018]
[15019 15045]
[15046 15098]
[15099 15161]
[15162 15198]
[15199 15297]
[15298 15433]
[15434 15488]
[15489 15570]
[15571 15623]
[15624 15658]
[15659 15697]
[15698 15724]
[15725 15761]
[15762 15795]
[15796 15844]
[15845 15898]
[15899 15945]
[15946 16024]
[16025 16162]
[16163 16284]
[16285 16646]
[16647 16734]
[16735 16812]
[16813 16829]
[16830 16885]
[16886 16926]
[16927 16976]
[16977 17060]
[17061 17094]
[17095 17191]
[17192 17266]
[17267 17317]
[17318 17341]
[17342 17370]
[17371 17738]
[17739 17850]
[17851 17911]
[17912 17989]
[17990 18227]
[18228 18317]
[18318 18452]
[18453 18524]
[18525 18678]
[18679 19076]
[19077 19142]
[19143 19219]
[19220 19283]
[19284 19394]
[19395 19465]
[19466 19492]
[19493 19556]
[19557 19672]
[19673 19737]
[19738 19788]
[19789 19864]
[19865 19995]
[19996 20069]
[20070 20139]
[20140 20458]
[20459 20533]
[20534 20636]
[20637 20668]
[20669 20744]
[20745 20835]
[20836 20899]
[20900 20917]
[20918 20988]
[20989 21049]
[21050 21075]
[21076 21120]
[21121 21149]
[21150 21213]
[21214 21543]
[21544 21677]
[21678 21811]
[21812 21918]
[21919 22060]
[22061 22126]
[22127 22392]
[22393 22786]
[22787 23165]
[23166 23289]
[23290 23308]
[23309 23792]
[23793 23882]
[23883 23968]
[23969 24066]
[24067 24126]
[24127 24210]
[24211 24292]
[24293 24367]
[24368 24449]
[24450 24540]
[24541 24670]
[24671 24780]
[24781 24873]
[24874 25112]
[25113 25213]
[25214 25311]
[25312 25397]
[25398 25472]
[25473 25579]
[25580 25684]
[25685 25790]
[25791 26261]
[26262 26349]
