[ 0 30]
[32 51]
[52 71]
[ 73 116]
[118 207]
[208 492]
[493 549]
[550 586]
[587 636]
[637 676]
[677 712]
[713 776]
[777 827]
[828 900]
[901 970]
[ 971 1026]
[1027 1084]
[1085 1123]
[1124 1245]
[1246 1731]
[1732 1770]
[1771 1828]
[1829 1869]
[1870 1896]
[1897 1985]
[1986 2023]
[2024 2090]
[2091 2163]
[2164 2215]
[2216 2242]
[2243 2314]
[2315 2359]
[2360 2415]
[2416 2477]
[2478 2559]
[2560 2622]
[2623 2660]
[2661 2697]
[2698 2762]
[2763 2817]
[2818 2879]
[2880 2927]
[2928 2973]
[2974 3000]
[3001 3036]
[3037 3062]
[3063 3098]
[3099 3129]
[3130 3165]
[3166 3213]
[3214 3664]
[3665 3730]
[3731 3786]
[3787 3822]
[3823 3866]
[3867 3914]
[3915 4059]
[4060 4136]
[4137 4167]
[4168 4350]
[4351 4390]
[4391 4428]
[4429 4451]
[4452 4493]
[4494 4536]
[4537 4585]
[4586 4604]
[4605 4620]
[4621 4658]
[4659 4751]
[4752 4860]
[4861 4949]
[4950 5021]
[5022 5080]
[5081 5143]
[5144 5170]
[5171 5212]
[5213 5239]
[5240 5690]
[5691 5727]
[5728 5819]
[5820 5910]
[5911 5981]
[5982 6036]
[6037 6131]
[6132 6191]
[6192 6258]
[6259 6299]
[6300 6362]
[6363 6412]
[6413 6488]
[6489 6635]
[6636 6727]
[6728 6788]
[6789 6861]
[6862 6982]
[6983 7034]
[7035 7137]
[7138 7605]
[7606 7655]
[7656 7740]
[7741 7811]
[7812 7879]
[7880 7975]
[7976 8013]
[8014 8130]
[8131 8347]
[8348 8467]
[8468 8514]
[8515 8566]
[8567 8608]
[8609 8638]
[8639 8708]
[8709 8752]
[8753 8847]
[8848 8892]
[8893 8998]
[8999 9319]
[9320 9373]
[9374 9423]
[9424 9514]
[9515 9606]
[9607 9688]
[9689 9737]
[9738 9809]
[9810 9860]
[9861 9894]
[9895 9920]
[ 9921 10345]
[10346 10479]
[10480 10527]
[10528 10585]
[10586 10650]
[10651 10694]
[10695 10753]
[10754 10832]
[10833 11171]
[11172 11239]
[11240 11294]
[11295 11342]
[11343 11459]
[11460 11550]
[11551 11661]
[11662 11718]
[11719 11773]
[11774 11868]
[11869 11945]
[11946 12000]
[12001 12056]
[12057 12133]
[12134 12193]
[12194 12288]
[12289 12363]
[12364 12428]
[12429 12484]
[12485 12535]
[12536 12593]
[12594 12648]
[12649 12703]
[12704 12753]
[12754 12780]
[12781 12832]
[12833 12868]
[12869 12918]
[12919 12964]
[12965 12993]
[12994 13085]
[13086 13330]
[13331 13580]
[13581 13647]
[13648 13790]
[13791 13855]
[13856 13962]
[13963 14018]
[14019 14066]
[14067 14115]
[14116 14154]
[14155 14193]
[14194 14236]
[14237 14348]
[14349 14445]
[14446 14699]
[14700 14818]
[14819 14887]
[14888 14953]
[14954 15021]
[15022 15096]
[15097 15171]
[15172 15236]
[15237 15299]
[15300 15372]
[15373 15471]
[15472 15740]
[15741 15995]
[15996 16311]
[16312 16391]
[16392 16561]
[16562 16618]
[16619 16691]
[16692 16730]
[16731 17013]
[17014 17087]
[17088 17137]
[17138 17183]
[17184 17227]
[17228 17270]
[17271 17321]
[17322 17378]
[17379 17434]
[17435 17497]
[17498 17555]
[17556 17595]
[17596 17659]
[17660 17702]
[17703 17763]
[17764 17820]
[17821 17887]
[17888 17934]
[17935 17996]
[17997 18055]
[18056 18102]
[18103 18424]
[18425 18510]
[18511 18579]
[18580 18677]
[18678 18767]
[18768 18865]
[18866 18961]
[18962 19037]
[19038 19124]
[19125 19207]
[19208 19336]
[19337 19412]
[19413 19640]
[19641 19698]
[19699 19766]
[19767 19824]
[19825 19879]
[19880 19934]
[19935 20020]
[20021 20127]
[20128 20465]
[20467 20589]
[20590 20672]
[20673 20740]
[20741 20815]
[20816 20880]
[20881 20938]
[20939 21007]
[21008 21067]
[21068 21237]
[21238 21304]
[21305 21396]
[21397 21445]
[21446 21561]
[21562 21642]
[21643 21669]
[21670 21887]
[21888 21931]
[21932 21987]
[21988 22189]
[22190 22244]
[22245 22350]
[22351 22493]
[22494 22620]
[22621 22720]
[22721 22825]
[22826 22891]
[22892 22952]
[22953 23104]
[23105 23158]
[23159 23534]
[23535 23612]
[23613 23643]
[23644 23795]
[23796 24039]
[24040 24081]
[24082 24446]
[24447 24731]
[24732 24787]
[24788 24928]
[24929 25047]
[25048 25478]
[25479 25527]
[25528 25566]
[25567 25646]
[25647 25679]
[25680 25726]
[25727 25788]
[25789 25830]
[25831 25872]
[25873 26048]
[26049 26102]
[26103 26155]
[26156 26222]
[26223 26267]
[26268 26372]
[26373 26411]
[26412 26469]
[26470 27017]
[27018 27188]
[27189 27323]
[27324 27378]
[27379 27478]
[27479 27537]
[27538 27629]
[27630 27708]
[27709 27783]
[27784 27870]
[27871 27903]
[27904 27977]
[27978 28102]
[28103 28157]
[28158 28244]
[28245 28308]
[28309 28355]
[28356 28391]
[28392 28449]
[28450 28486]
[28487 28515]
[28516 28517]
[28518 28588]
[28589 28633]
[28634 28700]
[28701 28934]
[28935 29019]
[29020 29084]
[29085 29136]
[29137 29199]
[29200 29267]
[29268 29332]
[29333 29395]
[29396 29472]
[29473 29549]
[29550 29601]
[29602 29799]
[29800 29989]
[29990 30082]
[30083 30129]
[30130 30161]
[30162 30555]
[30556 30649]
