[ 0 19]
[21 40]
[41 60]
[ 62 105]
[107 181]
[182 540]
[541 597]
[598 633]
[634 663]
[664 691]
[692 724]
[725 786]
[787 847]
[848 924]
[ 925 1336]
[1337 1390]
[1391 1418]
[1419 1467]
[1468 1535]
[1536 1590]
[1591 1623]
[1624 1655]
[1656 1724]
[1725 1748]
[1749 1788]
[1789 1829]
[1830 1891]
[1892 2024]
[2025 2101]
[2102 2155]
[2156 2275]
[2276 2341]
[2342 2402]
[2404 2459]
[2460 2500]
[2501 2568]
[2569 3608]
[3609 3713]
[3714 3768]
[3769 3847]
[3848 3916]
[3917 3941]
[3942 3988]
[3989 4073]
[4074 4123]
[4124 4158]
[4159 4225]
[4226 4235]
[4236 4270]
[4271 4355]
[4356 4740]
[4741 4786]
[4787 4819]
[4820 4863]
[4864 4926]
[4927 4965]
[4966 4999]
[5000 5030]
[5031 5070]
[5071 5099]
[5100 5126]
[5127 5169]
[5170 5211]
[5212 5292]
[5293 5389]
[5390 5633]
[5634 5712]
[5713 5739]
[5740 5782]
[5783 5823]
[5824 5867]
[5868 5929]
[5930 5981]
[5982 6020]
[6021 6079]
[6080 6443]
[6444 6501]
[6502 6540]
[6541 6579]
[6580 6626]
[6627 6659]
[6660 6701]
[6702 6740]
[6741 6778]
[6779 6829]
[6830 6967]
[6968 7023]
[7024 7067]
[7068 7112]
[7113 7147]
[7148 7196]
[7197 7236]
[7237 7299]
[7300 7348]
[7349 7413]
[7414 7553]
[7554 7601]
[7602 7659]
[7660 7705]
[7706 7767]
[7768 7818]
[7819 7936]
[7937 7970]
[7971 8001]
[8002 8041]
[8042 8080]
[8081 8116]
[8117 8181]
[8182 8227]
[8228 8276]
[8277 8380]
[8381 9147]
[9148 9434]
[9435 9607]
[9608 9842]
[ 9843 10008]
[10009 10264]
[10265 10325]
[10326 10377]
[10378 10438]
[10439 10540]
[10541 10571]
[10572 10632]
[10633 10695]
[10696 10724]
[10725 10775]
[10776 10804]
[10805 10858]
[10859 10883]
[10884 10917]
[10918 10937]
[10938 10986]
[10987 11021]
[11022 11055]
[11056 11089]
[11090 11147]
[11148 11190]
[11191 11228]
[11229 11305]
[11306 11349]
[11350 11925]
[11926 12443]
[12445 12711]
[12713 12814]
[12815 12842]
[12843 12914]
[12915 12976]
[12977 13042]
[13043 13099]
[13100 13156]
[13157 13193]
[13194 13261]
[13262 13320]
[13321 13353]
[13354 13355]
[13356 13406]
[13407 13461]
[13462 13503]
[13504 13558]
[13559 13612]
[13613 13646]
[13647 13673]
[13674 13727]
[13728 14020]
[14021 14129]
[14130 14237]
[14238 14441]
[14443 14500]
[14501 14674]
[14675 14749]
[14750 14814]
[14815 15038]
[15039 15100]
[15101 15345]
[15346 15420]
[15421 15483]
[15484 15528]
[15529 15671]
[15672 15717]
[15718 15782]
[15783 15914]
[15915 16070]
[16071 16343]
[16344 16411]
[16412 16461]
[16462 16608]
[16609 16685]
[16686 16735]
[16736 16805]
[16806 16846]
[16847 16955]
[16956 17055]
[17056 17125]
[17126 17226]
[17227 17331]
[17332 17364]
[17365 17400]
[17401 17435]
[17436 17472]
[17473 17511]
[17512 17548]
[17549 17579]
[17580 17621]
[17622 17660]
[17661 17768]
[17769 18146]
[18147 18241]
[18242 18330]
[18331 18399]
[18400 18435]
[18436 18551]
[18552 18654]
[18655 18746]
[18747 18846]
[18847 18901]
[18902 18976]
[18977 19267]
[19268 19387]
[19388 19413]
[19414 19443]
[19444 19635]
[19636 19673]
[19674 19785]
[19786 19841]
[19842 19918]
[19919 19995]
[19996 20095]
[20096 20193]
[20194 20246]
[20247 20291]
[20292 20340]
[20341 20642]
[20643 20724]
[20725 20888]
[20889 21173]
[21174 21227]
[21228 21302]
[21303 21346]
[21347 21398]
[21399 21465]
[21466 21554]
[21555 21606]
[21607 21658]
[21659 21758]
[21759 22229]
[22230 22346]
[22347 22458]
[22459 22566]
[22567 22675]
[22676 22933]
[22934 23033]
[23034 23304]
[23305 23447]
[23448 23560]
[23561 23611]
[23612 23954]
[23955 24049]
