[ 0 23]
[25 44]
[45 64]
[ 66 109]
[111 188]
[189 439]
[440 489]
[490 536]
[537 586]
[587 616]
[617 644]
[645 677]
[678 708]
[709 739]
[740 774]
[775 800]
[801 933]
[ 934 1250]
[1251 1294]
[1295 1337]
[1338 1385]
[1386 1449]
[1450 1498]
[1499 1559]
[1560 1614]
[1615 1682]
[1683 1731]
[1732 1782]
[1783 1828]
[1829 1875]
[1876 1925]
[1926 1968]
[1969 2015]
[2016 2063]
[2064 2114]
[2115 2158]
[2159 2201]
[2202 2251]
[2252 2297]
[2298 2343]
[2344 2380]
[2381 2424]
[2425 2471]
[2472 2512]
[2513 2552]
[2553 3031]
[3032 3100]
[3101 3144]
[3145 3204]
[3205 3250]
[3251 3300]
[3301 3358]
[3359 3442]
[3443 3483]
[3484 3538]
[3539 3582]
[3583 3616]
[3617 3727]
[3728 3875]
[3876 3916]
[3917 3963]
[3964 4009]
[4010 4045]
[4046 4076]
[4077 4104]
[4105 4129]
[4130 4366]
[4367 4417]
[4418 4455]
[4456 4491]
[4492 4519]
[4520 4550]
[4551 4591]
[4592 4641]
[4642 5155]
[5156 5202]
[5203 5233]
[5234 5273]
[5274 5315]
[5316 5366]
[5367 5430]
[5431 5518]
[5519 5560]
[5561 5647]
[5648 5695]
[5696 5764]
[5765 5822]
[5823 5883]
[5884 5944]
[5945 5987]
[5988 6059]
[6060 6135]
[6136 6181]
[6182 6258]
[6259 6615]
[6616 6671]
[6672 6752]
[6753 6840]
[6841 6921]
[6922 7005]
[7006 7070]
[7071 7216]
[7217 7261]
[7262 7300]
[7301 7352]
[7353 7410]
[7411 7468]
[7469 7509]
[7510 8033]
[8034 8157]
[8158 8203]
[8204 8251]
[8252 8295]
[8296 8337]
[8338 8472]
[8473 8536]
[8537 8571]
[8572 8611]
[8612 8675]
[8676 8731]
[8732 8904]
[8905 8965]
[8966 9073]
[9074 9108]
[9109 9164]
[9165 9227]
[9228 9285]
[9286 9309]
[9310 9365]
[9366 9415]
[9416 9469]
[9470 9528]
[9529 9595]
[9596 9663]
[9664 9712]
[9713 9768]
[9769 9799]
[9800 9837]
[9838 9876]
[9877 9911]
[9912 9948]
[ 9949 10213]
[10214 10444]
[10445 10468]
[10469 10528]
[10529 10596]
[10597 10676]
[10677 10752]
[10753 10839]
[10840 10911]
[10912 10957]
[10958 11107]
[11108 11151]
[11152 11206]
[11207 11277]
[11278 11357]
[11358 11422]
[11423 11509]
[11510 11558]
[11559 11897]
[11898 12687]
[12688 12723]
[12724 12764]
[12765 12815]
[12816 12860]
[12861 12911]
[12912 13177]
[13178 13272]
[13273 13313]
[13314 13401]
[13402 13458]
[13459 13533]
[13534 13621]
[13622 13653]
[13654 13729]
[13730 13764]
[13765 13823]
[13824 13919]
[13920 14190]
[14191 14433]
[14434 14493]
[14494 14526]
[14527 14575]
[14576 14615]
[14616 14687]
[14688 14737]
[14738 14782]
[14783 14830]
[14831 14916]
[14917 14986]
[14987 15001]
[15002 15116]
[15117 15170]
[15171 15205]
[15206 15239]
[15240 15272]
[15273 15296]
[15297 15333]
[15334 15350]
[15351 15412]
[15413 15465]
[15466 15505]
[15506 15530]
[15531 15613]
[15614 15975]
[15976 16076]
[16077 16157]
[16158 16235]
[16236 16285]
[16287 16498]
[16499 16859]
[16860 17293]
[17294 17351]
[17352 17389]
[17390 17469]
[17470 17524]
[17525 17566]
[17567 17676]
[17677 17697]
[17698 17809]
[17810 17851]
[17852 17875]
[17876 17912]
[17913 17934]
[17935 17970]
[17971 18004]
[18005 18049]
[18050 18085]
[18086 18171]
[18172 18197]
[18198 18238]
[18239 18595]
[18596 18627]
[18628 18664]
[18665 18722]
[18723 18778]
[18779 18817]
[18818 18867]
[18868 18893]
[18894 18991]
[18992 19025]
[19026 19079]
[19080 19113]
[19114 19204]
[19205 19288]
[19289 19381]
[19382 19427]
[19428 19463]
[19464 19575]
[19576 19613]
[19614 19684]
[19685 19727]
[19728 19763]
[19764 19765]
[19766 19820]
[19821 19887]
[19888 19933]
[19934 19984]
[19985 20019]
[20020 20137]
[20138 20473]
[20474 20641]
[20642 20700]
[20701 20740]
[20741 20787]
[20788 20837]
[20838 20935]
[20936 21089]
[21090 21168]
[21169 21245]
[21246 21284]
[21285 21384]
[21385 21463]
[21464 21515]
[21516 21666]
[21667 21743]
[21744 21844]
[21845 22176]
[22177 22263]
[22264 22377]
[22378 22456]
[22457 22541]
[22542 22590]
[22591 22659]
[22660 22724]
[22725 22790]
[22791 22837]
[22838 22897]
[22898 23008]
[23009 23066]
[23067 23124]
[23125 23193]
[23194 23250]
[23251 23309]
[23310 23382]
[23383 23664]
[23665 23763]
[23764 23832]
[23833 23896]
[23897 23943]
[23944 23964]
[23965 24033]
[24034 24090]
[24091 24143]
[24144 24241]
[24242 24321]
[24322 24374]
[24375 24428]
[24429 24500]
[24501 24851]
[24852 24899]
