[ 0 19]
[21 40]
[41 60]
[ 62 105]
[107 185]
[186 412]
[413 465]
[466 519]
[520 541]
[542 591]
[592 632]
[633 680]
[681 716]
[717 806]
[807 843]
[ 844 1045]
[1046 1414]
[1415 1739]
[1740 2083]
[2085 2290]
[2291 2536]
[2538 2640]
[2641 2727]
[2728 2852]
[2853 2969]
[2970 3062]
[3063 3093]
[3094 3163]
[3164 3183]
[3184 3345]
[3346 3405]
[3406 3512]
[3513 3688]
[3689 3774]
[3775 3879]
[3880 3899]
[3900 4081]
[4082 4257]
[4258 4443]
[4444 4651]
[4652 4733]
[4734 4825]
[4826 4925]
[4926 5157]
[5158 5256]
[5257 5395]
[5396 5631]
[5632 5661]
[5662 5693]
[5694 5750]
[5751 5780]
[5781 5824]
[5825 5914]
[5915 5970]
[5971 6018]
[6019 6059]
[6060 6090]
[6091 6150]
[6151 6207]
[6208 6264]
[6265 6319]
[6320 6352]
[6353 6384]
[6385 6434]
[6435 6528]
[6529 6570]
[6571 7151]
[7152 7219]
[7220 7334]
[7335 7443]
[7444 7472]
[7473 7573]
[7574 7638]
[7639 7714]
[7715 7872]
[7873 7967]
[7968 8043]
[8044 8125]
[8126 8180]
[8181 8235]
[8236 8262]
[8263 8325]
[8326 8358]
[8359 8434]
[8435 8529]
[8530 8588]
[8589 8641]
[8642 8695]
[8696 8769]
[8770 9027]
[9028 9477]
[ 9478 10376]
[10377 10675]
[10676 10816]
[10817 10918]
[10919 11006]
[11007 11079]
[11080 11126]
[11127 11230]
[11231 11307]
[11308 11388]
[11389 11437]
[11438 11459]
[11460 11522]
[11523 11576]
[11577 11826]
[11827 11917]
[11918 12064]
[12065 12160]
[12161 12268]
[12269 12368]
[12369 12504]
[12505 12651]
[12652 12706]
[12707 13220]
[13221 13643]
[13644 14187]
[14188 14575]
[14576 14689]
[14690 14806]
[14807 14864]
[14865 15001]
[15002 15050]
[15051 15150]
[15151 15233]
[15234 15299]
[15300 15673]
[15674 15722]
[15723 15756]
[15757 15829]
[15830 15881]
[15882 15944]
[15945 16026]
[16027 16156]
[16157 16224]
[16225 16267]
[16268 16514]
[16515 16554]
[16555 16663]
[16664 16763]
[16764 16818]
[16819 16894]
[16895 16936]
[16937 16999]
[17000 17095]
[17096 17160]
[17161 17266]
[17267 17364]
[17365 17556]
[17557 17676]
[17677 17828]
[17829 17899]
[17900 18054]
[18055 18146]
[18147 18153]
[18154 18224]
[18225 18271]
[18272 18375]
[18376 18491]
[18492 18559]
[18560 18637]
[18638 18714]
[18715 19149]
[19150 19255]
[19256 19347]
[19348 19398]
[19399 19516]
[19517 19576]
[19577 19637]
[19638 19738]
[19739 19870]
[19871 20049]
[20050 20187]
[20188 20598]
[20599 20783]
[20784 20886]
[20887 21008]
[21009 21059]
[21060 21162]
[21163 21324]
[21325 21399]
[21400 21612]
[21613 21660]
[21661 21713]
[21714 21866]
[21867 21937]
[21938 22089]
[22090 22117]
[22118 22253]
[22254 22331]
[22332 22471]
[22472 22525]
[22526 22727]
[22728 22819]
[22820 22888]
[22889 23180]
[23181 23350]
[23351 23394]
[23395 23501]
[23502 23545]
[23546 23581]
[23582 23601]
[23602 23703]
[23704 23737]
[23738 23757]
[23758 23843]
[23844 23900]
[23901 23939]
[23940 23965]
[23966 23985]
[23986 24081]
[24082 24134]
[24135 24178]
[24179 24268]
[24269 24584]
[24585 24656]
[24657 24719]
[24720 24800]
[24801 24854]
[24855 24942]
[24943 25011]
[25012 25101]
[25102 25163]
[25164 25232]
[25233 25349]
[25350 25382]
[25383 25410]
[25411 25473]
[25474 25536]
[25537 25599]
[25600 25695]
[25696 25753]
[25754 25821]
[25822 26072]
[26073 26169]
[26171 26283]
[26284 26378]
[26379 26481]
[26482 26642]
[26644 26818]
[26819 26868]
[26869 27217]
[27218 27299]
