[ 0 25]
[27 46]
[47 66]
[ 68 111]
[113 198]
[199 535]
[536 587]
[588 623]
[624 653]
[654 681]
[682 714]
[715 770]
[771 804]
[805 838]
[839 875]
[876 906]
[907 933]
[934 962]
[ 963 1023]
[1024 1767]
[1768 2586]
[2587 3093]
[3094 3126]
[3127 3225]
[3226 3254]
[3255 3370]
[3371 3432]
[3433 3507]
[3508 3606]
[3607 3691]
[3692 3774]
[3775 3849]
[3850 3920]
[3921 4035]
[4036 4141]
[4142 4225]
[4226 4271]
[4272 4308]
[4309 4355]
[4356 4359]
[4360 4682]
[4683 4757]
[4758 4821]
[4822 4893]
[4894 4954]
[4955 5002]
[5003 5048]
[5049 5121]
[5122 5273]
[5274 5302]
[5303 5374]
[5375 5558]
[5559 5674]
[5675 5750]
[5751 5861]
[5862 6132]
[6133 6207]
[6208 6373]
[6374 6420]
[6421 6470]
[6471 6524]
[6525 6573]
[6574 6646]
[6647 6693]
[6694 6755]
[6756 6813]
[6814 6902]
[6903 6957]
[6958 7003]
[7004 7036]
[7037 7091]
[7092 7125]
[7126 7161]
[7162 7203]
[7204 7251]
[7252 7288]
[7289 7323]
[7324 7396]
[7397 7459]
[7460 7539]
[7540 7862]
[7863 7943]
[7944 8001]
[8002 8101]
[8102 8124]
[8125 8178]
[8179 8259]
[8260 8330]
[8331 8399]
[8400 8459]
[8460 8527]
[8528 8577]
[8578 8612]
[8613 8639]
[8640 8698]
[8699 8757]
[8758 8820]
[8821 8882]
[8883 9320]
[9321 9608]
[9609 9775]
[9776 9853]
[9854 9931]
[9932 9961]
[9962 9989]
[ 9990 10091]
[10092 10143]
[10144 10205]
[10206 10244]
[10245 10273]
[10274 10352]
[10353 10402]
[10403 10480]
[10481 10520]
[10521 10572]
[10573 10633]
[10634 10711]
[10712 10798]
[10799 11131]
[11132 11317]
[11318 11391]
[11392 11459]
[11460 11632]
[11633 11669]
[11670 11705]
[11706 11742]
[11743 11770]
[11771 11854]
[11855 11980]
[11981 12028]
[12029 12155]
[12156 12216]
[12217 12267]
[12268 12316]
[12317 12385]
[12386 12498]
[12499 12544]
[12545 12587]
[12588 12624]
[12625 12665]
[12666 12714]
[12715 12758]
[12759 12825]
[12826 12879]
[12880 12937]
[12938 12986]
[12987 13026]
[13027 13059]
[13060 13121]
[13122 13158]
[13159 13196]
[13197 13228]
[13229 13322]
[13323 13646]
[13647 13660]
[13661 13752]
[13753 13791]
[13792 13877]
[13878 13911]
[13912 13939]
[13940 14001]
[14002 14048]
[14049 14123]
[14124 14160]
[14161 14236]
[14237 14305]
[14306 14382]
[14383 14428]
[14429 14470]
[14471 14532]
[14533 14574]
[14575 14612]
[14613 14651]
[14652 15081]
[15082 15164]
[15165 15243]
[15244 15307]
[15308 15381]
[15382 15452]
[15453 15527]
[15528 15585]
[15586 15661]
[15662 15755]
[15756 15892]
[15893 16022]
[16023 16190]
[16191 16311]
[16312 16781]
[16782 16875]
[16876 16946]
[16947 16973]
[16974 17021]
[17022 17097]
[17098 17212]
[17213 17245]
[17246 17288]
[17289 17444]
[17445 17552]
[17553 17713]
[17714 17770]
[17771 17874]
[17875 17914]
[17915 17969]
[17970 18255]
[18256 18321]
[18322 18378]
[18379 18428]
[18429 18475]
[18476 18509]
[18510 18576]
[18577 18627]
[18628 18652]
[18653 18727]
[18728 18856]
[18857 18909]
[18910 18957]
[18958 19009]
[19010 19091]
[19092 19219]
[19220 19269]
[19270 19341]
[19342 19382]
[19383 19445]
[19446 19565]
[19566 19626]
[19627 20129]
[20130 20140]
[20141 20413]
[20414 20499]
[20500 20532]
[20533 20569]
[20570 20612]
[20613 20688]
[20689 20743]
[20744 20787]
[20788 20867]
[20868 20922]
[20923 20968]
[20969 21079]
[21080 21166]
[21167 21204]
[21205 21248]
[21249 21673]
[21674 21744]
[21745 21789]
[21790 21849]
[21850 21934]
[21935 21988]
[21989 22098]
[22099 22200]
[22201 22417]
[22418 22487]
[22488 22544]
[22545 22591]
[22592 22646]
[22647 22724]
[22725 22776]
[22777 22828]
[22829 22904]
[22905 22972]
[22973 23281]
[23282 23383]
[23384 23477]
[23478 23540]
[23541 23635]
[23636 23676]
[23677 23698]
[23699 23723]
[23724 23841]
[23842 23863]
[23864 23900]
[23901 23922]
[23923 24033]
[24034 24080]
[24081 24105]
[24106 24147]
[24148 24193]
[24194 24264]
[24265 24298]
[24299 24369]
[24370 24422]
[24423 24501]
[24502 24549]
[24550 24891]
[24892 24955]
[24956 24971]
[24972 25016]
[25017 25060]
[25061 25100]
[25101 25160]
[25161 25205]
[25206 25232]
[25233 25297]
[25298 25334]
[25335 25389]
[25390 25411]
[25412 25456]
[25457 25484]
[25485 25639]
[25640 25676]
[25677 25727]
[25728 25751]
[25752 25791]
[25792 25832]
[25833 25883]
[25884 25914]
[25915 25957]
[25958 25991]
[25992 26081]
[26082 26104]
[26105 26141]
[26142 26175]
[26176 26200]
[26201 26235]
[26236 26320]
[26321 26348]
[26349 26417]
[26418 26468]
[26469 26501]
[26502 26582]
[26583 26624]
[26625 26648]
[26649 26673]
[26674 26716]
[26717 26799]
[26800 26892]
[26893 26964]
[26965 26989]
[26990 27049]
[27050 27071]
[27072 27098]
[27099 27209]
[27210 27243]
[27244 27289]
[27290 27313]
[27314 27334]
[27335 27364]
[27365 27392]
[27393 27413]
[27414 27436]
[27437 27449]
[27450 27491]
[27492 27509]
[27510 27552]
[27553 27566]
[27567 27611]
[27612 27626]
[27627 27725]
[27726 28001]
[28002 28063]
[28064 28096]
[28097 28415]
[28416 28504]
[28505 28609]
[28610 28855]
[28856 29106]
[29107 29281]
[29282 29345]
[29346 29450]
[29451 29949]
