[ 0 27]
[29 48]
[49 68]
[ 70 113]
[115 193]
[194 514]
[515 565]
[566 600]
[601 634]
[635 664]
[665 692]
[693 721]
[722 750]
[751 784]
[785 817]
[818 840]
[841 865]
[866 895]
[896 920]
[921 940]
[ 941 1022]
[1023 1485]
[1486 1628]
[1629 1703]
[1704 1763]
[1764 1782]
[1783 1853]
[1854 1886]
[1887 1941]
[1942 2294]
[2295 2373]
[2374 2417]
[2418 2457]
[2458 2493]
[2494 2612]
[2613 2642]
[2643 2692]
[2693 2723]
[2724 2759]
[2760 2908]
[2909 2983]
[2984 3031]
[3032 3669]
[3670 3700]
[3701 3790]
[3791 3853]
[3854 3990]
[3991 4024]
[4025 4125]
[4126 4219]
[4220 4236]
[4237 4582]
[4583 4606]
[4607 4649]
[4650 4704]
[4705 4731]
[4732 4768]
[4769 4920]
[4921 5075]
[5076 5143]
[5144 5179]
[5180 5192]
[5193 5265]
[5266 5306]
[5307 5338]
[5339 5406]
[5407 5469]
[5470 5540]
[5541 5612]
[5613 5666]
[5667 5719]
[5720 5755]
[5756 5842]
[5843 5889]
[5890 5938]
[5939 5966]
[5967 6396]
[6397 6483]
[6485 6584]
[6586 6684]
[6686 6790]
[6791 6889]
[6890 7017]
[7018 7065]
[7066 7148]
[7149 7182]
[7183 7222]
[7223 7263]
[7264 7338]
[7339 7456]
[7457 7619]
[7620 7815]
[7816 7855]
[7856 7925]
[7926 7976]
[7977 8027]
[8028 8099]
[8100 8131]
[8132 8169]
[8170 8286]
[8287 8305]
[8306 8340]
[8341 8388]
[8389 8456]
[8457 8525]
[8526 8581]
[8582 8629]
[8630 8676]
[8677 8725]
[8726 8823]
[8824 8873]
[8874 8916]
[8917 8957]
[8958 9020]
[9021 9090]
[9091 9148]
[9149 9209]
[9210 9248]
[9249 9297]
[9298 9346]
[9347 9400]
[9401 9429]
[9430 9459]
[9460 9493]
[9494 9526]
[9527 9554]
[9555 9581]
[9582 9613]
[9614 9648]
[9649 9708]
[9709 9754]
[9755 9837]
[ 9838 10065]
[10066 10144]
[10145 10235]
[10236 10336]
[10337 10441]
[10442 10556]
[10557 10651]
[10652 10739]
[10740 10871]
[10872 10962]
[10963 11034]
[11035 11123]
[11124 11226]
[11227 11333]
[11334 11406]
[11407 11466]
[11467 11531]
[11532 11602]
[11603 11668]
[11669 11701]
[11702 11762]
[11763 11818]
[11819 12206]
[12207 12322]
[12323 12415]
[12416 12485]
[12486 12560]
[12561 12689]
[12690 12745]
[12746 12837]
[12838 12923]
[12924 12992]
[12993 13077]
[13078 13130]
[13131 13237]
[13238 13531]
[13532 13590]
[13591 13673]
[13674 13763]
[13764 13833]
[13834 13869]
[13870 13917]
[13918 13992]
[13993 14085]
[14086 14147]
[14148 14190]
[14191 14232]
[14233 14313]
[14314 14372]
[14373 14431]
[14432 14480]
[14481 14531]
[14532 14566]
[14567 14604]
[14605 14643]
[14644 14732]
[14733 14804]
[14805 14862]
[14863 14997]
[14998 15050]
[15051 15094]
[15095 15139]
[15140 15212]
[15213 15294]
[15295 15619]
[15620 15680]
[15681 15763]
[15764 15847]
[15848 15930]
[15931 16012]
[16013 16095]
[16096 16178]
[16179 16259]
[16260 16336]
[16337 16411]
[16412 16760]
[16761 16775]
[16776 16850]
[16851 16956]
[16957 17032]
[17033 17158]
[17159 17270]
[17271 17334]
[17335 17421]
[17422 17509]
[17510 17572]
[17573 17612]
[17613 17677]
[17678 17757]
[17758 17797]
[17798 17822]
[17823 17870]
[17871 17961]
[17962 17991]
[17992 18460]
[18461 18529]
[18530 18620]
[18621 18710]
[18711 18788]
[18789 18864]
[18865 19043]
[19044 19154]
[19155 19199]
[19200 19282]
[19283 19359]
[19360 19397]
[19398 19724]
[19725 19791]
[19792 19855]
[19856 19920]
[19921 19999]
[20000 20064]
[20065 20100]
[20101 20160]
[20161 20222]
[20223 20262]
[20263 20299]
[20300 20340]
[20341 20372]
[20373 20403]
[20404 20445]
[20446 20496]
[20497 20604]
[20605 20951]
[20952 20981]
[20982 21034]
[21035 21081]
[21082 21186]
[21187 21296]
[21297 21378]
[21379 21440]
[21441 21499]
[21500 21544]
[21545 21684]
[21685 21769]
[21770 21830]
[21831 21856]
[21857 21909]
[21910 21958]
[21959 21982]
[21983 22041]
[22042 22059]
[22060 22339]
[22340 22571]
[22572 22630]
[22631 22912]
[22913 23047]
[23048 23176]
[23177 23289]
[23290 23358]
[23359 23436]
[23437 23549]
[23550 23651]
[23652 24002]
[24003 24146]
[24147 24297]
[24298 24384]
[24385 24492]
[24493 24711]
[24712 24839]
[24840 24952]
[24953 25086]
[25087 25183]
[25184 25312]
[25313 25380]
[25381 25445]
[25446 25581]
[25582 25751]
[25752 25811]
[25812 25886]
[25887 25953]
[25954 26020]
[26021 26079]
[26080 26164]
[26165 26218]
[26219 26286]
[26287 26486]
[26487 26631]
[26632 26730]
[26731 26868]
[26869 26916]
[26917 26991]
[26992 27129]
[27130 27209]
[27210 27294]
[27295 27389]
[27390 27487]
[27488 27601]
[27602 27713]
[27714 27790]
[27791 27906]
[27907 28001]
[28002 28098]
[28099 28168]
[28169 28474]
[28475 28572]
[28573 28723]
[28724 28822]
[28823 28858]
[28859 28920]
[28921 28951]
[28952 29034]
[29035 29127]
[29128 29235]
[29236 29343]
[29344 29419]
[29420 29469]
[29470 29510]
[29511 29559]
[29560 29598]
[29599 29641]
[29642 29668]
[29669 30061]
[30063 30149]
