[ 0 24]
[26 45]
[46 65]
[ 67 111]
[112 631]
[632 691]
[692 727]
[728 752]
[753 774]
[775 797]
[798 818]
[819 845]
[846 874]
[875 908]
[909 942]
[943 966]
[967 998]
[ 999 1031]
[1032 1066]
[1067 1121]
[1122 1416]
[1417 1533]
[1534 1568]
[1569 1605]
[1606 1656]
[1657 1706]
[1707 1748]
[1749 1778]
[1779 1855]
[1856 1932]
[1933 2010]
[2011 2128]
[2129 2167]
[2168 2219]
[2220 2277]
[2278 2328]
[2329 2379]
[2380 2421]
[2422 2457]
[2458 2524]
[2525 2583]
[2584 2641]
[2642 2951]
[2952 3016]
[3017 3070]
[3071 3132]
[3133 3159]
[3160 3278]
[3279 3321]
[3322 3350]
[3351 3404]
[3405 3458]
[3459 3503]
[3504 3538]
[3539 3605]
[3606 3636]
[3637 3679]
[3680 3726]
[3727 3790]
[3791 3881]
[3882 3907]
[3908 4112]
[4113 4159]
[4160 4196]
[4197 4272]
[4273 4355]
[4356 4813]
[4815 4862]
[4863 4906]
[4907 4949]
[4950 5009]
[5010 5057]
[5058 5096]
[5097 5141]
[5142 5192]
[5193 5242]
[5243 5285]
[5286 5331]
[5332 5371]
[5372 5577]
[5578 5613]
[5614 5651]
[5652 5712]
[5713 5804]
[5805 5934]
[5935 5989]
[5990 6048]
[6049 6084]
[6085 6118]
[6119 6151]
[6152 6230]
[6231 6585]
[6586 6689]
[6690 6738]
[6739 6761]
[6762 6813]
[6814 6858]
[6859 6909]
[6910 7044]
[7045 7099]
[7100 7145]
[7146 7189]
[7190 7389]
[7390 7436]
[7437 7491]
[7492 7605]
[7606 7668]
[7669 7730]
[7731 7760]
[7761 7825]
[7826 7906]
[7907 7963]
[7964 8029]
[8030 8083]
[8084 8410]
[8411 8467]
[8468 8516]
[8517 8567]
[8568 8610]
[8611 8682]
[8683 8741]
[8742 8801]
[8802 8854]
[8855 8912]
[8913 8970]
[8971 9021]
[9022 9119]
[9120 9143]
[9144 9206]
[9207 9575]
[9576 9676]
[9677 9707]
[9708 9734]
[9735 9812]
[9813 9858]
[9859 9967]
[ 9968 10014]
[10015 10112]
[10113 10219]
[10220 10365]
[10366 10463]
[10464 10528]
[10529 10567]
[10568 10600]
[10601 10632]
[10633 10675]
[10676 10714]
[10715 10823]
[10824 10872]
[10873 10917]
[10918 10967]
[10968 11003]
[11004 11079]
[11080 11122]
[11123 11168]
[11169 11261]
[11262 11828]
[11829 11868]
[11869 11931]
[11932 11980]
[11981 12029]
[12030 12094]
[12095 12174]
[12175 12227]
[12228 12311]
[12312 12382]
[12383 12432]
[12433 12490]
[12491 12573]
[12574 12662]
[12663 12714]
[12715 12765]
[12766 12821]
[12822 12896]
[12897 12953]
[12954 13071]
[13072 13411]
[13412 13561]
[13562 13626]
[13627 13779]
[13780 13882]
[13883 13992]
[13993 14118]
[14119 14217]
[14218 14423]
[14424 14511]
[14512 14664]
[14665 14706]
[14707 14964]
[14966 15140]
[15141 15307]
[15308 15424]
[15425 15525]
[15526 15673]
[15674 15775]
[15776 16172]
[16173 16237]
[16238 16416]
[16417 16473]
[16474 16542]
[16543 16609]
[16610 16683]
[16684 16749]
[16750 16813]
[16814 16869]
[16870 16936]
[16937 16998]
[16999 17061]
[17062 17124]
[17125 17198]
[17199 17267]
[17268 17334]
[17335 17407]
[17408 17469]
[17470 17531]
[17532 17564]
[17565 17608]
[17609 17658]
[17659 17966]
[17967 18190]
[18192 18255]
[18256 18302]
[18303 18343]
[18344 18388]
[18389 18452]
[18453 18491]
[18492 18525]
[18526 18632]
[18633 18676]
[18677 18719]
[18720 18745]
[18746 18846]
[18847 18905]
[18906 18959]
[18960 18991]
[18992 19061]
[19062 19129]
[19130 19189]
[19190 19235]
[19236 19408]
[19409 19463]
[19464 19495]
[19496 19539]
[19540 19596]
[19597 19748]
[19749 19817]
[19818 19853]
[19854 19889]
[19890 19928]
[19929 20062]
[20063 20190]
[20191 20597]
[20599 20722]
[20723 20879]
[20880 20997]
[20998 21069]
[21070 21124]
[21125 21180]
[21181 21233]
[21234 21279]
[21280 21346]
[21347 21420]
[21421 21509]
[21510 21629]
[21630 21699]
[21700 21824]
[21825 22003]
[22004 22073]
[22074 22180]
[22181 22241]
[22242 22342]
[22344 22455]
[22456 22542]
[22543 22592]
[22593 22797]
[22798 22838]
[22839 22924]
[22925 23055]
[23056 23120]
[23121 23295]
[23296 23402]
[23403 23438]
[23439 23574]
[23575 23617]
[23618 23702]
[23703 23775]
[23776 23898]
[23899 24328]
[24330 24516]
[24517 24630]
[24631 24747]
[24748 24877]
[24878 24976]
[24977 25153]
[25154 25348]
[25349 25473]
[25474 25623]
[25624 25884]
[25885 25983]
[25984 26202]
[26203 26255]
[26256 26315]
[26316 26375]
[26376 26465]
[26466 26535]
[26536 26595]
[26596 26675]
[26676 26747]
[26748 26939]
[26940 27089]
[27090 27334]
[27335 27469]
[27470 27549]
[27550 27619]
[27620 27669]
[27670 27736]
[27737 28283]
[28284 28349]
