[ 0 24]
[26 45]
[46 65]
[ 67 110]
[112 192]
[194 546]
[547 582]
[583 612]
[613 640]
[641 673]
[674 699]
[700 729]
[730 763]
[764 797]
[798 841]
[842 876]
[877 915]
[916 965]
[ 966 1211]
[1212 1312]
[1313 1380]
[1381 1432]
[1433 1494]
[1495 1549]
[1550 1590]
[1591 1663]
[1664 1710]
[1711 1763]
[1764 1836]
[1837 1892]
[1893 1944]
[1945 1992]
[1993 2044]
[2045 2087]
[2088 2484]
[2485 2546]
[2547 2620]
[2621 2704]
[2705 2781]
[2782 2862]
[2863 2945]
[2946 3073]
[3074 3144]
[3145 3207]
[3208 3282]
[3283 3336]
[3337 3395]
[3396 3929]
[3930 3971]
[3972 4025]
[4026 4087]
[4088 4144]
[4145 4230]
[4231 4279]
[4280 4590]
[4591 4869]
[4870 4963]
[4964 5036]
[5037 5088]
[5089 5140]
[5141 5216]
[5217 5325]
[5326 5397]
[5398 5866]
[5867 5909]
[5910 5964]
[5965 6020]
[6021 6090]
[6091 6145]
[6146 6193]
[6194 6238]
[6239 6292]
[6293 6387]
[6388 6444]
[6445 6495]
[6496 6564]
[6565 6612]
[6613 6723]
[6724 6755]
[6756 6808]
[6809 6897]
[6898 6968]
[6969 7019]
[7020 7054]
[7055 7100]
[7101 7152]
[7153 7184]
[7185 7261]
[7262 7303]
[7304 7355]
[7356 7396]
[7397 7413]
[7414 7937]
[7938 7973]
[7974 8044]
[8045 8091]
[8092 8146]
[8147 8207]
[8208 8268]
[8269 8323]
[8324 8382]
[8383 8454]
[8455 8523]
[8524 8572]
[8573 8617]
[8618 8678]
[8679 8731]
[8732 8895]
[8896 9005]
[9006 9089]
[9090 9145]
[9146 9235]
[9236 9355]
[9356 9450]
[9451 9528]
[9529 9593]
[9594 9656]
[9657 9673]
[9674 9703]
[9704 9746]
[9747 9814]
[9815 9834]
[9835 9870]
[ 9871 10084]
[10085 10331]
[10332 10425]
[10426 10526]
[10527 10712]
[10713 10763]
[10764 10810]
[10811 10851]
[10852 10892]
[10893 10957]
[10958 11002]
[11003 11149]
[11150 11422]
[11423 11489]
[11490 11573]
[11574 11679]
[11680 11792]
[11793 11979]
[11980 12014]
[12015 12054]
[12055 12098]
[12099 12156]
[12157 12536]
[12537 12578]
[12579 12710]
[12711 12777]
[12778 12847]
[12848 12906]
[12907 12960]
[12961 13102]
[13103 13167]
[13168 13217]
[13218 13296]
[13297 13344]
[13345 13416]
[13417 13496]
[13497 13554]
[13555 13626]
[13627 13674]
[13675 14021]
[14022 14333]
[14334 14392]
[14393 14471]
[14472 14552]
[14553 14645]
[14646 14689]
[14690 14984]
[14985 15129]
[15130 15180]
[15181 15295]
[15296 15355]
[15356 15413]
[15414 15485]
[15486 15545]
[15546 15609]
[15610 15658]
[15659 15758]
[15759 15803]
[15804 15871]
[15872 15914]
[15915 16241]
[16242 16417]
[16418 16715]
[16716 17228]
[17229 17291]
[17292 17485]
[17486 17628]
[17629 17978]
[17979 18080]
[18081 18148]
[18149 18226]
[18227 18303]
[18304 18397]
[18398 18531]
[18532 18593]
[18594 18658]
[18659 18744]
[18745 18829]
[18830 18914]
[18915 18967]
[18968 19098]
[19099 19149]
[19150 19196]
[19197 19237]
[19238 19278]
[19279 19343]
[19344 19388]
[19389 19444]
[19445 19525]
[19526 19939]
[19940 20117]
[20118 20183]
[20184 20230]
[20231 20302]
[20303 20388]
[20389 20456]
[20457 20556]
[20557 20651]
[20652 20763]
[20764 20829]
[20830 21012]
[21013 21060]
[21061 21531]
[21532 21579]
[21580 21614]
[21615 21651]
[21652 21678]
[21679 21708]
[21709 21736]
[21737 21768]
[21769 21851]
[21852 21892]
[21893 21919]
[21920 21954]
[21955 22022]
[22023 22125]
[22126 22176]
[22177 22343]
[22344 22430]
[22431 22559]
[22560 22617]
[22618 23038]
[23039 23114]
[23115 23183]
[23184 23255]
[23256 23356]
[23357 23406]
[23407 23455]
[23456 23501]
[23502 23555]
[23556 23598]
[23599 23642]
[23643 23680]
[23681 23711]
[23712 24061]
[24062 24154]
[24155 24269]
[24270 24359]
[24360 24416]
[24417 24482]
[24483 24620]
[24621 24835]
[24836 25094]
[25095 25174]
[25175 25248]
[25249 25303]
[25304 25361]
[25362 25432]
[25433 25495]
[25496 25524]
[25525 26034]
[26036 26135]
[26136 26182]
[26183 26225]
[26226 26269]
[26270 26333]
[26334 26448]
[26449 26500]
[26501 26559]
[26560 26595]
[26596 26779]
[26780 26823]
[26824 26862]
[26863 26898]
[26899 26973]
[26974 27037]
[27038 27099]
[27100 27161]
[27162 27256]
[27257 27334]
[27335 27747]
[27748 27849]
