[ 0 26]
[28 47]
[48 67]
[ 69 112]
[114 192]
[194 596]
[597 655]
[656 708]
[709 751]
[752 782]
[783 827]
[828 878]
[879 909]
[910 959]
[ 960 1010]
[1011 1018]
[1019 1066]
[1068 1767]
[1768 1860]
[1861 1873]
[1874 1932]
[1933 2009]
[2010 2067]
[2068 2102]
[2103 2162]
[2163 2190]
[2191 2264]
[2265 2291]
[2292 2346]
[2347 2374]
[2375 2440]
[2441 2562]
[2563 2620]
[2621 2686]
[2687 2724]
[2725 2780]
[2781 2816]
[2817 2902]
[2903 2958]
[2959 3406]
[3407 3534]
[3535 3564]
[3565 3650]
[3651 3714]
[3715 3783]
[3784 3986]
[3987 4062]
[4063 4124]
[4125 4223]
[4224 4303]
[4304 4374]
[4375 4418]
[4419 4484]
[4485 4539]
[4540 4575]
[4576 4628]
[4629 4836]
[4837 4963]
[4964 5003]
[5004 5080]
[5081 5149]
[5150 5204]
[5205 5272]
[5273 5320]
[5321 5383]
[5384 5440]
[5441 5446]
[5447 5556]
[5557 5758]
[5759 5855]
[5856 5927]
[5928 5996]
[5997 6067]
[6068 6175]
[6176 6233]
[6234 6261]
[6262 6386]
[6387 6694]
[6695 6897]
[6898 6959]
[6960 7038]
[7039 7154]
[7155 7212]
[7213 7260]
[7261 7296]
[7297 7369]
[7370 7401]
[7402 7437]
[7438 7482]
[7483 7554]
[7555 7600]
[7601 7630]
[7631 7675]
[7676 7724]
[7725 7930]
[7931 7986]
[7987 8093]
[8094 8138]
[8139 8169]
[8170 8546]
[8548 8677]
[8678 8764]
[8765 8933]
[8934 9105]
[9106 9312]
[9313 9368]
[9369 9435]
[9436 9490]
[9491 9564]
[9565 9587]
[9588 9701]
[9702 9970]
[ 9971 10038]
[10039 10148]
[10149 10210]
[10211 10652]
[10653 10742]
[10743 10809]
[10810 10976]
[10977 11027]
[11028 11111]
[11112 11152]
[11153 11231]
[11232 11321]
[11322 11399]
[11400 11449]
[11450 11518]
[11519 11576]
[11577 11632]
[11633 11763]
[11764 11812]
[11813 11884]
[11885 11946]
[11947 12026]
[12027 12091]
[12092 12209]
[12210 12573]
[12574 12714]
[12715 12796]
[12797 12888]
[12889 13026]
[13027 13098]
[13099 13235]
[13236 13314]
[13315 13405]
[13406 13492]
[13493 13573]
[13575 13611]
[13612 13907]
[13908 13967]
[13968 14018]
[14019 14064]
[14065 14097]
[14098 14122]
[14123 14167]
[14168 14186]
[14187 14243]
[14244 14285]
[14286 14680]
[14681 14768]
[14769 14910]
[14911 14977]
[14978 15003]
[15004 15064]
[15065 15118]
[15119 15179]
[15180 15234]
[15235 15300]
[15301 15353]
[15354 15401]
[15402 15442]
[15443 15483]
[15484 15522]
[15523 15582]
[15583 15647]
[15648 15669]
[15670 15713]
[15714 15725]
[15726 16027]
[16028 16272]
[16273 16412]
[16413 16549]
[16550 16610]
[16611 16696]
[16697 16758]
[16759 16795]
[16796 16884]
[16885 16935]
[16936 16967]
[16968 17047]
[17048 17313]
[17314 17364]
[17365 17435]
[17436 17507]
[17508 17531]
[17532 17577]
[17578 17674]
[17675 17729]
[17730 17764]
[17765 17839]
[17840 17899]
[17900 17938]
[17939 18000]
[18001 18028]
[18029 18076]
[18077 18115]
[18116 18183]
[18184 18217]
[18218 18259]
[18260 18265]
[18266 18303]
[18304 18376]
[18377 18813]
[18814 18967]
[18968 19034]
[19035 19075]
[19076 19128]
[19129 19206]
[19207 19294]
[19295 19528]
[19529 19615]
[19616 19665]
[19666 19817]
[19818 19829]
[19830 20141]
[20142 20209]
[20210 20280]
[20281 20361]
[20362 20433]
[20434 20569]
[20570 20636]
[20637 20703]
[20704 20759]
[20760 20827]
[20828 20931]
[20932 21147]
[21148 21315]
[21316 21467]
[21468 21521]
[21522 21606]
[21607 22204]
[22205 22296]
[22297 22389]
[22390 22437]
[22438 22589]
[22590 22663]
[22664 22705]
[22706 22750]
[22751 22795]
[22796 22856]
[22857 22932]
[22933 23012]
[23013 23085]
[23086 23182]
[23183 23236]
[23237 23278]
[23279 23326]
[23327 23360]
[23361 23426]
[23427 23526]
[23527 23592]
[23593 23635]
[23636 23675]
[23676 24072]
[24073 24209]
[24210 24258]
[24259 24466]
[24467 24890]
[24891 24999]
