[ 0 29]
[31 50]
[51 70]
[ 72 115]
[117 215]
[216 473]
[474 525]
[526 559]
[560 587]
[588 614]
[615 652]
[653 681]
[682 710]
[711 739]
[740 776]
[777 808]
[809 838]
[839 867]
[868 901]
[902 938]
[939 975]
[ 976 1010]
[1011 1107]
[1108 1464]
[1465 1514]
[1515 1570]
[1571 1633]
[1634 1685]
[1686 1734]
[1735 1808]
[1809 1847]
[1848 1894]
[1895 1944]
[1945 2000]
[2001 2073]
[2074 2386]
[2387 2450]
[2451 2525]
[2526 2565]
[2566 2599]
[2600 2710]
[2711 2761]
[2762 2832]
[2833 2880]
[2881 2925]
[2926 2967]
[2968 3040]
[3041 3128]
[3129 3218]
[3219 3307]
[3308 3568]
[3569 3622]
[3623 3673]
[3674 3756]
[3757 3830]
[3831 3936]
[3937 3997]
[3998 4055]
[4056 4084]
[4085 4200]
[4201 4337]
[4338 4385]
[4386 4390]
[4391 4510]
[4511 4563]
[4564 4815]
[4816 4879]
[4880 4948]
[4949 5088]
[5089 5157]
[5158 5232]
[5233 5286]
[5287 5347]
[5348 5393]
[5394 5440]
[5441 5506]
[5507 5561]
[5562 5602]
[5603 5639]
[5640 5922]
[5923 6023]
[6024 6138]
[6139 6245]
[6246 6361]
[6362 6371]
[6372 6454]
[6455 6845]
[6846 6906]
[6907 6947]
[6948 7031]
[7032 7089]
[7090 7158]
[7159 7230]
[7231 7261]
[7262 7301]
[7302 7344]
[7345 7388]
[7389 7422]
[7423 7473]
[7474 7533]
[7534 7572]
[7573 7642]
[7643 7743]
[7744 7787]
[7788 7812]
[7813 7871]
[7872 7916]
[7917 7968]
[7969 8038]
[8039 8111]
[8112 8195]
[8196 8261]
[8262 8324]
[8325 8367]
[8368 8423]
[8424 8486]
[8487 8603]
[8604 8675]
[8676 8723]
[8724 8766]
[8767 8866]
[8867 9156]
[9157 9908]
[ 9909 10126]
[10127 10414]
[10415 10449]
[10450 10617]
[10618 10767]
[10768 10917]
[10918 11054]
[11055 11231]
[11232 11392]
[11393 11533]
[11534 11668]
[11669 11725]
[11726 11772]
[11773 11811]
[11812 12106]
[12107 12146]
[12147 12219]
[12220 12458]
[12459 12669]
[12670 12832]
[12833 12944]
[12945 13195]
[13196 13524]
[13525 13707]
[13708 13791]
[13792 13848]
[13849 14232]
[14233 14587]
[14588 14669]
[14670 14738]
[14739 14831]
[14832 14899]
[14900 14968]
[14969 15036]
[15037 15099]
[15100 15238]
[15239 15326]
[15327 15407]
[15408 15533]
[15534 15586]
[15587 15678]
[15679 15735]
[15736 15790]
[15791 15856]
[15857 15915]
[15916 15976]
[15977 16008]
[16009 16046]
[16047 16084]
[16085 16182]
[16183 16432]
[16433 16602]
[16603 16737]
[16738 16803]
[16804 16922]
[16923 16962]
[16963 17129]
[17130 17164]
[17165 17237]
[17238 17261]
[17262 17397]
[17398 17522]
[17523 17667]
[17668 17778]
[17779 17875]
[17876 17950]
[17951 18333]
[18334 18379]
[18380 18445]
[18446 18636]
[18637 18910]
[18911 19080]
[19081 19579]
[19580 19724]
[19725 19821]
[19822 19908]
[19909 19984]
[19985 20304]
[20305 20356]
[20357 20407]
[20408 20463]
[20464 20523]
[20524 20578]
[20579 20782]
[20783 20836]
[20837 20884]
[20885 20908]
[20909 20972]
[20973 21065]
[21066 21117]
[21118 21170]
[21171 21230]
[21231 21289]
[21290 21345]
[21346 21432]
[21433 21487]
[21488 21595]
[21596 21643]
[21644 21701]
[21702 21755]
[21756 21799]
[21800 22079]
[22080 22128]
[22129 22250]
[22251 22317]
[22318 22357]
[22358 22409]
[22410 22485]
[22486 22513]
[22514 22539]
[22540 22567]
[22568 22589]
[22590 22710]
[22711 22754]
[22755 22809]
[22810 22889]
[22890 22917]
[22918 22990]
[22991 23019]
[23020 23063]
[23064 23098]
[23099 23128]
[23129 23219]
[23220 23300]
[23301 23649]
