[ 0 25]
[27 46]
[47 66]
[ 68 111]
[113 198]
[199 461]
[462 515]
[516 588]
[589 617]
[618 643]
[644 679]
[680 709]
[710 737]
[738 764]
[765 788]
[789 822]
[823 864]
[865 967]
[ 968 1267]
[1268 1352]
[1353 1415]
[1416 1481]
[1482 1535]
[1536 1596]
[1597 1650]
[1651 1716]
[1717 1750]
[1751 1806]
[1807 1871]
[1872 1923]
[1924 1955]
[1956 2001]
[2002 2050]
[2051 2103]
[2104 2150]
[2151 2199]
[2200 2228]
[2229 2249]
[2250 2315]
[2316 2369]
[2370 2430]
[2431 2484]
[2485 2550]
[2551 2580]
[2581 2623]
[2624 2671]
[2672 2707]
[2708 2988]
[2989 3153]
[3154 3253]
[3254 3344]
[3345 3431]
[3432 3470]
[3471 3538]
[3539 3591]
[3592 3642]
[3643 3947]
[3948 4535]
[4536 4620]
[4621 4748]
[4749 4908]
[4909 4985]
[4986 5070]
[5071 5326]
[5327 5950]
[5951 5994]
[5995 6043]
[6044 6091]
[6092 6129]
[6130 6179]
[6180 6213]
[6214 6254]
[6255 6318]
[6319 6490]
[6491 6549]
[6550 6598]
[6599 6644]
[6645 6697]
[6698 6741]
[6742 6790]
[6791 6949]
[6950 6966]
[6967 7019]
[7020 7070]
[7071 7129]
[7130 7182]
[7183 7265]
[7266 7333]
[7334 7384]
[7385 7547]
[7548 7762]
[7763 7805]
[7806 7847]
[7848 7910]
[7911 7952]
[7953 7994]
[7995 8182]
[8183 8242]
[8243 8291]
[8292 8335]
[8336 8354]
[8355 8405]
[8406 8444]
[8445 8582]
[8583 8633]
[8634 8674]
[8675 8723]
[8724 8759]
[8760 8817]
[8818 8909]
[8910 9032]
[9033 9074]
[9075 9131]
[9132 9194]
[9195 9223]
[9224 9274]
[9275 9484]
[9485 9564]
[9565 9900]
[9901 9957]
[9958 9994]
[ 9995 10028]
[10029 10073]
[10074 10135]
[10136 10177]
[10178 10209]
[10210 10249]
[10250 10282]
[10283 10306]
[10307 10347]
[10348 10388]
[10389 10640]
[10641 10705]
[10706 10770]
[10771 10848]
[10849 10897]
[10898 10960]
[10961 11042]
[11043 11147]
[11148 11264]
[11265 11334]
[11335 11405]
[11406 11451]
[11452 11498]
[11499 11556]
[11557 11632]
[11633 12014]
[12015 12302]
[12303 12368]
[12369 12410]
[12411 12494]
[12495 12616]
[12617 12726]
[12727 12824]
[12825 12893]
[12894 13196]
[13197 13256]
[13257 13299]
[13300 13434]
[13435 13479]
[13480 13661]
[13662 13726]
[13727 13770]
[13771 13820]
[13821 13899]
[13900 13931]
[13932 13978]
[13979 14021]
[14022 14068]
[14069 14122]
[14123 14198]
[14199 14251]
[14252 14332]
[14333 14382]
[14383 14434]
[14435 14485]
[14486 14548]
[14549 14593]
[14594 14638]
[14639 15080]
[15081 15220]
[15221 15371]
[15372 15485]
[15486 15593]
[15594 15638]
[15639 15680]
[15681 15764]
[15765 15870]
[15871 16014]
[16015 16072]
[16073 16142]
[16143 16192]
[16193 16562]
[16563 16607]
[16608 16657]
[16658 16723]
[16724 16752]
[16753 16794]
[16795 16859]
[16860 17183]
[17184 17223]
[17224 17301]
[17302 17351]
[17352 17424]
[17425 17467]
[17468 17716]
[17717 17901]
[17902 18094]
[18095 18156]
[18157 18212]
[18213 18267]
[18268 18321]
[18322 18392]
[18393 18437]
[18438 18708]
[18709 18734]
[18735 18825]
[18826 18862]
[18863 18975]
[18976 19077]
[19078 19118]
[19119 19202]
[19203 19276]
[19277 19310]
[19311 19351]
[19352 19394]
[19395 19451]
[19452 19489]
[19490 19582]
[19583 19600]
[19601 19679]
[19680 19727]
[19728 19776]
[19777 19887]
[19888 19921]
[19922 19976]
[19977 20013]
[20014 20064]
[20065 20299]
[20300 20466]
[20467 20630]
[20631 20801]
[20802 20856]
[20857 20919]
[20920 20969]
[20970 21046]
[21047 21128]
[21129 21176]
[21177 21233]
[21234 21438]
[21439 21589]
[21590 21636]
[21637 21679]
[21680 22032]
[22033 22116]
[22117 22191]
[22192 22237]
[22238 22285]
[22286 22371]
[22372 22427]
[22428 22483]
[22484 22534]
[22535 22592]
[22593 22651]
[22652 22741]
[22742 22843]
[22844 23381]
[23382 23499]
