[ 0 21]
[23 42]
[43 62]
[ 64 107]
[109 187]
[188 444]
[445 506]
[507 542]
[543 572]
[573 600]
[601 633]
[634 659]
[660 689]
[690 723]
[724 757]
[758 794]
[795 825]
[826 852]
[853 882]
[883 926]
[927 961]
[962 990]
[ 991 1083]
[1084 1590]
[1591 1672]
[1673 1735]
[1736 1791]
[1792 1847]
[1848 1919]
[1920 1951]
[1952 2004]
[2005 2055]
[2056 2104]
[2105 2154]
[2155 2180]
[2181 2227]
[2228 2292]
[2293 2337]
[2338 2369]
[2370 2454]
[2455 2512]
[2513 2591]
[2592 2665]
[2666 2935]
[2936 2977]
[2978 3006]
[3007 3048]
[3049 3094]
[3095 3124]
[3125 3175]
[3176 3220]
[3221 3265]
[3266 3329]
[3330 3495]
[3496 3577]
[3578 3645]
[3646 3690]
[3691 3743]
[3744 3789]
[3790 3827]
[3828 3873]
[3874 3938]
[3939 3988]
[3989 4017]
[4018 4062]
[4063 4424]
[4425 4482]
[4483 4522]
[4523 4560]
[4561 4609]
[4610 4679]
[4680 4795]
[4796 4852]
[4853 4912]
[4913 4971]
[4972 5036]
[5037 5139]
[5140 5251]
[5252 5312]
[5313 5388]
[5389 5438]
[5439 5493]
[5494 5612]
[5613 5733]
[5734 5820]
[5821 5909]
[5910 6345]
[6346 6424]
[6425 6476]
[6477 6515]
[6516 6552]
[6553 6594]
[6595 6641]
[6642 6690]
[6691 6749]
[6750 6801]
[6802 6860]
[6861 7083]
[7084 7135]
[7136 7195]
[7196 7266]
[7267 7313]
[7314 7377]
[7378 7427]
[7428 7480]
[7481 7577]
[7578 7645]
[7646 7697]
[7698 7766]
[7767 7796]
[7797 7863]
[7864 8164]
[8165 8241]
[8242 8321]
[8322 8369]
[8370 8623]
[8624 8882]
[8883 8993]
[8994 9171]
[9172 9269]
[9270 9310]
[9311 9351]
[9352 9385]
[9386 9423]
[9424 9463]
[9464 9507]
[9508 9615]
[9616 9944]
[ 9945 10002]
[10003 10044]
[10045 10101]
[10102 10166]
[10167 10224]
[10225 10269]
[10270 10364]
[10365 10460]
[10461 10537]
[10538 10600]
[10601 10652]
[10653 11024]
[11025 11114]
[11115 11204]
[11205 11270]
[11271 11336]
[11337 11380]
[11381 11419]
[11420 11541]
[11542 11632]
[11633 11687]
[11688 11725]
[11726 11935]
[11936 12433]
[12434 12488]
[12489 12569]
[12570 12634]
[12635 13026]
[13027 13089]
[13090 13217]
[13218 13311]
[13312 13357]
[13358 13367]
[13368 13375]
[13376 13477]
[13478 13523]
[13524 13569]
[13570 13630]
[13631 13751]
[13752 13785]
[13786 13830]
[13831 13874]
[13875 14194]
[14195 14336]
[14337 14438]
[14439 14504]
[14505 14589]
[14590 14687]
[14688 14745]
[14746 14788]
[14789 14893]
[14894 14961]
[14962 15017]
[15018 15060]
[15061 15117]
[15118 15197]
[15198 15460]
[15461 15528]
[15529 15566]
[15567 15601]
[15602 15650]
[15651 15774]
[15775 15804]
[15805 15851]
[15852 15905]
[15906 15969]
[15970 16013]
[16014 16048]
[16049 16168]
[16169 16225]
[16226 16274]
[16275 16311]
[16312 16351]
[16352 16494]
[16495 16545]
[16546 16592]
[16593 16633]
[16634 16673]
[16674 16723]
[16724 16753]
[16754 16779]
[16780 16817]
[16818 16848]
[16849 16934]
[16935 17186]
[17187 17336]
[17337 17399]
[17400 17474]
[17475 17530]
[17531 17570]
[17571 17621]
[17622 17668]
[17669 17751]
[17752 17803]
[17804 17883]
[17884 18277]
[18278 18353]
[18354 18397]
[18398 18460]
[18461 18502]
[18503 18574]
[18575 18642]
[18643 18700]
[18701 18758]
[18759 18826]
[18827 18887]
[18888 19083]
[19084 19167]
[19168 19208]
[19209 19261]
[19262 19354]
[19355 19455]
[19456 19590]
[19591 19703]
[19704 19758]
[19759 20164]
[20165 20215]
[20216 20256]
[20257 20299]
[20300 20334]
[20335 20435]
[20436 20497]
[20498 20545]
[20546 20657]
[20658 20697]
[20698 20747]
[20748 20792]
[20793 20844]
[20845 20960]
[20961 21006]
[21007 21046]
[21047 21082]
[21083 21137]
[21138 21198]
[21199 21240]
[21241 21280]
[21281 21371]
[21372 21679]
[21680 21741]
[21742 21875]
[21876 21916]
[21917 21997]
[21998 22042]
[22043 22113]
[22114 22167]
[22168 22232]
[22233 22278]
[22279 22365]
[22366 22457]
[22458 22501]
[22502 22574]
[22575 22646]
[22647 22694]
[22695 22780]
[22781 22844]
[22845 22895]
[22896 22964]
[22965 23373]
[23374 23505]
[23506 23582]
[23583 23633]
[23634 23728]
[23729 23924]
[23925 23970]
[23971 24033]
[24034 24221]
[24222 24328]
[24329 24456]
[24457 24548]
[24549 24599]
[24600 24673]
[24674 24710]
[24711 24993]
[24994 25060]
[25061 25100]
[25101 25139]
[25140 25210]
[25211 25255]
[25256 25345]
[25346 25438]
[25439 25550]
[25551 25679]
[25680 25754]
[25755 25835]
[25836 25893]
[25894 25980]
[25981 26066]
[26067 26098]
[26099 26141]
[26142 26215]
[26216 26251]
[26252 26329]
[26330 26423]
[26424 26498]
[26499 26579]
[26580 26644]
[26645 26661]
[26662 26774]
[26775 26867]
[26868 26951]
[26952 26994]
[26995 27054]
[27055 27210]
[27211 27259]
[27260 27315]
[27316 27376]
[27377 27423]
[27424 27486]
[27487 27552]
[27553 27598]
[27599 27640]
[27641 27665]
[27666 27732]
[27733 28407]
[28408 28520]
[28521 28600]
[28601 28666]
[28667 28775]
[28776 28815]
[28816 28893]
[28894 28941]
[28942 28985]
[28986 29036]
[29037 29068]
[29069 29127]
[29128 29207]
[29208 29796]
[29797 29899]
