[ 0 26]
[28 47]
[48 67]
[ 69 112]
[114 192]
[193 489]
[490 544]
[545 568]
[569 593]
[594 619]
[620 637]
[638 671]
[672 699]
[700 732]
[733 763]
[764 795]
[796 834]
[835 864]
[865 892]
[893 920]
[921 968]
[ 969 1012]
[1013 1115]
[1116 1429]
[1430 1508]
[1509 1611]
[1612 1734]
[1735 1787]
[1788 1835]
[1836 1891]
[1892 1982]
[1983 2078]
[2079 2119]
[2120 2178]
[2179 2212]
[2213 2258]
[2259 2641]
[2642 2673]
[2674 2718]
[2719 2757]
[2758 2779]
[2780 2817]
[2818 2866]
[2867 2901]
[2902 2935]
[2936 3077]
[3078 3153]
[3154 3232]
[3233 3398]
[3399 3651]
[3652 3703]
[3704 3728]
[3729 3757]
[3758 3809]
[3810 3833]
[3834 3881]
[3882 3949]
[3950 3998]
[3999 4276]
[4277 4361]
[4362 4502]
[4503 4638]
[4639 4724]
[4725 4806]
[4807 4887]
[4888 5037]
[5038 5202]
[5203 5625]
[5626 5655]
[5656 5699]
[5700 5709]
[5710 5759]
[5760 5804]
[5805 5828]
[5829 5909]
[5910 5936]
[5937 5971]
[5972 6036]
[6037 6075]
[6076 6115]
[6116 6149]
[6150 6184]
[6185 6269]
[6270 6320]
[6321 6342]
[6343 6384]
[6385 6427]
[6428 6580]
[6581 6743]
[6744 6791]
[6792 6835]
[6836 6883]
[6884 6915]
[6916 6959]
[6960 7133]
[7134 7167]
[7168 7222]
[7223 7276]
[7277 7327]
[7328 7362]
[7363 7402]
[7403 7470]
[7471 7543]
[7544 7670]
[7671 7943]
[7944 8563]
[8564 8655]
[8656 8769]
[8770 8932]
[8933 9117]
[9118 9183]
[9184 9243]
[9244 9324]
[9325 9411]
[9412 9468]
[9469 9542]
[9543 9599]
[9600 9684]
[9685 9763]
[9764 9836]
[9837 9895]
[ 9896 10163]
[10164 11038]
[11039 11252]
[11253 11345]
[11346 11352]
[11353 11380]
[11381 11432]
[11433 11488]
[11489 11549]
[11550 11592]
[11593 11628]
[11629 11668]
[11669 11744]
[11745 11798]
[11799 11931]
[11932 12359]
[12360 12427]
[12428 12473]
[12474 12578]
[12579 12679]
[12680 12779]
[12780 12884]
[12885 12937]
[12938 13012]
[13013 13074]
[13075 13329]
[13330 13443]
[13444 13500]
[13501 13551]
[13552 13604]
[13605 13633]
[13634 13723]
[13724 13997]
[13998 14235]
[14236 14376]
[14377 14524]
[14525 14569]
[14570 14683]
[14684 14820]
[14821 14880]
[14881 14963]
[14964 15127]
[15128 15447]
[15448 15611]
[15612 15670]
[15671 15798]
[15799 15861]
[15862 16042]
[16043 16129]
[16130 16272]
[16273 16329]
[16330 16461]
[16462 16539]
[16540 16676]
[16677 17035]
[17036 17195]
[17196 17280]
[17281 17334]
[17335 17404]
[17405 17556]
[17557 17633]
[17634 17794]
[17795 17949]
[17950 18071]
[18072 18160]
[18161 18295]
[18296 18764]
[18765 18850]
[18851 18897]
[18898 18941]
[18942 18986]
[18987 19046]
[19047 19138]
[19139 19189]
[19190 19235]
[19236 19282]
[19283 19364]
[19365 19455]
[19456 19477]
[19478 19508]
[19509 19554]
[19555 19627]
[19628 19676]
[19677 19735]
[19736 19793]
[19794 19912]
[19913 20038]
[20039 20178]
[20179 20255]
[20257 20290]
[20291 20391]
[20392 20455]
[20456 20535]
[20536 20610]
[20611 20801]
[20802 20909]
[20910 21060]
[21061 21170]
[21171 21206]
[21207 21319]
[21320 21381]
[21382 21979]
[21980 22148]
[22149 22189]
[22190 22302]
[22303 22366]
[22367 22400]
[22401 22427]
[22428 22460]
[22461 22495]
[22496 22542]
[22543 22582]
[22583 22757]
[22758 22798]
[22799 22851]
[22852 22905]
[22906 23051]
[23052 23106]
[23107 23167]
[23168 23225]
[23226 23355]
[23356 23457]
[23458 23491]
[23492 23565]
[23566 24112]
[24113 24199]
