[ 0 28]
[30 49]
[50 69]
[ 71 114]
[116 213]
[214 512]
[513 567]
[568 594]
[595 613]
[614 625]
[626 662]
[663 694]
[695 728]
[729 755]
[756 786]
[787 818]
[819 848]
[849 886]
[887 915]
[916 991]
[ 992 1515]
[1516 1561]
[1562 1680]
[1681 1726]
[1727 1796]
[1797 1825]
[1826 1846]
[1847 1884]
[1885 1915]
[1916 1934]
[1935 1979]
[1980 2039]
[2040 2095]
[2096 2177]
[2178 2219]
[2220 2261]
[2262 2298]
[2299 2328]
[2329 2375]
[2376 2438]
[2439 2489]
[2490 2557]
[2558 2612]
[2613 2666]
[2667 2712]
[2713 2755]
[2756 2803]
[2804 2864]
[2865 3337]
[3338 3502]
[3503 3541]
[3542 3577]
[3578 3618]
[3619 3637]
[3638 3654]
[3655 3703]
[3704 3742]
[3743 3822]
[3823 3871]
[3872 3960]
[3961 4040]
[4041 4092]
[4093 4164]
[4165 4233]
[4234 4304]
[4305 4403]
[4404 4553]
[4554 4893]
[4894 4956]
[4957 5025]
[5026 5074]
[5075 5132]
[5133 5250]
[5251 5334]
[5335 5435]
[5436 5503]
[5504 5539]
[5540 5602]
[5603 5657]
[5658 5681]
[5682 5750]
[5751 5761]
[5762 5855]
[5856 5921]
[5922 5966]
[5967 6032]
[6033 6126]
[6127 6220]
[6221 6384]
[6385 6431]
[6432 6729]
[6730 6785]
[6786 6834]
[6835 6891]
[6892 6940]
[6941 6986]
[6987 7021]
[7022 7054]
[7055 7155]
[7156 7195]
[7196 7240]
[7241 7279]
[7280 7338]
[7339 7403]
[7404 7484]
[7485 7596]
[7597 7668]
[7669 7849]
[7850 7865]
[7866 7929]
[7930 7972]
[7973 8020]
[8021 8049]
[8050 8085]
[8086 8116]
[8117 8158]
[8159 8189]
[8190 8247]
[8248 8616]
[8617 8723]
[8724 8812]
[8813 8888]
[8889 9002]
[9003 9099]
[9100 9178]
[9179 9260]
[9261 9334]
[9335 9443]
[9444 9523]
[9524 9583]
[9584 9615]
[9616 9649]
[9650 9735]
[9736 9845]
[9846 9952]
[ 9953 10041]
[10042 10133]
[10134 10196]
[10197 10249]
[10250 10277]
[10278 10305]
[10306 10330]
[10331 10364]
[10365 10396]
[10397 10430]
[10431 10539]
[10540 10593]
[10594 10694]
[10695 11104]
[11105 11187]
[11188 11281]
[11282 11372]
[11373 11446]
[11447 11534]
[11535 11606]
[11607 11660]
[11661 11719]
[11720 11792]
[11793 11866]
[11867 11914]
[11915 11980]
[11981 12033]
[12034 12396]
[12397 13258]
[13259 13390]
[13391 13571]
[13572 13858]
[13859 13915]
[13916 13948]
[13949 14027]
[14028 14108]
[14109 14187]
[14188 14266]
[14267 14311]
[14312 14365]
[14366 14417]
[14418 14456]
[14457 14588]
[14589 14920]
[14921 15002]
[15003 15081]
[15082 15138]
[15139 15185]
[15186 15235]
[15236 15286]
[15287 15341]
[15342 15378]
[15379 15496]
[15497 15538]
[15539 15600]
[15601 15703]
[15704 15756]
[15757 15816]
[15817 15844]
[15845 15907]
[15908 15954]
[15955 15983]
[15984 16025]
[16026 16097]
[16098 16158]
[16159 16248]
[16249 16279]
[16280 16338]
[16339 16367]
[16368 16399]
[16400 16445]
[16446 16599]
[16600 16899]
[16900 16959]
[16960 17012]
[17013 17064]
[17065 17173]
[17174 17222]
[17223 17403]
[17404 17447]
[17448 17511]
[17512 17545]
[17546 17585]
[17586 17647]
[17648 17695]
[17696 17744]
[17745 18054]
[18055 18099]
[18100 18137]
[18138 18209]
[18210 18334]
[18335 18411]
[18412 18671]
[18672 18705]
[18706 18773]
[18774 18874]
[18875 18925]
[18926 18987]
[18988 19040]
[19041 19481]
[19482 19532]
[19533 19602]
[19603 19668]
[19669 19774]
[19775 19843]
[19844 20068]
[20069 20119]
[20120 20243]
[20244 20313]
[20314 20391]
[20392 20585]
[20586 20653]
[20654 20723]
[20724 20767]
[20768 21173]
[21175 21434]
[21435 21554]
[21555 21683]
[21684 21763]
[21764 21871]
[21872 21899]
[21900 22033]
[22034 22192]
[22193 22234]
[22235 22276]
[22277 22332]
[22333 22376]
[22377 22493]
[22494 22536]
[22537 22949]
