[ 0 23]
[25 44]
[45 64]
[ 66 109]
[111 204]
[205 586]
[587 610]
[611 681]
[682 713]
[714 765]
[766 794]
[795 835]
[836 892]
[ 893 1342]
[1343 1432]
[1433 1491]
[1492 1602]
[1603 1639]
[1640 1709]
[1710 1781]
[1782 1844]
[1845 1929]
[1930 1999]
[2000 2068]
[2069 2156]
[2157 2234]
[2235 2278]
[2280 2533]
[2534 2593]
[2594 2646]
[2647 2705]
[2706 2763]
[2764 2806]
[2807 2875]
[2876 2937]
[2938 2997]
[2998 3050]
[3051 3086]
[3087 3138]
[3139 3204]
[3205 3273]
[3274 3343]
[3344 3418]
[3419 3489]
[3490 3556]
[3557 3603]
[3604 4195]
[4196 4237]
[4238 4286]
[4287 4344]
[4345 4378]
[4379 4415]
[4416 4478]
[4479 4537]
[4538 4610]
[4611 4685]
[4686 4765]
[4766 5258]
[5259 5296]
[5297 5343]
[5344 5406]
[5407 5431]
[5432 5516]
[5517 5598]
[5599 5611]
[5612 5646]
[5647 5697]
[5698 5746]
[5747 5780]
[5781 5856]
[5857 5872]
[5873 5903]
[5904 5924]
[5925 5970]
[5971 6005]
[6006 6046]
[6047 6061]
[6062 6105]
[6106 6189]
[6190 6246]
[6247 6303]
[6304 6345]
[6346 6773]
[6774 6805]
[6806 6882]
[6883 6967]
[6968 7181]
[7182 7213]
[7214 7534]
[7535 7562]
[7563 7702]
[7703 7831]
[7832 7936]
[7937 8016]
[8017 8088]
[8089 8167]
[8168 8395]
[8396 8530]
[8531 8573]
[8574 8626]
[8627 8714]
[8715 8777]
[8778 8835]
[8836 8924]
[8925 8997]
[8998 9112]
[9113 9167]
[9168 9246]
[9247 9319]
[9320 9386]
[9387 9781]
[ 9782 10185]
[10186 10357]
[10358 10615]
[10616 10680]
[10681 10741]
[10743 10789]
[10790 10863]
[10864 10920]
[10921 10978]
[10979 11027]
[11028 11124]
[11125 11333]
[11334 11424]
[11425 11499]
[11500 11571]
[11572 11698]
[11699 11806]
[11807 11875]
[11876 12169]
[12170 12303]
[12304 12353]
[12354 12556]
[12557 12699]
[12700 12787]
[12788 13144]
[13145 13234]
[13235 13278]
[13279 13350]
[13351 13451]
[13452 13582]
[13583 13694]
[13695 13805]
[13806 13917]
[13918 13981]
[13982 14096]
[14097 14129]
[14130 14548]
[14549 14608]
[14610 14696]
[14697 14881]
[14882 14949]
[14950 14980]
[14981 15062]
[15063 15139]
[15141 15182]
[15183 15240]
[15241 15315]
[15316 15387]
[15388 15434]
[15435 15515]
[15516 15586]
[15587 15648]
[15649 15677]
[15678 15714]
[15715 15747]
[15748 16063]
[16064 16222]
[16223 16338]
[16339 16382]
[16383 16475]
[16476 16592]
[16593 16667]
[16668 16785]
[16786 16856]
[16857 16916]
[16917 16987]
[16988 17069]
[17070 17446]
[17447 17523]
[17524 17581]
[17582 17644]
[17645 17696]
[17697 17832]
[17833 17901]
[17902 17995]
[17996 18094]
[18095 18151]
[18152 18214]
[18215 18262]
[18263 18312]
[18313 18389]
[18390 18448]
[18449 18519]
[18520 18590]
[18591 18653]
[18654 18698]
[18699 18737]
[18738 18778]
[18779 19198]
[19199 19299]
