[ 0 27]
[29 48]
[49 68]
[ 70 113]
[115 197]
[198 617]
[618 653]
[654 683]
[684 711]
[712 744]
[745 770]
[771 794]
[795 823]
[824 836]
[837 868]
[869 905]
[906 936]
[937 963]
[964 993]
[ 994 1037]
[1038 1072]
[1073 1101]
[1102 1194]
[1195 1614]
[1615 1643]
[1644 1686]
[1687 1745]
[1746 1805]
[1806 1866]
[1867 1986]
[1987 2036]
[2037 2103]
[2104 2179]
[2180 2219]
[2220 2288]
[2289 2356]
[2357 2505]
[2506 2569]
[2570 2602]
[2603 2732]
[2733 2798]
[2799 2837]
[2838 2876]
[2877 2929]
[2930 2965]
[2966 3014]
[3015 3069]
[3070 3122]
[3123 3181]
[3182 3208]
[3209 3234]
[3235 3571]
[3572 3618]
[3619 3679]
[3680 3751]
[3752 3800]
[3801 3851]
[3852 3900]
[3901 3951]
[3952 4004]
[4005 4066]
[4067 4150]
[4151 4216]
[4217 4275]
[4276 4339]
[4340 4401]
[4402 4458]
[4459 4490]
[4491 4545]
[4546 4606]
[4607 4678]
[4679 4727]
[4728 4733]
[4734 5290]
[5291 5359]
[5360 5448]
[5449 5537]
[5538 5621]
[5622 5710]
[5711 5795]
[5796 5857]
[5858 5986]
[5987 6051]
[6052 6127]
[6128 6188]
[6189 6216]
[6217 6273]
[6274 6311]
[6312 6337]
[6338 6379]
[6380 6425]
[6426 6464]
[6465 6739]
[6740 6820]
[6821 6901]
[6902 6968]
[6969 6999]
[7000 7298]
[7299 7366]
[7367 7437]
[7438 7470]
[7471 7501]
[7502 7527]
[7528 7576]
[7577 7608]
[7609 7644]
[7645 7657]
[7658 7679]
[7680 7690]
[7691 7704]
[7705 7721]
[7722 7756]
[7757 7815]
[7816 7844]
[7845 7870]
[7871 7894]
[7895 7933]
[7934 7982]
[7983 8004]
[8005 8035]
[8036 8064]
[8065 8108]
[8109 8130]
[8131 8157]
[8158 8176]
[8177 8191]
[8192 8241]
[8242 8271]
[8272 8296]
[8297 8321]
[8322 8681]
[8682 8728]
[8729 8781]
[8782 8839]
[8840 8894]
[8895 8949]
[8950 9002]
[9003 9084]
[9085 9146]
[9147 9242]
[9243 9318]
[9319 9407]
[9408 9483]
[9484 9577]
[9578 9687]
[9688 9762]
[9763 9816]
[ 9817 10304]
[10305 10367]
[10368 10440]
[10441 10508]
[10509 10578]
[10579 10641]
[10642 10714]
[10715 10837]
[10838 10994]
[10995 11062]
[11063 11106]
[11107 11168]
[11169 11219]
[11220 11285]
[11286 11351]
[11352 11415]
[11416 11475]
[11476 11526]
[11527 11583]
[11584 11655]
[11656 11723]
[11724 11793]
[11794 11856]
[11857 11926]
[11927 12049]
[12050 12406]
[12407 12542]
[12543 12707]
[12708 12729]
[12730 12811]
[12812 12950]
[12951 13017]
[13018 13130]
[13131 13227]
[13228 13322]
[13323 13376]
[13377 13640]
[13641 13813]
[13814 13927]
[13928 14046]
[14047 14241]
[14242 14315]
[14316 14462]
[14463 14776]
[14777 14832]
[14833 14888]
[14889 14989]
[14990 15041]
[15042 15133]
[15134 15150]
[15151 15244]
[15245 15398]
[15399 15423]
[15424 15518]
[15519 15575]
[15576 15595]
[15596 15681]
[15682 15703]
[15704 15730]
[15731 15763]
[15764 15828]
[15829 15867]
[15868 15981]
[15982 16068]
[16069 16170]
[16171 16262]
[16263 16300]
[16301 16365]
[16366 16513]
[16514 16550]
[16551 16582]
[16583 16611]
[16612 16652]
[16653 16693]
[16694 16758]
[16759 16803]
[16804 16849]
[16850 16871]
[16872 16952]
[16953 17300]
[17301 17366]
[17367 17430]
[17431 17496]
[17497 17521]
[17522 17571]
[17572 17643]
[17644 17692]
[17693 17734]
[17735 17753]
[17754 17778]
[17779 17801]
[17802 17906]
[17907 17991]
[17992 18087]
[18088 18172]
[18173 18500]
[18501 18608]
[18609 18732]
[18733 18901]
[18902 19000]
[19001 19080]
[19081 19186]
[19187 19283]
[19284 19400]
[19401 19442]
[19443 19768]
[19769 19835]
[19836 19893]
[19894 19988]
[19989 20031]
[20032 20158]
[20159 20220]
[20221 20257]
[20258 20315]
[20316 20439]
[20440 20501]
[20502 20596]
[20597 20644]
[20645 20705]
[20706 20981]
[20982 21129]
[21130 21217]
[21218 21323]
[21324 21389]
[21390 21531]
[21532 21675]
[21676 21803]
[21804 21850]
[21851 21892]
[21893 21951]
[21952 22000]
[22001 22042]
[22043 22094]
[22095 22146]
[22147 22485]
[22486 22520]
[22521 22589]
[22590 22659]
[22660 22731]
[22732 22782]
[22783 22909]
[22910 22960]
[22961 23070]
[23071 23128]
[23129 23202]
[23203 23290]
[23291 23345]
[23346 23668]
[23669 24047]
[24048 24236]
[24237 24386]
[24387 24444]
[24445 24538]
[24539 24805]
[24806 24899]
