[ 0 21]
[23 42]
[43 62]
[ 64 107]
[109 223]
[225 526]
[527 586]
[587 618]
[619 639]
[640 666]
[667 692]
[693 714]
[715 753]
[754 789]
[790 813]
[814 838]
[839 869]
[870 900]
[901 933]
[934 962]
[ 963 1080]
[1081 1180]
[1181 1544]
[1545 1599]
[1600 1676]
[1677 1749]
[1750 1812]
[1813 1899]
[1900 1960]
[1961 2008]
[2009 2068]
[2069 2140]
[2141 2195]
[2196 2335]
[2336 2397]
[2398 2443]
[2444 2473]
[2474 2513]
[2514 2592]
[2593 2645]
[2646 2659]
[2660 2979]
[2980 2998]
[2999 3089]
[3090 3179]
[3180 3272]
[3273 3379]
[3380 3408]
[3409 3470]
[3471 3517]
[3518 3556]
[3557 3615]
[3616 3682]
[3683 3714]
[3716 4458]
[4459 4507]
[4508 4558]
[4559 4592]
[4593 4641]
[4642 4689]
[4690 4739]
[4740 4776]
[4777 4838]
[4839 4868]
[4869 4895]
[4896 4944]
[4945 5010]
[5011 5053]
[5054 5102]
[5103 5130]
[5131 5170]
[5171 5203]
[5204 5233]
[5234 5391]
[5392 5409]
[5410 5434]
[5435 5462]
[5463 5511]
[5512 5528]
[5529 5562]
[5563 5662]
[5663 5698]
[5699 5744]
[5745 5857]
[5858 5915]
[5916 5970]
[5971 5993]
[5994 6022]
[6023 6051]
[6052 6505]
[6506 6566]
[6567 6597]
[6598 6633]
[6634 6674]
[6675 6694]
[6695 6744]
[6745 6813]
[6814 6901]
[6902 6987]
[6988 7059]
[7060 7432]
[7433 7470]
[7471 7511]
[7512 7558]
[7559 7614]
[7615 7669]
[7670 7741]
[7742 7783]
[7784 7825]
[7826 8035]
[8036 8071]
[8072 8195]
[8196 8317]
[8318 8351]
[8352 8392]
[8393 8427]
[8428 8812]
[8813 8834]
[8835 8880]
[8881 8945]
[8946 8994]
[8995 9048]
[9049 9101]
[9102 9151]
[9152 9193]
[9194 9225]
[9226 9283]
[9284 9347]
[9348 9397]
[9398 9430]
[9431 9478]
[9479 9501]
[9502 9534]
[9535 9674]
[9675 9713]
[9714 9752]
[9753 9791]
[9792 9847]
[9848 9883]
[9884 9915]
[9916 9941]
[9942 9965]
[9966 9998]
[ 9999 10027]
[10028 10064]
[10065 10095]
[10096 10150]
[10151 10193]
[10194 10294]
[10295 10796]
[10797 10877]
[10878 10951]
[10952 11297]
[11298 11367]
[11368 11467]
[11468 11570]
[11571 11903]
[11904 11954]
[11955 11986]
[11987 12012]
[12013 12073]
[12074 12101]
[12102 12153]
[12154 12193]
[12194 12252]
[12253 12291]
[12292 12356]
[12357 12384]
[12385 12416]
[12417 12443]
[12444 12463]
[12464 12521]
[12522 12572]
[12573 12626]
[12627 12659]
[12660 12688]
[12689 12728]
[12729 12795]
[12796 12875]
[12876 13111]
[13112 13162]
[13164 13274]
[13275 13377]
[13378 13444]
[13445 13627]
[13628 13692]
[13693 13771]
[13772 13981]
[13982 14057]
[14058 14112]
[14113 14184]
[14185 14303]
[14304 14496]
[14497 14548]
[14549 14588]
[14589 14754]
[14755 14906]
[14907 15064]
[15065 15142]
[15143 15191]
[15192 15274]
[15275 15378]
[15379 15489]
[15490 15861]
[15862 15880]
[15881 15990]
[15991 16102]
[16103 16191]
[16192 16331]
[16332 16426]
[16427 16463]
[16464 16480]
[16481 16621]
[16622 16694]
[16695 16730]
[16731 16757]
[16758 16793]
[16794 17018]
[17019 17054]
[17055 17120]
[17121 17157]
[17158 17256]
[17257 17327]
[17328 17396]
[17397 17462]
[17463 17526]
[17527 17592]
[17593 17649]
[17650 17700]
[17701 17804]
[17805 17865]
[17866 17928]
[17929 18203]
[18204 18219]
[18220 18352]
[18353 18379]
[18380 18473]
[18474 18554]
[18555 18754]
[18755 18884]
[18885 19275]
[19276 19367]
[19368 19456]
[19457 19668]
[19669 19786]
[19787 19895]
[19896 20015]
[20016 20097]
[20098 20514]
[20515 20599]
