[ 0 27]
[29 48]
[49 68]
[ 70 113]
[115 215]
[216 523]
[524 577]
[578 613]
[614 643]
[644 671]
[672 704]
[705 730]
[731 760]
[761 794]
[795 828]
[829 865]
[866 896]
[897 923]
[924 948]
[ 949 1000]
[1001 1381]
[1382 1427]
[1428 1492]
[1493 1572]
[1573 1625]
[1626 1673]
[1674 1721]
[1722 1778]
[1779 1842]
[1843 1890]
[1891 1949]
[1950 2015]
[2016 2088]
[2089 2163]
[2164 2249]
[2250 2425]
[2426 3401]
[3402 3460]
[3461 3535]
[3536 3606]
[3607 3664]
[3665 3733]
[3734 3790]
[3791 3841]
[3842 4005]
[4006 4041]
[4042 4228]
[4229 4291]
[4292 4356]
[4357 4650]
[4651 4715]
[4716 4767]
[4768 4830]
[4831 4875]
[4876 4921]
[4922 4972]
[4973 5584]
[5585 5650]
[5651 5705]
[5706 5727]
[5728 5794]
[5795 5847]
[5848 5902]
[5903 5942]
[5943 5977]
[5978 6008]
[6009 6042]
[6043 6218]
[6219 6267]
[6268 6308]
[6309 6322]
[6323 6359]
[6360 6413]
[6414 6544]
[6545 6566]
[6567 6608]
[6609 6704]
[6705 6748]
[6749 6764]
[6765 6799]
[6800 6849]
[6850 6899]
[6900 6950]
[6951 6987]
[6988 7013]
[7014 7053]
[7054 7289]
[7290 7339]
[7340 7397]
[7398 7418]
[7419 7464]
[7465 7510]
[7511 7625]
[7626 7642]
[7643 7693]
[7694 7729]
[7730 7830]
[7831 7834]
[7835 7901]
[7902 7959]
[7960 8000]
[8001 8117]
[8118 8275]
[8276 8348]
[8349 8428]
[8429 8494]
[8495 8568]
[8569 8638]
[8639 8684]
[8685 8813]
[8814 8859]
[8860 8972]
[8973 9061]
[9062 9132]
[9133 9277]
[9278 9337]
[9338 9380]
[9381 9431]
[9432 9479]
[9480 9565]
[9566 9624]
[9625 9675]
[9676 9722]
[9723 9758]
[9759 9804]
[9805 9869]
[9870 9914]
[9915 9970]
[ 9971 10067]
[10068 10327]
[10328 10389]
[10390 10443]
[10444 10495]
[10496 10578]
[10579 10614]
[10615 10662]
[10663 10711]
[10712 10752]
[10753 10800]
[10801 11054]
[11055 11134]
[11135 11191]
[11192 11241]
[11242 11284]
[11285 11348]
[11349 11390]
[11391 11447]
[11448 11507]
[11508 11566]
[11567 11617]
[11618 11690]
[11691 11756]
[11757 12099]
[12100 12151]
[12152 12161]
[12162 12240]
[12241 12287]
[12288 12348]
[12349 12451]
[12452 12488]
[12489 12602]
[12603 12639]
[12640 12664]
[12665 12725]
[12726 12753]
[12754 12792]
[12793 13068]
[13069 13455]
[13456 13741]
[13742 13880]
[13881 13941]
[13942 13992]
[13993 14039]
[14040 14080]
[14081 14121]
[14122 14186]
[14187 14231]
[14232 14287]
[14288 14385]
[14386 14869]
[14870 14930]
[14931 14991]
[14992 15051]
[15052 15089]
[15090 15127]
[15128 15183]
[15184 15234]
[15235 15258]
[15259 15299]
[15300 15377]
[15378 15411]
[15412 15442]
[15443 15492]
[15493 15520]
[15521 15587]
[15588 15626]
[15627 15686]
[15687 15709]
[15710 15778]
[15779 15854]
[15855 15944]
[15945 16089]
[16090 16378]
[16379 16448]
[16449 16498]
[16499 16601]
[16602 16691]
[16692 16710]
[16711 16888]
[16889 16935]
[16936 17025]
[17026 17111]
[17112 17182]
[17183 17289]
[17290 17356]
[17357 17517]
[17518 17626]
[17627 17760]
[17761 17908]
[17909 18189]
[18190 18330]
[18331 18488]
[18489 18745]
[18746 18883]
[18884 19033]
[19034 19110]
[19111 19201]
[19202 19273]
[19274 19435]
[19436 19506]
[19507 19610]
[19611 19740]
[19741 20029]
[20030 20126]
[20127 20175]
[20176 20264]
[20265 20310]
[20311 20411]
[20412 20469]
[20470 20502]
[20503 20606]
[20607 20687]
[20688 20742]
[20743 20770]
[20771 20831]
[20832 20922]
[20923 20949]
[20950 20983]
[20984 21022]
[21023 21057]
[21058 21099]
[21100 21483]
[21484 21528]
[21529 21567]
[21568 21719]
[21720 21796]
[21797 21890]
[21891 21924]
[21925 21979]
[21980 22079]
[22080 22114]
[22115 22226]
[22227 22416]
[22417 22463]
[22464 22717]
[22718 22879]
[22880 23050]
[23051 23203]
[23204 23339]
[23340 23467]
[23468 23563]
[23564 23638]
[23639 23683]
[23684 24059]
[24060 24149]
