[ 0 24]
[26 45]
[46 65]
[ 67 110]
[112 177]
[179 581]
[582 631]
[632 672]
[673 708]
[709 755]
[756 810]
[811 832]
[833 859]
[860 906]
[907 957]
[ 958 1066]
[1067 1160]
[1161 1613]
[1614 1658]
[1659 1708]
[1709 1749]
[1750 1798]
[1799 1846]
[1847 1892]
[1893 1918]
[1919 2018]
[2019 2069]
[2070 2109]
[2110 2215]
[2216 2406]
[2407 2446]
[2447 2497]
[2498 2538]
[2539 2584]
[2585 2647]
[2648 2732]
[2733 2824]
[2825 2868]
[2869 2903]
[2904 2956]
[2957 2999]
[3000 3023]
[3024 3069]
[3070 3108]
[3109 3622]
[3623 3722]
[3723 3788]
[3789 3827]
[3828 3865]
[3866 3903]
[3904 4023]
[4024 4070]
[4071 4121]
[4122 4159]
[4160 4204]
[4205 4256]
[4257 4301]
[4302 4335]
[4336 4384]
[4385 4417]
[4418 4446]
[4447 4500]
[4501 4662]
[4663 4710]
[4711 4784]
[4785 4844]
[4845 4909]
[4910 4982]
[4983 5069]
[5070 5164]
[5165 5225]
[5226 5638]
[5639 5698]
[5699 5750]
[5751 5796]
[5797 5858]
[5859 5913]
[5914 5966]
[5967 6553]
[6554 6604]
[6605 6659]
[6660 6709]
[6710 6740]
[6741 6807]
[6808 6860]
[6861 6905]
[6906 6956]
[6957 7010]
[7011 7066]
[7067 7147]
[7148 7551]
[7552 7610]
[7611 7661]
[7662 7713]
[7714 7754]
[7755 7814]
[7815 7869]
[7870 7919]
[7920 7957]
[7958 7986]
[7987 8071]
[8072 8151]
[8152 8199]
[8200 8275]
[8276 8303]
[8304 8400]
[8401 8479]
[8480 8585]
[8586 8659]
[8660 8746]
[8747 8832]
[8833 9123]
[9124 9186]
[9187 9258]
[9259 9305]
[9306 9344]
[9345 9459]
[9460 9569]
[9570 9816]
[9817 9877]
[9878 9921]
[9922 9970]
[ 9971 10018]
[10019 10066]
[10067 10115]
[10116 10165]
[10166 10215]
[10216 10264]
[10265 10369]
[10370 10473]
[10474 10497]
[10498 10676]
[10677 10733]
[10734 10793]
[10794 10874]
[10875 11116]
[11117 11179]
[11180 11251]
[11252 11315]
[11316 11369]
[11370 11426]
[11427 11517]
[11518 11572]
[11573 11658]
[11659 11807]
[11808 11897]
[11898 12118]
[12119 12222]
[12223 12337]
[12338 12505]
[12506 12575]
[12576 12811]
[12812 12981]
[12982 13089]
[13090 13146]
[13147 13243]
[13244 13273]
[13274 13295]
[13296 13349]
[13350 13409]
[13410 13527]
[13528 13775]
[13776 13791]
[13792 13843]
[13844 13885]
[13886 13946]
[13947 13972]
[13973 14032]
[14033 14080]
[14081 14120]
[14121 14150]
[14151 14202]
[14203 14239]
[14240 14291]
[14292 14324]
[14325 14342]
[14343 14388]
[14389 14458]
[14459 14476]
[14477 14538]
[14539 14571]
[14572 14613]
[14614 14655]
[14656 14683]
[14684 14720]
[14721 14750]
[14751 14789]
[14790 14852]
[14853 14892]
[14893 14908]
[14909 14952]
[14953 15117]
[15118 15235]
[15237 15394]
[15395 15464]
[15465 15694]
[15695 15757]
[15758 15826]
[15827 15876]
[15877 15979]
[15980 16081]
[16082 16466]
[16468 16524]
[16525 16597]
[16598 16662]
[16663 16735]
[16736 16862]
[16863 16941]
[16942 16963]
[16964 16990]
[16991 17016]
[17017 17083]
[17084 17129]
[17130 17197]
[17198 17515]
[17516 17575]
[17576 17618]
[17620 17661]
[17662 17693]
[17694 17759]
[17760 17796]
[17797 17835]
[17836 17879]
[17880 17936]
[17937 17975]
[17976 18036]
[18037 18077]
[18078 18103]
[18104 18127]
[18128 18302]
[18303 18352]
[18353 18401]
[18402 18451]
[18452 18550]
[18551 18929]
[18930 19034]
[19035 19196]
[19197 19285]
[19286 19354]
[19355 19386]
[19387 19440]
[19441 19477]
[19478 19532]
[19533 19601]
[19602 20107]
[20108 20270]
[20271 20289]
[20290 20321]
[20322 20641]
[20642 20687]
[20688 20711]
[20712 20878]
[20879 20923]
[20924 21023]
[21024 21133]
[21134 21167]
[21168 21252]
[21253 21466]
[21467 21627]
[21628 21960]
[21961 21995]
[21996 22117]
[22118 22534]
[22535 22649]
