[ 0 28]
[30 49]
[50 69]
[ 71 114]
[116 202]
[204 591]
[592 625]
[626 652]
[653 688]
[689 721]
[722 758]
[759 792]
[793 821]
[822 844]
[845 880]
[881 886]
[887 922]
[ 923 1285]
[1286 1348]
[1349 1397]
[1398 1444]
[1445 1508]
[1509 1564]
[1565 1767]
[1768 1965]
[1966 2007]
[2008 2063]
[2064 2129]
[2130 2181]
[2182 2234]
[2235 2290]
[2291 2323]
[2324 2356]
[2357 2543]
[2544 2573]
[2574 2644]
[2645 2720]
[2721 2814]
[2815 2850]
[2851 3337]
[3338 3387]
[3388 3435]
[3436 3479]
[3480 3526]
[3527 3592]
[3593 3676]
[3677 3722]
[3723 3749]
[3750 3780]
[3781 3888]
[3889 3932]
[3933 3972]
[3973 4023]
[4024 4044]
[4045 4152]
[4153 4194]
[4195 4221]
[4222 4269]
[4270 4311]
[4312 4359]
[4360 4395]
[4396 4478]
[4479 4549]
[4550 4618]
[4619 4698]
[4699 5115]
[5116 5155]
[5156 5199]
[5200 5236]
[5237 5269]
[5270 5314]
[5315 5356]
[5357 5386]
[5387 5683]
[5684 5785]
[5786 5832]
[5833 5900]
[5901 5956]
[5957 5997]
[5998 6281]
[6282 6325]
[6326 6375]
[6376 6497]
[6498 6555]
[6556 6579]
[6580 6612]
[6613 6646]
[6647 6677]
[6678 7184]
[7185 7258]
[7259 7326]
[7327 7400]
[7401 7466]
[7467 7547]
[7548 7623]
[7624 7673]
[7674 7736]
[7737 7800]
[7801 7865]
[7866 7927]
[7928 7974]
[7975 8056]
[8057 8122]
[8123 8259]
[8260 8313]
[8314 8371]
[8372 8433]
[8434 8504]
[8505 8553]
[8554 8678]
[8679 8808]
[8809 9223]
[9224 9683]
[ 9684 10011]
[10013 10280]
[10281 10503]
[10505 10719]
[10721 10814]
[10815 11105]
[11106 11213]
[11214 11268]
[11269 11359]
[11360 11440]
[11441 11517]
[11518 11608]
[11609 11709]
[11710 11796]
[11797 11885]
[11886 11950]
[11951 12216]
[12217 12280]
[12281 12339]
[12340 12400]
[12401 12459]
[12460 12520]
[12521 12573]
[12574 12624]
[12625 12693]
[12694 12735]
[12736 12815]
[12816 12894]
[12895 12978]
[12979 13047]
[13048 13071]
[13072 13333]
[13334 13689]
[13690 13843]
[13844 13862]
[13863 13937]
[13938 14011]
[14012 14357]
[14358 14454]
[14455 14672]
[14673 14746]
[14747 15038]
[15039 15094]
[15095 15164]
[15165 15224]
[15225 15294]
[15295 15336]
[15337 15369]
[15370 15408]
[15409 15438]
[15439 15466]
[15467 15509]
[15510 15556]
[15557 15665]
[15666 16051]
[16052 16176]
[16177 16315]
[16316 16416]
[16417 16522]
[16523 16611]
[16612 16712]
[16713 16831]
[16832 16893]
[16894 16975]
[16976 17083]
[17084 17176]
[17177 17225]
[17226 17322]
[17323 17362]
[17363 17390]
[17391 17728]
[17729 17771]
[17772 17819]
[17820 17867]
[17868 17923]
[17924 17971]
[17972 17998]
[17999 18083]
[18084 18154]
[18155 18251]
[18252 18317]
[18318 18379]
[18380 18446]
[18447 18502]
[18503 18541]
[18542 18577]
[18578 18949]
[18950 19005]
[19006 19080]
[19081 19132]
[19133 19244]
[19245 19338]
[19339 19484]
[19485 19544]
[19545 19651]
[19652 19827]
[19828 19916]
[19917 20190]
[20191 20328]
[20329 20421]
[20422 20543]
[20544 20664]
[20665 20773]
[20774 20850]
[20851 20956]
[20957 21003]
[21004 21129]
[21130 21171]
[21172 21246]
[21247 21294]
[21295 21379]
[21380 21432]
[21433 21497]
[21498 21549]
[21550 21986]
[21987 22130]
[22131 22297]
[22298 22441]
[22442 22520]
[22521 22616]
[22617 22684]
[22685 22748]
[22749 22820]
[22821 22964]
[22965 23112]
[23113 23178]
[23179 23230]
[23231 23290]
[23291 23380]
[23381 23736]
[23738 23913]
[23914 23998]
[23999 24099]
[24100 24306]
[24307 24371]
[24372 24532]
[24533 24591]
[24592 24650]
[24651 24753]
[24754 24801]
[24802 24833]
[24834 24944]
[24945 25043]
[25044 25126]
[25127 25224]
[25225 25289]
[25290 25362]
[25363 25410]
[25411 25563]
[25564 25642]
[25643 25729]
[25730 25790]
[25791 25814]
[25815 25841]
[25842 25876]
[25877 25925]
[25926 26025]
[26026 26408]
[26409 26499]
