[ 0 31]
[33 52]
[53 72]
[ 74 117]
[119 193]
[194 463]
[464 529]
[530 572]
[573 599]
[600 629]
[630 657]
[658 690]
[691 718]
[719 747]
[748 780]
[781 830]
[831 859]
[860 905]
[ 906 1009]
[1010 1110]
[1111 1541]
[1543 1607]
[1608 1733]
[1734 1903]
[1904 1991]
[1992 2099]
[2100 2230]
[2231 2337]
[2338 2451]
[2452 2605]
[2606 2659]
[2660 2707]
[2708 3143]
[3144 3227]
[3228 3260]
[3261 3306]
[3307 3346]
[3347 3374]
[3375 3407]
[3408 3430]
[3431 3500]
[3501 3535]
[3536 3642]
[3643 3672]
[3673 3712]
[3713 3741]
[3742 3785]
[3786 3834]
[3835 3876]
[3877 3936]
[3937 4006]
[4007 4097]
[4098 4191]
[4192 4286]
[4287 4321]
[4322 4356]
[4357 4413]
[4414 4511]
[4512 4541]
[4542 4579]
[4580 4606]
[4607 4647]
[4648 4707]
[4708 5188]
[5190 5249]
[5250 5333]
[5334 5406]
[5407 5506]
[5507 5682]
[5683 5729]
[5730 5798]
[5799 5920]
[5921 5987]
[5988 6060]
[6061 6103]
[6104 6160]
[6161 6181]
[6182 6234]
[6235 6258]
[6259 6289]
[6290 6317]
[6318 6370]
[6371 6437]
[6438 6637]
[6638 7382]
[7384 7449]
[7450 7494]
[7495 7548]
[7549 7662]
[7663 7695]
[7696 7730]
[7731 7883]
[7884 7940]
[7941 7989]
[7990 8057]
[8058 8111]
[8112 8169]
[8170 8273]
[8274 8322]
[8323 8363]
[8364 8399]
[8400 8464]
[8465 8544]
[8545 8597]
[8598 8635]
[8636 8677]
[8678 8737]
[8738 8810]
[8811 8848]
[8849 9000]
[9001 9057]
[9058 9107]
[9108 9146]
[9147 9180]
[9181 9251]
[9252 9289]
[9290 9332]
[9333 9443]
[9444 9694]
[9695 9770]
[9771 9831]
[9832 9893]
[9894 9964]
[ 9965 10037]
[10038 10117]
[10118 10209]
[10210 10278]
[10279 10350]
[10351 10448]
[10449 10540]
[10541 10594]
[10595 10663]
[10664 10722]
[10723 10783]
[10784 10836]
[10837 11159]
[11160 11615]
[11616 12065]
[12066 12185]
[12186 12413]
[12414 12460]
[12461 12555]
[12556 12734]
[12735 12886]
[12887 13192]
[13193 13287]
[13288 13536]
[13537 13606]
[13607 13670]
[13671 13730]
[13731 13800]
[13801 13841]
[13842 13903]
[13904 13981]
[13982 14083]
[14084 14218]
[14219 14518]
[14519 14648]
[14649 14699]
[14700 14833]
[14834 14905]
[14906 14963]
[14964 15027]
[15028 15095]
[15096 15154]
[15155 15351]
[15352 15460]
[15461 15536]
[15537 15611]
[15612 15999]
[16001 16094]
[16095 16189]
[16190 16289]
[16290 16372]
[16373 16439]
[16440 16501]
[16502 16559]
[16560 16640]
[16641 16679]
[16680 16767]
[16768 16815]
[16816 16919]
[16920 16961]
[16962 17011]
[17012 17083]
[17084 17223]
[17224 17339]
[17340 17401]
[17402 17460]
[17462 17585]
[17586 17730]
[17731 17971]
[17972 18102]
[18103 18174]
[18175 18246]
[18247 18308]
[18309 18452]
[18453 18493]
[18494 18514]
[18515 18550]
[18551 18600]
[18601 18653]
[18654 18710]
[18711 18961]
[18962 19012]
[19013 19067]
[19068 19124]
[19125 19172]
[19173 19233]
[19234 19291]
[19292 19391]
[19392 19712]
[19713 19797]
[19798 19846]
[19847 19897]
[19898 19985]
[19986 20028]
[20029 20071]
[20072 20128]
[20129 20171]
[20172 20246]
[20247 20303]
[20304 20532]
[20533 20553]
[20554 20588]
[20589 20764]
[20765 20830]
[20831 20869]
[20870 20906]
[20907 20947]
[20948 21001]
[21002 21057]
[21058 21093]
[21094 21130]
[21131 21163]
[21164 21238]
[21239 21659]
[21660 21842]
[21843 21924]
[21925 21989]
[21990 22037]
[22038 22155]
[22156 22232]
[22233 22376]
[22377 22526]
[22527 22660]
[22661 22713]
[22714 22898]
[22899 22963]
[22964 23107]
[23108 23198]
[23199 23266]
[23267 23566]
[23568 23776]
[23777 23819]
[23820 23907]
[23908 23988]
[23989 24099]
[24100 24145]
[24146 24248]
[24249 24295]
[24296 24315]
[24316 24487]
[24488 24527]
[24528 24641]
[24642 24700]
[24701 24788]
[24789 24886]
[24887 24960]
[24961 24983]
[24985 25019]
[25020 25107]
[25108 25223]
[25224 25239]
[25240 25324]
[25325 25425]
[25426 25500]
[25501 25559]
[25560 25603]
[25604 25617]
[25618 25667]
[25668 25700]
[25701 25745]
[25746 26181]
[26182 26299]
