[ 0 27]
[29 48]
[49 68]
[ 70 113]
[115 199]
[200 456]
[457 509]
[510 559]
[560 600]
[601 635]
[636 676]
[677 695]
[696 722]
[723 739]
[740 827]
[ 828 1214]
[1215 1383]
[1385 1509]
[1510 1632]
[1633 1694]
[1695 1762]
[1763 1772]
[1773 2240]
[2242 2310]
[2311 2390]
[2391 2455]
[2456 2517]
[2518 2581]
[2582 2638]
[2639 2681]
[2682 2721]
[2722 2835]
[2836 2977]
[2978 3132]
[3133 3255]
[3256 3432]
[3433 3502]
[3503 3680]
[3681 3740]
[3741 3817]
[3818 4287]
[4288 4397]
[4398 4463]
[4464 4509]
[4510 4553]
[4554 4603]
[4604 4985]
[4986 5065]
[5066 5098]
[5099 5155]
[5156 5255]
[5256 5306]
[5307 5648]
[5649 5669]
[5670 5723]
[5724 5759]
[5760 5775]
[5776 5864]
[5865 5900]
[5901 5986]
[5987 6010]
[6011 6050]
[6051 6071]
[6072 6096]
[6097 6128]
[6129 6153]
[6154 6198]
[6199 6234]
[6235 6257]
[6258 6289]
[6290 6324]
[6325 6394]
[6395 6777]
[6778 6867]
[6868 6939]
[6940 7066]
[7067 7134]
[7135 7170]
[7171 7264]
[7265 7315]
[7316 7380]
[7381 7430]
[7431 7474]
[7475 7544]
[7545 7637]
[7638 7695]
[7696 7760]
[7761 7831]
[7832 7877]
[7878 7934]
[7935 7986]
[7987 8037]
[8038 8079]
[8080 8163]
[8164 8249]
[8250 8353]
[8354 8478]
[8479 8711]
[8712 8964]
[8965 9313]
[9314 9342]
[9343 9364]
[9365 9407]
[9408 9459]
[9460 9495]
[9496 9526]
[9527 9736]
[9737 9805]
[9806 9844]
[9845 9910]
[9911 9980]
[ 9981 10038]
[10039 10083]
[10084 10240]
[10241 10281]
[10282 10319]
[10320 10349]
[10350 10399]
[10400 10469]
[10470 10531]
[10532 10588]
[10589 10629]
[10630 10674]
[10675 10736]
[10737 10777]
[10778 10826]
[10827 11185]
[11186 11294]
[11295 11437]
[11438 11504]
[11505 11629]
[11630 11690]
[11691 11729]
[11730 11936]
[11937 12030]
[12031 12323]
[12324 12433]
[12434 12499]
[12500 12737]
[12739 12797]
[12798 12864]
[12865 12897]
[12898 12942]
[12943 12977]
[12978 13055]
[13056 13113]
[13114 13156]
[13157 13253]
[13254 13752]
[13753 13918]
[13919 14048]
[14049 14087]
[14088 14119]
[14120 14164]
[14165 14263]
[14264 14289]
[14290 14358]
[14359 14392]
[14393 14452]
[14453 14539]
[14540 14601]
[14602 14662]
[14663 14720]
[14721 14762]
[14763 14879]
[14880 14904]
[14905 14962]
[14963 15018]
[15019 15181]
[15182 15231]
[15232 15292]
[15293 15483]
[15485 15628]
[15629 15753]
[15754 15878]
[15879 16028]
[16029 16125]
[16126 16208]
[16209 16320]
[16321 16380]
[16381 16452]
[16453 16500]
[16501 16611]
[16612 16658]
[16659 16726]
[16727 16740]
[16741 16765]
[16766 16784]
[16785 16823]
[16824 16859]
[16860 16900]
[16901 17197]
[17198 17259]
[17260 17288]
[17289 17386]
[17387 17423]
[17424 17448]
[17449 17475]
[17476 17521]
[17522 17564]
[17565 17605]
[17606 17631]
[17632 17660]
[17661 17728]
[17729 17831]
[17832 17918]
[17919 17990]
[17991 18095]
[18096 18287]
[18288 18342]
[18343 18406]
[18407 18444]
[18445 18506]
[18507 18543]
[18544 18591]
[18592 18658]
[18659 19094]
[19095 19158]
[19159 19220]
[19221 19306]
[19307 19376]
[19377 19437]
[19438 19511]
[19512 19553]
[19554 19592]
[19593 19712]
[19713 19786]
[19787 19886]
[19887 19931]
[19932 20007]
[20008 20066]
[20067 20094]
[20095 20149]
[20150 20186]
[20187 20249]
[20250 20306]
[20307 20378]
[20379 20458]
[20459 20788]
[20790 20791]
[20792 20905]
[20906 20990]
[20991 21089]
[21090 21159]
[21160 21214]
[21215 21249]
[21250 21361]
[21362 21425]
[21426 21524]
[21525 21630]
[21631 21702]
[21703 21827]
[21828 21925]
[21926 21994]
[21995 22063]
[22064 22409]
[22410 22470]
[22471 22555]
[22556 22653]
[22654 22784]
[22785 22920]
[22921 23035]
[23036 23159]
[23160 23300]
[23301 23436]
[23437 23533]
[23534 23643]
[23644 23975]
[23976 24051]
[24052 24107]
[24108 24172]
[24173 24213]
[24214 24260]
[24261 24292]
[24293 24331]
[24332 24382]
[24383 24407]
[24408 24544]
[24545 24588]
[24589 24630]
[24631 24675]
[24676 24745]
[24746 24796]
[24797 24857]
[24858 25265]
[25266 25372]
[25373 25426]
[25427 25590]
[25591 25653]
[25654 25726]
[25727 25865]
[25866 25909]
[25910 25972]
[25973 26009]
[26010 26049]
[26050 26085]
[26086 26141]
[26142 26200]
[26201 26234]
[26235 26308]
[26309 26356]
[26357 26418]
[26419 26462]
[26463 26546]
[26547 26986]
[26987 27032]
[27033 27098]
[27099 27162]
[27163 27232]
[27233 27296]
[27297 27366]
[27367 27425]
[27426 27492]
[27493 27547]
[27548 27645]
[27646 27701]
[27702 27747]
[27748 27775]
[27776 27819]
[27820 27854]
[27855 27894]
[27895 28211]
[28212 28263]
[28264 28348]
[28349 28426]
[28427 28582]
[28583 28716]
[28717 28756]
[28757 28796]
[28797 28871]
[28872 29021]
[29022 29137]
[29138 29592]
[29593 30215]
[30216 30275]
[30276 30325]
[30326 30380]
[30381 30767]
[30769 30845]
[30846 30933]
[30934 31033]
[31034 31144]
[31145 31229]
[31230 31314]
[31315 31363]
[31364 31449]
[31450 31537]
[31538 31604]
[31605 31689]
[31690 31777]
[31778 31828]
[31829 31924]
[31925 31976]
[31977 32021]
[32022 32399]
