[ 0 20]
[22 41]
[42 61]
[ 63 106]
[108 202]
[204 525]
[526 593]
[594 626]
[627 696]
[697 720]
[721 762]
[763 794]
[795 813]
[814 844]
[845 881]
[882 912]
[913 939]
[940 969]
[ 970 1000]
[1001 1035]
[1036 1057]
[1058 1088]
[1089 1174]
[1175 1657]
[1658 1713]
[1714 1813]
[1814 1857]
[1858 1900]
[1901 1923]
[1924 1930]
[1931 1953]
[1954 1972]
[1973 2286]
[2287 2317]
[2318 2350]
[2351 2370]
[2371 2414]
[2415 2462]
[2463 2513]
[2514 2545]
[2546 2561]
[2562 2620]
[2621 2640]
[2641 2664]
[2665 2686]
[2687 2721]
[2722 2758]
[2759 2819]
[2820 2890]
[2891 2958]
[2959 3023]
[3024 3084]
[3085 3117]
[3118 3489]
[3490 3534]
[3535 3625]
[3626 3651]
[3652 3802]
[3803 3850]
[3851 4080]
[4081 4116]
[4117 4170]
[4171 4275]
[4276 4378]
[4379 4478]
[4479 4555]
[4556 4605]
[4606 4618]
[4619 4668]
[4669 4711]
[4712 4739]
[4740 4767]
[4768 4798]
[4799 4814]
[4815 4843]
[4844 4913]
[4914 4965]
[4966 5026]
[5027 5072]
[5073 5567]
[5569 5618]
[5619 5676]
[5677 5709]
[5710 5759]
[5760 5806]
[5807 5891]
[5892 5915]
[5916 5975]
[5976 6048]
[6049 6083]
[6084 6132]
[6133 6205]
[6206 6252]
[6253 6295]
[6296 6315]
[6316 6364]
[6366 6428]
[6429 6470]
[6471 6511]
[6512 6545]
[6546 6605]
[6606 6678]
[6679 6741]
[6742 6765]
[6766 6798]
[6799 6860]
[6861 6917]
[6918 6961]
[6962 6997]
[6998 7082]
[7083 7369]
[7370 7554]
[7555 7737]
[7738 7924]
[7925 8013]
[8014 8080]
[8081 8130]
[8131 8240]
[8241 8302]
[8303 8381]
[8382 8462]
[8463 8538]
[8539 8585]
[8586 8666]
[8667 8699]
[8700 8741]
[8742 8781]
[8782 8840]
[8841 9163]
[9164 9289]
[9290 9405]
[9406 9522]
[9523 9637]
[9638 9750]
[9751 9824]
[9825 9988]
[ 9989 10065]
[10066 10139]
[10140 10230]
[10231 10310]
[10311 10400]
[10401 10514]
[10515 10571]
[10572 10652]
[10653 10721]
[10722 10798]
[10799 10881]
[10882 11233]
[11234 11287]
[11288 11380]
[11381 11409]
[11410 11440]
[11441 11470]
[11471 11505]
[11506 11525]
[11526 11608]
[11609 11699]
[11700 11746]
[11747 11822]
[11823 11854]
[11855 11904]
[11905 11945]
[11946 11994]
[11995 12033]
[12034 12100]
[12101 12241]
[12242 12302]
[12303 12339]
[12340 12380]
[12381 12421]
[12422 12486]
[12487 12531]
[12532 12573]
[12574 12684]
[12685 12989]
[12990 13106]
[13107 13183]
[13184 13234]
[13235 13352]
[13353 13463]
[13464 13598]
[13599 13737]
[13738 13873]
[13874 13977]
[13978 14473]
[14474 14604]
[14605 14695]
[14696 14910]
[14911 14996]
[14997 15083]
[15084 15169]
[15170 15245]
[15246 15317]
[15318 15390]
[15391 15482]
[15483 15558]
[15559 15629]
[15630 15702]
[15703 15738]
[15739 15818]
[15819 15902]
[15903 15965]
[15966 16349]
[16350 16425]
[16426 16489]
[16490 16576]
[16577 16652]
[16653 17345]
[17346 17484]
[17485 17739]
[17740 17861]
[17862 17951]
[17952 18083]
[18084 18245]
[18246 18395]
[18396 18427]
[18428 18537]
[18538 18609]
[18610 18676]
[18677 18723]
[18724 18788]
[18789 18841]
[18842 18898]
[18899 18919]
[18920 18937]
[18938 19044]
[19045 19136]
[19137 19240]
[19241 19312]
[19313 19463]
[19464 19626]
[19627 19677]
[19678 19726]
[19727 19856]
[19857 19940]
[19941 19992]
[19993 20023]
[20024 20166]
[20167 20202]
[20203 20260]
[20261 20498]
[20499 20554]
[20555 20634]
[20635 20683]
[20684 20709]
[20710 20736]
[20737 20770]
[20771 20787]
[20788 20810]
[20811 20835]
[20836 21071]
[21072 21227]
[21229 21328]
[21329 21377]
[21378 21427]
[21428 21485]
[21486 21669]
[21670 21733]
[21734 21790]
[21791 21881]
[21882 21929]
[21930 21980]
[21981 22038]
[22039 22093]
[22094 22169]
[22170 22228]
[22229 22308]
[22309 22454]
[22455 22522]
[22523 22586]
[22587 22651]
[22652 22761]
[22762 22841]
[22842 22887]
[22888 22941]
[22942 23006]
[23007 23051]
[23052 23091]
[23092 23125]
[23126 23198]
[23199 23948]
[23949 24157]
[24158 24244]
[24245 24369]
[24370 24494]
[24495 24625]
[24626 25140]
[25141 25240]
[25241 25343]
[25344 25443]
[25444 25569]
[25570 25674]
[25675 25769]
[25770 25857]
[25858 25983]
[25985 26089]
[26090 26191]
[26192 26204]
[26205 26654]
[26655 26727]
[26728 26785]
[26786 26868]
[26869 26909]
[26910 26930]
[26931 27023]
[27024 27065]
[27066 27100]
[27101 27123]
[27124 27172]
[27173 27191]
[27192 27210]
[27211 27227]
[27228 27287]
[27288 27324]
[27325 27366]
[27367 27396]
[27397 27455]
[27456 27560]
[27561 27591]
[27592 27626]
[27627 27656]
[27657 27678]
[27679 27709]
[27710 27737]
[27738 27772]
[27773 27781]
[27782 27815]
[27816 27844]
[27845 27881]
[27882 27908]
[27909 28017]
[28018 28069]
[28070 28111]
[28112 28171]
[28172 28210]
[28211 28276]
[28277 28609]
[28610 28694]
[28695 28774]
[28775 28848]
[28849 28922]
[28923 28999]
[29000 29072]
[29073 29146]
[29147 29215]
[29216 29282]
[29283 29346]
[29347 29420]
[29421 29493]
[29494 29549]
[29550 29637]
[29638 30077]
[30078 30115]
[30116 30132]
[30133 30152]
[30153 30179]
[30180 30216]
[30217 30241]
[30242 30269]
[30270 30329]
[30330 30398]
[30399 30417]
[30418 30435]
[30436 30450]
[30451 30480]
[30481 30523]
[30524 30543]
[30544 30564]
[30565 30616]
[30617 30654]
[30655 30680]
[30681 30700]
[30701 30709]
[30710 30780]
[30781 30813]
[30814 30862]
[30863 30926]
[30927 30971]
[30972 31012]
[31013 31049]
[31050 31066]
[31067 31130]
[31131 31641]
[31642 31775]
[31776 31901]
[31902 32109]
[32110 32257]
[32258 32394]
[32395 32594]
[32595 32732]
[32733 33148]
[33149 33267]
[33268 33371]
[33372 33480]
[33481 33635]
[33636 33749]
[33750 33833]
[33834 33934]
[33935 34413]
[34414 34499]
