[ 0 26]
[28 47]
[48 67]
[ 69 112]
[114 202]
[203 532]
[533 588]
[589 624]
[625 654]
[655 682]
[683 715]
[716 781]
[782 809]
[810 832]
[833 858]
[859 898]
[899 938]
[ 939 1021]
[1022 1457]
[1458 1484]
[1485 1518]
[1519 1582]
[1583 1636]
[1637 1670]
[1671 1733]
[1734 1794]
[1795 1852]
[1853 1919]
[1920 1946]
[1947 1985]
[1986 2021]
[2022 2068]
[2069 2089]
[2090 2164]
[2165 2201]
[2202 2241]
[2242 2326]
[2327 2355]
[2356 2420]
[2421 2489]
[2490 2531]
[2532 2569]
[2570 2657]
[2658 2694]
[2695 2749]
[2750 2771]
[2772 2797]
[2798 2848]
[2849 2886]
[2887 2932]
[2933 2983]
[2984 3013]
[3014 3507]
[3508 3561]
[3562 3729]
[3730 3810]
[3811 3877]
[3878 3904]
[3905 3963]
[3964 4024]
[4025 4097]
[4098 4172]
[4173 4345]
[4346 4379]
[4380 4461]
[4462 4498]
[4499 4553]
[4554 4620]
[4621 4695]
[4696 4760]
[4761 4812]
[4813 4875]
[4876 4957]
[4958 4995]
[4996 5039]
[5040 5062]
[5063 5105]
[5106 5505]
[5506 5568]
[5569 5604]
[5605 5783]
[5784 5981]
[5982 6035]
[6036 6152]
[6153 6268]
[6269 6359]
[6360 6405]
[6406 6514]
[6515 6559]
[6560 6617]
[6618 6766]
[6767 6834]
[6835 6884]
[6885 6920]
[6921 6951]
[6952 7010]
[7011 7100]
[7101 7815]
[7816 8117]
[8118 8317]
[8318 8386]
[8387 8445]
[8446 8517]
[8518 8568]
[8569 8630]
[8631 8678]
[8679 8745]
[8746 8804]
[8805 8897]
[8898 9021]
[9022 9051]
[9052 9110]
[9111 9182]
[9183 9233]
[9234 9269]
[9270 9308]
[9309 9748]
[9749 9823]
[9824 9872]
[9873 9891]
[9892 9928]
[9929 9961]
[ 9962 10027]
[10028 10147]
[10148 10207]
[10208 10299]
[10300 10357]
[10358 10384]
[10385 10481]
[10482 10556]
[10557 10609]
[10610 10691]
[10692 10757]
[10758 10787]
[10788 10824]
[10825 10887]
[10888 10911]
[10912 10967]
[10968 11073]
[11074 11133]
[11134 11191]
[11192 11239]
[11240 11294]
[11295 11338]
[11339 11383]
[11384 11426]
[11427 11474]
[11475 11523]
[11524 11613]
[11614 11650]
[11651 11724]
[11725 12108]
[12109 12156]
[12157 12195]
[12196 12262]
[12263 12286]
[12287 12363]
[12364 12405]
[12406 12474]
[12475 12538]
[12539 12561]
[12562 12619]
[12620 12667]
[12668 12714]
[12715 12766]
[12767 12854]
[12855 12896]
[12897 13004]
[13005 13083]
[13084 13157]
[13158 13273]
[13274 13368]
[13369 13443]
[13444 13783]
[13784 13933]
[13934 14018]
[14019 14058]
[14059 14181]
[14182 14281]
[14282 14381]
[14382 14480]
[14481 14549]
[14550 14624]
[14625 14658]
[14659 14709]
[14710 15132]
[15133 15252]
[15253 15349]
[15350 15434]
[15435 15494]
[15495 15541]
[15542 15610]
[15611 15675]
[15676 15747]
[15748 15850]
[15851 15912]
[15913 15973]
[15974 16084]
[16085 16166]
[16167 16230]
[16231 16289]
[16290 16361]
[16362 16486]
[16487 16570]
[16571 16835]
[16836 16919]
[16920 16989]
[16990 17099]
[17100 17249]
[17250 17447]
[17448 17562]
[17563 17679]
[17680 17749]
[17750 17811]
[17812 17882]
[17883 17926]
[17927 17971]
[17972 18062]
[18063 18111]
[18112 18158]
[18159 18201]
[18202 18238]
[18239 18313]
[18314 18652]
[18653 18755]
[18756 18824]
[18825 18845]
[18846 18850]
[18851 19236]
[19237 19290]
[19291 19302]
[19303 19407]
[19408 19534]
[19535 19731]
[19732 20062]
[20063 20119]
[20120 20157]
[20158 20202]
[20203 20251]
[20252 20317]
[20318 20379]
[20380 20428]
[20429 20707]
[20708 20817]
[20818 20883]
[20884 20972]
[20973 21150]
[21151 21637]
[21638 21681]
[21682 21737]
[21738 21794]
[21795 22095]
[22096 22158]
[22159 22232]
[22233 22269]
[22270 22340]
[22341 22394]
[22395 22696]
[22697 22996]
[22997 23047]
[23048 23108]
[23109 23170]
[23171 23547]
[23548 23623]
[23624 23676]
[23677 23721]
[23722 23752]
[23753 23816]
[23817 23851]
[23852 23922]
[23923 23981]
[23982 24038]
[24039 24144]
[24145 24194]
[24195 24258]
[24259 24330]
[24331 24362]
[24363 24451]
[24452 24494]
[24495 24538]
[24539 24603]
[24604 24676]
[24677 25114]
[25115 25154]
[25155 25257]
[25258 25327]
[25328 25387]
[25388 25437]
[25438 25516]
[25517 25657]
[25658 25717]
[25718 25807]
[25808 25871]
[25872 25957]
[25958 26003]
[26004 26087]
[26088 26127]
[26128 26213]
[26214 26287]
[26288 26390]
[26391 26574]
[26575 26639]
[26640 26785]
[26786 26847]
[26848 26886]
[26887 26972]
[26973 27020]
[27021 27098]
[27099 27134]
[27135 27289]
[27290 27423]
[27424 27493]
[27494 27551]
[27552 27602]
[27603 27643]
[27644 27757]
[27758 27813]
[27814 27991]
[27992 28081]
[28082 28147]
[28148 28191]
[28192 28433]
[28434 28518]
[28519 28786]
[28787 28983]
[28984 29042]
[29043 29080]
[29081 29238]
[29239 29274]
[29275 29315]
[29316 29358]
[29359 29521]
[29522 29638]
[29639 29721]
[29722 29793]
[29794 30164]
[30166 30249]
