[ 0 27]
[29 48]
[49 68]
[ 70 113]
[115 197]
[198 473]
[474 531]
[532 578]
[579 615]
[616 659]
[660 683]
[684 705]
[706 737]
[738 761]
[762 782]
[783 805]
[806 867]
[868 903]
[904 956]
[ 957 1677]
[1678 1756]
[1757 1783]
[1784 1825]
[1826 1881]
[1882 1924]
[1925 1992]
[1993 2096]
[2097 2125]
[2126 2157]
[2158 2187]
[2188 2225]
[2226 2307]
[2308 2370]
[2371 2442]
[2443 2499]
[2500 2574]
[2575 2601]
[2602 2653]
[2654 2910]
[2911 2957]
[2958 3089]
[3090 3161]
[3162 3214]
[3215 3528]
[3529 3608]
[3609 3628]
[3629 3685]
[3686 3732]
[3733 3756]
[3757 3815]
[3816 3885]
[3886 3958]
[3959 4087]
[4088 4215]
[4216 4282]
[4283 4334]
[4335 4406]
[4407 4464]
[4465 4513]
[4514 4573]
[4574 4642]
[4643 4800]
[4801 4876]
[4877 4967]
[4968 5017]
[5018 5113]
[5114 5141]
[5142 5769]
[5770 5879]
[5880 6016]
[6017 6103]
[6104 6221]
[6222 6287]
[6288 6359]
[6360 6467]
[6468 6513]
[6514 6616]
[6617 6665]
[6666 6764]
[6765 6866]
[6867 6952]
[6953 7021]
[7022 7122]
[7123 7242]
[7243 7317]
[7318 7362]
[7363 7403]
[7404 7976]
[7977 8064]
[8065 8135]
[8136 8210]
[8211 8297]
[8298 8388]
[8389 8423]
[8424 8489]
[8490 8511]
[8512 8539]
[8540 8571]
[8572 8602]
[8603 8917]
[8918 9199]
[9200 9298]
[9299 9330]
[9331 9393]
[9394 9496]
[9497 9571]
[9572 9672]
[9673 9814]
[9815 9917]
[9918 9967]
[ 9968 10009]
[10010 10124]
[10125 10186]
[10187 10343]
[10344 10378]
[10379 10486]
[10487 10660]
[10661 10715]
[10716 10753]
[10754 10913]
[10914 11095]
[11096 11146]
[11147 11199]
[11200 11252]
[11253 11311]
[11312 11346]
[11347 11380]
[11381 11432]
[11433 11461]
[11462 11491]
[11492 11530]
[11531 11558]
[11559 11596]
[11597 11637]
[11638 11668]
[11669 11744]
[11745 12132]
[12133 12214]
[12215 12261]
[12262 12312]
[12313 12360]
[12361 12395]
[12396 12425]
[12426 12467]
[12468 12516]
[12517 12749]
[12750 12793]
[12794 12818]
[12819 12870]
[12871 12923]
[12924 13008]
[13009 13156]
[13157 13184]
[13185 13237]
[13238 13309]
[13310 13362]
[13363 13401]
[13402 13460]
[13461 13503]
[13504 13582]
[13583 13620]
[13621 13954]
[13955 14073]
[14074 14148]
[14149 14220]
[14221 14279]
[14280 14355]
[14356 14409]
[14410 14472]
[14473 14535]
[14536 14593]
[14594 14635]
[14636 14680]
[14681 14747]
[14748 14824]
[14825 15113]
[15114 15172]
[15173 15223]
[15224 15275]
[15276 15376]
[15377 15402]
[15403 15461]
[15462 15545]
[15546 15589]
[15590 15637]
[15638 15684]
[15685 15732]
[15733 15779]
[15780 16210]
[16211 16371]
[16372 16462]
[16463 16562]
[16563 16739]
[16740 16885]
[16886 17166]
[17167 17270]
[17271 17333]
[17334 17423]
[17424 17493]
[17494 17656]
[17657 17891]
[17892 17951]
[17952 18050]
[18051 18089]
[18090 18132]
[18133 18179]
[18180 18280]
[18281 18327]
[18328 18367]
[18368 18401]
[18402 18465]
[18466 18514]
[18515 18567]
[18568 18631]
[18632 18721]
[18722 18770]
[18771 18795]
[18796 19028]
[19029 19090]
[19091 19163]
[19164 19207]
[19208 19265]
[19266 19316]
[19317 19341]
[19342 19426]
[19427 19467]
[19468 19507]
[19508 19550]
[19551 19595]
[19596 19644]
[19645 19683]
[19684 19716]
[19717 19763]
[19764 19821]
[19822 19871]
[19872 19910]
[19911 19943]
[19944 19998]
[19999 20065]
[20066 20113]
[20114 20139]
[20140 20161]
[20162 20544]
[20545 20664]
[20665 20713]
[20714 20840]
[20841 20936]
[20937 21011]
[21012 21042]
[21043 21158]
[21159 21178]
[21179 21301]
[21302 21374]
[21375 21485]
[21486 21798]
[21799 21887]
[21888 21964]
[21965 22051]
[22052 22134]
[22135 22275]
[22276 22374]
[22375 22460]
[22461 22553]
[22554 22653]
[22654 22760]
[22761 22842]
[22843 22925]
[22926 23002]
[23003 23068]
[23069 23410]
[23411 23573]
[23574 23739]
[23740 23857]
[23858 24110]
[24111 24227]
[24228 24352]
[24353 24477]
[24478 24588]
[24589 24675]
[24676 24765]
[24766 24923]
[24924 25041]
[25042 25142]
[25143 25229]
[25230 25299]
[25300 25403]
[25404 25454]
[25455 25558]
[25559 25613]
[25614 25646]
[25647 25980]
[25981 26072]
[26073 26165]
[26166 26244]
[26245 26284]
[26285 26339]
[26340 26434]
[26435 26461]
[26462 26557]
[26558 26626]
[26627 26687]
[26688 26849]
[26850 26970]
[26971 27014]
[27015 27194]
[27195 27326]
[27327 27400]
[27401 27654]
[27655 27734]
[27735 27826]
[27827 27873]
[27874 27922]
[27923 28338]
[28339 28429]
[28430 28553]
[28554 28622]
[28623 28643]
[28644 28792]
[28793 28927]
[28928 28984]
[28985 29112]
[29113 29195]
[29196 29330]
[29331 29381]
[29382 29477]
[29478 29561]
[29562 29693]
[29694 29729]
[29730 30057]
[30058 30099]
