[ 0 13]
[15 34]
[35 54]
[56 76]
[77 99]
[101 177]
[179 480]
[481 541]
[542 608]
[609 669]
[670 712]
[713 753]
[754 792]
[793 823]
[824 865]
[866 917]
[918 958]
[ 959 1003]
[1004 1124]
[1125 1751]
[1752 1810]
[1811 1852]
[1853 2074]
[2075 2100]
[2101 2194]
[2195 2333]
[2334 2450]
[2451 2491]
[2492 2533]
[2534 2594]
[2595 2691]
[2692 2699]
[2700 2720]
[2721 2834]
[2835 3062]
[3063 3131]
[3132 3485]
[3486 3687]
[3688 3763]
[3764 3882]
[3883 3957]
[3958 4024]
[4025 4105]
[4106 4189]
[4190 4271]
[4272 4360]
[4361 4403]
[4404 4456]
[4457 4521]
[4522 4612]
[4613 4802]
[4803 4887]
[4888 5028]
[5029 5282]
[5283 5534]
[5535 5572]
[5573 5673]
[5674 5758]
[5759 5896]
[5897 6253]
[6254 6334]
[6335 6404]
[6405 6469]
[6470 6523]
[6524 6629]
[6630 6661]
[6662 6754]
[6755 6814]
[6815 6944]
[6945 7407]
[7408 7494]
[7495 7560]
[7561 7639]
[7640 7715]
[7716 7787]
[7788 7848]
[7849 7934]
[7935 7955]
[7956 8035]
[8036 8122]
[8123 8191]
[8192 8279]
[8280 8324]
[8325 8388]
[8389 8490]
[8491 8556]
[8557 8616]
[8617 8691]
[8692 8772]
[8773 8850]
[8851 9421]
[9423 9526]
[9527 9602]
[9603 9658]
[9659 9724]
[9725 9790]
[9791 9840]
[9841 9866]
[9867 9882]
[9883 9948]
[ 9949 10005]
[10006 10040]
[10041 10056]
[10057 10093]
[10094 10120]
[10121 10155]
[10156 10196]
[10197 10233]
[10234 10311]
[10312 10360]
[10361 10415]
[10416 10437]
[10438 10484]
[10485 10531]
[10532 10595]
[10596 10646]
[10647 10717]
[10718 10766]
[10767 10809]
[10810 10885]
[10886 10985]
[10986 11068]
[11069 11175]
[11176 11460]
[11461 11509]
[11511 11556]
[11557 11629]
[11630 11661]
[11662 11727]
[11728 11773]
[11774 11821]
[11822 11864]
[11865 11878]
[11879 11934]
[11935 11983]
[11984 12071]
[12072 12135]
[12136 12154]
[12155 12221]
[12222 12278]
[12279 12362]
[12363 12411]
[12412 12452]
[12453 12533]
[12534 12581]
[12582 12653]
[12654 12732]
[12733 12798]
[12799 12834]
[12835 12869]
[12870 12911]
[12912 13251]
[13253 13603]
[13604 13702]
[13703 13774]
[13775 13834]
[13835 13941]
[13942 14118]
[14119 14169]
[14170 14215]
[14216 14310]
[14311 14707]
[14709 14814]
[14815 14874]
[14875 14927]
[14928 14978]
[14979 15071]
[15072 15169]
[15170 15352]
[15353 15409]
[15410 15458]
[15459 15582]
[15583 15662]
[15663 15714]
[15715 15839]
[15840 15879]
[15880 15997]
[15998 16128]
[16129 16193]
[16194 16452]
[16453 16639]
[16640 16940]
[16941 17133]
[17134 17374]
[17375 17563]
[17564 17735]
[17736 17961]
[17962 18132]
[18133 18172]
[18173 18266]
[18267 18574]
[18575 18785]
[18786 18924]
[18925 18950]
[18951 19001]
[19002 19045]
[19046 19087]
[19088 19120]
[19121 19165]
[19166 19301]
[19302 19483]
[19484 19861]
[19863 19933]
[19934 20043]
[20044 20114]
[20115 20177]
[20178 20215]
[20216 20305]
[20306 20352]
[20353 20407]
[20408 20438]
[20439 20507]
[20508 20618]
[20619 20691]
[20692 20721]
[20722 20752]
[20753 20848]
[20849 21148]
[21149 21181]
[21182 21329]
[21330 21511]
[21512 21599]
[21600 21723]
[21724 21883]
[21884 21977]
[21978 22217]
[22218 22493]
[22494 22547]
[22548 22817]
[22819 22893]
[22894 22952]
[22953 22990]
[22991 23042]
[23043 23161]
[23162 23199]
[23200 23248]
[23249 23305]
[23306 24035]
[24036 24130]
[24131 24201]
[24202 24493]
[24494 24554]
[24555 24598]
[24599 24625]
[24626 24725]
[24726 24780]
[24781 24882]
[24883 25024]
[25025 25114]
[25115 25186]
[25187 25248]
[25249 25349]
[25350 25404]
[25405 25468]
[25469 25684]
[25685 25926]
[25927 26035]
[26036 26160]
[26161 26335]
[26336 26546]
[26547 26611]
[26612 26743]
[26744 26801]
[26802 26865]
[26866 26971]
[26972 27052]
[27053 27082]
[27083 27117]
[27118 27629]
[27630 27724]
[27725 27809]
[27810 27891]
[27892 27954]
[27955 27979]
[27980 28504]
[28505 29366]
[29367 29754]
[29755 29849]
