[ 0 16]
[18 37]
[38 57]
[ 59 102]
[104 195]
[196 459]
[460 511]
[512 550]
[551 592]
[593 638]
[639 674]
[675 720]
[721 762]
[763 799]
[800 830]
[831 861]
[862 887]
[888 931]
[932 966]
[ 967 1002]
[1003 1084]
[1085 1855]
[1856 1923]
[1924 1962]
[1963 2004]
[2005 2074]
[2075 2217]
[2218 2312]
[2313 2518]
[2519 3008]
[3009 3166]
[3167 3222]
[3223 3279]
[3280 3720]
[3722 3804]
[3805 3920]
[3921 3969]
[3970 4022]
[4023 4066]
[4067 4132]
[4133 4298]
[4299 4316]
[4317 4464]
[4465 4521]
[4522 4639]
[4640 4729]
[4730 4917]
[4918 4957]
[4958 5010]
[5011 5037]
[5038 5074]
[5075 5269]
[5270 5618]
[5619 5791]
[5792 5867]
[5868 5930]
[5931 5997]
[5998 6232]
[6233 6354]
[6355 6439]
[6440 6525]
[6526 6554]
[6555 6608]
[6609 6701]
[6702 6769]
[6770 6852]
[6853 6922]
[6923 6993]
[6994 7321]
[7322 7556]
[7557 7630]
[7631 7678]
[7679 7737]
[7738 7802]
[7803 7853]
[7854 7896]
[7897 8082]
[8083 8152]
[8153 8203]
[8204 8242]
[8243 8286]
[8287 8333]
[8334 8401]
[8402 8438]
[8439 8499]
[8500 8610]
[8611 8741]
[8742 8788]
[8789 8833]
[8834 8885]
[8886 8920]
[8921 8956]
[8957 9032]
[9033 9361]
[9362 9712]
[9713 9856]
[9857 9994]
[ 9995 10080]
[10081 10304]
[10305 10500]
[10501 10583]
[10584 10702]
[10703 10756]
[10757 10792]
[10793 10825]
[10826 10854]
[10855 10895]
[10896 10936]
[10937 10973]
[10974 11004]
[11005 11053]
[11054 11096]
[11097 11198]
[11199 11531]
[11532 11616]
[11617 11663]
[11664 11797]
[11798 11876]
[11877 11905]
[11906 11932]
[11933 12031]
[12032 12192]
[12193 12252]
[12253 12324]
[12325 12411]
[12412 12499]
[12500 12570]
[12571 12645]
[12646 13026]
[13027 13137]
[13138 13212]
[13213 13248]
[13249 13303]
[13304 13457]
[13458 13504]
[13505 13606]
[13607 13658]
[13659 13711]
[13712 13788]
[13789 13829]
[13830 13880]
[13881 13972]
[13973 14022]
[14023 14081]
[14082 14114]
[14115 14191]
[14192 14255]
[14256 14337]
[14338 14377]
[14378 14665]
[14666 14771]
[14772 14886]
[14887 14992]
[14993 15073]
[15074 15195]
[15196 15314]
[15315 15585]
[15586 15664]
[15665 15746]
[15747 15829]
[15830 15900]
[15901 16167]
[16169 16211]
[16212 16259]
[16260 16315]
[16316 16358]
[16359 16409]
[16410 16437]
[16438 16492]
[16493 16548]
[16549 16595]
[16596 16735]
[16736 16766]
[16767 16807]
[16808 16846]
[16847 16888]
[16889 16933]
[16934 17084]
[17085 17168]
[17169 17254]
[17255 17475]
[17476 17707]
[17708 17778]
[17779 17814]
[17815 17882]
[17883 17965]
[17966 18065]
[18066 18161]
[18162 18309]
[18310 18421]
[18422 18487]
[18488 18719]
[18720 18794]
[18795 18854]
[18855 18916]
[18917 18972]
[18973 19029]
[19030 19086]
[19087 19233]
[19234 19312]
[19313 19465]
[19466 19522]
[19523 19577]
[19578 19635]
[19636 19692]
[19693 19745]
[19746 19799]
[19800 19857]
[19858 19913]
[19914 19975]
[19976 20014]
[20015 20056]
[20057 20093]
[20094 20136]
[20137 20161]
[20162 20198]
[20199 20236]
[20237 20268]
[20269 20351]
[20352 20698]
[20699 20800]
[20801 20855]
[20856 20904]
[20905 20960]
[20961 21009]
[21010 21053]
[21054 21079]
[21080 21130]
[21131 21183]
[21184 21227]
[21228 21294]
[21295 21359]
[21360 21451]
[21452 21549]
[21550 21652]
[21653 21675]
[21676 21915]
[21916 21997]
[21998 22047]
[22048 22102]
[22103 22458]
[22459 22529]
[22530 22611]
[22612 22678]
[22679 22816]
[22817 23174]
[23175 23290]
[23291 23415]
[23416 23473]
[23474 23561]
[23562 23640]
[23641 23732]
[23733 23827]
[23828 23917]
[23918 24016]
[24017 24071]
[24072 24151]
[24152 24197]
[24198 24578]
[24579 24643]
[24644 24702]
[24703 24778]
[24779 24823]
[24824 24873]
[24874 24908]
[24909 24983]
[24984 25048]
[25049 25095]
[25096 25140]
[25141 25206]
[25207 25239]
[25240 25289]
[25290 25357]
[25358 25399]
[25400 25433]
[25434 25467]
[25468 25517]
[25518 25555]
[25556 25850]
[25851 25970]
[25971 26022]
[26023 26096]
[26097 26177]
[26178 26232]
[26233 26323]
[26324 26410]
[26411 26482]
[26483 26545]
[26546 26647]
[26648 26702]
[26703 27013]
[27014 27103]
[27104 27184]
[27185 27289]
[27290 27348]
[27349 27441]
[27442 27509]
[27510 27556]
[27557 27665]
[27666 27732]
[27733 27838]
[27839 27915]
[27916 27971]
[27972 28114]
[28115 28311]
[28312 28360]
[28361 28411]
[28412 28533]
[28534 28553]
[28554 28634]
[28635 28706]
[28707 28774]
[28775 28838]
[28839 29042]
[29043 29112]
[29113 29191]
[29192 29262]
[29263 29332]
[29333 29352]
[29353 29404]
[29405 29476]
[29477 29571]
[29572 29655]
[29656 29734]
[29735 29831]
[29832 29858]
[29859 30037]
[30038 30130]
[30131 30169]
[30170 30211]
[30212 30248]
[30249 30317]
[30318 30425]
[30426 30465]
[30466 30523]
[30524 30618]
[30619 30655]
[30656 30778]
[30779 30881]
[30882 30957]
[30958 31026]
[31027 31103]
[31104 31156]
[31157 31255]
[31256 31323]
[31324 31912]
[31913 31999]
