[ 0 19]
[21 40]
[41 60]
[ 62 105]
[107 184]
[185 442]
[443 496]
[497 538]
[539 593]
[594 623]
[624 671]
[672 712]
[713 747]
[748 788]
[789 830]
[831 872]
[873 943]
[ 944 1533]
[1534 1621]
[1622 1676]
[1677 1731]
[1732 1767]
[1768 1835]
[1836 1907]
[1908 1986]
[1987 2041]
[2042 2088]
[2089 2452]
[2453 2484]
[2485 2538]
[2539 2572]
[2573 2607]
[2608 2647]
[2648 2683]
[2684 2715]
[2716 2759]
[2760 2877]
[2878 2970]
[2971 3061]
[3062 3155]
[3156 3215]
[3216 3260]
[3261 3308]
[3309 3363]
[3364 3424]
[3425 3489]
[3490 3548]
[3549 3601]
[3602 3665]
[3666 3721]
[3722 3770]
[3771 4098]
[4099 4169]
[4170 4213]
[4214 4269]
[4270 4450]
[4451 4534]
[4535 4576]
[4577 4647]
[4648 4696]
[4697 4753]
[4754 4787]
[4788 4856]
[4857 4947]
[4948 5160]
[5161 5207]
[5208 5285]
[5286 5380]
[5381 5459]
[5460 5543]
[5544 5869]
[5870 5906]
[5907 5949]
[5950 5986]
[5987 6040]
[6041 6074]
[6075 6105]
[6106 6155]
[6156 6164]
[6165 6603]
[6604 6718]
[6719 6790]
[6791 6857]
[6858 6919]
[6920 6942]
[6943 6971]
[6972 7101]
[7102 7207]
[7208 7241]
[7242 7287]
[7288 7348]
[7349 7547]
[7548 7602]
[7603 7626]
[7627 7668]
[7669 7701]
[7702 7729]
[7730 7780]
[7781 7827]
[7828 7874]
[7875 7914]
[7915 7972]
[7973 8006]
[8007 8066]
[8067 8088]
[8089 8155]
[8156 8562]
[8563 8705]
[8706 8827]
[8828 8937]
[8938 9014]
[9015 9141]
[9142 9256]
[9257 9570]
[9571 9637]
[9638 9768]
[9769 9809]
[9810 9852]
[9853 9935]
[9936 9988]
[ 9989 10056]
[10057 10136]
[10137 10240]
[10241 10321]
[10322 10497]
[10498 10523]
[10524 10544]
[10545 10859]
[10860 10943]
[10944 10989]
[10990 11040]
[11041 11074]
[11075 11108]
[11109 11148]
[11149 11294]
[11295 11347]
[11348 11407]
[11408 11475]
[11476 11557]
[11558 11621]
[11622 11735]
[11736 12151]
[12152 12193]
[12194 12308]
[12309 12536]
[12537 12596]
[12597 12646]
[12647 12717]
[12718 12771]
[12772 12833]
[12834 13431]
[13432 13723]
[13724 13840]
[13841 13941]
[13942 14008]
[14009 14084]
[14085 14201]
[14202 14289]
[14290 14460]
[14461 14524]
[14525 14616]
[14617 14710]
[14711 14797]
[14798 14930]
[14931 15100]
[15101 15580]
[15581 15701]
[15702 15824]
[15825 16047]
[16048 16134]
[16135 16215]
[16216 16247]
[16248 16309]
[16310 16384]
[16385 16544]
[16545 16921]
[16922 16997]
[16998 17075]
[17076 17122]
[17123 17264]
[17265 17295]
[17296 17360]
[17361 17404]
[17405 17458]
[17459 17516]
[17517 17580]
[17581 17696]
[17697 17732]
[17733 17785]
[17786 17801]
[17802 17869]
[17870 17985]
[17986 18019]
[18020 18116]
[18117 18157]
[18158 18182]
[18183 18228]
[18229 18257]
[18258 18347]
[18348 18686]
[18687 18920]
[18921 19063]
[19064 19311]
[19312 19506]
[19507 19670]
[19671 19992]
[19993 20068]
[20069 20183]
[20184 20328]
[20329 20375]
[20376 20426]
[20427 20475]
[20476 20514]
[20515 20573]
[20574 20641]
[20642 20744]
[20745 20803]
[20804 20879]
[20880 21029]
[21030 21131]
[21132 21264]
[21265 21356]
[21357 21390]
[21391 21441]
[21442 21481]
[21482 21519]
[21520 21569]
[21570 21599]
[21600 22009]
[22010 22078]
[22079 22131]
[22132 22190]
[22191 22317]
[22318 22355]
[22356 22407]
[22408 22470]
[22471 22516]
[22517 22565]
[22566 22633]
[22634 22808]
[22809 22837]
[22838 22894]
[22895 22946]
[22947 22991]
[22992 23039]
[23040 23097]
[23098 23148]
[23149 23240]
[23241 23715]
[23716 23804]
[23805 23851]
[23852 23922]
[23923 23987]
[23988 24076]
[24077 24166]
[24167 24284]
[24285 24372]
[24373 24437]
[24438 24513]
[24514 24578]
[24579 24648]
[24649 24705]
[24706 24761]
[24762 24823]
[24824 24895]
[24896 24947]
[24948 25024]
[25025 25072]
[25073 25116]
[25117 25149]
[25150 25514]
[25515 25631]
[25632 25756]
[25757 25881]
[25882 26131]
[26132 26256]
[26257 26381]
[26382 26506]
[26507 26612]
[26613 26653]
[26654 26885]
[26886 26951]
[26952 27030]
[27031 27087]
[27088 27162]
[27163 27243]
[27244 27301]
[27302 27339]
[27340 27497]
[27498 27586]
[27587 27666]
[27667 27745]
[27746 27793]
[27794 27840]
[27841 27889]
[27890 28277]
[28278 28579]
[28580 28848]
[28849 28932]
[28933 29057]
[29058 29155]
[29156 29411]
[29412 29499]
