[ 0 25]
[27 46]
[47 66]
[ 68 111]
[113 208]
[209 468]
[469 522]
[523 555]
[556 587]
[588 617]
[618 649]
[650 683]
[684 715]
[716 744]
[745 773]
[774 805]
[806 833]
[834 865]
[866 899]
[900 934]
[935 969]
[970 999]
[1000 1097]
[1098 1561]
[1562 1617]
[1618 1682]
[1683 1751]
[1752 1788]
[1789 1953]
[1954 2051]
[2052 2111]
[2112 2213]
[2214 2301]
[2302 2397]
[2398 2639]
[2640 2693]
[2694 2786]
[2787 2941]
[2942 2980]
[2981 3019]
[3020 3473]
[3474 3535]
[3536 3582]
[3583 3621]
[3622 3655]
[3656 3697]
[3698 3778]
[3779 3818]
[3819 3850]
[3851 3899]
[3900 3953]
[3954 4008]
[4009 4073]
[4074 4128]
[4129 4189]
[4190 4223]
[4224 4262]
[4263 4478]
[4479 4535]
[4536 4582]
[4583 4634]
[4635 4670]
[4671 4714]
[4715 4741]
[4742 4786]
[4787 4830]
[4831 4881]
[4882 5306]
[5307 5357]
[5358 5451]
[5452 5472]
[5473 5498]
[5499 5533]
[5534 5591]
[5592 5629]
[5630 5670]
[5671 5900]
[5901 5974]
[5975 6063]
[6064 6106]
[6107 6117]
[6118 6266]
[6267 6332]
[6333 6402]
[6403 6440]
[6441 6514]
[6515 6576]
[6577 6608]
[6609 6849]
[6850 6975]
[6977 7100]
[7102 7192]
[7193 7304]
[7305 7381]
[7382 7484]
[7485 7591]
[7592 7673]
[7675 7751]
[7752 7898]
[7899 7968]
[7969 8024]
[8025 8101]
[8102 8167]
[8168 8222]
[8223 8268]
[8269 8304]
[8305 8344]
[8345 8397]
[8398 8431]
[8432 8499]
[8500 8566]
[8567 8637]
[8638 8684]
[8685 8798]
[8799 8841]
[8842 8908]
[8909 8966]
[8967 9020]
[9021 9084]
[9085 9135]
[9136 9210]
[9211 9283]
[9284 9333]
[9334 9388]
[9389 9458]
[9459 9532]
[9533 9604]
[9605 9684]
[9685 9751]
[9752 9788]
[9789 9840]
[9841 9876]
[9877 9901]
[9902 9923]
[9924 9943]
[9944 9983]
[ 9984 10014]
[10015 10079]
[10080 10147]
[10148 10216]
[10217 10265]
[10266 10353]
[10354 10488]
[10489 10544]
[10545 10619]
[10620 10658]
[10659 10698]
[10699 10759]
[10760 10816]
[10817 10872]
[10873 10939]
[10940 10976]
[10977 11033]
[11034 11080]
[11081 11105]
[11106 11200]
[11201 11666]
[11667 11717]
[11718 11792]
[11793 11851]
[11852 11910]
[11911 11975]
[11976 12137]
[12138 12203]
[12204 12299]
[12300 12354]
[12355 12413]
[12414 12567]
[12568 12645]
[12646 12695]
[12696 12761]
[12762 12810]
[12811 12867]
[12868 12922]
[12923 12976]
[12977 13048]
[13049 13110]
[13111 13164]
[13165 13519]
[13520 13570]
[13571 13662]
[13663 13736]
[13737 13808]
[13809 13863]
[13864 13973]
[13974 14125]
[14126 14176]
[14177 14218]
[14219 14264]
[14265 14320]
[14321 14393]
[14394 14446]
[14447 14495]
[14496 14542]
[14543 14601]
[14602 14657]
[14658 14704]
[14705 14746]
[14747 14784]
[14785 14821]
[14822 14919]
[14920 14996]
[14997 15307]
[15308 15431]
[15432 15592]
[15593 15755]
[15756 15841]
[15842 16041]
[16042 16221]
[16222 16386]
[16387 16540]
[16541 16674]
[16675 16782]
[16783 17257]
[17258 17343]
[17344 17398]
[17399 17463]
[17464 17501]
[17502 17553]
[17554 17597]
[17598 17663]
[17664 17712]
[17713 17771]
[17772 17830]
[17831 17880]
[17881 17939]
[17940 18034]
[18035 18126]
[18127 18230]
[18231 18480]
[18481 18531]
[18532 18562]
[18563 18622]
[18623 18655]
[18656 18711]
[18712 18993]
[18994 19069]
[19070 19151]
[19152 19230]
[19231 19302]
[19303 19405]
[19406 19478]
[19479 19532]
[19533 19644]
[19645 19743]
[19744 19831]
[19832 19922]
[19923 20010]
[20011 20088]
[20089 20169]
[20170 20300]
[20301 20481]
[20482 20843]
[20844 20900]
[20901 21048]
[21049 21141]
[21142 21238]
[21239 21355]
[21356 21429]
[21430 21493]
[21494 21585]
[21586 21694]
[21695 21871]
[21872 22187]
[22188 22471]
[22472 22541]
[22542 22607]
[22608 22696]
[22697 22751]
[22752 22817]
[22818 22919]
[22920 22973]
[22974 23032]
[23033 23094]
[23095 23177]
[23178 23240]
[23241 23288]
[23289 23372]
[23373 23475]
[23476 23541]
[23542 23620]
[23621 23690]
[23691 24025]
[24026 24073]
[24074 24128]
[24129 24185]
[24186 24239]
[24240 24295]
[24296 24368]
[24369 24419]
[24420 24467]
[24468 24508]
[24509 24557]
[24558 24611]
[24612 24668]
[24669 24721]
[24722 24776]
[24777 24833]
[24834 24887]
[24888 24940]
[24941 24995]
[24996 25046]
[25047 25100]
[25101 25141]
[25142 25186]
[25187 25441]
[25442 25825]
[25826 26193]
[26194 26460]
[26461 26795]
[26796 26982]
[26983 27123]
[27124 27189]
[27190 27258]
[27259 27338]
[27339 27413]
[27414 27545]
[27546 27632]
[27633 27676]
[27677 27735]
[27736 27784]
[27785 27856]
[27857 27946]
[27947 27992]
[27993 28079]
[28080 28129]
[28130 28191]
[28192 28290]
[28291 28338]
[28339 28398]
[28399 28476]
[28477 28601]
[28602 28685]
[28686 28770]
[28771 28828]
[28829 28875]
[28876 28965]
[28966 29027]
[29028 29162]
[29163 29251]
[29252 29361]
[29362 29490]
[29491 29603]
[29604 29733]
[29734 29824]
[29825 30001]
[30002 30076]
[30077 30201]
[30202 30299]
[30300 30343]
[30344 30593]
[30594 31359]
[31360 31715]
[31716 31823]
[31824 31948]
[31949 32034]
[32035 32278]
[32279 32364]
[32365 32446]
[32447 32522]
[32523 32603]
[32604 32687]
[32688 32778]
[32779 32867]
[32868 32961]
[32962 33045]
[33046 33162]
[33163 33236]
[33237 33592]
[33593 33649]
