[ 0 24]
[26 45]
[46 65]
[ 67 111]
[112 204]
[205 543]
[544 600]
[601 627]
[628 654]
[655 678]
[679 702]
[703 727]
[728 761]
[762 793]
[794 822]
[823 851]
[852 892]
[893 920]
[921 950]
[951 976]
[ 977 1010]
[1011 1049]
[1050 1083]
[1084 1178]
[1179 1823]
[1824 1957]
[1958 2064]
[2065 2167]
[2168 2217]
[2218 2358]
[2359 2425]
[2426 2483]
[2484 2544]
[2545 2612]
[2613 2661]
[2662 2692]
[2693 2770]
[2771 2809]
[2810 2856]
[2857 2965]
[2966 3181]
[3182 3332]
[3333 3391]
[3392 3831]
[3832 3877]
[3878 3927]
[3928 3955]
[3956 3982]
[3983 4040]
[4041 4135]
[4136 4206]
[4207 4277]
[4278 4347]
[4348 4384]
[4385 4424]
[4425 4455]
[4456 4478]
[4479 4525]
[4526 4560]
[4561 4593]
[4594 4637]
[4638 4738]
[4739 4790]
[4791 4840]
[4841 5013]
[5014 5074]
[5075 5105]
[5106 5150]
[5151 5184]
[5185 5272]
[5273 5827]
[5828 5908]
[5909 5972]
[5973 6030]
[6031 6092]
[6093 6159]
[6160 6227]
[6228 6289]
[6290 6359]
[6360 6429]
[6430 6496]
[6497 6543]
[6544 6588]
[6589 6647]
[6648 6733]
[6734 6795]
[6796 6860]
[6861 6923]
[6924 6993]
[6994 7063]
[7064 7118]
[7119 7738]
[7739 7892]
[7894 7972]
[7973 8098]
[8099 8218]
[8219 8317]
[8318 8585]
[8586 8690]
[8691 8757]
[8758 8845]
[8846 8950]
[8951 9085]
[9086 9354]
[9355 9573]
[9574 9668]
[9669 9754]
[9755 9864]
[9865 9939]
[ 9940 10031]
[10032 10102]
[10103 10136]
[10137 10186]
[10187 10235]
[10236 10299]
[10300 10366]
[10367 10439]
[10440 10506]
[10507 10561]
[10562 10612]
[10613 10685]
[10686 10762]
[10763 10787]
[10788 10843]
[10844 10904]
[10905 11014]
[11015 11078]
[11079 11129]
[11130 11153]
[11154 11181]
[11182 11204]
[11205 11227]
[11228 11258]
[11259 11280]
[11281 11306]
[11307 11351]
[11352 11390]
[11391 11419]
[11420 11516]
[11517 11874]
[11875 11972]
[11973 12080]
[12081 12161]
[12162 12233]
[12234 12263]
[12264 12758]
[12759 12890]
[12891 12984]
[12985 13032]
[13033 13100]
[13101 13172]
[13173 13250]
[13251 13297]
[13298 13344]
[13345 13383]
[13384 13431]
[13432 13486]
[13487 13825]
[13826 13911]
[13912 13957]
[13958 14002]
[14003 14027]
[14028 14083]
[14084 14139]
[14140 14181]
[14182 14239]
[14240 14276]
[14277 14335]
[14336 14368]
[14369 14418]
[14419 14479]
[14480 14554]
[14555 14582]
[14583 14644]
[14645 14689]
[14690 14726]
[14727 14780]
[14781 14937]
[14938 15035]
[15036 15123]
[15124 15236]
[15237 15270]
[15271 15308]
[15309 15346]
[15347 15422]
[15423 15481]
[15482 15846]
[15847 15896]
[15897 15922]
[15923 15967]
[15968 16006]
[16007 16035]
[16036 16075]
[16076 16143]
[16144 16184]
[16185 16281]
[16282 16446]
[16447 16474]
[16475 16507]
[16508 16545]
[16546 16576]
[16577 16603]
[16604 16640]
[16641 16723]
[16724 17225]
[17226 17233]
[17234 17301]
[17302 17364]
[17365 17430]
[17431 17497]
[17498 17587]
[17588 17690]
[17691 17737]
[17738 17813]
[17814 17916]
[17917 18027]
[18028 18090]
[18091 18156]
[18157 18175]
[18176 18202]
[18203 18294]
[18295 18342]
[18343 18412]
[18413 18458]
[18459 18529]
[18530 18954]
[18955 19121]
[19122 19197]
[19198 19336]
[19337 19480]
[19481 19524]
[19525 19572]
[19573 19598]
[19599 19706]
[19707 19755]
[19756 19824]
[19825 19901]
[19902 19944]
[19945 20001]
[20002 20032]
[20033 20077]
[20078 20115]
[20116 20144]
[20145 20181]
[20182 20235]
[20236 20291]
[20292 20328]
[20329 20357]
[20358 20437]
[20438 20718]
[20719 21217]
[21219 21406]
[21408 21579]
[21580 21819]
[21820 21965]
[21966 22003]
[22004 22098]
[22099 22224]
[22225 22269]
[22270 22356]
[22357 22428]
[22429 22530]
[22531 22572]
[22573 22625]
[22626 22725]
[22726 22783]
[22784 22816]
[22817 22841]
[22842 23122]
[23123 23162]
[23163 23224]
[23225 23337]
[23338 23437]
[23438 23486]
[23487 23528]
[23529 23615]
[23616 23678]
[23679 23753]
[23754 23801]
[23802 23830]
[23831 23890]
[23891 23923]
[23924 24174]
[24175 24230]
[24231 24298]
[24299 24403]
[24404 24482]
[24483 24584]
[24585 24668]
[24669 24728]
[24729 24761]
[24762 25077]
[25078 25400]
[25401 25740]
[25742 25906]
[25907 26127]
[26128 26147]
[26148 26238]
[26239 26352]
[26354 26502]
[26503 26529]
[26531 26623]
[26624 26657]
[26658 26744]
[26745 26774]
[26775 26836]
[26837 27073]
[27074 27153]
[27154 27235]
[27236 27328]
[27329 27358]
[27359 27420]
[27421 27488]
[27489 27539]
[27540 27630]
[27631 27692]
[27693 27764]
[27765 27853]
[27854 27915]
[27916 28021]
[28022 28121]
[28122 28273]
[28274 28360]
[28361 28405]
[28406 28464]
[28465 28539]
[28540 28597]
[28598 28640]
[28641 28898]
[28899 28952]
[28953 29036]
[29037 29090]
[29091 29127]
[29128 29262]
[29263 29322]
[29323 29364]
[29365 29507]
[29508 29539]
[29540 29834]
[29835 29899]
