[ 0 27]
[29 48]
[49 68]
[ 70 113]
[115 217]
[218 485]
[486 538]
[539 574]
[575 604]
[605 632]
[633 665]
[666 701]
[702 731]
[732 759]
[760 789]
[790 822]
[823 853]
[854 884]
[885 910]
[911 966]
[ 967 1430]
[1431 1471]
[1472 1567]
[1568 1651]
[1652 1765]
[1766 1921]
[1922 1974]
[1975 2025]
[2026 2108]
[2109 2243]
[2244 2323]
[2324 2382]
[2383 2535]
[2536 2596]
[2597 2624]
[2625 2685]
[2686 2746]
[2747 2799]
[2800 2854]
[2855 2893]
[2894 3590]
[3591 3706]
[3707 3776]
[3777 3802]
[3803 3865]
[3866 3882]
[3883 3949]
[3950 4024]
[4025 4074]
[4075 4115]
[4116 4150]
[4151 4202]
[4203 4241]
[4242 4259]
[4260 4352]
[4353 4424]
[4425 4450]
[4451 4469]
[4470 4491]
[4492 4551]
[4552 4661]
[4662 4771]
[4772 4794]
[4795 4844]
[4845 4905]
[4906 4970]
[4971 5077]
[5078 5131]
[5132 5528]
[5529 5615]
[5616 5738]
[5739 5846]
[5847 5959]
[5960 6142]
[6143 6222]
[6223 6299]
[6300 6389]
[6390 6426]
[6427 6483]
[6484 6520]
[6521 6572]
[6573 6641]
[6642 6703]
[6704 6754]
[6755 6824]
[6825 7248]
[7249 7290]
[7291 7391]
[7392 7562]
[7563 7597]
[7598 7688]
[7689 7726]
[7727 7741]
[7742 7770]
[7771 7821]
[7822 7865]
[7866 7916]
[7917 7947]
[7948 7989]
[7990 8015]
[8016 8050]
[8051 8111]
[8112 8187]
[8188 8256]
[8257 8328]
[8329 8377]
[8378 8392]
[8393 8451]
[8452 8511]
[8512 8539]
[8540 8595]
[8596 8653]
[8654 8714]
[8715 8748]
[8749 8840]
[8841 9188]
[9189 9239]
[9240 9277]
[9278 9483]
[9484 9515]
[9516 9560]
[9561 9591]
[9592 9652]
[9653 9702]
[9703 9727]
[9728 9903]
[ 9904 10016]
[10017 10054]
[10055 10113]
[10114 10177]
[10178 10200]
[10201 10239]
[10240 10275]
[10276 10311]
[10312 10415]
[10416 10545]
[10546 10596]
[10597 10652]
[10653 10704]
[10705 10724]
[10725 10772]
[10773 10816]
[10817 10878]
[10879 10937]
[10938 10996]
[10997 11054]
[11055 11086]
[11087 11140]
[11141 11186]
[11187 11234]
[11235 11283]
[11284 11330]
[11331 11372]
[11373 11410]
[11411 11492]
[11493 12050]
[12051 12079]
[12080 12133]
[12134 12188]
[12189 12411]
[12412 12534]
[12535 12690]
[12691 12811]
[12812 12889]
[12890 12962]
[12963 13011]
[13012 13072]
[13073 13110]
[13111 13158]
[13159 13177]
[13178 13209]
[13210 13249]
[13250 13303]
[13304 13364]
[13365 13410]
[13411 13513]
[13514 13540]
[13541 13888]
[13889 14160]
[14161 14207]
[14208 14260]
[14261 14282]
[14283 14366]
[14367 14436]
[14437 14464]
[14465 14540]
[14541 14585]
[14586 14640]
[14641 14661]
[14662 14686]
[14687 14743]
[14744 14788]
[14789 14874]
[14875 15179]
[15180 15392]
[15393 15462]
[15463 15520]
[15521 15572]
[15573 15664]
[15665 15735]
[15736 15821]
[15822 15961]
[15962 16132]
[16133 16206]
[16207 16518]
[16519 17462]
[17463 17775]
[17776 18142]
[18143 18318]
[18319 18374]
[18375 18397]
[18398 18513]
[18514 18641]
[18642 18672]
[18673 18703]
[18704 18723]
[18724 18816]
[18817 18886]
[18887 18970]
[18971 19037]
[19038 19173]
[19174 19235]
[19236 19308]
[19309 19369]
[19370 19450]
[19451 19883]
[19884 19938]
[19939 20007]
[20008 20063]
[20064 20112]
[20113 20173]
[20174 20226]
[20227 20293]
[20294 20351]
[20352 20438]
[20439 20481]
[20482 20545]
[20546 20636]
[20637 20783]
[20784 20874]
[20875 21004]
[21005 21120]
[21121 21234]
[21235 21607]
[21608 21702]
[21703 21771]
[21772 21839]
[21840 21944]
[21945 21976]
[21977 22037]
[22038 22113]
[22114 22176]
[22177 22229]
[22230 22312]
[22313 22454]
[22455 22567]
[22568 22796]
[22797 22893]
[22894 23014]
[23015 23069]
[23070 23113]
[23114 23158]
[23159 23201]
[23202 23249]
[23250 23298]
[23299 23345]
[23346 23388]
[23389 23425]
[23426 23507]
[23508 23717]
[23718 23964]
[23965 24105]
[24106 24243]
[24244 24376]
[24377 24429]
[24430 24463]
[24464 24496]
[24497 24542]
[24543 24603]
[24604 24633]
[24634 24760]
[24761 25020]
[25021 25146]
[25147 25194]
[25195 25255]
[25256 25323]
[25324 25374]
[25375 25420]
[25421 25470]
[25471 25523]
[25524 25582]
[25583 25629]
[25630 25678]
[25679 25730]
[25731 25783]
[25784 25834]
[25835 25926]
[25927 25978]
[25979 26057]
[26058 26139]
[26140 26228]
[26229 26312]
[26313 26400]
[26401 26488]
[26489 26516]
[26517 26546]
[26547 26627]
[26628 26705]
[26706 26902]
[26903 26962]
[26963 27019]
[27020 27108]
[27109 27189]
[27190 27224]
[27225 27235]
[27236 27260]
[27261 27310]
[27311 27716]
[27717 27819]
[27820 27888]
[27889 27938]
[27939 27997]
[27998 28039]
[28040 28077]
[28078 28134]
[28135 28185]
[28186 28232]
[28233 28307]
[28308 28354]
[28355 28412]
[28413 28466]
[28467 28533]
[28534 28583]
[28584 28590]
[28591 28803]
[28804 28886]
[28887 28927]
[28928 28992]
[28993 29045]
[29046 29109]
[29110 29154]
[29155 29216]
[29217 29276]
[29277 29349]
[29350 29421]
[29422 29449]
[29450 29515]
[29516 29544]
[29545 29740]
[29741 29959]
[29960 30195]
[30196 30227]
[30228 30256]
[30257 30334]
[30335 30367]
[30368 30492]
[30493 30536]
[30537 30729]
[30730 30801]
[30802 30856]
[30857 30912]
[30913 31179]
[31180 31305]
[31306 31391]
[31392 31482]
[31483 31551]
[31552 31623]
[31624 31694]
[31695 31795]
[31796 31858]
[31859 31922]
[31923 32054]
[32055 32380]
[32381 32474]
[32475 32597]
[32598 32704]
[32705 32805]
[32806 32960]
[32961 33062]
[33063 33177]
[33178 33271]
[33272 33595]
[33596 33649]
