[ 0 28]
[30 49]
[50 69]
[ 71 114]
[116 228]
[229 534]
[535 587]
[588 615]
[616 639]
[640 665]
[666 690]
[691 714]
[715 743]
[744 771]
[772 792]
[793 813]
[814 838]
[839 876]
[877 905]
[906 934]
[935 963]
[ 964 1002]
[1003 1036]
[1037 1073]
[1074 1167]
[1168 1532]
[1533 1573]
[1574 1632]
[1633 1677]
[1678 1777]
[1778 1826]
[1827 1877]
[1878 1942]
[1943 1979]
[1980 2032]
[2033 2079]
[2080 2130]
[2131 2193]
[2194 2246]
[2247 2305]
[2306 2342]
[2343 2388]
[2389 2433]
[2434 2476]
[2477 2514]
[2515 2552]
[2553 2606]
[2607 2646]
[2647 2696]
[2697 2723]
[2724 2776]
[2777 2820]
[2821 2946]
[2947 3454]
[3455 3521]
[3522 3555]
[3556 3606]
[3607 3711]
[3712 3782]
[3783 3800]
[3801 3863]
[3864 3900]
[3901 3936]
[3937 3959]
[3960 4091]
[4092 4222]
[4223 4256]
[4257 4288]
[4289 4329]
[4330 4403]
[4404 4433]
[4434 4491]
[4492 4502]
[4503 4528]
[4529 4576]
[4577 4666]
[4667 4710]
[4711 4774]
[4775 4840]
[4841 4954]
[4955 4988]
[4989 5422]
[5423 5470]
[5471 5650]
[5651 5695]
[5696 5757]
[5758 5778]
[5779 5844]
[5845 5891]
[5892 5925]
[5926 5976]
[5977 6107]
[6108 6165]
[6166 6266]
[6267 6320]
[6321 6498]
[6499 6552]
[6553 6736]
[6737 6782]
[6783 7157]
[7158 7274]
[7275 7681]
[7682 7782]
[7783 7879]
[7880 7983]
[7984 8273]
[8274 8343]
[8344 8453]
[8454 8535]
[8536 8657]
[8658 8814]
[8815 8869]
[8870 8985]
[8986 9094]
[9095 9220]
[9221 9326]
[9327 9329]
[9330 9582]
[9583 9663]
[9664 9736]
[9738 9807]
[9808 9873]
[9874 9942]
[ 9943 10019]
[10020 10073]
[10074 10096]
[10097 10156]
[10157 10243]
[10244 10305]
[10306 10395]
[10396 10430]
[10431 10487]
[10488 10544]
[10545 10595]
[10596 10650]
[10651 10737]
[10738 10768]
[10769 10898]
[10899 10969]
[10971 11001]
[11002 11036]
[11037 11056]
[11057 11104]
[11105 11158]
[11159 11211]
[11212 11248]
[11249 11281]
[11282 11306]
[11307 11338]
[11339 11365]
[11366 11406]
[11407 11443]
[11444 11599]
[11600 11859]
[11860 11927]
[11928 12003]
[12004 12050]
[12051 12128]
[12129 12157]
[12158 12235]
[12236 12318]
[12319 12397]
[12398 12455]
[12456 12724]
[12725 12814]
[12815 12879]
[12880 12962]
[12963 13042]
[13043 13126]
[13127 13190]
[13191 13260]
[13261 13347]
[13348 13451]
[13452 13523]
[13524 13595]
[13596 14015]
[14016 14069]
[14070 14137]
[14138 14211]
[14212 14268]
[14269 14319]
[14320 14382]
[14383 14436]
[14437 14487]
[14488 14532]
[14533 14574]
[14575 14602]
[14603 14640]
[14641 14697]
[14698 14741]
[14742 14778]
[14779 14866]
[14867 15085]
[15086 15118]
[15119 15185]
[15186 15250]
[15251 15302]
[15303 15378]
[15379 15425]
[15426 15470]
[15471 15530]
[15531 15612]
[15613 15701]
[15702 15805]
[15806 15832]
[15833 15948]
[15949 16019]
[16020 16105]
[16106 16151]
[16152 16246]
[16247 16558]
[16559 16636]
[16637 16728]
[16729 16820]
[16821 16903]
[16904 17000]
[17001 17051]
[17052 17097]
[17098 17124]
[17125 17158]
[17159 17227]
[17228 17267]
[17268 17340]
[17341 17461]
[17462 17514]
[17515 17645]
[17646 18056]
[18057 18350]
[18351 18427]
[18428 18464]
[18465 18515]
[18516 18726]
[18727 18771]
[18772 18838]
[18839 18862]
[18863 18892]
[18893 19050]
[19051 19127]
[19128 19441]
[19442 19499]
[19500 19537]
[19538 19628]
[19629 19685]
[19686 19742]
[19743 19836]
[19837 19890]
[19891 19991]
[19992 20051]
[20052 20104]
[20105 20150]
[20151 20208]
[20209 20273]
[20274 20331]
[20332 20745]
[20746 20785]
[20786 20842]
[20843 20910]
[20911 20975]
[20976 21055]
[21056 21100]
[21101 21163]
[21164 21315]
[21316 21420]
[21421 21473]
[21474 21522]
[21523 21543]
[21544 21654]
[21655 21891]
[21892 21969]
[21970 22011]
[22012 22122]
[22123 22248]
[22249 22299]
[22300 22366]
[22367 22488]
[22489 22624]
[22625 22689]
[22690 22747]
[22748 22848]
[22849 22926]
[22927 23215]
[23216 23250]
[23251 23290]
[23291 23341]
[23342 23395]
[23396 23456]
[23457 23534]
[23535 23586]
[23587 23630]
[23631 23673]
[23674 23713]
[23714 23755]
[23756 24044]
[24045 24588]
[24589 24666]
[24667 24735]
[24736 24813]
[24814 24896]
[24897 25179]
[25180 25266]
[25267 25331]
[25332 25390]
[25391 25458]
[25459 25527]
[25528 25590]
[25591 25650]
[25651 25709]
[25710 25779]
[25780 25824]
[25825 25876]
[25877 25945]
[25946 26178]
[26179 26309]
[26310 26377]
[26378 26427]
[26428 26495]
[26496 26543]
[26544 26604]
[26605 26667]
[26668 26726]
[26727 26839]
[26840 26890]
[26891 26955]
[26956 26996]
[26997 27064]
[27065 27343]
[27344 27451]
[27452 27565]
[27566 27625]
[27626 27684]
[27685 27790]
[27791 27870]
[27871 27978]
[27979 28042]
[28043 28097]
[28098 28470]
[28471 28587]
[28588 28646]
[28647 28692]
[28693 28804]
[28805 28845]
[28846 28909]
[28910 28993]
[28994 29024]
[29025 29123]
[29124 29184]
[29185 29237]
[29238 29316]
[29317 29345]
[29346 29402]
[29403 29427]
[29428 29745]
[29746 29776]
[29778 29826]
[29827 29882]
[29883 29905]
[29906 29923]
[29924 29949]
[29950 30037]
[30038 30204]
[30205 30464]
[30466 30514]
[30515 30570]
[30571 30593]
[30594 30611]
[30612 30637]
[30638 30701]
[30702 30964]
[30965 31015]
[31016 31076]
[31077 31264]
[31265 31287]
[31288 31325]
[31326 31411]
[31412 31442]
[31443 31481]
[31482 31592]
[31593 31844]
[31845 31934]
[31935 32011]
[32012 32144]
[32145 32284]
[32285 32404]
[32405 32516]
[32517 32628]
[32629 32737]
[32738 32827]
[32828 33170]
[33171 33249]
