[ 0 31]
[33 52]
[53 72]
[ 74 117]
[119 193]
[194 507]
[508 541]
[542 566]
[567 597]
[598 634]
[635 664]
[665 694]
[695 727]
[728 758]
[759 791]
[792 822]
[823 855]
[856 883]
[884 927]
[928 962]
[963 996]
[ 997 1084]
[1085 1425]
[1426 1464]
[1465 1511]
[1512 1565]
[1566 1622]
[1623 1671]
[1672 1718]
[1719 1758]
[1759 1895]
[1896 2122]
[2123 2172]
[2173 2300]
[2301 2342]
[2343 2384]
[2385 2436]
[2437 2493]
[2494 2515]
[2516 2565]
[2566 2605]
[2606 2626]
[2627 2787]
[2788 2828]
[2829 2856]
[2857 2921]
[2922 2971]
[2972 3023]
[3024 3346]
[3347 3552]
[3553 3632]
[3633 3722]
[3723 3763]
[3764 3801]
[3802 3853]
[3854 3920]
[3921 3973]
[3974 4107]
[4108 4166]
[4167 4233]
[4234 4312]
[4313 4409]
[4410 4469]
[4470 4515]
[4516 4572]
[4573 4636]
[4637 4723]
[4724 4753]
[4754 4809]
[4810 5301]
[5302 5351]
[5352 5404]
[5405 5481]
[5482 5538]
[5539 5603]
[5604 5728]
[5729 5867]
[5868 5963]
[5964 6102]
[6103 6139]
[6140 6230]
[6231 6259]
[6260 6349]
[6350 6420]
[6421 6506]
[6508 6571]
[6572 6740]
[6741 7096]
[7098 7572]
[7573 7633]
[7634 7745]
[7746 7794]
[7795 7820]
[7821 7865]
[7866 7911]
[7912 7946]
[7947 7986]
[7987 8038]
[8039 8058]
[8059 8142]
[8143 8179]
[8180 8283]
[8284 8429]
[8430 8467]
[8468 8517]
[8518 8570]
[8571 8630]
[8631 8686]
[8687 8733]
[8734 8792]
[8793 8846]
[8847 8899]
[8900 8989]
[8990 9046]
[9047 9107]
[9108 9154]
[9155 9188]
[9189 9250]
[9251 9295]
[9296 9347]
[9348 9623]
[9624 9678]
[9679 9731]
[9732 9777]
[9778 9832]
[ 9833 10131]
[10132 10265]
[10266 10383]
[10384 10524]
[10525 10607]
[10608 10764]
[10765 10935]
[10936 11253]
[11254 11349]
[11350 11400]
[11401 11445]
[11446 11488]
[11489 11529]
[11530 11576]
[11577 11622]
[11623 11668]
[11669 11709]
[11710 11794]
[11795 12202]
[12203 12266]
[12267 12313]
[12314 12370]
[12371 12439]
[12440 12518]
[12519 12610]
[12611 12648]
[12649 12678]
[12679 12702]
[12703 12739]
[12740 12782]
[12783 12912]
[12913 13405]
[13406 13533]
[13534 13601]
[13602 13614]
[13615 13649]
[13650 13703]
[13704 13755]
[13756 13784]
[13785 13852]
[13853 13906]
[13907 14006]
[14007 14057]
[14058 14093]
[14094 14111]
[14112 14192]
[14193 14249]
[14250 14317]
[14318 14395]
[14396 14790]
[14791 14882]
[14883 14968]
[14969 15158]
[15159 15211]
[15212 15289]
[15290 15352]
[15353 15400]
[15401 15480]
[15481 15577]
[15578 15675]
[15676 15772]
[15773 15869]
[15870 15952]
[15953 16022]
[16023 16086]
[16087 16174]
[16175 16541]
[16542 16637]
[16638 16726]
[16727 16766]
[16767 16804]
[16805 16878]
[16879 16937]
[16938 17001]
[17002 17061]
[17062 17126]
[17127 17163]
[17164 17188]
[17189 17243]
[17244 17314]
[17315 17391]
[17392 17440]
[17441 17514]
[17515 17541]
[17542 17585]
[17586 17643]
[17644 17681]
[17682 17730]
[17731 17779]
[17780 17824]
[17825 18007]
[18008 18228]
[18229 18292]
[18293 18365]
[18366 18436]
[18437 18509]
[18510 18607]
[18608 18733]
[18734 18847]
[18848 18929]
[18930 19020]
[19021 19068]
[19069 19104]
[19105 19193]
[19194 19296]
[19297 19717]
[19718 19800]
[19801 19882]
[19883 20008]
[20009 20119]
[20120 20209]
[20210 20277]
[20278 20327]
[20328 20427]
[20428 20513]
[20514 20586]
[20587 20664]
[20665 20723]
[20724 20793]
[20794 20861]
[20862 20923]
[20924 21003]
[21004 21066]
[21067 21166]
[21167 21265]
[21266 21354]
[21355 21496]
[21497 21535]
[21536 21604]
[21605 21669]
[21670 21760]
[21761 21834]
[21835 21914]
[21915 21971]
[21972 22017]
[22018 22141]
[22142 22216]
[22217 22349]
[22350 22472]
[22473 22561]
[22562 22668]
[22669 22705]
[22706 22738]
[22739 22766]
[22767 22832]
[22833 22883]
[22884 22931]
[22932 22997]
[22998 23285]
[23286 23372]
[23373 23490]
[23491 23606]
[23607 23707]
[23708 23747]
[23748 23927]
[23928 24035]
[24036 24084]
[24085 24138]
[24139 24175]
[24176 24211]
[24212 24266]
[24267 24558]
[24559 24710]
[24711 24826]
[24827 25156]
[25157 25282]
[25283 25364]
[25365 25613]
[25614 26236]
[26237 26407]
[26408 26758]
[26759 26841]
[26842 26924]
[26925 26984]
[26985 27141]
[27142 27257]
[27258 27396]
[27397 27465]
[27466 27532]
[27533 27542]
[27543 27708]
[27709 27874]
[27875 27947]
[27948 28013]
[28014 28075]
[28076 28140]
[28141 28186]
[28187 28272]
[28273 28303]
[28304 28341]
[28342 28443]
[28444 28608]
[28609 28676]
[28677 28744]
[28745 29264]
[29265 29434]
[29435 29619]
[29620 29703]
[29704 29829]
[29831 29953]
[29954 30038]
[30039 30122]
[30123 30202]
[30203 30478]
[30479 30549]
