[ 0 19]
[21 40]
[41 60]
[ 62 105]
[107 188]
[190 554]
[555 613]
[614 649]
[650 679]
[680 707]
[708 740]
[741 766]
[767 796]
[797 820]
[821 834]
[835 861]
[862 864]
[865 901]
[902 932]
[933 959]
[960 985]
[ 986 1037]
[1038 1649]
[1650 1721]
[1722 1745]
[1746 1824]
[1825 1869]
[1870 1923]
[1924 1949]
[1950 2046]
[2047 2089]
[2090 2124]
[2125 2159]
[2160 2250]
[2251 2340]
[2341 2382]
[2383 2439]
[2440 2578]
[2579 2623]
[2624 2657]
[2658 2695]
[2696 2727]
[2728 2818]
[2819 2830]
[2831 2870]
[2871 2903]
[2904 2944]
[2945 2963]
[2964 3010]
[3011 3058]
[3059 3097]
[3098 3148]
[3149 3181]
[3182 3704]
[3705 3744]
[3745 3812]
[3813 3963]
[3964 3993]
[3994 4070]
[4071 4084]
[4085 4155]
[4156 4205]
[4206 4451]
[4452 4533]
[4534 4570]
[4571 4600]
[4601 4634]
[4635 4656]
[4657 4814]
[4815 4856]
[4857 4900]
[4901 4933]
[4934 4987]
[4988 5024]
[5025 5078]
[5079 5125]
[5126 5167]
[5168 5539]
[5540 5580]
[5581 5740]
[5741 5789]
[5790 5843]
[5844 5895]
[5896 5952]
[5953 6012]
[6013 6067]
[6068 6118]
[6119 6165]
[6166 6228]
[6229 6287]
[6288 6347]
[6348 6399]
[6400 6560]
[6561 6613]
[6614 6679]
[6680 7292]
[7293 7350]
[7351 7408]
[7409 7481]
[7482 7549]
[7550 7613]
[7614 7674]
[7675 7739]
[7740 7793]
[7794 7854]
[7855 7897]
[7898 7947]
[7948 7981]
[7982 8015]
[8016 8079]
[8080 8105]
[8106 8144]
[8145 8199]
[8200 8296]
[8297 8347]
[8348 8397]
[8398 8459]
[8460 8502]
[8503 8540]
[8541 8579]
[8580 8704]
[8705 8929]
[8930 9090]
[9091 9748]
[9749 9787]
[9788 9851]
[9852 9983]
[ 9984 10026]
[10027 10064]
[10065 10099]
[10100 10130]
[10131 10144]
[10145 10163]
[10164 10195]
[10196 10228]
[10229 10257]
[10258 10294]
[10295 10329]
[10330 10421]
[10422 10789]
[10790 10958]
[10959 11031]
[11032 11095]
[11096 11292]
[11293 11502]
[11503 11576]
[11577 11676]
[11677 11786]
[11787 11799]
[11800 12042]
[12043 12087]
[12088 12122]
[12123 12198]
[12199 12226]
[12227 12249]
[12250 12300]
[12301 12589]
[12590 12630]
[12631 12671]
[12672 12713]
[12714 12749]
[12750 12788]
[12789 12822]
[12823 12883]
[12884 12938]
[12939 12980]
[12981 13025]
[13026 13060]
[13061 13093]
[13094 13128]
[13129 13157]
[13158 13190]
[13191 13233]
[13234 13268]
[13269 13332]
[13333 13388]
[13389 13446]
[13447 13735]
[13736 13806]
[13807 13884]
[13885 13943]
[13944 14008]
[14009 14079]
[14080 14150]
[14151 14387]
[14388 14440]
[14441 14489]
[14490 14528]
[14529 14565]
[14566 14620]
[14621 14696]
[14697 15058]
[15059 15131]
[15132 15184]
[15185 15302]
[15303 15342]
[15343 15385]
[15386 15432]
[15433 15496]
[15497 15531]
[15532 15602]
[15603 15638]
[15639 15669]
[15670 15694]
[15695 15809]
[15810 15854]
[15855 15899]
[15900 15995]
[15996 16046]
[16047 16296]
[16297 16435]
[16436 16519]
[16520 16584]
[16585 16644]
[16645 16706]
[16707 16775]
[16776 16864]
[16865 16891]
[16892 16961]
[16962 17142]
[17143 17178]
[17179 17225]
[17226 17265]
[17266 17334]
[17335 17401]
[17402 17598]
[17599 17665]
[17666 17717]
[17718 17757]
[17758 17806]
[17807 17845]
[17846 17897]
[17898 18306]
[18307 18345]
[18346 18441]
[18442 18499]
[18500 18530]
[18531 18565]
[18566 18612]
[18613 18656]
[18657 18695]
[18696 18741]
[18742 18817]
[18818 18941]
[18942 18992]
[18993 19038]
[19039 19096]
[19097 19147]
[19148 19348]
[19349 19417]
[19418 19523]
[19524 19569]
[19570 19632]
[19633 19709]
[19710 19992]
[19993 20036]
[20037 20112]
[20113 20196]
[20197 20275]
[20276 20368]
[20369 20433]
[20434 20461]
[20462 20549]
[20550 20623]
[20624 20652]
[20653 20908]
[20909 20974]
[20975 21049]
[21050 21130]
[21131 21197]
[21198 21250]
[21251 21319]
[21320 21368]
[21369 21430]
[21431 21481]
[21482 21540]
[21541 21614]
[21615 21707]
[21708 21759]
[21760 21798]
[21799 21844]
[21845 21883]
[21884 22127]
[22128 22274]
[22275 22421]
[22422 22486]
[22487 22609]
[22610 22666]
[22667 22760]
[22761 22916]
[22917 23024]
[23025 23122]
[23123 23391]
[23392 23467]
[23468 23624]
[23625 23768]
[23769 23798]
[23799 23912]
[23913 24019]
[24020 24108]
[24109 24163]
[24164 24205]
[24206 24355]
[24356 24469]
[24470 24577]
[24578 24704]
[24705 24823]
[24824 24924]
[24925 25020]
[25021 25119]
[25120 25181]
[25182 25576]
[25577 26054]
[26055 26221]
[26222 26338]
[26339 26449]
[26450 26557]
[26558 26643]
[26644 26955]
[26956 27021]
[27022 27109]
[27110 27169]
[27170 27456]
[27457 27711]
[27712 27941]
[27942 27998]
[27999 28061]
[28062 28189]
[28190 28346]
[28347 28469]
[28470 28570]
[28571 28676]
[28677 28717]
[28718 28761]
[28762 28968]
[28969 29061]
[29062 29112]
[29113 29154]
[29155 29372]
[29373 29464]
[29465 29492]
[29493 29840]
[29841 29899]
