[ 0 31]
[33 52]
[53 72]
[ 74 117]
[119 191]
[193 643]
[644 705]
[706 741]
[742 767]
[768 771]
[772 799]
[800 832]
[833 858]
[859 888]
[889 892]
[893 911]
[912 934]
[935 953]
[954 996]
[ 997 1031]
[1032 1060]
[1061 1145]
[1146 1490]
[1491 1539]
[1540 1600]
[1601 1650]
[1651 1700]
[1701 1765]
[1766 1815]
[1816 1865]
[1866 1925]
[1926 1985]
[1986 2141]
[2142 2191]
[2192 2241]
[2242 2301]
[2302 2361]
[2362 2503]
[2504 2619]
[2620 2680]
[2681 2797]
[2798 2833]
[2834 2874]
[2875 3286]
[3287 3410]
[3411 3438]
[3439 3482]
[3483 3522]
[3523 3572]
[3573 3739]
[3740 3882]
[3883 3967]
[3968 4064]
[4065 4122]
[4123 4209]
[4210 4235]
[4236 4275]
[4276 4314]
[4315 4349]
[4350 4396]
[4397 4424]
[4425 4461]
[4462 4503]
[4504 4543]
[4544 4577]
[4578 4613]
[4614 4646]
[4647 4684]
[4685 4714]
[4715 4744]
[4745 4776]
[4777 4807]
[4808 5296]
[5297 5360]
[5361 5424]
[5425 5460]
[5461 5487]
[5488 5526]
[5527 5575]
[5576 5603]
[5604 5622]
[5623 5651]
[5652 5677]
[5678 5717]
[5718 5785]
[5786 5817]
[5818 5859]
[5860 5872]
[5873 5893]
[5894 5937]
[5938 5940]
[5941 6017]
[6018 6087]
[6088 6145]
[6146 6194]
[6195 6240]
[6241 6280]
[6281 6320]
[6321 6370]
[6371 6394]
[6395 6427]
[6428 6459]
[6460 6512]
[6513 6536]
[6537 6643]
[6644 6677]
[6678 6720]
[6721 6997]
[6998 7068]
[7069 7115]
[7116 7161]
[7162 7201]
[7202 7256]
[7257 7357]
[7358 7418]
[7419 7451]
[7452 7531]
[7532 7604]
[7605 7660]
[7661 7724]
[7725 7786]
[7787 7852]
[7853 7897]
[7898 7932]
[7933 8433]
[8434 8470]
[8471 8532]
[8533 8572]
[8573 8603]
[8604 8620]
[8621 8639]
[8640 8658]
[8659 8694]
[8695 8788]
[8789 8814]
[8815 8897]
[8898 8910]
[8911 8974]
[8975 9099]
[9100 9171]
[9172 9230]
[9231 9257]
[9258 9296]
[9297 9318]
[9319 9362]
[9363 9447]
[9448 9492]
[9493 9562]
[9563 9582]
[9583 9647]
[9648 9663]
[9664 9703]
[9704 9739]
[9740 9784]
[9785 9829]
[9830 9849]
[9850 9885]
[9886 9930]
[ 9931 10031]
[10032 10060]
[10061 10091]
[10092 10119]
[10120 10143]
[10144 10178]
[10179 10211]
[10212 10258]
[10259 10284]
[10285 10305]
[10306 10331]
[10332 10361]
[10362 10388]
[10389 10468]
[10469 10838]
[10839 10913]
[10914 11025]
[11026 11089]
[11090 11150]
[11151 11192]
[11193 11221]
[11222 11280]
[11281 11342]
[11343 11429]
[11430 11528]
[11529 11613]
[11614 11703]
[11704 11801]
[11802 11834]
[11835 11920]
[11921 11981]
[11982 12293]
[12294 12446]
[12447 12529]
[12530 12661]
[12662 12733]
[12734 12834]
[12835 12948]
[12949 13011]
[13012 13084]
[13085 13167]
[13168 13575]
[13576 13812]
[13813 13860]
[13861 14015]
[14016 14106]
[14107 14438]
[14439 14566]
[14567 14648]
[14649 14700]
[14701 14743]
[14744 14786]
[14787 14853]
[14854 15186]
[15187 15287]
[15288 15360]
[15361 15423]
[15424 15479]
[15480 15576]
[15577 15731]
[15732 15781]
[15782 15893]
[15894 15985]
[15986 16044]
[16045 16091]
[16092 16155]
[16156 16271]
[16272 16402]
[16403 16786]
[16787 16862]
[16863 16950]
[16951 17018]
[17019 17104]
[17105 17180]
[17181 17593]
[17594 17717]
[17718 17810]
[17811 17897]
[17898 17956]
[17957 18185]
[18186 18518]
[18519 18693]
[18694 18786]
[18787 18818]
[18819 18857]
[18858 18950]
[18951 18996]
[18997 19226]
[19227 19295]
[19296 19358]
[19359 19430]
[19431 19494]
[19495 19564]
[19565 19611]
[19612 19673]
[19674 19711]
[19712 19749]
[19750 19800]
[19801 20119]
[20120 20270]
[20271 20370]
[20371 20466]
[20467 20537]
[20538 20600]
[20601 20662]
[20663 20695]
[20696 20890]
[20891 20986]
[20987 21034]
[21035 21090]
[21091 21128]
[21129 21191]
[21192 21329]
[21330 21357]
[21358 21385]
[21386 21414]
[21415 21442]
[21443 21465]
[21466 21486]
[21487 21509]
[21510 21539]
[21540 21567]
[21568 21590]
[21591 21609]
[21610 21639]
[21640 21665]
[21666 21684]
[21685 21767]
[21768 22056]
[22057 22337]
[22338 22465]
[22466 22553]
[22554 22641]
[22642 22828]
[22829 22936]
[22937 22991]
[22992 23072]
[23073 23336]
[23337 23615]
[23616 23655]
[23656 23715]
[23716 24169]
[24170 24269]
[24270 24341]
[24342 24397]
[24398 24442]
[24443 24496]
[24497 24584]
[24585 24650]
[24651 24710]
[24711 24774]
[24775 24840]
[24841 24895]
[24896 24951]
[24952 25000]
[25001 25089]
[25090 25408]
[25409 25516]
[25517 25578]
[25579 25665]
[25666 25755]
[25756 25819]
[25820 25893]
[25894 26032]
[26033 26228]
[26229 26361]
[26362 26466]
[26467 26558]
[26559 26636]
[26637 26721]
[26722 26851]
[26852 26940]
[26941 27052]
[27053 27152]
[27153 27548]
[27549 27759]
[27760 27819]
[27820 27915]
[27916 27989]
[27990 28062]
[28063 28149]
[28150 28247]
[28248 28299]
[28300 28584]
[28585 28659]
[28660 28693]
[28694 28739]
[28740 28823]
[28824 28915]
[28916 28999]
[29000 29109]
[29110 29124]
[29125 29526]
[29527 29599]
