[ 0 30]
[32 51]
[52 71]
[ 73 116]
[118 221]
[222 623]
[624 659]
[660 689]
[690 717]
[718 750]
[751 786]
[787 816]
[817 844]
[845 874]
[875 907]
[908 938]
[939 969]
[970 998]
[ 999 1072]
[1073 1531]
[1532 1630]
[1631 1685]
[1686 1734]
[1735 1798]
[1799 1842]
[1843 1895]
[1896 1934]
[1935 2119]
[2120 2209]
[2210 2357]
[2358 2418]
[2419 2466]
[2467 2525]
[2526 2643]
[2644 2696]
[2697 2765]
[2766 2802]
[2803 2828]
[2829 2858]
[2859 2874]
[2875 2911]
[2912 2928]
[2929 2983]
[2984 3049]
[3050 3119]
[3120 3150]
[3151 3692]
[3693 3730]
[3731 3793]
[3794 3865]
[3866 3898]
[3899 3954]
[3955 4024]
[4025 4087]
[4088 4144]
[4145 4196]
[4197 4252]
[4253 4308]
[4309 4380]
[4381 4400]
[4401 4443]
[4444 4464]
[4465 4521]
[4522 4580]
[4581 4621]
[4622 4706]
[4707 4786]
[4787 4858]
[4859 4949]
[4950 5010]
[5011 5180]
[5181 5219]
[5220 5307]
[5308 5412]
[5413 5503]
[5504 5860]
[5861 5887]
[5888 5924]
[5925 5979]
[5980 6019]
[6020 6079]
[6080 6103]
[6104 6166]
[6167 6414]
[6415 6442]
[6443 6498]
[6499 6540]
[6541 6588]
[6589 6722]
[6723 6852]
[6853 6922]
[6923 6965]
[6966 7018]
[7019 7087]
[7088 7133]
[7134 7169]
[7170 7196]
[7197 7679]
[7680 7735]
[7736 7805]
[7806 7840]
[7841 7903]
[7904 7943]
[7944 8017]
[8018 8049]
[8050 8112]
[8113 8180]
[8181 8245]
[8246 8279]
[8280 8324]
[8325 8387]
[8388 8431]
[8432 8518]
[8519 8599]
[8600 8667]
[8668 8750]
[8751 8799]
[8800 8836]
[8837 8871]
[8872 8920]
[8921 8961]
[8962 8995]
[8996 9098]
[9099 9135]
[9136 9767]
[9768 9805]
[9806 9874]
[9875 9950]
[ 9951 10026]
[10027 10099]
[10100 10161]
[10162 10244]
[10245 10353]
[10354 10395]
[10396 10445]
[10446 10559]
[10560 10662]
[10663 10728]
[10729 10798]
[10799 10852]
[10853 10894]
[10895 10943]
[10944 10984]
[10985 11025]
[11026 11067]
[11068 11105]
[11106 11167]
[11168 11231]
[11232 11277]
[11278 11336]
[11337 11380]
[11381 11425]
[11426 11468]
[11469 11516]
[11517 11565]
[11566 11612]
[11613 11655]
[11656 11692]
[11693 11771]
[11772 12139]
[12140 12263]
[12264 12328]
[12329 12386]
[12387 12404]
[12405 12504]
[12505 12538]
[12539 12574]
[12575 12615]
[12616 12656]
[12657 12689]
[12690 12744]
[12745 12807]
[12808 12848]
[12849 12899]
[12900 13003]
[13004 13072]
[13073 13129]
[13130 13168]
[13169 13654]
[13655 13788]
[13789 13802]
[13803 13894]
[13895 13974]
[13975 14031]
[14032 14091]
[14092 14143]
[14144 14179]
[14180 14214]
[14215 14261]
[14262 14305]
[14306 14369]
[14370 14453]
[14454 14572]
[14573 15020]
[15021 15357]
[15358 15428]
[15429 15531]
[15532 15692]
[15693 15750]
[15751 15809]
[15810 15864]
[15865 15946]
[15947 16169]
[16170 16227]
[16228 16264]
[16265 16313]
[16314 16398]
[16399 16448]
[16449 16511]
[16512 16610]
[16611 16645]
[16646 16698]
[16699 16760]
[16761 16815]
[16816 16819]
[16820 16903]
[16904 17112]
[17113 17175]
[17176 17267]
[17268 17323]
[17324 17389]
[17390 17461]
[17462 17601]
[17602 17775]
[17776 17831]
[17832 17876]
[17877 17990]
[17991 18050]
[18051 18119]
[18120 18174]
[18175 18218]
[18219 18263]
[18264 18306]
[18307 18354]
[18355 18403]
[18404 18449]
[18450 18486]
[18487 18530]
[18531 18613]
[18614 18904]
[18905 19020]
[19021 19134]
[19135 19273]
[19274 19400]
[19401 19602]
[19603 19722]
[19723 19838]
[19839 19951]
[19952 19969]
[19970 20210]
[20211 20414]
[20415 20494]
[20495 20564]
[20565 20619]
[20620 20679]
[20680 20738]
[20739 20815]
[20816 20880]
[20881 21211]
[21212 21237]
[21238 21263]
[21264 21337]
[21338 21403]
[21404 21487]
[21488 21591]
[21592 21646]
[21647 21701]
[21702 21754]
[21755 21825]
[21826 21885]
[21886 21930]
[21931 22023]
[22024 22104]
[22105 22391]
[22392 22516]
[22517 22531]
[22532 22552]
[22553 22572]
[22573 22593]
[22594 22625]
[22626 22690]
[22691 22727]
[22728 22742]
[22743 22847]
[22848 22932]
[22933 23001]
[23002 23035]
[23036 23058]
[23059 23111]
[23112 23175]
[23176 23404]
[23405 23616]
[23617 23702]
[23703 23769]
[23770 23867]
[23868 24226]
[24227 24586]
[24587 24710]
[24711 24839]
[24840 25066]
[25067 25175]
[25176 25458]
[25459 25642]
[25643 25717]
[25718 25799]
[25800 25872]
[25873 25945]
[25946 26012]
[26013 26079]
[26080 26170]
[26171 26233]
[26234 26473]
[26474 26561]
[26562 26627]
[26628 26701]
[26702 26771]
[26772 26829]
[26830 26884]
[26885 26938]
[26939 26976]
[26977 27086]
[27087 27406]
[27407 28526]
[28527 28868]
[28869 28949]
