[ 0 25]
[27 46]
[47 66]
[ 68 111]
[113 207]
[208 470]
[471 527]
[528 563]
[564 581]
[582 593]
[594 621]
[622 654]
[655 688]
[689 719]
[720 748]
[749 775]
[776 831]
[ 832 1227]
[1228 1297]
[1298 1403]
[1404 1521]
[1522 1630]
[1631 1692]
[1693 1739]
[1740 1779]
[1780 2182]
[2183 2242]
[2243 2302]
[2303 2361]
[2362 2438]
[2439 2620]
[2621 2657]
[2658 2713]
[2714 2762]
[2763 2812]
[2813 2868]
[2869 2931]
[2932 2995]
[2996 3062]
[3063 3116]
[3117 3172]
[3173 3225]
[3226 3303]
[3304 3372]
[3373 3449]
[3450 3527]
[3528 3603]
[3604 4008]
[4009 4217]
[4219 4383]
[4385 4564]
[4565 4743]
[4745 4882]
[4883 5322]
[5323 5388]
[5389 5469]
[5470 5523]
[5524 5635]
[5636 5751]
[5752 5812]
[5813 5857]
[5858 5924]
[5925 6014]
[6015 6050]
[6051 6446]
[6447 6520]
[6521 6575]
[6576 6700]
[6701 6774]
[6775 6819]
[6820 6866]
[6867 6960]
[6961 7017]
[7018 7079]
[7080 7164]
[7165 7216]
[7217 7267]
[7268 7347]
[7348 7466]
[7467 7550]
[7551 7640]
[7641 7803]
[7804 7888]
[7889 7953]
[7954 8017]
[8018 8062]
[8063 8427]
[8428 8473]
[8474 8495]
[8496 8533]
[8534 8576]
[8577 8616]
[8617 8640]
[8641 8677]
[8678 8722]
[8723 8743]
[8744 8804]
[8805 8900]
[8901 9398]
[9399 9440]
[9441 9506]
[9507 9561]
[9562 9622]
[9623 9767]
[9768 9882]
[9883 9952]
[ 9953 10014]
[10015 10069]
[10070 10132]
[10133 10243]
[10244 10283]
[10284 10375]
[10376 10443]
[10444 10504]
[10505 10558]
[10559 10622]
[10623 10686]
[10687 10742]
[10743 10801]
[10802 10857]
[10858 11199]
[11200 11250]
[11251 11396]
[11397 11469]
[11470 11505]
[11506 11562]
[11563 11604]
[11605 11682]
[11683 11735]
[11736 11807]
[11808 11834]
[11835 11879]
[11880 11926]
[11927 11982]
[11983 12042]
[12043 12073]
[12074 12126]
[12127 12248]
[12249 12415]
[12416 12482]
[12483 12498]
[12499 12546]
[12547 12626]
[12627 12673]
[12674 12729]
[12730 12788]
[12789 12839]
[12840 12886]
[12887 12927]
[12928 12968]
[12969 13033]
[13034 13078]
[13079 13134]
[13135 13229]
[13230 13593]
[13594 13668]
[13669 13739]
[13740 13793]
[13794 13930]
[13931 14062]
[14063 14119]
[14120 14175]
[14176 14219]
[14220 14286]
[14287 14376]
[14377 14408]
[14409 14451]
[14452 14489]
[14490 14854]
[14855 14955]
[14956 15026]
[15027 15111]
[15112 15398]
[15399 15493]
[15494 15621]
[15622 15713]
[15714 15821]
[15822 15931]
[15932 16052]
[16053 16457]
[16458 16542]
[16543 16605]
[16606 16664]
[16665 16760]
[16761 16830]
[16831 16896]
[16897 16944]
[16945 16992]
[16993 17044]
[17045 17094]
[17095 17136]
[17137 17184]
[17185 17242]
[17243 17298]
[17299 17343]
[17344 17383]
[17384 17470]
[17471 17556]
[17557 17626]
[17627 17704]
[17705 18019]
[18020 18129]
[18130 18343]
[18344 18478]
[18479 18579]
[18581 18957]
[18958 19050]
[19051 19109]
[19110 19149]
[19150 19186]
[19187 19281]
[19282 19351]
[19352 19424]
[19425 19501]
[19502 19603]
[19604 19651]
[19652 19694]
[19695 19729]
[19730 19787]
[19788 19829]
[19830 19939]
[19940 19986]
[19987 20130]
[20131 20170]
[20171 20223]
[20224 20263]
[20264 20331]
[20332 20633]
[20634 20692]
[20693 20778]
[20779 20849]
[20850 20892]
[20893 20938]
[20939 21002]
[21003 21085]
[21086 21140]
[21141 21205]
[21206 21275]
[21276 21335]
[21336 21400]
[21401 21481]
[21482 21554]
[21555 21594]
[21595 21660]
[21661 21812]
[21813 21958]
[21959 22090]
[22091 22214]
[22215 22460]
[22461 22675]
[22676 22781]
[22782 22856]
[22857 22924]
[22925 22996]
[22997 23056]
[23057 23209]
[23210 23295]
[23296 23419]
[23420 23488]
[23489 23552]
[23553 23635]
[23636 23666]
[23667 23732]
[23733 23768]
[23769 23792]
[23793 23816]
[23817 23860]
[23861 23898]
[23899 24000]
[24001 24282]
[24283 24454]
[24455 24522]
[24523 24837]
[24838 24928]
[24929 25270]
[25271 25343]
[25344 25387]
[25388 25442]
[25443 25508]
[25509 25533]
[25534 25589]
[25590 25659]
[25660 25704]
[25705 25783]
[25784 25863]
[25864 25930]
[25931 25977]
[25978 26031]
[26032 26090]
[26091 26126]
[26127 26463]
[26464 26563]
[26564 26690]
[26691 26781]
[26782 26849]
[26850 26951]
[26952 27017]
[27018 27142]
[27143 27197]
[27198 27234]
[27235 27277]
[27278 27324]
[27325 27760]
[27761 27878]
[27879 27933]
[27934 27991]
[27992 28053]
[28054 28130]
[28131 28191]
[28192 28248]
[28249 28312]
[28313 28365]
[28366 28410]
[28411 28467]
[28468 28514]
[28515 28561]
[28562 28600]
[28601 28642]
[28643 28948]
[28949 29195]
[29196 29427]
[29428 29676]
[29677 29765]
[29766 29832]
[29833 29912]
[29913 29991]
[29992 30073]
[30074 30151]
[30152 30227]
[30228 30278]
[30279 30339]
[30340 30394]
[30395 30430]
[30431 30785]
[30786 30849]
