[ 0 29]
[31 50]
[51 70]
[ 72 115]
[117 218]
[219 490]
[491 547]
[548 583]
[584 613]
[614 641]
[642 669]
[670 691]
[692 722]
[723 753]
[754 783]
[784 819]
[820 854]
[855 887]
[888 995]
[ 996 1645]
[1646 1736]
[1737 1799]
[1800 1835]
[1836 1898]
[1899 1952]
[1953 2007]
[2008 2094]
[2095 2135]
[2136 2189]
[2190 2253]
[2254 2301]
[2302 2607]
[2608 2645]
[2646 2729]
[2730 2767]
[2768 2803]
[2804 2847]
[2848 2902]
[2903 3499]
[3500 3553]
[3554 3684]
[3685 3869]
[3870 3949]
[3950 4027]
[4028 4063]
[4064 4101]
[4102 4415]
[4416 4464]
[4465 4523]
[4524 4580]
[4581 4645]
[4646 4723]
[4724 4902]
[4903 4984]
[4985 5432]
[5433 5602]
[5603 5638]
[5639 5682]
[5683 5729]
[5730 5755]
[5756 5796]
[5797 5837]
[5838 5895]
[5896 5940]
[5941 6053]
[6054 6267]
[6268 6358]
[6359 6626]
[6627 6689]
[6690 6739]
[6740 6788]
[6789 6835]
[6836 6882]
[6883 6937]
[6938 7277]
[7278 7314]
[7315 7411]
[7412 7482]
[7483 7527]
[7528 7582]
[7583 7657]
[7658 7722]
[7723 7792]
[7793 7836]
[7837 7886]
[7887 7925]
[7926 7969]
[7970 8019]
[8020 8061]
[8062 8102]
[8103 8154]
[8155 8185]
[8186 8222]
[8223 8291]
[8292 8360]
[8361 8421]
[8422 8479]
[8480 8893]
[8894 9000]
[9001 9145]
[9146 9266]
[9267 9368]
[9369 9655]
[9656 9729]
[9730 9793]
[9794 9906]
[9907 9996]
[ 9997 10054]
[10055 10099]
[10100 10452]
[10453 10527]
[10528 10599]
[10600 10676]
[10677 10752]
[10753 10802]
[10803 10874]
[10875 10929]
[10930 10976]
[10977 11055]
[11056 11088]
[11089 11123]
[11124 11167]
[11168 11213]
[11214 11352]
[11353 11401]
[11402 11430]
[11431 11495]
[11496 11557]
[11558 11836]
[11837 11904]
[11905 11954]
[11955 12009]
[12010 12071]
[12072 12153]
[12154 12218]
[12219 12412]
[12413 12472]
[12473 12543]
[12544 12617]
[12618 12688]
[12689 13058]
[13059 13139]
[13140 13215]
[13216 13274]
[13275 13312]
[13313 13444]
[13445 13508]
[13509 13554]
[13555 13616]
[13617 13646]
[13647 13715]
[13716 13846]
[13847 14009]
[14010 14074]
[14075 14163]
[14164 14254]
[14255 14303]
[14304 14350]
[14351 14393]
[14394 14429]
[14430 14510]
[14511 14890]
[14891 14941]
[14942 15052]
[15053 15177]
[15178 15272]
[15273 15390]
[15391 15443]
[15444 15514]
[15515 15612]
[15613 15717]
[15718 15794]
[15795 15948]
[15949 16004]
[16005 16154]
[16155 16211]
[16212 16440]
[16441 16481]
[16482 16559]
[16560 16608]
[16609 16658]
[16659 16758]
[16759 16884]
[16885 17017]
[17018 17329]
[17330 17456]
[17457 17540]
[17541 17626]
[17627 17780]
[17781 17879]
[17880 18008]
[18009 18133]
[18134 18270]
[18271 18325]
[18326 18364]
[18365 18773]
[18774 18913]
[18914 18996]
[18997 19185]
[19186 19462]
[19463 19550]
[19551 19777]
[19778 19914]
[19915 20260]
[20261 20350]
[20351 20394]
[20395 20436]
[20437 20469]
[20470 20844]
[20845 20930]
[20931 21013]
[21014 21100]
[21101 21524]
[21525 21590]
[21591 21682]
[21683 21972]
[21973 22053]
[22054 22114]
[22115 22167]
[22168 22213]
[22214 22306]
[22307 22355]
[22356 22426]
[22427 22483]
[22484 22532]
[22533 22582]
[22583 22647]
[22648 22686]
[22687 22742]
[22743 22804]
[22805 22842]
[22843 22901]
[22902 22945]
[22946 23046]
[23047 23083]
[23084 23132]
[23133 23238]
[23239 23280]
[23281 23327]
[23328 23370]
[23371 23413]
[23414 23480]
[23481 23571]
[23572 23773]
[23774 23815]
[23816 23868]
[23869 23915]
[23916 23968]
[23969 24170]
[24171 24213]
[24214 24257]
[24258 24316]
[24317 24389]
[24390 24566]
[24567 24708]
[24709 24939]
[24940 25020]
[25021 25127]
[25128 25157]
[25158 25187]
[25188 25238]
[25239 25298]
[25299 25350]
[25351 25429]
[25430 25527]
[25528 25602]
[25603 25804]
[25805 25837]
[25838 25922]
[25923 26241]
[26242 26350]
[26351 26432]
[26433 26526]
[26527 26588]
[26589 26706]
[26707 26802]
[26803 26882]
[26883 26932]
[26933 27011]
[27012 27300]
[27301 27406]
[27407 27749]
