[ 0 15]
[ 16 274]
[275 327]
[328 363]
[364 398]
[399 454]
[455 490]
[491 523]
[524 550]
[551 578]
[579 620]
[621 670]
[671 703]
[704 903]
[ 904 1644]
[1645 1792]
[1793 1883]
[1884 1936]
[1937 1965]
[1966 2003]
[2004 2039]
[2040 2108]
[2109 2215]
[2216 2256]
[2257 2302]
[2303 2349]
[2350 2569]
[2570 2694]
[2695 2829]
[2830 2876]
[2877 2953]
[2954 2997]
[2998 3017]
[3018 3066]
[3067 3515]
[3516 3584]
[3585 3640]
[3641 3703]
[3704 3810]
[3811 3873]
[3874 3946]
[3947 4011]
[4012 4081]
[4082 4159]
[4160 4246]
[4247 4328]
[4329 4426]
[4427 4508]
[4509 4580]
[4581 4648]
[4649 4687]
[4688 5030]
[5031 5087]
[5088 5154]
[5155 5237]
[5238 5295]
[5296 5385]
[5386 5512]
[5513 5598]
[5599 5671]
[5672 5762]
[5763 5839]
[5840 5937]
[5938 6069]
[6070 6157]
[6158 6259]
[6260 6359]
[6360 6428]
[6429 6974]
[6975 7024]
[7025 7070]
[7071 7127]
[7128 7208]
[7209 7301]
[7302 7349]
[7350 7406]
[7407 7466]
[7467 7578]
[7579 7640]
[7641 7707]
[7708 7771]
[7772 7839]
[7840 7892]
[7893 8088]
[8089 8180]
[8181 8232]
[8233 8289]
[8290 8346]
[8347 8411]
[8412 8509]
[8510 8729]
[8730 8979]
[8980 9031]
[9032 9120]
[9121 9179]
[9180 9317]
[9318 9370]
[9371 9498]
[9499 9558]
[9559 9642]
[9643 9675]
[9676 9750]
[9751 9808]
[9809 9873]
[9874 9945]
[ 9946 10019]
[10020 10084]
[10085 10148]
[10149 10212]
[10213 10282]
[10283 10372]
[10373 10398]
[10399 10430]
[10431 10462]
[10463 10507]
[10508 10562]
[10563 10613]
[10614 10648]
[10649 10742]
[10743 10800]
[10801 10838]
[10839 10878]
[10879 10912]
[10913 11001]
[11002 11304]
[11305 11361]
[11362 11520]
[11521 11645]
[11646 11793]
[11794 11866]
[11867 12030]
[12031 12160]
[12161 12293]
[12294 12352]
[12353 12651]
[12652 12738]
[12739 12809]
[12810 12910]
[12911 12976]
[12977 13061]
[13062 13112]
[13113 13342]
[13343 13442]
[13443 13735]
[13736 13795]
[13796 13878]
[13879 13960]
[13961 14035]
[14036 14122]
[14123 14260]
[14261 14320]
[14321 14376]
[14377 14409]
[14410 14452]
[14453 14490]
[14491 14557]
[14558 14632]
[14633 14879]
[14880 14945]
[14946 15024]
[15025 15052]
[15053 15258]
[15259 15382]
[15383 15529]
[15530 15702]
[15703 15981]
[15982 16051]
[16052 16116]
[16117 16187]
[16188 16259]
[16260 16330]
[16331 16399]
[16400 16530]
[16531 16648]
[16649 16695]
[16696 16977]
[16978 17101]
[17102 17185]
[17186 17276]
[17277 17360]
[17361 17455]
[17456 17548]
[17549 17647]
[17648 17831]
[17832 17949]
[17950 18024]
[18025 18061]
[18062 18100]
[18101 18236]
[18237 18294]
[18295 18751]
[18752 18934]
[18935 19193]
[19194 19346]
[19347 19434]
[19435 19511]
[19512 19605]
[19606 19661]
[19662 19728]
[19730 19866]
[19867 19918]
[19919 19959]
[19961 19987]
[19988 20250]
[20251 20474]
[20475 20512]
[20513 20724]
[20725 21011]
[21012 21309]
[21310 21446]
[21447 21515]
[21516 21624]
[21625 21834]
[21835 21900]
[21901 22031]
[22032 22113]
[22114 22341]
[22342 22434]
[22435 22486]
[22487 22580]
[22581 22615]
[22616 22657]
[22658 23003]
[23004 23052]
[23053 23140]
[23141 23205]
[23206 23263]
[23264 23342]
[23343 23433]
[23434 23562]
[23563 23867]
[23868 23950]
[23951 24147]
[24148 24250]
[24251 24398]
[24399 24484]
[24485 24907]
[24908 24965]
[24966 25015]
[25016 25180]
[25181 25242]
[25243 25300]
[25301 25338]
[25339 25394]
[25395 25439]
[25440 25503]
[25504 25573]
[25574 25664]
[25665 25789]
[25790 25841]
[25842 25881]
[25882 25924]
[25925 25947]
[25948 25988]
[25989 26050]
[26051 26199]
[26200 26303]
[26304 26376]
[26377 26433]
[26434 26500]
[26501 26794]
[26795 26930]
[26931 26962]
[26963 27013]
[27014 27125]
[27126 27149]
[27150 27321]
[27322 27349]
[27350 27462]
[27463 27505]
[27506 27642]
[27643 27702]
[27703 27751]
[27752 27782]
[27783 27866]
[27867 27898]
[27899 28250]
[28251 28365]
[28366 28396]
[28397 28470]
[28471 28551]
[28552 28599]
[28600 28707]
[28708 28738]
[28739 28846]
[28847 28905]
[28906 29033]
[29034 29096]
[29097 29114]
[29115 29383]
[29384 29468]
[29469 29765]
[29766 29844]
[29845 29860]
[29861 30014]
[30015 30042]
[30043 30361]
[30362 30823]
[30824 30888]
[30889 30961]
[30962 31034]
[31035 31119]
[31120 31195]
[31196 31268]
[31269 31314]
[31315 31374]
[31375 31549]
[31550 31589]
[31590 31775]
[31776 31848]
[31849 31985]
[31986 32066]
[32067 32146]
[32147 32209]
[32210 32544]
[32546 32649]
