[0 4]
[  6 269]
[270 322]
[323 351]
[352 385]
[386 418]
[419 450]
[451 482]
[483 513]
[514 544]
[545 573]
[574 610]
[611 640]
[641 670]
[671 698]
[699 741]
[742 774]
[775 805]
[806 906]
[ 908 1600]
[1601 1750]
[1751 1807]
[1808 1848]
[1849 1885]
[1886 1971]
[1972 2051]
[2052 2071]
[2072 2144]
[2145 2248]
[2249 2309]
[2310 2339]
[2340 2413]
[2414 2452]
[2453 2506]
[2507 2546]
[2547 2596]
[2597 2627]
[2628 2655]
[2656 2698]
[2699 2779]
[2780 2807]
[2808 2853]
[2854 2916]
[2917 2991]
[2992 3037]
[3038 3064]
[3065 3103]
[3104 3156]
[3158 3571]
[3572 3768]
[3769 3827]
[3828 3889]
[3890 3943]
[3944 4008]
[4009 4095]
[4096 4210]
[4211 4236]
[4237 4276]
[4277 4359]
[4360 4420]
[4421 4519]
[4520 4599]
[4600 4644]
[4645 4718]
[4719 4785]
[4786 4831]
[4832 4910]
[4911 4949]
[4950 5066]
[5067 5134]
[5135 5557]
[5558 5620]
[5621 5676]
[5677 5731]
[5732 5782]
[5783 5830]
[5831 5883]
[5884 5926]
[5927 5972]
[5973 6012]
[6013 6059]
[6060 6104]
[6105 6152]
[6153 6205]
[6206 6258]
[6259 6307]
[6308 6338]
[6339 6353]
[6354 6390]
[6391 6428]
[6429 6464]
[6465 6510]
[6511 6991]
[6992 7026]
[7027 7090]
[7091 7154]
[7155 7247]
[7248 7290]
[7291 7333]
[7334 7384]
[7385 7467]
[7468 7517]
[7518 7640]
[7641 7676]
[7677 7697]
[7698 7723]
[7724 7764]
[7765 7809]
[7810 7938]
[7939 8043]
[8044 8111]
[8112 8183]
[8184 8272]
[8273 8380]
[8381 8446]
[8447 8498]
[8499 8971]
[8972 9062]
[9063 9126]
[9127 9253]
[9254 9346]
[9347 9388]
[9389 9442]
[9443 9538]
[9539 9608]
[9609 9669]
[9670 9838]
[9839 9897]
[9898 9953]
[9954 9986]
[ 9987 10050]
[10051 10146]
[10147 10167]
[10168 10239]
[10240 10291]
[10292 10336]
[10337 10363]
[10364 10391]
[10392 10417]
[10418 10444]
[10445 10471]
[10472 10529]
[10530 10567]
[10568 10604]
[10605 10631]
[10632 10733]
[10734 11097]
[11098 11161]
[11162 11230]
[11231 11327]
[11328 11394]
[11395 11461]
[11462 11535]
[11536 11633]
[11634 11723]
[11724 11786]
[11787 11857]
[11858 11926]
[11927 11967]
[11968 12063]
[12064 12113]
[12114 12182]
[12183 12261]
[12262 12347]
[12348 12711]
[12712 12902]
[12903 12970]
[12971 13040]
[13041 13118]
[13119 13242]
[13243 13330]
[13331 13416]
[13417 13821]
[13822 13900]
[13901 13968]
[13969 14020]
[14021 14095]
[14096 14501]
[14502 15087]
[15088 15235]
[15236 15287]
[15288 15568]
[15569 15687]
[15688 15741]
[15742 15862]
[15863 15998]
[15999 16055]
[16056 16109]
[16110 16199]
[16200 16345]
[16346 16408]
[16409 16469]
[16470 16534]
[16535 16576]
[16577 16946]
[16947 17004]
[17005 17049]
[17050 17149]
[17150 17240]
[17241 17287]
[17288 17343]
[17344 17396]
[17397 17458]
[17459 17497]
[17498 17554]
[17555 17624]
[17625 17655]
[17656 17749]
[17750 17878]
[17879 17966]
[17967 18066]
[18067 18100]
[18101 18181]
[18182 18281]
[18282 18598]
[18599 18702]
[18703 18761]
[18762 18856]
[18857 19061]
[19062 19124]
[19125 19192]
[19193 19208]
[19209 19305]
[19306 19591]
[19592 19623]
[19624 19794]
[19795 19841]
[19842 19894]
[19895 19951]
[19952 19979]
[19980 20006]
[20007 20035]
[20036 20065]
[20066 20095]
[20096 20131]
[20132 20164]
[20165 20193]
[20194 20286]
[20287 20312]
[20313 20390]
[20391 20721]
[20722 20851]
[20852 20920]
[20921 20980]
[20981 21055]
[21056 21117]
[21118 21178]
[21179 21225]
[21226 21271]
[21272 21316]
[21317 21371]
[21372 21486]
[21487 21637]
[21638 21689]
[21690 21737]
[21738 21777]
[21778 21842]
[21843 21933]
[21934 21965]
[21966 22084]
[22085 22408]
[22409 22469]
[22470 22531]
[22532 22629]
[22630 22702]
[22703 22769]
[22770 22855]
[22856 22953]
[22954 23055]
[23056 23125]
[23126 23187]
[23188 23244]
[23245 23305]
[23306 23572]
[23573 23616]
[23617 23665]
[23666 23765]
[23766 23806]
[23807 23837]
[23838 23934]
[23935 24333]
[24334 24379]
[24380 24427]
[24428 24484]
[24485 24539]
[24540 24595]
[24596 24653]
[24654 24713]
[24714 24774]
[24775 24840]
[24841 24898]
[24899 25052]
[25053 25080]
[25081 25105]
[25106 25142]
[25143 25179]
[25180 25216]
[25217 25265]
[25266 25312]
[25313 25369]
[25370 25423]
[25424 25477]
[25478 25533]
[25534 25586]
[25587 25651]
[25652 25795]
[25796 26109]
[26111 26296]
[26297 26371]
[26372 26425]
[26426 26479]
[26480 26511]
[26512 26542]
[26543 26576]
[26577 26602]
[26603 26683]
[26684 26742]
[26743 26772]
[26773 26822]
[26823 26931]
[26932 26995]
[26996 27051]
[27052 27117]
[27118 27172]
[27173 27235]
[27236 27294]
[27295 27358]
[27359 27450]
[27451 27803]
[27804 27941]
[27942 28011]
[28012 28067]
[28068 28138]
[28139 28192]
[28193 28226]
[28227 28257]
[28258 28369]
[28370 28419]
[28420 28798]
[28799 28892]
[28893 29022]
[29023 29439]
[29440 29596]
[29597 29662]
[29663 29791]
[29792 29855]
[29856 29994]
[29995 30119]
[30120 30247]
[30248 30409]
[30410 30503]
[30504 30841]
[30842 31097]
[31098 31435]
[31436 31521]
[31522 31562]
[31563 31617]
[31618 31627]
[31628 31743]
[31744 31770]
[31771 31806]
[31807 31851]
[31852 31888]
[31889 31951]
[31952 32251]
[32252 32349]
