[  2 289]
[290 338]
[339 370]
[371 400]
[401 432]
[433 465]
[466 498]
[499 529]
[530 557]
[558 589]
[590 615]
[616 644]
[645 673]
[674 712]
[713 764]
[ 765 1216]
[1217 1265]
[1266 1319]
[1320 1374]
[1375 1389]
[1390 1430]
[1431 1469]
[1470 1536]
[1537 1601]
[1602 1657]
[1658 1709]
[1710 1781]
[1782 1834]
[1835 1867]
[1868 1951]
[1952 2010]
[2011 2077]
[2078 2122]
[2123 2140]
[2141 2205]
[2206 2273]
[2274 2346]
[2347 2384]
[2385 2574]
[2575 3117]
[3118 3196]
[3197 3256]
[3257 3312]
[3313 3368]
[3369 3475]
[3476 3511]
[3512 3541]
[3542 3584]
[3585 3642]
[3643 3677]
[3678 3721]
[3722 3830]
[3831 3892]
[3893 3985]
[3986 4016]
[4017 4036]
[4037 4071]
[4072 4182]
[4183 4218]
[4219 4268]
[4269 4312]
[4313 4334]
[4335 4396]
[4397 4431]
[4432 4540]
[4541 4717]
[4718 4937]
[4938 4967]
[4968 4997]
[4998 5049]
[5050 5083]
[5084 5108]
[5109 5155]
[5156 5168]
[5169 5202]
[5203 5235]
[5236 5272]
[5273 5447]
[5448 5629]
[5630 5658]
[5659 5720]
[5721 5754]
[5755 5802]
[5803 5839]
[5840 5869]
[5870 6144]
[6145 6224]
[6226 6294]
[6295 6355]
[6356 6828]
[6829 6876]
[6877 6952]
[6953 7032]
[7033 7111]
[7112 7194]
[7195 7275]
[7276 7451]
[7452 7500]
[7501 7542]
[7543 7579]
[7580 7636]
[7637 7682]
[7683 7725]
[7726 7752]
[7753 7828]
[7829 8020]
[8021 8071]
[8072 8124]
[8125 8164]
[8165 8199]
[8200 8230]
[8231 8263]
[8264 8289]
[8290 8310]
[8311 8582]
[8583 8634]
[8635 8710]
[8711 8828]
[8829 9144]
[9145 9430]
[9431 9600]
[9601 9735]
[9736 9855]
[9856 9910]
[9911 9967]
[9968 9992]
[ 9993 10024]
[10025 10091]
[10092 10155]
[10156 10183]
[10184 10212]
[10213 10241]
[10242 10266]
[10267 10347]
[10348 10656]
[10657 10710]
[10711 10739]
[10740 10767]
[10768 10828]
[10829 10865]
[10867 10902]
[10903 10935]
[10936 10946]
[10947 10991]
[10992 11012]
[11013 11055]
[11056 11122]
[11123 11153]
[11154 11195]
[11196 11234]
[11235 11299]
[11300 11351]
[11352 11378]
[11380 11469]
[11470 11518]
[11519 11556]
[11557 11619]
[11620 11637]
[11638 11673]
[11674 11716]
[11717 11750]
[11751 11789]
[11790 12222]
[12223 12263]
[12264 12319]
[12320 12376]
[12377 12450]
[12451 12505]
[12506 12572]
[12573 12603]
[12604 12647]
[12648 12723]
[12724 12849]
[12850 12902]
[12903 12989]
[12990 13055]
[13056 13093]
[13094 13170]
[13171 13234]
[13235 13281]
[13282 13322]
[13323 13352]
[13353 13411]
[13412 13458]
[13459 13756]
[13757 13914]
[13915 13978]
[13979 14015]
[14016 14089]
[14090 14174]
[14175 14251]
[14252 14300]
[14301 14360]
[14361 14438]
[14439 14510]
[14511 14536]
[14537 14566]
[14567 14606]
[14607 14650]
[14651 14713]
[14714 14744]
[14745 14819]
[14820 14866]
[14867 14897]
[14898 14937]
[14938 15002]
[15003 15054]
[15055 15099]
[15100 15142]
[15143 15206]
[15207 15619]
[15620 15683]
[15684 15736]
[15737 15777]
[15778 15865]
[15866 15922]
[15923 16008]
[16009 16062]
[16063 16118]
[16119 16155]
[16156 16225]
[16226 16286]
[16287 16567]
[16568 16691]
[16692 16813]
[16814 17047]
[17048 17212]
[17213 17229]
[17230 17520]
[17521 17590]
[17591 17642]
[17643 17755]
[17756 17814]
[17815 17897]
[17898 17976]
[17977 18073]
[18074 18136]
[18137 18190]
[18191 18246]
[18247 18305]
[18306 18390]
[18391 18475]
[18476 18544]
[18545 18596]
[18597 18641]
[18642 18674]
[18675 18976]
[18977 19028]
[19029 19061]
[19062 19098]
[19099 19145]
[19146 19167]
[19168 19211]
[19212 19250]
[19251 19323]
[19324 19351]
[19352 19417]
[19418 19473]
[19474 19521]
[19522 19584]
[19585 19628]
[19629 19684]
[19685 19761]
[19762 20152]
[20153 20257]
[20258 20317]
[20318 20475]
[20476 20583]
[20584 20625]
[20626 20730]
[20731 20799]
[20800 20884]
[20885 20946]
[20947 21013]
[21014 21069]
[21070 21152]
[21153 21225]
[21226 21299]
[21300 21387]
[21388 21462]
[21463 21513]
[21514 21535]
[21536 21577]
[21578 21612]
[21613 21689]
[21690 21742]
[21743 22142]
[22143 22182]
[22183 22225]
[22226 22271]
[22272 22313]
[22314 22333]
[22334 22378]
[22379 22427]
[22428 22483]
[22484 22536]
[22537 22595]
[22596 22680]
[22681 22741]
[22742 22846]
[22847 22895]
[22896 22985]
[22986 23063]
[23064 23117]
[23118 23190]
[23191 23245]
[23246 23599]
[23600 23831]
[23832 23901]
[23902 23968]
[23969 24065]
[24066 24129]
[24130 24167]
[24168 24301]
[24302 24382]
[24383 24490]
[24491 24569]
[24570 24679]
[24680 24792]
[24793 24876]
[24877 24931]
[24932 24972]
[24973 25154]
[25155 25308]
[25309 25356]
[25357 25387]
[25388 25457]
[25458 25502]
[25503 25533]
[25534 25556]
[25557 25600]
[25601 25674]
[25675 25693]
[25694 25744]
[25745 25759]
[25760 25803]
[25804 25859]
[25860 25898]
[25899 25910]
[25911 25936]
[25937 26044]
[26045 26094]
[26095 26112]
[26113 26153]
[26154 26208]
[26209 26254]
[26255 26277]
[26278 26372]
[26373 26454]
[26455 26520]
[26521 26540]
[26541 26594]
[26595 26637]
[26638 26667]
[26668 26687]
[26688 26731]
[26732 26777]
[26778 26825]
[26826 27172]
[27173 27313]
[27314 27363]
[27364 27455]
[27456 27538]
[27539 27601]
[27602 27755]
[27756 27806]
[27807 27867]
[27868 27955]
[27956 28040]
[28041 28106]
[28107 28210]
[28211 28303]
[28304 28404]
[28405 28458]
[28459 28509]
[28510 28590]
[28591 28679]
[28680 28900]
[28901 28949]
[28950 29008]
[29009 29075]
[29076 29142]
[29143 29189]
[29190 29256]
[29257 29322]
[29323 29378]
[29379 29609]
[29610 29658]
[29659 29720]
[29721 29749]
[29750 29790]
[29791 30205]
[30207 30249]
