[0 3]
[  4 251]
[252 301]
[302 325]
[326 349]
[350 372]
[373 401]
[402 428]
[429 454]
[455 479]
[480 504]
[505 528]
[529 552]
[553 580]
[581 607]
[608 635]
[636 656]
[657 677]
[678 717]
[718 748]
[749 775]
[776 798]
[799 885]
[ 886 1194]
[1195 1292]
[1293 1378]
[1379 1439]
[1440 1466]
[1467 1516]
[1517 1592]
[1593 1636]
[1637 1694]
[1695 1811]
[1812 1882]
[1883 1997]
[1998 2128]
[2129 2171]
[2172 2295]
[2296 2350]
[2351 2439]
[2440 2484]
[2485 2595]
[2596 2655]
[2656 2722]
[2723 2766]
[2767 2818]
[2819 2885]
[2886 2927]
[2928 3008]
[3009 3074]
[3075 3113]
[3114 3174]
[3175 3194]
[3195 3268]
[3269 3346]
[3347 3441]
[3442 3510]
[3511 3620]
[3621 3671]
[3672 3717]
[3718 3728]
[3729 3774]
[3775 3794]
[3795 3855]
[3856 3889]
[3890 3940]
[3941 3975]
[3976 4018]
[4019 4082]
[4083 4103]
[4104 4167]
[4168 4242]
[4243 4295]
[4296 4359]
[4360 4375]
[4376 4415]
[4416 4447]
[4448 4960]
[4961 5049]
[5050 5085]
[5086 5142]
[5143 5189]
[5190 5256]
[5257 5310]
[5311 5363]
[5364 5424]
[5425 5511]
[5512 5562]
[5563 5623]
[5624 5663]
[5664 5745]
[5746 5779]
[5780 5817]
[5818 5882]
[5883 5925]
[5926 5974]
[5975 6010]
[6011 6026]
[6027 6116]
[6117 6189]
[6190 6260]
[6261 6281]
[6282 6390]
[6391 6493]
[6494 6530]
[6531 6587]
[6588 6694]
[6695 7029]
[7030 7094]
[7095 7149]
[7150 7202]
[7203 7301]
[7302 7400]
[7401 7461]
[7462 7488]
[7489 7543]
[7544 7590]
[7591 7682]
[7683 7782]
[7783 7820]
[7821 7870]
[7871 7908]
[7909 7957]
[7958 8013]
[8014 8072]
[8073 8122]
[8123 8188]
[8189 8250]
[8251 8302]
[8303 8361]
[8362 8419]
[8420 8464]
[8465 8547]
[8548 8605]
[8606 9141]
[9142 9191]
[9192 9249]
[9250 9300]
[9301 9343]
[9344 9393]
[9394 9457]
[9458 9523]
[9524 9583]
[9584 9641]
[9642 9677]
[9678 9736]
[9737 9770]
[9771 9826]
[9827 9871]
[9872 9940]
[9941 9997]
[ 9998 10045]
[10046 10114]
[10115 10162]
[10163 10205]
[10206 10275]
[10276 10351]
[10352 10391]
[10392 10851]
[10852 10926]
[10927 11016]
[11017 11078]
[11079 11129]
[11130 11161]
[11162 11231]
[11232 11285]
[11286 11370]
[11371 11466]
[11467 11557]
[11558 11603]
[11604 11641]
[11642 11703]
[11704 11745]
[11746 11809]
[11810 11859]
[11860 11915]
[11916 12162]
[12163 12251]
[12252 12323]
[12324 12391]
[12392 12458]
[12459 12529]
[12530 12586]
[12587 12671]
[12672 12748]
[12749 12824]
[12825 12899]
[12900 12971]
[12972 13063]
[13064 13154]
[13155 13209]
[13210 13244]
[13245 13304]
[13305 13345]
[13346 13389]
[13390 13430]
[13431 13474]
[13475 13516]
[13517 13554]
[13555 13644]
[13645 14121]
[14122 14142]
[14143 14261]
[14262 14298]
[14299 14338]
[14339 14382]
[14383 14421]
[14422 14472]
[14473 14496]
[14497 14587]
[14588 14634]
[14635 14707]
[14708 14768]
[14769 14857]
[14858 14897]
[14898 14956]
[14957 15030]
[15031 15150]
[15151 15223]
[15224 15542]
[15543 15741]
[15742 15885]
[15886 16054]
[16055 16184]
[16185 16226]
[16227 16283]
[16284 16354]
[16355 16394]
[16395 16440]
[16441 16501]
[16502 16624]
[16625 16708]
[16709 16800]
[16801 16975]
[16976 17086]
[17087 17146]
[17147 17255]
[17256 17353]
[17354 17507]
[17508 17632]
[17633 17694]
[17695 17960]
[17961 18027]
[18028 18092]
[18093 18147]
[18148 18197]
[18198 18468]
[18469 18570]
[18571 18707]
[18708 18791]
[18792 18956]
[18957 19354]
[19355 19412]
[19413 19481]
[19482 19535]
[19536 19597]
[19598 19679]
[19680 19991]
[19992 20023]
[20024 20066]
[20067 20092]
[20093 20190]
[20191 20310]
[20311 20385]
[20386 20439]
[20440 20491]
[20492 20523]
[20524 20575]
[20576 20686]
[20687 20758]
[20759 20775]
[20776 20827]
[20828 20997]
[20998 21041]
[21042 21102]
[21103 21157]
[21158 21244]
[21245 21303]
[21304 21442]
[21443 21578]
[21579 21741]
[21742 21797]
[21798 21852]
[21853 21954]
[21955 22021]
[22022 22110]
[22111 22205]
[22206 22256]
[22257 22372]
[22373 22472]
[22473 22494]
[22495 22550]
[22551 22694]
[22695 22875]
[22876 22921]
[22922 22994]
[22995 23324]
[23326 23399]
