[ 0 33]
[ 34 332]
[333 389]
[390 432]
[433 469]
[470 512]
[513 556]
[557 585]
[586 680]
[681 722]
[723 757]
[758 812]
[ 813 1127]
[1128 1238]
[1240 1361]
[1363 1491]
[1492 1590]
[1591 1710]
[1711 1777]
[1778 1845]
[1846 1908]
[1909 1990]
[1991 2062]
[2063 2097]
[2098 2144]
[2145 2942]
[2943 3011]
[3012 3053]
[3054 3100]
[3101 3146]
[3147 3217]
[3218 3274]
[3275 3337]
[3338 3382]
[3383 3438]
[3439 3498]
[3499 3536]
[3537 3557]
[3558 3597]
[3598 3646]
[3647 3669]
[3670 3697]
[3698 3723]
[3724 3812]
[3813 3882]
[3883 3930]
[3931 3977]
[3978 4023]
[4024 4076]
[4077 4101]
[4102 4538]
[4539 4598]
[4599 4643]
[4644 4715]
[4716 4774]
[4775 4841]
[4842 4915]
[4916 4980]
[4981 5044]
[5045 5090]
[5091 5141]
[5142 5158]
[5159 5242]
[5243 5343]
[5344 5438]
[5439 5628]
[5629 5690]
[5691 5763]
[5764 5830]
[5831 5900]
[5901 5980]
[5981 6038]
[6039 6158]
[6159 6507]
[6508 6579]
[6580 6630]
[6631 6681]
[6682 6745]
[6746 6805]
[6806 6852]
[6853 6883]
[6884 7080]
[7081 7155]
[7156 7215]
[7216 7272]
[7273 7339]
[7340 7398]
[7399 7438]
[7439 7541]
[7542 7592]
[7593 7644]
[7645 7782]
[7783 7807]
[7808 7881]
[7882 7978]
[7979 8260]
[8261 8346]
[8347 8385]
[8386 8404]
[8405 8446]
[8447 8489]
[8490 8555]
[8556 8594]
[8595 8652]
[8653 8712]
[8713 8770]
[8771 8896]
[8897 8940]
[8941 9040]
[9041 9069]
[9070 9107]
[9108 9189]
[9190 9236]
[9237 9278]
[9279 9322]
[9323 9369]
[9370 9440]
[9441 9514]
[9515 9627]
[9628 9961]
[ 9962 10147]
[10148 10218]
[10219 10290]
[10291 10350]
[10351 10424]
[10425 10487]
[10488 10578]
[10579 10672]
[10673 10791]
[10792 10902]
[10903 11030]
[11031 11133]
[11134 11186]
[11187 11401]
[11402 11624]
[11625 11703]
[11704 11783]
[11784 11891]
[11892 12044]
[12045 12124]
[12125 12179]
[12180 12277]
[12278 12299]
[12300 12579]
[12580 12665]
[12666 12756]
[12757 12834]
[12835 12910]
[12911 12970]
[12971 13069]
[13070 13159]
[13160 13190]
[13191 13243]
[13244 13343]
[13344 13419]
[13420 13462]
[13463 13634]
[13635 13732]
[13733 13825]
[13826 13912]
[13913 14005]
[14006 14106]
[14107 14199]
[14200 14284]
[14285 14352]
[14353 14418]
[14419 14844]
[14845 14906]
[14907 14962]
[14963 15016]
[15017 15086]
[15087 15110]
[15111 15167]
[15168 15227]
[15228 15255]
[15256 15307]
[15308 15373]
[15374 15423]
[15424 15489]
[15490 15552]
[15553 15631]
[15632 15707]
[15708 15750]
[15751 15821]
[15822 15887]
[15888 15939]
[15940 16016]
[16017 16035]
[16036 16071]
[16072 16386]
[16387 16682]
[16683 17136]
[17137 17277]
[17279 17333]
[17334 17380]
[17381 17422]
[17423 17466]
[17467 17513]
[17514 17584]
[17585 17590]
[17591 17648]
[17649 17682]
[17683 17776]
[17777 18187]
[18188 18281]
[18282 18375]
[18376 18637]
[18638 18708]
[18709 18773]
[18774 18851]
[18852 18953]
[18954 19048]
[19049 19115]
[19116 19241]
[19242 19335]
[19336 19380]
[19381 19426]
[19427 19557]
[19558 19925]
[19926 19987]
[19988 20050]
[20051 20105]
[20106 20170]
[20171 20228]
[20229 20293]
[20294 20599]
[20600 20715]
[20716 20763]
[20764 20808]
[20809 20892]
[20893 20991]
[20992 21082]
[21083 21133]
[21134 21333]
[21334 21656]
[21657 21717]
[21718 21768]
[21769 21827]
[21828 21884]
[21885 21944]
[21945 22059]
[22060 22123]
[22124 22181]
[22182 22239]
[22240 22286]
[22287 22341]
[22342 22399]
[22400 22455]
[22456 22501]
[22502 22549]
[22550 22597]
[22598 22666]
[22667 22902]
[22903 22960]
[22961 23017]
[23018 23072]
[23073 23182]
[23183 23569]
[23570 23690]
[23691 23755]
[23756 23814]
[23815 23942]
[23943 24063]
[24064 24144]
[24145 24213]
[24214 24264]
[24265 24317]
[24318 24364]
[24365 24442]
[24443 24544]
[24545 24600]
[24601 24674]
[24675 24740]
[24741 24869]
[24870 24909]
[24910 24964]
[24965 25031]
[25032 25171]
[25172 25376]
[25378 25467]
[25468 25511]
[25512 25547]
[25548 25605]
[25606 25612]
[25613 25708]
[25709 25710]
[25711 25809]
[25810 25844]
[25845 25903]
[25904 26006]
[26007 26037]
[26038 26114]
[26115 26237]
[26238 26298]
[26299 26356]
[26357 26460]
[26461 26498]
[26499 26680]
[26681 26728]
[26729 26769]
[26770 26834]
[26835 26899]
[26900 26958]
[26959 27011]
[27012 27151]
[27152 27264]
[27265 27525]
[27526 27578]
[27579 27742]
[27743 27811]
[27812 28012]
[28013 28063]
[28064 28275]
[28276 28625]
[28626 28990]
[28991 29098]
[29099 29367]
[29368 29409]
[29410 29446]
[29447 29483]
[29484 29530]
[29531 29568]
[29569 29883]
[29884 29949]
