[ 0 26]
[ 27 271]
[272 327]
[328 379]
[380 418]
[419 457]
[458 510]
[511 548]
[549 578]
[579 623]
[624 661]
[662 703]
[704 750]
[751 786]
[787 805]
[806 907]
[ 908 1374]
[1375 1434]
[1435 1504]
[1505 1591]
[1592 1660]
[1661 1693]
[1694 2136]
[2137 2157]
[2158 2235]
[2236 2333]
[2334 2348]
[2349 2417]
[2418 2583]
[2584 2696]
[2697 2996]
[2997 3045]
[3046 3084]
[3085 3142]
[3143 3201]
[3202 3236]
[3237 3259]
[3260 3706]
[3707 3763]
[3764 3825]
[3826 3902]
[3903 3975]
[3976 4037]
[4038 4113]
[4114 4170]
[4171 4206]
[4207 4244]
[4245 4291]
[4292 4790]
[4791 4859]
[4860 5076]
[5077 5186]
[5187 5255]
[5256 5317]
[5318 5375]
[5376 5427]
[5428 5685]
[5686 5754]
[5755 5816]
[5817 5873]
[5874 5922]
[5923 5977]
[5978 6035]
[6036 6092]
[6093 6143]
[6144 6200]
[6201 6282]
[6283 6759]
[6760 6843]
[6844 6877]
[6878 6922]
[6923 6979]
[6980 7019]
[7020 7148]
[7149 7216]
[7217 7287]
[7288 7316]
[7317 7446]
[7447 7509]
[7510 7557]
[7558 7600]
[7601 7649]
[7650 7935]
[7936 8019]
[8020 8069]
[8070 8131]
[8132 8173]
[8174 8234]
[8235 8276]
[8277 8619]
[8620 8764]
[8765 8908]
[8909 8976]
[8977 9069]
[9070 9143]
[9144 9230]
[9231 9357]
[9358 9413]
[9414 9459]
[9460 9520]
[9521 9573]
[9574 9624]
[9625 9759]
[9760 9802]
[9803 9864]
[9865 9991]
[ 9992 10125]
[10127 10177]
[10178 10233]
[10234 10296]
[10297 10316]
[10317 10359]
[10360 10416]
[10417 10500]
[10501 10531]
[10532 10622]
[10623 11491]
[11492 12151]
[12152 12450]
[12451 12517]
[12518 12577]
[12578 12744]
[12745 12811]
[12812 12898]
[12899 12963]
[12964 13070]
[13071 13156]
[13157 13283]
[13284 13594]
[13595 13936]
[13937 14175]
[14176 14344]
[14345 14518]
[14519 14538]
[14539 14881]
[14882 15009]
[15010 15080]
[15081 15165]
[15166 15208]
[15209 15267]
[15268 15390]
[15391 15452]
[15453 15577]
[15578 15596]
[15597 15653]
[15654 15745]
[15746 15780]
[15781 16093]
[16094 16169]
[16170 16202]
[16203 16282]
[16283 16342]
[16343 16397]
[16398 16441]
[16442 16495]
[16496 16568]
[16569 16673]
[16674 16756]
[16757 16841]
[16842 16944]
[16945 17219]
[17220 17344]
[17345 17482]
[17483 17763]
[17764 17842]
[17843 17908]
[17909 17967]
[17968 18032]
[18033 18361]
[18362 18539]
[18540 18987]
[18988 19112]
[19113 19397]
[19398 19454]
[19455 19512]
[19513 19568]
[19569 19600]
[19601 19640]
[19641 19693]
[19694 19763]
[19764 19898]
[19899 20407]
[20408 20552]
[20553 20715]
[20716 20860]
[20861 21095]
[21096 21151]
[21152 21204]
[21205 21278]
[21279 21318]
[21319 21369]
[21370 21532]
[21533 21579]
[21580 21640]
[21641 21712]
[21713 22039]
[22040 22144]
[22145 22254]
[22255 22405]
[22406 22423]
[22424 22657]
[22658 22705]
[22706 22749]
[22750 22784]
[22785 22806]
[22807 22861]
[22862 23160]
[23161 23215]
[23216 23251]
[23252 23303]
[23304 23343]
[23344 23768]
[23770 23797]
[23798 23842]
[23843 23961]
[23962 24006]
[24007 24074]
[24075 24249]
[24250 24325]
[24326 24500]
[24501 24610]
[24611 24694]
[24695 24983]
[24984 25088]
[25089 25151]
[25152 25183]
[25184 25228]
[25229 25271]
[25272 25610]
[25611 25669]
[25670 25750]
[25751 25827]
[25828 25921]
[25922 26001]
[26002 26083]
[26084 26169]
[26170 26410]
[26411 26488]
[26489 26568]
[26569 26648]
[26649 26731]
[26732 26799]
[26800 26875]
[26876 26950]
[26951 27032]
[27033 27100]
[27101 27130]
[27131 27222]
[27223 27310]
[27311 27472]
[27473 27562]
[27563 27636]
[27637 27706]
[27707 27870]
[27871 28036]
[28037 28132]
[28133 28238]
[28239 28281]
[28282 28324]
[28325 28370]
[28371 28414]
[28415 28504]
[28505 28612]
[28613 28662]
[28663 28747]
[28749 28838]
[28839 29315]
[29316 29434]
[29435 29533]
[29534 29577]
[29578 29636]
[29637 29670]
[29671 29704]
[29705 29994]
[29995 30052]
[30053 30195]
[30196 30253]
[30254 30305]
[30306 30344]
[30345 30372]
[30373 30419]
[30420 30452]
[30453 30632]
[30633 30663]
[30664 30704]
[30705 30769]
[30770 30826]
[30827 30858]
[30859 30945]
[30946 31343]
[31344 31538]
[31539 31606]
[31607 31736]
[31737 31800]
[31801 31871]
[31872 31979]
[31980 32026]
[32027 32086]
[32087 32164]
[32165 32270]
[32271 32332]
[32333 32366]
[32367 32436]
[32437 32494]
[32495 32561]
[32562 32620]
[32621 32680]
[32681 32741]
[32742 32835]
[32836 33144]
[33145 33268]
[33269 33393]
[33394 33594]
[33595 33700]
[33701 33809]
[33810 33861]
[33862 33912]
[33913 33961]
[33962 34005]
[34006 34141]
[34142 34210]
[34211 34335]
[34336 34422]
[34423 34770]
[34771 34849]
