[0 8]
[ 10 324]
[326 384]
[385 413]
[414 436]
[437 473]
[474 512]
[513 541]
[542 586]
[587 631]
[632 686]
[687 725]
[726 760]
[761 830]
[831 859]
[860 968]
[ 969 1417]
[1419 1483]
[1484 1539]
[1540 1565]
[1566 1632]
[1633 1657]
[1658 1725]
[1726 1759]
[1760 1805]
[1806 1848]
[1849 1877]
[1878 2026]
[2027 2113]
[2114 2144]
[2145 2224]
[2225 2261]
[2262 2292]
[2293 2321]
[2322 2347]
[2348 2382]
[2383 2412]
[2413 2522]
[2523 2555]
[2556 2628]
[2629 2677]
[2678 2732]
[2733 2780]
[2781 2834]
[2835 2908]
[2909 3263]
[3264 3337]
[3338 3388]
[3389 3506]
[3507 3582]
[3583 3644]
[3645 3732]
[3733 3788]
[3789 3873]
[3874 3951]
[3952 4079]
[4080 4145]
[4146 4200]
[4201 4298]
[4299 4777]
[4779 4836]
[4837 4884]
[4885 4933]
[4934 4989]
[4990 5040]
[5041 5097]
[5098 5276]
[5277 5445]
[5446 5459]
[5460 5523]
[5524 5596]
[5597 5652]
[5653 5889]
[5890 5930]
[5931 5980]
[5981 6034]
[6035 6093]
[6094 6135]
[6136 6172]
[6173 6230]
[6231 6288]
[6289 6349]
[6350 6903]
[6905 6925]
[6926 6966]
[6967 6992]
[6993 7037]
[7038 7066]
[7067 7094]
[7095 7139]
[7140 7169]
[7170 7201]
[7202 7232]
[7233 7283]
[7284 7318]
[7319 7350]
[7351 7401]
[7402 7467]
[7468 7518]
[7519 7585]
[7586 7616]
[7617 7643]
[7644 7683]
[7684 7728]
[7729 7768]
[7769 7799]
[7800 7845]
[7846 7902]
[7903 7944]
[7945 8016]
[8017 8067]
[8068 8146]
[8147 8211]
[8212 8240]
[8241 8268]
[8269 8316]
[8317 8363]
[8364 8481]
[8482 8588]
[8589 8650]
[8651 8712]
[8713 8769]
[8770 8789]
[8790 8845]
[8846 8942]
[8943 9026]
[9027 9255]
[9256 9404]
[9405 9536]
[9537 9696]
[9697 9838]
[9839 9987]
[ 9988 10103]
[10104 10223]
[10224 10364]
[10365 10676]
[10677 10768]
[10769 10857]
[10858 10982]
[10983 11107]
[11108 11224]
[11225 11344]
[11345 11469]
[11470 11583]
[11584 11683]
[11684 11783]
[11784 11891]
[11892 11994]
[11995 12299]
[12300 12354]
[12355 12413]
[12414 12476]
[12477 12526]
[12527 12579]
[12580 12636]
[12637 12698]
[12699 12793]
[12794 12843]
[12844 12898]
[12899 12949]
[12950 13000]
[13001 13056]
[13057 13116]
[13117 13167]
[13168 13223]
[13224 13284]
[13285 13329]
[13330 13367]
[13368 13393]
[13394 13434]
[13435 13485]
[13486 13541]
[13542 13591]
[13592 13823]
[13824 13879]
[13880 13958]
[13959 14038]
[14039 14116]
[14117 14130]
[14131 14194]
[14195 14272]
[14273 14378]
[14379 14503]
[14504 14575]
[14576 14636]
[14637 14720]
[14721 14837]
[14838 14864]
[14865 14901]
[14902 14933]
[14934 14980]
[14981 15017]
[15018 15047]
[15048 15122]
[15123 15170]
[15171 15218]
[15219 15276]
[15277 15807]
[15808 15844]
[15845 15891]
[15892 15960]
[15961 16039]
[16040 16084]
[16085 16144]
[16145 16189]
[16190 16252]
[16253 16302]
[16303 16334]
[16335 16381]
[16382 16415]
[16416 16458]
[16459 16541]
[16542 16619]
[16620 16641]
[16642 16804]
[16805 16846]
[16847 16904]
[16905 16935]
[16936 16971]
[16972 17387]
[17388 17429]
[17430 17477]
[17478 17524]
[17525 17575]
[17576 17625]
[17626 17691]
[17692 17760]
[17761 17851]
[17852 17939]
[17940 17987]
[17989 18047]
[18048 18102]
[18103 18145]
[18146 18238]
[18239 18313]
[18314 18388]
[18389 18456]
[18457 18514]
[18515 18558]
[18559 18595]
[18596 18645]
[18646 18685]
[18686 18753]
[18754 18813]
[18814 18857]
[18858 19143]
[19144 19238]
[19239 19387]
[19388 19556]
[19557 19590]
[19591 19628]
[19629 19661]
[19662 19743]
[19744 19848]
[19849 19947]
[19948 19994]
[19995 20070]
[20071 20148]
[20149 20228]
[20229 20251]
[20252 20313]
[20314 20395]
[20396 20497]
[20498 20817]
[20818 20904]
[20905 20972]
[20973 21047]
[21048 21122]
[21123 21197]
[21198 21281]
[21282 21383]
[21384 21463]
[21464 21541]
[21542 21649]
[21650 21739]
[21740 21828]
[21829 21921]
[21922 22015]
[22016 22282]
[22283 22361]
[22362 22451]
[22452 22510]
[22511 22553]
[22554 22611]
[22612 22648]
[22649 22752]
[22753 22777]
[22778 22837]
[22838 22885]
[22886 22940]
[22941 22965]
[22966 23072]
[23073 23171]
[23172 23267]
[23268 23292]
[23293 23319]
[23320 23358]
[23359 23386]
[23387 23474]
[23475 23589]
[23590 23644]
[23645 23714]
[23715 23788]
[23789 24037]
[24038 24093]
[24094 24158]
[24159 24229]
[24230 24321]
[24322 24400]
[24401 24517]
[24518 24680]
[24681 24707]
[24708 24792]
[24793 24923]
[24924 24980]
[24981 25024]
[25025 25061]
[25062 25092]
[25093 25412]
[25414 25620]
[25621 25667]
[25668 25799]
[25800 25847]
[25848 25949]
[25950 26049]
[26050 26101]
[26102 26193]
[26194 26247]
[26248 26282]
[26283 26322]
[26323 26420]
[26421 26450]
[26451 26476]
[26477 26507]
[26508 26644]
[26645 26782]
[26783 26947]
[26948 26993]
[26995 27102]
[27103 27181]
[27182 27334]
[27335 27386]
[27387 27479]
[27480 27513]
[27514 27823]
[27824 27915]
[27916 28019]
[28020 28288]
[28289 28409]
[28410 28546]
[28547 29050]
[29051 29149]
