[ 0 12]
[ 14 293]
[294 353]
[354 389]
[390 419]
[420 445]
[446 480]
[481 526]
[527 566]
[567 604]
[605 644]
[645 685]
[686 727]
[728 778]
[ 779 1090]
[1092 1336]
[1337 1510]
[1511 1769]
[1770 1983]
[1984 2576]
[2578 2633]
[2634 2682]
[2683 2798]
[2799 2836]
[2837 2864]
[2865 2908]
[2909 2936]
[2937 2994]
[2995 3017]
[3018 3054]
[3055 3096]
[3097 3158]
[3159 3196]
[3197 3230]
[3231 3270]
[3271 3306]
[3307 3394]
[3395 3454]
[3455 3530]
[3531 3589]
[3590 3627]
[3628 3662]
[3663 3701]
[3702 3726]
[3727 3807]
[3808 3852]
[3853 3968]
[3969 4487]
[4488 4538]
[4539 4578]
[4579 4617]
[4618 4670]
[4671 4713]
[4714 4763]
[4764 4785]
[4786 5051]
[5052 5378]
[5379 5432]
[5433 5499]
[5500 5560]
[5561 5622]
[5623 5666]
[5667 5725]
[5726 5782]
[5783 5837]
[5838 5881]
[5882 5923]
[5924 5998]
[5999 6509]
[6510 6571]
[6572 6658]
[6659 6725]
[6726 6841]
[6842 6938]
[6939 7136]
[7137 7280]
[7281 7371]
[7372 7531]
[7532 7619]
[7620 7709]
[7710 7766]
[7767 7868]
[7869 8012]
[8013 8622]
[8623 8671]
[8672 8724]
[8725 8763]
[8764 8840]
[8841 8890]
[8891 8928]
[8929 8964]
[8965 9031]
[9032 9170]
[9171 9194]
[9195 9314]
[9315 9401]
[9402 9455]
[9456 9495]
[9496 9544]
[9545 9575]
[9576 9603]
[9604 9631]
[9632 9716]
[9717 9751]
[9752 9791]
[9792 9839]
[9840 9903]
[9904 9947]
[9948 9988]
[ 9989 10024]
[10025 10059]
[10060 10120]
[10121 10158]
[10159 10201]
[10202 10241]
[10242 10365]
[10366 10398]
[10399 10433]
[10434 10473]
[10474 10510]
[10511 10545]
[10546 10585]
[10586 10616]
[10617 10657]
[10658 10700]
[10701 10797]
[10798 11135]
[11136 11197]
[11198 11270]
[11271 11341]
[11342 11408]
[11409 11483]
[11484 11562]
[11563 11618]
[11619 11688]
[11689 11750]
[11751 11823]
[11824 11892]
[11893 11951]
[11952 12010]
[12011 12078]
[12079 12131]
[12132 12187]
[12188 12704]
[12705 12769]
[12770 12837]
[12838 12899]
[12900 12954]
[12955 13009]
[13010 13084]
[13085 13131]
[13132 13238]
[13239 13365]
[13366 13406]
[13407 13467]
[13468 13561]
[13562 14047]
[14048 14134]
[14135 14176]
[14177 14251]
[14252 14339]
[14340 14424]
[14425 14458]
[14459 14531]
[14532 14604]
[14605 14680]
[14681 14749]
[14750 14816]
[14817 14868]
[14869 14929]
[14930 15000]
[15001 15039]
[15040 15064]
[15065 15135]
[15136 15168]
[15169 15203]
[15204 15243]
[15244 15280]
[15281 15315]
[15316 15384]
[15385 15471]
[15472 15566]
[15567 15959]
[15960 16041]
[16042 16106]
[16107 16176]
[16177 16242]
[16243 16308]
[16309 16376]
[16377 16440]
[16441 16474]
[16475 16576]
[16577 16643]
[16644 16709]
[16710 16780]
[16781 16845]
[16846 16913]
[16914 16980]
[16981 17045]
[17046 17126]
[17127 17193]
[17194 17258]
[17259 17304]
[17305 17385]
[17386 17744]
[17745 17820]
[17821 17885]
[17886 17943]
[17944 18012]
[18013 18054]
[18055 18121]
[18122 18191]
[18192 18254]
[18255 18318]
[18319 18486]
[18487 18542]
[18543 18696]
[18697 18787]
[18788 18874]
[18875 18921]
[18922 19007]
[19008 19065]
[19066 19122]
[19123 19196]
[19197 19262]
[19263 19735]
[19736 19803]
[19804 19889]
[19890 20028]
[20029 20146]
[20147 20241]
[20242 20303]
[20304 20366]
[20367 20455]
[20456 20484]
[20485 20538]
[20539 20577]
[20578 20702]
[20703 20744]
[20745 20800]
[20801 20850]
[20851 20909]
[20910 20958]
[20959 20974]
[20975 21059]
[21060 21088]
[21089 21119]
[21120 21166]
[21167 21203]
[21204 21264]
[21265 21551]
[21552 21607]
[21608 21682]
[21683 21744]
[21745 21825]
[21826 21868]
[21869 21887]
[21888 21960]
[21961 22041]
[22042 22098]
[22099 22194]
[22195 22238]
[22239 22313]
[22314 22359]
[22360 22387]
[22388 22422]
[22423 22443]
[22444 22488]
[22489 22505]
[22506 22577]
[22578 22633]
[22634 22679]
[22680 22720]
[22721 22790]
[22791 22809]
[22810 22832]
[22833 22914]
[22915 22956]
[22957 23355]
[23356 23420]
[23421 23477]
[23478 23547]
[23548 23769]
[23770 23843]
[23844 23919]
[23920 23993]
[23994 24058]
[24059 24144]
[24145 24263]
[24264 24568]
[24569 24623]
[24624 24688]
[24689 24769]
[24770 24871]
[24872 25147]
[25148 25557]
[25558 25646]
[25647 25730]
[25731 26095]
[26097 26180]
[26181 26249]
[26250 26329]
[26330 26529]
[26530 26631]
[26632 26795]
[26796 26873]
[26874 26959]
[26960 27031]
[27032 27133]
[27134 27206]
[27207 27288]
[27289 27359]
[27360 27423]
[27424 27495]
[27496 27561]
[27562 27611]
[27612 27939]
[27941 28003]
[28004 28066]
[28067 28110]
[28111 28159]
[28160 28209]
[28210 28257]
[28258 28316]
[28317 28382]
[28383 28583]
[28584 28644]
[28645 28752]
[28753 28872]
[28873 28966]
[28967 29218]
[29219 29268]
[29269 29320]
[29321 29372]
[29373 29429]
[29430 29738]
[29739 29798]
[29799 29839]
[29840 29934]
[29935 29980]
[29981 30025]
[30026 30095]
[30096 30141]
[30142 30240]
[30241 30312]
[30313 30365]
[30366 30744]
[30745 30849]
