[ 0 29]
[ 30 341]
[342 401]
[402 451]
[452 499]
[500 528]
[529 573]
[574 615]
[616 652]
[653 740]
[741 774]
[775 826]
[ 827 1267]
[1268 1430]
[1431 1477]
[1478 1525]
[1526 1588]
[1589 1637]
[1638 1735]
[1736 1809]
[1810 1996]
[1997 2028]
[2029 2135]
[2136 2160]
[2161 2422]
[2423 2541]
[2542 2566]
[2567 2611]
[2612 2754]
[2755 3012]
[3013 3195]
[3196 3240]
[3241 3398]
[3399 3524]
[3525 3644]
[3645 3752]
[3753 3927]
[3928 4025]
[4026 4175]
[4176 4587]
[4588 4670]
[4671 4727]
[4728 4768]
[4769 4829]
[4830 4858]
[4859 4911]
[4912 4952]
[4953 5001]
[5002 5029]
[5030 5103]
[5104 5155]
[5156 5181]
[5182 5262]
[5263 5319]
[5320 5350]
[5351 5410]
[5411 5435]
[5436 5514]
[5515 5556]
[5557 5635]
[5636 5710]
[5711 5769]
[5770 5830]
[5831 5876]
[5877 5958]
[5959 6037]
[6038 6053]
[6054 6092]
[6093 6593]
[6594 6711]
[6712 6792]
[6793 6900]
[6901 6975]
[6976 7069]
[7070 7158]
[7159 7252]
[7253 7346]
[7347 7418]
[7419 7503]
[7504 7583]
[7584 7646]
[7647 7728]
[7729 7810]
[7811 7912]
[7913 8396]
[8397 8468]
[8469 8494]
[8495 8534]
[8535 8593]
[8594 8646]
[8647 8701]
[8702 8759]
[8760 8817]
[8818 8847]
[8848 8912]
[8913 8943]
[8944 9124]
[9125 9248]
[9249 9440]
[9441 9585]
[9586 9750]
[9751 9819]
[9820 9855]
[9856 9902]
[9903 9932]
[ 9933 10031]
[10032 10090]
[10091 10189]
[10190 10523]
[10524 10646]
[10647 10762]
[10763 10865]
[10866 10938]
[10939 11014]
[11015 11098]
[11099 11338]
[11339 11411]
[11412 11499]
[11500 11526]
[11527 11576]
[11577 11634]
[11635 11676]
[11677 12174]
[12175 12233]
[12234 12298]
[12299 12377]
[12378 12441]
[12442 12497]
[12498 12524]
[12525 12593]
[12594 12650]
[12651 12703]
[12704 12736]
[12737 12837]
[12838 12928]
[12929 12989]
[12990 13025]
[13026 13078]
[13079 13163]
[13164 13240]
[13241 13297]
[13298 13353]
[13354 13423]
[13424 13489]
[13490 13860]
[13861 13940]
[13941 13993]
[13994 14067]
[14068 14188]
[14189 14278]
[14279 14343]
[14344 14429]
[14430 14508]
[14509 14538]
[14539 14583]
[14584 14628]
[14629 14683]
[14684 14900]
[14901 14979]
[14980 14999]
[15000 15247]
[15248 15371]
[15372 15514]
[15515 15648]
[15649 15728]
[15729 15743]
[15744 15991]
[15992 16023]
[16024 16319]
[16320 16391]
[16392 16436]
[16437 16477]
[16478 16536]
[16537 16579]
[16580 16648]
[16649 16699]
[16700 16763]
[16764 16800]
[16801 16866]
[16867 16896]
[16897 16934]
[16935 16985]
[16986 17048]
[17049 17082]
[17083 17134]
[17135 17172]
[17173 17191]
[17192 17491]
[17492 18173]
[18174 18697]
[18698 18758]
[18759 18822]
[18823 18876]
[18877 18938]
[18939 19017]
[19018 19051]
[19052 19089]
[19090 19134]
[19135 19195]
[19196 19557]
[19558 19696]
[19697 19833]
[19834 19886]
[19887 20137]
[20138 20256]
[20257 20359]
[20360 20453]
[20454 20534]
[20535 20619]
[20620 20699]
[20700 21089]
[21090 21162]
[21163 21237]
[21238 21313]
[21314 21385]
[21386 21438]
[21439 21477]
[21478 21515]
[21516 21591]
[21592 21636]
[21637 21707]
[21708 21738]
[21739 21794]
[21795 21839]
[21840 21861]
[21862 21904]
[21905 21981]
[21982 22077]
[22078 22120]
[22121 22153]
[22154 22230]
[22231 22299]
[22300 22328]
[22329 22424]
[22425 22445]
[22446 22508]
[22509 22545]
[22546 22573]
[22574 22615]
[22616 23043]
[23044 23119]
[23120 23152]
[23153 23218]
[23219 23256]
[23257 23335]
[23336 23361]
[23362 23582]
[23583 23667]
[23668 23717]
[23718 23747]
[23748 23831]
[23832 23874]
[23875 23910]
[23911 23989]
[23990 24064]
[24065 24133]
[24134 24237]
[24238 24350]
[24351 24419]
[24420 24539]
[24540 24930]
[24931 24986]
[24987 25058]
[25059 25128]
[25129 25178]
[25179 25234]
[25235 25272]
[25273 25361]
[25362 25397]
[25398 25431]
[25432 25455]
[25456 25639]
[25640 25695]
[25696 25741]
[25742 25766]
[25767 25809]
[25810 25898]
[25899 25941]
[25942 25977]
[25978 26011]
[26012 26057]
[26058 26104]
[26105 26221]
[26222 26244]
[26245 26284]
[26285 26321]
[26322 26351]
[26352 26388]
[26389 26422]
[26423 26451]
[26452 26614]
[26615 26716]
[26717 26796]
[26798 26857]
[26858 26903]
[26904 26950]
[26951 26996]
[26997 27062]
[27063 27102]
[27103 27240]
[27241 27357]
[27358 27410]
[27411 27500]
[27501 27569]
[27570 27633]
[27634 27678]
[27679 27898]
[27899 27939]
[27940 27973]
[27974 28011]
[28012 28030]
[28031 28065]
[28066 28089]
[28090 28132]
[28133 28169]
[28170 28198]
[28200 28365]
[28366 28577]
[28578 28682]
[28683 28857]
[28858 28984]
[28985 28996]
[28997 29018]
[29019 29157]
[29158 29290]
[29291 29358]
[29359 29420]
[29421 29516]
[29517 29695]
[29696 29812]
[29813 29868]
[29869 29984]
[29985 30530]
[30531 30592]
[30593 30642]
[30643 30685]
[30686 30743]
[30744 30803]
[30804 30887]
[30888 30928]
[30929 30967]
[30968 30997]
[30998 31032]
[31033 31058]
[31059 31119]
[31120 31185]
[31186 31222]
[31223 31282]
[31283 31337]
[31338 31368]
[31369 31465]
[31466 31541]
[31542 31894]
[31895 32009]
[32010 32090]
[32091 32124]
[32125 32162]
[32163 32207]
[32208 32267]
[32268 32304]
[32305 32423]
[32424 32468]
[32469 32528]
[32529 32584]
[32585 32634]
[32635 32705]
[32706 32743]
[32744 32785]
[32786 32828]
[32829 32861]
[32862 32954]
[32955 33023]
[33024 33040]
[33041 33069]
[33070 33096]
[33097 33143]
[33144 33167]
[33168 33203]
[33204 33216]
[33217 33278]
[33279 33307]
[33308 33708]
[33709 33799]
