[ 0 32]
[ 34 383]
[384 439]
[440 475]
[476 505]
[506 533]
[534 566]
[567 597]
[598 629]
[630 658]
[659 690]
[691 727]
[728 758]
[759 785]
[786 815]
[816 855]
[856 890]
[891 923]
[ 924 1019]
[1020 1555]
[1556 1641]
[1642 1697]
[1698 1722]
[1723 1758]
[1759 1814]
[1815 1954]
[1955 1984]
[1985 2116]
[2117 2153]
[2154 2200]
[2201 2227]
[2228 2287]
[2288 2336]
[2337 2399]
[2400 2444]
[2445 2501]
[2502 2515]
[2516 2565]
[2566 2635]
[2636 2685]
[2686 2735]
[2736 2785]
[2786 2833]
[2834 2883]
[2884 2921]
[2922 2955]
[2956 3305]
[3306 3503]
[3504 3586]
[3587 3667]
[3668 3763]
[3764 3854]
[3855 3943]
[3944 4026]
[4027 4100]
[4101 4172]
[4173 4224]
[4225 4272]
[4273 4343]
[4344 4394]
[4395 4746]
[4748 4877]
[4878 4962]
[4963 5037]
[5038 5109]
[5110 5180]
[5181 5245]
[5246 5318]
[5319 5389]
[5390 5453]
[5454 5523]
[5524 5588]
[5589 5660]
[5661 5745]
[5746 6096]
[6097 6164]
[6165 6243]
[6244 6292]
[6293 6332]
[6333 6354]
[6355 6394]
[6395 6477]
[6478 6606]
[6607 6663]
[6664 6740]
[6741 6792]
[6793 6886]
[6887 6966]
[6967 7003]
[7004 7019]
[7020 7054]
[7055 7275]
[7276 7334]
[7335 7480]
[7481 7513]
[7514 7589]
[7590 7625]
[7626 8100]
[8101 8170]
[8171 8231]
[8232 8286]
[8287 8332]
[8333 8386]
[8387 8456]
[8457 8517]
[8518 8583]
[8584 8635]
[8636 8701]
[8702 8766]
[8767 8869]
[8870 8916]
[8917 8962]
[8963 9002]
[9003 9575]
[9576 9683]
[9684 9751]
[9752 9866]
[9867 9936]
[ 9937 10023]
[10024 10082]
[10083 10159]
[10160 10295]
[10296 10341]
[10342 10403]
[10404 10615]
[10616 10671]
[10672 10697]
[10698 10743]
[10744 10811]
[10812 11247]
[11248 11462]
[11463 11569]
[11570 11917]
[11918 11987]
[11988 12051]
[12052 12107]
[12108 12173]
[12174 12236]
[12237 12329]
[12330 12408]
[12409 12483]
[12484 12521]
[12522 12603]
[12604 12689]
[12690 12759]
[12760 12836]
[12837 12909]
[12910 13240]
[13241 13302]
[13303 13380]
[13381 13449]
[13450 13513]
[13514 13586]
[13587 13662]
[13663 13892]
[13893 14137]
[14138 14231]
[14232 14300]
[14301 14492]
[14493 14616]
[14617 14702]
[14703 14747]
[14748 14821]
[14822 15160]
[15161 15198]
[15199 15270]
[15271 15338]
[15339 15419]
[15420 15499]
[15500 15573]
[15574 15732]
[15733 15897]
[15898 15973]
[15974 16049]
[16050 16096]
[16097 16141]
[16142 16189]
[16190 16225]
[16226 16258]
[16259 16296]
[16297 16334]
[16335 16369]
[16370 16423]
[16424 16477]
[16478 16527]
[16528 16628]
[16629 17078]
[17080 17171]
[17172 17213]
[17214 17276]
[17277 17338]
[17339 17402]
[17403 17469]
[17470 17514]
[17515 17601]
[17602 17675]
[17676 17708]
[17709 17738]
[17739 17774]
[17775 17936]
[17937 18030]
[18031 18126]
[18127 18227]
[18228 18582]
[18584 18671]
[18672 18754]
[18755 18796]
[18797 18860]
[18861 18926]
[18927 18972]
[18973 19007]
[19008 19035]
[19036 19067]
[19068 19268]
[19269 19349]
[19350 19384]
[19385 19433]
[19434 19514]
[19515 19651]
[19652 19699]
[19700 19752]
[19753 20020]
[20021 20071]
[20072 20141]
[20142 20224]
[20225 20387]
[20388 20437]
[20438 20472]
[20473 20579]
[20580 20672]
[20673 20692]
[20693 20802]
[20803 20853]
[20854 20895]
[20896 20985]
[20986 21103]
[21104 21245]
[21246 21386]
[21387 21492]
[21493 21853]
[21855 21984]
[21985 22048]
[22049 22081]
[22082 22132]
[22133 22274]
[22275 22402]
[22403 22481]
[22482 22515]
[22516 22553]
[22554 22634]
[22635 22756]
[22757 22814]
[22815 22839]
[22840 22898]
[22899 23254]
[23255 23325]
[23326 23399]
[23400 23451]
[23452 23547]
[23548 23600]
[23601 23755]
[23756 23804]
[23805 23893]
[23894 23954]
[23955 24023]
[24024 24197]
[24198 24274]
[24275 24348]
[24349 24437]
[24438 24501]
[24502 24910]
[24911 25001]
[25002 25225]
[25226 25279]
[25280 25346]
[25347 25408]
[25409 25453]
[25454 25509]
[25510 25629]
[25630 25656]
[25657 25707]
[25708 25756]
[25757 25848]
[25849 26114]
[26116 26251]
[26252 26299]
[26300 26381]
[26382 26427]
[26428 26526]
[26527 26590]
[26591 26628]
[26629 26666]
[26667 26747]
[26748 26843]
[26844 26897]
[26898 27018]
[27019 27102]
[27103 27161]
[27162 27233]
[27234 27284]
[27285 27338]
[27339 27361]
[27362 27389]
[27390 27464]
[27465 27536]
[27537 27573]
[27574 27878]
[27879 27949]
