[ 0 16]
[ 17 272]
[273 335]
[336 377]
[378 416]
[417 462]
[463 505]
[506 548]
[549 587]
[588 672]
[673 711]
[712 920]
[ 921 1391]
[1392 1424]
[1425 1464]
[1465 1507]
[1508 1545]
[1546 1582]
[1583 1623]
[1624 1684]
[1685 1713]
[1714 1908]
[1909 2033]
[2034 2113]
[2114 2204]
[2205 2286]
[2287 2323]
[2324 2344]
[2345 2470]
[2471 2497]
[2498 2552]
[2553 2601]
[2602 2636]
[2637 2664]
[2665 2722]
[2723 3181]
[3182 3198]
[3199 3266]
[3267 3306]
[3307 3347]
[3348 3393]
[3394 3432]
[3433 3454]
[3455 3669]
[3670 3706]
[3707 3756]
[3757 3885]
[3886 4050]
[4051 4096]
[4097 4142]
[4143 4329]
[4330 4375]
[4376 4454]
[4455 4539]
[4540 4572]
[4573 4620]
[4621 4646]
[4647 4701]
[4702 4748]
[4749 4756]
[4757 5414]
[5415 5478]
[5479 5537]
[5538 5584]
[5585 5637]
[5638 5687]
[5688 5835]
[5836 5879]
[5880 5937]
[5938 5991]
[5992 6057]
[6058 6118]
[6119 6166]
[6167 6228]
[6229 6258]
[6259 6436]
[6437 6477]
[6478 6529]
[6530 6573]
[6574 6629]
[6630 6669]
[6670 6712]
[6713 6757]
[6758 7211]
[7212 7270]
[7271 7322]
[7323 7373]
[7374 7405]
[7406 7407]
[7408 7526]
[7527 7924]
[7925 7981]
[7982 8060]
[8061 8194]
[8195 8274]
[8275 8413]
[8414 8552]
[8553 8593]
[8594 8652]
[8653 8695]
[8696 8736]
[8737 8771]
[8772 8856]
[8857 9096]
[9097 9577]
[9578 9748]
[9749 9780]
[9781 9822]
[9823 9905]
[ 9906 10248]
[10249 10745]
[10746 10816]
[10817 10900]
[10901 11413]
[11414 11559]
[11560 11632]
[11633 11697]
[11698 11836]
[11837 11901]
[11902 11970]
[11971 12022]
[12023 12060]
[12061 12089]
[12090 12137]
[12138 12194]
[12195 12250]
[12251 12469]
[12470 12579]
[12580 12597]
[12598 12680]
[12681 12773]
[12774 12791]
[12792 12837]
[12838 12876]
[12877 12947]
[12948 12994]
[12995 13150]
[13151 13232]
[13233 13325]
[13326 13399]
[13400 13678]
[13679 13776]
[13777 13906]
[13907 13973]
[13974 14060]
[14061 14103]
[14104 14139]
[14140 14227]
[14228 14328]
[14329 14421]
[14422 14498]
[14499 14587]
[14588 14683]
[14684 14770]
[14771 14814]
[14815 14952]
[14953 15003]
[15004 15050]
[15051 15091]
[15092 15132]
[15133 15191]
[15192 15234]
[15235 15285]
[15286 15398]
[15399 15835]
[15836 16150]
[16151 16300]
[16301 16380]
[16381 16495]
[16496 16762]
[16763 16812]
[16813 16993]
[16994 17062]
[17063 17134]
[17135 17187]
[17188 17264]
[17265 17364]
[17365 17423]
[17424 17622]
[17623 17753]
[17754 17774]
[17775 17874]
[17875 17905]
[17906 17956]
[17957 18223]
[18224 18375]
[18376 18522]
[18523 18558]
[18559 18700]
[18701 18838]
[18839 18998]
[18999 19070]
[19071 19101]
[19102 19173]
[19174 19223]
[19224 19281]
[19282 19322]
[19323 19461]
[19462 19637]
[19638 19699]
[19700 19955]
[19957 20067]
[20068 20161]
[20162 20277]
[20278 20369]
[20370 20412]
[20413 20500]
[20501 20569]
[20570 20616]
[20617 20786]
[20787 20862]
[20863 20954]
[20955 21035]
[21036 21053]
[21054 21153]
[21154 21411]
[21412 21456]
[21457 21520]
[21521 21580]
[21581 21630]
[21631 21726]
[21727 21875]
[21876 21983]
[21984 22038]
[22039 22108]
[22109 22195]
[22196 22255]
[22256 22309]
[22310 22434]
[22435 22504]
[22505 22564]
[22565 22642]
[22643 22695]
[22696 22762]
[22763 22804]
[22805 22891]
[22892 23211]
[23213 23238]
[23239 23361]
[23362 23432]
[23433 23488]
[23489 23541]
[23542 23587]
[23588 23641]
[23642 23677]
[23678 23783]
[23784 23858]
[23859 23895]
[23896 23929]
[23930 23974]
[23975 24067]
[24068 24162]
[24163 24220]
[24221 24290]
[24291 24385]
[24386 24443]
[24444 24490]
[24491 24920]
[24921 25077]
[25078 25167]
[25168 25343]
[25344 25449]
[25450 25689]
[25690 25777]
[25778 25875]
[25876 25895]
[25896 26037]
[26038 26194]
[26195 26763]
[26764 26849]
