[0 9]
[ 10 256]
[257 318]
[319 354]
[355 401]
[402 504]
[505 546]
[547 642]
[643 676]
[677 801]
[802 901]
[ 902 1453]
[1454 1510]
[1511 1553]
[1554 1595]
[1596 1653]
[1654 1697]
[1698 1719]
[1720 1761]
[1762 1869]
[1870 1922]
[1923 1982]
[1983 2007]
[2008 2051]
[2052 2087]
[2088 2124]
[2125 2176]
[2177 2263]
[2264 2318]
[2319 2410]
[2411 2467]
[2468 2526]
[2527 2578]
[2579 2640]
[2641 2719]
[2720 2808]
[2809 2827]
[2828 2918]
[2919 3244]
[3245 3355]
[3356 3485]
[3486 3543]
[3544 3561]
[3562 3622]
[3623 3669]
[3670 3720]
[3721 3766]
[3767 3808]
[3809 3900]
[3901 3989]
[3990 4048]
[4049 4137]
[4138 4186]
[4187 4242]
[4243 4308]
[4309 4389]
[4390 4804]
[4805 4826]
[4828 4871]
[4872 4912]
[4913 4951]
[4952 4999]
[5000 5013]
[5014 5052]
[5053 5114]
[5115 5171]
[5172 5224]
[5225 5255]
[5256 5308]
[5309 5392]
[5393 5471]
[5472 5533]
[5534 5594]
[5595 5641]
[5642 5687]
[5688 5740]
[5741 5766]
[5767 5917]
[5918 6457]
[6458 6524]
[6525 6577]
[6578 6608]
[6609 6670]
[6671 6737]
[6738 6751]
[6752 6794]
[6795 6841]
[6842 6876]
[6877 6913]
[6914 7041]
[7042 7078]
[7079 7105]
[7106 7180]
[7181 7238]
[7239 7390]
[7391 7446]
[7447 7483]
[7484 7529]
[7530 7573]
[7574 7610]
[7611 7669]
[7670 7721]
[7722 7767]
[7768 7793]
[7794 7834]
[7835 7901]
[7902 8229]
[8230 8308]
[8309 8410]
[8411 8474]
[8475 8541]
[8542 8649]
[8650 8803]
[8804 8917]
[8918 9091]
[9092 9138]
[9139 9180]
[9181 9199]
[9200 9305]
[9306 9382]
[9383 9457]
[9458 9501]
[9502 9570]
[9571 9743]
[9744 9822]
[9823 9886]
[9887 9936]
[ 9937 10005]
[10006 10398]
[10399 10455]
[10456 10508]
[10509 10560]
[10561 10624]
[10625 10669]
[10670 10717]
[10718 10757]
[10758 10833]
[10834 10893]
[10894 10982]
[10983 11034]
[11035 11094]
[11095 11177]
[11178 11212]
[11213 11318]
[11319 11370]
[11371 11991]
[11992 12062]
[12063 12101]
[12102 12147]
[12148 12302]
[12303 12353]
[12354 12421]
[12422 12461]
[12462 12546]
[12547 12582]
[12583 12616]
[12617 12687]
[12688 12763]
[12764 12909]
[12910 12983]
[12984 13050]
[13051 13148]
[13149 13332]
[13333 13536]
[13537 13630]
[13631 13736]
[13737 13794]
[13795 13981]
[13982 14119]
[14120 14207]
[14208 14276]
[14277 14349]
[14350 14448]
[14449 14534]
[14535 14608]
[14609 14654]
[14655 14907]
[14908 14964]
[14965 15037]
[15038 15095]
[15096 15163]
[15164 15245]
[15246 15293]
[15294 15344]
[15345 15363]
[15364 15420]
[15421 15458]
[15459 15519]
[15520 15837]
[15838 15863]
[15864 15918]
[15919 15948]
[15949 15983]
[15984 16041]
[16042 16073]
[16074 16116]
[16117 16189]
[16190 16241]
[16242 16321]
[16322 16428]
[16429 16506]
[16507 16560]
[16561 16597]
[16598 16694]
[16695 16755]
[16756 16817]
[16818 16844]
[16845 16933]
[16934 16986]
[16987 17023]
[17024 17140]
[17141 17439]
[17440 17499]
[17500 17552]
[17553 17718]
[17719 17769]
[17770 17838]
[17839 17888]
[17889 17925]
[17926 18073]
[18074 18114]
[18115 18169]
[18170 18216]
[18217 18284]
[18285 18348]
[18349 18417]
[18418 18486]
[18487 18544]
[18545 18654]
[18655 18697]
[18698 18813]
[18814 18874]
[18875 19154]
[19155 19277]
[19278 19452]
[19453 19517]
[19518 19583]
[19584 19640]
[19641 19828]
[19829 19884]
[19885 20029]
[20030 20158]
[20159 20207]
[20208 20344]
[20345 20400]
[20401 20442]
[20443 20472]
[20473 20689]
[20690 20840]
[20841 21038]
[21039 21107]
[21108 21204]
[21205 21271]
[21272 21331]
[21332 21391]
[21392 21441]
[21442 21496]
[21497 21599]
[21600 21705]
[21706 21777]
[21778 22046]
[22047 22125]
[22126 22150]
[22151 22359]
[22360 22514]
[22515 22613]
[22614 22743]
[22744 22824]
[22825 22881]
[22882 22958]
[22959 22994]
[22995 23042]
[23043 23065]
[23066 23146]
[23147 23232]
[23233 23514]
[23515 23553]
[23554 23603]
[23604 23649]
[23650 23691]
[23692 23739]
[23740 23809]
[23810 23836]
[23837 23892]
[23893 23931]
[23932 23971]
[23972 24010]
[24011 24051]
[24052 24112]
[24113 24154]
[24155 24210]
[24211 24362]
[24363 24403]
[24404 24457]
[24458 24630]
[24631 24669]
[24670 24712]
[24713 24748]
[24749 24851]
[24852 25291]
[25292 25347]
[25348 25417]
[25418 25452]
[25453 25502]
[25503 25563]
[25564 25600]
[25601 25668]
[25669 25739]
[25740 25820]
[25821 25877]
[25878 25918]
[25919 25949]
[25950 25967]
[25968 26014]
[26015 26070]
[26071 26181]
[26182 26225]
[26226 26282]
[26283 26364]
[26365 26406]
[26407 26452]
[26453 26551]
[26552 26927]
[26928 27121]
[27122 27410]
[27411 27453]
[27454 27607]
[27608 27746]
[27747 27954]
[27955 28188]
[28189 28520]
[28521 28599]
