[ 0 18]
[ 19 374]
[375 432]
[433 457]
[458 505]
[506 520]
[521 559]
[560 602]
[603 645]
[646 683]
[684 726]
[727 769]
[770 802]
[803 854]
[ 855 1353]
[1354 1422]
[1423 1481]
[1482 1532]
[1533 1605]
[1606 1665]
[1666 1761]
[1762 1810]
[1811 1859]
[1860 1909]
[1910 1949]
[1950 1991]
[1992 2039]
[2040 2080]
[2081 2112]
[2113 2146]
[2147 2193]
[2194 2530]
[2531 2586]
[2587 2653]
[2654 2702]
[2703 2789]
[2790 2833]
[2834 3460]
[3461 3537]
[3538 3602]
[3603 3657]
[3658 3715]
[3716 3790]
[3791 3835]
[3836 3914]
[3915 4009]
[4010 4051]
[4052 4105]
[4106 4244]
[4245 4325]
[4326 4441]
[4442 4525]
[4526 4567]
[4568 4617]
[4618 4653]
[4654 4707]
[4708 4766]
[4767 4811]
[4812 4863]
[4864 4920]
[4921 5390]
[5391 5455]
[5456 5554]
[5555 5592]
[5593 5645]
[5646 5689]
[5690 5716]
[5717 5766]
[5767 5811]
[5812 5891]
[5892 6046]
[6047 6187]
[6188 6276]
[6277 6296]
[6297 6383]
[6384 6539]
[6540 6627]
[6628 6672]
[6673 6718]
[6719 6833]
[6834 7299]
[7300 7430]
[7431 7522]
[7523 7643]
[7644 7739]
[7740 7812]
[7813 8035]
[8036 8115]
[8116 8234]
[8235 8795]
[8796 8985]
[8986 9051]
[9052 9124]
[9125 9210]
[9211 9264]
[9265 9310]
[9311 9367]
[9368 9491]
[9492 9547]
[9548 9602]
[9603 9652]
[9653 9750]
[9751 9807]
[9808 9881]
[9882 9930]
[ 9931 10021]
[10022 10097]
[10098 10165]
[10166 10217]
[10218 10301]
[10302 10366]
[10367 10460]
[10461 10546]
[10547 10581]
[10582 10614]
[10615 10656]
[10657 10704]
[10705 10800]
[10801 11153]
[11154 11357]
[11358 11554]
[11555 11748]
[11749 12187]
[12188 12373]
[12374 12609]
[12610 12803]
[12804 12943]
[12944 13240]
[13241 13286]
[13287 13347]
[13348 13370]
[13371 13442]
[13443 13491]
[13492 13537]
[13538 13601]
[13602 13671]
[13672 13728]
[13729 13791]
[13792 13821]
[13822 13896]
[13897 13906]
[13907 13966]
[13967 14031]
[14032 14098]
[14099 14122]
[14123 14176]
[14177 14221]
[14222 14286]
[14287 14325]
[14326 14335]
[14336 14396]
[14397 14427]
[14428 14800]
[14801 14893]
[14894 15000]
[15001 15108]
[15109 15221]
[15222 15316]
[15317 15357]
[15358 15403]
[15404 15498]
[15499 15618]
[15619 15658]
[15659 15715]
[15716 15789]
[15790 15858]
[15859 15973]
[15974 16075]
[16076 16506]
[16507 16569]
[16570 16697]
[16698 16795]
[16796 16847]
[16848 16891]
[16892 16938]
[16939 16988]
[16989 17145]
[17146 17210]
[17211 17306]
[17307 17700]
[17701 17805]
[17806 17842]
[17843 17882]
[17883 17927]
[17928 18034]
[18035 18085]
[18086 18128]
[18129 18171]
[18172 18215]
[18216 18273]
[18274 18355]
[18356 18385]
[18386 18470]
[18471 18785]
[18786 18934]
[18935 19047]
[19048 19144]
[19145 19206]
[19207 19275]
[19276 19345]
[19346 19415]
[19416 19505]
[19506 19637]
[19638 19773]
[19774 19867]
[19868 19978]
[19979 20352]
[20353 20441]
[20442 20511]
[20512 20575]
[20576 20595]
[20596 20655]
[20656 20697]
[20698 20776]
[20777 20818]
[20819 20885]
[20886 20933]
[20934 21003]
[21004 21059]
[21060 21109]
[21110 21125]
[21126 21182]
[21183 21232]
[21233 21278]
[21279 21354]
[21355 21396]
[21397 21411]
[21412 21447]
[21448 21494]
[21495 21534]
[21535 21565]
[21566 21593]
[21594 21639]
[21640 21678]
[21679 21956]
[21957 22057]
[22058 22135]
[22136 22184]
[22185 22233]
[22234 22282]
[22283 22334]
[22335 22440]
[22441 22534]
[22535 22677]
[22678 22946]
[22947 23063]
[23064 23175]
[23176 23221]
[23222 23273]
[23274 23314]
[23315 23354]
[23355 23378]
[23379 23664]
[23665 23920]
[23921 24035]
[24036 24183]
[24184 24317]
[24318 24485]
[24486 24562]
[24563 24595]
[24596 24634]
[24635 24729]
[24730 24772]
[24773 24862]
[24863 25040]
[25041 25121]
[25122 25298]
[25299 25516]
[25517 25573]
[25574 25671]
[25672 25765]
[25766 25802]
[25803 25838]
[25839 26029]
[26030 26092]
[26093 26748]
[26749 26769]
[26770 26794]
[26795 26906]
[26907 27072]
[27073 27203]
[27204 27391]
[27392 27472]
[27473 27526]
[27527 27556]
[27557 27617]
[27618 27926]
[27927 27999]
