[0 3]
[  5 227]
[228 287]
[288 330]
[331 367]
[368 414]
[415 459]
[460 501]
[502 538]
[539 588]
[589 663]
[664 711]
[712 761]
[762 873]
[ 874 1256]
[1257 1287]
[1288 1339]
[1340 1365]
[1366 1431]
[1432 1475]
[1476 1516]
[1517 1581]
[1582 1615]
[1616 1687]
[1688 1772]
[1773 1836]
[1837 1901]
[1902 1998]
[1999 2132]
[2133 2197]
[2198 2276]
[2277 2318]
[2319 2451]
[2452 2783]
[2784 2918]
[2919 3063]
[3064 3152]
[3153 3239]
[3240 3305]
[3306 3356]
[3358 3404]
[3405 3526]
[3527 3558]
[3559 3706]
[3707 3878]
[3879 3959]
[3960 4185]
[4186 4331]
[4332 4974]
[4975 5029]
[5030 5172]
[5173 5253]
[5254 5304]
[5305 5364]
[5365 5416]
[5417 5477]
[5478 5513]
[5514 5567]
[5568 5626]
[5627 5665]
[5666 5725]
[5726 6017]
[6018 6104]
[6105 6143]
[6144 6206]
[6207 6289]
[6290 6318]
[6319 6346]
[6347 6388]
[6389 6468]
[6469 6533]
[6534 6657]
[6658 6703]
[6704 6755]
[6756 6837]
[6838 6900]
[6901 6963]
[6964 7084]
[7085 7151]
[7152 7231]
[7232 7282]
[7283 7339]
[7340 7406]
[7407 7470]
[7471 7559]
[7560 7917]
[7918 7953]
[7954 8001]
[8002 8044]
[8045 8094]
[8095 8144]
[8145 8181]
[8182 8242]
[8243 8324]
[8325 8368]
[8369 8505]
[8506 8548]
[8549 8592]
[8593 8643]
[8644 8694]
[8695 8833]
[8834 8967]
[8968 9039]
[9040 9097]
[9098 9159]
[9160 9247]
[9248 9289]
[9290 9386]
[9387 9629]
[ 9630 10133]
[10134 10213]
[10215 10258]
[10259 10343]
[10344 10430]
[10431 10487]
[10488 10502]
[10503 10548]
[10549 10574]
[10575 10658]
[10659 10702]
[10703 10770]
[10771 10881]
[10882 10928]
[10929 10958]
[10959 11013]
[11014 11220]
[11221 11309]
[11310 11370]
[11371 11413]
[11414 11540]
[11541 11580]
[11581 11674]
[11675 11710]
[11711 11743]
[11744 11780]
[11781 11820]
[11821 11854]
[11855 11910]
[11911 11955]
[11956 12014]
[12015 12114]
[12115 12461]
[12462 12522]
[12523 12570]
[12571 12620]
[12621 12674]
[12675 12729]
[12730 12771]
[12772 12822]
[12823 12872]
[12873 12918]
[12919 12964]
[12965 13003]
[13004 13050]
[13051 13092]
[13093 13149]
[13150 13200]
[13201 13245]
[13246 13302]
[13303 13344]
[13345 13790]
[13791 13940]
[13941 14053]
[14054 14194]
[14195 14340]
[14341 14502]
[14503 14552]
[14553 14938]
[14939 15302]
[15303 15671]
[15672 15690]
[15691 15993]
[15994 16075]
[16076 16166]
[16167 16203]
[16204 16527]
[16528 16703]
[16704 16817]
[16818 16920]
[16921 16933]
[16934 17154]
[17155 17210]
[17211 17291]
[17292 17373]
[17374 17451]
[17452 17525]
[17526 17600]
[17601 17651]
[17652 17709]
[17710 17784]
[17785 17852]
[17853 17920]
[17921 17978]
[17979 18016]
[18017 18058]
[18059 18476]
[18477 18604]
[18605 18923]
[18924 19050]
[19051 19133]
[19134 19310]
[19311 19408]
[19409 19529]
[19530 19625]
[19626 19725]
[19726 19818]
[19819 19821]
[19822 19884]
[19885 20207]
[20208 20417]
[20418 20466]
[20467 20523]
[20524 20670]
[20671 20766]
[20767 20825]
[20826 20876]
[20877 20950]
[20951 21067]
[21068 21247]
[21248 21373]
[21374 21413]
[21414 21578]
[21579 21852]
[21853 21948]
[21949 22016]
[22017 22108]
[22109 22158]
[22159 22356]
[22357 22412]
[22413 22446]
[22447 22490]
[22491 22585]
[22586 22614]
[22615 22709]
[22710 22782]
[22783 22824]
[22825 22966]
[22967 23130]
[23131 23495]
[23496 23562]
[23563 23634]
[23635 23723]
[23724 23841]
[23842 23983]
[23984 24218]
[24219 24331]
[24332 24386]
[24387 24455]
[24456 24491]
[24492 24589]
[24590 24727]
[24728 24995]
[24996 25061]
[25062 25229]
[25230 25282]
[25283 25329]
[25330 25410]
[25411 25480]
[25481 25519]
[25520 25548]
[25549 25862]
[25863 25949]
