[0 3]
[  5 248]
[249 308]
[309 339]
[340 406]
[407 435]
[436 478]
[479 518]
[519 559]
[560 605]
[606 651]
[652 682]
[683 732]
[ 733 1114]
[1115 1164]
[1165 1218]
[1219 1286]
[1287 1348]
[1349 1383]
[1384 1501]
[1502 1544]
[1545 1602]
[1603 1635]
[1636 1696]
[1697 1740]
[1741 1799]
[1800 1856]
[1857 1938]
[1939 1981]
[1982 2061]
[2062 2087]
[2088 2147]
[2148 2213]
[2214 2244]
[2245 2286]
[2287 2335]
[2336 2380]
[2381 2422]
[2423 2457]
[2458 2491]
[2492 2546]
[2547 2586]
[2587 2879]
[2880 2912]
[2913 3029]
[3030 3113]
[3114 3180]
[3181 3257]
[3258 3384]
[3385 3441]
[3442 3508]
[3509 3621]
[3622 3741]
[3742 3865]
[3866 3970]
[3971 4043]
[4044 4110]
[4111 4174]
[4175 4627]
[4628 4700]
[4701 4719]
[4720 4854]
[4855 4891]
[4892 4926]
[4927 5031]
[5032 5080]
[5081 5206]
[5207 5277]
[5278 5362]
[5363 5470]
[5471 5653]
[5654 5708]
[5709 5858]
[5859 5939]
[5940 6025]
[6026 6095]
[6096 6141]
[6142 6181]
[6182 6656]
[6657 6742]
[6743 6787]
[6788 6864]
[6865 6983]
[6984 7110]
[7111 7191]
[7192 7403]
[7404 7492]
[7493 7545]
[7546 7671]
[7672 7803]
[7804 7868]
[7869 7961]
[7962 8019]
[8020 8185]
[8186 8724]
[8725 8797]
[8798 8870]
[8871 8956]
[8957 8981]
[8982 9043]
[9044 9111]
[9112 9182]
[9183 9257]
[9258 9300]
[9301 9367]
[9368 9401]
[9402 9459]
[9460 9517]
[9518 9558]
[9559 9629]
[9630 9691]
[9692 9739]
[9740 9801]
[9802 9856]
[9857 9900]
[9901 9925]
[9926 9987]
[ 9988 10051]
[10052 10124]
[10125 10167]
[10168 10224]
[10225 10621]
[10622 10709]
[10710 10792]
[10793 10815]
[10816 10910]
[10911 11050]
[11051 11124]
[11125 11238]
[11239 11346]
[11347 11414]
[11415 11501]
[11502 11553]
[11554 11626]
[11627 11815]
[11816 11907]
[11908 11956]
[11957 12024]
[12025 12087]
[12088 12165]
[12166 12346]
[12347 12603]
[12604 12764]
[12765 12901]
[12902 13252]
[13253 13406]
[13407 13780]
[13781 13999]
[14000 14365]
[14366 14580]
[14581 15034]
[15035 15102]
[15103 15206]
[15207 15472]
[15473 15593]
[15594 15729]
[15730 15814]
[15815 15938]
[15939 15974]
[15975 16081]
[16082 16221]
[16222 16374]
[16375 16412]
[16413 16467]
[16468 16499]
[16500 16543]
[16544 16621]
[16622 16816]
[16817 16887]
[16888 16931]
[16932 17016]
[17017 17141]
[17142 17208]
[17209 17302]
[17303 17350]
[17351 17427]
[17428 17532]
[17533 17601]
[17602 17658]
[17659 17705]
[17706 17862]
[17863 17921]
[17922 17960]
[17961 18003]
[18004 18044]
[18045 18103]
[18104 18157]
[18158 18197]
[18198 18305]
[18306 18607]
[18608 18860]
[18861 18954]
[18955 19004]
[19005 19047]
[19048 19137]
[19138 19211]
[19212 19251]
[19252 19325]
[19326 19358]
[19359 19400]
[19401 19573]
[19574 19626]
[19627 19672]
[19673 19701]
[19702 19733]
[19734 19800]
[19801 20088]
[20089 20177]
[20178 20237]
[20238 20332]
[20333 20395]
[20396 20562]
[20563 20593]
[20594 20635]
[20636 20706]
[20707 20787]
[20788 20822]
[20823 20893]
[20894 20970]
[20971 21021]
[21022 21355]
[21356 21428]
[21429 21509]
[21510 21608]
[21609 21736]
[21737 21804]
[21805 21876]
[21877 21935]
[21936 21985]
[21986 22115]
[22116 22231]
[22232 22259]
[22260 22312]
[22313 22367]
[22368 22433]
[22434 22507]
[22508 22551]
[22552 22593]
[22594 22651]
[22652 22749]
[22750 23069]
[23070 23284]
[23286 23350]
[23351 23389]
[23390 23452]
[23453 23499]
[23500 23543]
[23544 23603]
[23604 23662]
[23663 23688]
[23689 23704]
[23705 23967]
[23968 24037]
[24038 24076]
[24077 24164]
[24165 24281]
[24282 24337]
[24338 24412]
[24413 24432]
[24433 24460]
[24461 24535]
[24536 24587]
[24588 24630]
[24631 24682]
[24683 24744]
[24745 24817]
[24818 24849]
[24850 24889]
[24890 24927]
[24928 25062]
[25063 25099]
[25100 25422]
[25423 25542]
[25543 25617]
[25618 25690]
[25691 25829]
[25830 26002]
[26003 26083]
[26084 26186]
[26187 26238]
[26239 26292]
[26293 26341]
[26342 26407]
[26408 26460]
[26461 26537]
[26538 26914]
[26915 27383]
[27384 27670]
[27671 27749]
