[ 0 31]
[ 32 283]
[284 335]
[336 366]
[367 402]
[403 436]
[437 462]
[463 500]
[501 541]
[542 586]
[587 618]
[619 648]
[649 681]
[682 711]
[712 753]
[754 790]
[791 827]
[828 914]
[ 915 1532]
[1533 1588]
[1589 1620]
[1621 1663]
[1664 1704]
[1705 1764]
[1765 1803]
[1804 1841]
[1842 1881]
[1882 1919]
[1920 1957]
[1958 2002]
[2003 2022]
[2023 2076]
[2077 2196]
[2197 2268]
[2269 2344]
[2345 2518]
[2519 2545]
[2546 2596]
[2597 2634]
[2635 2740]
[2741 2781]
[2782 2817]
[2818 2851]
[2852 2897]
[2898 2970]
[2971 3005]
[3006 3028]
[3029 3426]
[3427 3545]
[3546 3618]
[3619 3669]
[3670 3749]
[3750 3825]
[3826 3892]
[3893 4058]
[4059 4113]
[4114 4186]
[4187 4230]
[4231 4262]
[4263 4302]
[4303 4349]
[4350 4780]
[4781 4840]
[4841 4867]
[4868 4936]
[4937 4984]
[4985 5036]
[5037 5120]
[5121 5174]
[5175 5427]
[5428 5649]
[5650 5862]
[5863 5918]
[5919 5966]
[5967 6024]
[6025 6048]
[6049 6126]
[6127 6174]
[6175 6437]
[6438 6526]
[6527 6623]
[6624 6675]
[6676 6748]
[6749 6799]
[6800 6863]
[6864 6950]
[6951 7025]
[7026 7086]
[7087 7197]
[7198 7246]
[7247 7264]
[7265 7339]
[7340 7415]
[7416 7865]
[7866 7894]
[7895 7943]
[7944 7989]
[7990 8182]
[8183 8217]
[8218 8308]
[8309 8385]
[8386 8480]
[8481 8544]
[8545 8614]
[8615 8749]
[8750 8797]
[8798 8849]
[8850 8908]
[8909 8940]
[8941 8992]
[8993 9051]
[9052 9115]
[9116 9143]
[9144 9186]
[9187 9251]
[9252 9308]
[9309 9363]
[9364 9721]
[9722 9823]
[9824 9925]
[9926 9973]
[ 9974 10013]
[10014 10052]
[10053 10098]
[10099 10163]
[10164 10199]
[10200 10274]
[10275 10318]
[10319 10478]
[10479 10581]
[10582 10722]
[10723 10837]
[10838 10891]
[10892 10969]
[10970 11033]
[11034 11079]
[11080 11137]
[11138 11203]
[11204 11259]
[11260 11300]
[11301 11343]
[11344 11389]
[11390 11439]
[11440 11549]
[11550 11587]
[11588 11623]
[11624 11702]
[11703 11908]
[11909 11965]
[11966 11998]
[11999 12099]
[12100 12179]
[12180 12260]
[12261 12394]
[12395 12463]
[12465 12500]
[12501 12997]
[12998 13194]
[13195 13277]
[13278 13358]
[13359 13454]
[13455 13533]
[13534 14038]
[14039 14157]
[14158 14244]
[14245 14359]
[14360 14452]
[14453 14503]
[14504 14573]
[14574 14624]
[14625 14771]
[14772 14820]
[14821 14912]
[14913 14965]
[14966 15008]
[15009 15036]
[15037 15088]
[15089 15133]
[15134 15486]
[15487 15506]
[15507 15586]
[15587 15716]
[15717 15756]
[15757 15838]
[15839 16055]
[16056 16130]
[16131 16218]
[16219 16308]
[16309 16418]
[16419 16448]
[16449 16499]
[16500 16543]
[16544 16603]
[16604 16887]
[16888 17022]
[17023 17191]
[17192 17272]
[17273 17325]
[17326 17457]
[17458 17567]
[17568 17658]
[17659 17758]
[17759 17806]
[17807 17850]
[17851 17891]
[17892 18107]
[18108 18245]
[18246 18355]
[18356 18397]
[18398 18456]
[18457 18506]
[18507 18561]
[18562 18621]
[18622 18675]
[18676 18730]
[18731 18802]
[18803 18850]
[18851 18921]
[18922 18957]
[18958 19019]
[19020 19084]
[19085 19140]
[19141 19180]
[19181 19219]
[19220 19253]
[19254 19320]
[19321 19363]
[19364 19418]
[19419 19489]
[19490 19580]
[19581 19857]
[19858 20034]
[20035 20104]
[20105 20157]
[20158 20238]
[20239 20294]
[20295 20365]
[20366 20409]
[20410 20476]
[20477 20545]
[20546 20593]
[20594 20650]
[20651 20705]
[20706 20785]
[20786 20841]
[20842 20892]
[20893 20965]
[20966 21034]
[21035 21141]
[21142 21402]
[21403 21466]
[21467 21514]
[21515 21599]
[21600 21643]
[21644 21706]
[21707 21758]
[21759 21819]
[21820 21853]
[21854 21890]
[21891 21925]
[21926 22029]
[22030 22076]
[22077 22122]
[22123 22191]
[22192 22256]
[22257 22301]
[22302 22347]
[22348 22393]
[22394 22419]
[22420 22478]
[22479 22527]
[22528 22571]
[22572 22605]
[22606 22634]
[22635 22664]
[22665 22692]
[22693 22734]
[22735 22816]
[22817 23060]
[23061 23097]
[23098 23140]
[23141 23195]
[23196 23266]
[23267 23350]
[23351 23508]
[23509 23600]
[23602 23637]
[23638 23699]
[23700 23795]
[23796 23854]
[23855 23947]
[23948 24012]
[24013 24078]
[24079 24139]
[24140 24195]
[24196 24244]
[24245 24387]
[24388 24580]
[24581 24673]
[24674 24741]
[24742 24807]
[24808 24855]
[24856 24937]
[24938 24996]
[24997 25048]
[25049 25112]
[25113 25184]
[25185 25335]
[25336 25430]
[25431 25699]
[25700 25810]
[25811 25905]
[25906 25985]
[25986 26140]
[26141 26215]
[26216 26287]
[26288 26371]
[26372 26426]
[26427 26511]
[26512 26594]
[26595 26697]
[26698 26777]
[26778 26855]
[26856 26922]
[26923 27239]
[27240 27334]
[27335 27410]
[27411 27527]
[27528 27588]
[27589 27616]
[27617 27760]
[27761 27821]
[27822 27879]
[27880 27933]
[27934 27963]
[27964 28029]
[28030 28115]
[28116 28184]
[28185 28251]
[28252 28385]
[28386 28666]
[28667 28793]
[28794 28877]
[28878 28967]
[28968 29049]
[29050 29152]
[29153 29185]
[29186 29240]
[29241 29326]
[29327 29405]
[29406 29446]
[29447 29534]
[29535 29583]
[29584 29876]
[29878 29949]
