[ 0 29]
[ 30 289]
[290 347]
[348 380]
[381 411]
[412 442]
[443 474]
[475 507]
[508 538]
[539 569]
[570 598]
[599 631]
[632 662]
[663 693]
[694 723]
[724 814]
[815 925]
[ 926 1314]
[1316 1410]
[1411 1500]
[1501 1564]
[1565 1628]
[1629 1704]
[1705 1726]
[1727 1811]
[1812 1864]
[1865 1940]
[1941 2030]
[2031 2108]
[2109 2160]
[2161 2237]
[2238 2296]
[2297 2336]
[2337 2488]
[2489 2567]
[2568 2642]
[2643 2724]
[2725 2797]
[2798 2848]
[2849 3146]
[3148 3277]
[3278 3438]
[3439 3486]
[3487 3591]
[3592 3703]
[3704 3779]
[3780 3912]
[3913 4032]
[4033 4149]
[4150 4347]
[4348 4394]
[4395 4431]
[4432 4475]
[4476 4528]
[4529 4570]
[4571 4619]
[4620 4664]
[4665 4706]
[4707 4738]
[4739 4778]
[4779 5032]
[5033 5309]
[5310 5599]
[5600 5619]
[5620 5724]
[5725 5768]
[5769 5890]
[5891 5933]
[5934 5995]
[5996 6093]
[6094 6156]
[6157 6258]
[6259 6327]
[6328 6412]
[6413 6475]
[6476 6528]
[6529 6548]
[6549 6615]
[6616 6679]
[6680 6739]
[6740 6812]
[6813 6917]
[6918 6989]
[6990 7067]
[7068 7171]
[7172 7788]
[7789 7840]
[7841 7887]
[7888 7945]
[7946 8089]
[8090 8141]
[8142 8218]
[8219 8275]
[8276 8335]
[8336 8388]
[8389 8438]
[8439 8485]
[8486 8535]
[8536 8585]
[8586 8656]
[8657 8893]
[8894 8934]
[8935 8979]
[8980 9022]
[9023 9060]
[9061 9098]
[9099 9138]
[9139 9198]
[9199 9239]
[9240 9286]
[9287 9337]
[9338 9378]
[9379 9421]
[9422 9470]
[9471 9480]
[9481 9523]
[9524 9552]
[ 9553 10066]
[10067 10365]
[10366 10480]
[10481 10604]
[10605 10728]
[10729 10853]
[10854 10977]
[10978 11118]
[11119 11569]
[11571 11664]
[11665 11727]
[11728 11877]
[11878 11958]
[11959 12031]
[12032 12081]
[12082 12126]
[12127 12243]
[12244 12333]
[12334 12397]
[12398 12495]
[12496 12507]
[12508 12997]
[12999 13127]
[13128 13233]
[13234 13418]
[13419 13836]
[13838 13937]
[13938 13998]
[13999 14093]
[14094 14170]
[14171 14265]
[14266 14331]
[14332 14401]
[14402 14476]
[14477 14523]
[14524 14598]
[14599 14713]
[14714 14825]
[14826 14909]
[14910 14999]
[15000 15141]
[15142 15192]
[15193 15253]
[15254 15282]
[15283 15321]
[15322 15386]
[15387 15417]
[15418 15449]
[15450 15475]
[15476 15501]
[15502 15581]
[15582 16119]
[16120 16155]
[16156 16215]
[16216 16342]
[16343 16484]
[16485 16559]
[16560 16633]
[16634 16719]
[16720 16829]
[16830 16940]
[16941 17399]
[17401 17560]
[17561 17652]
[17653 17980]
[17981 17989]
[17990 18122]
[18123 18222]
[18223 18463]
[18464 18558]
[18559 18609]
[18610 18712]
[18713 18814]
[18815 18893]
[18894 18946]
[18947 18993]
[18994 19035]
[19036 19080]
[19081 19167]
[19168 19247]
[19248 19322]
[19323 19389]
[19390 19515]
[19516 19641]
[19642 19724]
[19725 19816]
[19817 19861]
[19862 19929]
[19930 19981]
[19982 20058]
[20059 20086]
[20087 20177]
[20178 20228]
[20229 20273]
[20274 20313]
[20314 20358]
[20359 20398]
[20399 20495]
[20496 20823]
[20824 20937]
[20938 21014]
[21015 21074]
[21075 21144]
[21145 21223]
[21224 21398]
[21399 21747]
[21748 21887]
[21888 21940]
[21941 21993]
[21994 22082]
[22083 22413]
[22414 22593]
[22594 22725]
[22726 22874]
[22875 22881]
[22882 23105]
[23106 23357]
[23358 23433]
[23434 23453]
[23454 23621]
[23622 23793]
[23794 23912]
[23913 23933]
[23934 24359]
[24360 24430]
[24431 24572]
[24573 24668]
[24669 24741]
[24742 24771]
[24772 24831]
[24832 24894]
[24895 24934]
[24935 24983]
[24984 25133]
[25135 25249]
[25250 25303]
[25304 25379]
[25380 25473]
[25474 25537]
[25538 25606]
[25607 25655]
[25656 25686]
[25687 25727]
[25728 25757]
[25758 25827]
[25828 25876]
[25877 25909]
[25910 25955]
[25956 26069]
[26070 26117]
[26118 26224]
[26225 26404]
[26405 26549]
[26550 26811]
[26812 26962]
[26963 27063]
[27064 27180]
[27181 27305]
[27306 27430]
[27431 27555]
[27556 27649]
[27650 27738]
[27739 27836]
[27837 28159]
[28160 28249]
