[ 0 15]
[ 17 350]
[351 410]
[411 452]
[453 496]
[497 537]
[538 580]
[581 623]
[624 661]
[662 704]
[705 747]
[748 786]
[787 838]
[839 884]
[885 996]
[ 997 1383]
[1384 1437]
[1438 1499]
[1500 1619]
[1620 1709]
[1710 1834]
[1835 1857]
[1858 1931]
[1932 1981]
[1982 2018]
[2019 2058]
[2059 2108]
[2109 2165]
[2166 2232]
[2233 2299]
[2300 2330]
[2331 2395]
[2396 2460]
[2461 2494]
[2495 2545]
[2546 2600]
[2601 2652]
[2653 2681]
[2682 3193]
[3194 3271]
[3272 3307]
[3308 3354]
[3355 3389]
[3390 3603]
[3604 3662]
[3663 3720]
[3721 3781]
[3782 3824]
[3825 3872]
[3873 3924]
[3925 3968]
[3969 4021]
[4022 4053]
[4054 4072]
[4073 4225]
[4226 4256]
[4257 4289]
[4290 4328]
[4329 4359]
[4360 4400]
[4401 4436]
[4437 4480]
[4481 4533]
[4534 4606]
[4607 4938]
[4939 5090]
[5091 5212]
[5213 5327]
[5328 5348]
[5349 5423]
[5424 5520]
[5521 5616]
[5617 5918]
[5919 6422]
[6423 6488]
[6489 6577]
[6578 6623]
[6624 6713]
[6714 6782]
[6783 6949]
[6950 7004]
[7005 7045]
[7046 7156]
[7157 7186]
[7187 7242]
[7243 7285]
[7286 7319]
[7320 7327]
[7328 7360]
[7361 7431]
[7432 7451]
[7452 7482]
[7483 7497]
[7498 7568]
[7569 7590]
[7591 7635]
[7636 7649]
[7650 7690]
[7691 7704]
[7705 7727]
[7728 7769]
[7770 8101]
[8102 8188]
[8189 8483]
[8484 8557]
[8558 8595]
[8596 8773]
[8774 8805]
[8806 8865]
[8866 8910]
[8911 8961]
[8962 9034]
[9035 9099]
[9100 9304]
[9305 9366]
[9367 9423]
[9424 9500]
[9501 9646]
[9647 9697]
[9698 9732]
[9733 9755]
[9756 9793]
[9794 9826]
[9827 9877]
[9878 9928]
[9929 9969]
[ 9970 10004]
[10005 10092]
[10093 10422]
[10423 10501]
[10502 10542]
[10543 10589]
[10590 10626]
[10627 10691]
[10692 10789]
[10790 10877]
[10878 10995]
[10996 11116]
[11117 11194]
[11195 11261]
[11262 11532]
[11533 11593]
[11594 11681]
[11682 11749]
[11750 11831]
[11832 11897]
[11898 11966]
[11967 12044]
[12045 12117]
[12118 12161]
[12162 12249]
[12250 12388]
[12389 12456]
[12457 12527]
[12528 12801]
[12802 12852]
[12853 12959]
[12960 13061]
[13062 13227]
[13228 13289]
[13290 13412]
[13413 13513]
[13514 13625]
[13626 13697]
[13698 13750]
[13751 13814]
[13815 14088]
[14089 14479]
[14480 14932]
[14933 15089]
[15090 15346]
[15347 15500]
[15501 15583]
[15584 15674]
[15675 15756]
[15757 15818]
[15819 15906]
[15907 15992]
[15993 16071]
[16072 16163]
[16164 16248]
[16249 16323]
[16324 16386]
[16387 16451]
[16452 16681]
[16682 16731]
[16732 16824]
[16825 17095]
[17096 17229]
[17230 17331]
[17332 17456]
[17457 17555]
[17556 17612]
[17613 17716]
[17717 17952]
[17953 18013]
[18014 18066]
[18067 18136]
[18137 18231]
[18232 18318]
[18319 18397]
[18398 18452]
[18453 18517]
[18518 18593]
[18594 18757]
[18758 18861]
[18862 18926]
[18927 19232]
[19233 19283]
[19284 19363]
[19364 19412]
[19413 19471]
[19472 19514]
[19515 19555]
[19556 19590]
[19591 19681]
[19682 19957]
[19958 20063]
[20064 20114]
[20115 20174]
[20175 20221]
[20222 20272]
[20273 20353]
[20354 20447]
[20448 20549]
[20550 20617]
[20618 20714]
[20715 20953]
[20954 20997]
[20998 21085]
[21086 21154]
[21155 21190]
[21191 21292]
[21293 21667]
[21668 21885]
[21886 22040]
[22041 22114]
[22115 22170]
[22171 22249]
[22250 22334]
[22335 22477]
[22478 22525]
[22526 22618]
[22619 22694]
[22695 23131]
[23133 23270]
[23271 23350]
[23351 23445]
[23446 23582]
[23583 23672]
[23673 23752]
[23753 23814]
[23815 23900]
[23901 24053]
[24054 24123]
[24124 24177]
[24178 24273]
[24274 24335]
[24336 24457]
[24458 24508]
[24509 24989]
[24990 25138]
[25139 25224]
[25225 25241]
[25242 25282]
[25283 25315]
[25316 25336]
[25337 25362]
[25363 25385]
[25386 25409]
[25410 25452]
[25453 25489]
[25490 25537]
[25538 25638]
[25639 25669]
[25670 25733]
[25734 25828]
[25829 25913]
[25914 25953]
[25954 25991]
[25992 26023]
[26024 26077]
[26078 26495]
[26496 26579]
[26580 26654]
[26655 26711]
[26712 26776]
[26777 26842]
[26843 26960]
[26961 27090]
[27091 27169]
[27170 27218]
[27219 27279]
[27280 27331]
[27332 27414]
[27415 27732]
[27733 27836]
[27837 27926]
[27927 27990]
[27991 28048]
[28049 28095]
[28096 28131]
[28132 28199]
[28200 28236]
[28237 28278]
[28279 28313]
[28314 28351]
[28352 28379]
[28380 28420]
[28421 28464]
[28465 28506]
[28507 28568]
[28569 28632]
[28633 28678]
[28679 28727]
[28728 28983]
[28984 29034]
[29035 29100]
[29101 29150]
[29151 29212]
[29213 29272]
[29273 29737]
[29738 29881]
[29882 29931]
[29932 30100]
[30101 30234]
[30235 30750]
[30751 30843]
[30844 30954]
[30955 31067]
[31068 31448]
[31450 31512]
[31513 31609]
[31610 31676]
[31677 31729]
[31730 31853]
[31854 31900]
[31901 32008]
[32009 32163]
[32164 32622]
[32623 32957]
[32958 33226]
[33227 33402]
[33403 33588]
[33589 33691]
[33692 33761]
[33762 34118]
[34119 34249]
