[0 1]
[  2 327]
[328 385]
[386 421]
[422 451]
[452 479]
[480 512]
[513 543]
[544 573]
[574 602]
[603 636]
[637 673]
[674 704]
[705 731]
[732 761]
[762 795]
[796 841]
[842 872]
[873 973]
[ 974 1491]
[1492 1546]
[1547 1610]
[1611 1661]
[1662 1712]
[1713 1771]
[1772 1826]
[1827 1862]
[1863 2142]
[2143 2204]
[2205 2261]
[2262 2314]
[2315 2379]
[2380 2450]
[2451 2512]
[2513 2589]
[2590 2629]
[2630 2686]
[2687 2739]
[2740 2808]
[2809 2889]
[2890 2943]
[2944 3340]
[3341 3445]
[3446 3533]
[3534 3678]
[3679 3744]
[3745 3780]
[3781 3884]
[3885 3956]
[3957 4023]
[4024 4084]
[4085 4142]
[4143 4214]
[4215 4309]
[4310 4373]
[4374 4429]
[4430 4478]
[4479 4540]
[4541 4602]
[4603 4976]
[4977 5033]
[5034 5075]
[5076 5120]
[5121 5167]
[5168 5235]
[5236 5271]
[5272 5329]
[5330 5507]
[5508 5561]
[5562 5580]
[5581 5626]
[5627 5721]
[5722 5811]
[5812 5932]
[5933 6014]
[6015 6104]
[6105 6167]
[6168 6231]
[6232 6276]
[6277 6353]
[6354 6434]
[6435 6747]
[6748 6861]
[6862 6951]
[6952 7030]
[7031 7098]
[7099 7180]
[7181 7261]
[7262 7340]
[7341 7411]
[7412 7520]
[7521 7707]
[7708 8089]
[8090 8120]
[8121 8186]
[8187 8245]
[8246 8303]
[8304 8363]
[8364 8424]
[8425 8485]
[8486 8550]
[8551 8608]
[8609 8683]
[8684 8726]
[8727 8811]
[8812 8940]
[8941 8991]
[8992 9010]
[9011 9051]
[9052 9088]
[9089 9148]
[9149 9184]
[9185 9246]
[9247 9316]
[9317 9347]
[9348 9432]
[9433 9505]
[9506 9565]
[9566 9615]
[9616 9665]
[9666 9701]
[9702 9748]
[9749 9785]
[9786 9823]
[ 9824 10284]
[10285 10562]
[10563 10684]
[10685 10731]
[10732 10788]
[10789 10841]
[10842 10876]
[10877 10921]
[10922 11038]
[11039 11083]
[11084 11103]
[11104 11129]
[11130 11192]
[11193 11253]
[11254 11298]
[11299 11361]
[11362 11393]
[11394 11447]
[11448 11477]
[11478 11512]
[11513 11557]
[11558 11594]
[11595 11633]
[11634 11677]
[11678 11726]
[11727 11796]
[11797 11850]
[11851 11939]
[11940 11976]
[11977 12012]
[12013 12049]
[12050 12084]
[12085 12119]
[12120 12164]
[12165 12209]
[12210 12251]
[12252 12286]
[12287 12380]
[12381 12843]
[12844 12917]
[12918 12979]
[12980 13057]
[13058 13133]
[13134 13199]
[13200 13260]
[13261 13387]
[13388 13441]
[13442 13534]
[13535 13586]
[13587 13654]
[13655 13747]
[13748 14077]
[14078 14172]
[14173 14338]
[14339 14530]
[14531 14612]
[14613 14926]
[14927 15112]
[15113 15279]
[15280 15704]
[15705 15744]
[15745 15805]
[15806 15865]
[15866 15922]
[15923 15991]
[15992 16061]
[16062 16102]
[16103 16130]
[16131 16217]
[16218 16278]
[16279 16315]
[16316 16355]
[16356 16425]
[16426 16461]
[16462 16522]
[16523 16554]
[16555 16613]
[16614 16676]
[16677 17010]
[17011 17119]
[17120 17245]
[17246 17341]
[17342 17449]
[17450 17581]
[17582 17701]
[17702 17800]
[17801 17884]
[17885 17971]
[17972 18288]
[18289 19346]
[19347 19397]
[19398 19444]
[19445 19485]
[19486 19526]
[19527 19570]
[19571 19600]
[19601 19629]
[19630 19661]
[19662 19696]
[19697 19790]
[19791 20059]
[20060 20167]
[20168 20317]
[20318 20593]
[20594 20823]
[20824 21113]
[21114 21152]
[21153 21250]
[21251 21314]
[21315 21365]
[21366 21456]
[21457 21551]
[21552 21672]
[21673 21704]
[21705 21836]
[21837 21952]
[21953 22066]
[22067 22108]
[22109 22276]
[22277 22503]
[22504 22672]
[22673 22784]
[22785 22844]
[22845 22905]
[22906 22946]
[22947 22998]
[22999 23145]
[23146 23203]
[23204 23258]
[23259 23315]
[23316 23360]
[23361 23446]
[23447 23529]
[23530 23589]
[23590 23620]
[23621 23684]
[23685 23752]
[23753 23806]
[23807 23867]
[23868 23973]
[23974 24226]
[24227 24318]
[24319 24368]
[24369 24427]
[24428 24540]
[24541 24618]
[24619 24706]
[24707 24813]
[24814 24880]
[24881 24950]
[24951 25040]
[25041 25103]
[25104 25255]
[25256 25316]
[25317 25359]
[25360 25435]
[25436 25477]
[25478 25666]
[25667 25717]
[25718 25768]
[25769 25842]
[25843 26091]
[26092 26200]
[26201 26494]
[26495 26590]
[26591 26625]
[26626 26671]
[26672 26850]
[26851 26891]
[26892 26918]
[26919 26972]
[26973 26986]
[26987 27018]
[27019 27080]
[27081 27106]
[27107 27128]
[27129 27169]
[27170 27205]
[27206 27247]
[27248 27646]
[27647 27702]
[27703 27804]
[27805 27931]
[27932 28013]
[28014 28104]
[28105 28168]
[28169 28343]
[28344 28428]
[28429 28548]
[28549 28642]
[28643 28871]
[28872 28962]
[28963 29139]
[29140 29205]
[29206 29243]
[29244 29326]
[29327 29432]
[29433 29540]
[29541 29586]
[29587 29733]
[29734 29777]
[29778 29803]
[29804 29930]
[29931 30009]
[30010 30075]
[30076 30130]
[30131 30554]
[30555 30640]
[30641 30712]
[30713 31038]
[31039 31132]
[31133 31175]
[31176 31260]
[31261 31441]
[31442 31541]
[31542 31640]
[31641 31722]
[31723 31795]
[31796 32196]
[32197 32299]
