[0 5]
[  6 237]
[238 302]
[303 337]
[338 373]
[374 402]
[403 430]
[431 472]
[473 519]
[520 553]
[554 594]
[595 626]
[627 652]
[653 679]
[680 753]
[754 783]
[784 881]
[ 882 1345]
[1346 1391]
[1392 1461]
[1462 1536]
[1537 1615]
[1616 1699]
[1700 1763]
[1764 1827]
[1828 1902]
[1903 1974]
[1975 2020]
[2021 2069]
[2070 2113]
[2114 2145]
[2146 2211]
[2212 2274]
[2275 2322]
[2323 2510]
[2511 2576]
[2577 2627]
[2628 2671]
[2672 2710]
[2711 2749]
[2750 2793]
[2794 3043]
[3044 3117]
[3118 3318]
[3319 3609]
[3610 3678]
[3679 3756]
[3757 3900]
[3901 4031]
[4032 4151]
[4152 4282]
[4283 4610]
[4611 4738]
[4739 4869]
[4870 4915]
[4916 4977]
[4978 5031]
[5032 5160]
[5161 5245]
[5246 5320]
[5321 5370]
[5371 5443]
[5444 5525]
[5526 5609]
[5610 5670]
[5671 5731]
[5732 6186]
[6187 6240]
[6241 6299]
[6300 6350]
[6351 6404]
[6405 6447]
[6448 6508]
[6509 6529]
[6530 6556]
[6557 6623]
[6624 6675]
[6676 6695]
[6696 6834]
[6835 6879]
[6880 6934]
[6935 6985]
[6986 7019]
[7020 7062]
[7063 7116]
[7117 7156]
[7157 7222]
[7223 7281]
[7282 7310]
[7311 7352]
[7353 7415]
[7416 7480]
[7481 7561]
[7562 7609]
[7610 7707]
[7708 7757]
[7758 7811]
[7812 7839]
[7840 8113]
[8114 8344]
[8345 8444]
[8445 8474]
[8475 8551]
[8552 8597]
[8598 8657]
[8658 8776]
[8777 8824]
[8825 8874]
[8875 8917]
[8918 8976]
[8977 9018]
[9019 9066]
[9067 9123]
[9124 9178]
[9179 9238]
[9239 9423]
[9424 9665]
[9666 9772]
[9773 9786]
[9787 9832]
[9833 9887]
[9888 9929]
[9930 9985]
[ 9986 10047]
[10048 10086]
[10087 10118]
[10119 10176]
[10177 10206]
[10207 10230]
[10231 10313]
[10314 10381]
[10382 10447]
[10448 10488]
[10489 10529]
[10530 10627]
[10628 10698]
[10699 10777]
[10778 10854]
[10855 10926]
[10927 10967]
[10968 11019]
[11020 11063]
[11064 11106]
[11107 11436]
[11437 12278]
[12279 12579]
[12580 12771]
[12772 12961]
[12962 13069]
[13070 13435]
[13436 13463]
[13464 13639]
[13640 13709]
[13710 13779]
[13780 13849]
[13850 13909]
[13910 13977]
[13978 14079]
[14080 14160]
[14161 14259]
[14260 14339]
[14340 14388]
[14389 14981]
[14982 15053]
[15054 15138]
[15139 15366]
[15367 15407]
[15408 15485]
[15486 15559]
[15560 15583]
[15584 15641]
[15642 15673]
[15674 15927]
[15928 15976]
[15977 15998]
[15999 16037]
[16038 16077]
[16078 16205]
[16206 16319]
[16320 16397]
[16398 16439]
[16440 16475]
[16476 16582]
[16583 16624]
[16625 16650]
[16651 16686]
[16687 16716]
[16717 16737]
[16738 16762]
[16763 16800]
[16801 16828]
[16829 16864]
[16865 16892]
[16893 16926]
[16927 16957]
[16958 17031]
[17032 17417]
[17418 17607]
[17608 17837]
[17838 18040]
[18041 18277]
[18278 18568]
[18569 18753]
[18754 18903]
[18904 19437]
[19438 19477]
[19478 19520]
[19521 19607]
[19608 19813]
[19814 19862]
[19863 19979]
[19980 20075]
[20076 20136]
[20137 20245]
[20246 20367]
[20368 20437]
[20438 20487]
[20488 20567]
[20568 20617]
[20618 20727]
[20728 20787]
[20788 20878]
[20879 21344]
[21345 21404]
[21405 21459]
[21460 21508]
[21509 21549]
[21550 21592]
[21593 21639]
[21640 21693]
[21694 21745]
[21746 21799]
[21800 21848]
[21849 21896]
[21897 21940]
[21941 21978]
[21979 22033]
[22034 22158]
[22159 22201]
[22202 22266]
[22267 22298]
[22299 22338]
[22339 22378]
[22379 22416]
[22417 22458]
[22459 22496]
[22497 22654]
[22655 23048]
[23049 23214]
[23215 23242]
[23243 23340]
[23341 23474]
[23475 23589]
[23590 23627]
[23628 23817]
[23818 24115]
[24116 24193]
[24194 24258]
[24259 24391]
[24392 24551]
[24552 24632]
[24633 24694]
[24695 25224]
[25225 25273]
[25274 25329]
[25330 25389]
[25390 25439]
[25440 25483]
[25484 25538]
[25539 25597]
[25598 25616]
[25617 25674]
[25675 25747]
[25748 25789]
[25790 25799]
[25800 25842]
[25843 25881]
[25882 25911]
[25912 25942]
[25943 25956]
[25957 26007]
[26008 26048]
[26049 26083]
[26084 26162]
[26163 26212]
[26213 26547]
[26548 26564]
[26565 26659]
[26660 26790]
[26791 26879]
[26880 26951]
[26952 27083]
[27084 27153]
[27154 27257]
[27258 27370]
[27371 27440]
[27441 27524]
[27525 27666]
[27667 28144]
[28145 28201]
[28202 28246]
[28247 28326]
[28327 28603]
[28604 28654]
[28655 29049]
