[  0 307]
[308 369]
[370 403]
[404 477]
[478 511]
[512 605]
[606 672]
[673 726]
[ 727 1182]
[1183 1191]
[1192 1264]
[1265 1320]
[1321 1368]
[1369 1405]
[1406 1474]
[1475 1557]
[1558 1608]
[1609 1779]
[1780 1823]
[1824 1871]
[1872 2026]
[2027 2125]
[2126 2190]
[2191 2218]
[2219 2268]
[2269 2303]
[2304 2360]
[2361 2421]
[2422 2476]
[2477 2577]
[2578 2658]
[2659 2703]
[2704 3069]
[3071 3126]
[3127 3197]
[3198 3276]
[3277 3353]
[3354 3400]
[3401 3500]
[3501 3584]
[3585 3645]
[3646 3710]
[3711 3714]
[3715 4189]
[4190 4249]
[4250 4295]
[4296 4335]
[4336 4376]
[4377 4404]
[4405 4421]
[4422 4472]
[4473 4505]
[4506 4521]
[4522 4562]
[4563 4605]
[4606 4670]
[4671 4697]
[4698 4988]
[4989 5069]
[5070 5300]
[5301 5360]
[5361 5421]
[5422 5437]
[5438 5487]
[5488 5643]
[5644 6105]
[6107 6185]
[6186 6256]
[6257 6327]
[6328 6384]
[6385 6441]
[6442 6492]
[6493 6560]
[6561 6632]
[6633 6667]
[6668 7111]
[7112 7208]
[7209 7290]
[7291 7367]
[7368 7457]
[7458 7573]
[7574 7671]
[7672 7764]
[7765 7854]
[7855 7935]
[7936 7995]
[7996 8059]
[8060 8112]
[8113 8252]
[8253 8397]
[8398 8432]
[8433 8572]
[8573 8614]
[8615 8696]
[8697 9144]
[9145 9257]
[9258 9430]
[9431 9476]
[9477 9572]
[9573 9664]
[9665 9722]
[9723 9842]
[ 9843 10068]
[10069 10154]
[10155 10301]
[10302 10729]
[10730 10789]
[10790 10882]
[10883 10972]
[10973 11074]
[11075 11103]
[11104 11204]
[11205 11255]
[11256 11605]
[11606 11629]
[11630 11666]
[11667 11741]
[11742 11934]
[11935 12064]
[12065 12653]
[12654 13408]
[13409 13469]
[13470 13702]
[13703 13779]
[13780 13890]
[13891 14000]
[14001 14061]
[14062 14119]
[14120 14152]
[14153 14259]
[14260 14300]
[14301 14765]
[14767 14801]
[14802 14852]
[14853 14928]
[14929 15000]
[15001 15073]
[15074 15148]
[15149 15230]
[15231 15267]
[15268 15742]
[15743 15799]
[15800 15847]
[15848 15906]
[15907 15947]
[15948 16003]
[16004 16074]
[16075 16119]
[16120 16182]
[16183 16226]
[16227 16277]
[16278 16320]
[16321 16361]
[16362 16394]
[16395 16428]
[16429 16466]
[16467 16534]
[16535 16577]
[16578 16614]
[16615 16653]
[16654 17081]
[17082 17235]
[17236 17307]
[17308 17350]
[17351 17377]
[17378 17432]
[17433 17484]
[17485 17525]
[17526 17536]
[17537 17600]
[17601 17618]
[17619 17668]
[17669 17714]
[17715 17834]
[17835 17902]
[17903 17931]
[17932 18056]
[18057 18099]
[18100 18138]
[18139 18190]
[18191 18236]
[18237 18269]
[18270 18397]
[18398 18494]
[18495 19112]
[19113 19195]
[19196 19258]
[19259 19320]
[19321 19379]
[19380 19549]
[19550 19583]
[19584 19646]
[19647 19708]
[19709 19776]
[19777 19810]
[19811 19869]
[19870 20120]
[20121 20151]
[20152 20222]
[20223 20229]
[20230 20303]
[20304 20362]
[20363 20433]
[20434 20838]
[20839 20876]
[20877 20931]
[20932 20970]
[20971 21022]
[21023 21082]
[21083 21128]
[21129 21181]
[21182 21194]
[21195 21241]
[21242 21290]
[21291 21340]
[21341 21374]
[21375 21433]
[21434 21501]
[21502 21579]
[21580 21639]
[21640 21679]
[21680 21753]
[21754 21809]
[21810 21869]
[21870 21921]
[21922 21969]
[21970 22018]
[22019 22060]
[22061 22111]
[22112 22266]
[22267 22630]
[22631 22681]
[22682 22732]
[22733 22823]
[22824 22904]
[22905 22942]
[22943 23021]
[23022 23109]
[23110 23182]
[23183 23298]
[23299 23375]
[23376 23443]
[23444 23484]
[23485 23562]
[23563 23663]
[23664 23778]
[23779 24138]
[24139 24183]
[24184 24296]
[24297 24424]
[24425 24490]
[24491 24572]
[24573 24626]
[24627 24681]
[24682 24840]
[24841 24953]
[24954 25016]
[25017 25059]
[25060 25117]
[25118 25195]
[25196 25227]
[25228 25269]
[25270 25339]
[25340 25440]
[25441 25633]
[25634 25938]
[25939 25965]
[25966 26027]
[26028 26081]
[26082 26122]
[26123 26163]
[26164 26205]
[26206 26252]
[26253 26294]
[26295 26336]
[26337 26397]
[26398 26426]
[26427 26465]
[26466 26492]
[26493 26518]
[26519 26647]
[26648 26707]
[26708 26752]
[26753 26772]
[26773 26784]
[26785 26901]
[26902 27020]
[27021 27121]
[27122 27163]
[27164 27245]
[27246 27275]
[27276 27348]
[27349 27387]
[27388 27398]
[27399 27452]
[27453 27816]
[27817 27883]
[27884 27933]
[27934 28001]
[28002 28085]
[28086 28145]
[28146 28217]
[28218 28297]
[28298 28343]
[28344 28415]
[28416 28462]
[28463 28583]
[28584 28820]
[28821 28899]
[28900 28972]
[28973 29033]
[29034 29637]
[29638 29717]
[29718 29785]
[29786 30001]
[30002 30111]
[30112 30212]
[30213 30338]
[30339 30437]
[30438 30497]
[30498 30635]
[30636 30763]
[30764 30817]
[30818 30920]
[30921 31027]
[31028 31085]
[31086 31094]
[31095 31138]
[31139 31431]
[31432 31693]
[31694 31870]
[31871 31964]
[31965 32050]
[32051 32090]
[32091 32146]
[32147 32222]
[32223 32283]
[32284 32374]
[32375 32494]
[32495 32585]
[32586 32602]
[32603 32627]
[32628 32663]
[32664 33026]
[33027 33149]
