[ 0 32]
[ 33 401]
[402 457]
[458 493]
[494 523]
[524 551]
[552 584]
[585 614]
[615 644]
[645 674]
[675 708]
[709 745]
[746 776]
[777 803]
[804 833]
[834 912]
[ 913 1041]
[1042 1507]
[1508 1602]
[1603 1669]
[1670 1721]
[1722 1794]
[1795 1824]
[1825 1868]
[1869 1972]
[1973 2003]
[2004 2181]
[2182 2300]
[2301 2353]
[2354 2405]
[2406 2545]
[2546 2692]
[2693 2869]
[2870 2991]
[2992 3086]
[3087 3379]
[3380 3474]
[3475 3570]
[3571 3652]
[3653 3736]
[3737 3792]
[3793 3884]
[3885 3960]
[3961 4031]
[4032 4116]
[4117 4215]
[4216 4302]
[4303 4342]
[4343 4746]
[4747 4811]
[4812 4875]
[4876 4961]
[4962 5010]
[5011 5079]
[5080 5156]
[5157 5246]
[5247 5392]
[5393 5438]
[5439 5461]
[5462 5518]
[5519 5787]
[5788 5838]
[5839 5910]
[5911 6022]
[6023 6096]
[6097 6715]
[6716 6797]
[6798 6870]
[6871 6950]
[6951 7024]
[7025 7093]
[7094 7168]
[7169 7236]
[7237 7253]
[7254 7523]
[7524 7545]
[7546 7574]
[7575 7612]
[7613 7643]
[7644 7664]
[7665 7799]
[7800 7857]
[7858 7923]
[7924 7995]
[7996 8053]
[8054 8104]
[8105 8118]
[8119 8199]
[8200 8264]
[8265 8306]
[8307 8353]
[8354 8382]
[8383 8960]
[8961 9028]
[9029 9079]
[9080 9167]
[9168 9291]
[9292 9419]
[9420 9472]
[9473 9588]
[9589 9682]
[9683 9784]
[9785 9826]
[9827 9974]
[ 9975 10093]
[10094 10237]
[10238 10306]
[10307 10410]
[10411 10497]
[10498 11073]
[11075 11158]
[11159 11288]
[11289 11336]
[11337 11578]
[11579 11646]
[11647 11727]
[11728 11875]
[11876 12177]
[12178 12258]
[12259 12331]
[12332 12397]
[12398 12436]
[12437 12487]
[12488 12566]
[12567 12616]
[12617 12719]
[12720 12788]
[12789 12899]
[12900 12955]
[12956 13009]
[13010 13065]
[13066 13159]
[13160 13808]
[13809 13985]
[13986 14093]
[14094 14266]
[14267 14317]
[14318 14389]
[14390 14509]
[14510 14511]
[14512 14600]
[14601 14752]
[14753 14856]
[14857 15036]
[15037 15250]
[15251 15620]
[15621 15829]
[15830 16042]
[16043 16410]
[16411 16543]
[16544 16665]
[16666 16927]
[16928 16979]
[16980 17031]
[17032 17122]
[17123 17186]
[17187 17261]
[17262 17317]
[17318 17372]
[17373 17454]
[17455 17570]
[17571 17665]
[17666 17793]
[17794 17827]
[17828 18089]
[18090 18171]
[18172 18243]
[18244 18314]
[18315 18389]
[18390 18451]
[18452 18522]
[18523 18591]
[18592 18654]
[18655 18714]
[18715 18783]
[18784 18854]
[18855 19359]
[19360 19489]
[19490 19695]
[19696 19907]
[19908 19994]
[19995 20167]
[20168 20492]
[20493 20578]
[20579 20739]
[20740 20803]
[20805 20855]
[20856 20935]
[20936 21002]
[21003 21078]
[21079 21178]
[21179 21230]
[21231 21310]
[21311 21340]
[21341 21361]
[21362 21437]
[21438 21579]
[21580 21630]
[21631 21677]
[21678 21759]
[21760 21869]
[21870 21925]
[21926 22018]
[22019 22340]
[22342 22396]
[22397 22497]
[22498 22574]
[22575 22684]
[22685 22772]
[22773 22799]
[22800 22898]
[22899 23002]
[23003 23108]
[23109 23226]
[23227 23268]
[23269 23335]
[23336 23436]
[23437 23483]
[23484 23535]
[23536 23923]
[23924 24106]
[24107 24244]
[24245 24349]
[24350 24395]
[24396 24566]
[24567 24676]
[24677 24720]
[24721 24844]
[24845 25046]
[25047 25165]
[25166 25593]
[25594 25645]
[25646 25744]
[25745 25911]
[25912 25954]
[25955 26090]
[26091 26183]
[26184 26319]
[26320 26409]
[26410 26487]
[26488 26514]
[26515 26707]
[26708 26849]
[26850 27317]
[27318 27397]
[27398 27493]
[27494 27586]
[27587 27658]
[27659 27778]
[27779 27947]
[27948 27982]
[27983 28209]
[28210 28322]
[28323 28422]
[28423 28604]
[28605 28728]
[28729 29120]
[29122 29246]
[29247 29432]
[29433 29593]
[29594 29872]
[29873 30016]
[30017 30119]
[30120 30168]
[30169 30263]
[30264 30331]
[30332 30381]
[30382 30451]
[30452 30504]
[30505 30876]
[30877 30954]
[30956 31174]
[31175 31492]
[31493 31563]
[31564 31712]
[31713 31800]
[31801 31894]
[31895 32029]
[32030 32180]
[32181 32310]
[32311 32582]
[32583 32697]
[32698 32788]
[32789 32926]
[32927 33148]
[33149 33240]
[33241 33306]
[33307 33496]
[33497 33578]
[33579 33711]
[33712 33770]
[33771 34122]
[34123 34199]
