[ 0 29]
[ 31 341]
[342 401]
[402 462]
[463 529]
[530 571]
[572 614]
[615 653]
[654 695]
[696 727]
[728 777]
[778 856]
[857 982]
[ 983 1473]
[1474 1723]
[1724 1813]
[1814 1887]
[1888 1954]
[1955 2062]
[2063 2122]
[2123 2238]
[2239 2385]
[2386 2610]
[2611 2799]
[2800 3201]
[3202 3273]
[3274 3340]
[3341 3392]
[3393 3414]
[3415 3469]
[3470 3526]
[3527 3561]
[3562 3630]
[3631 3683]
[3684 3737]
[3738 3761]
[3762 3815]
[3816 3872]
[3873 3930]
[3931 3988]
[3989 4080]
[4081 4122]
[4123 4205]
[4206 4299]
[4300 4413]
[4414 4510]
[4511 4594]
[4595 5096]
[5097 5213]
[5214 5299]
[5300 5325]
[5326 5406]
[5407 5473]
[5474 5546]
[5547 5603]
[5604 5673]
[5674 5711]
[5712 5740]
[5741 5776]
[5777 5814]
[5815 5838]
[5839 5866]
[5867 5910]
[5911 5956]
[5957 5990]
[5991 6029]
[6030 6045]
[6046 6110]
[6111 6158]
[6159 6261]
[6262 6305]
[6306 6324]
[6325 6366]
[6367 6798]
[6799 6870]
[6871 6929]
[6930 7002]
[7003 7057]
[7058 7083]
[7084 7161]
[7162 7224]
[7225 7314]
[7315 7425]
[7426 7511]
[7512 7543]
[7544 7593]
[7594 7612]
[7613 7648]
[7649 7674]
[7675 7739]
[7740 7813]
[7814 7837]
[7838 7873]
[7874 7943]
[7944 8085]
[8086 8150]
[8151 8259]
[8260 8331]
[8332 8672]
[8673 8713]
[8714 8754]
[8755 8773]
[8774 8830]
[8831 8866]
[8867 8905]
[8906 8949]
[8950 8981]
[8982 9007]
[9008 9024]
[9025 9044]
[9045 9065]
[9066 9115]
[9116 9159]
[9160 9186]
[9187 9212]
[9213 9249]
[9250 9301]
[9302 9307]
[9308 9329]
[9330 9365]
[9366 9416]
[9417 9431]
[9432 9461]
[9462 9475]
[9476 9508]
[9509 9536]
[9537 9571]
[9572 9605]
[9606 9640]
[9641 9969]
[ 9970 10112]
[10113 10157]
[10158 10225]
[10226 10269]
[10270 10330]
[10331 10443]
[10444 10562]
[10563 10691]
[10692 10727]
[10728 10805]
[10806 10919]
[10920 11038]
[11039 11105]
[11106 11165]
[11166 11187]
[11188 11313]
[11314 11364]
[11365 11408]
[11409 11549]
[11550 11584]
[11585 11638]
[11639 11748]
[11749 11799]
[11800 11846]
[11847 11887]
[11888 11928]
[11929 11987]
[11988 12069]
[12070 12188]
[12189 12387]
[12388 12459]
[12460 12629]
[12630 12665]
[12666 12877]
[12878 12935]
[12936 12992]
[12993 13052]
[13053 13319]
[13320 13403]
[13404 13544]
[13545 13599]
[13600 13676]
[13677 13750]
[13751 13893]
[13894 13936]
[13937 14028]
[14029 14092]
[14093 14176]
[14177 14246]
[14247 14581]
[14582 14768]
[14769 14919]
[14920 14980]
[14981 15101]
[15102 15299]
[15300 15335]
[15336 15405]
[15406 15459]
[15460 15512]
[15513 15751]
[15752 16341]
[16342 16423]
[16424 16551]
[16552 16834]
[16835 16993]
[16994 17039]
[17040 17107]
[17108 17182]
[17183 17269]
[17270 17337]
[17338 17496]
[17497 17567]
[17568 17937]
[17938 17972]
[17973 18021]
[18022 18060]
[18061 18114]
[18115 18155]
[18156 18176]
[18177 18235]
[18236 18302]
[18303 18350]
[18351 18365]
[18366 18418]
[18419 18454]
[18455 18499]
[18500 18558]
[18559 18590]
[18591 18628]
[18629 18684]
[18685 18741]
[18742 18951]
[18952 19300]
[19301 19430]
[19431 19763]
[19764 19814]
[19815 19861]
[19862 19902]
[19903 19943]
[19944 20002]
[20003 20047]
[20048 20101]
[20102 20205]
[20206 20597]
[20598 20693]
[20694 20741]
[20742 20779]
[20780 20932]
[20933 20986]
[20987 21141]
[21142 21210]
[21211 21305]
[21306 21350]
[21351 21389]
[21390 21439]
[21440 21473]
[21474 21535]
[21536 21604]
[21605 21669]
[21670 21719]
[21720 21965]
[21966 22004]
[22005 22058]
[22059 22125]
[22126 22160]
[22161 22274]
[22275 22357]
[22358 22384]
[22385 22412]
[22413 22460]
[22461 22494]
[22495 22533]
[22534 22594]
[22595 22648]
[22649 22701]
[22702 22798]
[22799 22883]
[22884 22914]
[22915 22959]
[22960 23011]
[23012 23075]
[23076 23134]
[23136 23173]
[23174 23213]
[23214 23254]
[23256 23302]
[23303 23354]
[23355 23378]
[23379 23408]
[23409 23429]
[23430 23468]
[23469 23726]
[23727 23814]
[23815 23971]
[23972 24021]
[24022 24062]
[24063 24108]
[24109 24147]
[24148 24198]
[24199 24266]
[24267 24311]
[24312 24346]
[24347 24387]
[24388 24417]
[24418 24442]
[24443 24462]
[24463 24540]
[24541 24559]
[24560 24578]
[24579 24603]
[24604 24656]
[24657 24747]
[24748 24884]
[24885 24935]
[24936 25065]
[25066 25108]
[25109 25484]
[25485 25587]
[25588 25650]
[25651 25707]
[25708 25756]
[25757 25817]
[25818 25869]
[25870 26024]
[26025 26168]
[26169 26205]
[26206 26253]
[26254 26323]
[26324 26377]
[26378 26606]
[26607 26886]
[26887 26957]
[26958 27086]
[27087 27163]
[27164 27230]
[27231 27325]
[27326 27412]
[27413 27489]
[27490 27530]
[27531 27566]
[27567 27652]
[27653 27769]
[27770 27823]
[27824 27880]
[27881 27988]
[27989 28113]
[28114 28162]
[28163 28757]
[28758 28805]
[28806 28939]
[28940 28988]
[28989 29058]
[29059 29120]
[29121 29165]
[29166 29245]
[29246 29392]
[29393 29466]
[29467 29547]
[29548 29635]
[29636 29682]
[29683 29727]
[29728 30125]
[30126 30326]
[30327 30390]
[30391 30496]
[30497 30529]
[30530 30625]
[30626 30733]
[30734 30756]
[30757 30770]
[30771 30790]
[30791 30917]
[30918 30989]
[30990 31096]
[31097 31124]
[31125 31347]
[31348 31717]
[31718 31799]
