[0 6]
[7 42]
[43 370]
[371 422]
[423 466]
[467 508]
[509 549]
[550 591]
[592 632]
[633 673]
[674 716]
[717 756]
[757 798]
[799 842]
[843 1007]
[1008 1556]
[1557 1715]
[1716 1824]
[1825 1955]
[1956 2097]
[2098 2241]
[2242 2412]
[2413 2569]
[2570 2682]
[2683 2782]
[2783 2864]
[2865 2960]
[2961 3036]
[3037 3475]
[3476 3521]
[3522 3571]
[3572 3634]
[3635 3686]
[3687 3727]
[3728 3784]
[3785 3987]
[3988 4042]
[4043 4103]
[4104 4167]
[4168 4206]
[4207 4250]
[4251 4310]
[4311 4376]
[4377 4455]
[4456 4525]
[4526 4595]
[4596 4687]
[4688 4745]
[4746 4789]
[4790 4843]
[4844 4895]
[4896 4953]
[4954 4995]
[4996 5508]
[5509 5596]
[5597 5719]
[5720 5947]
[5948 6023]
[6024 6228]
[6229 6319]
[6320 6387]
[6388 6530]
[6531 6628]
[6629 6690]
[6691 7007]
[7008 7161]
[7162 7265]
[7266 7695]
[7696 7743]
[7744 7800]
[7801 7856]
[7857 7934]
[7935 7984]
[7985 8020]
[8021 8071]
[8072 8144]
[8145 8268]
[8269 8309]
[8310 8367]
[8368 8491]
[8492 8531]
[8532 8602]
[8603 8664]
[8665 8745]
[8746 8858]
[8859 8921]
[8922 9064]
[9065 9186]
[9187 9249]
[9250 9295]
[9296 9338]
[9339 9383]
[9384 9429]
[9430 9478]
[9479 9529]
[9530 9582]
[9583 9690]
[9691 10073]
[10074 10333]
[10334 10569]
[10570 10750]
[10751 10932]
[10933 11024]
[11025 11116]
[11117 11369]
[11370 11553]
[11554 11672]
[11673 11770]
[11771 11819]
[11820 11888]
[11889 11970]
[11971 12033]
[12034 12097]
[12098 12158]
[12159 12442]
[12443 12548]
[12549 12587]
[12588 12812]
[12813 12867]
[12868 12968]
[12969 13033]
[13034 13114]
[13115 13188]
[13189 13441]
[13442 13639]
[13640 13823]
[13824 14100]
[14101 14382]
[14383 14467]
[14468 14570]
[14571 14655]
[14656 14761]
[14762 14853]
[14854 15267]
[15268 15627]
[15628 15923]
[15924 16047]
[16048 16085]
[16086 16118]
[16119 16184]
[16185 16230]
[16231 16273]
[16274 16318]
[16319 16364]
[16365 16413]
[16414 16464]
[16465 16518]
[16519 16625]
[16626 16912]
[16913 17020]
[17021 17148]
[17149 17238]
[17239 17298]
[17299 17364]
[17365 17413]
[17414 17470]
[17471 17572]
[17573 17636]
[17637 17713]
[17714 17824]
[17825 17949]
[17950 18027]
[18028 18128]
[18129 18178]
[18179 18259]
[18260 18366]
[18367 18789]
[18790 18941]
[18942 19115]
[19116 19155]
[19156 19264]
[19265 19415]
[19416 19464]
[19465 19532]
[19533 19634]
[19635 20061]
[20062 20487]
[20488 20556]
[20557 20670]
[20671 20865]
[20866 20972]
[20973 21237]
[21238 21323]
[21324 21412]
[21413 21520]
[21521 21569]
[21570 21600]
[21601 21964]
[21965 22084]
[22085 22161]
[22162 22303]
[22304 22474]
[22475 22700]
[22701 22741]
[22742 22778]
[22779 22794]
[22795 22851]
[22852 22881]
[22882 22926]
[22927 22959]
[22960 22983]
[22984 23054]
[23055 23136]
[23137 23224]
[23225 23361]
[23362 23631]
[23632 23742]
[23743 23864]
[23865 23976]
[23977 24047]
[24048 24079]
[24080 24132]
[24133 24236]
[24237 24275]
[24276 24376]
[24377 24405]
[24406 24436]
[24437 24531]
[24532 24603]
[24604 24639]
[24640 24706]
[24707 24845]
[24846 25278]
[25279 25464]
[25465 25589]
[25590 25776]
[25777 25870]
[25871 25921]
[25922 26111]
[26112 26232]
[26233 26315]
[26316 26486]
[26487 26882]
[26883 27197]
[27198 27270]
[27271 27323]
[27324 27478]
[27479 27578]
[27579 27790]
[27791 27910]
[27911 28063]
[28064 28128]
[28129 28231]
[28232 28480]
[28481 28650]
[28651 28840]
[28841 28904]
[28905 28984]
[28985 29222]
[29223 29303]
[29304 29420]
[29421 29569]
[29570 29979]
[29981 30070]
