[0 25]
[27 252]
[253 317]
[318 352]
[353 374]
[375 403]
[404 445]
[446 481]
[482 517]
[518 545]
[546 568]
[569 603]
[604 629]
[630 667]
[668 694]
[695 732]
[733 817]
[818 906]
[908 1401]
[1402 1733]
[1734 1756]
[1757 1769]
[1770 1807]
[1808 1826]
[1827 2202]
[2203 2236]
[2237 2350]
[2351 2470]
[2471 2562]
[2563 2652]
[2653 2717]
[2718 2775]
[2776 2813]
[2814 2851]
[2852 2904]
[2905 2939]
[2940 3035]
[3036 3079]
[3080 3131]
[3132 3179]
[3180 3207]
[3208 3279]
[3280 3333]
[3334 3386]
[3387 3721]
[3722 3756]
[3757 3803]
[3804 3844]
[3845 3881]
[3882 3921]
[3922 3961]
[3962 4002]
[4003 4040]
[4041 4193]
[4194 4233]
[4234 4273]
[4274 4315]
[4316 4360]
[4361 4411]
[4412 4460]
[4461 4509]
[4510 4556]
[4557 4600]
[4601 4652]
[4653 4713]
[4714 4899]
[4900 5282]
[5283 5344]
[5345 5407]
[5408 5482]
[5483 5541]
[5542 5674]
[5675 5732]
[5733 5756]
[5757 5781]
[5782 5835]
[5836 5993]
[5994 6049]
[6050 6096]
[6097 6119]
[6120 6164]
[6165 6224]
[6225 6293]
[6294 6349]
[6350 6408]
[6409 6463]
[6464 6513]
[6514 6765]
[6766 6858]
[6859 7322]
[7323 7387]
[7388 7555]
[7556 7623]
[7624 7690]
[7691 7767]
[7768 7787]
[7788 7830]
[7831 7891]
[7892 8072]
[8073 8124]
[8125 8195]
[8196 8270]
[8271 8413]
[8414 8769]
[8770 8806]
[8807 8866]
[8867 8925]
[8926 9000]
[9001 9060]
[9061 9132]
[9133 9189]
[9190 9249]
[9250 9307]
[9308 9402]
[9403 9491]
[9492 9568]
[9569 9654]
[9655 9742]
[9743 9840]
[9841 9921]
[9922 9982]
[9983 10021]
[10022 10775]
[10776 10824]
[10825 10879]
[10880 10944]
[10945 10987]
[10988 11046]
[11047 11118]
[11119 11177]
[11178 11196]
[11197 11233]
[11234 11349]
[11350 11392]
[11393 11438]
[11439 11453]
[11454 11521]
[11522 11547]
[11548 11603]
[11605 11651]
[11652 11693]
[11694 11731]
[11732 11758]
[11759 11808]
[11809 11903]
[11904 11927]
[11928 11965]
[11966 12016]
[12017 12052]
[12053 12170]
[12171 12256]
[12257 12322]
[12323 12345]
[12346 12652]
[12653 12829]
[12830 12898]
[12899 12998]
[12999 13057]
[13058 13124]
[13125 13370]
[13372 13538]
[13539 13711]
[13712 13780]
[13781 13863]
[13864 13910]
[13911 14437]
[14438 14492]
[14493 14645]
[14646 14817]
[14818 14885]
[14886 14977]
[14978 15103]
[15104 15152]
[15153 15211]
[15212 15348]
[15349 15412]
[15413 15837]
[15838 15908]
[15909 15943]
[15944 16022]
[16023 16071]
[16072 16131]
[16132 16198]
[16199 16240]
[16241 16269]
[16270 16319]
[16320 16366]
[16367 16442]
[16443 16475]
[16476 16511]
[16512 16585]
[16586 16655]
[16656 16729]
[16730 16772]
[16773 17430]
[17431 17504]
[17505 17583]
[17584 17660]
[17661 17719]
[17720 17782]
[17783 17861]
[17862 17937]
[17938 18015]
[18016 18218]
[18219 18295]
[18296 18368]
[18369 18420]
[18421 18459]
[18460 18684]
[18685 18772]
[18773 18841]
[18842 18921]
[18923 19007]
[19008 19093]
[19094 19175]
[19176 19247]
[19248 19319]
[19320 19413]
[19414 19488]
[19489 19568]
[19569 19715]
[19716 19752]
[19753 19814]
[19815 19883]
[19884 19951]
[19952 19987]
[19988 20033]
[20034 20063]
[20064 20129]
[20130 20165]
[20166 20203]
[20204 20240]
[20241 20325]
[20326 20615]
[20616 20700]
[20701 20767]
[20768 20959]
[20960 21079]
[21080 21182]
[21183 21434]
[21435 21620]
[21621 21726]
[21727 21836]
[21837 21901]
[21902 21998]
[21999 22065]
[22066 22126]
[22127 22449]
[22450 22510]
[22512 22563]
[22564 22601]
[22602 22669]
[22670 22739]
[22740 22785]
[22786 22823]
[22824 22879]
[22880 22927]
[22928 22991]
[22992 23063]
[23064 23475]
[23476 23534]
[23535 23571]
[23572 23611]
[23612 23630]
[23631 23709]
[23710 23799]
[23800 23816]
[23817 23867]
[23868 24082]
[24083 24257]
[24258 24324]
[24325 24363]
[24364 24410]
[24411 24484]
[24485 24571]
[24572 24634]
[24635 24711]
[24712 24826]
[24827 24871]
[24872 24949]
[24950 25262]
[25263 25440]
[25441 25698]
[25699 26054]
[26056 26087]
[26088 26141]
[26142 26167]
[26168 26226]
[26227 26389]
[26390 26422]
[26423 26474]
[26475 26545]
[26546 26612]
[26613 26697]
[26698 26789]
[26790 26863]
[26864 26973]
[26974 27025]
[27026 27217]
[27218 27633]
[27634 27700]
[27701 27775]
[27776 27888]
[27889 28008]
[28009 28232]
[28233 28465]
[28466 28719]
[28720 28878]
[28879 29111]
[29112 29304]
[29305 29377]
[29378 29425]
[29426 29501]
[29502 29598]
[29599 29677]
[29678 29731]
[29732 29772]
[29773 29817]
[29818 29835]
[29836 29878]
[29879 29940]
[29941 29969]
[29970 30043]
[30044 30328]
[30329 30437]
