[0 7]
[8 58]
[59 354]
[355 403]
[404 429]
[430 457]
[458 486]
[487 508]
[509 530]
[531 555]
[556 579]
[580 607]
[608 627]
[628 654]
[655 685]
[686 725]
[726 752]
[753 779]
[780 807]
[808 837]
[838 867]
[868 896]
[897 983]
[984 1331]
[1332 1444]
[1445 1512]
[1513 1557]
[1558 1642]
[1643 1692]
[1693 1741]
[1742 1780]
[1781 1806]
[1807 1929]
[1930 1980]
[1981 1989]
[1990 2321]
[2322 2464]
[2465 2546]
[2547 2611]
[2612 2679]
[2680 2743]
[2744 2814]
[2815 2870]
[2871 2946]
[2947 3007]
[3008 3065]
[3066 3129]
[3130 3183]
[3184 3236]
[3237 3287]
[3288 3318]
[3319 3796]
[3797 3835]
[3836 3892]
[3893 3946]
[3947 4017]
[4018 4071]
[4072 4132]
[4133 4189]
[4190 4258]
[4259 4380]
[4381 4442]
[4443 4483]
[4484 4528]
[4529 4605]
[4606 4658]
[4659 4665]
[4666 4702]
[4703 4765]
[4766 4854]
[4855 4896]
[4897 5362]
[5363 5395]
[5396 5480]
[5481 5533]
[5534 5572]
[5573 5614]
[5615 5658]
[5659 5706]
[5707 5737]
[5738 5820]
[5821 5869]
[5870 5918]
[5919 5971]
[5972 6027]
[6028 6082]
[6083 6124]
[6125 6272]
[6273 6341]
[6342 6419]
[6420 7007]
[7008 7066]
[7067 7131]
[7132 7242]
[7243 7332]
[7333 7408]
[7409 7475]
[7476 7608]
[7609 7684]
[7685 7763]
[7764 7849]
[7850 7917]
[7918 7965]
[7966 8016]
[8017 8064]
[8065 8148]
[8149 8441]
[8442 8495]
[8496 8606]
[8607 8659]
[8660 8704]
[8705 8762]
[8763 8849]
[8850 8884]
[8885 8983]
[8984 9082]
[9083 9181]
[9182 9217]
[9218 9272]
[9273 9398]
[9399 9434]
[9435 9585]
[9586 9630]
[9631 9705]
[9706 9756]
[9757 9854]
[9855 9923]
[9924 10006]
[10007 10894]
[10895 11124]
[11125 11160]
[11161 11465]
[11466 12223]
[12224 12283]
[12284 12342]
[12343 12382]
[12383 12419]
[12420 12463]
[12464 12508]
[12509 12541]
[12542 12595]
[12596 12636]
[12637 12722]
[12723 13323]
[13324 13436]
[13437 13493]
[13494 13579]
[13580 13751]
[13752 13796]
[13797 14045]
[14046 14070]
[14071 14128]
[14129 14203]
[14204 14557]
[14558 14815]
[14816 15120]
[15121 15282]
[15283 15478]
[15479 15927]
[15928 15991]
[15992 16041]
[16042 16103]
[16104 16126]
[16127 16145]
[16146 16169]
[16170 16201]
[16202 16229]
[16230 16269]
[16270 16320]
[16321 16376]
[16377 16450]
[16451 16540]
[16541 16562]
[16563 16646]
[16647 16752]
[16753 16788]
[16789 16829]
[16830 16889]
[16890 17093]
[17094 17255]
[17256 17340]
[17341 17494]
[17495 17679]
[17680 17836]
[17837 17998]
[17999 18177]
[18178 18231]
[18232 18342]
[18343 18389]
[18390 18530]
[18531 18576]
[18577 18599]
[18600 18712]
[18713 18757]
[18758 18851]
[18852 18992]
[18993 19056]
[19057 19115]
[19116 19186]
[19187 19268]
[19269 19314]
[19315 19357]
[19358 19397]
[19398 19464]
[19465 19751]
[19752 19934]
[19935 20021]
[20022 20048]
[20049 20137]
[20138 20170]
[20171 20211]
[20212 20259]
[20260 20369]
[20370 20566]
[20567 20600]
[20601 20747]
[20748 20802]
[20803 20872]
[20873 20936]
[20937 21248]
[21249 21328]
[21329 21512]
[21513 21598]
[21599 21813]
[21814 21864]
[21865 21897]
[21898 21971]
[21972 22000]
[22001 22057]
[22058 22089]
[22090 22124]
[22125 22199]
[22200 22246]
[22247 22282]
[22283 22681]
[22683 22773]
