[0 8]
[9 48]
[49 380]
[381 432]
[433 475]
[476 512]
[513 599]
[600 628]
[629 723]
[724 765]
[766 869]
[870 917]
[918 1010]
[1011 1549]
[1550 1592]
[1593 1634]
[1635 1722]
[1723 1801]
[1802 1886]
[1887 1972]
[1973 2184]
[2185 2249]
[2250 2283]
[2284 2336]
[2337 2406]
[2407 2470]
[2471 2533]
[2534 2594]
[2595 2636]
[2637 2700]
[2701 2758]
[2759 2822]
[2823 2888]
[2889 2950]
[2951 3001]
[3002 3054]
[3055 3108]
[3109 3172]
[3173 3513]
[3514 3625]
[3626 3689]
[3690 3778]
[3779 3847]
[3848 3949]
[3950 4030]
[4031 4092]
[4093 4253]
[4254 4346]
[4347 4414]
[4415 4494]
[4495 4524]
[4525 4594]
[4595 4669]
[4670 4708]
[4709 4761]
[4762 4828]
[4829 4922]
[4923 4988]
[4989 5025]
[5026 5029]
[5030 5376]
[5377 5475]
[5476 5522]
[5523 5574]
[5575 5624]
[5625 5676]
[5677 5795]
[5796 5860]
[5861 5923]
[5924 5995]
[5996 6066]
[6067 6151]
[6152 6216]
[6217 6272]
[6273 6328]
[6329 6370]
[6371 6412]
[6413 6928]
[6929 6999]
[7001 7074]
[7075 7232]
[7233 7299]
[7301 7374]
[7375 7449]
[7451 7524]
[7525 7749]
[7751 7824]
[7825 7900]
[7901 7974]
[7975 8199]
[8201 8242]
[8243 8614]
[8615 8693]
[8694 8784]
[8785 8873]
[8874 8946]
[8947 9036]
[9037 9066]
[9067 9133]
[9134 9191]
[9192 9282]
[9283 9373]
[9374 9462]
[9463 9555]
[9556 9686]
[9687 9770]
[9771 9859]
[9860 9915]
[9916 10001]
[10002 10148]
[10149 10228]
[10229 10338]
[10339 10423]
[10424 10498]
[10499 10567]
[10568 10633]
[10634 10695]
[10696 10741]
[10742 10791]
[10792 10858]
[10859 10921]
[10922 10973]
[10974 11065]
[11066 11147]
[11148 11227]
[11228 11294]
[11295 11355]
[11356 11417]
[11418 11434]
[11435 11560]
[11561 11587]
[11588 11648]
[11649 11697]
[11698 11729]
[11730 11771]
[11772 11822]
[11823 11862]
[11863 11894]
[11895 11929]
[11930 11967]
[11968 12002]
[12003 12049]
[12050 12092]
[12093 12135]
[12136 12167]
[12168 12261]
[12262 12576]
[12577 12844]
[12845 13008]
[13009 13226]
[13227 13417]
[13418 13736]
[13737 13831]
[13832 14038]
[14039 14204]
[14205 14601]
[14602 14675]
[14676 14750]
[14751 14819]
[14820 14894]
[14895 14958]
[14959 15086]
[15087 15186]
[15187 15265]
[15266 15322]
[15323 15378]
[15379 15422]
[15423 15470]
[15471 15842]
[15843 15937]
[15938 16039]
[16040 16175]
[16176 16268]
[16269 16371]
[16372 16474]
[16475 16590]
[16591 16655]
[16656 16742]
[16743 16829]
[16830 17036]
[17037 17066]
[17067 17182]
[17183 17210]
[17211 17308]
[17309 17353]
[17354 17433]
[17434 17721]
[17722 17801]
[17802 17887]
[17888 17958]
[17959 18057]
[18058 18151]
[18152 18229]
[18230 18308]
[18309 18394]
[18395 18459]
[18460 18542]
[18543 18602]
[18603 19093]
[19094 19310]
[19311 19394]
[19395 19474]
[19475 19555]
[19556 19625]
[19626 19700]
[19701 19816]
[19817 19894]
[19895 19950]
[19951 20094]
[20095 20148]
[20149 20190]
[20191 20225]
[20226 20260]
[20261 20294]
[20295 20328]
[20329 20391]
[20392 20431]
[20432 20469]
[20470 20501]
[20502 20588]
[20589 20895]
[20896 21071]
[21072 21144]
[21145 21367]
[21368 21461]
[21462 21692]
[21693 21775]
[21776 21894]
[21895 21995]
[21996 22068]
[22069 22135]
[22136 22170]
[22171 22224]
[22225 22633]
[22634 22724]
[22725 22799]
[22800 22929]
[22930 23056]
[23057 23176]
[23177 23242]
[23243 23394]
[23395 23498]
[23499 23616]
[23617 23736]
[23737 23768]
[23769 23861]
[23862 24068]
[24069 24442]
[24443 24532]
[24533 24673]
[24674 24879]
[24880 25221]
[25222 25304]
[25305 25366]
[25367 25496]
[25497 25598]
[25599 25766]
[25767 25833]
[25834 25892]
[25893 26000]
[26001 26025]
[26026 26422]
[26423 26522]
[26523 26573]
[26574 26710]
[26711 26817]
[26818 26976]
[26977 27105]
[27106 27195]
[27196 27297]
[27298 27433]
[27434 27564]
[27565 27684]
[27685 27768]
[27769 27852]
[27853 28261]
[28262 28379]
[28380 28415]
[28416 28527]
[28528 28677]
[28678 28788]
[28789 28882]
[28883 28922]
[28923 29156]
[29157 29342]
[29343 29444]
[29445 29446]
[29447 29502]
[29503 29629]
[29630 30017]
[30019 30095]
