[0 8]
[9 51]
[52 278]
[279 338]
[339 374]
[375 404]
[405 432]
[433 465]
[466 495]
[496 525]
[526 555]
[556 589]
[590 622]
[623 652]
[653 685]
[686 714]
[715 822]
[823 908]
[909 1309]
[1310 1373]
[1374 1471]
[1472 1531]
[1532 1581]
[1582 1640]
[1641 1696]
[1697 1760]
[1761 1832]
[1833 1900]
[1901 1967]
[1968 2041]
[2042 2111]
[2112 2164]
[2165 2227]
[2228 2299]
[2300 2349]
[2350 2389]
[2390 2455]
[2456 2523]
[2524 2592]
[2593 2676]
[2677 2712]
[2713 2769]
[2770 2807]
[2808 3111]
[3112 3170]
[3171 3207]
[3208 3253]
[3254 3331]
[3332 3405]
[3406 3475]
[3476 3550]
[3551 3665]
[3666 3748]
[3749 3852]
[3853 3935]
[3936 4025]
[4026 4074]
[4075 4144]
[4145 4216]
[4217 4262]
[4263 4587]
[4588 4683]
[4684 4747]
[4748 4780]
[4781 4908]
[4909 4964]
[4965 4997]
[4998 5057]
[5058 5131]
[5132 5225]
[5226 5291]
[5292 5438]
[5439 5547]
[5548 5587]
[5588 5615]
[5616 5686]
[5687 5770]
[5771 6175]
[6176 6269]
[6270 6405]
[6406 6454]
[6455 6485]
[6486 6532]
[6533 6567]
[6568 6688]
[6689 6728]
[6729 6776]
[6777 6846]
[6847 6906]
[6907 6970]
[6971 7015]
[7016 7059]
[7060 7118]
[7119 7171]
[7172 7215]
[7216 7260]
[7261 7600]
[7601 7689]
[7690 7770]
[7771 7851]
[7852 7917]
[7918 8003]
[8004 8103]
[8104 8243]
[8244 8334]
[8335 8425]
[8426 8564]
[8565 8606]
[8607 8671]
[8673 8753]
[8754 9228]
[9229 9353]
[9354 9404]
[9405 9469]
[9470 9539]
[9540 9584]
[9585 9660]
[9661 9695]
[9696 9832]
[9833 9865]
[9866 9944]
[9945 9966]
[9967 9999]
[10000 10073]
[10074 10119]
[10120 10153]
[10154 10176]
[10177 10203]
[10204 10290]
[10291 10373]
[10374 10444]
[10445 10539]
[10540 10572]
[10573 11012]
[11013 11079]
[11080 11140]
[11141 11196]
[11197 11246]
[11247 11284]
[11285 11309]
[11310 11388]
[11389 11470]
[11471 11481]
[11482 11528]
[11529 11561]
[11562 11617]
[11618 11649]
[11650 11691]
[11692 11753]
[11754 11835]
[11836 11905]
[11906 11973]
[11974 12042]
[12043 12094]
[12095 12159]
[12160 12235]
[12236 12293]
[12294 12344]
[12345 12391]
[12392 12432]
[12433 12473]
[12474 12531]
[12532 12583]
[12584 12639]
[12640 12724]
[12725 13128]
[13130 13324]
[13326 13494]
[13496 13668]
[13669 13953]
[13954 14040]
[14041 14098]
[14099 14147]
[14148 14234]
[14235 14325]
[14326 14391]
[14392 14458]
[14459 14515]
[14516 14564]
[14565 14620]
[14621 14685]
[14686 14743]
[14744 14799]
[14800 14857]
[14858 14922]
[14923 14989]
[14990 15048]
[15049 15097]
[15098 15350]
[15351 15468]
[15469 15538]
[15539 15607]
[15608 15672]
[15673 15733]
[15734 15807]
[15808 15877]
[15878 15930]
[15931 16000]
[16001 16071]
[16072 16142]
[16143 16187]
[16188 16229]
[16230 16289]
[16290 16396]
[16397 16478]
[16479 16559]
[16560 16627]
[16628 16677]
[16678 16730]
[16731 16762]
[16763 17300]
[17301 17386]
[17387 17464]
[17465 17550]
[17551 17645]
[17646 17779]
[17780 17919]
[17920 18032]
[18033 18198]
[18199 18419]
[18420 18610]
[18611 18824]
[18825 18897]
[18898 18949]
[18950 19011]
[19012 19074]
[19075 19147]
[19148 19209]
[19210 19250]
[19251 19543]
[19544 19666]
[19667 19791]
[19792 19916]
[19917 20007]
[20008 20058]
[20059 20105]
[20106 20146]
[20147 20187]
[20188 20242]
[20243 20297]
[20298 20353]
[20354 20443]
[20444 20783]
[20784 21018]
[21019 21091]
[21092 21204]
[21205 21292]
[21293 21438]
[21439 21708]
[21709 21792]
[21793 22143]
[22144 22397]
[22398 22459]
[22460 22521]
[22522 22591]
[22592 22703]
[22704 22773]
[22774 22814]
[22815 22889]
[22890 22948]
[22949 23030]
[23031 23091]
[23092 23265]
[23266 23342]
[23343 23415]
[23416 23517]
[23518 23607]
[23608 23663]
[23664 23694]
[23695 23712]
[23713 23793]
[23794 23871]
[23872 23968]
[23969 24035]
[24036 24133]
[24134 24322]
[24323 24359]
[24360 24442]
[24443 24478]
[24479 24532]
[24533 24586]
[24587 24634]
[24635 24733]
[24734 25182]
[25184 25316]
[25317 25441]
[25442 25684]
[25685 25914]
[25915 26006]
[26007 26069]
[26070 26171]
[26172 26224]
[26225 26261]
[26262 26327]
[26328 26374]
[26375 26417]
[26418 26455]
[26456 26493]
[26494 26540]
[26541 26578]
[26579 26634]
[26635 26718]
[26719 27212]
[27214 27296]
[27297 27363]
[27364 27431]
[27432 27473]
[27474 27544]
[27545 27612]
[27613 27676]
[27677 27730]
[27731 27790]
[27791 27852]
[27853 27892]
[27893 27942]
[27943 27985]
[27986 28039]
[28040 28110]
[28111 28164]
[28165 28227]
[28228 28275]
[28276 28333]
[28334 28415]
[28416 28482]
[28483 28540]
[28541 28608]
[28609 28686]
[28687 28754]
[28755 29252]
[29253 29329]
[29330 29393]
[29394 29474]
[29475 29538]
[29539 29588]
[29589 29648]
[29649 29713]
[29714 29778]
[29779 29830]
[29831 29895]
[29896 29961]
[29962 30024]
[30025 30090]
[30091 30153]
[30154 30220]
[30221 30284]
[30285 30338]
[30339 30408]
[30409 30453]
[30454 30675]
[30676 30764]
[30765 30832]
[30833 30906]
[30907 31100]
[31101 31159]
[31160 31347]
[31348 31797]
[31798 31904]
[31905 31957]
[31958 31995]
[31996 32028]
[32029 32081]
[32082 32223]
[32224 32320]
[32321 32394]
[32395 32500]
[32501 32589]
[32590 32596]
[32597 32706]
[32707 32793]
[32794 32867]
[32868 33142]
[33143 33236]
