[0 5]
[6 52]
[53 303]
[304 364]
[365 400]
[401 430]
[431 458]
[459 491]
[492 521]
[522 551]
[552 585]
[586 614]
[615 639]
[640 674]
[675 712]
[713 801]
[802 1137]
[1139 1187]
[1188 1228]
[1229 1268]
[1269 1320]
[1321 1367]
[1368 1397]
[1398 1456]
[1457 1523]
[1524 1592]
[1593 1652]
[1653 1764]
[1765 1835]
[1836 1867]
[1868 2407]
[2408 2475]
[2476 2535]
[2536 2595]
[2596 2689]
[2690 2759]
[2760 2815]
[2816 2872]
[2873 2934]
[2935 2952]
[2953 3012]
[3013 3078]
[3079 3135]
[3136 3212]
[3213 3244]
[3245 3282]
[3283 3344]
[3345 3394]
[3395 3461]
[3462 3520]
[3521 3577]
[3578 3615]
[3616 3645]
[3646 3692]
[3693 3726]
[3727 3778]
[3779 3809]
[3810 4278]
[4279 4313]
[4314 4399]
[4400 4460]
[4461 4491]
[4492 4524]
[4525 4543]
[4544 4570]
[4571 4593]
[4594 4679]
[4680 4710]
[4711 4766]
[4767 4819]
[4820 4999]
[5000 5149]
[5150 5186]
[5187 5224]
[5225 5312]
[5313 5357]
[5358 5427]
[5428 5476]
[5477 5536]
[5537 5580]
[5581 5637]
[5638 6335]
[6337 6387]
[6388 6419]
[6420 6454]
[6455 6485]
[6486 6517]
[6518 6551]
[6552 6595]
[6596 6640]
[6641 6669]
[6670 6702]
[6703 6819]
[6820 6871]
[6872 6927]
[6928 7027]
[7028 7063]
[7064 7095]
[7096 7125]
[7126 7165]
[7166 7389]
[7390 7443]
[7444 7507]
[7508 7582]
[7583 7650]
[7651 7750]
[7751 7823]
[7824 8255]
[8256 8303]
[8304 8370]
[8371 8542]
[8543 8594]
[8595 8683]
[8684 8792]
[8793 9005]
[9006 9110]
[9111 9393]
[9394 9458]
[9459 9684]
[9685 9864]
[9865 9929]
[9930 9980]
[9981 10023]
[10024 10125]
[10126 10347]
[10348 10434]
[10435 10507]
[10508 10636]
[10637 10712]
[10713 10961]
[10962 11071]
[11072 11402]
[11403 11561]
[11562 11930]
[11931 12054]
[12055 12129]
[12130 12275]
[12276 12333]
[12334 12382]
[12383 12434]
[12435 12486]
[12487 12746]
[12747 12868]
[12869 12990]
[12991 13107]
[13108 13150]
[13151 13232]
[13233 13347]
[13348 13402]
[13403 13443]
[13444 13525]
[13526 13645]
[13646 13956]
[13957 14049]
[14050 14117]
[14118 14212]
[14213 14411]
[14412 14629]
[14630 14794]
[14795 14943]
[14944 15012]
[15013 15036]
[15037 15081]
[15082 15117]
[15118 15150]
[15151 15192]
[15193 15253]
[15254 15302]
[15303 15347]
[15348 15452]
[15453 15776]
[15777 15838]
[15839 15978]
[15979 16047]
[16048 16167]
[16168 16192]
[16193 16258]
[16259 16335]
[16336 16391]
[16392 16446]
[16447 16550]
[16551 16603]
[16604 16657]
[16658 16700]
[16701 16733]
[16734 16808]
[16809 16905]
[16906 16969]
[16970 17292]
[17293 17347]
[17348 17395]
[17396 17454]
[17455 17491]
[17492 17530]
[17531 17578]
[17579 17630]
[17631 17674]
[17675 17777]
[17778 17828]
[17829 17887]
[17888 17964]
[17965 18184]
[18185 18333]
[18334 18410]
[18411 18496]
[18497 18562]
[18563 18613]
[18614 19500]
[19501 19558]
[19559 19639]
[19640 19772]
[19773 19820]
[19821 19899]
[19900 20003]
[20004 20067]
[20068 20153]
[20154 20250]
[20251 20303]
[20304 20360]
[20361 20434]
[20435 20492]
[20493 20581]
[20582 20659]
[20660 20706]
[20707 20802]
[20803 20898]
[20899 21441]
[21442 21487]
[21488 21540]
[21541 21692]
[21693 21732]
[21733 21810]
[21811 21854]
[21855 21900]
[21901 21955]
[21956 22004]
[22005 22628]
[22629 22750]
[22751 22835]
[22836 22913]
[22914 23032]
[23033 23310]
[23311 23398]
[23399 23489]
[23490 23606]
[23607 23781]
[23782 23856]
[23857 23926]
[23927 23998]
[23999 24122]
[24123 24410]
[24411 24488]
