[0 26]
[28 271]
[272 331]
[332 375]
[376 417]
[418 458]
[459 500]
[501 541]
[542 582]
[583 625]
[626 665]
[666 707]
[708 751]
[752 801]
[802 916]
[917 1165]
[1166 1206]
[1207 1277]
[1278 1334]
[1335 1497]
[1498 1555]
[1556 1614]
[1615 1675]
[1676 1709]
[1710 1845]
[1846 1907]
[1908 1967]
[1968 1989]
[1990 2023]
[2024 2051]
[2052 2067]
[2068 2091]
[2092 2151]
[2152 2202]
[2203 2465]
[2466 2517]
[2518 2555]
[2556 2597]
[2598 2921]
[2922 3030]
[3031 3085]
[3086 3152]
[3153 3220]
[3221 3284]
[3285 3356]
[3357 3416]
[3417 3571]
[3572 3610]
[3611 3669]
[3670 3742]
[3743 3801]
[3802 3836]
[3837 3856]
[3857 3905]
[3906 4023]
[4024 4099]
[4100 4175]
[4176 4328]
[4329 4346]
[4347 4403]
[4404 4491]
[4492 4573]
[4574 4615]
[4616 4635]
[4636 4688]
[4689 4747]
[4748 4824]
[4825 4897]
[4898 4955]
[4956 5039]
[5040 5109]
[5110 5173]
[5174 5255]
[5256 5335]
[5336 5392]
[5393 5472]
[5473 5760]
[5761 5795]
[5796 5926]
[5927 5992]
[5993 6043]
[6044 6119]
[6120 6190]
[6191 6267]
[6268 6402]
[6403 6453]
[6454 6510]
[6511 6578]
[6579 6636]
[6637 6729]
[6730 6799]
[6800 6869]
[6870 6937]
[6938 6994]
[6995 7070]
[7071 7127]
[7128 7369]
[7370 7421]
[7422 7475]
[7476 7524]
[7525 7565]
[7566 7597]
[7598 7655]
[7656 7711]
[7712 7735]
[7736 7769]
[7770 7797]
[7798 7850]
[7851 7920]
[7921 7979]
[7980 8120]
[8121 8165]
[8166 8203]
[8204 8235]
[8236 8266]
[8267 8340]
[8341 8410]
[8411 8486]
[8487 8564]
[8565 8689]
[8690 8735]
[8736 8778]
[8779 8823]
[8824 8869]
[8870 8969]
[8970 9129]
[9130 9385]
[9386 9679]
[9680 9699]
[9700 9753]
[9754 9876]
[9877 9943]
[9944 9976]
[9977 10067]
[10068 10121]
[10122 10223]
[10224 10496]
[10497 11132]
[11133 11201]
[11202 11267]
[11268 11335]
[11336 11409]
[11410 11516]
[11517 11778]
[11779 11830]
[11831 11879]
[11880 11903]
[11904 11963]
[11964 12020]
[12021 12078]
[12079 12126]
[12127 12160]
[12161 12240]
[12241 12304]
[12305 12367]
[12368 12428]
[12429 12481]
[12482 12511]
[12512 12573]
[12574 12639]
[12640 12994]
[12995 13979]
[13980 14243]
[14244 14323]
[14324 14450]
[14451 14530]
[14531 14615]
[14616 14672]
[14673 14742]
[14743 14822]
[14823 14957]
[14958 15091]
[15092 15137]
[15138 15182]
[15183 15226]
[15227 15271]
[15272 15320]
[15321 15365]
[15366 15410]
[15411 15445]
[15446 15530]
[15531 15902]
[15903 16013]
[16014 16083]
[16084 16236]
[16237 16403]
[16404 16488]
[16489 16775]
[16776 16884]
[16885 17088]
[17089 17393]
[17394 17522]
[17523 17568]
[17569 17643]
[17644 17757]
[17758 17794]
[17795 17845]
[17846 18016]
[18017 18063]
[18064 18157]
[18158 18222]
[18223 18331]
[18332 18440]
[18441 18484]
[18485 18536]
[18537 18650]
[18651 18682]
[18683 18818]
[18819 18901]
[18902 19202]
[19203 19264]
[19265 19375]
[19376 19488]
[19489 19537]
[19538 19569]
[19570 19923]
[19924 20006]
[20007 20112]
[20113 20201]
[20202 20494]
[20495 20614]
[20615 20667]
[20668 20738]
[20739 20807]
[20808 20882]
[20883 20948]
[20949 21012]
[21013 21056]
[21057 21225]
[21226 21314]
[21315 21366]
[21367 21431]
[21432 21592]
[21593 21645]
[21646 21840]
[21841 21861]
[21862 22154]
[22155 22256]
[22257 22301]
[22302 22415]
[22416 22519]
[22520 22627]
[22628 22722]
[22723 22831]
[22832 22935]
[22936 22964]
[22965 22980]
[22981 23055]
[23056 23108]
[23109 23191]
[23192 23726]
[23727 23830]
