[0 10]
[11 34]
[35 353]
[354 413]
[414 445]
[446 470]
[471 499]
[500 541]
[542 577]
[578 615]
[616 641]
[642 664]
[665 699]
[700 725]
[726 763]
[764 788]
[789 842]
[843 1305]
[1306 1420]
[1421 1531]
[1532 1617]
[1618 1723]
[1724 1857]
[1858 1946]
[1947 2012]
[2013 2074]
[2075 2120]
[2121 2203]
[2204 2335]
[2336 2808]
[2809 2975]
[2976 3037]
[3038 3111]
[3112 3162]
[3163 3203]
[3204 3230]
[3231 3384]
[3385 3510]
[3511 3530]
[3531 3557]
[3558 3651]
[3652 3726]
[3727 3980]
[3981 4033]
[4034 4090]
[4091 4268]
[4269 4320]
[4321 4386]
[4387 4455]
[4456 4776]
[4777 4834]
[4835 4884]
[4885 4935]
[4936 4974]
[4975 5084]
[5085 5209]
[5210 5266]
[5267 5357]
[5358 5432]
[5433 5478]
[5479 5548]
[5549 5582]
[5583 5628]
[5629 5767]
[5768 5824]
[5825 5917]
[5918 5959]
[5960 6022]
[6023 6078]
[6079 6167]
[6168 6282]
[6283 6331]
[6332 6848]
[6849 6946]
[6948 7031]
[7032 7067]
[7068 7138]
[7139 7325]
[7326 7359]
[7360 7449]
[7450 7531]
[7532 7584]
[7585 7628]
[7629 7674]
[7675 7729]
[7730 7763]
[7764 7875]
[7876 7937]
[7938 7982]
[7983 8050]
[8051 8115]
[8116 8156]
[8157 8207]
[8208 8255]
[8256 8270]
[8271 8810]
[8811 8905]
[8906 8993]
[8994 9031]
[9032 9066]
[9067 9159]
[9160 9255]
[9256 9326]
[9327 9398]
[9399 9457]
[9458 9495]
[9496 9524]
[9525 9577]
[9578 9641]
[9642 9675]
[9676 9720]
[9721 9834]
[9835 9879]
[9880 9914]
[9915 9968]
[9969 10015]
[10016 10055]
[10056 10088]
[10089 10117]
[10118 10145]
[10146 10185]
[10186 10216]
[10217 10337]
[10338 10376]
[10377 10406]
[10407 10446]
[10447 10467]
[10468 10517]
[10518 10585]
[10586 10609]
[10610 10659]
[10660 10690]
[10691 10782]
[10783 11091]
[11092 11149]
[11150 11251]
[11252 11369]
[11370 11451]
[11452 11524]
[11525 11629]
[11630 11661]
[11662 11694]
[11695 11779]
[11780 11847]
[11848 11925]
[11926 12028]
[12029 12474]
[12475 12529]
[12530 12610]
[12611 12680]
[12681 12795]
[12796 12840]
[12841 12933]
[12934 12993]
[12994 13073]
[13074 13161]
[13162 13211]
[13212 13396]
[13397 13540]
[13541 13681]
[13682 13764]
[13765 13842]
[13843 13901]
[13902 13965]
[13966 13972]
[13973 14012]
[14013 14142]
[14143 14180]
[14181 14283]
[14284 14699]
[14700 14771]
[14772 14812]
[14813 14841]
[14842 14897]
[14898 14946]
[14947 15043]
[15044 15102]
[15103 15178]
[15179 15237]
[15238 15299]
[15300 15359]
[15360 15415]
[15416 15487]
[15488 15610]
[15611 15641]
[15642 15678]
[15679 15714]
[15715 15760]
[15761 15790]
[15791 15826]
[15827 15856]
[15857 15892]
[15893 15955]
[15956 16052]
[16053 16457]
[16458 16495]
[16496 16548]
[16549 16584]
[16585 16641]
[16642 16798]
[16799 16856]
[16857 16915]
[16916 16976]
[16977 17038]
[17039 17060]
[17061 17173]
[17174 17217]
[17218 17348]
[17349 17370]
[17371 17765]
[17766 17874]
[17875 18000]
[18001 18105]
[18106 18299]
[18300 18364]
[18365 18478]
[18479 18555]
[18556 18663]
[18664 18763]
[18764 18826]
[18827 18961]
[18962 18996]
[18997 19063]
[19064 19143]
[19144 19192]
[19193 19482]
[19483 19588]
[19589 19737]
[19738 19788]
[19789 19830]
[19831 19912]
[19913 20001]
[20002 20089]
[20090 20136]
[20137 20189]
[20190 20289]
[20290 20393]
[20394 20540]
[20541 20637]
[20638 20812]
[20813 20864]
[20865 21009]
[21010 21138]
[21139 21358]
[21359 21473]
[21474 21666]
[21667 21829]
[21830 21896]
[21897 22057]
[22058 22131]
[22132 22210]
[22211 22442]
[22443 22501]
[22502 22566]
[22567 22994]
[22995 23104]
[23105 23163]
[23164 23319]
[23320 23339]
[23340 23405]
[23406 23587]
[23588 23659]
[23660 23718]
[23719 23780]
[23781 23832]
[23833 23897]
[23898 23922]
[23923 23962]
[23963 24060]
[24061 24149]
[24150 24185]
[24186 24222]
[24223 24257]
[24258 24314]
[24315 24360]
[24361 24388]
[24389 24470]
[24471 24582]
[24583 24778]
[24779 24806]
[24807 24874]
[24875 24899]
[24900 24954]
[24955 25019]
[25020 25143]
[25144 25181]
[25182 25204]
[25205 25232]
[25233 25272]
[25273 25300]
[25301 25383]
[25384 25522]
[25523 25564]
[25565 25596]
[25597 25636]
[25637 25681]
[25682 25708]
[25709 25770]
[25771 25805]
[25806 25986]
[25987 26131]
[26132 26158]
[26159 26259]
[26260 26357]
[26358 26463]
[26464 26529]
[26530 26570]
[26571 26623]
[26624 26788]
[26789 26912]
[26913 27057]
[27058 27145]
[27146 27255]
[27256 27964]
[27965 28047]
[28048 28177]
[28178 28422]
[28423 28466]
[28467 28581]
[28582 28690]
[28691 28781]
[28782 28848]
[28849 28918]
[28919 29080]
[29081 29706]
[29707 29828]
