[0 8]
[9 44]
[45 328]
[329 383]
[384 476]
[477 510]
[511 563]
[564 606]
[607 634]
[635 682]
[683 759]
[760 815]
[816 863]
[864 961]
[962 1395]
[1396 1466]
[1467 1554]
[1555 1628]
[1629 1690]
[1691 1763]
[1764 1908]
[1909 1973]
[1974 2048]
[2049 2106]
[2107 2158]
[2159 2216]
[2217 2290]
[2291 2347]
[2348 2421]
[2422 2903]
[2904 3166]
[3167 3220]
[3221 3297]
[3298 3368]
[3369 3432]
[3433 3490]
[3491 3558]
[3559 3629]
[3630 3709]
[3710 3815]
[3816 3852]
[3853 3895]
[3896 4355]
[4356 4409]
[4410 4478]
[4479 4537]
[4538 4607]
[4608 4684]
[4685 4753]
[4754 4794]
[4795 4929]
[4930 4988]
[4989 5055]
[5056 5097]
[5098 5150]
[5151 5202]
[5203 5263]
[5264 5292]
[5293 5324]
[5325 5405]
[5406 5453]
[5454 5502]
[5503 5558]
[5559 5590]
[5591 5629]
[5630 5682]
[5684 5733]
[5734 5774]
[5775 5809]
[5810 5844]
[5845 5895]
[5896 5940]
[5941 6059]
[6060 6376]
[6377 6503]
[6504 6551]
[6552 6624]
[6625 6684]
[6685 6710]
[6711 6759]
[6760 6794]
[6795 6846]
[6847 6942]
[6943 6997]
[6998 7058]
[7059 7137]
[7138 7185]
[7186 7243]
[7244 7278]
[7279 7351]
[7352 7403]
[7404 7482]
[7483 7532]
[7533 7574]
[7575 7623]
[7624 7660]
[7661 7697]
[7698 7735]
[7736 7790]
[7791 7825]
[7826 7858]
[7859 8343]
[8344 8403]
[8404 8467]
[8468 8525]
[8526 8581]
[8582 8630]
[8631 8691]
[8692 8745]
[8746 8816]
[8817 8889]
[8890 8948]
[8949 9007]
[9008 9054]
[9055 9100]
[9101 9209]
[9210 9281]
[9282 9310]
[9311 9373]
[9374 9414]
[9415 9461]
[9462 9513]
[9514 9554]
[9555 9574]
[9575 9654]
[9655 9725]
[9726 9810]
[9811 9866]
[9867 9935]
[9936 10004]
[10005 10048]
[10049 10114]
[10115 10161]
[10162 10208]
[10209 10304]
[10305 10829]
[10830 10886]
[10887 10942]
[10943 11002]
[11003 11061]
[11062 11235]
[11236 11337]
[11338 11399]
[11400 11490]
[11491 11555]
[11556 11591]
[11592 11619]
[11620 11659]
[11660 11705]
[11706 11782]
[11783 11823]
[11824 11855]
[11856 11899]
[11900 11931]
[11932 11962]
[11963 12013]
[12014 12090]
[12091 12146]
[12147 12230]
[12231 12307]
[12308 12350]
[12351 12563]
[12564 12653]
[12654 12766]
[12767 12863]
[12864 12971]
[12972 13038]
[13039 13120]
[13121 13198]
[13199 13263]
[13264 13343]
[13344 13642]
[13643 13753]
[13755 13812]
[13813 14001]
[14002 14150]
[14151 14286]
[14287 14361]
[14362 14438]
[14439 14511]
[14512 14582]
[14583 14841]
[14842 14905]
[14906 14961]
[14962 15019]
[15020 15088]
[15089 15194]
[15195 15317]
[15318 15472]
[15473 15527]
[15528 15752]
[15753 15857]
[15858 15939]
[15940 16034]
[16035 16131]
[16132 16205]
[16206 16274]
[16275 16344]
[16345 16412]
[16413 16480]
[16481 16567]
[16568 16694]
[16695 17097]
[17098 17140]
[17141 17187]
[17188 17251]
[17252 17662]
[17663 17715]
[17716 17774]
[17775 17823]
[17824 17896]
[17897 17992]
[17993 18220]
[18221 18305]
[18306 18364]
[18365 18408]
[18409 18477]
[18478 18544]
[18545 18587]
[18588 18646]
[18647 18715]
[18716 18751]
[18752 18829]
[18830 18894]
[18895 18973]
[18974 19089]
[19090 19512]
[19513 19610]
[19611 19692]
[19693 19793]
[19794 19913]
[19914 20036]
[20037 20165]
[20166 20333]
[20334 20513]
[20514 20637]
[20638 20793]
[20794 20875]
[20876 20926]
[20927 21598]
[21599 21691]
[21692 21728]
[21729 21826]
[21827 22028]
[22029 22162]
[22163 22232]
[22233 22282]
[22283 22352]
[22353 22417]
[22418 22497]
[22498 22565]
[22566 22672]
[22673 22739]
[22740 22800]
[22801 22883]
[22884 23139]
[23140 23233]
[23234 23356]
[23357 23428]
[23429 23507]
[23508 23601]
[23602 23643]
[23644 23687]
[23688 23723]
[23724 23779]
[23780 23927]
[23928 23969]
[23970 24024]
[24025 24198]
[24199 24287]
[24288 24339]
[24340 24391]
[24392 24589]
[24590 25019]
[25020 25166]
[25167 25286]
[25287 25437]
[25438 25493]
[25494 25521]
[25522 25582]
[25583 25685]
[25686 25748]
[25749 25807]
[25808 25939]
[25940 25978]
[25979 26311]
[26312 26449]
[26450 26617]
[26618 26698]
[26699 26786]
[26787 26870]
[26871 26951]
[26952 27025]
[27026 27144]
[27145 27193]
[27194 27242]
[27243 27278]
[27279 27331]
[27332 27387]
[27388 27456]
[27457 27517]
[27518 27564]
[27565 27623]
[27624 27684]
[27685 27746]
[27747 28176]
[28177 28388]
[28389 28493]
[28494 28588]
[28589 28629]
[28630 28712]
[28713 28817]
[28818 28963]
[28964 29130]
[29131 29172]
[29173 29328]
[29329 29572]
[29573 29686]
[29687 29731]
[29732 29824]
[29825 29962]
[29963 30049]
[30050 30162]
[30163 30240]
[30241 30410]
[30411 30545]
[30546 30893]
[30894 30969]
