[0 5]
[6 40]
[41 285]
[286 344]
[345 387]
[388 424]
[425 493]
[494 511]
[512 540]
[541 568]
[569 600]
[601 631]
[632 677]
[678 781]
[782 825]
[826 927]
[928 1272]
[1273 1362]
[1363 1449]
[1450 1532]
[1533 1820]
[1821 1904]
[1905 1973]
[1974 2022]
[2023 2078]
[2079 2137]
[2138 2192]
[2193 2242]
[2243 2284]
[2285 2339]
[2340 2377]
[2378 2843]
[2844 2865]
[2866 2903]
[2904 2954]
[2955 2999]
[3000 3070]
[3071 3109]
[3110 3164]
[3165 3234]
[3235 3283]
[3284 3328]
[3329 3364]
[3365 3403]
[3404 3443]
[3444 3500]
[3501 3555]
[3556 3603]
[3604 3634]
[3635 3655]
[3656 3743]
[3744 4189]
[4190 4229]
[4230 4295]
[4296 4385]
[4386 4483]
[4484 4544]
[4545 4589]
[4590 4655]
[4656 4709]
[4710 4729]
[4730 4756]
[4757 4801]
[4802 4842]
[4843 4881]
[4882 4929]
[4930 4943]
[4944 4982]
[4983 5044]
[5045 5101]
[5102 5154]
[5155 5185]
[5186 5234]
[5235 5246]
[5247 5325]
[5326 5387]
[5388 5409]
[5410 5465]
[5466 5515]
[5516 5558]
[5559 5690]
[5691 6158]
[6159 6205]
[6206 6256]
[6257 6321]
[6322 6367]
[6368 6510]
[6511 6564]
[6565 6607]
[6608 6639]
[6640 6684]
[6685 6744]
[6745 6832]
[6833 6965]
[6966 7010]
[7011 7057]
[7058 7117]
[7118 7157]
[7158 7304]
[7305 7387]
[7388 7434]
[7435 7476]
[7477 7520]
[7521 7567]
[7568 7638]
[7639 7712]
[7713 7827]
[7828 8267]
[8268 8271]
[8272 8322]
[8323 8510]
[8511 8605]
[8606 8668]
[8669 8721]
[8722 8820]
[8821 8942]
[8943 9013]
[9014 9067]
[9068 9123]
[9124 9231]
[9232 9427]
[9428 9544]
[9545 9579]
[9580 9640]
[9641 9688]
[9689 9715]
[9716 9802]
[9803 10089]
[10090 10183]
[10184 10372]
[10373 10497]
[10498 10628]
[10629 10738]
[10739 10887]
[10888 11018]
[11019 11148]
[11149 11164]
[11165 11241]
[11242 11681]
[11682 11793]
[11794 11890]
[11891 12012]
[12013 12106]
[12107 12239]
[12240 12309]
[12310 12491]
[12492 12615]
[12616 12726]
[12727 12819]
[12820 12893]
[12894 12987]
[12988 13316]
[13317 13410]
[13411 13475]
[13476 13547]
[13548 13627]
[13628 13712]
[13713 13850]
[13851 13947]
[13948 14012]
[14013 14064]
[14065 14122]
[14123 14197]
[14198 14262]
[14263 14301]
[14302 14360]
[14361 14404]
[14405 14659]
[14660 14778]
[14779 14887]
[14888 15124]
[15126 15201]
[15202 15372]
[15373 15468]
[15470 15550]
[15551 15631]
[15633 15672]
[15673 15742]
[15743 15815]
[15816 15862]
[15863 15904]
[15905 15948]
[15949 15995]
[15996 16066]
[16067 16140]
[16141 16259]
[16260 16512]
[16513 16548]
[16549 16629]
[16630 16997]
[16998 17028]
[17029 17313]
[17314 17395]
[17396 17464]
[17465 17554]
[17555 17679]
[17680 17775]
[17776 18031]
[18032 18146]
[18147 18232]
[18233 18353]
[18354 18425]
[18426 18506]
[18507 18569]
[18570 18637]
[18638 18963]
[18964 19022]
[19023 19063]
[19064 19101]
[19102 19170]
[19171 19331]
[19332 19426]
[19427 19471]
[19472 19564]
[19565 19603]
[19604 19670]
[19671 19776]
[19777 19799]
[19800 19883]
[19884 20000]
[20001 20082]
[20083 20177]
[20178 20221]
[20222 20336]
[20337 20614]
[20615 20822]
[20823 20915]
[20916 21073]
[21074 21175]
[21176 21292]
[21293 21421]
[21422 21492]
[21493 21562]
[21563 21655]
[21656 21737]
[21738 21896]
[21897 21980]
[21981 22218]
[22219 22762]
[22763 22909]
[22910 22989]
[22990 23086]
[23087 23135]
[23136 23197]
[23198 23249]
[23250 23308]
[23309 23437]
[23438 23537]
[23538 23586]
[23587 23649]
[23650 23766]
[23767 23814]
[23815 23942]
[23943 24071]
[24072 24264]
[24266 24399]
[24400 24607]
[24608 24735]
[24736 24789]
[24790 24934]
[24935 25069]
[25070 25118]
[25119 25246]
[25247 25278]
[25279 25382]
[25383 25481]
[25482 25673]
[25674 25766]
[25767 25818]
[25819 26035]
[26036 26103]
[26104 26205]
[26206 26276]
[26277 26467]
[26468 26511]
[26512 26738]
[26739 26936]
[26937 26990]
[26991 27103]
[27104 27328]
[27329 27436]
[27437 27506]
[27507 27601]
[27602 27703]
[27704 27822]
[27823 27917]
[27918 27986]
[27987 28060]
[28061 28127]
[28128 28176]
[28177 28470]
[28471 28565]
