[0 11]
[12 47]
[48 386]
[387 438]
[439 481]
[482 518]
[519 601]
[602 643]
[644 677]
[678 750]
[751 1203]
[1204 1249]
[1250 1292]
[1293 1340]
[1341 1387]
[1388 1432]
[1433 1480]
[1481 1526]
[1527 1577]
[1578 1631]
[1632 1666]
[1667 1712]
[1713 1764]
[1765 1813]
[1814 1869]
[1870 1923]
[1924 1978]
[1979 2028]
[2029 2087]
[2088 2130]
[2131 2161]
[2162 2206]
[2207 2585]
[2586 2728]
[2729 2832]
[2833 3082]
[3083 3496]
[3497 3623]
[3624 3832]
[3833 4153]
[4154 4347]
[4348 4596]
[4597 4797]
[4798 5083]
[5084 5163]
[5164 5257]
[5258 5584]
[5585 5687]
[5688 5737]
[5738 5795]
[5796 5832]
[5834 5911]
[5912 5990]
[5991 6108]
[6109 6178]
[6179 6225]
[6226 6278]
[6279 6371]
[6372 6403]
[6404 6498]
[6499 6561]
[6562 6594]
[6595 6774]
[6775 6920]
[6921 6966]
[6967 7039]
[7040 7064]
[7065 7119]
[7120 7152]
[7153 7172]
[7173 7674]
[7675 7746]
[7747 7826]
[7827 7868]
[7869 7903]
[7904 7930]
[7931 7961]
[7962 8001]
[8002 8040]
[8041 8088]
[8089 8150]
[8151 8211]
[8212 8364]
[8365 8460]
[8461 8503]
[8504 8634]
[8635 8696]
[8697 8767]
[8768 8839]
[8840 8905]
[8906 8962]
[8963 9012]
[9013 9063]
[9064 9104]
[9105 9151]
[9152 9173]
[9174 9651]
[9652 9702]
[9703 9709]
[9710 9758]
[9759 9792]
[9793 9848]
[9849 9963]
[9964 9995]
[9996 10069]
[10070 10136]
[10137 10150]
[10151 10216]
[10217 10236]
[10237 10309]
[10310 10355]
[10356 10379]
[10380 10445]
[10446 10482]
[10483 10559]
[10560 10598]
[10599 10662]
[10663 10715]
[10716 11066]
[11067 11178]
[11179 11300]
[11301 11419]
[11420 11457]
[11458 11543]
[11544 11640]
[11641 11705]
[11706 11787]
[11788 11867]
[11868 11960]
[11961 12034]
[12035 12099]
[12100 12355]
[12356 12438]
[12439 12490]
[12491 12520]
[12521 12677]
[12678 12714]
[12715 12797]
[12798 12840]
[12841 12950]
[12951 13069]
[13070 13412]
[13413 13580]
[13581 13743]
[13744 13907]
[13908 14073]
[14074 14194]
[14195 14388]
[14389 14540]
[14541 14594]
[14595 14774]
[14775 14845]
[14846 14919]
[14920 15037]
[15038 15369]
[15370 15744]
[15745 15952]
[15953 16118]
[16119 16275]
[16276 16328]
[16329 16405]
[16406 16464]
[16465 16720]
[16721 17360]
[17361 17406]
[17407 17508]
[17509 17549]
[17550 17600]
[17601 18043]
[18044 18240]
[18241 18461]
[18462 18674]
[18675 18800]
[18801 18875]
[18876 19249]
[19250 19358]
[19359 19403]
[19404 19437]
[19438 19465]
[19466 19511]
[19512 19531]
[19532 19586]
[19587 19626]
[19627 19680]
[19681 19722]
[19723 19778]
[19779 19849]
[19850 19896]
[19897 19974]
[19975 20010]
[20011 20035]
[20036 20065]
[20066 20187]
[20188 20228]
[20229 20236]
[20237 20293]
[20294 20350]
[20351 20363]
[20364 20408]
[20409 20489]
[20490 20554]
[20555 20943]
[20944 21044]
[21045 21184]
[21186 21312]
[21313 21555]
[21556 21640]
[21641 21733]
[21734 21933]
[21934 22138]
[22139 22236]
[22237 22346]
[22347 22631]
[22632 22744]
[22745 22807]
[22808 22871]
[22872 22932]
[22933 23118]
[23119 23238]
[23239 23330]
[23331 23399]
[23400 23484]
[23485 23537]
[23538 23797]
[23798 24019]
[24020 24021]
[24022 24067]
[24068 24380]
[24381 24421]
[24422 24505]
[24506 24611]
[24612 24713]
[24714 25010]
[25012 25100]
