[0 40]
[41 383]
[384 440]
[441 470]
[471 500]
[501 542]
[543 567]
[568 607]
[608 653]
[654 691]
[692 752]
[753 768]
[769 817]
[818 905]
[906 1019]
[1020 1380]
[1381 1521]
[1522 1616]
[1617 1695]
[1696 1754]
[1755 1810]
[1811 1872]
[1873 1941]
[1942 2009]
[2010 2077]
[2078 2142]
[2143 2197]
[2198 2270]
[2271 2335]
[2336 2391]
[2392 2509]
[2510 2536]
[2537 2578]
[2579 3133]
[3134 3256]
[3257 3324]
[3325 3393]
[3394 3417]
[3418 3471]
[3472 3594]
[3595 3683]
[3684 3750]
[3751 3841]
[3842 3917]
[3918 3958]
[3959 4008]
[4009 4519]
[4520 4600]
[4601 4753]
[4754 4836]
[4837 4911]
[4912 4990]
[4991 5061]
[5062 5106]
[5107 5160]
[5161 5283]
[5284 5375]
[5376 5417]
[5418 5458]
[5459 5494]
[5495 5523]
[5524 5593]
[5594 5668]
[5669 5734]
[5735 5816]
[5817 5860]
[5861 5896]
[5897 5929]
[5930 5957]
[5958 6006]
[6007 6713]
[6715 6780]
[6781 6854]
[6855 6907]
[6908 6980]
[6981 7049]
[7050 7112]
[7113 7172]
[7173 7211]
[7212 7260]
[7261 7484]
[7485 7569]
[7570 7618]
[7619 7674]
[7675 7741]
[7742 7810]
[7811 7847]
[7848 7973]
[7974 8027]
[8028 8084]
[8085 8110]
[8111 8151]
[8152 8219]
[8220 8623]
[8624 8691]
[8692 8742]
[8743 8771]
[8772 8915]
[8916 8980]
[8981 9017]
[9018 9093]
[9094 9144]
[9145 9180]
[9181 9215]
[9216 9244]
[9245 9256]
[9257 9385]
[9386 9437]
[9438 9459]
[9460 9560]
[9561 9605]
[9606 9688]
[9689 9754]
[9755 9808]
[9809 9894]
[9895 9966]
[9967 10064]
[10065 10108]
[10109 10151]
[10152 10442]
[10443 10698]
[10700 10743]
[10744 10788]
[10789 10828]
[10829 10856]
[10857 10900]
[10901 10938]
[10939 10973]
[10974 11009]
[11010 11049]
[11050 11082]
[11083 11204]
[11205 11268]
[11269 11329]
[11330 11400]
[11401 11498]
[11499 11577]
[11578 11670]
[11671 11812]
[11813 11924]
[11925 11982]
[11983 12017]
[12018 12076]
[12077 12130]
[12131 12197]
[12198 12341]
[12342 12380]
[12381 12415]
[12416 12442]
[12443 12464]
[12465 12521]
[12522 12575]
[12576 12621]
[12622 12651]
[12652 12680]
[12681 12715]
[12716 12784]
[12785 13207]
[13208 13249]
[13250 13325]
[13326 13383]
[13384 13403]
[13404 13464]
[13465 13523]
[13524 13583]
[13584 13597]
[13598 13669]
[13670 13740]
[13741 13763]
[13764 13802]
[13803 13843]
[13844 13882]
[13883 13902]
[13903 13930]
[13931 14347]
[14348 14413]
[14414 14534]
[14535 14627]
[14628 14696]
[14697 14784]
[14785 14812]
[14813 14868]
[14869 14909]
[14910 14980]
[14981 15048]
[15049 15099]
[15100 15175]
[15176 15241]
[15242 15287]
[15288 15340]
[15341 15626]
[15627 15709]
[15710 15817]
[15818 15839]
[15840 15896]
[15897 15925]
[15926 15960]
[15961 16044]
[16045 16116]
[16117 16165]
[16166 16207]
[16208 16565]
[16566 16616]
[16617 16667]
[16668 16747]
[16748 16830]
[16831 16895]
[16896 16959]
[16960 17049]
[17050 17162]
[17163 17201]
[17202 17250]
[17251 17395]
[17396 17542]
[17543 17799]
[17800 17934]
[17935 18065]
[18066 18155]
[18156 18211]
[18212 18319]
[18320 18356]
[18357 18393]
[18394 18430]
[18431 18467]
[18468 18504]
[18505 18589]
[18590 18625]
[18626 18704]
[18705 18796]
[18797 18918]
[18919 18974]
[18975 19031]
[19032 19070]
[19071 19107]
[19108 19178]
[19179 19225]
[19226 19341]
[19342 19372]
[19373 19399]
[19400 19462]
[19463 19513]
[19514 19861]
[19862 19936]
[19937 19991]
[19992 20069]
[20070 20127]
[20128 20187]
[20188 20282]
[20283 20331]
[20332 20374]
[20375 20518]
[20519 20632]
[20633 20741]
[20742 20802]
[20803 20879]
[20880 20935]
[20936 21017]
[21018 21090]
[21091 21215]
[21216 21364]
[21365 21469]
[21470 21550]
[21551 21604]
[21605 21657]
[21658 21697]
[21698 21744]
[21745 21874]
[21875 21933]
[21934 21999]
[22000 22056]
[22057 22149]
[22150 22211]
[22212 22295]
[22296 22412]
[22413 22467]
[22468 22520]
[22521 22561]
[22562 22616]
[22617 22630]
[22631 22710]
[22711 22761]
[22762 22813]
[22814 22845]
[22846 22890]
[22891 23015]
[23016 23145]
[23146 23428]
[23429 23614]
[23615 23712]
[23713 23752]
[23753 23869]
[23870 23952]
[23953 24030]
[24031 24100]
[24101 24168]
[24169 24238]
[24239 24336]
[24337 24396]
[24397 24584]
[24585 24688]
[24689 24759]
[24760 24847]
[24848 24902]
[24903 24936]
[24937 25058]
[25059 25113]
[25114 25280]
[25281 25373]
[25374 25408]
[25409 25453]
[25454 25499]
[25500 25560]
[25561 25608]
[25609 25666]
[25667 25732]
[25733 25804]
[25806 25849]
[25850 25917]
[25918 26019]
[26020 26093]
[26094 26242]
[26243 26396]
[26397 26484]
[26485 26532]
[26533 26610]
[26611 26682]
[26683 26922]
[26923 26980]
[26981 27014]
[27015 27065]
[27066 27108]
[27109 27165]
[27166 27493]
[27494 27657]
[27658 27767]
[27768 27793]
[27794 28034]
[28035 28106]
[28107 28505]
[28506 28595]
