[0 9]
[10 37]
[38 376]
[377 430]
[431 474]
[475 516]
[517 557]
[558 599]
[600 640]
[641 681]
[682 724]
[725 806]
[807 850]
[851 1012]
[1013 1510]
[1511 1759]
[1760 1995]
[1996 2051]
[2052 2114]
[2115 2166]
[2167 2219]
[2220 2253]
[2254 2458]
[2459 2570]
[2571 2636]
[2637 2691]
[2692 2731]
[2732 2777]
[2778 2835]
[2836 2908]
[2909 2936]
[2937 3396]
[3397 3433]
[3434 3485]
[3486 3537]
[3538 3588]
[3589 3623]
[3624 3665]
[3666 3702]
[3703 3738]
[3739 3768]
[3769 3815]
[3816 3867]
[3868 3914]
[3915 3968]
[3969 4025]
[4026 4053]
[4054 4116]
[4117 4157]
[4158 4175]
[4176 4244]
[4245 4299]
[4300 4346]
[4347 4372]
[4373 4433]
[4434 4498]
[4499 4517]
[4518 4558]
[4559 4647]
[4648 5287]
[5288 5341]
[5342 5405]
[5406 5471]
[5472 5524]
[5525 5584]
[5585 5642]
[5643 5699]
[5700 5766]
[5767 5840]
[5841 5910]
[5911 5963]
[5964 6026]
[6027 6098]
[6099 6148]
[6149 6188]
[6189 6254]
[6255 6322]
[6323 6391]
[6392 6475]
[6476 6541]
[6542 6598]
[6599 6658]
[6659 6711]
[6712 6758]
[6759 7134]
[7135 7206]
[7207 7264]
[7265 7322]
[7323 7375]
[7376 7456]
[7457 7535]
[7536 7611]
[7612 7684]
[7685 7723]
[7724 8035]
[8036 8143]
[8144 8262]
[8263 8362]
[8363 8470]
[8471 8501]
[8502 8619]
[8620 8912]
[8913 8965]
[8966 9015]
[9016 9080]
[9081 9160]
[9161 9198]
[9199 9238]
[9239 9304]
[9305 9383]
[9384 9467]
[9468 9554]
[9555 9651]
[9652 9782]
[9783 9852]
[9853 9931]
[9932 10003]
[10004 10071]
[10072 10138]
[10139 10246]
[10247 10344]
[10345 10423]
[10424 10488]
[10489 10534]
[10535 10577]
[10578 10622]
[10623 10668]
[10669 10717]
[10718 10768]
[10769 10822]
[10823 10921]
[10922 11299]
[11300 11396]
[11397 11464]
[11465 11547]
[11548 11708]
[11709 11803]
[11804 11882]
[11883 12020]
[12021 12098]
[12099 12172]
[12173 12258]
[12259 12340]
[12341 12419]
[12420 12504]
[12505 12512]
[12513 12794]
[12795 12956]
[12957 13124]
[13125 13279]
[13280 13420]
[13421 13575]
[13576 13630]
[13631 13782]
[13783 13862]
[13863 14255]
[14256 14433]
[14434 14595]
[14596 14912]
[14913 15039]
[15040 15099]
[15100 15186]
[15187 15256]
[15257 15314]
[15315 15446]
[15447 15485]
[15486 15742]
[15743 15892]
[15893 15973]
[15974 16051]
[16052 16133]
[16134 16286]
[16287 16392]
[16393 16543]
[16544 16624]
[16625 16688]
[16689 17004]
[17005 17109]
[17110 17184]
[17185 17324]
[17325 17429]
[17430 17547]
[17548 17644]
[17645 17764]
[17765 17853]
[17854 18157]
[18158 18834]
[18835 18952]
[18953 19079]
[19080 19203]
[19204 19261]
[19262 19307]
[19308 19350]
[19351 19395]
[19396 19441]
[19442 19490]
[19491 19532]
[19533 19572]
[19573 19704]
[19705 20018]
[20019 20150]
[20151 20281]
[20282 20492]
[20493 20636]
[20637 20755]
[20756 20834]
[20835 21001]
[21002 21115]
[21116 21368]
[21369 21449]
[21450 21555]
[21556 21778]
[21779 21827]
[21828 21891]
[21892 21967]
[21968 22051]
[22052 22107]
[22108 22209]
[22210 22273]
[22274 22344]
[22345 22415]
[22416 22486]
[22487 22537]
[22538 22874]
[22875 22951]
[22952 22990]
[22991 23047]
[23048 23133]
[23134 23148]
[23149 23194]
[23195 23290]
[23291 23391]
[23392 23425]
[23426 23462]
[23463 23651]
[23652 23837]
[23838 24014]
[24015 24072]
[24073 24119]
[24120 24175]
[24176 24504]
[24505 24564]
[24565 24616]
[24617 24697]
[24698 24793]
[24794 24884]
[24885 24956]
[24957 25152]
[25153 25192]
[25193 25234]
[25235 25278]
[25279 25309]
[25310 25352]
[25353 25785]
[25786 25915]
[25916 25985]
[25986 26137]
[26138 26280]
[26281 26401]
[26402 26611]
[26612 26862]
[26863 26998]
[26999 27080]
[27081 27137]
[27138 27172]
[27173 27228]
[27229 27617]
[27618 27691]
[27692 27811]
[27812 27836]
[27837 27863]
[27864 27939]
[27940 28016]
[28017 28064]
[28065 28084]
[28085 28127]
[28128 28255]
[28256 28271]
[28272 28322]
[28323 28347]
[28348 28416]
[28417 28506]
[28507 28528]
[28529 28595]
[28596 28671]
[28672 28692]
[28693 28723]
[28724 29076]
[29077 29170]
[29171 29204]
[29205 29369]
[29370 29380]
[29381 29512]
[29513 29688]
[29689 29844]
[29845 29975]
[29976 30048]
[30049 30095]
[30096 30240]
[30241 30354]
[30355 30511]
[30512 30596]
[30597 30668]
[30669 30718]
[30719 30788]
[30789 30860]
[30861 30978]
[30979 31069]
[31070 31143]
[31144 31227]
[31228 31313]
[31314 31688]
[31689 31776]
