[0 8]
[9 50]
[51 303]
[304 349]
[350 380]
[381 411]
[412 444]
[445 476]
[477 509]
[510 540]
[541 600]
[601 635]
[636 667]
[668 698]
[699 726]
[727 767]
[768 816]
[817 927]
[928 1441]
[1442 1491]
[1492 1545]
[1546 1582]
[1583 1659]
[1660 1688]
[1689 1768]
[1769 1824]
[1825 1895]
[1896 1975]
[1976 2032]
[2033 2123]
[2124 2200]
[2201 2358]
[2359 2400]
[2401 2447]
[2448 2512]
[2513 2588]
[2589 2702]
[2703 2797]
[2798 2882]
[2883 2930]
[2931 3533]
[3534 3610]
[3611 3707]
[3708 3765]
[3766 3840]
[3841 3898]
[3899 3995]
[3996 4130]
[4131 4214]
[4215 4338]
[4339 4394]
[4395 4428]
[4429 4466]
[4467 4531]
[4532 4641]
[4642 4765]
[4766 4834]
[4835 5310]
[5311 5358]
[5359 5419]
[5420 5461]
[5462 5510]
[5511 5557]
[5558 5582]
[5583 5620]
[5621 5782]
[5783 5808]
[5809 5873]
[5874 5942]
[5943 6008]
[6009 6216]
[6217 6296]
[6297 6346]
[6347 6366]
[6367 6414]
[6415 6475]
[6476 6542]
[6543 6599]
[6600 6664]
[6665 6728]
[6729 6812]
[6813 6866]
[6867 6897]
[6898 7303]
[7304 7368]
[7369 7402]
[7403 7460]
[7461 7501]
[7502 7562]
[7563 7621]
[7622 7667]
[7668 7874]
[7875 7982]
[7983 8026]
[8027 8085]
[8086 8132]
[8133 8195]
[8196 8258]
[8259 8352]
[8353 8420]
[8421 8491]
[8492 8542]
[8543 8587]
[8588 8635]
[8636 8677]
[8678 8745]
[8746 8790]
[8791 9147]
[9148 9236]
[9237 9313]
[9314 9388]
[9389 9468]
[9469 9563]
[9564 9621]
[9622 9655]
[9656 9822]
[9823 9875]
[9876 9934]
[9935 10003]
[10004 10246]
[10247 10311]
[10312 10384]
[10385 10449]
[10450 10540]
[10541 10633]
[10634 10707]
[10708 10963]
[10964 11113]
[11114 11241]
[11242 11457]
[11458 11620]
[11621 11652]
[11653 11778]
[11779 11828]
[11829 11943]
[11944 11965]
[11966 12194]
[12195 12308]
[12309 12344]
[12345 12416]
[12417 12466]
[12467 12510]
[12511 12572]
[12573 12605]
[12606 12640]
[12641 12672]
[12673 12704]
[12705 12753]
[12754 12810]
[12811 12849]
[12850 12908]
[12909 13011]
[13012 13334]
[13335 13399]
[13400 13478]
[13479 13550]
[13551 13625]
[13626 13709]
[13710 13783]
[13784 13857]
[13858 13973]
[13974 14013]
[14014 14108]
[14109 14192]
[14193 14279]
[14280 14392]
[14393 14507]
[14508 14570]
[14571 14649]
[14650 14707]
[14708 14961]
[14962 15038]
[15039 15130]
[15131 15214]
[15215 15297]
[15298 15373]
[15374 15493]
[15494 15580]
[15581 15731]
[15732 15796]
[15797 15890]
[15891 15927]
[15928 15953]
[15954 16010]
[16011 16221]
[16222 16322]
[16323 16385]
[16386 16431]
[16432 16528]
[16529 16603]
[16604 16649]
[16650 16729]
[16730 16873]
[16874 16960]
[16961 16969]
[16970 17048]
[17049 17097]
[17098 17251]
[17252 17338]
[17339 17614]
[17615 17877]
[17878 18112]
[18113 18196]
[18197 18467]
[18468 18514]
[18515 18559]
[18560 18633]
[18634 18920]
[18921 19092]
[19093 19175]
[19176 19246]
[19247 19279]
[19280 19502]
[19503 19536]
[19537 19617]
[19618 19676]
[19677 19709]
[19710 19744]
[19745 19776]
[19777 19808]
[19809 19857]
[19858 19884]
[19885 19914]
[19915 19953]
[19954 20012]
[20013 20119]
[20120 20214]
[20215 20442]
[20443 20529]
[20530 20588]
[20589 20719]
[20720 20794]
[20795 20872]
[20873 20920]
[20921 20966]
[20967 21051]
[21052 21120]
[21121 21142]
[21143 21166]
[21167 21281]
[21282 21355]
[21356 21400]
[21401 21764]
[21765 21934]
[21935 22231]
[22232 22253]
[22254 22360]
[22361 22592]
[22593 22696]
[22697 22836]
[22837 22932]
[22933 22981]
[22982 23025]
[23026 23051]
[23052 23121]
[23122 23211]
[23212 23697]
[23698 23807]
[23808 23882]
[23883 23918]
[23919 23961]
[23962 24231]
[24232 24299]
[24300 24714]
[24715 24753]
[24754 24895]
[24896 24947]
[24948 25094]
[25095 25130]
[25131 25255]
[25256 25420]
[25421 25486]
[25487 25542]
[25543 25601]
[25602 25684]
[25685 25740]
[25741 25846]
[25847 25924]
[25925 26029]
[26030 26489]
[26490 26602]
[26603 26846]
[26847 26997]
[26998 27134]
[27135 27197]
[27198 27258]
[27259 27319]
[27320 27445]
[27446 27482]
[27483 27541]
[27542 27585]
[27586 27706]
[27707 27749]
[27750 27825]
[27826 27893]
[27894 28076]
[28077 28186]
[28187 28273]
[28274 28337]
[28338 28397]
[28398 28453]
[28454 28479]
[28480 28524]
[28525 28580]
[28581 28630]
[28631 28695]
[28696 28748]
[28749 28790]
[28791 28876]
[28877 28957]
[28958 29053]
[29054 29290]
[29291 29388]
[29389 29490]
[29491 29599]
[29600 29695]
[29696 29788]
[29789 29884]
[29885 29976]
[29977 30059]
[30060 30088]
[30089 30184]
[30185 30286]
[30287 30334]
[30335 30505]
[30506 30808]
[30809 30889]
