[0 2]
[3 42]
[43 367]
[368 411]
[412 459]
[460 485]
[486 538]
[539 567]
[568 586]
[587 614]
[615 640]
[641 662]
[663 691]
[692 721]
[722 750]
[751 787]
[788 821]
[822 834]
[835 850]
[851 885]
[886 989]
[990 1422]
[1423 1473]
[1474 1546]
[1547 1603]
[1604 1667]
[1668 1727]
[1728 1778]
[1780 1879]
[1880 1935]
[1936 1983]
[1984 2030]
[2031 2089]
[2090 2161]
[2162 2218]
[2219 2302]
[2303 2390]
[2391 2633]
[2634 2709]
[2711 2928]
[2929 3163]
[3164 3202]
[3203 3269]
[3270 3332]
[3333 3445]
[3446 3495]
[3496 3556]
[3557 3636]
[3637 3694]
[3696 3745]
[3746 3909]
[3910 3976]
[3977 4096]
[4097 4316]
[4317 4661]
[4662 4716]
[4717 4842]
[4843 4895]
[4896 4949]
[4950 4974]
[4975 5001]
[5002 5052]
[5053 5085]
[5086 5139]
[5140 5161]
[5162 5279]
[5280 5311]
[5312 5398]
[5399 5514]
[5515 5546]
[5547 5591]
[5592 5613]
[5614 5747]
[5748 5801]
[5802 5861]
[5862 5889]
[5890 5914]
[5915 5959]
[5960 6006]
[6007 6052]
[6053 6106]
[6107 6721]
[6722 6894]
[6895 7080]
[7081 7234]
[7235 7378]
[7379 7663]
[7664 7727]
[7728 7793]
[7794 7835]
[7836 7913]
[7914 8466]
[8467 8509]
[8510 8539]
[8540 8616]
[8617 8643]
[8644 8669]
[8670 8693]
[8694 8719]
[8720 8749]
[8750 8779]
[8780 8950]
[8951 8978]
[8979 9008]
[9009 9057]
[9058 9096]
[9097 9226]
[9227 9305]
[9306 9366]
[9367 9396]
[9397 9466]
[9467 9679]
[9680 9742]
[9743 9770]
[9771 9827]
[9828 9912]
[9913 9944]
[9945 9983]
[9984 10040]
[10041 10086]
[10087 10147]
[10148 10192]
[10193 10220]
[10221 10345]
[10346 10482]
[10483 10764]
[10765 10865]
[10866 10954]
[10955 11026]
[11027 11095]
[11096 11180]
[11181 11189]
[11190 11270]
[11271 11360]
[11361 11414]
[11415 11525]
[11526 11578]
[11579 11672]
[11673 11723]
[11724 11808]
[11809 11911]
[11912 12000]
[12001 12121]
[12122 12518]
[12519 12656]
[12657 12771]
[12772 12879]
[12880 12974]
[12975 13074]
[13075 13156]
[13157 13241]
[13242 13309]
[13310 13397]
[13398 13460]
[13461 13540]
[13541 13593]
[13594 13648]
[13649 13720]
[13721 13867]
[13868 13942]
[13943 14214]
[14215 14377]
[14378 14701]
[14702 14790]
[14791 14877]
[14878 14953]
[14954 15012]
[15013 15364]
[15365 15480]
[15481 15576]
[15577 15733]
[15734 15840]
[15841 15948]
[15949 16067]
[16068 16150]
[16151 16206]
[16207 16231]
[16232 16260]
[16261 16288]
[16289 16317]
[16318 16350]
[16351 16386]
[16387 16441]
[16442 16478]
[16479 16513]
[16514 16539]
[16540 16564]
[16565 16646]
[16647 17120]
[17121 17354]
[17355 17473]
[17474 17498]
[17499 17733]
[17734 18121]
[18122 18560]
[18561 18631]
[18632 18674]
[18675 18748]
[18749 18825]
[18826 18894]
[18895 18972]
[18973 19043]
[19044 19116]
[19117 19177]
[19178 19246]
[19247 19300]
[19301 19366]
[19367 19427]
[19428 19474]
[19475 19537]
[19538 19588]
[19589 19631]
[19632 19705]
[19706 19749]
[19750 19779]
[19780 19895]
[19896 19962]
[19963 20149]
[20150 20248]
[20249 20289]
[20290 20331]
[20332 20380]
[20381 20416]
[20417 20457]
[20458 20512]
[20513 20545]
[20546 20583]
[20584 20631]
[20632 20722]
[20723 20744]
[20745 20773]
[20774 20830]
[20831 20881]
[20882 20988]
[20989 21023]
[21024 21062]
[21063 21084]
[21085 21151]
[21152 21218]
[21219 21273]
[21274 21336]
[21337 21374]
[21375 21423]
[21424 21489]
[21490 21550]
[21551 21632]
[21633 21993]
[21994 22187]
[22188 22341]
[22342 22592]
[22593 22702]
[22703 22857]
[22858 23008]
[23009 23161]
[23162 23230]
[23231 23305]
[23306 23355]
[23356 24007]
[24008 24116]
[24117 24242]
[24243 24375]
[24376 24423]
[24424 24514]
[24515 24550]
[24551 24831]
[24832 25042]
[25043 25126]
[25127 25141]
[25142 25287]
[25288 25435]
[25436 25568]
[25569 25736]
[25737 25773]
[25774 25828]
[25829 25883]
[25884 25937]
[25938 26010]
[26011 26064]
[26065 26105]
[26106 26153]
[26154 26203]
[26204 26259]
[26260 26303]
[26304 26363]
[26364 26407]
[26408 26462]
[26463 26503]
[26504 26553]
[26554 26599]
[26600 26658]
[26659 26705]
[26706 26745]
[26746 26815]
[26816 26876]
[26877 26937]
[26938 26992]
[26993 27094]
[27095 27324]
[27325 27376]
[27377 27421]
[27422 27456]
[27457 27490]
[27491 27562]
[27563 27628]
[27629 27674]
[27675 27719]
[27720 27779]
[27780 27861]
[27862 27948]
[27949 28008]
[28009 28099]
[28100 28151]
[28152 28268]
[28269 28307]
[28308 28365]
[28366 28405]
[28406 28531]
[28532 28574]
[28575 28624]
[28625 28672]
[28673 28705]
[28706 28748]
[28749 28792]
[28793 28836]
[28837 29188]
[29189 29282]
