[0 7]
[8 51]
[52 341]
[342 396]
[397 435]
[436 463]
[464 493]
[494 523]
[524 554]
[555 579]
[580 594]
[595 623]
[624 647]
[648 675]
[676 699]
[700 730]
[731 773]
[774 825]
[826 861]
[862 977]
[978 1361]
[1362 1479]
[1480 1573]
[1574 1654]
[1655 1702]
[1703 1899]
[1900 1978]
[1979 2078]
[2079 2224]
[2225 2338]
[2339 2380]
[2381 2431]
[2432 2516]
[2517 2594]
[2595 2659]
[2660 2703]
[2704 2803]
[2804 2909]
[2910 2999]
[3000 3104]
[3105 3180]
[3181 3760]
[3761 3831]
[3832 3879]
[3880 3929]
[3930 3975]
[3976 4023]
[4024 4066]
[4067 4116]
[4117 4186]
[4187 4218]
[4219 4234]
[4235 4269]
[4270 4311]
[4312 4355]
[4356 4406]
[4407 4431]
[4432 4471]
[4472 4514]
[4515 4554]
[4555 4607]
[4608 4651]
[4652 4692]
[4693 4713]
[4714 4774]
[4775 4812]
[4813 4883]
[4884 4925]
[4926 4972]
[4973 5028]
[5029 5047]
[5048 5112]
[5113 5167]
[5168 5213]
[5214 5264]
[5265 5315]
[5316 5348]
[5349 5353]
[5354 5783]
[5784 5967]
[5968 6098]
[6099 6171]
[6172 6209]
[6210 6253]
[6254 6273]
[6274 6319]
[6320 6357]
[6358 6406]
[6407 6536]
[6537 6617]
[6618 6698]
[6699 6742]
[6743 6816]
[6817 6879]
[6880 6915]
[6916 6955]
[6956 7024]
[7025 7111]
[7112 7170]
[7171 7226]
[7227 7297]
[7298 7381]
[7382 7472]
[7473 7544]
[7545 7602]
[7603 7696]
[7697 7738]
[7739 7816]
[7817 8221]
[8222 8257]
[8258 8411]
[8412 8509]
[8510 8569]
[8570 8638]
[8639 8707]
[8708 8779]
[8780 8846]
[8847 8974]
[8975 9007]
[9008 9051]
[9052 9102]
[9103 9171]
[9172 9223]
[9224 9289]
[9290 9349]
[9350 9523]
[9524 9648]
[9649 9768]
[9769 9825]
[9826 9859]
[9860 9888]
[9889 9932]
[9933 10005]
[10006 10031]
[10032 10073]
[10074 10108]
[10109 10266]
[10267 10535]
[10536 10622]
[10623 10736]
[10737 10897]
[10898 11008]
[11009 11124]
[11125 11158]
[11159 11341]
[11342 11424]
[11425 11511]
[11512 11648]
[11649 11712]
[11713 11799]
[11800 11867]
[11868 11894]
[11895 12278]
[12279 12318]
[12319 12356]
[12357 12401]
[12402 12711]
[12712 12877]
[12878 13136]
[13137 13168]
[13169 13191]
[13192 13431]
[13432 13734]
[13735 13995]
[13996 14299]
[14300 14354]
[14355 14636]
[14637 14753]
[14754 14848]
[14849 15048]
[15049 15207]
[15208 15396]
[15397 15487]
[15488 15540]
[15541 15601]
[15602 15640]
[15641 15679]
[15680 15720]
[15721 15869]
[15870 15987]
[15988 16392]
[16393 16515]
[16516 16558]
[16559 16805]
[16806 16826]
[16827 17008]
[17009 17061]
[17062 17080]
[17081 17194]
[17195 17284]
[17285 17403]
[17404 17443]
[17444 17521]
[17522 17560]
[17561 17613]
[17614 17635]
[17636 17682]
[17683 18161]
[18162 18292]
[18293 18331]
[18332 18440]
[18441 18526]
[18527 18571]
[18572 18772]
[18773 18865]
[18866 19009]
[19010 19094]
[19095 19207]
[19208 19290]
[19291 19371]
[19372 19707]
[19708 19806]
[19807 19900]
[19901 19937]
[19938 20029]
[20030 20096]
[20097 20134]
[20135 20211]
[20212 20277]
[20278 20316]
[20317 20335]
[20336 20414]
[20415 20429]
[20430 20474]
[20475 20510]
[20511 20572]
[20573 20646]
[20647 20725]
[20726 20769]
[20770 21186]
[21187 21367]
[21368 21483]
[21484 21571]
[21572 21625]
[21626 21668]
[21669 21799]
[21800 21902]
[21903 21944]
[21945 22024]
[22025 22078]
[22079 22183]
[22184 22243]
[22244 22305]
[22306 22370]
[22371 22498]
[22499 22596]
[22597 22665]
[22666 22876]
[22877 22951]
[22952 23003]
[23004 23045]
[23046 23118]
[23119 23150]
[23151 23223]
[23224 23285]
[23286 23315]
[23316 23364]
[23365 23446]
[23447 23607]
[23608 23676]
[23677 23724]
[23725 23780]
[23781 23821]
[23822 23840]
[23841 24360]
[24361 24442]
