[0 6]
[7 33]
[35 310]
[311 372]
[373 404]
[405 429]
[430 458]
[459 500]
[501 536]
[537 561]
[562 600]
[601 623]
[624 658]
[659 684]
[685 711]
[712 749]
[750 808]
[809 857]
[858 956]
[957 1461]
[1462 1543]
[1544 1601]
[1602 1817]
[1818 1895]
[1896 1942]
[1943 2008]
[2009 2123]
[2124 2344]
[2345 2493]
[2494 2522]
[2523 2673]
[2674 2734]
[2735 2823]
[2824 2937]
[2938 3295]
[3296 3358]
[3359 3439]
[3440 3529]
[3530 3567]
[3568 3640]
[3641 3691]
[3692 3743]
[3744 3803]
[3804 3854]
[3855 3983]
[3984 4036]
[4037 4092]
[4093 4121]
[4122 4168]
[4169 4228]
[4229 4305]
[4306 4333]
[4334 4384]
[4385 4427]
[4428 4461]
[4462 5050]
[5051 5117]
[5118 5146]
[5147 5163]
[5164 5189]
[5190 5204]
[5205 5227]
[5228 5259]
[5260 5292]
[5293 5327]
[5328 5360]
[5361 5392]
[5393 5426]
[5427 5460]
[5461 5493]
[5494 5524]
[5525 5560]
[5561 5593]
[5594 5625]
[5626 5658]
[5659 5692]
[5693 5711]
[5712 5805]
[5806 5853]
[5854 5909]
[5910 6022]
[6023 6058]
[6059 6099]
[6100 6196]
[6197 6221]
[6222 6308]
[6309 6367]
[6368 6418]
[6419 6809]
[6810 7103]
[7104 7211]
[7212 7343]
[7344 7390]
[7391 7563]
[7564 7611]
[7612 7654]
[7655 7926]
[7927 7962]
[7963 8019]
[8020 8039]
[8040 8072]
[8073 8110]
[8111 8153]
[8154 8210]
[8211 8255]
[8256 8282]
[8283 8314]
[8315 8354]
[8355 8393]
[8394 8410]
[8411 8536]
[8537 8577]
[8578 8590]
[8591 8624]
[8625 8664]
[8665 8764]
[8765 8790]
[8791 8854]
[8855 8885]
[8886 8962]
[8963 9066]
[9067 9135]
[9136 9171]
[9172 9196]
[9197 9222]
[9223 9246]
[9247 9314]
[9315 9416]
[9417 9513]
[9514 9969]
[9970 10023]
[10024 10071]
[10072 10209]
[10210 10253]
[10254 10301]
[10302 10327]
[10328 10389]
[10390 10446]
[10447 10495]
[10496 10584]
[10585 10654]
[10655 10708]
[10709 10761]
[10762 10839]
[10840 10920]
[10921 10989]
[10990 11066]
[11067 11156]
[11157 11217]
[11218 11353]
[11354 11599]
[11600 11674]
[11675 11767]
[11768 11878]
[11879 11974]
[11975 12041]
[12042 12079]
[12080 12140]
[12141 12196]
[12197 12259]
[12260 12319]
[12320 12378]
[12379 12405]
[12406 12447]
[12448 12493]
[12494 12527]
[12528 12664]
[12665 13307]
[13308 13395]
[13396 13544]
[13545 13965]
[13966 14217]
[14218 14819]
[14820 14957]
[14958 15053]
[15054 15144]
[15145 15253]
[15254 15308]
[15309 15366]
[15367 15436]
[15437 15505]
[15506 15572]
[15573 15638]
[15639 15707]
[15708 15774]
[15775 15844]
[15845 15901]
[15902 15939]
[15940 15995]
[15996 16064]
[16065 16110]
[16111 16138]
[16139 16487]
[16488 16685]
[16686 16872]
[16873 16957]
[16958 17119]
[17120 17198]
[17199 17395]
[17396 17533]
[17534 17601]
[17602 17637]
[17638 17672]
[17673 17713]
[17714 17779]
[17780 17831]
[17832 17871]
[17872 17972]
[17973 18485]
[18486 18570]
[18571 18678]
[18679 18720]
[18721 18817]
[18818 18910]
[18911 19025]
[19026 19106]
[19107 19234]
[19235 19332]
[19333 19685]
[19686 19786]
[19787 19857]
[19858 19924]
[19925 19972]
[19973 20047]
[20048 20080]
[20081 20109]
[20110 20209]
[20210 20231]
[20232 20264]
[20265 20303]
[20304 20370]
[20371 20411]
[20412 20530]
[20531 20566]
[20567 20597]
[20598 20631]
[20632 20688]
[20689 21187]
[21188 21273]
[21274 21338]
[21339 21827]
[21828 21970]
[21971 22105]
[22106 22161]
[22162 22340]
[22341 22412]
[22413 22811]
[22812 22872]
[22873 22945]
[22946 22994]
[22995 23080]
[23081 23225]
[23226 23288]
[23289 23355]
[23356 23418]
[23419 23504]
[23505 23554]
[23555 23674]
[23675 23798]
[23799 23847]
[23848 23928]
[23929 23976]
[23977 24010]
[24011 24053]
[24054 24152]
[24153 24225]
[24226 24586]
[24588 24660]
[24661 24720]
[24721 24849]
[24850 24888]
[24889 24933]
[24934 25086]
[25087 25147]
[25148 25224]
[25225 25306]
[25307 25350]
[25351 25391]
[25392 25459]
[25460 25504]
[25505 25652]
[25653 25810]
[25811 25818]
[25819 25832]
[25833 25891]
[25892 25910]
[25911 25948]
[25949 25983]
[25984 26021]
[26022 26096]
[26097 26481]
[26483 26636]
[26637 26703]
[26704 26741]
[26742 26850]
[26851 26924]
[26925 26960]
[26961 27052]
[27053 27060]
[27061 27212]
[27213 27441]
[27442 27597]
[27598 27784]
[27785 27881]
[27882 27957]
[27958 28025]
[28026 28107]
[28108 28178]
[28179 28220]
[28221 28250]
[28251 28297]
[28298 28531]
[28532 28603]
[28604 28711]
[28712 28775]
[28776 28819]
[28820 28896]
[28897 29007]
[29008 29124]
[29125 29157]
[29158 29242]
[29243 29290]
[29291 29299]
[29300 29339]
[29340 29414]
[29415 29461]
[29462 29511]
[29512 29555]
[29556 29881]
[29882 29976]
