[0 5]
[6 50]
[52 394]
[395 451]
[452 480]
[481 529]
[530 579]
[580 611]
[612 683]
[684 764]
[765 1328]
[1329 1376]
[1377 1428]
[1429 1477]
[1478 1533]
[1534 1587]
[1588 1642]
[1643 1692]
[1693 1729]
[1730 1780]
[1781 1832]
[1833 1882]
[1883 1934]
[1935 1994]
[1995 2066]
[2067 2116]
[2117 2179]
[2180 2253]
[2254 2299]
[2300 2357]
[2358 2396]
[2397 2434]
[2435 2480]
[2481 2523]
[2524 2571]
[2572 2632]
[2633 2682]
[2683 2743]
[2744 2788]
[2789 2851]
[2852 3221]
[3222 3252]
[3253 3295]
[3296 3333]
[3334 3379]
[3380 3435]
[3436 3481]
[3482 3532]
[3533 3574]
[3575 3752]
[3753 3802]
[3803 3849]
[3850 3904]
[3905 3961]
[3962 4008]
[4009 4060]
[4061 4090]
[4091 4127]
[4128 4221]
[4222 4312]
[4313 4338]
[4339 4367]
[4368 4417]
[4418 4467]
[4468 4512]
[4513 4575]
[4576 4622]
[4623 4982]
[4983 5029]
[5030 5084]
[5085 5118]
[5119 5175]
[5176 5227]
[5228 5262]
[5263 5434]
[5435 5504]
[5505 5674]
[5675 5726]
[5727 5814]
[5815 5845]
[5846 6058]
[6059 6182]
[6183 6225]
[6226 6268]
[6269 6309]
[6310 6359]
[6360 6416]
[6417 6460]
[6461 6886]
[6887 6962]
[6963 7006]
[7007 7056]
[7057 7119]
[7120 7139]
[7140 7196]
[7197 7215]
[7216 7284]
[7285 7307]
[7308 7366]
[7367 7472]
[7473 7537]
[7538 7656]
[7657 7708]
[7709 7756]
[7757 7807]
[7808 7984]
[7985 8113]
[8114 8159]
[8160 8258]
[8259 8327]
[8328 8384]
[8385 8640]
[8641 8764]
[8765 8841]
[8842 8902]
[8903 8973]
[8974 9057]
[9058 9129]
[9130 9184]
[9185 9340]
[9341 9442]
[9443 9483]
[9484 9569]
[9570 9617]
[9618 9681]
[9682 9706]
[9707 9771]
[9772 9835]
[9836 9881]
[9882 9947]
[9948 10005]
[10006 10067]
[10068 10110]
[10111 10183]
[10184 10247]
[10248 10577]
[10578 11040]
[11041 11637]
[11638 11849]
[11850 12022]
[12023 12223]
[12224 12404]
[12405 12586]
[12587 12678]
[12679 12719]
[12720 13090]
[13091 13172]
[13173 13239]
[13240 13256]
[13257 13317]
[13318 13390]
[13391 13422]
[13423 13489]
[13490 13556]
[13557 13619]
[13620 13694]
[13695 13760]
[13761 13793]
[13794 13827]
[13828 13837]
[13838 13855]
[13856 14219]
[14220 14276]
[14277 14320]
[14321 14372]
[14373 14417]
[14418 14441]
[14442 14613]
[14614 14657]
[14658 14683]
[14684 14716]
[14717 14748]
[14749 14792]
[14793 14898]
[14899 14938]
[14939 14998]
[14999 15022]
[15023 15053]
[15054 15091]
[15092 15113]
[15114 15250]
[15251 15296]
[15297 15318]
[15319 15367]
[15368 15393]
[15394 15440]
[15441 15512]
[15513 15555]
[15556 15958]
[15959 16074]
[16075 16107]
[16108 16177]
[16178 16259]
[16260 16319]
[16320 16375]
[16376 16416]
[16417 16468]
[16469 16493]
[16494 16578]
[16579 16616]
[16617 16685]
[16686 16755]
[16756 16849]
[16850 16903]
[16904 17002]
[17003 17028]
[17029 17096]
[17097 17160]
[17161 17210]
[17211 17257]
[17258 17309]
[17310 17360]
[17361 17433]
[17434 17521]
[17522 17904]
[17905 18041]
[18042 18182]
[18183 18306]
[18307 18456]
[18457 18508]
[18509 18587]
[18588 18718]
[18719 18782]
[18783 19156]
[19157 19347]
[19348 19393]
[19394 19455]
[19456 19510]
[19511 19558]
[19559 19614]
[19615 19764]
[19765 19802]
[19803 19854]
[19855 19898]
[19899 20034]
[20035 20138]
[20139 20173]
[20174 20215]
[20216 20251]
[20252 20270]
[20271 20640]
[20641 20708]
[20709 20789]
[20790 20867]
[20868 20968]
[20969 21139]
[21140 21294]
[21295 21360]
[21361 21445]
[21446 21479]
[21480 21529]
[21530 21581]
[21582 21625]
[21626 21720]
[21721 21753]
[21754 21796]
[21797 21833]
[21834 21870]
[21871 21914]
[21915 21961]
[21962 22002]
[22003 22042]
[22043 22086]
[22087 22147]
[22148 22506]
[22507 22594]
