[0 5]
[6 38]
[40 271]
[272 338]
[339 370]
[371 395]
[396 424]
[425 466]
[467 502]
[503 540]
[541 566]
[567 589]
[590 624]
[625 650]
[651 688]
[689 715]
[716 774]
[775 814]
[815 918]
[919 1398]
[1400 1438]
[1439 1535]
[1536 1562]
[1563 1609]
[1610 1642]
[1643 1686]
[1687 1714]
[1715 1777]
[1778 1832]
[1833 1890]
[1891 1986]
[1987 2062]
[2063 2191]
[2192 2208]
[2209 2276]
[2277 2324]
[2325 2368]
[2369 2413]
[2414 2457]
[2458 2501]
[2502 2545]
[2546 2589]
[2590 2641]
[2642 2892]
[2893 3155]
[3156 3480]
[3481 3591]
[3592 3676]
[3677 3704]
[3705 3739]
[3740 3792]
[3793 3933]
[3934 3971]
[3972 4050]
[4051 4512]
[4514 4576]
[4577 4626]
[4627 4694]
[4695 4753]
[4754 4811]
[4812 4892]
[4893 4913]
[4914 4970]
[4971 5042]
[5043 5122]
[5123 5139]
[5140 5256]
[5257 5325]
[5326 5651]
[5652 5704]
[5705 5776]
[5777 5856]
[5857 5934]
[5935 6024]
[6025 6266]
[6267 6315]
[6316 6353]
[6354 6422]
[6423 6503]
[6504 6548]
[6549 6601]
[6602 6650]
[6651 6681]
[6682 6723]
[6724 6781]
[6782 6838]
[6839 6910]
[6911 6963]
[6964 6983]
[6984 7026]
[7027 7078]
[7079 7122]
[7123 7162]
[7163 7205]
[7206 7242]
[7243 7293]
[7294 7351]
[7352 7408]
[7409 7449]
[7450 7485]
[7486 7547]
[7548 7817]
[7818 7909]
[7910 7969]
[7970 8023]
[8024 8079]
[8080 8122]
[8123 8144]
[8145 8200]
[8201 8243]
[8244 8284]
[8285 8334]
[8335 8391]
[8392 8473]
[8474 8514]
[8515 8594]
[8595 8647]
[8648 8796]
[8797 8898]
[8899 8985]
[8986 9009]
[9010 9065]
[9066 9118]
[9119 9190]
[9191 9247]
[9248 9724]
[9725 9844]
[9845 9882]
[9883 9920]
[9921 9959]
[9960 10362]
[10363 10565]
[10566 10638]
[10639 10725]
[10726 10795]
[10796 10951]
[10952 11081]
[11082 11107]
[11108 11131]
[11132 11199]
[11200 11238]
[11239 11277]
[11278 11395]
[11396 11620]
[11621 11693]
[11694 11752]
[11753 11810]
[11811 11890]
[11891 11985]
[11986 12075]
[12076 12150]
[12151 12209]
[12210 12278]
[12279 12359]
[12360 12529]
[12530 12581]
[12582 12662]
[12663 12872]
[12873 12922]
[12923 13311]
[13312 13388]
[13389 13500]
[13501 13622]
[13623 13667]
[13668 13752]
[13753 13821]
[13822 13941]
[13942 14172]
[14174 14295]
[14296 14445]
[14446 14511]
[14512 14634]
[14635 14785]
[14786 14850]
[14851 14937]
[14938 14981]
[14982 15069]
[15070 15219]
[15220 15315]
[15316 15508]
[15509 15558]
[15559 15636]
[15637 15974]
[15975 16105]
[16106 16172]
[16173 16240]
[16241 16276]
[16277 16311]
[16312 16352]
[16353 16418]
[16419 16616]
[16617 16981]
[16982 17063]
[17064 17240]
[17241 17308]
[17309 17479]
[17480 17749]
[17750 17888]
[17889 18022]
[18023 18167]
[18168 18283]
[18284 18722]
[18724 18799]
[18800 18887]
[18888 18944]
[18945 19060]
[19061 19135]
[19136 19210]
[19211 19239]
[19240 19278]
[19279 19329]
[19330 19416]
[19417 19497]
[19498 19533]
[19534 19588]
[19589 19667]
[19668 19772]
[19773 19844]
[19845 19915]
[19916 19951]
[19952 20608]
[20609 20655]
[20656 20704]
[20705 20760]
[20761 20820]
[20821 20871]
[20872 21043]
[21044 21090]
[21091 21145]
[21146 21197]
[21198 21246]
[21247 21291]
[21292 21339]
[21340 21381]
[21382 21452]
[21453 21500]
[21501 21562]
[21563 21601]
[21602 21663]
[21664 21711]
[21712 21769]
[21770 21815]
[21816 22229]
[22230 22331]
[22332 22422]
[22423 22481]
[22482 22624]
[22625 22828]
[22829 22904]
[22905 23079]
[23080 23135]
[23136 23330]
[23331 23384]
[23385 23564]
[23565 23703]
[23704 24070]
[24071 24126]
[24127 24185]
[24186 24240]
[24241 24297]
[24298 24354]
[24355 24408]
[24409 24456]
[24457 24502]
[24503 24548]
[24549 24595]
[24596 24657]
[24658 24739]
[24740 24775]
[24776 24828]
[24829 24864]
[24865 25107]
[25108 25160]
[25161 25224]
[25225 25278]
[25279 25356]
[25357 25442]
[25443 25523]
[25524 25923]
[25924 25987]
[25988 26180]
[26181 26241]
[26242 26324]
[26325 26370]
[26371 26419]
[26420 26467]
[26468 26489]
[26490 26551]
[26552 26717]
[26718 26793]
[26794 26836]
[26837 26902]
[26903 26961]
[26962 27023]
[27024 27087]
[27088 27141]
[27142 27262]
[27263 27714]
[27715 27798]
[27799 27955]
[27956 28061]
[28062 28106]
[28107 28368]
[28369 28563]
[28564 28713]
[28714 28841]
[28842 28878]
[28879 28932]
[28933 29123]
[29124 29203]
[29204 29262]
[29263 29402]
[29403 29744]
[29745 29846]
[29847 29946]
[29947 30033]
[30034 30127]
[30128 30186]
[30187 30264]
[30265 30339]
[30340 30426]
[30427 30505]
[30506 30577]
[30578 30704]
[30705 30792]
[30793 30874]
[30875 30948]
[30949 31004]
[31005 31052]
[31053 31355]
[31356 31446]
