[0 7]
[8 49]
[50 292]
[293 350]
[351 394]
[395 436]
[437 477]
[478 519]
[520 560]
[561 601]
[602 726]
[727 770]
[771 822]
[823 922]
[923 1471]
[1472 1538]
[1539 1614]
[1615 1690]
[1691 1754]
[1755 1846]
[1847 1905]
[1906 1955]
[1956 1999]
[2000 2028]
[2029 2066]
[2067 2119]
[2120 2204]
[2205 2265]
[2266 2406]
[2407 2452]
[2453 2522]
[2523 2620]
[2621 2661]
[2662 2739]
[2740 2802]
[2803 2872]
[2873 3239]
[3240 3327]
[3328 3492]
[3493 3522]
[3523 3538]
[3539 3601]
[3602 3664]
[3665 3733]
[3734 3807]
[3808 3853]
[3854 3918]
[3919 3999]
[4000 4116]
[4117 4165]
[4166 4222]
[4223 4265]
[4266 4617]
[4618 4675]
[4676 4732]
[4733 4782]
[4783 4809]
[4810 4857]
[4858 4928]
[4929 5000]
[5001 5088]
[5089 5163]
[5164 5246]
[5247 5294]
[5295 5320]
[5321 5375]
[5376 5422]
[5423 5504]
[5505 5565]
[5566 5608]
[5609 5675]
[5676 5709]
[5710 5767]
[5768 5825]
[5826 5866]
[5867 5937]
[5938 5953]
[5954 5986]
[5987 6461]
[6462 6508]
[6509 6570]
[6571 6647]
[6648 6738]
[6739 6770]
[6771 6819]
[6820 6871]
[6872 6914]
[6915 6966]
[6967 7015]
[7016 7043]
[7044 7099]
[7100 7137]
[7138 7187]
[7188 7232]
[7233 7276]
[7277 7317]
[7318 7365]
[7366 7441]
[7442 7467]
[7468 7512]
[7513 7573]
[7574 7660]
[7661 7713]
[7714 7801]
[7802 7840]
[7841 7874]
[7875 7916]
[7917 7949]
[7950 7976]
[7977 8321]
[8322 8523]
[8524 8730]
[8731 8935]
[8936 9144]
[9145 9732]
[9733 9817]
[9818 9920]
[9921 10115]
[10116 10144]
[10145 10181]
[10182 10274]
[10275 10340]
[10341 10402]
[10403 10425]
[10426 10481]
[10482 10525]
[10526 10628]
[10629 10761]
[10762 10853]
[10854 10938]
[10939 11017]
[11018 11107]
[11108 11206]
[11207 11345]
[11346 11384]
[11385 11455]
[11456 11592]
[11593 11713]
[11714 11794]
[11795 11867]
[11868 11930]
[11931 11976]
[11977 12019]
[12020 12064]
[12065 12110]
[12111 12159]
[12160 12210]
[12211 12264]
[12265 12367]
[12368 12837]
[12838 13464]
[13465 13809]
[13810 14016]
[14018 14140]
[14141 14399]
[14400 14565]
[14566 14755]
[14756 15107]
[15108 15170]
[15171 15243]
[15244 15336]
[15337 15376]
[15377 15500]
[15501 15560]
[15561 15665]
[15666 15726]
[15727 15812]
[15813 15942]
[15943 16014]
[16015 16244]
[16245 16328]
[16329 16407]
[16408 16501]
[16502 16556]
[16557 16629]
[16630 16714]
[16715 16785]
[16786 16823]
[16824 17066]
[17067 17133]
[17134 17457]
[17458 17806]
[17807 17857]
[17858 17890]
[17891 17928]
[17929 18155]
[18156 18234]
[18235 18286]
[18287 18733]
[18734 18932]
[18933 19013]
[19014 19104]
[19105 19191]
[19192 19253]
[19254 19344]
[19345 19478]
[19479 19548]
[19549 19612]
[19613 19705]
[19706 19763]
[19764 19809]
[19810 19852]
[19853 19896]
[19897 19943]
[19944 19992]
[19993 20043]
[20044 20097]
[20098 20200]
[20201 20684]
[20685 20944]
[20945 21249]
[21250 21316]
[21317 21351]
[21352 21751]
[21752 21874]
[21875 21979]
[21980 22089]
[22090 22159]
[22160 22216]
[22217 22350]
[22351 22467]
[22468 22512]
[22513 22577]
[22578 22653]
[22654 22726]
[22727 22794]
[22795 22839]
[22840 22879]
[22880 22960]
[22961 23015]
[23016 23055]
[23056 23090]
[23091 23434]
[23435 23647]
[23648 23709]
[23710 23782]
[23783 23857]
[23858 23929]
[23930 24029]
[24030 24097]
[24098 24166]
[24167 24220]
[24221 24406]
[24407 24493]
[24494 24563]
[24564 24650]
[24651 24770]
[24771 24867]
[24868 24992]
[24993 25113]
[25114 25206]
[25208 25516]
[25517 25601]
[25602 25778]
[25779 25992]
[25993 26156]
[26157 26325]
[26326 26402]
[26403 26538]
[26539 26647]
[26648 26736]
[26737 26834]
[26835 26893]
[26894 27070]
[27071 27345]
[27346 27448]
[27449 27529]
[27530 27568]
[27569 27601]
[27602 27681]
[27682 27770]
[27771 27854]
[27855 27988]
[27989 28109]
[28110 28173]
[28174 28308]
[28309 28359]
[28360 28388]
[28389 28449]
[28450 28521]
[28522 28586]
[28587 28634]
[28635 28672]
[28673 28724]
[28725 29038]
[29039 29118]
[29119 29576]
[29577 29674]
[29675 29704]
[29705 29785]
[29786 29967]
[29968 30039]
[30040 30134]
[30135 30217]
[30218 30237]
[30238 30674]
[30675 31726]
[31727 31938]
[31939 31998]
[31999 32100]
[32101 32143]
[32144 32197]
[32198 32288]
[32289 32351]
[32352 32419]
[32420 32484]
[32485 32608]
[32609 32708]
[32709 32815]
[32816 33082]
[33083 33187]
