[ 0 30]
[32 51]
[52 71]
[ 73 116]
[118 204]
[206 528]
[529 584]
[585 620]
[621 650]
[651 678]
[679 711]
[712 737]
[738 767]
[768 801]
[802 835]
[836 872]
[873 903]
[904 930]
[931 960]
[ 961 1040]
[1041 1163]
[1164 1580]
[1581 1607]
[1608 1670]
[1671 1728]
[1729 1767]
[1768 1815]
[1816 2086]
[2087 2119]
[2120 2176]
[2177 2201]
[2202 2262]
[2263 2326]
[2327 2608]
[2609 2772]
[2773 3105]
[3106 3593]
[3594 3777]
[3778 3861]
[3862 3918]
[3919 4029]
[4030 4157]
[4158 4263]
[4264 4566]
[4567 4590]
[4591 4666]
[4667 4738]
[4739 4830]
[4831 4900]
[4901 4973]
[4974 5022]
[5023 5692]
[5693 5759]
[5760 5891]
[5892 5962]
[5963 6030]
[6031 6108]
[6109 6202]
[6203 6260]
[6261 6322]
[6323 6384]
[6385 6637]
[6638 6725]
[6726 6794]
[6795 6877]
[6878 7000]
[7001 7050]
[7051 7124]
[7125 7145]
[7146 7593]
[7594 7661]
[7662 7716]
[7717 7770]
[7771 7837]
[7838 7900]
[7901 7968]
[7969 8033]
[8034 8103]
[8104 8545]
[8546 8578]
[8579 8640]
[8641 8699]
[8700 8740]
[8741 8780]
[8781 8829]
[8830 8912]
[8913 9344]
[9345 9439]
[9440 9492]
[9493 9544]
[9545 9602]
[9603 9653]
[9654 9788]
[9789 9862]
[9863 9901]
[9902 9964]
[ 9965 10000]
[10001 10083]
[10084 10137]
[10138 10210]
[10211 10261]
[10262 10409]
[10410 10472]
[10473 10538]
[10539 10663]
[10664 10700]
[10701 10769]
[10770 11083]
[11084 11242]
[11243 11346]
[11347 11415]
[11416 11500]
[11501 11614]
[11615 11682]
[11683 11731]
[11732 11748]
[11749 11795]
[11796 11876]
[11877 11940]
[11941 11998]
[11999 12025]
[12026 12062]
[12063 12102]
[12103 12536]
[12537 12680]
[12681 12780]
[12781 12857]
[12858 12983]
[12984 13089]
[13090 13116]
[13117 13157]
[13158 13653]
[13655 13712]
[13713 13809]
[13810 13904]
[13905 14016]
[14017 14141]
[14142 14266]
[14267 14340]
[14341 14754]
[14755 14918]
[14919 14966]
[14967 15072]
[15073 15158]
[15159 15212]
[15213 15299]
[15300 15380]
[15381 15559]
[15560 15668]
[15669 15791]
[15792 15916]
[15917 16028]
[16029 16117]
[16118 16268]
[16269 16399]
[16400 16497]
[16498 16653]
[16654 16744]
[16745 16929]
[16930 17055]
[17056 17431]
[17432 17566]
[17567 17665]
[17666 17734]
[17735 17819]
[17820 17873]
[17874 17938]
[17939 18037]
[18038 18116]
[18117 18176]
[18177 18224]
[18225 18273]
[18274 18316]
[18317 18386]
[18387 18428]
[18429 18675]
[18676 18710]
[18711 18762]
[18763 18816]
[18817 18872]
[18873 19230]
[19231 19386]
[19387 19467]
[19468 19541]
[19542 19635]
[19636 19784]
[19785 19942]
[19943 20050]
[20051 20110]
[20111 20208]
[20209 20306]
[20307 20410]
[20411 20550]
[20551 20610]
[20611 21128]
[21129 21242]
[21243 21291]
[21292 21329]
[21330 21353]
[21354 21450]
[21451 21560]
[21561 21633]
[21634 21676]
[21677 21754]
[21755 21798]
[21799 21876]
[21877 21970]
[21971 22091]
[22092 22144]
[22145 22255]
[22256 22309]
[22310 22355]
[22356 22379]
[22380 22800]
[22801 22861]
[22862 22980]
[22981 23084]
[23085 23179]
[23180 23207]
[23208 23263]
[23264 23324]
[23325 23371]
[23372 23415]
[23416 23466]
[23467 23540]
[23541 23934]
[23935 24049]
