[ 0 23]
[25 44]
[45 64]
[ 66 109]
[111 214]
[215 502]
[503 553]
[554 586]
[587 618]
[619 646]
[647 680]
[681 713]
[714 744]
[745 774]
[775 804]
[805 839]
[840 900]
[901 925]
[926 983]
[ 984 1349]
[1350 1564]
[1565 1656]
[1657 1733]
[1734 1899]
[1900 1987]
[1988 2101]
[2102 2180]
[2181 2193]
[2194 2236]
[2237 2284]
[2285 2309]
[2310 2332]
[2333 2447]
[2448 2512]
[2513 2564]
[2565 2681]
[2682 2720]
[2721 2772]
[2773 2885]
[2886 3494]
[3495 3537]
[3538 3600]
[3601 3662]
[3663 3724]
[3725 3791]
[3792 3862]
[3863 3895]
[3896 3942]
[3943 3995]
[3996 4111]
[4112 4158]
[4159 4269]
[4270 4333]
[4334 4464]
[4465 4491]
[4492 4511]
[4512 4572]
[4573 4646]
[4647 4713]
[4714 4766]
[4767 4840]
[4841 4912]
[4913 4981]
[4982 5055]
[5056 5129]
[5130 5200]
[5201 5269]
[5270 5338]
[5339 5398]
[5399 5463]
[5464 5889]
[5890 5955]
[5956 6020]
[6021 6117]
[6118 6171]
[6172 6227]
[6228 6288]
[6289 6554]
[6555 6623]
[6624 6652]
[6653 6729]
[6730 6784]
[6785 6943]
[6944 7097]
[7098 7155]
[7156 7195]
[7196 7225]
[7226 7337]
[7338 7456]
[7457 7665]
[7666 7687]
[7688 7736]
[7737 7784]
[7785 7828]
[7829 7884]
[7885 7926]
[7927 8200]
[8201 8255]
[8256 8330]
[8331 8373]
[8374 8417]
[8418 8454]
[8455 8495]
[8496 8560]
[8561 8598]
[8599 8685]
[8686 8700]
[8701 8753]
[8754 8824]
[8825 8889]
[8890 8960]
[8961 9141]
[9142 9717]
[9718 9765]
[9766 9842]
[9843 9922]
[9923 9996]
[ 9997 10071]
[10072 10118]
[10119 10163]
[10164 10211]
[10212 10275]
[10276 10324]
[10325 10363]
[10364 10406]
[10407 10431]
[10432 10520]
[10521 10611]
[10612 10683]
[10684 10737]
[10738 10826]
[10827 10881]
[10882 10964]
[10965 11020]
[11021 11072]
[11073 11113]
[11114 11139]
[11140 11188]
[11189 11243]
[11244 11295]
[11296 11330]
[11331 11362]
[11363 11391]
[11392 11423]
[11424 11458]
[11459 11525]
[11526 11560]
[11561 11591]
[11592 11680]
[11681 11998]
[11999 12063]
[12064 12137]
[12138 12216]
[12217 12287]
[12288 12363]
[12364 12430]
[12431 12523]
[12524 12707]
[12708 12821]
[12822 12926]
[12927 13024]
[13025 13390]
[13391 13484]
[13485 13598]
[13599 13666]
[13667 13743]
[13744 13809]
[13810 13886]
[13887 13989]
[13990 14071]
[14072 14134]
[14135 14212]
[14213 14350]
[14351 14399]
[14400 14462]
[14463 14551]
[14552 14880]
[14881 14960]
[14961 15034]
[15035 15061]
[15062 15116]
[15117 15192]
[15193 15264]
[15265 15353]
[15354 15413]
[15414 15458]
[15459 15523]
[15524 15577]
[15578 15650]
[15651 15962]
[15963 16026]
[16027 16087]
[16088 16174]
[16175 16312]
[16313 16421]
[16422 16501]
[16502 16602]
[16603 16749]
[16750 16846]
[16847 17027]
[17028 17086]
[17087 17150]
[17151 17218]
[17219 17282]
[17283 17333]
[17334 17373]
[17374 17431]
[17432 17488]
[17489 17525]
[17526 17556]
[17557 17581]
[17582 17611]
[17612 17661]
[17662 17708]
[17709 17751]
[17752 17784]
[17785 17873]
[17874 18144]
[18145 18256]
[18257 18386]
[18387 18492]
[18493 18554]
[18555 18607]
[18608 18666]
[18667 18934]
[18935 18976]
[18977 19053]
[19054 19082]
[19083 19197]
[19198 19281]
[19282 19371]
[19372 19415]
[19416 19502]
[19503 19618]
[19619 20116]
[20117 20185]
[20186 20255]
[20256 20344]
[20345 20424]
[20425 20504]
[20505 20575]
[20576 20653]
[20654 20898]
[20899 21021]
[21022 21127]
[21128 21182]
[21183 21256]
[21257 21316]
[21317 21385]
[21386 21468]
[21469 21521]
[21522 21660]
[21661 21811]
[21812 21877]
[21878 22089]
[22090 22177]
[22178 22268]
[22269 22302]
[22303 22372]
[22373 22400]
[22401 22425]
[22426 22463]
[22464 22485]
[22486 22545]
[22546 22613]
[22614 22674]
[22675 22730]
[22731 22781]
[22782 23057]
[23058 23093]
[23094 23151]
[23152 23216]
[23217 23283]
[23284 23337]
[23338 23466]
[23467 23630]
[23631 23823]
[23824 23990]
[23991 24084]
[24085 24164]
[24165 24278]
[24279 24354]
[24355 24668]
[24669 24747]
[24748 24843]
[24844 24916]
[24917 25007]
[25008 25141]
[25142 25259]
[25260 25316]
[25317 25399]
[25400 25477]
[25478 25549]
[25550 25644]
[25645 25743]
[25744 25840]
[25841 25926]
[25927 26012]
[26013 26198]
[26199 26255]
[26256 26320]
[26321 26381]
[26382 26450]
[26451 26561]
[26562 26635]
[26636 26683]
[26684 26748]
[26749 26815]
[26816 26937]
[26938 27069]
[27070 27111]
[27112 27165]
[27166 27400]
[27401 27470]
[27471 27547]
[27548 27596]
[27597 27646]
[27647 27667]
[27668 27725]
[27726 27796]
[27797 27881]
[27882 28297]
[28299 28399]
