[ 0 22]
[24 43]
[44 63]
[ 65 108]
[110 193]
[194 561]
[562 616]
[617 647]
[648 686]
[687 716]
[717 743]
[744 778]
[779 810]
[811 837]
[838 867]
[868 897]
[898 925]
[926 956]
[957 992]
[ 993 1050]
[1053 1193]
[1194 1677]
[1678 1725]
[1726 1777]
[1778 1820]
[1821 1859]
[1860 1910]
[1911 1958]
[1959 1986]
[1987 2027]
[2028 2076]
[2077 2132]
[2133 2189]
[2190 2252]
[2253 2410]
[2411 2454]
[2455 2517]
[2518 2680]
[2681 2739]
[2740 2833]
[2834 2892]
[2893 2931]
[2932 3017]
[3018 3074]
[3075 3175]
[3176 3275]
[3277 3558]
[3559 3700]
[3701 3754]
[3755 3970]
[3971 4007]
[4008 4061]
[4062 4134]
[4135 4202]
[4203 4253]
[4254 4257]
[4258 4675]
[4676 4978]
[4979 5015]
[5016 5071]
[5072 5139]
[5140 5197]
[5198 5249]
[5250 5351]
[5352 5432]
[5433 5508]
[5509 5545]
[5546 5582]
[5583 5616]
[5617 5648]
[5649 5687]
[5688 5726]
[5727 5789]
[5790 5853]
[5854 5893]
[5894 5953]
[5954 6001]
[6002 6016]
[6017 6254]
[6255 6261]
[6262 6344]
[6345 6691]
[6692 6765]
[6766 6868]
[6869 6990]
[6991 7051]
[7052 7110]
[7111 7178]
[7179 7205]
[7206 7266]
[7267 7341]
[7342 7362]
[7363 7427]
[7428 7493]
[7494 7557]
[7558 7616]
[7617 7670]
[7671 7705]
[7706 7943]
[7944 8043]
[8044 8108]
[8109 8184]
[8185 8248]
[8249 8315]
[8316 8385]
[8386 8440]
[8441 8535]
[8536 8595]
[8596 8645]
[8646 8707]
[8708 8942]
[8943 9021]
[9022 9097]
[9098 9149]
[9150 9205]
[9206 9261]
[9262 9337]
[9338 9372]
[9373 9437]
[9438 9504]
[9505 9581]
[9582 9661]
[9662 9690]
[9691 9820]
[ 9821 10092]
[10093 10157]
[10158 10241]
[10242 10348]
[10349 10423]
[10424 10468]
[10469 10540]
[10541 10606]
[10607 10673]
[10674 10715]
[10716 11024]
[11025 11070]
[11071 11126]
[11127 11246]
[11247 11352]
[11353 11460]
[11461 11635]
[11636 11734]
[11735 11771]
[11772 12131]
[12132 12395]
[12397 12619]
[12620 12772]
[12773 13114]
[13115 13310]
[13312 13575]
[13577 13747]
[13748 13888]
[13889 14070]
[14071 14126]
[14127 14184]
[14185 14219]
[14220 14250]
[14251 14276]
[14277 14306]
[14307 14356]
[14357 14398]
[14399 14447]
[14448 14481]
[14482 14570]
[14571 14969]
[14970 15046]
[15047 15113]
[15114 15175]
[15176 15217]
[15218 15303]
[15304 15352]
[15353 15428]
[15429 15494]
[15495 15543]
[15544 15640]
[15641 15795]
[15796 15871]
[15872 15919]
[15920 16183]
[16184 16289]
[16290 16417]
[16418 16493]
[16494 16598]
[16599 16658]
[16659 16720]
[16721 16796]
[16797 16876]
[16877 16932]
[16933 16998]
[16999 17077]
[17078 17330]
[17331 17396]
[17397 17757]
[17758 17836]
[17837 17921]
[17922 18156]
[18158 18422]
[18423 18473]
[18474 18508]
[18509 18571]
[18572 18684]
[18685 18723]
[18724 18808]
[18809 18931]
[18932 19001]
[19002 19115]
[19116 19201]
[19202 19234]
[19235 19331]
[19332 19359]
[19360 19392]
[19393 19464]
[19465 19522]
[19523 19615]
[19616 19630]
[19631 19723]
[19724 19787]
[19788 20138]
[20139 20185]
[20186 20261]
[20262 20544]
[20545 20618]
[20619 20663]
[20664 20721]
[20722 20787]
[20788 20896]
[20897 20956]
[20957 21043]
[21044 21120]
[21121 21177]
[21178 21232]
[21233 21289]
[21290 21326]
[21327 21641]
[21642 21682]
[21683 21737]
[21738 21843]
[21844 22078]
[22079 22190]
[22191 22380]
[22381 22418]
[22419 22519]
[22520 22841]
[22842 23137]
[23138 23392]
[23393 23536]
[23537 23686]
[23687 23793]
[23794 23924]
[23925 24016]
[24017 24160]
[24161 24224]
[24225 24475]
[24476 24523]
[24524 24619]
[24620 24731]
[24732 25036]
[25037 25099]
