[ 0 21]
[23 42]
[43 62]
[ 64 107]
[109 222]
[223 539]
[540 576]
[577 609]
[610 665]
[666 725]
[726 759]
[760 790]
[791 828]
[829 870]
[871 912]
[913 971]
[ 972 1240]
[1241 1559]
[1560 1865]
[1866 2063]
[2064 2552]
[2553 2700]
[2701 2850]
[2851 3150]
[3151 3300]
[3301 3394]
[3395 3472]
[3473 3525]
[3526 3567]
[3568 3625]
[3626 3670]
[3671 3716]
[3717 4145]
[4146 4202]
[4203 4251]
[4252 4301]
[4302 4400]
[4401 4461]
[4462 4521]
[4522 4584]
[4585 4623]
[4624 4672]
[4673 4749]
[4750 4885]
[4886 4937]
[4938 4974]
[4975 5039]
[5040 5080]
[5081 5122]
[5123 5186]
[5187 5551]
[5552 5606]
[5607 5669]
[5670 5720]
[5721 5767]
[5768 5867]
[5868 5906]
[5907 6442]
[6443 6495]
[6496 6551]
[6552 6602]
[6603 6645]
[6646 6716]
[6717 6832]
[6833 6934]
[6935 7005]
[7006 7061]
[7062 7110]
[7111 7155]
[7156 7231]
[7232 7357]
[7358 7397]
[7398 7522]
[7523 7591]
[7592 7733]
[7734 7787]
[7788 7840]
[7841 7913]
[7914 7969]
[7970 8034]
[8035 8358]
[8359 8431]
[8432 8463]
[8464 8493]
[8494 8545]
[8546 8644]
[8645 8700]
[8701 8928]
[8929 9063]
[9064 9139]
[9140 9214]
[9215 9273]
[9274 9405]
[9406 9477]
[9478 9549]
[9550 9620]
[9621 9694]
[9695 9727]
[9728 9776]
[9777 9814]
[9815 9868]
[ 9869 10125]
[10126 10297]
[10298 10484]
[10485 10673]
[10674 10740]
[10741 10838]
[10839 10911]
[10912 10990]
[10991 11042]
[11043 11069]
[11070 11371]
[11372 11458]
[11459 11567]
[11568 11647]
[11648 11732]
[11733 11905]
[11906 12232]
[12233 12320]
[12321 12438]
[12439 12703]
[12704 12761]
[12762 12871]
[12872 12928]
[12929 12990]
[12991 13085]
[13086 13169]
[13170 13240]
[13241 13599]
[13600 13673]
[13674 13741]
[13742 13823]
[13824 13923]
[13924 14007]
[14008 14080]
[14081 14145]
[14146 14222]
[14223 14287]
[14288 14357]
[14358 14439]
[14440 14537]
[14538 14606]
[14607 14725]
[14726 14809]
[14810 14865]
[14866 14935]
[14936 15368]
[15369 15438]
[15439 15499]
[15500 15564]
[15565 15646]
[15647 15708]
[15709 15753]
[15754 15951]
[15952 16034]
[16035 16140]
[16141 16189]
[16191 16565]
[16566 16713]
[16714 16835]
[16836 16913]
[16914 16966]
[16967 17038]
[17039 17119]
[17120 17156]
[17157 17190]
[17191 17226]
[17227 17330]
[17331 17358]
[17359 17409]
[17410 17492]
[17493 17598]
[17599 17627]
[17628 17670]
[17671 17720]
[17721 18040]
[18041 18116]
[18117 18227]
[18228 18294]
[18295 18356]
[18357 18412]
[18413 18487]
[18488 18545]
[18546 18591]
[18592 18630]
[18631 18660]
[18661 18723]
[18724 18760]
[18761 18804]
[18805 18845]
[18846 18865]
[18866 18942]
[18943 19054]
[19055 19112]
[19113 19156]
[19157 19220]
[19221 19287]
[19288 19366]
[19367 19424]
[19425 19813]
[19814 19824]
[19825 19896]
[19897 19992]
[19993 20042]
[20043 20110]
[20111 20336]
[20337 20366]
[20367 20420]
[20421 20472]
[20473 20526]
[20527 20571]
[20572 20605]
[20606 20658]
[20659 20687]
[20688 20871]
[20872 21008]
[21009 21097]
[21098 21234]
[21235 21306]
[21307 21355]
[21356 21519]
[21520 21605]
[21606 21635]
[21636 21766]
[21767 21815]
[21816 21894]
[21895 22012]
[22013 22079]
[22080 22166]
[22167 22610]
[22611 22672]
[22673 22842]
[22843 22911]
[22912 23010]
[23011 23178]
[23179 23284]
[23285 23386]
[23387 23428]
[23429 23481]
[23482 23572]
[23573 23631]
[23632 23687]
[23688 24064]
[24065 24178]
[24179 24334]
[24335 24446]
[24447 24571]
[24572 24681]
[24682 24774]
[24775 24866]
[24867 24945]
[24946 24999]
[25000 25061]
[25062 25153]
[25154 25680]
[25681 25749]
