[ 0 29]
[31 50]
[51 70]
[ 72 115]
[117 208]
[209 560]
[561 616]
[617 697]
[698 728]
[729 745]
[746 769]
[770 841]
[842 867]
[868 915]
[916 968]
[969 993]
[ 994 1060]
[1061 1085]
[1086 1196]
[1197 1548]
[1549 1559]
[1560 1711]
[1712 1784]
[1785 1843]
[1844 1879]
[1880 1910]
[1911 1999]
[2000 2159]
[2160 2561]
[2562 2597]
[2598 2625]
[2626 2654]
[2655 3041]
[3042 3113]
[3114 3178]
[3179 3256]
[3257 3324]
[3325 3369]
[3370 3484]
[3485 3667]
[3668 3928]
[3929 3988]
[3989 4058]
[4059 4103]
[4104 4165]
[4166 4216]
[4217 4257]
[4258 4313]
[4314 4387]
[4388 4446]
[4447 4494]
[4495 4561]
[4562 4598]
[4599 4827]
[4828 5047]
[5048 5102]
[5103 5393]
[5394 5449]
[5450 5532]
[5533 5625]
[5626 5686]
[5687 5729]
[5730 5778]
[5779 5859]
[5860 5902]
[5903 5975]
[5976 6137]
[6138 6181]
[6182 6229]
[6230 6283]
[6284 6599]
[6600 6679]
[6680 6775]
[6776 6866]
[6867 6923]
[6924 7016]
[7017 7110]
[7111 7218]
[7219 7312]
[7313 7419]
[7420 7537]
[7538 7609]
[7610 7709]
[7710 7767]
[7768 7847]
[7848 7919]
[7920 7948]
[7949 7958]
[7959 8013]
[8014 8323]
[8324 8363]
[8364 8462]
[8463 8573]
[8574 8644]
[8645 8669]
[8670 8700]
[8701 8732]
[8733 8801]
[8802 8840]
[8841 8878]
[8879 8979]
[8980 9028]
[9029 9085]
[9086 9137]
[9138 9179]
[9180 9364]
[9365 9421]
[9422 9467]
[9468 9505]
[9506 9569]
[9570 9657]
[ 9658 10067]
[10068 10140]
[10141 10236]
[10237 10307]
[10308 10340]
[10341 10480]
[10481 10519]
[10520 10896]
[10897 10929]
[10930 10977]
[10978 11136]
[11137 11205]
[11206 11234]
[11235 11582]
[11583 11690]
[11691 11753]
[11754 11840]
[11841 11931]
[11932 12102]
[12103 12495]
[12496 12682]
[12683 12993]
[12995 13440]
[13441 13756]
[13757 13802]
[13803 13838]
[13839 13892]
[13893 13950]
[13951 14022]
[14023 14076]
[14077 14152]
[14153 14206]
[14207 14271]
[14272 14305]
[14306 14372]
[14373 14483]
[14484 14543]
[14544 14592]
[14593 14960]
[14961 15053]
[15054 15109]
[15110 15205]
[15206 15333]
[15334 15402]
[15403 15517]
[15518 15600]
[15601 15640]
[15641 15711]
[15712 15798]
[15799 15833]
[15834 16249]
[16250 16962]
[16963 17306]
[17307 17366]
[17367 17435]
[17436 17486]
[17487 17519]
[17520 17552]
[17553 17612]
[17613 17678]
[17679 17714]
[17715 17805]
[17806 18137]
[18138 18262]
[18263 18344]
[18345 18439]
[18440 18463]
[18464 18532]
[18533 18578]
[18579 18643]
[18644 18720]
[18721 18750]
[18751 18848]
[18849 18877]
[18878 18965]
[18966 19026]
[19027 19138]
[19139 19192]
[19193 19250]
[19251 19572]
[19573 19640]
[19641 19696]
[19697 19757]
[19758 19881]
[19882 19998]
[19999 20149]
[20150 20400]
[20401 20480]
[20481 20662]
[20663 20906]
[20907 20963]
[20964 21016]
[21017 21052]
[21053 21103]
[21104 21506]
[21507 21620]
[21621 21844]
[21845 21982]
[21983 22091]
[22092 22204]
[22205 22477]
[22478 22704]
[22705 22817]
[22818 22865]
[22866 23241]
[23242 23369]
[23370 23428]
[23429 23609]
[23610 23688]
[23689 23766]
[23767 23833]
[23834 23900]
[23901 23987]
[23988 24104]
[24105 24139]
[24140 24186]
[24187 24232]
[24233 24285]
[24286 24327]
[24328 24391]
[24392 24442]
[24443 24918]
[24919 25126]
[25127 25147]
[25148 25178]
[25179 25204]
[25205 25338]
[25339 25462]
[25463 25526]
[25527 25555]
[25556 25674]
[25675 25706]
[25707 25754]
[25755 26140]
[26141 26199]
