[ 0 19]
[21 40]
[41 60]
[ 62 105]
[107 190]
[191 514]
[515 567]
[568 605]
[606 649]
[650 695]
[696 728]
[729 761]
[762 792]
[793 819]
[820 854]
[855 887]
[888 916]
[917 942]
[ 943 1006]
[1007 1441]
[1442 1512]
[1513 1568]
[1569 1615]
[1616 1664]
[1665 1713]
[1714 1799]
[1800 1851]
[1852 1918]
[1919 1992]
[1993 2041]
[2042 2116]
[2117 2197]
[2198 2281]
[2282 2401]
[2402 2575]
[2576 2632]
[2633 2637]
[2638 2693]
[2694 2744]
[2745 2805]
[2806 2839]
[2840 2896]
[2897 2933]
[2934 3346]
[3347 3472]
[3473 3536]
[3537 3601]
[3602 3669]
[3670 3728]
[3729 3784]
[3785 3842]
[3843 4034]
[4035 4102]
[4103 4163]
[4164 4209]
[4210 4231]
[4232 4626]
[4627 4679]
[4680 4715]
[4716 4757]
[4758 4802]
[4803 4843]
[4844 4895]
[4896 4935]
[4936 4989]
[4990 5226]
[5227 5295]
[5296 5350]
[5351 5402]
[5403 5443]
[5444 5498]
[5499 5560]
[5561 5608]
[5609 5646]
[5647 5790]
[5791 5907]
[5908 5960]
[5961 6006]
[6007 6067]
[6068 6112]
[6113 6148]
[6149 6197]
[6198 6779]
[6780 6858]
[6859 6932]
[6933 6953]
[6954 7082]
[7083 7152]
[7153 7217]
[7218 7282]
[7283 7350]
[7351 7406]
[7407 7470]
[7471 7519]
[7520 7577]
[7578 7619]
[7620 7696]
[7697 7769]
[7770 7817]
[7818 7861]
[7862 7903]
[7904 7960]
[7961 8025]
[8026 8050]
[8051 8267]
[8268 8553]
[8554 8610]
[8611 8671]
[8672 8749]
[8750 8798]
[8799 8858]
[8859 8949]
[8950 9019]
[9020 9041]
[9042 9143]
[9144 9200]
[9201 9662]
[9663 9736]
[9737 9808]
[9809 9865]
[9866 9923]
[9924 9942]
[9943 9971]
[ 9972 10009]
[10010 10036]
[10037 10398]
[10399 10489]
[10490 10553]
[10554 10621]
[10622 10683]
[10684 10761]
[10762 10805]
[10806 10850]
[10851 10908]
[10909 10930]
[10931 11011]
[11012 11073]
[11074 11120]
[11121 11150]
[11151 11191]
[11192 11234]
[11235 11294]
[11295 11355]
[11356 11905]
[11906 11926]
[11927 12139]
[12140 12215]
[12216 12261]
[12262 12299]
[12300 12357]
[12358 12418]
[12419 12475]
[12476 12509]
[12510 12543]
[12544 12576]
[12577 12702]
[12703 12798]
[12799 12836]
[12837 12864]
[12865 13191]
[13192 13267]
[13268 13317]
[13318 13365]
[13366 13438]
[13439 13487]
[13488 13546]
[13547 13608]
[13609 13660]
[13661 13710]
[13711 13791]
[13792 13811]
[13812 13866]
[13867 13923]
[13924 13993]
[13994 14050]
[14051 14152]
[14153 14199]
[14200 14253]
[14254 14307]
[14308 14373]
[14374 14417]
[14418 14487]
[14488 14549]
[14550 14603]
[14604 14651]
[14652 14745]
[14746 15297]
[15298 15382]
[15383 15479]
[15480 15592]
[15593 15705]
[15706 15829]
[15830 15934]
[15935 16010]
[16011 16111]
[16112 16217]
[16218 16302]
[16303 16346]
[16347 16757]
[16758 17433]
[17434 17508]
[17509 17628]
[17629 17843]
[17844 17939]
[17940 18320]
[18321 18439]
[18440 18587]
[18588 18724]
[18725 18879]
[18880 19017]
[19018 19162]
[19163 19310]
[19311 19469]
[19470 19616]
[19617 19759]
[19760 19876]
[19877 20362]
[20363 20502]
[20503 20563]
[20564 20697]
[20698 20764]
[20765 20849]
[20850 21070]
[21071 21197]
[21198 21323]
[21324 21382]
[21383 21535]
[21536 21647]
[21648 21748]
[21749 22138]
[22139 22203]
[22204 22346]
[22347 22414]
[22415 22489]
[22490 22568]
[22569 22629]
[22630 22870]
[22871 22948]
[22949 23099]
[23100 23278]
[23279 23333]
[23334 23425]
[23426 23549]
[23550 23963]
[23964 24098]
[24100 24258]
[24260 24405]
[24407 24478]
[24479 24627]
[24629 24769]
[24771 24929]
[24930 25065]
[25067 25159]
[25160 25216]
[25217 25682]
[25683 25749]
