[ 0 22]
[24 43]
[44 63]
[ 65 108]
[110 209]
[211 546]
[547 608]
[609 643]
[644 671]
[672 703]
[704 735]
[736 762]
[763 786]
[787 816]
[817 835]
[836 858]
[859 899]
[900 925]
[926 956]
[957 983]
[ 984 1031]
[1032 1063]
[1064 1096]
[1097 1182]
[1183 1857]
[1858 1908]
[1909 2010]
[2011 2096]
[2097 2187]
[2188 2236]
[2237 2273]
[2274 2297]
[2298 2347]
[2348 2377]
[2378 2399]
[2400 2439]
[2440 2493]
[2494 2515]
[2516 2578]
[2579 2644]
[2645 2672]
[2673 2716]
[2717 2776]
[2777 2845]
[2846 2902]
[2903 2966]
[2967 3016]
[3017 3069]
[3070 3118]
[3119 3158]
[3159 3248]
[3249 3325]
[3326 3448]
[3449 3553]
[3554 3912]
[3913 3977]
[3978 4036]
[4037 4108]
[4109 4171]
[4172 4233]
[4234 4376]
[4377 4439]
[4440 4494]
[4495 4559]
[4560 4624]
[4625 4687]
[4688 4924]
[4925 5011]
[5012 5115]
[5116 5184]
[5185 5674]
[5675 5766]
[5767 5832]
[5833 5901]
[5902 5982]
[5983 6044]
[6045 6079]
[6080 6145]
[6146 6230]
[6231 6295]
[6296 6340]
[6341 6421]
[6422 6510]
[6511 6558]
[6559 6677]
[6678 6719]
[6720 6767]
[6768 6806]
[6807 6870]
[6871 6951]
[6952 7013]
[7014 7048]
[7049 7107]
[7108 7551]
[7553 7777]
[7778 7981]
[7982 8176]
[8178 8377]
[8378 8555]
[8556 9286]
[9287 9352]
[9353 9489]
[9490 9599]
[9600 9722]
[9723 9944]
[ 9945 10017]
[10018 10110]
[10111 10219]
[10220 10364]
[10365 10518]
[10519 10587]
[10588 10667]
[10668 10735]
[10736 10777]
[10778 10823]
[10824 11116]
[11117 11165]
[11166 11197]
[11198 11231]
[11232 11259]
[11260 11289]
[11290 11320]
[11321 11354]
[11355 11391]
[11392 11422]
[11423 11525]
[11526 11609]
[11610 11646]
[11647 11752]
[11753 11792]
[11793 11904]
[11905 11928]
[11929 11969]
[11970 12027]
[12028 12147]
[12148 12202]
[12203 12245]
[12246 12287]
[12288 12320]
[12321 12360]
[12361 12373]
[12374 12405]
[12406 12435]
[12436 12552]
[12553 12610]
[12611 12661]
[12662 12691]
[12692 12732]
[12733 12783]
[12784 12878]
[12879 12914]
[12915 12992]
[12993 13258]
[13259 13323]
[13324 13384]
[13385 13497]
[13498 13568]
[13569 13640]
[13641 13713]
[13714 13770]
[13771 13839]
[13840 13915]
[13916 13975]
[13976 14037]
[14038 14097]
[14098 14157]
[14158 14208]
[14209 14497]
[14498 14569]
[14570 14635]
[14636 14704]
[14705 14773]
[14774 14838]
[14839 14905]
[14906 14968]
[14969 15020]
[15021 15075]
[15076 15132]
[15133 15764]
[15765 15857]
[15858 15940]
[15941 16002]
[16003 16059]
[16060 16159]
[16160 16239]
[16240 16291]
[16292 16351]
[16352 16424]
[16425 16438]
[16439 16520]
[16521 16542]
[16543 16597]
[16598 16678]
[16679 16707]
[16708 16790]
[16791 16854]
[16855 16902]
[16903 16933]
[16934 16967]
[16968 17041]
[17042 17312]
[17313 17379]
[17380 17440]
[17441 17493]
[17494 17543]
[17544 17668]
[17669 17724]
[17725 17797]
[17798 17857]
[17858 17904]
[17905 17960]
[17961 18040]
[18041 18117]
[18118 18154]
[18155 18214]
[18215 18276]
[18277 18353]
[18354 18389]
[18390 18752]
[18753 18822]
[18823 18855]
[18856 18935]
[18936 18987]
[18988 19055]
[19056 19155]
[19156 19257]
[19258 19296]
[19297 19337]
[19338 19408]
[19409 19731]
[19732 19792]
[19793 19854]
[19855 19920]
[19921 20051]
[20052 20126]
[20127 20304]
[20305 20388]
[20389 20495]
[20496 20554]
[20555 20600]
[20601 20680]
[20681 20785]
[20786 21092]
[21093 21147]
[21148 21358]
[21359 21526]
[21527 21708]
[21709 21860]
[21861 21982]
[21983 22028]
[22029 22061]
[22062 22107]
[22108 22139]
[22140 22163]
[22164 22197]
[22198 22223]
[22224 22277]
[22278 22309]
[22310 22334]
[22335 22422]
[22423 22876]
[22877 22970]
[22972 23044]
[23045 23091]
[23092 23416]
[23417 23501]
[23502 23650]
[23651 23698]
[23699 23756]
[23757 23809]
[23810 23857]
[23858 23918]
[23919 23975]
[23976 24026]
[24027 24096]
[24097 24151]
[24152 24256]
[24257 24304]
[24305 24362]
[24363 24440]
[24441 24663]
[24664 24727]
[24728 24804]
[24805 24891]
[24892 24992]
[24993 25030]
[25031 25097]
[25098 25181]
[25182 25249]
[25250 25328]
[25329 25377]
[25378 25429]
[25430 25480]
[25481 25853]
[25854 25920]
[25921 25992]
[25993 26032]
[26033 26089]
[26090 26129]
[26130 26173]
[26174 26241]
[26242 26274]
[26275 26313]
[26314 26439]
[26440 26591]
[26592 26643]
[26644 26725]
[26726 26804]
[26805 26852]
[26853 26929]
[26930 27016]
[27017 27102]
[27103 27141]
[27142 27185]
[27186 27483]
[27485 27532]
[27533 27559]
[27560 27597]
[27598 27655]
[27656 27707]
[27708 27789]
[27790 27835]
[27836 27926]
[27927 28001]
[28002 28123]
[28124 28171]
[28172 28505]
[28506 28563]
[28564 28638]
[28639 28713]
[28714 28788]
[28789 28981]
[28982 29033]
[29034 29095]
[29096 29167]
[29168 29252]
[29253 29580]
[29581 29607]
[29608 29661]
[29662 29693]
[29694 29728]
[29729 29773]
[29774 29803]
[29804 29835]
[29836 29862]
[29863 29891]
[29892 29910]
[29911 29995]
[29996 30024]
[30025 30046]
[30047 30082]
[30083 30122]
[30123 30168]
[30169 30198]
[30199 30225]
[30226 30242]
[30243 30269]
[30270 30300]
[30301 30324]
[30325 30350]
[30351 30421]
[30422 30536]
[30537 30586]
[30587 30637]
[30638 31069]
[31071 31216]
[31217 31373]
[31374 31444]
[31445 31537]
[31538 31640]
[31641 31956]
[31957 32022]
[32023 32084]
[32085 32163]
[32164 32228]
[32229 32311]
[32312 32379]
[32380 32417]
[32418 32638]
[32639 32715]
[32716 32772]
[32773 32812]
[32813 32859]
[32860 32926]
[32927 32982]
[32983 33009]
[33010 33019]
[33020 33094]
[33095 33161]
[33162 33216]
[33217 33274]
[33275 33335]
[33336 33377]
[33378 33896]
[33897 33999]
