[ 0 27]
[29 48]
[49 68]
[ 70 113]
[115 202]
[203 647]
[648 702]
[703 738]
[739 768]
[769 798]
[799 829]
[830 859]
[860 919]
[920 953]
[ 954 1078]
[1079 1117]
[1118 1169]
[1170 1197]
[1198 1284]
[1285 1950]
[1951 2110]
[2111 2167]
[2168 2215]
[2216 2296]
[2297 2341]
[2342 2388]
[2389 2419]
[2420 2466]
[2467 2510]
[2511 2687]
[2688 2723]
[2724 2824]
[2825 3126]
[3127 3262]
[3263 3296]
[3297 3375]
[3376 3446]
[3447 3467]
[3468 3517]
[3518 3546]
[3547 3977]
[3978 4036]
[4037 4211]
[4212 4213]
[4214 4306]
[4307 4362]
[4363 4399]
[4400 4449]
[4450 4484]
[4485 4558]
[4559 4619]
[4620 4694]
[4695 4727]
[4728 4798]
[4799 4961]
[4962 5004]
[5005 5039]
[5040 5118]
[5119 5184]
[5185 5258]
[5259 5292]
[5293 5326]
[5327 5350]
[5351 5836]
[5837 5897]
[5898 5938]
[5939 5994]
[5995 6004]
[6005 6083]
[6084 6149]
[6150 6193]
[6194 6271]
[6272 6350]
[6351 6423]
[6424 6463]
[6464 6515]
[6516 6592]
[6593 6660]
[6661 6724]
[6725 6789]
[6790 6859]
[6860 6974]
[6975 7213]
[7214 7290]
[7292 7387]
[7388 7600]
[7601 7691]
[7692 7799]
[7800 7874]
[7875 7975]
[7976 8136]
[8137 8242]
[8243 8336]
[8337 8473]
[8474 8586]
[8587 8643]
[8644 8694]
[8695 8735]
[8736 8737]
[8738 8769]
[8770 8797]
[8798 8823]
[8824 8881]
[8882 8920]
[8921 8961]
[8962 8998]
[8999 9084]
[9085 9648]
[ 9649 10257]
[10258 10326]
[10327 10432]
[10433 10482]
[10483 10532]
[10533 10608]
[10609 10656]
[10657 10699]
[10700 10968]
[10969 11047]
[11048 11082]
[11083 11124]
[11125 11181]
[11182 11233]
[11234 11280]
[11281 11324]
[11325 11366]
[11367 11418]
[11419 11466]
[11467 11509]
[11510 11541]
[11542 11601]
[11602 11653]
[11654 11708]
[11709 11760]
[11761 11778]
[11779 11815]
[11816 11858]
[11859 12361]
[12362 12431]
[12432 12472]
[12473 12505]
[12506 12558]
[12559 12632]
[12633 12684]
[12685 12713]
[12714 12969]
[12970 13014]
[13015 13051]
[13052 13120]
[13121 13207]
[13208 13257]
[13258 13303]
[13304 13562]
[13563 13590]
[13591 13626]
[13627 13652]
[13653 13693]
[13694 13720]
[13721 13764]
[13765 13800]
[13801 14160]
[14161 14247]
[14248 14359]
[14360 14469]
[14470 14604]
[14605 14939]
[14940 14989]
[14991 15065]
[15066 15166]
[15167 15632]
[15633 15745]
[15746 15801]
[15802 15852]
[15853 15897]
[15898 15945]
[15946 15981]
[15982 16035]
[16036 16091]
[16092 16147]
[16148 16243]
[16244 16812]
[16813 16929]
[16930 16975]
[16976 17113]
[17114 17169]
[17170 17298]
[17299 17408]
[17409 17519]
[17520 17531]
[17532 17749]
[17750 17819]
[17820 17832]
[17833 18007]
[18008 18150]
[18151 18196]
[18197 18285]
[18286 18345]
[18346 18445]
[18446 18525]
[18526 18577]
[18578 18635]
[18636 18685]
[18686 18745]
[18746 18778]
[18779 18855]
[18856 18945]
[18946 19022]
[19023 19315]
[19316 19363]
[19364 19492]
[19493 19576]
[19577 19633]
[19634 19685]
[19686 19805]
[19806 19828]
[19829 19902]
[19903 19957]
[19958 20040]
[20041 20129]
[20130 20182]
[20183 20292]
[20293 20340]
[20341 20479]
[20480 20515]
[20516 20566]
[20567 20813]
[20814 21053]
[21054 21158]
[21159 21221]
[21222 21279]
[21280 21377]
[21378 21469]
[21470 21542]
[21543 21635]
[21636 21681]
[21682 21734]
[21735 21831]
[21832 21890]
[21891 21982]
[21983 22069]
[22070 22545]
[22546 22629]
[22630 22703]
[22704 22763]
[22764 22823]
[22824 22959]
[22960 23058]
[23059 23130]
[23131 23206]
[23207 23281]
[23282 23335]
[23336 23385]
[23386 23445]
[23446 23522]
[23523 23844]
[23845 24068]
[24069 24123]
[24124 24173]
[24174 24218]
[24219 24293]
[24294 24337]
[24338 24353]
[24354 24474]
[24475 24566]
[24567 24589]
[24590 24646]
[24647 24697]
[24698 24793]
[24794 24842]
[24843 24869]
[24870 25003]
[25004 25074]
[25075 25455]
[25456 25565]
[25566 25645]
[25646 25809]
[25810 25885]
[25886 25950]
[25951 26052]
[26053 26160]
[26161 26220]
[26221 26290]
[26291 26376]
[26377 26461]
[26462 26813]
[26814 26899]
