[ 0 30]
[32 51]
[52 71]
[ 73 116]
[118 229]
[230 576]
[577 629]
[630 665]
[666 695]
[696 723]
[724 756]
[757 782]
[783 812]
[813 846]
[847 880]
[881 917]
[918 948]
[949 975]
[ 976 1002]
[1003 1064]
[1065 1626]
[1627 1682]
[1683 1740]
[1741 1792]
[1793 1829]
[1830 1839]
[1840 1900]
[1901 1943]
[1944 1957]
[1958 2023]
[2024 2068]
[2069 2094]
[2095 2171]
[2172 2243]
[2244 2258]
[2259 2316]
[2317 2388]
[2389 2462]
[2463 2526]
[2527 2593]
[2594 2618]
[2619 2666]
[2667 2682]
[2683 2725]
[2726 2780]
[2781 2817]
[2818 2849]
[2850 2894]
[2895 2943]
[2944 2978]
[2979 3007]
[3008 3044]
[3045 3058]
[3059 3412]
[3413 4465]
[4466 4525]
[4526 4569]
[4570 4687]
[4688 5114]
[5115 5180]
[5181 5234]
[5235 5323]
[5324 5558]
[5559 5617]
[5618 5680]
[5681 5745]
[5746 5794]
[5795 5961]
[5962 6065]
[6066 6142]
[6143 6204]
[6205 6323]
[6324 6349]
[6350 6435]
[6436 6506]
[6507 6572]
[6573 6905]
[6906 6973]
[6974 7007]
[7008 7069]
[7070 7156]
[7157 7203]
[7204 7557]
[7558 7609]
[7610 7665]
[7666 7704]
[7705 7751]
[7752 7818]
[7819 7878]
[7879 7966]
[7967 8289]
[8290 8388]
[8389 8546]
[8547 8615]
[8616 8678]
[8679 8922]
[8923 9062]
[9063 9149]
[9150 9241]
[9242 9350]
[9351 9447]
[9448 9569]
[9570 9634]
[9635 9692]
[9693 9743]
[9744 9790]
[9791 9831]
[9832 9872]
[9873 9937]
[9938 9982]
[ 9983 10038]
[10039 10138]
[10139 10631]
[10632 10686]
[10687 10764]
[10765 10841]
[10842 10920]
[10921 10960]
[10961 11040]
[11041 11107]
[11108 11172]
[11173 11240]
[11241 11294]
[11295 11346]
[11347 11416]
[11417 11490]
[11491 11555]
[11556 11632]
[11633 11972]
[11973 12026]
[12027 12171]
[12172 12274]
[12275 12377]
[12378 12493]
[12494 12624]
[12625 12787]
[12788 12886]
[12887 13057]
[13058 13177]
[13178 13253]
[13254 13325]
[13326 13661]
[13662 13737]
[13738 13830]
[13831 13912]
[13913 14001]
[14002 14091]
[14092 14137]
[14138 14214]
[14215 14304]
[14305 14391]
[14392 14479]
[14480 14628]
[14629 14845]
[14846 14965]
[14966 15059]
[15060 15074]
[15075 15141]
[15142 15204]
[15205 15214]
[15215 15503]
[15504 15592]
[15593 15664]
[15665 15736]
[15737 15794]
[15795 15844]
[15845 15900]
[15901 15929]
[15930 15972]
[15973 16048]
[16049 16114]
[16115 16166]
[16167 16233]
[16234 16295]
[16296 16398]
[16399 16474]
[16475 16547]
[16548 16616]
[16617 16633]
[16634 16900]
[16901 17076]
[17077 17139]
[17140 17219]
[17220 17298]
[17299 17356]
[17357 17440]
[17441 17514]
[17515 17580]
[17581 17646]
[17647 17712]
[17713 17770]
[17771 17829]
[17830 17882]
[17883 17913]
[17914 18248]
[18249 18288]
[18289 18333]
[18334 18365]
[18366 18440]
[18441 18475]
[18476 18547]
[18548 18576]
[18577 18619]
[18620 18679]
[18680 18753]
[18754 18789]
[18790 18857]
[18858 18897]
[18898 19269]
[19270 19364]
[19365 19415]
[19416 19457]
[19458 19507]
[19508 19519]
[19520 19605]
[19606 19662]
[19663 19685]
[19686 19718]
[19719 19768]
[19769 20424]
[20425 20863]
[20864 20922]
[20923 20984]
[20985 21018]
[21019 21096]
[21097 21178]
[21179 21260]
[21261 21355]
[21356 21471]
[21472 21496]
[21497 21651]
[21652 21777]
[21778 21877]
[21878 21940]
[21941 21972]
[21973 22004]
[22005 22248]
[22249 22340]
[22341 22422]
[22423 22529]
[22530 22642]
[22643 22760]
[22761 22854]
[22855 22945]
[22946 22992]
[22993 23080]
[23081 23126]
[23127 23161]
[23162 23646]
[23647 23795]
[23796 23882]
[23883 23966]
[23967 23985]
[23986 24367]
[24368 24422]
[24423 24753]
[24754 24823]
[24824 24902]
[24903 25029]
[25030 25084]
[25085 25483]
[25484 25603]
[25604 25684]
[25685 25765]
[25766 25788]
[25789 25828]
[25829 25860]
[25861 25924]
[25925 26005]
[26006 26071]
[26072 26131]
[26132 26200]
[26201 26268]
[26269 26333]
[26334 26383]
[26384 26427]
[26428 26838]
[26839 26899]
