[  0 260]
[261 317]
[318 354]
[355 384]
[385 415]
[416 444]
[445 471]
[472 499]
[500 538]
[539 560]
[561 568]
[569 606]
[607 637]
[638 664]
[665 693]
[694 737]
[738 770]
[771 802]
[803 903]
[ 904 1123]
[1124 1226]
[1227 1346]
[1347 1463]
[1464 1553]
[1554 1645]
[1646 1754]
[1755 1807]
[1808 2323]
[2324 2387]
[2388 2434]
[2435 2483]
[2484 2528]
[2529 2576]
[2577 2605]
[2606 2652]
[2653 2673]
[2674 2716]
[2717 2849]
[2850 2891]
[2892 2939]
[2940 2981]
[2982 3042]
[3043 3108]
[3109 3142]
[3143 3286]
[3287 3320]
[3321 3356]
[3357 3394]
[3395 3443]
[3444 3494]
[3495 3548]
[3549 3613]
[3614 3670]
[3671 3731]
[3732 3787]
[3788 3829]
[3830 3882]
[3883 4243]
[4244 4330]
[4331 4401]
[4402 4484]
[4485 4578]
[4579 4651]
[4652 4702]
[4703 4758]
[4759 4799]
[4800 4846]
[4847 4911]
[4912 5012]
[5013 5091]
[5092 5170]
[5171 5232]
[5233 5327]
[5328 5847]
[5848 5934]
[5935 6020]
[6021 6106]
[6107 6196]
[6197 6328]
[6329 6403]
[6404 6486]
[6487 6613]
[6614 6696]
[6697 6774]
[6775 6852]
[6853 6932]
[6933 6997]
[6998 7064]
[7065 7149]
[7150 7226]
[7227 7945]
[7946 8004]
[8005 8113]
[8114 8358]
[8359 8553]
[8554 8751]
[8752 8814]
[8815 8850]
[8851 8891]
[8892 8931]
[8932 8976]
[8977 9032]
[9033 9097]
[9098 9194]
[ 9195 10081]
[10082 10235]
[10236 10397]
[10398 10563]
[10564 10856]
[10857 11037]
[11038 11162]
[11163 11283]
[11284 11508]
[11509 11893]
[11894 11983]
[11984 12217]
[12218 12347]
[12348 12449]
[12450 12492]
[12493 12617]
[12618 12691]
[12692 12738]
[12739 12950]
[12951 13080]
[13081 13210]
[13211 13340]
[13341 13465]
[13466 13601]
[13602 13731]
[13732 13828]
[13829 13924]
[13925 14007]
[14008 14065]
[14066 14351]
[14352 14551]
[14552 14721]
[14722 14840]
[14841 14932]
[14933 15016]
[15017 15105]
[15106 15215]
[15216 15270]
[15271 15342]
[15343 15680]
[15681 15832]
[15833 15907]
[15908 16011]
[16012 16188]
[16189 16228]
[16229 16391]
[16392 16464]
[16465 16600]
[16601 16686]
[16687 16913]
[16914 16984]
[16985 17130]
[17131 17190]
[17191 17229]
[17230 17270]
[17271 17310]
[17311 17346]
[17347 17373]
[17374 17390]
[17391 17421]
[17422 17477]
[17478 17579]
[17580 18014]
[18015 18104]
[18105 18212]
[18213 18314]
[18315 18481]
[18482 18577]
[18578 18624]
[18625 18667]
[18668 18770]
[18771 18857]
[18858 18965]
[18966 19032]
[19033 19403]
[19404 19563]
[19564 19828]
[19829 19967]
[19968 20150]
[20151 20347]
[20348 20390]
[20391 20532]
[20533 21033]
[21034 21079]
[21080 21110]
[21111 21156]
[21157 21350]
[21351 21505]
[21506 21626]
[21627 21720]
[21721 21762]
[21763 21810]
[21811 21827]
[21828 21891]
[21892 21982]
[21983 22091]
[22092 22171]
[22172 22204]
[22205 22576]
[22578 22633]
[22634 22660]
[22661 22705]
[22706 22741]
[22742 22776]
[22777 22824]
[22825 22885]
[22886 22928]
[22929 23039]
[23040 23079]
[23080 23117]
[23118 23153]
[23154 23196]
[23197 23244]
[23245 23295]
[23296 23358]
[23359 23395]
[23396 23437]
[23438 23499]
[23500 23742]
[23743 23834]
[23835 24095]
[24096 24305]
[24306 24414]
[24415 24493]
[24494 24789]
[24790 24867]
[24868 25042]
[25043 25192]
[25194 25270]
[25271 25434]
[25435 25624]
[25625 25700]
[25701 25725]
[25726 25814]
[25815 25964]
[25965 26116]
[26117 26239]
[26240 26315]
[26316 26464]
[26465 26506]
[26507 26617]
[26618 26804]
[26805 26893]
[26894 26990]
[26991 27109]
[27110 27261]
[27262 27341]
[27342 27413]
[27414 27529]
[27530 27809]
[27810 27865]
[27866 27960]
[27961 28324]
[28325 28399]
