[ 0 14]
[ 15 309]
[310 360]
[361 396]
[397 426]
[427 454]
[455 487]
[488 510]
[511 543]
[544 577]
[578 611]
[612 648]
[649 679]
[680 706]
[707 736]
[737 769]
[770 804]
[805 833]
[834 939]
[ 940 1617]
[1618 1658]
[1659 1693]
[1694 1738]
[1739 1789]
[1790 1829]
[1830 1868]
[1869 2024]
[2025 2069]
[2070 2092]
[2093 2123]
[2124 2155]
[2156 2192]
[2193 2250]
[2251 2285]
[2286 2319]
[2320 2363]
[2364 2396]
[2397 2417]
[2418 2527]
[2528 2567]
[2568 2605]
[2606 2733]
[2734 2782]
[2783 2868]
[2869 2927]
[2928 2986]
[2987 3031]
[3032 3060]
[3061 3106]
[3107 3138]
[3139 3213]
[3214 3571]
[3572 3750]
[3751 3817]
[3818 3946]
[3947 3996]
[3997 4110]
[4111 4214]
[4215 4309]
[4310 4395]
[4396 4479]
[4480 4574]
[4575 4661]
[4662 4704]
[4705 5288]
[5289 5358]
[5359 5442]
[5443 5513]
[5514 5571]
[5572 5639]
[5640 5702]
[5703 5736]
[5737 5790]
[5791 5820]
[5821 5923]
[5924 5981]
[5982 6049]
[6050 6073]
[6074 6129]
[6130 6177]
[6178 6201]
[6202 6293]
[6294 6350]
[6351 6478]
[6479 6549]
[6550 6624]
[6625 6730]
[6731 6769]
[6770 6835]
[6836 6908]
[6909 6954]
[6955 7128]
[7129 7202]
[7203 7470]
[7471 7532]
[7533 7587]
[7588 7652]
[7653 7728]
[7729 7813]
[7814 7868]
[7869 7939]
[7940 8137]
[8138 8181]
[8182 8212]
[8213 8251]
[8252 8295]
[8296 8345]
[8346 8434]
[8435 8525]
[8526 8770]
[8771 8805]
[8806 8826]
[8827 8868]
[8869 8914]
[8915 8967]
[8968 9036]
[9037 9087]
[9088 9134]
[9135 9175]
[9176 9216]
[9217 9281]
[9282 9326]
[9327 9382]
[9383 9484]
[9485 9753]
[9754 9833]
[9834 9952]
[ 9953 10033]
[10034 10101]
[10102 10154]
[10155 10205]
[10206 10263]
[10264 10323]
[10324 10373]
[10374 10583]
[10584 10670]
[10671 10803]
[10804 10898]
[10899 10965]
[10966 11104]
[11105 11249]
[11250 11475]
[11476 11581]
[11582 11876]
[11877 11940]
[11941 12020]
[12021 12086]
[12087 12171]
[12172 12244]
[12245 12332]
[12333 12459]
[12460 12504]
[12505 12559]
[12560 12649]
[12650 12932]
[12933 13006]
[13007 13075]
[13076 13171]
[13172 13434]
[13435 13495]
[13496 13540]
[13541 13606]
[13607 13744]
[13745 13887]
[13888 13935]
[13936 14163]
[14164 14536]
[14537 14832]
[14833 15025]
[15026 15076]
[15077 15123]
[15124 15164]
[15165 15205]
[15206 15252]
[15253 15285]
[15286 15327]
[15328 15367]
[15368 15467]
[15468 16132]
[16133 16196]
[16197 16285]
[16286 16385]
[16386 16443]
[16444 16495]
[16496 16567]
[16568 16610]
[16611 16650]
[16651 16749]
[16750 16797]
[16798 16849]
[16850 16969]
[16970 17118]
[17119 17170]
[17171 17467]
[17468 17696]
[17697 17818]
[17819 17884]
[17885 17984]
[17986 18086]
[18087 18181]
[18182 18250]
[18251 18311]
[18312 18391]
[18392 18621]
[18622 18930]
[18931 19114]
[19115 19277]
[19278 19347]
[19348 19427]
[19428 19577]
[19578 19697]
[19698 19721]
[19722 19790]
[19791 19878]
[19879 19919]
[19920 19962]
[19963 20306]
[20307 20345]
[20346 20404]
[20405 20531]
[20532 20608]
[20609 20684]
[20685 20732]
[20733 20786]
[20787 20837]
[20838 20890]
[20891 21019]
[21020 21056]
[21057 21096]
[21097 21116]
[21117 21164]
[21165 21214]
[21215 21259]
[21260 21307]
[21308 21325]
[21326 21372]
[21373 21426]
[21427 21483]
[21484 21805]
[21806 21849]
[21850 21897]
[21898 21961]
[21962 22025]
[22026 22064]
[22065 22133]
[22134 22190]
[22191 22234]
[22235 22288]
[22289 22318]
[22319 22361]
[22362 22408]
[22409 22448]
[22449 22491]
[22492 22564]
[22565 22619]
[22620 22697]
[22698 22756]
[22757 22876]
[22877 22923]
[22924 22972]
[22973 23022]
[23023 23078]
[23079 23509]
[23510 23544]
[23545 23587]
[23588 23742]
[23743 23865]
[23866 24073]
[24074 24114]
[24115 24229]
[24230 24293]
[24294 24395]
[24396 24516]
[24517 24535]
[24536 24587]
[24588 24624]
[24625 24759]
[24760 24823]
[24824 24890]
[24891 24943]
[24944 25103]
[25104 25153]
[25154 25222]
[25223 25311]
[25312 25416]
[25417 25619]
[25620 25677]
[25678 25731]
[25732 25771]
[25772 25811]
[25812 25877]
[25878 25957]
[25958 25995]
[25996 26299]
[26300 26368]
[26369 26411]
[26412 26453]
[26454 26544]
[26545 26598]
[26599 26669]
[26670 26686]
[26687 26695]
[26696 26704]
[26705 26713]
[26714 26726]
[26727 26799]
[26800 26808]
[26809 26826]
[26827 26851]
[26852 26900]
[26901 26914]
[26915 26923]
[26924 26932]
[26933 26937]
[26938 26986]
[26987 27057]
[27058 27107]
[27108 27163]
[27164 27201]
[27202 27510]
[27511 27545]
[27546 27624]
[27625 27670]
[27671 27769]
[27770 27825]
[27826 27906]
[27907 27951]
[27952 28015]
[28016 28119]
[28120 28234]
[28235 28304]
[28305 28357]
[28358 28397]
[28398 28444]
[28445 28783]
[28784 28849]
