[ 0 21]
[ 23 348]
[349 401]
[402 437]
[438 467]
[468 495]
[496 528]
[529 554]
[555 584]
[585 618]
[619 652]
[653 689]
[690 720]
[721 747]
[748 771]
[772 833]
[ 834 1364]
[1365 1412]
[1413 1446]
[1447 1511]
[1512 1556]
[1557 1616]
[1617 1673]
[1674 1729]
[1730 1761]
[1762 1829]
[1830 1899]
[1900 1959]
[1960 2069]
[2070 2126]
[2127 2196]
[2197 2250]
[2251 2320]
[2321 2376]
[2377 2438]
[2439 2499]
[2500 2583]
[2584 2637]
[2638 2679]
[2680 2732]
[2733 2845]
[2846 2888]
[2889 3251]
[3252 3332]
[3333 3402]
[3403 3468]
[3469 3523]
[3524 3588]
[3589 3651]
[3652 3715]
[3716 3782]
[3783 4029]
[4030 4123]
[4124 4189]
[4190 4252]
[4253 4334]
[4335 4387]
[4388 4434]
[4435 4498]
[4499 4550]
[4551 4874]
[4875 4922]
[4923 4993]
[4994 5043]
[5044 5100]
[5101 5144]
[5145 5208]
[5209 5267]
[5268 5325]
[5326 5395]
[5396 5456]
[5457 5508]
[5509 5587]
[5588 5685]
[5686 5815]
[5816 5911]
[5912 6097]
[6098 6149]
[6150 6217]
[6218 6257]
[6258 6307]
[6308 6343]
[6344 6400]
[6401 6804]
[6805 7551]
[7552 7635]
[7636 7700]
[7701 7747]
[7748 7803]
[7804 7859]
[7860 7912]
[7913 8010]
[8011 8056]
[8057 8105]
[8106 8250]
[8251 8426]
[8427 8578]
[8579 8714]
[8715 8842]
[8843 8886]
[8887 8962]
[8963 8974]
[8975 9007]
[9008 9288]
[9289 9356]
[9357 9408]
[9409 9479]
[9480 9551]
[9552 9620]
[9621 9722]
[9723 9807]
[9808 9874]
[9875 9934]
[9935 9986]
[ 9987 10079]
[10080 10152]
[10153 10215]
[10216 10254]
[10255 10304]
[10305 10344]
[10345 10461]
[10462 10597]
[10598 10664]
[10665 10748]
[10749 10868]
[10869 10919]
[10920 10966]
[10967 11007]
[11008 11048]
[11049 11113]
[11114 11201]
[11202 11315]
[11316 11704]
[11705 11784]
[11785 11894]
[11895 12034]
[12035 12162]
[12163 12332]
[12333 12479]
[12480 12579]
[12580 12716]
[12717 12781]
[12782 12836]
[12837 12976]
[12977 13081]
[13082 13416]
[13417 13643]
[13644 13767]
[13768 13907]
[13908 13998]
[13999 14123]
[14124 14252]
[14253 14417]
[14418 14449]
[14450 14509]
[14510 14593]
[14594 14749]
[14750 14828]
[14829 14885]
[14886 15202]
[15203 15270]
[15271 15312]
[15313 15374]
[15375 15415]
[15416 15457]
[15458 15515]
[15516 15581]
[15582 15649]
[15650 15711]
[15712 15766]
[15767 15834]
[15835 15874]
[15875 15927]
[15928 15974]
[15975 16001]
[16002 16027]
[16028 16352]
[16353 16418]
[16419 16473]
[16474 16489]
[16490 16528]
[16529 16605]
[16606 16692]
[16693 16775]
[16776 16833]
[16834 16905]
[16906 16970]
[16971 17059]
[17060 17393]
[17394 17448]
[17449 17487]
[17488 17587]
[17588 17622]
[17623 17680]
[17681 17761]
[17762 17819]
[17820 17876]
[17877 17949]
[17950 17988]
[17989 18064]
[18065 18128]
[18129 18159]
[18160 18337]
[18338 18555]
[18556 18783]
[18784 18888]
[18889 19149]
[19150 19210]
[19211 19267]
[19268 19329]
[19330 19395]
[19396 19460]
[19461 19533]
[19534 19593]
[19594 19820]
[19821 19918]
[19919 19995]
[19996 20086]
[20087 20165]
[20166 20250]
[20251 20309]
[20310 20381]
[20382 20421]
[20422 20765]
[20766 20836]
[20837 20887]
[20888 20951]
[20952 21016]
[21017 21189]
[21190 21234]
[21235 21401]
[21402 21447]
[21448 21498]
[21499 21537]
[21538 21592]
[21593 21643]
[21644 21697]
[21698 21735]
[21736 21873]
[21874 21994]
[21995 22045]
[22046 22089]
[22090 22448]
[22449 22544]
[22545 22685]
[22686 22819]
[22820 22936]
[22937 23050]
[23051 23151]
[23152 23281]
[23282 23341]
[23342 23486]
[23487 23612]
[23613 23707]
[23708 23823]
[23824 23958]
[23959 24210]
[24211 24282]
[24283 24411]
[24412 24476]
[24477 24527]
[24528 24586]
[24587 24672]
[24673 24742]
[24743 24789]
[24790 24848]
[24849 24908]
[24909 24968]
[24969 25070]
[25071 25144]
[25145 25503]
[25504 25559]
[25560 25612]
[25613 25658]
[25659 25703]
[25704 25752]
[25753 25799]
[25800 25911]
[25912 25968]
[25969 26018]
[26019 26183]
[26184 26311]
[26312 26374]
[26375 26431]
[26432 26484]
[26485 26546]
[26547 26768]
[26769 26823]
[26824 26893]
[26894 27016]
[27017 27095]
[27096 27164]
[27165 27239]
[27240 27276]
[27277 27320]
[27321 27359]
[27360 27400]
[27401 27447]
[27448 27491]
[27492 27534]
[27535 27577]
[27578 27620]
[27621 27802]
[27803 27844]
[27845 27879]
[27880 27941]
[27942 28003]
[28004 28049]
[28050 28094]
[28095 28429]
[28430 28499]
