[  0 261]
[262 314]
[315 361]
[362 389]
[390 415]
[416 443]
[444 494]
[495 531]
[532 567]
[568 605]
[606 649]
[650 686]
[687 741]
[ 742 1215]
[1216 1294]
[1295 1366]
[1367 1426]
[1427 1487]
[1488 1564]
[1565 1630]
[1631 1683]
[1684 1906]
[1907 2064]
[2065 2123]
[2124 2180]
[2181 2246]
[2247 2298]
[2299 2355]
[2356 2423]
[2424 2494]
[2495 2551]
[2552 2613]
[2614 2683]
[2684 2742]
[2743 2792]
[2793 3047]
[3048 3119]
[3120 3176]
[3177 3221]
[3222 3271]
[3272 3296]
[3297 3366]
[3367 3405]
[3406 3438]
[3439 3496]
[3497 3545]
[3546 3589]
[3590 3634]
[3635 3685]
[3686 3753]
[3754 3824]
[3825 3859]
[3860 3938]
[3939 3973]
[3974 4039]
[4040 4067]
[4068 4130]
[4131 4564]
[4565 4635]
[4636 4686]
[4687 4744]
[4745 4786]
[4787 4832]
[4833 5097]
[5098 5260]
[5261 5433]
[5434 5471]
[5472 5503]
[5504 5535]
[5536 5565]
[5566 5598]
[5599 5650]
[5651 5681]
[5682 5763]
[5764 5827]
[5828 5875]
[5876 5910]
[5911 5956]
[5957 5981]
[5982 6014]
[6015 6056]
[6057 6554]
[6555 6599]
[6600 6638]
[6639 6673]
[6674 6731]
[6732 6760]
[6761 6829]
[6830 6893]
[6894 6945]
[6946 6996]
[6997 7022]
[7023 7063]
[7064 7115]
[7116 7180]
[7181 7233]
[7234 7293]
[7294 7334]
[7335 7368]
[7369 7411]
[7412 7474]
[7475 7537]
[7538 7569]
[7570 7658]
[7659 7729]
[7730 7809]
[7810 7865]
[7866 7931]
[7932 7979]
[7980 8014]
[8015 8047]
[8048 8530]
[8531 8589]
[8590 8644]
[8645 8700]
[8701 8752]
[8753 8810]
[8811 8851]
[8852 8915]
[8916 8978]
[8979 9009]
[9010 9108]
[9109 9173]
[9174 9243]
[9244 9268]
[9269 9326]
[9327 9356]
[9357 9481]
[9482 9587]
[9588 9644]
[9645 9718]
[9719 9738]
[9739 9781]
[9782 9840]
[9841 9891]
[9892 9935]
[9936 9990]
[ 9991 10020]
[10021 10084]
[10085 10188]
[10189 10573]
[10574 10640]
[10641 10708]
[10709 10763]
[10764 10799]
[10800 10826]
[10827 10879]
[10880 10934]
[10935 10977]
[10978 11104]
[11105 11116]
[11117 11193]
[11194 11236]
[11237 11294]
[11295 11309]
[11310 11359]
[11360 11420]
[11421 11479]
[11480 11560]
[11561 11585]
[11586 11633]
[11634 11676]
[11677 11724]
[11725 11785]
[11786 11791]
[11792 11853]
[11854 11924]
[11925 11989]
[11990 12043]
[12044 12099]
[12100 12154]
[12155 12217]
[12218 12281]
[12282 12348]
[12349 12424]
[12425 12544]
[12545 12963]
[12964 13013]
[13014 13072]
[13073 13170]
[13171 13247]
[13248 13293]
[13294 13414]
[13415 13472]
[13473 13527]
[13528 13569]
[13570 13661]
[13662 13695]
[13696 13744]
[13745 13857]
[13858 13916]
[13917 14222]
[14223 14332]
[14333 14404]
[14405 14463]
[14464 14517]
[14518 14587]
[14588 14658]
[14659 14722]
[14723 14777]
[14778 14836]
[14837 15028]
[15029 15092]
[15093 15189]
[15190 15466]
[15467 15522]
[15523 15613]
[15614 15693]
[15694 15774]
[15775 15824]
[15825 15880]
[15881 15937]
[15938 16029]
[16030 16088]
[16089 16176]
[16177 16242]
[16243 16295]
[16296 16349]
[16350 16389]
[16390 16433]
[16434 16465]
[16466 16516]
[16517 16907]
[16908 16975]
[16976 17039]
[17040 17105]
[17106 17165]
[17166 17225]
[17226 17285]
[17286 17343]
[17344 17396]
[17397 17465]
[17466 17531]
[17532 17574]
[17575 17625]
[17626 17703]
[17704 17771]
[17772 17829]
[17830 17895]
[17896 17948]
[17949 18013]
[18014 18068]
[18069 18130]
[18131 18183]
[18184 18248]
[18249 18315]
[18316 18388]
[18389 18695]
[18696 18772]
[18773 18854]
[18855 18939]
[18940 19023]
[19024 19102]
[19103 19173]
[19174 19249]
[19250 19327]
[19328 19418]
[19419 19501]
[19502 19578]
[19579 19656]
[19657 19739]
[19740 19814]
[19815 19891]
[19892 19968]
[19969 20324]
[20325 20375]
[20376 20448]
[20449 20524]
[20525 20602]
[20603 20665]
[20666 20723]
[20724 20787]
[20788 20991]
[20992 21066]
[21067 21114]
[21115 21174]
[21175 21345]
[21346 21405]
[21406 21472]
[21473 21519]
[21520 21577]
[21578 21645]
[21646 21739]
[21740 21787]
[21788 21928]
[21929 22032]
[22033 22089]
[22090 22142]
[22143 22194]
[22195 22253]
[22254 22308]
[22309 22367]
[22368 22423]
[22424 22480]
[22481 22536]
[22537 22599]
[22600 22661]
[22662 22724]
[22725 22784]
[22785 22850]
[22851 22917]
[22918 23016]
[23017 23087]
[23088 23153]
[23154 23211]
[23212 23254]
[23255 23298]
[23299 23340]
[23341 23407]
[23408 23446]
[23447 23486]
[23487 23825]
[23826 23932]
[23933 24064]
[24065 24140]
[24141 24270]
[24271 24296]
[24297 24367]
[24368 24420]
[24421 24472]
[24473 24514]
[24515 24619]
[24620 24687]
[24688 24763]
[24764 24811]
[24812 25178]
[25180 25249]
