[  0 268]
[269 324]
[325 351]
[352 365]
[366 384]
[385 398]
[399 418]
[419 432]
[433 452]
[453 483]
[484 509]
[510 539]
[540 575]
[576 586]
[587 621]
[622 644]
[645 761]
[ 762 1379]
[1380 1439]
[1440 1501]
[1502 1542]
[1543 1587]
[1588 1663]
[1664 1718]
[1719 1789]
[1790 1856]
[1857 1923]
[1924 1999]
[2000 2054]
[2055 2114]
[2115 2156]
[2157 2212]
[2213 2280]
[2281 2335]
[2336 2378]
[2379 2422]
[2423 2463]
[2464 2999]
[3000 3046]
[3047 3102]
[3103 3167]
[3168 3219]
[3220 3310]
[3311 3364]
[3365 3401]
[3402 3428]
[3429 3477]
[3478 3523]
[3524 3561]
[3562 3619]
[3620 3671]
[3672 3709]
[3710 3739]
[3740 3767]
[3768 3882]
[3883 3937]
[3938 3990]
[3991 4040]
[4041 4278]
[4279 4303]
[4304 4343]
[4344 4386]
[4387 4439]
[4440 4485]
[4486 4523]
[4524 4567]
[4568 4612]
[4613 4915]
[4916 4931]
[4932 4952]
[4953 4979]
[4980 5009]
[5010 5041]
[5042 5061]
[5062 5075]
[5076 5095]
[5096 5133]
[5134 5162]
[5163 5190]
[5191 5219]
[5220 5275]
[5276 5327]
[5328 5391]
[5392 5445]
[5446 5499]
[5500 5549]
[5550 5619]
[5620 5688]
[5689 5757]
[5758 5814]
[5815 5887]
[5888 5941]
[5942 6003]
[6004 6043]
[6044 6088]
[6089 6138]
[6139 6180]
[6181 6224]
[6225 6302]
[6303 6847]
[6848 6881]
[6882 6946]
[6947 7014]
[7015 7082]
[7083 7148]
[7149 7193]
[7194 7253]
[7254 7348]
[7349 7434]
[7435 7454]
[7455 8168]
[8169 8228]
[8229 8284]
[8285 8329]
[8330 8392]
[8393 8446]
[8447 8540]
[8541 8661]
[8662 8736]
[8737 8798]
[8799 8865]
[8866 9003]
[9004 9076]
[9077 9148]
[9149 9202]
[9203 9250]
[9251 9451]
[9452 9516]
[9517 9544]
[9545 9585]
[9586 9623]
[9624 9642]
[9643 9697]
[9698 9747]
[9748 9778]
[9779 9802]
[9803 9843]
[9844 9873]
[9874 9962]
[ 9963 10226]
[10227 10349]
[10350 10459]
[10460 10521]
[10522 10572]
[10573 10657]
[10658 10692]
[10693 11096]
[11097 11163]
[11164 11243]
[11244 11352]
[11353 11418]
[11419 11488]
[11489 11593]
[11594 11674]
[11675 11742]
[11743 11819]
[11820 11879]
[11880 12301]
[12302 12702]
[12703 12866]
[12867 13021]
[13022 13407]
[13408 13523]
[13524 13667]
[13668 13995]
[13996 14084]
[14085 14162]
[14163 14233]
[14234 14323]
[14324 14382]
[14383 14437]
[14438 14494]
[14495 14539]
[14540 14595]
[14596 14638]
[14639 14683]
[14684 14730]
[14731 14866]
[14867 14924]
[14925 14952]
[14953 14993]
[14994 15031]
[15032 15068]
[15069 15105]
[15106 15157]
[15158 15197]
[15198 15223]
[15224 15244]
[15245 15257]
[15258 15366]
[15367 15784]
[15785 15819]
[15820 15897]
[15898 15953]
[15954 16017]
[16018 16060]
[16061 16129]
[16130 16182]
[16183 16251]
[16252 16312]
[16313 16535]
[16536 16594]
[16595 16671]
[16672 16769]
[16770 16848]
[16849 17167]
[17168 17238]
[17239 17291]
[17292 17415]
[17416 17469]
[17470 17567]
[17568 17645]
[17646 17752]
[17753 17835]
[17836 17923]
[17924 18010]
[18011 18091]
[18092 18160]
[18161 18226]
[18227 18272]
[18273 18368]
[18369 18441]
[18442 18537]
[18538 18747]
[18748 18833]
[18834 18911]
[18912 19136]
[19137 19208]
[19209 19467]
[19468 19514]
[19515 19583]
[19584 19638]
[19639 19701]
[19702 19782]
[19783 19893]
[19894 20166]
[20167 20263]
[20264 20290]
[20291 20339]
[20340 20426]
[20427 20473]
[20474 20610]
[20611 20680]
[20681 20755]
[20756 20796]
[20797 21173]
[21174 21279]
[21280 21331]
[21332 21411]
[21412 21461]
[21462 21555]
[21556 21594]
[21595 21607]
[21608 21646]
[21647 21675]
[21676 21713]
[21714 21757]
[21758 21837]
[21838 21973]
[21974 22020]
[22021 22066]
[22067 22127]
[22128 22194]
[22195 22238]
[22239 22325]
[22326 22653]
[22654 22749]
