[0 1]
[  2 359]
[360 423]
[424 460]
[461 496]
[497 521]
[522 551]
[552 583]
[584 600]
[601 618]
[619 649]
[650 675]
[676 720]
[721 761]
[762 795]
[796 841]
[ 842 1198]
[1200 1247]
[1248 1299]
[1300 1340]
[1341 1381]
[1382 1442]
[1443 1510]
[1511 1576]
[1577 1651]
[1652 1710]
[1711 1801]
[1802 1885]
[1886 1957]
[1958 2044]
[2045 2129]
[2130 2190]
[2191 2238]
[2239 2265]
[2266 2314]
[2315 2335]
[2336 2366]
[2367 2380]
[2381 2798]
[2799 2837]
[2838 2868]
[2869 2899]
[2900 2953]
[2954 3010]
[3011 3033]
[3034 3069]
[3070 3099]
[3100 3137]
[3138 3194]
[3195 3223]
[3224 3291]
[3292 3375]
[3376 3426]
[3427 3465]
[3466 3497]
[3498 3527]
[3528 3642]
[3643 3673]
[3674 3713]
[3714 3743]
[3744 4361]
[4362 4370]
[4371 4488]
[4489 4495]
[4496 4781]
[4782 4864]
[4865 4939]
[4940 4987]
[4988 5077]
[5078 5146]
[5147 5188]
[5189 5250]
[5251 5293]
[5294 5343]
[5344 5384]
[5385 5527]
[5528 5565]
[5566 5627]
[5628 5673]
[5674 5753]
[5754 5789]
[5790 5810]
[5811 5846]
[5847 5913]
[5914 5976]
[5977 6042]
[6043 6150]
[6151 6194]
[6195 6245]
[6246 6326]
[6327 6369]
[6370 6409]
[6410 6458]
[6459 6535]
[6536 6607]
[6608 6644]
[6645 6696]
[6697 6767]
[6768 6903]
[6904 7215]
[7216 7286]
[7287 7351]
[7352 7477]
[7478 7506]
[7507 7601]
[7602 7663]
[7664 7731]
[7732 7797]
[7798 7920]
[7922 7971]
[7972 8038]
[8039 8076]
[8077 8116]
[8117 8152]
[8153 8185]
[8186 8218]
[8219 8269]
[8270 8326]
[8327 8363]
[8364 8407]
[8408 8484]
[8485 8729]
[8730 8771]
[8772 8846]
[8847 9005]
[9006 9415]
[9416 9458]
[9459 9546]
[9547 9596]
[9597 9651]
[9652 9839]
[9840 9992]
[ 9993 10033]
[10034 10077]
[10078 10113]
[10114 10378]
[10379 10467]
[10468 10510]
[10511 10565]
[10566 10629]
[10630 10702]
[10703 10797]
[10798 10842]
[10843 10876]
[10877 10923]
[10924 11016]
[11017 11075]
[11076 11146]
[11147 11212]
[11213 11330]
[11331 11654]
[11655 11743]
[11744 11754]
[11755 11803]
[11804 11856]
[11857 11890]
[11891 12000]
[12001 12062]
[12063 12214]
[12215 12393]
[12394 12447]
[12448 12476]
[12477 12541]
[12542 12588]
[12589 12607]
[12608 12648]
[12649 12716]
[12717 13084]
[13085 13155]
[13156 13232]
[13233 13307]
[13308 13385]
[13386 13447]
[13448 13641]
[13642 13681]
[13682 13756]
[13757 13802]
[13803 13873]
[13874 13910]
[13911 14000]
[14001 14131]
[14132 14273]
[14274 14314]
[14315 14351]
[14352 14395]
[14396 14480]
[14481 14521]
[14522 14579]
[14580 14623]
[14624 14655]
[14656 15034]
[15035 15051]
[15052 15073]
[15074 15077]
[15078 15170]
[15171 15365]
[15366 15474]
[15475 15571]
[15572 15671]
[15672 15751]
[15752 15846]
[15847 15917]
[15918 15989]
[15990 16083]
[16084 16153]
[16154 16200]
[16201 16288]
[16289 16320]
[16321 16362]
[16363 16422]
[16423 16450]
[16451 16491]
[16492 16513]
[16514 16548]
[16549 16603]
[16604 16639]
[16640 16655]
[16656 16696]
[16697 16741]
[16742 16775]
[16776 16800]
[16801 16858]
[16859 17162]
[17163 17307]
[17308 17439]
[17440 17553]
[17554 17608]
[17609 17787]
[17788 17893]
[17894 17972]
[17973 18133]
[18134 18274]
[18275 18347]
[18348 18655]
[18657 18832]
[18833 18955]
[18956 19000]
[19001 19068]
[19069 19153]
[19154 19196]
[19197 19467]
[19468 19919]
[19921 20186]
[20187 20404]
[20405 20649]
[20651 20916]
[20917 21250]
[21251 21289]
[21290 21360]
[21361 21408]
[21409 21499]
[21500 21601]
[21602 21648]
[21649 21671]
[21672 21722]
[21723 21766]
[21767 21806]
[21807 21890]
[21891 22054]
[22055 22119]
[22120 22257]
[22258 22354]
[22355 22686]
[22687 22782]
[22783 22883]
[22884 23052]
[23053 23139]
[23140 23212]
[23213 23271]
[23272 23358]
[23359 23473]
[23474 23533]
[23534 23597]
[23598 23672]
[23673 23768]
[23769 23941]
[23942 24065]
[24066 24417]
[24418 24479]
[24480 24530]
[24531 24564]
[24565 24602]
[24603 24647]
[24648 24719]
[24720 24766]
[24767 24832]
[24833 24896]
[24897 24925]
[24926 24976]
[24977 24999]
[25000 25081]
[25082 25106]
[25107 25143]
[25144 25194]
[25195 25274]
[25275 25320]
[25321 25351]
[25352 25426]
[25427 25676]
[25677 25763]
[25764 25820]
[25821 25865]
[25866 25921]
[25922 25974]
[25975 26027]
[26028 26088]
[26089 26172]
[26173 26232]
[26233 26286]
[26287 26336]
[26337 26393]
[26394 26452]
[26453 26556]
[26557 26595]
[26596 26631]
[26632 26666]
[26667 26700]
[26701 26761]
[26762 26814]
[26815 26852]
[26853 26914]
[26915 26955]
[26956 27010]
[27011 27374]
[27375 27471]
[27472 27578]
[27579 27601]
[27602 27660]
[27661 27713]
[27714 27772]
[27773 27871]
[27872 27981]
[27982 28038]
[28039 28113]
[28114 28202]
[28203 28289]
[28290 28363]
[28364 28413]
[28414 28502]
[28503 28558]
[28559 28619]
[28620 28680]
[28681 28729]
[28730 28766]
[28767 28787]
[28788 29214]
[29215 29299]
