[  0 389]
[390 445]
[446 492]
[493 533]
[534 574]
[575 616]
[617 658]
[659 696]
[697 747]
[748 782]
[783 819]
[820 870]
[ 871 1287]
[1288 1373]
[1374 1429]
[1430 1491]
[1492 1566]
[1567 1618]
[1619 1654]
[1655 1728]
[1729 1804]
[1805 1885]
[1886 1964]
[1965 2030]
[2031 2099]
[2100 2150]
[2151 2191]
[2192 2232]
[2233 2281]
[2282 2473]
[2474 2539]
[2540 2863]
[2864 2893]
[2894 2953]
[2954 3028]
[3029 3087]
[3088 3111]
[3112 3246]
[3247 3314]
[3315 3368]
[3369 3396]
[3397 3445]
[3446 3515]
[3516 3575]
[3576 3667]
[3668 3715]
[3716 3749]
[3750 3788]
[3789 3818]
[3819 4221]
[4222 4314]
[4315 4380]
[4381 4445]
[4446 4525]
[4526 4550]
[4551 4973]
[4974 5052]
[5053 5112]
[5113 5173]
[5174 5209]
[5210 5266]
[5267 5303]
[5304 5395]
[5396 5445]
[5446 5509]
[5510 5758]
[5759 5799]
[5800 5880]
[5881 5959]
[5960 6054]
[6055 6088]
[6089 6165]
[6166 6241]
[6242 6312]
[6313 6318]
[6319 6602]
[6603 6681]
[6682 6746]
[6747 6788]
[6789 6882]
[6883 6959]
[6960 7131]
[7132 7182]
[7183 7321]
[7322 7412]
[7413 7463]
[7464 7504]
[7505 7554]
[7555 8047]
[8048 8109]
[8110 8203]
[8204 8252]
[8253 8285]
[8286 8331]
[8332 8490]
[8491 8594]
[8595 8686]
[8687 8733]
[8734 8824]
[8825 8994]
[8995 9037]
[9038 9093]
[9094 9127]
[9128 9240]
[9241 9289]
[9290 9345]
[9346 9467]
[9468 9594]
[9595 9740]
[ 9741 10084]
[10085 10157]
[10158 10228]
[10229 10312]
[10313 10364]
[10365 10406]
[10407 10471]
[10472 10517]
[10518 10590]
[10591 10646]
[10647 10734]
[10735 10796]
[10797 10844]
[10845 10930]
[10931 10997]
[10998 11078]
[11079 11179]
[11180 11541]
[11542 11771]
[11772 11832]
[11833 11956]
[11957 12041]
[12042 12204]
[12205 12275]
[12276 12593]
[12594 12710]
[12711 12848]
[12849 13165]
[13166 13251]
[13252 13420]
[13421 13524]
[13525 13716]
[13717 13750]
[13751 13780]
[13781 13805]
[13806 13914]
[13915 13932]
[13933 14402]
[14403 14458]
[14459 14508]
[14509 14541]
[14542 14608]
[14609 14660]
[14661 14728]
[14729 14769]
[14770 14838]
[14839 14878]
[14879 14938]
[14939 14978]
[14979 15038]
[15039 15115]
[15116 15178]
[15179 15215]
[15216 15691]
[15692 16729]
[16730 16767]
[16768 16799]
[16800 16863]
[16864 16911]
[16912 17056]
[17057 17167]
[17168 17456]
[17457 17544]
[17545 17729]
[17730 17834]
[17835 18146]
[18147 18450]
[18451 18579]
[18580 18681]
[18682 18787]
[18788 18907]
[18908 19310]
[19311 19411]
[19412 19451]
[19452 19536]
[19537 19599]
[19600 19752]
[19753 19772]
[19773 19850]
[19851 19969]
[19970 20101]
[20102 20141]
[20142 20181]
[20182 20302]
[20303 20762]
[20763 20853]
[20854 20925]
[20926 20976]
[20977 21063]
[21064 21114]
[21115 21185]
[21186 21459]
[21460 21688]
[21689 21749]
[21750 21810]
[21811 21848]
[21849 21922]
[21923 22040]
[22042 22412]
[22413 22484]
[22485 22564]
[22565 22604]
[22605 22695]
[22696 22745]
[22746 22795]
[22796 22845]
[22846 22895]
[22896 22945]
[22946 22995]
[22996 23065]
[23066 23240]
[23241 23378]
[23379 23533]
[23534 23589]
[23590 23644]
[23645 23684]
[23685 23749]
[23750 23795]
[23797 24005]
[24006 24096]
[24098 24204]
[24205 24310]
[24311 24357]
[24358 24472]
[24473 24596]
[24597 24718]
[24719 24827]
[24828 24939]
[24940 25030]
[25031 25103]
[25104 25191]
[25192 25252]
[25253 25302]
[25303 25363]
[25364 25428]
[25429 25459]
[25460 25638]
[25639 25732]
[25733 25782]
[25783 25865]
[25866 25926]
[25927 26059]
[26060 26099]
[26100 26181]
[26182 26264]
[26265 26302]
[26303 26360]
[26361 26394]
[26395 26520]
[26521 26607]
[26608 26679]
[26680 26768]
[26769 26883]
[26884 27076]
[27077 27168]
[27169 27300]
[27301 27714]
[27715 27783]
[27784 27842]
[27843 27903]
[27904 28013]
[28014 28110]
[28112 28594]
[28595 28699]
