[  0 337]
[338 389]
[390 416]
[417 426]
[427 462]
[463 517]
[518 563]
[564 604]
[605 641]
[642 686]
[687 713]
[714 762]
[763 815]
[ 816 1226]
[1227 1250]
[1251 1350]
[1351 1421]
[1422 1531]
[1532 1665]
[1666 1769]
[1770 1803]
[1804 1994]
[1995 2078]
[2079 2137]
[2138 2181]
[2182 2245]
[2246 2990]
[2991 3226]
[3227 3375]
[3376 3759]
[3760 3835]
[3836 3885]
[3886 4012]
[4013 4041]
[4042 4103]
[4104 4118]
[4119 4160]
[4161 4204]
[4205 4250]
[4251 4282]
[4283 4333]
[4334 4419]
[4420 4551]
[4552 4612]
[4613 4669]
[4670 4733]
[4734 4785]
[4786 4834]
[4835 4870]
[4871 4912]
[4913 4952]
[4953 4999]
[5000 5035]
[5036 5083]
[5084 5122]
[5123 5203]
[5204 5250]
[5251 5370]
[5371 5650]
[5651 5711]
[5712 5774]
[5775 5795]
[5796 5820]
[5821 5926]
[5927 5987]
[5988 6039]
[6040 6060]
[6061 6124]
[6125 6330]
[6331 6399]
[6400 6443]
[6444 6482]
[6483 6553]
[6554 6581]
[6582 6670]
[6671 6738]
[6739 6805]
[6806 6844]
[6845 6876]
[6877 6942]
[6943 6995]
[6996 7033]
[7034 7099]
[7100 7139]
[7140 7175]
[7176 7226]
[7227 7283]
[7284 7440]
[7441 7648]
[7649 7821]
[7822 7901]
[7902 7964]
[7965 8034]
[8035 8105]
[8106 8188]
[8189 8299]
[8300 8387]
[8388 8448]
[8449 8514]
[8515 8538]
[8539 8576]
[8577 8674]
[8675 8788]
[8789 8913]
[8914 9029]
[9030 9144]
[9145 9390]
[9391 9553]
[9554 9777]
[9778 9902]
[ 9903 10027]
[10028 10141]
[10142 10463]
[10464 10520]
[10521 10566]
[10567 10634]
[10635 10705]
[10706 10796]
[10797 10819]
[10820 10890]
[10891 10964]
[10965 11035]
[11036 11105]
[11106 11166]
[11167 11243]
[11244 11549]
[11550 11742]
[11743 12063]
[12064 12126]
[12127 12310]
[12311 12646]
[12647 12691]
[12692 12834]
[12835 12916]
[12917 12995]
[12996 13053]
[13054 13135]
[13136 13265]
[13266 13319]
[13320 13377]
[13378 13439]
[13440 13467]
[13468 13539]
[13540 13562]
[13563 13620]
[13621 13672]
[13673 13711]
[13712 13750]
[13751 13780]
[13781 13881]
[13882 14325]
[14326 14381]
[14382 14434]
[14435 14510]
[14511 14602]
[14603 14729]
[14730 14803]
[14804 14844]
[14845 14976]
[14977 15097]
[15098 15269]
[15270 15567]
[15568 15719]
[15720 15819]
[15820 15958]
[15959 16046]
[16047 16115]
[16116 16237]
[16238 16287]
[16288 16345]
[16346 16410]
[16411 16423]
[16424 16488]
[16489 16525]
[16526 16564]
[16565 17003]
[17004 17053]
[17054 17087]
[17088 17147]
[17148 17198]
[17199 17297]
[17298 17441]
[17442 17510]
[17511 17637]
[17638 17703]
[17704 17777]
[17778 18124]
[18125 18267]
[18268 18344]
[18345 18391]
[18392 18435]
[18436 18458]
[18459 18496]
[18497 18556]
[18557 18623]
[18624 18759]
[18760 18811]
[18812 18883]
[18884 18996]
[18997 19186]
[19187 19570]
[19571 19615]
[19616 19678]
[19679 19765]
[19766 19832]
[19833 19901]
[19902 19978]
[19979 20052]
[20053 20101]
[20102 20156]
[20157 20284]
[20285 20345]
[20346 20405]
[20406 20491]
[20492 20598]
[20599 20937]
[20938 21119]
[21120 21243]
[21245 21440]
[21442 21669]
[21671 21821]
[21822 21945]
[21946 22132]
[22133 22186]
[22187 22245]
[22246 22249]
[22250 22351]
[22352 22480]
[22481 22599]
[22600 22641]
[22642 22684]
[22685 22757]
[22758 22813]
[22814 22892]
[22893 22956]
[22957 22986]
[22987 23036]
[23037 23068]
[23069 23112]
[23113 23212]
[23213 23289]
[23290 23307]
[23308 23394]
[23395 23492]
[23493 23611]
[23612 24024]
[24025 24083]
[24084 24212]
[24213 24263]
[24264 24394]
[24395 24451]
[24452 24521]
[24522 24634]
[24635 24779]
[24780 24832]
[24833 24872]
[24873 25251]
[25252 25349]
