[  0 311]
[312 363]
[364 403]
[404 432]
[433 454]
[455 473]
[474 490]
[491 529]
[530 562]
[563 590]
[591 614]
[615 659]
[660 696]
[697 739]
[740 780]
[781 822]
[823 851]
[852 947]
[ 948 1330]
[1331 1458]
[1459 1510]
[1511 1579]
[1580 1628]
[1629 1774]
[1775 1871]
[1872 1960]
[1961 2092]
[2093 2228]
[2229 2375]
[2376 2440]
[2441 2516]
[2517 2586]
[2587 2640]
[2641 2738]
[2739 2771]
[2772 2840]
[2841 2902]
[2903 2948]
[2949 2992]
[2993 3365]
[3366 3475]
[3476 3584]
[3586 3623]
[3624 3658]
[3659 3695]
[3696 3736]
[3737 3780]
[3781 3822]
[3823 3853]
[3854 3885]
[3886 3916]
[3917 3946]
[3947 3976]
[3977 4014]
[4015 4042]
[4043 4093]
[4094 4190]
[4191 4275]
[4276 4349]
[4350 4445]
[4446 4560]
[4561 4584]
[4585 4611]
[4612 4656]
[4657 4700]
[4701 4751]
[4752 4789]
[4790 4833]
[4834 4873]
[4874 5297]
[5298 5385]
[5386 5433]
[5434 5475]
[5476 5523]
[5524 5653]
[5654 5711]
[5712 5769]
[5770 5820]
[5821 5856]
[5857 6039]
[6040 6117]
[6118 6180]
[6181 6280]
[6281 6336]
[6337 6446]
[6447 6549]
[6550 6618]
[6619 6702]
[6703 6797]
[6798 6853]
[6854 7330]
[7331 7364]
[7365 7433]
[7434 7511]
[7512 7598]
[7599 7683]
[7684 7743]
[7744 7808]
[7809 7874]
[7875 7957]
[7958 8141]
[8142 8240]
[8241 8320]
[8321 8409]
[8410 8459]
[8460 8512]
[8513 8578]
[8579 8680]
[8681 8696]
[8697 8772]
[8774 8828]
[8829 8880]
[8881 8911]
[8912 8948]
[8949 8981]
[8982 9008]
[9009 9051]
[9052 9089]
[9090 9133]
[9134 9176]
[9177 9270]
[9271 9514]
[9515 9610]
[9611 9748]
[9749 9808]
[9809 9907]
[9908 9968]
[ 9969 10042]
[10043 10113]
[10114 10210]
[10211 10274]
[10275 10456]
[10457 10603]
[10604 10945]
[10946 11047]
[11048 11057]
[11058 11242]
[11243 11310]
[11311 11417]
[11418 11510]
[11511 11596]
[11597 11818]
[11819 12090]
[12091 12187]
[12188 12227]
[12228 12271]
[12272 12320]
[12321 12374]
[12375 12419]
[12420 12469]
[12470 12517]
[12518 12581]
[12582 12635]
[12636 12694]
[12695 12756]
[12757 12833]
[12834 12892]
[12893 13188]
[13189 13240]
[13241 13278]
[13279 13339]
[13340 13364]
[13365 13416]
[13417 13475]
[13476 13521]
[13522 13565]
[13566 13675]
[13676 13750]
[13751 13801]
[13802 13867]
[13868 13921]
[13922 14003]
[14004 14033]
[14034 14096]
[14097 14146]
[14147 14188]
[14189 14219]
[14220 14261]
[14262 14529]
[14530 14596]
[14597 14650]
[14651 14700]
[14701 14759]
[14760 14814]
[14815 14882]
[14883 14938]
[14939 15006]
[15007 15057]
[15058 15122]
[15123 15194]
[15195 15241]
[15242 15430]
[15431 15473]
[15474 15545]
[15546 15655]
[15656 15711]
[15712 15761]
[15762 15813]
[15814 15866]
[15867 15909]
[15910 16021]
[16022 16082]
[16083 16136]
[16137 16168]
[16169 16201]
[16202 16245]
[16246 16293]
[16294 16338]
[16339 16375]
[16376 16457]
[16458 16878]
[16879 16937]
[16938 17005]
[17006 17105]
[17106 17179]
[17180 17251]
[17252 17315]
[17316 17422]
[17423 17522]
[17523 17574]
[17575 17626]
[17627 17669]
[17670 17707]
[17708 17733]
[17734 17784]
[17785 17887]
[17888 18158]
[18160 18237]
[18238 18282]
[18283 18362]
[18363 18490]
[18491 18532]
[18533 18576]
[18577 18665]
[18666 18758]
[18759 18812]
[18813 18853]
[18854 18900]
[18901 18970]
[18971 19047]
[19048 19095]
[19096 19135]
[19136 19268]
[19269 19311]
[19312 19511]
[19512 19749]
[19750 19795]
[19796 19848]
[19849 19901]
[19902 19943]
[19944 19988]
[19989 20046]
[20047 20092]
[20093 20157]
[20158 20209]
[20210 20279]
[20280 20402]
[20403 20450]
[20451 20496]
[20497 20545]
[20546 20599]
[20600 20652]
[20653 20710]
[20711 20755]
[20756 20797]
[20798 20849]
[20850 21155]
[21156 21313]
[21314 21585]
[21586 21659]
[21660 21803]
[21804 21972]
[21973 22059]
[22060 22158]
[22159 22231]
[22232 22325]
[22326 22355]
[22356 22539]
[22540 22582]
[22583 22623]
[22624 22734]
[22735 22770]
[22771 22890]
[22891 23001]
[23002 23123]
[23124 23219]
[23220 23288]
[23289 23383]
[23384 23464]
[23465 23511]
[23512 23566]
[23567 23603]
[23604 23680]
[23681 23732]
[23733 23782]
[23783 23823]
[23824 23908]
[23909 23980]
[23981 24079]
[24080 24140]
[24141 24187]
[24188 24614]
[24615 24661]
[24662 24777]
[24778 24905]
[24906 25090]
[25091 25201]
[25202 25268]
[25269 25310]
[25311 25340]
[25341 25419]
[25420 25767]
[25768 25881]
[25882 25988]
[25989 26146]
[26147 26226]
[26227 26287]
[26288 26367]
[26368 26517]
[26518 26615]
[26616 26714]
[26715 26850]
[26851 26908]
[26909 27105]
[27106 27223]
[27224 27287]
[27288 27365]
[27366 27403]
[27404 27644]
[27645 27699]
[27700 28065]
[28066 28092]
[28093 28325]
[28326 28446]
[28447 28529]
[28530 28588]
[28589 28665]
[28666 28698]
[28699 28789]
[28790 28898]
[28899 28941]
[28942 29288]
[29289 29399]
