[ 0 37]
[ 39 292]
[293 359]
[360 394]
[395 432]
[433 467]
[468 487]
[488 533]
[534 574]
[575 611]
[612 633]
[634 656]
[657 684]
[685 733]
[734 801]
[ 802 1197]
[1198 1302]
[1303 1398]
[1399 1445]
[1446 1471]
[1472 1526]
[1527 1581]
[1582 1647]
[1648 1667]
[1668 1720]
[1721 1772]
[1773 1817]
[1818 1903]
[1904 1956]
[1957 2031]
[2032 2114]
[2115 2143]
[2144 2238]
[2239 2289]
[2290 2312]
[2313 2703]
[2704 2801]
[2802 2929]
[2930 3055]
[3056 3133]
[3134 3212]
[3213 3278]
[3279 3350]
[3351 3428]
[3429 3496]
[3497 3578]
[3579 3970]
[3971 4043]
[4044 4123]
[4124 4206]
[4207 4271]
[4272 4350]
[4351 4420]
[4421 4490]
[4491 4580]
[4581 4660]
[4661 4733]
[4734 4802]
[4803 4818]
[4819 4858]
[4859 4907]
[4908 4967]
[4968 5009]
[5010 5071]
[5072 5129]
[5130 5193]
[5194 5250]
[5251 5292]
[5293 5357]
[5358 5420]
[5421 5489]
[5490 5539]
[5540 5938]
[5939 5956]
[5957 6006]
[6007 6056]
[6057 6109]
[6110 6156]
[6157 6210]
[6211 6257]
[6258 6359]
[6360 6483]
[6484 6527]
[6528 6573]
[6574 6606]
[6607 6673]
[6674 6728]
[6729 6782]
[6783 6818]
[6819 6869]
[6870 7035]
[7036 7081]
[7082 7218]
[7219 7269]
[7270 7327]
[7328 7371]
[7372 7626]
[7627 8057]
[8058 8229]
[8230 8740]
[8741 8983]
[8984 9012]
[9013 9101]
[9102 9192]
[9193 9263]
[9264 9362]
[9363 9413]
[9414 9473]
[9474 9625]
[ 9626 10083]
[10084 10232]
[10233 10519]
[10520 10700]
[10701 10778]
[10779 10869]
[10870 10926]
[10927 11000]
[11001 11063]
[11064 11159]
[11160 11185]
[11186 11456]
[11457 11581]
[11582 11654]
[11655 11746]
[11747 11815]
[11816 11868]
[11869 11951]
[11952 12060]
[12061 12159]
[12160 12273]
[12274 12553]
[12554 12593]
[12594 12658]
[12659 12752]
[12753 12851]
[12852 12944]
[12945 13029]
[13030 13130]
[13131 13234]
[13235 13303]
[13304 13350]
[13351 13665]
[13666 13728]
[13729 13801]
[13802 13888]
[13889 13966]
[13967 14055]
[14056 14139]
[14140 14224]
[14225 14311]
[14312 14376]
[14377 14422]
[14423 14474]
[14475 14529]
[14530 14734]
[14735 14865]
[14866 14960]
[14961 15151]
[15152 15199]
[15200 15306]
[15307 15348]
[15349 15694]
[15695 15766]
[15767 15807]
[15808 15852]
[15853 15904]
[15905 15943]
[15944 15979]
[15980 16067]
[16068 16101]
[16102 16153]
[16154 16303]
[16304 16353]
[16354 16399]
[16400 16487]
[16488 16569]
[16570 16624]
[16625 16650]
[16651 16762]
[16763 16861]
[16862 16889]
[16890 16968]
[16969 17042]
[17043 17094]
[17095 17122]
[17123 17172]
[17173 17303]
[17304 17580]
[17581 17646]
[17647 17897]
[17898 18169]
[18170 18549]
[18550 18670]
[18671 18759]
[18760 18791]
[18792 18905]
[18906 19021]
[19022 19133]
[19134 19184]
[19185 19305]
[19306 19342]
[19343 19433]
[19434 19497]
[19498 19612]
[19613 19734]
[19735 19782]
[19783 19820]
[19821 19913]
[19914 20040]
[20041 20430]
[20431 20485]
[20486 20527]
[20528 20570]
[20571 20605]
[20606 20664]
[20665 20740]
[20741 20783]
[20784 20816]
[20817 20856]
[20857 20898]
[20899 21068]
[21069 21170]
[21171 21221]
[21222 21302]
[21303 21356]
[21357 21452]
[21453 21553]
[21554 21583]
[21584 21708]
[21709 22076]
[22078 22143]
[22144 22232]
[22233 22317]
[22318 22479]
[22480 22548]
[22549 22644]
[22645 22722]
[22723 22774]
[22775 22851]
[22852 22926]
[22927 22997]
[22998 23064]
[23065 23185]
[23186 23219]
[23220 23608]
[23609 23699]
