[ 0 24]
[26 45]
[46 65]
[ 67 110]
[112 428]
[429 488]
[489 524]
[525 559]
[560 587]
[588 615]
[616 645]
[646 675]
[676 711]
[712 739]
[740 767]
[768 793]
[794 817]
[818 841]
[842 864]
[865 893]
[894 921]
[922 947]
[948 974]
[ 975 1066]
[1067 1427]
[1428 1511]
[1512 1603]
[1604 1685]
[1686 1721]
[1722 1789]
[1790 1832]
[1833 1904]
[1905 1971]
[1972 2018]
[2019 2067]
[2068 2127]
[2128 2184]
[2185 2188]
[2189 2707]
[2708 2874]
[2875 2979]
[2980 3003]
[3004 3168]
[3169 3270]
[3271 3350]
[3351 3423]
[3424 3474]
[3475 3557]
[3558 3626]
[3627 3680]
[3681 3741]
[3742 3852]
[3853 3983]
[3984 4256]
[4257 4315]
[4316 4382]
[4383 4490]
[4491 4694]
[4695 4738]
[4739 4825]
[4826 4904]
[4905 5028]
[5029 5068]
[5069 5112]
[5113 5219]
[5220 5340]
[5341 5372]
[5373 5415]
[5416 5762]
[5764 5827]
[5828 5874]
[5875 5927]
[5928 5992]
[5993 6050]
[6051 6090]
[6091 6168]
[6169 6256]
[6257 6315]
[6316 6382]
[6383 6417]
[6418 6471]
[6472 6832]
[6833 6924]
[6925 6974]
[6975 7034]
[7035 7101]
[7102 7214]
[7215 7331]
[7332 7383]
[7384 7491]
[7492 7634]
[7635 7714]
[7715 7771]
[7772 7833]
[7834 7962]
[7963 8150]
[8151 8441]
[8442 8582]
[8583 8644]
[8645 8868]
[8869 8931]
[8932 9028]
[9029 9178]
[9179 9239]
[9240 9472]
[9473 9582]
[9583 9900]
[ 9901 10601]
[10602 10648]
[10649 10692]
[10693 10725]
[10726 11155]
[11156 11255]
[11256 11282]
[11283 11448]
[11449 11539]
[11540 11640]
[11641 11799]
[11800 11836]
[11837 11903]
[11904 11942]
[11943 12004]
[12005 12065]
[12066 12303]
[12304 12365]
[12366 12575]
[12576 12866]
[12867 12927]
[12928 12974]
[12975 13006]
[13007 13046]
[13047 13108]
[13109 13153]
[13154 13190]
[13191 13222]
[13223 13309]
[13310 13703]
[13704 13761]
[13762 13861]
[13862 13968]
[13969 14014]
[14015 14140]
[14141 14221]
[14222 14313]
[14315 14357]
[14358 14486]
[14487 14702]
[14703 14834]
[14835 14951]
[14952 15299]
[15301 15424]
[15425 15527]
[15528 15614]
[15615 15699]
[15700 16114]
[16115 16316]
[16317 16421]
[16422 16522]
[16523 16591]
[16592 17044]
[17045 17107]
[17108 17291]
[17292 17363]
[17364 17432]
[17433 17561]
[17562 17619]
[17620 17754]
[17755 17943]
[17944 17996]
[17997 18181]
[18182 18290]
[18291 18330]
[18331 18415]
[18416 18585]
[18586 18886]
[18887 18955]
[18956 19030]
[19031 19104]
[19105 19169]
[19170 19254]
[19255 19309]
[19310 19390]
[19391 19528]
[19529 19623]
[19624 19740]
[19741 19820]
[19821 19925]
[19926 20053]
[20054 20131]
[20132 20181]
[20182 20199]
[20200 20268]
[20269 20440]
[20441 20466]
[20467 20646]
[20647 20680]
[20681 20761]
[20762 20845]
[20846 20906]
[20907 21397]
[21398 21557]
[21558 21625]
[21626 21695]
[21696 21780]
[21781 21869]
[21870 21984]
[21985 22143]
[22144 22292]
[22293 22380]
[22381 22525]
[22526 22801]
[22802 22899]
