[  0 290]
[291 346]
[347 401]
[402 443]
[444 473]
[474 507]
[508 534]
[535 565]
[566 597]
[598 654]
[655 690]
[691 721]
[722 777]
[ 778 1247]
[1248 1321]
[1322 1391]
[1392 1466]
[1467 1658]
[1659 1693]
[1694 1733]
[1734 1777]
[1778 1842]
[1843 1907]
[1908 1977]
[1978 2298]
[2299 2494]
[2495 2550]
[2551 2608]
[2609 2665]
[2666 2715]
[2716 3038]
[3039 3103]
[3104 3166]
[3167 3216]
[3217 3256]
[3257 3307]
[3308 3368]
[3369 3416]
[3417 3461]
[3462 3498]
[3499 3554]
[3555 3685]
[3686 3737]
[3738 3791]
[3792 3842]
[3843 3890]
[3891 3938]
[3939 3972]
[3973 4022]
[4023 4072]
[4073 4121]
[4122 4144]
[4145 4186]
[4187 4488]
[4490 4524]
[4525 4564]
[4565 4613]
[4614 4686]
[4687 4742]
[4743 4818]
[4819 4942]
[4943 4984]
[4985 5037]
[5038 5081]
[5082 5132]
[5133 5172]
[5173 5299]
[5300 5663]
[5664 5695]
[5696 5744]
[5745 5793]
[5794 5939]
[5940 5979]
[5980 6464]
[6466 6550]
[6551 6677]
[6678 6747]
[6748 6905]
[6906 7002]
[7003 7094]
[7095 7207]
[7208 7247]
[7248 7533]
[7534 7728]
[7729 7827]
[7828 7854]
[7855 7888]
[7889 7970]
[7971 8397]
[8398 8480]
[8481 8520]
[8521 8655]
[8656 8714]
[8715 8778]
[8779 8820]
[8821 8871]
[8872 8964]
[8965 9010]
[9011 9086]
[9087 9429]
[9430 9527]
[9528 9556]
[9557 9578]
[9579 9623]
[9624 9691]
[9692 9764]
[9765 9840]
[9841 9925]
[ 9926 10247]
[10248 10379]
[10380 10446]
[10447 10577]
[10578 10705]
[10706 10803]
[10804 10866]
[10867 10923]
[10924 10988]
[10989 11031]
[11032 11094]
[11095 11160]
[11161 11205]
[11206 11290]
[11291 11376]
[11377 11498]
[11499 11575]
[11576 11649]
[11650 11712]
[11713 11754]
[11755 11909]
[11910 11968]
[11969 12010]
[12011 12050]
[12051 12089]
[12090 12145]
[12146 12185]
[12186 12221]
[12222 12259]
[12260 12349]
[12350 12726]
[12727 12790]
[12791 12871]
[12872 12934]
[12935 13079]
[13080 13163]
[13164 13271]
[13272 13368]
[13369 13457]
[13458 13812]
[13813 13866]
[13867 13938]
[13939 14004]
[14005 14060]
[14061 14110]
[14111 14176]
[14177 14232]
[14233 14280]
[14281 14318]
[14319 14368]
[14369 14414]
[14415 14469]
[14470 14525]
[14526 14566]
[14567 14610]
[14611 14669]
[14670 14981]
[14982 15046]
[15047 15097]
[15098 15180]
[15181 15211]
[15212 15251]
[15252 15301]
[15302 15395]
[15396 15450]
[15451 15477]
[15478 15543]
[15544 15601]
[15602 15656]
[15657 15728]
[15729 15809]
[15810 15891]
[15892 15967]
[15968 16044]
[16045 16093]
[16094 16140]
[16141 16185]
[16186 16223]
[16224 16283]
[16284 16569]
[16571 16716]
[16717 16804]
[16805 16863]
[16864 16949]
[16950 17044]
[17045 17077]
[17078 17110]
[17111 17265]
[17266 17350]
[17351 17398]
[17399 17460]
[17461 17492]
[17493 17549]
[17550 17614]
[17615 17630]
[17631 17915]
[17916 18017]
[18018 18093]
[18094 18174]
[18175 18274]
[18275 18366]
[18367 18490]
[18491 18587]
[18588 18682]
[18683 18734]
[18735 18839]
[18840 18965]
[18966 19084]
[19085 19222]
[19223 19419]
[19420 19477]
[19478 19520]
[19521 19560]
[19561 19599]
[19600 19667]
[19668 19710]
[19711 19755]
[19756 19863]
[19864 20203]
[20204 20256]
[20257 20420]
[20421 20490]
[20491 20561]
[20562 20718]
[20719 20745]
[20746 20797]
[20798 20840]
[20841 20916]
[20917 21087]
[21088 21160]
[21161 21211]
[21212 21288]
[21289 21362]
[21363 21442]
[21443 21519]
[21520 21594]
[21595 21677]
[21678 22131]
[22132 22187]
[22188 22254]
[22255 22321]
[22322 22383]
[22385 22452]
[22453 22505]
[22506 22683]
[22684 22716]
[22717 22797]
[22798 22861]
[22862 22928]
[22929 22986]
[22987 23057]
[23058 23124]
[23125 23197]
[23198 23259]
[23260 23323]
[23324 23401]
[23402 23474]
[23475 23497]
[23498 23566]
[23567 23638]
[23639 23695]
[23696 24088]
[24090 24150]
[24151 24221]
[24222 24342]
[24343 24396]
[24397 24447]
[24448 24525]
[24526 24611]
[24612 24657]
[24658 24918]
[24919 24971]
[24972 25141]
[25142 25215]
[25216 25288]
[25289 25353]
[25354 25460]
[25461 25842]
[25843 25998]
[25999 26046]
[26047 26124]
[26125 26227]
[26228 26285]
[26286 26361]
[26362 26476]
[26477 26624]
[26625 26692]
[26693 26770]
[26771 26842]
[26843 26894]
[26895 26910]
[26911 26930]
[26931 26937]
[26938 26974]
[26975 27024]
[27025 27064]
[27065 27168]
[27169 27226]
[27227 27267]
[27268 27764]
[27767 27966]
[27967 28071]
[28072 28139]
[28140 28260]
[28261 28308]
[28309 28391]
[28392 28451]
[28452 28537]
[28538 28574]
[28575 28742]
[28743 28762]
[28763 28864]
[28865 28954]
[28955 28983]
[28984 29047]
[29048 29110]
[29111 29481]
[29482 29549]
