[ 0 15]
[ 16 343]
[344 396]
[397 441]
[442 486]
[487 562]
[563 609]
[610 683]
[684 711]
[712 739]
[740 747]
[748 793]
[ 794 1209]
[1210 1272]
[1273 1334]
[1335 1375]
[1376 1420]
[1421 1496]
[1497 1551]
[1552 1622]
[1623 1689]
[1690 1756]
[1757 1832]
[1833 1855]
[1856 1906]
[1907 1947]
[1948 2004]
[2005 2059]
[2060 2119]
[2120 2161]
[2162 2217]
[2218 2285]
[2286 2340]
[2341 2383]
[2384 2454]
[2455 2513]
[2514 2543]
[2544 2865]
[2866 3507]
[3508 3596]
[3597 3648]
[3649 3773]
[3774 3819]
[3820 3847]
[3848 4448]
[4449 4494]
[4495 4543]
[4544 4597]
[4598 4654]
[4655 4781]
[4782 4893]
[4894 4961]
[4962 5184]
[5185 5346]
[5347 5401]
[5402 5443]
[5444 5489]
[5490 5534]
[5535 5594]
[5595 5652]
[5653 5716]
[5717 5767]
[5768 5831]
[5832 5919]
[5920 6218]
[6219 6282]
[6283 6372]
[6373 6450]
[6451 6486]
[6487 6612]
[6613 6704]
[6705 6761]
[6762 6838]
[6839 7018]
[7019 7112]
[7113 7164]
[7165 7210]
[7211 7282]
[7283 7485]
[7486 7561]
[7562 7715]
[7716 8177]
[8178 8228]
[8229 8292]
[8293 8345]
[8346 8396]
[8397 8439]
[8440 8488]
[8489 8598]
[8599 8781]
[8782 8797]
[8798 8864]
[8865 8937]
[8938 8981]
[8982 9016]
[9017 9068]
[9069 9127]
[9128 9177]
[9178 9361]
[9362 9403]
[9404 9457]
[9458 9494]
[9495 9528]
[9529 9583]
[9584 9628]
[9629 9673]
[9674 9717]
[9718 9775]
[9776 9793]
[ 9794 10111]
[10113 10186]
[10187 10239]
[10240 10296]
[10297 10342]
[10343 10397]
[10398 10453]
[10454 10546]
[10547 10604]
[10605 10662]
[10663 10713]
[10714 10790]
[10791 10840]
[10841 10905]
[10906 10954]
[10955 11004]
[11005 11081]
[11082 11128]
[11129 11185]
[11186 11226]
[11227 11274]
[11275 11300]
[11301 11354]
[11355 11421]
[11422 11466]
[11467 11516]
[11517 11534]
[11535 11796]
[11797 12001]
[12002 12292]
[12293 12319]
[12320 12360]
[12361 12405]
[12406 12455]
[12456 12530]
[12531 12659]
[12660 12673]
[12674 12736]
[12737 12763]
[12764 12818]
[12819 12854]
[12855 12918]
[12919 12949]
[12950 12982]
[12983 13042]
[13043 13092]
[13093 13153]
[13154 13227]
[13228 13263]
[13264 13521]
[13522 14316]
[14317 14398]
[14399 14793]
[14794 14887]
[14888 15056]
[15057 15124]
[15125 15189]
[15190 15293]
[15294 15371]
[15372 15431]
[15432 15537]
[15538 15628]
[15629 15773]
[15774 15861]
[15862 15921]
[15922 16003]
[16004 16050]
[16051 16427]
[16428 16488]
[16489 16529]
[16530 16561]
[16562 16604]
[16605 16649]
[16650 16710]
[16711 16760]
[16761 16797]
[16798 16857]
[16858 16891]
[16892 16935]
[16936 16995]
[16996 17048]
[17049 17105]
[17106 17156]
[17157 17207]
[17208 17265]
[17266 17327]
[17328 17376]
[17377 17422]
[17423 17463]
[17464 17562]
[17563 17626]
[17627 17657]
[17658 17976]
[17977 18034]
[18035 18087]
[18088 18140]
[18141 18194]
[18195 18251]
[18252 18303]
[18304 18338]
[18339 18396]
[18397 18493]
[18494 18548]
[18549 18609]
[18610 18666]
[18667 18704]
[18705 19161]
[19162 19220]
[19221 19273]
[19274 19468]
[19469 19582]
[19583 19648]
[19649 19729]
[19730 19790]
[19791 19907]
[19908 20293]
[20294 20677]
[20678 20763]
[20764 20830]
[20831 20958]
[20959 21050]
[21051 21354]
[21355 21458]
[21459 21527]
[21528 21580]
[21581 21614]
[21615 21646]
[21647 22131]
[22132 22280]
[22281 22356]
[22357 22439]
[22440 22671]
[22672 22688]
[22689 22851]
[22852 22914]
[22915 22944]
[22945 23124]
[23125 23139]
[23140 23165]
[23166 23650]
[23651 23962]
[23963 24044]
[24045 24151]
[24152 24231]
[24232 24331]
[24332 24420]
[24421 24518]
[24519 24657]
[24658 24795]
[24796 24964]
[24965 25045]
[25046 25134]
[25135 25213]
[25214 25275]
[25276 25321]
[25322 25359]
[25360 25657]
[25658 25735]
[25736 25767]
[25768 25938]
[25939 26092]
[26093 26305]
[26306 26403]
[26404 26525]
[26526 26626]
[26627 27044]
[27045 27190]
[27191 27245]
[27246 27327]
[27328 27408]
[27409 27468]
[27469 27623]
[27624 27668]
[27669 27711]
[27712 27768]
[27769 27837]
[27838 27906]
[27907 28145]
[28146 28184]
[28185 28222]
[28223 28266]
[28267 28309]
[28310 28355]
[28356 28364]
[28366 28675]
[28676 28822]
[28823 28909]
[28910 28981]
[28982 29010]
[29011 29046]
[29047 29089]
[29090 29115]
[29116 29146]
[29147 29184]
[29185 29232]
[29233 29263]
[29264 29293]
[29294 29382]
[29383 29438]
[29439 29489]
[29490 29538]
[29539 29598]
[29599 29671]
[29672 29735]
[29736 29798]
[29799 29856]
[29857 29891]
[29892 29943]
[29944 30265]
[30266 30349]
