[0 3]
[  4 342]
[343 399]
[400 435]
[436 465]
[466 493]
[494 526]
[527 572]
[573 611]
[612 650]
[651 687]
[688 718]
[719 745]
[746 775]
[776 819]
[820 854]
[855 894]
[895 989]
[ 990 1447]
[1448 1494]
[1495 1561]
[1562 1630]
[1631 1696]
[1697 1772]
[1773 1823]
[1824 1886]
[1887 1953]
[1954 2030]
[2031 2106]
[2107 2162]
[2163 2212]
[2213 2249]
[2250 2289]
[2290 2352]
[2353 2392]
[2393 2455]
[2456 2820]
[2821 2877]
[2878 2931]
[2932 2992]
[2993 3048]
[3049 3121]
[3122 3191]
[3192 3253]
[3254 3312]
[3313 3412]
[3413 3453]
[3454 3511]
[3512 3565]
[3566 3606]
[3607 3649]
[3650 3698]
[3699 3740]
[3741 3783]
[3784 3861]
[3862 4430]
[4431 4482]
[4483 4537]
[4538 4647]
[4648 4699]
[4700 4785]
[4786 4869]
[4870 5015]
[5016 5172]
[5173 5243]
[5244 5492]
[5493 5524]
[5525 5585]
[5586 5645]
[5646 5702]
[5703 5765]
[5766 5808]
[5809 5852]
[5853 5912]
[5913 5968]
[5969 6037]
[6038 6098]
[6099 6250]
[6251 6455]
[6456 6528]
[6529 6579]
[6580 6637]
[6638 6666]
[6667 6835]
[6836 6872]
[6873 6939]
[6940 6961]
[6962 7030]
[7031 7118]
[7119 7182]
[7183 7481]
[7483 7864]
[7866 7917]
[7918 7956]
[7957 8046]
[8047 8084]
[8085 8129]
[8130 8165]
[8166 8220]
[8221 8271]
[8272 8307]
[8308 8332]
[8333 8359]
[8360 8400]
[8401 8438]
[8439 8468]
[8469 8497]
[8498 8529]
[8530 8568]
[8569 8668]
[8669 9014]
[9015 9116]
[9117 9180]
[9181 9241]
[9242 9300]
[9301 9360]
[9361 9416]
[9417 9470]
[9471 9522]
[9523 9569]
[9570 9615]
[9616 9662]
[9663 9743]
[9744 9773]
[ 9774 10067]
[10068 10231]
[10232 10275]
[10276 10320]
[10321 10355]
[10356 10407]
[10408 10470]
[10471 10510]
[10511 10575]
[10576 10630]
[10631 10683]
[10684 10740]
[10741 10801]
[10802 10859]
[10860 10918]
[10919 10975]
[10976 11065]
[11066 11106]
[11107 11352]
[11353 11445]
[11446 11530]
[11531 11585]
[11586 11675]
[11676 11757]
[11758 11829]
[11830 11888]
[11889 11960]
[11961 12021]
[12022 12079]
[12080 12147]
[12148 12483]
[12484 12547]
[12548 12575]
[12576 12621]
[12622 12667]
[12668 12721]
[12722 12784]
[12785 12830]
[12831 12887]
[12888 12906]
[12907 12960]
[12961 13004]
[13005 13047]
[13048 13107]
[13108 13162]
[13163 13199]
[13200 13287]
[13288 13332]
[13333 13372]
[13373 13405]
[13406 13490]
[13491 13548]
[13549 13623]
[13624 13652]
[13653 13695]
[13696 13754]
[13755 13814]
[13815 13850]
[13851 13907]
[13908 13943]
[13944 13994]
[13995 14031]
[14032 14077]
[14078 14151]
[14152 14202]
[14203 14264]
[14265 14307]
[14308 14346]
[14347 14382]
[14383 14447]
[14448 14548]
[14549 14642]
[14643 15221]
[15222 15328]
[15329 15718]
[15719 15807]
[15808 15849]
[15850 15903]
[15904 15954]
[15955 16005]
[16006 16103]
[16104 16207]
[16208 16217]
[16218 16546]
[16547 16640]
[16641 16771]
[16772 16884]
[16885 17042]
[17043 17131]
[17132 17214]
[17215 17323]
[17324 17464]
[17465 17516]
[17517 17668]
[17669 17821]
[17822 17858]
[17859 17959]
[17960 18281]
[18282 18342]
[18343 18404]
[18405 18449]
[18450 18498]
[18499 18547]
[18548 18642]
[18643 18676]
[18677 18730]
[18731 18810]
[18811 18920]
[18921 19036]
[19037 19104]
[19105 19165]
[19166 19235]
[19236 19307]
[19308 19353]
[19354 19430]
[19431 19500]
[19501 19845]
[19846 19895]
[19896 19948]
[19949 20010]
[20011 20086]
[20087 20150]
[20151 20235]
[20236 20316]
[20317 20395]
[20396 20449]
[20450 20511]
[20512 20579]
[20580 20632]
[20633 20696]
[20697 20750]
[20751 20942]
[20943 20990]
[20991 21021]
[21022 21080]
[21081 21121]
[21122 21162]
[21163 21259]
[21260 21300]
[21301 21620]
[21621 21732]
[21733 21834]
[21835 21906]
[21907 21986]
[21987 22068]
[22069 22139]
[22140 22213]
[22214 22258]
[22259 22317]
[22318 22412]
[22413 22479]
[22480 22529]
[22530 22571]
[22572 22614]
[22615 22863]
[22864 23047]
[23048 23084]
[23085 23145]
[23146 23201]
[23202 23245]
[23246 23573]
[23574 23598]
[23599 23678]
[23679 23749]
[23750 23834]
[23835 23914]
[23915 23973]
[23974 24123]
[24124 24180]
[24181 24244]
[24245 24315]
[24316 24377]
[24378 24431]
[24432 24501]
[24502 24906]
[24907 24999]
