[ 0 20]
[ 21 252]
[253 304]
[305 346]
[347 387]
[388 431]
[432 473]
[474 500]
[501 555]
[556 592]
[593 623]
[624 650]
[651 678]
[679 736]
[ 737 1235]
[1236 1319]
[1321 1496]
[1497 1570]
[1571 1661]
[1662 1735]
[1736 1797]
[1798 1858]
[1859 1964]
[1965 2009]
[2010 2305]
[2306 2442]
[2443 2502]
[2503 2555]
[2556 2624]
[2625 2805]
[2806 2860]
[2861 2918]
[2919 2935]
[2936 2968]
[2969 3026]
[3027 3072]
[3073 3159]
[3160 3237]
[3238 3303]
[3304 3347]
[3348 3405]
[3406 3442]
[3443 3558]
[3559 3739]
[3740 3808]
[3809 3934]
[3935 4001]
[4002 4066]
[4067 4110]
[4111 4157]
[4158 4227]
[4228 4292]
[4293 4351]
[4352 4406]
[4407 4511]
[4512 4581]
[4582 4637]
[4638 4693]
[4694 4743]
[4744 4779]
[4780 4817]
[4818 4927]
[4928 5373]
[5374 5437]
[5438 5477]
[5478 5518]
[5519 5561]
[5562 5606]
[5607 5660]
[5661 5712]
[5713 5753]
[5754 5822]
[5823 5880]
[5881 5999]
[6000 6030]
[6031 6244]
[6245 6297]
[6298 6353]
[6354 6411]
[6412 6467]
[6468 6493]
[6494 6575]
[6576 6590]
[6591 7213]
[7214 7359]
[7360 7505]
[7506 7572]
[7573 7634]
[7635 7728]
[7729 7916]
[7917 8078]
[8079 8100]
[8101 8240]
[8241 8412]
[8413 8551]
[8553 8756]
[8757 8807]
[8808 8854]
[8855 8895]
[8896 8936]
[8937 8997]
[8998 9042]
[9043 9081]
[9082 9118]
[9119 9193]
[9194 9498]
[9499 9599]
[9600 9697]
[9698 9786]
[9787 9902]
[9903 9969]
[ 9970 10062]
[10063 10151]
[10152 10232]
[10233 10302]
[10303 10395]
[10396 10525]
[10526 10608]
[10609 10852]
[10853 10923]
[10924 11031]
[11032 11666]
[11667 11883]
[11884 12685]
[12686 13024]
[13026 13092]
[13093 13107]
[13108 13147]
[13148 13170]
[13171 13199]
[13200 13299]
[13300 13425]
[13426 13701]
[13702 13809]
[13810 13917]
[13918 14074]
[14075 14206]
[14207 14302]
[14303 14403]
[14404 14480]
[14481 14597]
[14598 14705]
[14706 14781]
[14782 14898]
[14899 15219]
[15220 15348]
[15349 15835]
[15836 15871]
[15872 15904]
[15905 15936]
[15937 15960]
[15961 15987]
[15988 16015]
[16016 16076]
[16077 16112]
[16113 16150]
[16151 16280]
[16281 16873]
[16874 16920]
[16921 16973]
[16974 17011]
[17012 17036]
[17037 17074]
[17075 17122]
[17123 17169]
[17170 17227]
[17228 17279]
[17280 17345]
[17346 17415]
[17416 17506]
[17507 17574]
[17575 17801]
[17802 17844]
[17845 17898]
[17899 17961]
[17962 18023]
[18024 18064]
[18065 18152]
[18153 18192]
[18193 18230]
[18231 18619]
[18620 18767]
[18768 18844]
[18845 18946]
[18947 19111]
[19112 19208]
[19209 19300]
[19301 19486]
[19487 19585]
[19586 19685]
[19686 19826]
[19827 20169]
[20170 20328]
[20329 20364]
[20365 20488]
[20489 20556]
[20557 20694]
[20695 20748]
[20749 20802]
[20803 20913]
[20914 20972]
[20973 21000]
[21001 21037]
[21038 21091]
[21092 21338]
[21339 21424]
[21425 21485]
[21486 21554]
[21555 21608]
[21609 21663]
[21664 21719]
[21720 22077]
[22079 22207]
[22208 22292]
[22293 22429]
[22430 22494]
[22495 22567]
[22568 22743]
[22744 22954]
[22955 23047]
[23048 23161]
[23162 23240]
[23241 23327]
[23328 23361]
[23362 23497]
[23498 23554]
[23555 23626]
[23627 23714]
[23715 23940]
[23941 23984]
[23985 24105]
[24106 24307]
[24308 24361]
[24362 24430]
[24431 24487]
[24488 24525]
[24526 24624]
[24625 24723]
[24724 24794]
[24795 24824]
[24825 24873]
[24874 25137]
[25138 25217]
[25218 25299]
[25300 25396]
[25397 25562]
[25563 25674]
[25675 25760]
[25761 25822]
[25823 25897]
[25898 25961]
[25962 26356]
[26357 26449]
