[ 0 15]
[ 16 370]
[371 426]
[427 466]
[467 495]
[496 525]
[526 554]
[555 581]
[582 618]
[619 643]
[644 677]
[678 719]
[720 758]
[759 803]
[804 848]
[849 896]
[897 996]
[ 997 1193]
[1194 1282]
[1283 1311]
[1313 1406]
[1407 1468]
[1469 1515]
[1516 1578]
[1579 1606]
[1607 1639]
[1640 1692]
[1693 1797]
[1798 1847]
[1848 1884]
[1885 1951]
[1952 2001]
[2002 2157]
[2158 2212]
[2213 2279]
[2280 2344]
[2345 2430]
[2431 2491]
[2492 2545]
[2546 2613]
[2614 2674]
[2675 2737]
[2738 2781]
[2782 2805]
[2806 2866]
[2867 2895]
[2896 2980]
[2981 3677]
[3678 3732]
[3733 3765]
[3766 3787]
[3788 3816]
[3817 3855]
[3856 3885]
[3886 3902]
[3903 3934]
[3935 3963]
[3964 3991]
[3992 4027]
[4028 4108]
[4109 4132]
[4133 4155]
[4156 4193]
[4194 4237]
[4238 4256]
[4257 4287]
[4288 4402]
[4403 4447]
[4448 4493]
[4494 4530]
[4531 4618]
[4619 4769]
[4770 4830]
[4831 4856]
[4857 4909]
[4910 4938]
[4939 4951]
[4952 5025]
[5026 5084]
[5085 5107]
[5108 5181]
[5182 5239]
[5240 5307]
[5308 5350]
[5351 5378]
[5379 5434]
[5435 5646]
[5647 5728]
[5729 5838]
[5840 5911]
[5912 5951]
[5952 5992]
[5993 6059]
[6060 6118]
[6119 6174]
[6175 6231]
[6232 6405]
[6406 6463]
[6464 6505]
[6506 6536]
[6537 6591]
[6592 6662]
[6663 6751]
[6752 6832]
[6833 6891]
[6892 6959]
[6960 7151]
[7152 7276]
[7277 7404]
[7405 7548]
[7549 7777]
[7778 7885]
[7886 8015]
[8016 8191]
[8192 8276]
[8277 8358]
[8359 8446]
[8447 8545]
[8546 8639]
[8640 9137]
[9138 9193]
[9194 9247]
[9248 9290]
[9291 9339]
[9340 9403]
[9404 9450]
[9451 9510]
[9511 9572]
[9573 9609]
[9610 9712]
[ 9713 10086]
[10087 10174]
[10175 10269]
[10270 10338]
[10339 10399]
[10400 10468]
[10469 10584]
[10585 10693]
[10694 10758]
[10759 10860]
[10861 10897]
[10898 10939]
[10940 11006]
[11007 11041]
[11042 11076]
[11077 11096]
[11097 11116]
[11117 11201]
[11202 11483]
[11484 11682]
[11683 11921]
[11922 11998]
[11999 12247]
[12248 12485]
[12486 12771]
[12772 12863]
[12864 13227]
[13228 13229]
[13230 13445]
[13446 13529]
[13530 13567]
[13568 13622]
[13623 14090]
[14091 14177]
[14178 14247]
[14248 14309]
[14310 14356]
[14357 14414]
[14415 14483]
[14484 14543]
[14544 14598]
[14599 14654]
[14655 14706]
[14707 14759]
[14760 14817]
[14818 14876]
[14877 14934]
[14935 14988]
[14989 15045]
[15046 15092]
[15093 15138]
[15139 15368]
[15369 15392]
[15393 15468]
[15469 15521]
[15522 15538]
[15539 15592]
[15593 15608]
[15609 15662]
[15663 15698]
[15699 15744]
[15745 15789]
[15790 15836]
[15837 15874]
[15875 15910]
[15911 15938]
[15939 15956]
[15957 15995]
[15996 16053]
[16054 16068]
[16069 16105]
[16106 16144]
[16145 16195]
[16196 16216]
[16217 16253]
[16254 16283]
[16284 16299]
[16300 16332]
[16333 16348]
[16349 16406]
[16407 16449]
[16450 16500]
[16501 16587]
[16588 16643]
[16644 16672]
[16673 16687]
[16688 16724]
[16725 16851]
[16852 17188]
[17189 17259]
[17260 17301]
[17302 17345]
[17346 17421]
[17422 17487]
[17488 17528]
[17529 17588]
[17589 17660]
[17661 17700]
[17701 17749]
[17750 17819]
[17820 17898]
[17899 17932]
[17933 18023]
[18024 18133]
[18134 18274]
[18275 18408]
[18409 18524]
[18525 18647]
[18648 19266]
[19267 19301]
[19302 19345]
[19346 19413]
[19414 19473]
[19474 19544]
[19545 19594]
[19595 19698]
[19699 19760]
[19761 19851]
[19852 19893]
[19894 19951]
[19952 20016]
[20017 20054]
[20055 20115]
[20116 20209]
[20210 20253]
[20254 20303]
[20304 20346]
[20347 20412]
[20413 20472]
[20473 20576]
[20577 20612]
[20613 20765]
[20766 21076]
[21077 21172]
[21173 21276]
[21277 21416]
[21417 21498]
[21499 21586]
[21587 21678]
[21679 21763]
[21764 21831]
[21832 21890]
[21891 22314]
[22315 22368]
[22369 22421]
[22422 22478]
[22479 22528]
[22529 22563]
[22564 22578]
[22579 22636]
[22637 22710]
[22711 22762]
[22763 22806]
[22807 22848]
[22849 22889]
[22890 22919]
[22920 23006]
[23007 23062]
[23063 23082]
[23083 23117]
[23118 23200]
[23201 23250]
[23251 23309]
[23310 23383]
[23384 23398]
[23399 23462]
[23463 23558]
[23559 23632]
[23633 23740]
[23741 24051]
[24052 24134]
[24135 24213]
[24214 24292]
[24293 24385]
[24386 24472]
[24473 24570]
[24571 24683]
[24684 24799]
[24800 24887]
[24888 24991]
[24992 25077]
[25078 25155]
[25156 25528]
[25529 25599]
