[  2 451]
[452 484]
[485 516]
[517 538]
[539 578]
[579 609]
[610 639]
[640 668]
[669 717]
[718 728]
[729 766]
[767 803]
[804 897]
[ 898 1424]
[1425 1477]
[1478 1535]
[1536 1599]
[1600 1657]
[1658 1740]
[1741 1802]
[1803 1870]
[1871 1943]
[1944 1994]
[1995 2073]
[2074 2116]
[2117 2166]
[2167 2229]
[2230 2270]
[2271 2580]
[2581 2610]
[2611 2660]
[2661 2735]
[2736 2807]
[2808 2888]
[2889 2973]
[2974 3025]
[3026 3148]
[3149 3219]
[3220 3280]
[3281 3331]
[3332 3377]
[3378 3415]
[3416 3445]
[3446 3481]
[3482 3515]
[3516 3560]
[3561 3889]
[3890 3939]
[3940 3998]
[3999 4023]
[4024 4048]
[4049 4091]
[4092 4113]
[4114 4130]
[4131 4220]
[4221 4381]
[4382 4427]
[4428 4536]
[4537 4544]
[4545 4579]
[4580 4610]
[4611 4653]
[4654 4716]
[4717 4739]
[4740 4766]
[4767 4831]
[4832 4885]
[4886 4959]
[4960 4997]
[4998 5012]
[5013 5059]
[5060 5176]
[5177 5491]
[5492 5520]
[5521 5556]
[5557 5610]
[5611 5662]
[5663 5715]
[5716 5798]
[5799 5858]
[5859 5928]
[5929 6003]
[6004 6070]
[6071 6153]
[6154 6227]
[6228 6276]
[6277 6300]
[6301 6365]
[6366 6408]
[6409 6469]
[6470 6530]
[6531 7152]
[7153 7228]
[7229 7305]
[7306 7512]
[7513 7676]
[7677 7768]
[7769 7808]
[7809 7840]
[7841 7895]
[7896 7919]
[7920 7963]
[7964 8072]
[8073 8110]
[8111 8192]
[8193 8252]
[8253 8310]
[8311 8359]
[8360 8409]
[8410 8452]
[8453 8510]
[8511 8881]
[8882 8911]
[8912 8988]
[8989 9015]
[9016 9060]
[9061 9107]
[9108 9143]
[9144 9174]
[9175 9200]
[9201 9243]
[9244 9302]
[9303 9337]
[9338 9364]
[9365 9398]
[9399 9428]
[9429 9473]
[9474 9539]
[9540 9573]
[9574 9611]
[9612 9663]
[9664 9980]
[ 9981 10086]
[10087 10167]
[10168 10243]
[10244 10307]
[10308 10372]
[10373 10444]
[10445 10497]
[10498 10565]
[10566 10653]
[10654 10735]
[10736 10805]
[10806 10909]
[10910 11026]
[11027 11432]
[11433 11482]
[11483 11528]
[11529 11564]
[11565 11608]
[11609 11638]
[11639 11674]
[11675 11728]
[11729 11895]
[11896 11947]
[11948 11982]
[11983 12025]
[12026 12059]
[12060 12092]
[12093 12124]
[12125 12162]
[12163 12198]
[12199 12242]
[12243 12282]
[12283 12313]
[12314 12353]
[12354 12397]
[12398 12445]
[12446 12496]
[12497 12546]
[12547 12889]
[12890 12923]
[12924 12987]
[12988 13030]
[13031 13116]
[13117 13193]
[13194 13262]
[13263 13315]
[13316 13379]
[13380 13408]
[13409 13468]
[13469 13525]
[13526 13574]
[13575 13620]
[13621 13676]
[13677 13731]
[13732 13775]
[13776 13821]
[13822 13857]
[13858 13912]
[13913 13954]
[13955 14019]
[14020 14198]
[14199 14238]
[14239 14318]
[14319 14378]
[14379 14439]
[14440 14486]
[14487 14520]
[14521 14563]
[14564 14639]
[14640 14935]
[14936 14998]
[14999 15047]
[15048 15089]
[15090 15207]
[15208 15306]
[15307 15433]
[15434 15499]
[15500 15592]
[15593 15755]
[15756 15888]
[15889 16226]
[16227 16353]
[16354 16428]
[16429 16483]
[16484 16540]
[16541 16589]
[16590 16672]
[16673 16731]
[16732 16787]
[16788 16873]
[16874 16967]
[16968 17080]
[17081 17268]
[17269 17330]
[17331 17381]
[17382 17422]
[17423 17447]
[17448 17496]
[17497 17553]
[17554 17853]
[17854 18108]
[18109 18250]
[18251 18302]
[18303 18418]
[18419 18465]
[18466 18571]
[18572 18682]
[18683 18973]
[18974 19034]
[19035 19147]
[19148 19286]
[19287 19592]
[19593 19635]
[19636 19691]
[19692 19734]
[19735 19779]
[19780 19819]
[19820 19861]
[19862 19913]
[19914 19968]
[19969 20027]
[20028 20094]
[20095 20308]
[20309 20352]
[20353 20415]
[20416 20463]
[20464 20531]
[20532 20584]
[20585 20646]
[20647 20703]
[20704 20757]
[20758 20914]
[20915 20971]
[20972 21016]
[21017 21067]
[21068 21265]
[21266 21483]
[21484 21581]
[21582 21612]
[21613 21701]
[21702 21786]
[21787 21855]
[21856 21903]
[21904 21954]
[21955 22075]
[22076 22152]
[22153 22187]
[22188 22216]
[22217 22272]
[22273 22337]
[22338 22398]
[22399 22455]
[22456 22518]
[22519 22576]
[22577 22616]
[22617 22707]
[22708 22816]
[22817 23185]
[23186 23274]
[23275 23464]
[23465 23552]
[23553 23653]
[23654 23708]
[23709 23748]
[23749 23819]
[23820 23882]
[23883 23958]
[23959 24300]
[24301 24399]
