[  0 297]
[298 351]
[352 387]
[388 417]
[418 445]
[446 478]
[479 504]
[505 534]
[535 568]
[569 601]
[602 661]
[662 967]
[ 968 1097]
[1098 1177]
[1178 1266]
[1267 1353]
[1354 1501]
[1502 1721]
[1722 1788]
[1789 1934]
[1935 1990]
[1991 2033]
[2034 2091]
[2092 2128]
[2129 2166]
[2167 2186]
[2187 2199]
[2200 2574]
[2575 2647]
[2648 2724]
[2725 2796]
[2797 2869]
[2870 2945]
[2946 3020]
[3021 3091]
[3092 3177]
[3178 3238]
[3239 3304]
[3305 3368]
[3369 3433]
[3434 3532]
[3533 3593]
[3594 3694]
[3695 3764]
[3765 3840]
[3841 3902]
[3903 3930]
[3931 3984]
[3985 4037]
[4038 4122]
[4123 4232]
[4233 4561]
[4562 4633]
[4634 4695]
[4696 4789]
[4790 4884]
[4885 4956]
[4957 5046]
[5047 5108]
[5109 5211]
[5212 5280]
[5281 5354]
[5355 5431]
[5432 5518]
[5519 6042]
[6043 6131]
[6132 6187]
[6188 6246]
[6247 6304]
[6305 6345]
[6346 6409]
[6410 6466]
[6467 6570]
[6571 6617]
[6618 6679]
[6680 6739]
[6740 6823]
[6824 6832]
[6833 6911]
[6912 6973]
[6974 7045]
[7046 7087]
[7088 7245]
[7246 7320]
[7321 7365]
[7366 7439]
[7440 7462]
[7463 7790]
[7791 8173]
[8174 8245]
[8246 8361]
[8362 8379]
[8380 8480]
[8481 8580]
[8581 8638]
[8639 8691]
[8692 8750]
[8751 8841]
[8842 8917]
[8918 8957]
[8958 8989]
[8990 9038]
[9039 9086]
[9087 9113]
[9114 9217]
[9218 9279]
[9280 9329]
[9330 9386]
[9387 9437]
[9438 9525]
[9526 9566]
[9567 9631]
[9632 9676]
[9677 9732]
[9733 9826]
[ 9827 10123]
[10124 10166]
[10167 10309]
[10310 10541]
[10542 10721]
[10722 10801]
[10802 10840]
[10841 11023]
[11024 11115]
[11116 11464]
[11465 11539]
[11540 11591]
[11592 11722]
[11723 11779]
[11780 11845]
[11846 11899]
[11900 11984]
[11985 12074]
[12075 12119]
[12120 12218]
[12219 12316]
[12317 12378]
[12379 12418]
[12419 12485]
[12486 12595]
[12596 12681]
[12682 12723]
[12724 12806]
[12807 12870]
[12871 12955]
[12956 13000]
[13001 13033]
[13034 13039]
[13040 13607]
[13608 13720]
[13721 13827]
[13828 13941]
[13942 14131]
[14132 14357]
[14358 14493]
[14494 14662]
[14663 14703]
[14704 14727]
[14728 14904]
[14905 15246]
[15247 15369]
[15370 15530]
[15531 15785]
[15786 16088]
[16089 16147]
[16148 16207]
[16208 16258]
[16259 16305]
[16306 16346]
[16347 16387]
[16388 16452]
[16453 16497]
[16498 16535]
[16536 16562]
[16563 16647]
[16648 16957]
[16958 17032]
[17033 17144]
[17145 17266]
[17267 17395]
[17396 17524]
[17525 17682]
[17683 17792]
[17793 17837]
[17838 17877]
[17878 17952]
[17953 18014]
[18015 18110]
[18111 18424]
[18425 18509]
[18510 18598]
[18599 18712]
[18713 18833]
[18834 18947]
[18948 19014]
[19015 19135]
[19136 19225]
[19226 19268]
[19269 19429]
[19430 19453]
[19454 19523]
[19524 19536]
[19537 19810]
[19811 20278]
[20279 20405]
[20406 20487]
[20488 20549]
[20550 20617]
[20618 20810]
[20811 20937]
[20938 20982]
[20983 21011]
[21012 21392]
[21393 21470]
[21471 21570]
[21571 21658]
[21659 21772]
[21773 21886]
[21887 21933]
[21934 21960]
[21961 21968]
[21969 21987]
[21988 22034]
[22035 22044]
[22045 22056]
[22057 22280]
[22282 22283]
[22284 22334]
[22335 22445]
[22446 22459]
[22460 22566]
[22567 22854]
[22855 23026]
[23027 23169]
[23170 23255]
[23256 23325]
[23326 23417]
[23418 23497]
[23498 23696]
[23697 23907]
[23908 24017]
[24018 24116]
[24117 24228]
[24229 24282]
[24283 24346]
[24347 24376]
[24377 24423]
[24424 24649]
[24650 24794]
[24795 24874]
[24875 25000]
[25001 25229]
[25230 25510]
[25511 25599]
