[ 0 40]
[ 41 444]
[445 495]
[496 509]
[510 539]
[540 565]
[566 590]
[591 622]
[623 657]
[658 697]
[698 723]
[724 746]
[747 779]
[780 817]
[818 839]
[840 870]
[871 946]
[ 947 1487]
[1488 1524]
[1525 1578]
[1579 1627]
[1628 1674]
[1675 1701]
[1702 1996]
[1997 2195]
[2196 2242]
[2243 2285]
[2286 2341]
[2342 2412]
[2413 2469]
[2470 2483]
[2484 2678]
[2679 2744]
[2745 2779]
[2780 2808]
[2809 2854]
[2855 2919]
[2920 2951]
[2952 3000]
[3001 3307]
[3308 3359]
[3360 3423]
[3424 3459]
[3460 3517]
[3518 3553]
[3554 3618]
[3619 3683]
[3684 3716]
[3717 3752]
[3753 3799]
[3800 3881]
[3882 3942]
[3943 3998]
[3999 4101]
[4102 4142]
[4143 4454]
[4455 4536]
[4537 4602]
[4603 4682]
[4683 4755]
[4756 4811]
[4812 4845]
[4846 4966]
[4967 5023]
[5024 5073]
[5074 5100]
[5101 5138]
[5139 5171]
[5172 5204]
[5205 5334]
[5335 5527]
[5528 5656]
[5657 5706]
[5707 5747]
[5748 5799]
[5800 5845]
[5846 6371]
[6372 6435]
[6436 6485]
[6486 6574]
[6575 6658]
[6659 6734]
[6735 6838]
[6839 6937]
[6938 7018]
[7019 7109]
[7110 7174]
[7175 7210]
[7211 7255]
[7256 7310]
[7311 7353]
[7354 7407]
[7408 7475]
[7476 7589]
[7590 7881]
[7882 7908]
[7909 7950]
[7951 7991]
[7992 8032]
[8033 8089]
[8090 8143]
[8144 8188]
[8189 8222]
[8223 8305]
[8306 8325]
[8326 8358]
[8359 8394]
[8395 8444]
[8445 8483]
[8484 8547]
[8548 8566]
[8567 8617]
[8618 8686]
[8687 8740]
[8741 8758]
[8759 8800]
[8801 8832]
[8833 8855]
[8856 8903]
[8904 8949]
[8950 8985]
[8986 9021]
[9022 9058]
[9059 9083]
[9084 9118]
[9119 9167]
[9168 9226]
[9227 9313]
[9314 9406]
[9407 9498]
[9499 9554]
[9555 9671]
[ 9672 10040]
[10041 10109]
[10110 10214]
[10215 10319]
[10320 10440]
[10441 10548]
[10549 10695]
[10696 10748]
[10749 11042]
[11043 11205]
[11206 11424]
[11425 11542]
[11543 11746]
[11747 11896]
[11897 12233]
[12234 12341]
[12342 12553]
[12554 12807]
[12808 12929]
[12930 13053]
[13054 13177]
[13178 13274]
[13275 13615]
[13616 13704]
[13705 13780]
[13781 13827]
[13828 13876]
[13877 13950]
[13951 14028]
[14029 14117]
[14118 14203]
[14204 14299]
[14300 14403]
[14404 14463]
[14464 14849]
[14850 14915]
[14916 14961]
[14962 15013]
[15014 15045]
[15046 15208]
[15209 15265]
[15266 15323]
[15324 15365]
[15366 15440]
[15441 15492]
[15493 15537]
[15538 15591]
[15592 15640]
[15641 15695]
[15696 15731]
[15732 15780]
[15781 16057]
[16058 16063]
[16064 16090]
[16091 16114]
[16115 16149]
[16150 16211]
[16212 16289]
[16290 16338]
[16339 16391]
[16392 16431]
[16432 16468]
[16469 16534]
[16535 16577]
[16578 16655]
[16656 17022]
[17023 17151]
[17152 17200]
[17201 17253]
[17254 17325]
[17326 17430]
[17431 17514]
[17515 17675]
[17676 17770]
[17771 17882]
[17883 18003]
[18004 18052]
[18053 18530]
[18531 18629]
[18630 18699]
[18700 18765]
[18766 18837]
[18838 18902]
[18903 18991]
[18992 19056]
[19057 19320]
[19321 19397]
[19398 19449]
[19450 19549]
[19550 19601]
[19602 19645]
[19646 19690]
[19691 19739]
[19740 19789]
[19790 19836]
[19837 19880]
[19881 20024]
[20025 20244]
[20245 20281]
[20282 20370]
[20371 20421]
[20422 20473]
[20474 20529]
[20530 20593]
[20594 20683]
[20684 20734]
[20735 20782]
[20783 20834]
[20835 20857]
[20858 21039]
[21040 21160]
[21161 21206]
[21207 21251]
[21252 21300]
[21301 21339]
[21340 21661]
[21662 21705]
[21706 21742]
[21743 21776]
[21777 21805]
[21806 21843]
[21844 21886]
[21887 21923]
[21924 21986]
[21987 22026]
[22027 22068]
[22069 22149]
[22150 22210]
[22211 22560]
[22561 22641]
[22642 22778]
[22779 23110]
[23111 23199]
[23200 23312]
[23313 23531]
[23532 23672]
[23673 23784]
[23785 23824]
[23825 23966]
[23967 24065]
[24066 24134]
[24135 24202]
[24203 24618]
[24620 24699]
