[  0 217]
[218 273]
[274 312]
[313 358]
[359 400]
[401 439]
[440 476]
[477 524]
[525 564]
[565 604]
[605 649]
[650 688]
[689 727]
[728 765]
[766 851]
[ 852 1153]
[1155 1257]
[1258 1325]
[1326 1373]
[1374 1427]
[1428 1487]
[1488 1525]
[1526 1606]
[1607 1678]
[1679 1731]
[1732 1791]
[1792 1847]
[1848 1906]
[1907 1963]
[1964 2019]
[2020 2119]
[2120 2162]
[2163 2190]
[2191 2228]
[2229 2263]
[2264 2316]
[2317 2928]
[2929 3001]
[3002 3038]
[3039 3083]
[3084 3236]
[3237 3279]
[3280 3314]
[3315 3345]
[3346 3372]
[3373 3419]
[3420 3464]
[3465 3503]
[3504 3665]
[3666 3701]
[3702 3714]
[3715 3752]
[3753 3764]
[3765 3938]
[3939 4010]
[4011 4058]
[4059 4236]
[4237 4273]
[4274 4307]
[4308 4368]
[4369 4399]
[4400 4438]
[4439 4498]
[4499 4875]
[4877 4947]
[4948 5022]
[5023 5103]
[5104 5175]
[5176 5357]
[5358 5380]
[5381 5426]
[5427 5451]
[5452 5490]
[5491 5544]
[5545 5597]
[5598 5645]
[5646 5750]
[5751 5791]
[5792 5942]
[5943 6004]
[6005 6056]
[6057 6105]
[6106 6139]
[6140 6203]
[6204 6243]
[6244 6516]
[6517 6570]
[6571 6630]
[6631 6694]
[6695 6759]
[6760 6806]
[6807 6853]
[6854 6894]
[6895 6949]
[6950 7105]
[7106 7290]
[7291 7417]
[7418 7471]
[7472 7524]
[7525 7572]
[7573 7606]
[7607 7654]
[7655 7693]
[7694 7763]
[7764 7818]
[7819 7885]
[7886 8280]
[8281 8305]
[8306 8354]
[8355 8397]
[8398 8442]
[8443 8497]
[8498 8525]
[8526 8580]
[8581 8646]
[8647 8732]
[8733 8830]
[8831 8921]
[8922 8961]
[8962 9003]
[9004 9042]
[9043 9068]
[9069 9179]
[9180 9269]
[9270 9292]
[9293 9339]
[9340 9480]
[9481 9549]
[9550 9599]
[9600 9660]
[9661 9720]
[9721 9772]
[9773 9816]
[9817 9921]
[ 9922 10290]
[10291 10355]
[10356 10462]
[10463 10665]
[10666 10715]
[10716 10832]
[10833 10950]
[10951 11042]
[11043 11372]
[11373 11444]
[11445 11591]
[11592 11631]
[11632 11667]
[11668 11708]
[11709 11773]
[11774 11834]
[11835 11907]
[11908 11959]
[11960 12037]
[12038 12128]
[12129 12285]
[12286 12325]
[12326 12380]
[12381 12420]
[12421 12466]
[12467 12905]
[12906 12969]
[12970 12997]
[12998 13028]
[13029 13134]
[13135 13198]
[13199 13310]
[13311 13323]
[13324 13378]
[13379 13419]
[13420 13468]
[13469 13521]
[13522 13581]
[13582 13641]
[13642 13712]
[13713 13987]
[13988 14073]
[14074 14168]
[14169 14273]
[14274 14386]
[14387 14528]
[14529 14586]
[14587 14633]
[14634 14705]
[14706 14765]
[14766 14830]
[14831 14870]
[14871 14901]
[14902 14933]
[14934 14967]
[14968 15368]
[15369 15497]
[15498 15563]
[15564 15652]
[15653 15779]
[15780 15823]
[15824 16126]
[16127 16197]
[16198 16317]
[16318 16435]
[16436 16604]
[16605 16724]
[16725 17255]
[17256 17404]
[17405 17494]
[17495 17561]
[17562 17596]
[17597 17632]
[17633 17775]
[17776 17830]
[17831 17899]
[17900 17934]
[17935 18292]
[18295 18385]
[18386 18455]
[18456 18529]
[18530 18748]
[18749 18834]
[18835 18893]
[18894 18956]
[18957 19053]
[19054 19157]
[19158 19559]
[19561 19633]
[19634 19753]
[19754 19885]
[19886 19927]
[19928 19982]
[19983 20021]
[20022 20080]
[20081 20123]
[20124 20263]
[20264 20312]
[20313 20372]
[20373 20410]
[20411 20441]
[20442 20628]
[20629 20688]
[20689 20712]
[20713 20776]
[20777 20877]
[20878 21359]
[21360 21427]
[21428 21472]
[21473 21522]
[21523 21568]
[21569 21605]
[21606 21649]
[21650 21714]
[21715 21754]
[21755 21939]
[21940 21970]
[21971 21999]
[22000 22032]
[22033 22078]
[22079 22103]
[22104 22148]
[22149 22199]
[22200 22239]
[22240 22276]
[22277 22307]
[22308 22405]
[22406 22660]
[22661 22793]
[22794 22889]
[22890 22998]
[22999 23156]
[23157 23236]
[23237 23326]
[23327 23486]
[23487 23604]
[23605 23654]
[23655 23762]
[23763 23852]
[23853 24239]
[24240 24331]
[24332 24428]
[24429 24504]
[24505 24586]
[24587 24624]
[24625 24667]
[24668 24728]
[24729 24796]
[24797 24904]
[24905 25012]
[25013 25095]
[25096 25128]
[25129 25170]
[25171 25528]
[25529 25599]
