[ 0 20]
[ 21 341]
[342 392]
[393 428]
[429 458]
[459 486]
[487 519]
[520 550]
[551 583]
[584 613]
[614 643]
[644 693]
[694 717]
[718 742]
[743 768]
[769 803]
[804 838]
[839 876]
[877 973]
[ 974 1440]
[1441 1537]
[1538 1576]
[1577 1619]
[1620 1708]
[1709 1798]
[1799 1883]
[1884 1970]
[1971 2056]
[2057 2145]
[2146 2229]
[2230 2316]
[2317 2374]
[2375 2461]
[2462 2548]
[2549 2633]
[2634 2684]
[2685 2991]
[2992 3057]
[3058 3103]
[3104 3166]
[3167 3230]
[3231 3310]
[3311 3364]
[3365 3407]
[3408 3476]
[3477 3514]
[3515 3568]
[3569 3639]
[3640 3752]
[3753 3805]
[3806 3847]
[3848 3917]
[3918 3975]
[3976 4016]
[4017 4057]
[4058 4105]
[4106 4571]
[4572 4695]
[4696 4851]
[4852 4970]
[4971 5140]
[5141 5307]
[5308 5460]
[5461 6004]
[6005 6047]
[6048 6113]
[6114 6188]
[6189 6260]
[6261 6326]
[6327 6336]
[6337 6368]
[6369 6546]
[6547 6557]
[6558 6642]
[6643 6717]
[6718 6786]
[6787 6992]
[6993 7134]
[7135 7180]
[7181 7241]
[7242 7341]
[7342 7373]
[7374 7452]
[7453 7492]
[7493 7966]
[7967 7995]
[7996 8061]
[8062 8125]
[8126 8181]
[8182 8232]
[8233 8239]
[8240 8313]
[8314 8352]
[8353 8374]
[8375 8421]
[8422 8446]
[8447 8493]
[8494 8530]
[8531 8581]
[8582 8640]
[8641 8695]
[8696 8746]
[8747 8958]
[8959 8989]
[8990 9030]
[9031 9070]
[9071 9128]
[9129 9340]
[9341 9377]
[9378 9433]
[9434 9485]
[9486 9536]
[9537 9583]
[9584 9605]
[9606 9667]
[9668 9721]
[9722 9772]
[9773 9819]
[9820 9860]
[9861 9901]
[9902 9930]
[9931 9969]
[ 9970 10001]
[10002 10065]
[10066 10159]
[10160 10687]
[10688 10811]
[10813 10937]
[10938 11029]
[11030 11094]
[11095 11161]
[11162 11278]
[11279 11311]
[11312 11350]
[11351 11420]
[11421 11564]
[11565 11647]
[11648 11719]
[11720 11788]
[11789 11864]
[11865 11899]
[11900 12291]
[12292 12374]
[12375 12444]
[12445 12517]
[12518 12597]
[12598 12666]
[12667 12776]
[12777 12874]
[12875 12986]
[12987 13063]
[13064 13152]
[13153 13233]
[13234 13324]
[13325 13401]
[13402 13449]
[13450 13710]
[13711 13725]
[13726 13842]
[13843 13884]
[13885 14328]
[14329 14581]
[14582 14796]
[14797 14848]
[14849 14898]
[14899 14949]
[14950 14982]
[14983 15032]
[15033 15076]
[15077 15144]
[15145 15221]
[15222 15275]
[15276 15305]
[15306 15335]
[15336 15416]
[15417 15464]
[15465 15516]
[15517 15558]
[15559 15623]
[15624 15668]
[15669 15702]
[15703 15742]
[15743 15775]
[15776 15805]
[15806 15824]
[15825 15850]
[15851 15880]
[15881 15906]
[15907 15943]
[15944 15970]
[15971 16065]
[16066 16448]
[16449 16519]
[16520 16592]
[16593 16669]
[16670 16723]
[16724 16821]
[16822 16932]
[16933 17100]
[17101 17205]
[17206 17360]
[17361 17462]
[17463 17567]
[17568 17626]
[17627 17688]
[17689 17750]
[17751 17860]
[17861 18129]
[18130 18278]
[18279 18366]
[18367 18469]
[18470 18664]
[18665 18789]
[18790 18827]
[18828 18911]
[18912 18963]
[18964 19224]
[19225 19406]
[19407 19530]
[19531 19944]
[19945 20065]
[20066 20120]
[20121 20205]
[20206 20269]
[20270 20354]
[20355 20419]
[20420 20505]
[20506 20587]
[20588 20705]
[20706 20765]
[20766 20849]
[20850 20923]
[20924 21005]
[21006 21069]
[21070 21115]
[21116 21179]
[21180 21295]
[21296 21361]
[21362 21424]
[21425 21508]
[21509 21592]
[21593 21667]
[21668 21741]
[21742 21854]
[21855 22210]
[22211 22267]
[22268 22323]
[22324 22379]
[22380 22425]
[22426 22504]
[22505 22555]
[22556 22574]
[22575 22729]
[22730 22757]
[22758 22820]
[22821 22890]
[22891 22934]
[22935 22998]
[22999 23048]
[23049 23100]
[23101 23145]
[23146 23190]
[23191 23241]
[23242 23312]
[23313 23389]
[23390 23442]
[23443 23845]
[23846 23876]
[23877 24021]
[24022 24101]
[24102 24202]
[24203 24279]
[24280 24350]
[24351 24454]
[24455 24611]
[24612 24637]
[24638 24848]
[24849 24928]
[24929 24998]
[24999 25031]
[25032 25093]
[25094 25162]
[25163 25208]
[25209 25274]
[25275 25484]
[25485 25590]
[25591 25684]
[25685 25722]
[25723 25769]
[25770 25817]
[25818 25898]
[25899 25955]
[25956 25997]
[25998 26127]
[26128 26186]
[26187 26240]
[26241 26278]
[26279 26326]
[26327 26398]
[26399 26458]
[26459 26600]
[26601 26656]
[26657 26708]
[26709 26767]
[26768 26846]
[26847 26935]
[26936 27006]
[27007 27054]
[27055 27119]
[27120 27187]
[27188 27247]
[27248 27310]
[27311 27355]
[27356 27727]
[27729 27799]
