[0 6]
[  7 270]
[271 328]
[329 367]
[368 402]
[403 427]
[428 455]
[456 511]
[512 579]
[580 624]
[625 676]
[677 704]
[705 772]
[773 813]
[814 906]
[ 907 1546]
[1547 1618]
[1619 1655]
[1656 1697]
[1698 1741]
[1742 1768]
[1769 1802]
[1803 1859]
[1860 1879]
[1880 1936]
[1937 1953]
[1954 2010]
[2011 2049]
[2050 2127]
[2128 2199]
[2200 2252]
[2253 2302]
[2303 2360]
[2361 2417]
[2418 2452]
[2453 2535]
[2536 2591]
[2592 2635]
[2636 2678]
[2679 2704]
[2705 2744]
[2745 2812]
[2813 2901]
[2902 2961]
[2962 3010]
[3011 3054]
[3055 3086]
[3087 3307]
[3308 3404]
[3405 3461]
[3462 3523]
[3524 3559]
[3560 3620]
[3621 3685]
[3686 3717]
[3718 3787]
[3788 3867]
[3868 3937]
[3938 3989]
[3990 4016]
[4017 4092]
[4093 4160]
[4161 4198]
[4199 4265]
[4266 4326]
[4327 4376]
[4377 4436]
[4437 4873]
[4874 4942]
[4943 5009]
[5010 5096]
[5097 5177]
[5178 5261]
[5262 5334]
[5335 5378]
[5379 5445]
[5446 5477]
[5478 5547]
[5548 5590]
[5591 5636]
[5637 5699]
[5700 5733]
[5734 5853]
[5854 5904]
[5905 5979]
[5980 6032]
[6033 6139]
[6140 6181]
[6182 6234]
[6235 6303]
[6304 6363]
[6364 6395]
[6396 6424]
[6425 6469]
[6470 6830]
[6831 6919]
[6920 6968]
[6969 7050]
[7051 7111]
[7112 7184]
[7185 7319]
[7320 7410]
[7411 7492]
[7493 7508]
[7509 7542]
[7543 7614]
[7615 7738]
[7739 7874]
[7875 7948]
[7949 8002]
[8003 8060]
[8061 8167]
[8168 8225]
[8226 8293]
[8294 8434]
[8435 8471]
[8472 8569]
[8570 8613]
[8614 8663]
[8664 8749]
[8750 8778]
[8779 8848]
[8849 8881]
[8882 8928]
[8929 9010]
[9011 9283]
[9284 9380]
[9381 9424]
[9425 9517]
[9518 9593]
[9594 9714]
[9715 9815]
[9816 9856]
[9857 9946]
[9947 9998]
[ 9999 10074]
[10075 10159]
[10160 10260]
[10261 10319]
[10320 10580]
[10581 10623]
[10624 10665]
[10666 10744]
[10745 10883]
[10884 10930]
[10931 10965]
[10966 11004]
[11005 11069]
[11070 11174]
[11175 11235]
[11236 11287]
[11288 11350]
[11351 11427]
[11428 11501]
[11502 11589]
[11590 11915]
[11916 11966]
[11967 12166]
[12167 12304]
[12305 12426]
[12427 12549]
[12550 12722]
[12723 12930]
[12931 13262]
[13263 13330]
[13331 13391]
[13392 13468]
[13469 13539]
[13540 13606]
[13607 13648]
[13649 13701]
[13702 13772]
[13773 13824]
[13825 13891]
[13892 13964]
[13965 14031]
[14032 14100]
[14101 14174]
[14175 14227]
[14228 14540]
[14541 14788]
[14789 15019]
[15020 15147]
[15148 15374]
[15375 15498]
[15499 15572]
[15573 15751]
[15752 15797]
[15798 15846]
[15847 16086]
[16087 16126]
[16127 16164]
[16165 16230]
[16231 16279]
[16280 16331]
[16332 16374]
[16375 16460]
[16461 16513]
[16514 16583]
[16584 16620]
[16621 16660]
[16661 16738]
[16739 16801]
[16802 16850]
[16851 16908]
[16909 17027]
[17028 17095]
[17096 17135]
[17136 17202]
[17203 17368]
[17369 17423]
[17424 17468]
[17469 17543]
[17544 17589]
[17590 17640]
[17641 18018]
[18020 18163]
[18164 18182]
[18183 18260]
[18261 18392]
[18393 18467]
[18468 18549]
[18550 18605]
[18606 18653]
[18654 18772]
[18773 18928]
[18929 19070]
[19071 19248]
[19249 19328]
[19329 19384]
[19385 19447]
[19448 19530]
[19531 19619]
[19620 19698]
[19699 19792]
[19793 19894]
[19895 19987]
[19988 20037]
[20038 20164]
[20165 20214]
[20215 20318]
[20319 20660]
[20661 20749]
