[0 7]
[  8 368]
[369 423]
[424 459]
[460 489]
[490 517]
[518 550]
[551 579]
[580 610]
[611 641]
[642 674]
[675 711]
[712 742]
[743 769]
[770 798]
[799 851]
[ 852 1338]
[1339 1391]
[1392 1437]
[1438 1513]
[1514 1595]
[1596 1666]
[1667 1734]
[1735 1794]
[1795 1913]
[1914 1975]
[1976 2097]
[2098 2168]
[2169 2236]
[2237 2311]
[2312 2349]
[2350 2419]
[2420 2489]
[2490 2550]
[2551 2598]
[2599 2999]
[3001 3052]
[3053 4015]
[4016 4206]
[4207 4257]
[4258 4345]
[4346 4427]
[4428 4532]
[4533 4652]
[4653 4769]
[4770 4846]
[4847 4960]
[4961 4996]
[4997 5491]
[5493 5529]
[5530 5575]
[5576 5616]
[5617 5660]
[5661 5689]
[5690 5753]
[5754 6053]
[6054 6433]
[6434 6498]
[6499 6546]
[6547 6582]
[6583 6651]
[6652 6697]
[6698 6827]
[6828 6878]
[6879 6910]
[6911 6952]
[6953 7007]
[7008 7062]
[7063 7104]
[7105 7141]
[7142 7184]
[7185 7269]
[7270 7653]
[7654 7702]
[7703 7824]
[7825 7915]
[7916 8039]
[8040 8123]
[8124 8182]
[8183 8257]
[8258 8414]
[8415 8551]
[8552 8648]
[8649 8722]
[8723 8859]
[8860 9541]
[9542 9702]
[9703 9744]
[9745 9850]
[9851 9902]
[ 9903 10053]
[10054 10135]
[10136 10205]
[10206 10300]
[10301 10365]
[10366 10494]
[10495 10690]
[10691 10721]
[10722 10851]
[10852 10924]
[10925 11419]
[11420 11483]
[11484 11563]
[11564 11648]
[11649 11716]
[11717 11787]
[11788 11864]
[11865 11902]
[11903 11943]
[11944 11982]
[11983 12026]
[12027 12053]
[12054 12086]
[12087 12166]
[12167 12234]
[12235 12312]
[12313 12357]
[12358 12414]
[12415 12757]
[12758 12833]
[12834 12891]
[12892 12929]
[12930 12971]
[12972 13043]
[13044 13074]
[13075 13131]
[13132 13170]
[13171 13209]
[13210 13235]
[13236 13273]
[13274 13327]
[13328 13365]
[13366 13424]
[13425 13471]
[13472 13508]
[13509 13539]
[13540 13570]
[13571 13609]
[13610 13678]
[13679 13745]
[13746 13795]
[13796 14273]
[14274 14369]
[14370 14448]
[14449 14538]
[14539 14682]
[14683 14817]
[14818 14899]
[14900 14935]
[14936 14975]
[14976 15050]
[15051 15140]
[15141 15197]
[15198 15253]
[15254 15337]
[15338 15609]
[15610 15693]
[15694 15772]
[15773 15865]
[15866 15940]
[15941 16019]
[16020 16073]
[16074 16136]
[16137 16202]
[16203 16273]
[16274 16432]
[16433 16489]
[16490 16536]
[16537 16578]
[16579 16612]
[16613 16668]
[16669 16722]
[16723 16778]
[16779 16870]
[16871 17248]
[17249 17479]
[17480 17609]
[17610 17704]
[17705 17739]
[17740 17844]
[17845 17927]
[17928 18035]
[18036 18121]
[18122 18189]
[18190 18390]
[18391 18618]
[18619 18762]
[18763 19237]
[19238 19296]
[19297 19366]
[19367 19427]
[19428 19491]
[19492 19561]
[19562 19604]
[19605 19653]
[19654 19689]
[19690 19783]
[19784 19823]
[19824 19905]
[19906 19971]
[19972 20097]
[20098 20160]
[20161 20231]
[20232 20289]
[20290 20365]
[20366 20414]
[20415 20517]
[20518 20642]
[20643 21072]
[21073 21132]
[21133 21234]
[21235 21284]
[21285 21340]
[21341 21368]
[21369 21408]
[21409 21514]
[21515 21558]
[21559 21596]
[21597 21644]
[21645 21677]
[21678 21746]
[21747 21833]
[21834 21857]
[21858 22016]
[22017 22093]
[22094 22140]
[22141 22263]
[22264 22463]
[22464 22625]
[22626 22762]
[22763 22834]
[22835 22921]
[22922 23075]
[23076 23265]
[23266 23318]
[23319 23405]
[23406 23529]
[23530 23652]
[23653 23771]
[23772 23843]
[23844 23923]
[23924 24433]
[24434 24454]
[24455 24516]
[24517 24563]
[24564 24643]
[24644 24716]
[24717 24827]
[24828 24934]
[24935 25028]
[25029 25152]
[25153 25244]
[25245 25611]
[25613 25793]
[25794 25826]
[25827 26012]
[26013 26164]
[26165 26216]
[26217 26399]
[26400 26419]
[26420 26742]
[26743 26783]
[26784 27106]
[27107 27162]
[27163 27218]
[27219 27504]
[27505 27558]
[27559 27615]
[27616 27687]
[27688 27753]
[27754 27893]
[27894 27943]
[27944 28324]
[28326 28377]
[28378 28447]
[28448 28634]
[28635 28846]
[28847 28897]
[28898 28961]
[28962 29242]
[29243 29349]
