[ 0 26]
[ 27 346]
[347 399]
[400 442]
[443 483]
[484 567]
[568 609]
[610 654]
[655 690]
[691 732]
[733 768]
[769 820]
[ 821 1174]
[1175 1231]
[1232 1360]
[1361 1424]
[1425 1586]
[1587 1677]
[1678 1805]
[1806 1855]
[1856 1903]
[1904 1991]
[1992 2050]
[2051 2113]
[2114 2173]
[2174 2310]
[2311 2390]
[2391 2453]
[2454 2541]
[2542 2808]
[2809 2933]
[2934 2979]
[2980 3053]
[3054 3102]
[3103 3132]
[3133 3184]
[3185 3243]
[3244 3309]
[3310 3356]
[3357 3407]
[3408 3437]
[3438 3476]
[3477 3505]
[3506 3556]
[3557 3592]
[3593 3621]
[3622 3648]
[3649 3684]
[3685 4367]
[4368 4531]
[4532 4581]
[4582 4691]
[4692 4771]
[4772 4838]
[4839 4968]
[4969 5110]
[5111 5220]
[5221 5320]
[5321 5365]
[5366 5409]
[5410 5443]
[5444 5484]
[5485 5502]
[5503 5560]
[5561 5612]
[5613 5661]
[5662 5831]
[5832 5918]
[5919 6022]
[6023 6286]
[6287 6372]
[6373 6424]
[6425 6487]
[6488 6575]
[6576 6651]
[6652 6707]
[6708 6739]
[6740 6826]
[6827 6959]
[6960 7069]
[7070 7272]
[7273 7388]
[7389 7467]
[7468 7563]
[7564 7693]
[7694 7745]
[7746 7801]
[7802 7877]
[7878 7971]
[7972 8399]
[8400 8469]
[8470 8521]
[8522 8579]
[8580 8601]
[8602 8645]
[8646 8753]
[8754 8796]
[8797 8858]
[8859 8882]
[8883 8941]
[8942 9038]
[9039 9118]
[9119 9172]
[9173 9277]
[9278 9311]
[9312 9346]
[9347 9715]
[9716 9790]
[9791 9828]
[9829 9886]
[9887 9936]
[9937 9998]
[ 9999 10053]
[10054 10175]
[10176 10233]
[10234 10291]
[10292 10346]
[10347 10399]
[10400 10416]
[10417 10496]
[10497 10781]
[10782 10878]
[10879 11109]
[11110 11466]
[11467 11567]
[11568 11924]
[11925 12024]
[12025 12190]
[12191 12422]
[12423 12578]
[12579 12742]
[12743 12852]
[12853 12917]
[12918 13010]
[13011 13121]
[13122 13233]
[13234 13339]
[13340 13436]
[13437 13525]
[13526 13587]
[13588 14001]
[14002 14050]
[14051 14088]
[14089 14133]
[14134 14192]
[14193 14253]
[14254 14321]
[14322 14372]
[14373 14415]
[14416 14479]
[14480 14551]
[14552 14695]
[14696 14794]
[14795 14840]
[14841 14891]
[14892 14962]
[14963 14970]
[14971 15331]
[15332 15425]
[15426 15501]
[15502 15558]
[15559 15643]
[15644 15703]
[15704 15770]
[15771 15822]
[15823 15905]
[15906 15984]
[15985 16020]
[16021 16072]
[16073 16127]
[16128 16198]
[16199 16264]
[16265 16304]
[16305 16374]
[16375 16427]
[16428 16481]
[16482 16541]
[16542 16599]
[16600 16655]
[16656 16907]
[16908 16961]
[16962 17019]
[17020 17088]
[17089 17105]
[17106 17163]
[17164 17259]
[17260 17295]
[17296 17387]
[17388 17460]
[17461 17564]
[17565 17678]
[17679 17771]
[17772 17826]
[17827 18247]
[18248 18285]
[18286 18332]
[18333 18446]
[18447 18571]
[18572 18628]
[18629 18647]
[18648 18735]
[18737 18844]
[18845 18961]
[18963 19060]
[19061 19104]
[19105 19148]
[19149 19193]
[19194 19402]
[19403 19472]
[19473 19586]
[19587 19691]
[19692 19794]
[19795 19901]
[19902 19967]
[19968 20046]
[20047 20130]
[20131 20241]
[20242 20303]
[20304 20369]
[20370 20454]
[20455 20521]
[20522 20853]
[20854 20924]
[20925 21003]
[21004 21106]
[21107 21147]
[21148 21222]
[21223 21342]
[21343 21413]
[21414 21487]
[21488 21530]
[21531 21670]
[21671 21759]
[21760 21827]
[21828 22053]
[22054 22297]
[22298 22341]
[22342 22386]
[22387 22429]
[22430 22480]
[22481 22535]
[22536 22592]
[22593 22643]
[22644 22689]
[22690 22829]
[22830 22889]
[22890 22944]
[22945 22971]
[22972 23129]
[23130 23186]
[23187 23252]
[23253 23338]
[23339 23428]
[23429 23562]
[23563 23649]
[23650 23722]
[23723 24122]
[24123 24163]
[24164 24218]
[24219 24241]
[24242 24281]
[24282 24344]
[24345 24419]
[24420 24494]
[24495 24603]
[24604 24676]
[24677 24760]
[24761 24798]
[24799 24898]
[24899 24950]
[24951 25037]
[25038 25089]
[25090 25427]
[25429 25499]
