[  0 367]
[368 403]
[404 433]
[434 461]
[462 494]
[495 524]
[525 554]
[555 584]
[585 618]
[619 655]
[656 686]
[687 716]
[717 743]
[744 782]
[783 817]
[818 853]
[854 944]
[ 945 1605]
[1606 1685]
[1686 1751]
[1752 1816]
[1817 1890]
[1891 2017]
[2018 2087]
[2088 2132]
[2133 2202]
[2203 2271]
[2272 2339]
[2340 2388]
[2389 2457]
[2458 2596]
[2597 2760]
[2761 3111]
[3112 3165]
[3166 3232]
[3233 3273]
[3274 3317]
[3318 3362]
[3363 3413]
[3414 3450]
[3451 3491]
[3492 3553]
[3554 3608]
[3609 3676]
[3677 3739]
[3740 3765]
[3766 3934]
[3935 3989]
[3990 4057]
[4058 4121]
[4122 4246]
[4247 4300]
[4301 4368]
[4369 4434]
[4435 4489]
[4490 4543]
[4544 4593]
[4594 4660]
[4661 5211]
[5212 5266]
[5267 5304]
[5305 5346]
[5347 5428]
[5429 5496]
[5497 5682]
[5683 5811]
[5812 5978]
[5979 6044]
[6045 6114]
[6115 6188]
[6189 6244]
[6245 6403]
[6404 6476]
[6477 6526]
[6527 6597]
[6598 6632]
[6633 6953]
[6954 7073]
[7075 7199]
[7200 7338]
[7339 7423]
[7424 7528]
[7530 7684]
[7686 7810]
[7811 8022]
[8023 8058]
[8059 8570]
[8571 8636]
[8637 8703]
[8704 8767]
[8768 8807]
[8808 8854]
[8855 8934]
[8935 8975]
[8976 9196]
[9197 9267]
[9268 9332]
[9333 9389]
[9390 9420]
[9421 9639]
[9640 9676]
[9677 9729]
[9730 9748]
[9749 9783]
[9784 9819]
[9820 9852]
[9854 9864]
[9865 9979]
[ 9980 10030]
[10031 10072]
[10073 10118]
[10119 10159]
[10160 10421]
[10422 10734]
[10735 10816]
[10817 10896]
[10897 10948]
[10949 10998]
[10999 11004]
[11005 11028]
[11029 11093]
[11094 11140]
[11141 11186]
[11187 11246]
[11247 11300]
[11301 11407]
[11408 11462]
[11463 11530]
[11531 11595]
[11596 11654]
[11655 11719]
[11720 11771]
[11772 12124]
[12125 12268]
[12269 12368]
[12369 12442]
[12443 12501]
[12502 12575]
[12576 12708]
[12709 12826]
[12827 12923]
[12924 13029]
[13030 13145]
[13146 13238]
[13239 13322]
[13323 13386]
[13387 13408]
[13409 13567]
[13568 13940]
[13941 13999]
[14000 14110]
[14111 14181]
[14182 14270]
[14271 14343]
[14344 14414]
[14415 14480]
[14481 14552]
[14553 14618]
[14619 14681]
[14682 14786]
[14787 14872]
[14873 14937]
[14938 15171]
[15172 15917]
[15918 16196]
[16197 16245]
[16246 16335]
[16336 16394]
[16395 16458]
[16459 16537]
[16538 16796]
[16797 17023]
[17024 17425]
[17426 17555]
[17556 17613]
[17614 17645]
[17646 17691]
[17692 17745]
[17746 17789]
[17790 17826]
[17827 17866]
[17867 17923]
[17924 18007]
[18008 18080]
[18081 18235]
[18236 18262]
[18263 18308]
[18309 18362]
[18363 18406]
[18407 18443]
[18444 18483]
[18484 18597]
[18598 18648]
[18649 18684]
[18685 18723]
[18724 18777]
[18778 18827]
[18828 18878]
[18879 18909]
[18910 18953]
[18954 19038]
[19039 19437]
[19438 19498]
[19499 19652]
[19653 19755]
[19756 19914]
[19915 19935]
[19936 20187]
[20188 20300]
[20301 20423]
[20424 20545]
[20546 20874]
[20875 20948]
[20949 21120]
[21121 21175]
[21176 21232]
[21233 21289]
[21290 21341]
[21342 21401]
[21402 21474]
[21475 21524]
[21525 21667]
[21668 21717]
[21718 21770]
[21771 21906]
[21907 22055]
[22056 22232]
[22233 22283]
[22284 22423]
[22424 22594]
[22595 22684]
[22685 22806]
[22807 22939]
[22940 23072]
[23073 23302]
[23303 23534]
[23535 23683]
[23684 23794]
[23795 23838]
[23839 23864]
[23865 23924]
[23925 24438]
[24439 24497]
[24498 24544]
[24545 24600]
[24601 24678]
[24679 24757]
[24758 24840]
[24841 24907]
[24908 24982]
[24983 25125]
[25126 25214]
[25215 25261]
[25262 25317]
[25318 25372]
[25373 25431]
[25432 25461]
[25462 25529]
[25530 25595]
[25596 25669]
[25670 25722]
[25723 25784]
[25785 25848]
[25849 25931]
[25932 26184]
[26186 26227]
[26228 26347]
[26348 26413]
[26414 26466]
[26467 26510]
[26511 26542]
[26543 26575]
[26576 26658]
[26659 26692]
[26693 26751]
[26752 26830]
[26831 26933]
[26934 26993]
[26994 27070]
[27071 27203]
[27204 27412]
[27414 27495]
[27496 27602]
[27603 27695]
[27696 27794]
[27795 27895]
[27896 27955]
[27956 28039]
[28040 28149]
[28150 28452]
[28453 28538]
[28539 28583]
[28584 28668]
[28669 28711]
[28712 28783]
[28784 28911]
[28912 29055]
[29056 29152]
[29153 29272]
[29273 29344]
[29345 29377]
[29378 29731]
[29732 29849]
