[ 0 46]
[ 48 289]
[290 353]
[354 396]
[397 437]
[438 487]
[488 521]
[522 563]
[564 644]
[645 686]
[687 726]
[727 768]
[769 809]
[810 843]
[844 927]
[ 928 1486]
[1487 1551]
[1552 1631]
[1632 1681]
[1682 1748]
[1749 1804]
[1805 1828]
[1829 2065]
[2066 2135]
[2136 2192]
[2193 2257]
[2258 2418]
[2419 2483]
[2484 2523]
[2524 2573]
[2574 2614]
[2615 2633]
[2634 2678]
[2679 2733]
[2734 2848]
[2849 2888]
[2889 2963]
[2964 3472]
[3473 3543]
[3544 3635]
[3636 3760]
[3761 3862]
[3863 3987]
[3988 4112]
[4113 4196]
[4197 4287]
[4288 4372]
[4373 4532]
[4533 4745]
[4746 4797]
[4798 4879]
[4880 4937]
[4938 5252]
[5253 5330]
[5331 5397]
[5398 5457]
[5458 5530]
[5531 5538]
[5539 5605]
[5606 5676]
[5677 5742]
[5743 5819]
[5820 5892]
[5893 5976]
[5977 6045]
[6046 6110]
[6111 6243]
[6244 6522]
[6523 6556]
[6557 6603]
[6604 6657]
[6658 6705]
[6706 6755]
[6756 6801]
[6802 6861]
[6862 6916]
[6917 7036]
[7037 7081]
[7082 7138]
[7139 7189]
[7190 7557]
[7558 7604]
[7605 7655]
[7656 7709]
[7710 7766]
[7767 7834]
[7835 7892]
[7893 7941]
[7942 8013]
[8014 8065]
[8066 8127]
[8128 8160]
[8161 8192]
[8193 8245]
[8246 8306]
[8307 8354]
[8355 8402]
[8403 8443]
[8444 8493]
[8494 8588]
[8589 8657]
[8658 8714]
[8715 8768]
[8769 8826]
[8827 8870]
[8871 8919]
[8920 9028]
[9029 9330]
[9331 9392]
[9393 9490]
[9491 9593]
[9594 9651]
[9652 9745]
[9746 9886]
[9887 9948]
[ 9949 10003]
[10004 10050]
[10051 10098]
[10099 10156]
[10157 10470]
[10471 10541]
[10542 10670]
[10671 10716]
[10717 10795]
[10796 10866]
[10867 10950]
[10951 11059]
[11060 11266]
[11267 11353]
[11354 11371]
[11372 11458]
[11459 11552]
[11553 11580]
[11581 11598]
[11599 11655]
[11656 11685]
[11686 11713]
[11714 11830]
[11831 12097]
[12098 12182]
[12183 12223]
[12224 12284]
[12285 12333]
[12334 12379]
[12380 12431]
[12432 12474]
[12475 12528]
[12529 12584]
[12585 12638]
[12639 12698]
[12699 12765]
[12766 12835]
[12836 12910]
[12911 12988]
[12989 13026]
[13027 13081]
[13082 13121]
[13122 13206]
[13207 13265]
[13266 13313]
[13314 13356]
[13357 13548]
[13549 13641]
[13642 13692]
[13693 13790]
[13791 13891]
[13892 13955]
[13956 13978]
[13979 14038]
[14039 14136]
[14137 14187]
[14188 14313]
[14314 14372]
[14373 14443]
[14444 14478]
[14479 14547]
[14548 14583]
[14584 14653]
[14654 14691]
[14692 14736]
[14737 14963]
[14964 15216]
[15217 15718]
[15719 15751]
[15752 15787]
[15788 15831]
[15832 15864]
[15865 15898]
[15899 15956]
[15957 16011]
[16012 16054]
[16055 16158]
[16159 16484]
[16485 16527]
[16528 16585]
[16586 16629]
[16630 16676]
[16677 16715]
[16716 16795]
[16796 16923]
[16924 16952]
[16953 17042]
[17043 17106]
[17107 17143]
[17144 17194]
[17195 17273]
[17274 17387]
[17388 17476]
[17477 17529]
[17530 17581]
[17582 17634]
[17635 17695]
[17696 17796]
[17797 17838]
[17839 17909]
[17910 18222]
[18223 18327]
[18328 18393]
[18394 18457]
[18458 18562]
[18563 18657]
[18658 18772]
[18773 18864]
[18865 18960]
[18961 19008]
[19009 19119]
[19120 19172]
[19173 19236]
[19237 19279]
[19280 19319]
[19320 19425]
[19426 19516]
[19517 19682]
[19683 20194]
[20195 20226]
[20227 20314]
[20315 20488]
[20489 20559]
[20560 20613]
[20614 20688]
[20689 20731]
[20732 20829]
[20830 20868]
[20869 20951]
[20952 21051]
[21052 21187]
[21188 21210]
[21211 21282]
[21283 21349]
[21350 21422]
[21423 21505]
[21506 21599]
[21600 21717]
[21718 21825]
[21826 22163]
[22164 22355]
[22356 22445]
[22446 22693]
[22694 23038]
[23039 23148]
[23149 23315]
[23316 23345]
[23346 23381]
[23382 23671]
[23672 23755]
[23756 23815]
[23816 23846]
[23847 23923]
[23924 23953]
[23954 23974]
[23975 24022]
[24023 24106]
[24107 24184]
[24185 24339]
[24340 24380]
[24381 24412]
[24413 24452]
[24453 24520]
[24521 24574]
[24575 24619]
[24620 24694]
[24695 24805]
[24806 24889]
[24890 24965]
[24966 25157]
[25158 25182]
[25183 25234]
[25235 25310]
[25311 25340]
[25341 25377]
[25378 25531]
[25532 25566]
[25567 25652]
[25653 25716]
[25717 25885]
[25886 25927]
[25928 25984]
[25985 26087]
[26088 26217]
[26218 26362]
[26363 26773]
[26774 26852]
[26853 27038]
[27039 27129]
[27130 27249]
[27250 27350]
[27351 27428]
[27429 27536]
[27537 27632]
[27633 27744]
[27745 27855]
[27856 27968]
[27969 28036]
[28037 28393]
[28394 28449]
