[ 0 26]
[ 28 286]
[287 341]
[342 384]
[385 425]
[426 509]
[510 551]
[552 632]
[633 674]
[675 762]
[763 812]
[813 921]
[ 922 1288]
[1289 1366]
[1367 1550]
[1551 1616]
[1617 1651]
[1652 1681]
[1682 1729]
[1730 1760]
[1761 1774]
[1775 1813]
[1814 1849]
[1850 1891]
[1892 1939]
[1940 2016]
[2017 2084]
[2085 2117]
[2118 2170]
[2171 2224]
[2225 2630]
[2631 2684]
[2685 2733]
[2734 2758]
[2759 2782]
[2783 2838]
[2839 3012]
[3013 3079]
[3080 3131]
[3132 3179]
[3180 3227]
[3228 3247]
[3248 3305]
[3306 3358]
[3359 3385]
[3386 3650]
[3651 3708]
[3709 3775]
[3776 3823]
[3824 3885]
[3886 3929]
[3930 3968]
[3969 4049]
[4050 4302]
[4303 4410]
[4411 4507]
[4508 4605]
[4606 4696]
[4697 4771]
[4772 4858]
[4859 4940]
[4941 5043]
[5044 5111]
[5112 5188]
[5189 5240]
[5241 5307]
[5308 5386]
[5387 5462]
[5463 5534]
[5535 5634]
[5635 5645]
[5646 6240]
[6241 6315]
[6316 6359]
[6360 6442]
[6443 6476]
[6477 6538]
[6539 6569]
[6570 6594]
[6595 6654]
[6655 6675]
[6676 6731]
[6732 6933]
[6934 6983]
[6984 7028]
[7029 7064]
[7065 7106]
[7107 7165]
[7166 7211]
[7212 7257]
[7258 7319]
[7320 7366]
[7367 7431]
[7432 7472]
[7473 7520]
[7521 7573]
[7574 7607]
[7608 7688]
[7689 8046]
[8047 8184]
[8185 8232]
[8233 8249]
[8250 8313]
[8314 8358]
[8359 8419]
[8420 8492]
[8493 8539]
[8540 8609]
[8610 8727]
[8728 8790]
[8791 8883]
[8884 8952]
[8953 9193]
[9194 9238]
[9239 9271]
[9272 9338]
[9339 9382]
[9383 9468]
[9469 9600]
[9601 9697]
[9698 9741]
[9742 9800]
[9801 9830]
[ 9831 10082]
[10083 10166]
[10167 10215]
[10216 10236]
[10237 10305]
[10306 10361]
[10362 10399]
[10400 10445]
[10446 10508]
[10509 10563]
[10564 10670]
[10671 10756]
[10757 10798]
[10799 10946]
[10947 11012]
[11013 11053]
[11054 11107]
[11108 11157]
[11158 11202]
[11203 11281]
[11282 11374]
[11375 11452]
[11453 11820]
[11821 11950]
[11951 12005]
[12006 12063]
[12064 12117]
[12118 12148]
[12149 12211]
[12212 12277]
[12278 12342]
[12343 12407]
[12408 12520]
[12521 12589]
[12590 12652]
[12653 12716]
[12717 12774]
[12775 12836]
[12837 12897]
[12898 12942]
[12943 12986]
[12987 13365]
[13366 13428]
[13429 13482]
[13483 13677]
[13678 13763]
[13764 13852]
[13853 13958]
[13959 14040]
[14041 14117]
[14118 14185]
[14186 14273]
[14274 14318]
[14319 14405]
[14406 14563]
[14564 14719]
[14720 14863]
[14864 15107]
[15108 15223]
[15224 15275]
[15276 15339]
[15340 15397]
[15398 15455]
[15456 15521]
[15522 15571]
[15572 15618]
[15619 15719]
[15720 16009]
[16010 16088]
[16089 16229]
[16230 16352]
[16353 16557]
[16558 16786]
[16787 16891]
[16892 16972]
[16973 17072]
[17073 17156]
[17157 17264]
[17265 17391]
[17392 17453]
[17454 17523]
[17524 17576]
[17577 17778]
[17779 17967]
[17968 18030]
[18031 18118]
[18119 18187]
[18188 18256]
[18257 18434]
[18435 18603]
[18604 18714]
[18715 18837]
[18838 18925]
[18926 18963]
[18964 19029]
[19030 19081]
[19082 19177]
[19178 19433]
[19434 19700]
[19701 19811]
[19812 19868]
[19869 19956]
[19957 20067]
[20069 20141]
[20142 20239]
[20240 20346]
[20347 20445]
[20446 20560]
[20561 20652]
[20653 20696]
[20697 20979]
[20980 21064]
[21065 21303]
[21304 22014]
[22015 22181]
[22182 22583]
[22584 22663]
[22664 22740]
[22741 22802]
[22803 22865]
[22866 22927]
[22928 22997]
[22998 23092]
[23093 23160]
[23161 23268]
[23269 23406]
[23407 23497]
[23498 23574]
[23575 23607]
[23608 23705]
[23706 23986]
[23987 24032]
[24033 24137]
[24138 24180]
[24181 24224]
[24225 24287]
[24288 24453]
[24454 24534]
[24535 24576]
[24577 24647]
[24648 24684]
[24685 24757]
[24758 25095]
[25096 25199]
