[ 0 17]
[ 18 659]
[660 714]
[715 750]
[751 780]
[781 815]
[816 841]
[842 876]
[877 931]
[932 965]
[ 966 1002]
[1003 1033]
[1034 1060]
[1061 1090]
[1091 1296]
[1297 1855]
[1856 1902]
[1903 1971]
[1972 2017]
[2018 2045]
[2046 2116]
[2117 2152]
[2153 2183]
[2184 2219]
[2220 2302]
[2303 2345]
[2346 2396]
[2397 2498]
[2499 2564]
[2565 2629]
[2630 2703]
[2704 2771]
[2772 2832]
[2833 2915]
[2916 2982]
[2983 3020]
[3021 3072]
[3073 3137]
[3138 3245]
[3246 3285]
[3286 3310]
[3311 3397]
[3398 3797]
[3798 3875]
[3876 3920]
[3921 3975]
[3976 4028]
[4029 4076]
[4077 4121]
[4122 4164]
[4165 4219]
[4220 4274]
[4275 4330]
[4331 4366]
[4367 4422]
[4423 4460]
[4461 4511]
[4512 4564]
[4565 4628]
[4629 5112]
[5113 5203]
[5204 5295]
[5296 5404]
[5405 5453]
[5454 5519]
[5520 5585]
[5586 5634]
[5635 5707]
[5708 5736]
[5737 5821]
[5822 5902]
[5903 6088]
[6089 6126]
[6127 6194]
[6195 6264]
[6265 6341]
[6342 6422]
[6423 6498]
[6499 6557]
[6558 6606]
[6607 6661]
[6662 6956]
[6957 7048]
[7049 7149]
[7150 7195]
[7196 7233]
[7234 7288]
[7289 7381]
[7382 7455]
[7456 7502]
[7503 7612]
[7613 7728]
[7729 7762]
[7763 7821]
[7822 7932]
[7933 7982]
[7983 8053]
[8054 8128]
[8129 8180]
[8181 8312]
[8313 8360]
[8361 8417]
[8418 8460]
[8461 8505]
[8506 8626]
[8627 8946]
[8947 9031]
[9032 9185]
[9186 9403]
[9404 9506]
[9507 9573]
[9574 9811]
[ 9812 10013]
[10014 10358]
[10359 10448]
[10449 10491]
[10492 10683]
[10684 10804]
[10805 10883]
[10884 10989]
[10990 11058]
[11059 11168]
[11169 11288]
[11289 11470]
[11471 11535]
[11536 11564]
[11565 11891]
[11892 11956]
[11957 12031]
[12032 12113]
[12114 12195]
[12196 12262]
[12263 12365]
[12366 12470]
[12471 12572]
[12573 12654]
[12655 12724]
[12725 12974]
[12975 13421]
[13422 13639]
[13640 13790]
[13791 13911]
[13912 13964]
[13965 14015]
[14016 14060]
[14061 14103]
[14104 14144]
[14145 14200]
[14201 14244]
[14245 14285]
[14286 14322]
[14323 14404]
[14405 14753]
[14754 14849]
[14850 14919]
[14920 14991]
[14992 15077]
[15078 15094]
[15095 15222]
[15223 15243]
[15244 15385]
[15386 15442]
[15443 15478]
[15479 15519]
[15520 15558]
[15559 15604]
[15605 15673]
[15674 15728]
[15729 15782]
[15783 15825]
[15826 15859]
[15860 16054]
[16055 16227]
[16228 16282]
[16283 16340]
[16341 16399]
[16400 16412]
[16413 16470]
[16471 16522]
[16523 16563]
[16564 16589]
[16590 16611]
[16612 16691]
[16692 16903]
[16904 16985]
[16986 17093]
[17094 17146]
[17147 17199]
[17200 17242]
[17243 17257]
[17258 17275]
[17276 17573]
[17574 17668]
[17669 17769]
[17770 17873]
[17874 17934]
[17935 18011]
[18012 18066]
[18067 18149]
[18150 18241]
[18242 18315]
[18316 18374]
[18375 18424]
[18425 18459]
[18460 18503]
[18504 18590]
[18591 18666]
[18667 18734]
[18735 19119]
[19120 19202]
[19203 19297]
[19298 19657]
[19658 19802]
[19803 19882]
[19883 19965]
[19966 20037]
[20038 20057]
[20058 20189]
[20190 20279]
[20280 20368]
[20369 20400]
[20401 20448]
[20449 20485]
[20486 20537]
[20538 21034]
[21035 21152]
[21153 21174]
[21175 21362]
[21363 21487]
[21488 21563]
[21564 21689]
[21690 21808]
[21809 21837]
[21838 21987]
[21988 22128]
[22129 22409]
[22410 22461]
[22462 22664]
[22665 22684]
[22685 22875]
[22876 23006]
[23007 23179]
[23180 23268]
[23269 23381]
[23382 23447]
[23448 23506]
[23507 23547]
[23548 23673]
[23674 23713]
[23714 23773]
[23774 23855]
[23856 23906]
[23907 23946]
[23947 24033]
[24034 24093]
[24094 24157]
[24158 24205]
[24206 24268]
[24269 24318]
[24319 24382]
[24383 24491]
[24492 24571]
[24572 24635]
[24636 24672]
[24673 24825]
[24826 25065]
[25066 25129]
[25130 25185]
[25186 25333]
[25334 25389]
[25390 25434]
[25435 25532]
[25533 25580]
[25581 25676]
[25677 25784]
[25785 25829]
[25830 25843]
[25844 26365]
[26366 26449]
