[ 0 18]
[ 20 277]
[278 328]
[329 364]
[365 394]
[395 422]
[423 455]
[456 487]
[488 517]
[518 545]
[546 579]
[580 613]
[614 645]
[646 674]
[675 704]
[705 741]
[742 772]
[773 812]
[813 907]
[ 908 1579]
[1580 1640]
[1641 1688]
[1689 1740]
[1741 1767]
[1768 1814]
[1815 1855]
[1856 1900]
[1901 1951]
[1952 2056]
[2057 2072]
[2073 2128]
[2129 2177]
[2178 2212]
[2213 2239]
[2240 2311]
[2312 2389]
[2390 2430]
[2431 2473]
[2474 2870]
[2871 3008]
[3009 3083]
[3084 3182]
[3183 3251]
[3252 3361]
[3362 3477]
[3478 3645]
[3646 3716]
[3717 3787]
[3788 3878]
[3879 3937]
[3938 4358]
[4360 4391]
[4392 4421]
[4422 4461]
[4462 4499]
[4500 4544]
[4545 4583]
[4584 4611]
[4612 4650]
[4651 4713]
[4714 4748]
[4749 4787]
[4788 4821]
[4822 4925]
[4926 4981]
[4982 5012]
[5013 5034]
[5035 5074]
[5075 5103]
[5104 5127]
[5128 5205]
[5206 5238]
[5239 5277]
[5278 5312]
[5313 5421]
[5422 5825]
[5827 6011]
[6013 6178]
[6180 6334]
[6335 6535]
[6536 6629]
[6630 7057]
[7058 7309]
[7310 7398]
[7399 7514]
[7515 7616]
[7617 7709]
[7710 7760]
[7761 7794]
[7795 7860]
[7861 7941]
[7942 8030]
[8031 8135]
[8136 8249]
[8250 8363]
[8364 8471]
[8472 8989]
[8990 9045]
[9046 9095]
[9096 9148]
[9149 9165]
[9166 9203]
[9204 9239]
[9240 9441]
[9442 9522]
[9523 9550]
[9551 9574]
[9575 9606]
[9607 9622]
[9623 9653]
[9654 9713]
[9714 9889]
[9890 9934]
[9935 9991]
[ 9992 10008]
[10009 10056]
[10057 10099]
[10100 10157]
[10158 10187]
[10188 10218]
[10219 10274]
[10275 10330]
[10331 10519]
[10520 10570]
[10571 10617]
[10618 10658]
[10659 10699]
[10700 10764]
[10765 10809]
[10810 10865]
[10866 10953]
[10954 11375]
[11376 11506]
[11508 11628]
[11629 11753]
[11754 11878]
[11879 12009]
[12010 12620]
[12621 13367]
[13368 13464]
[13465 13556]
[13557 13656]
[13657 14113]
[14114 14300]
[14301 14355]
[14356 14420]
[14421 14479]
[14480 14542]
[14543 14604]
[14605 14666]
[14667 14730]
[14731 14802]
[14803 14866]
[14867 14930]
[14931 15101]
[15102 15154]
[15155 15216]
[15217 15243]
[15244 15274]
[15275 15333]
[15334 15396]
[15397 15445]
[15446 15841]
[15842 15896]
[15897 15958]
[15959 16028]
[16029 16088]
[16089 16278]
[16279 16328]
[16329 16388]
[16389 16448]
[16449 16508]
[16509 16578]
[16579 16658]
[16659 16755]
[16756 16809]
[16810 17161]
[17162 17238]
[17239 17298]
[17299 17377]
[17378 17437]
[17438 17487]
[17488 17527]
[17528 17567]
[17568 17627]
[17628 17677]
[17678 17727]
[17728 17758]
[17759 17837]
[17838 17884]
[17885 17957]
[17958 18017]
[18018 18077]
[18078 18167]
[18168 18233]
[18234 18307]
[18308 18357]
[18358 18417]
[18418 18492]
[18493 18837]
[18838 18898]
[18899 18961]
[18962 18994]
[18995 19018]
[19019 19072]
[19073 19145]
[19146 19173]
[19174 19231]
[19232 19280]
[19281 19324]
[19325 19359]
[19360 19387]
[19388 19428]
[19429 19468]
[19469 19517]
[19518 19574]
[19575 19633]
[19634 19699]
[19700 19736]
[19737 19786]
[19787 19828]
[19829 19893]
[19894 19959]
[19960 20134]
[20135 20185]
[20186 20232]
[20233 20273]
[20274 20314]
[20315 20350]
[20351 20382]
[20383 20421]
[20422 20460]
[20461 20496]
[20497 20579]
[20580 20921]
[20922 20986]
[20987 21048]
[21049 21137]
[21138 21210]
[21211 21304]
[21305 21606]
[21607 21666]
[21667 21726]
[21727 21784]
[21785 21844]
[21845 21934]
[21935 22124]
[22125 22184]
[22185 22234]
[22235 22294]
[22295 22354]
[22355 22413]
[22414 22496]
[22497 22961]
[22962 22992]
[22993 23026]
[23027 23075]
[23076 23111]
[23112 23131]
[23132 23148]
[23149 23183]
[23184 23216]
[23217 23260]
[23261 23333]
[23334 23370]
[23371 23425]
[23426 23500]
[23501 23548]
[23549 23643]
[23644 23806]
[23807 23904]
[23905 24019]
[24020 24149]
[24150 24494]
[24495 24556]
[24557 24626]
[24627 24696]
[24697 24753]
[24754 24804]
[24805 24906]
[24907 24981]
[24982 25162]
[25163 25234]
[25235 25333]
[25334 25410]
[25411 25467]
[25468 25581]
[25582 25677]
[25678 25759]
[25760 25810]
[25811 25864]
[25865 25937]
[25938 26483]
[26484 26563]
[26564 26625]
[26626 26701]
[26702 26751]
[26752 27100]
[27101 27161]
[27162 27220]
[27221 27272]
[27273 27333]
[27334 27411]
[27412 27483]
[27484 27553]
[27554 27606]
[27607 27958]
[27959 28049]
