[0 9]
[10 47]
[48 302]
[303 356]
[357 392]
[393 422]
[423 450]
[451 483]
[484 513]
[514 543]
[544 576]
[577 607]
[608 671]
[672 732]
[733 762]
[763 786]
[787 809]
[810 833]
[834 935]
[936 1444]
[1445 1540]
[1541 1617]
[1618 1690]
[1691 1789]
[1790 1858]
[1859 1897]
[1898 1985]
[1986 2012]
[2013 2114]
[2115 2189]
[2190 2258]
[2259 2403]
[2404 2469]
[2470 2526]
[2527 2609]
[2610 2778]
[2779 2855]
[2856 2919]
[2920 2972]
[2973 3042]
[3043 3782]
[3783 3846]
[3847 3913]
[3914 3971]
[3972 4036]
[4037 4074]
[4075 4126]
[4127 4195]
[4196 4270]
[4271 4442]
[4443 4564]
[4565 4697]
[4698 4785]
[4786 5054]
[5055 5150]
[5151 5188]
[5189 5249]
[5250 5301]
[5302 5342]
[5343 5365]
[5366 5967]
[5968 6094]
[6095 6240]
[6241 6390]
[6391 6516]
[6517 6572]
[6573 6708]
[6709 6823]
[6824 6952]
[6953 7187]
[7188 7280]
[7281 7345]
[7346 7575]
[7576 7637]
[7638 7687]
[7688 7773]
[7774 7855]
[7856 7922]
[7923 7954]
[7955 7998]
[7999 8097]
[8098 8139]
[8140 8199]
[8200 8237]
[8238 8291]
[8292 8383]
[8384 8481]
[8482 8599]
[8600 8712]
[8713 8777]
[8778 8838]
[8839 8907]
[8908 9250]
[9251 9359]
[9360 9452]
[9453 9554]
[9555 9652]
[9653 9759]
[9760 9861]
[9862 9923]
[9924 10001]
[10002 10100]
[10101 10197]
[10198 10259]
[10260 10339]
[10340 10762]
[10763 10818]
[10819 10878]
[10879 10935]
[10936 10995]
[10996 11059]
[11060 11114]
[11115 11267]
[11268 11317]
[11318 11382]
[11383 11445]
[11446 11490]
[11491 11548]
[11549 11598]
[11599 11658]
[11659 11808]
[11809 11873]
[11874 11919]
[11920 11965]
[11966 12029]
[12030 12090]
[12091 12160]
[12161 12661]
[12662 12777]
[12778 12853]
[12854 12928]
[12929 12975]
[12976 13047]
[13048 13255]
[13256 13422]
[13423 13550]
[13551 13761]
[13762 13854]
[13855 13984]
[13985 14359]
[14360 14436]
[14437 14549]
[14550 14671]
[14672 14783]
[14784 14858]
[14859 14939]
[14940 15034]
[15035 15128]
[15129 15166]
[15167 15205]
[15206 15379]
[15380 15458]
[15459 15538]
[15539 15590]
[15591 15653]
[15654 15734]
[15735 15812]
[15813 16284]
[16285 16360]
[16361 16430]
[16431 16501]
[16502 16572]
[16573 16607]
[16608 16642]
[16643 16677]
[16678 16708]
[16709 16757]
[16758 16779]
[16780 16814]
[16815 16849]
[16850 16893]
[16894 16920]
[16921 16955]
[16956 16990]
[16991 17026]
[17027 17062]
[17063 17097]
[17098 17132]
[17133 17150]
[17151 17175]
[17176 17206]
[17207 17241]
[17242 17270]
[17271 17306]
[17307 17337]
[17338 17366]
[17367 17434]
[17435 17469]
[17470 17513]
[17514 17548]
[17549 17580]
[17581 17615]
[17616 17650]
[17651 17685]
[17686 17778]
[17779 18006]
[18007 18119]
[18120 18273]
[18274 18406]
[18407 18416]
[18417 18480]
[18481 18553]
[18554 18577]
[18578 18615]
[18616 18659]
[18660 18731]
[18732 18788]
[18789 18835]
[18836 19052]
[19053 19106]
[19107 19153]
[19154 19209]
[19210 19245]
[19246 19271]
[19272 19389]
[19390 19429]
[19430 19465]
[19466 19499]
[19500 19533]
[19534 19565]
[19566 19645]
[19646 20081]
[20082 20143]
[20144 20182]
[20183 20224]
[20225 20291]
[20292 20330]
[20331 20384]
[20385 20466]
[20467 20838]
[20839 20926]
[20927 21104]
[21105 21154]
[21155 21415]
[21416 21478]
[21479 21552]
[21553 21612]
[21613 21688]
[21689 21743]
[21744 21836]
[21837 21908]
[21909 21963]
[21964 21993]
[21994 22046]
[22047 22070]
[22071 22110]
[22111 22149]
[22150 22289]
[22290 22512]
[22513 22583]
[22584 22646]
[22647 22698]
[22699 22750]
[22751 22803]
[22804 22852]
[22853 22909]
[22910 23014]
[23015 23065]
[23066 23143]
[23144 23233]
[23234 23293]
[23294 23334]
[23335 23566]
[23567 23647]
[23648 23698]
[23699 23764]
[23765 23835]
[23836 23916]
[23917 23977]
[23978 24066]
[24067 24132]
[24133 24207]
[24208 24578]
[24579 24787]
[24788 24864]
[24865 24935]
[24936 24964]
[24965 25049]
[25050 25119]
[25120 25173]
[25174 25259]
[25260 25319]
[25320 25375]
[25376 25396]
[25397 25471]
[25472 25521]
[25522 25586]
[25587 25623]
[25624 25673]
[25674 25709]
[25710 25966]
[25967 26014]
[26015 26101]
[26102 26146]
[26147 26237]
[26238 26301]
[26302 26396]
[26397 26437]
[26438 26473]
[26474 26505]
[26506 26542]
[26543 26574]
[26575 26649]
[26650 26740]
[26741 27098]
[27099 27326]
[27327 27462]
[27463 27615]
[27616 27947]
[27948 28100]
[28101 28127]
[28128 28171]
[28172 28206]
[28207 28277]
[28278 28332]
[28333 28375]
[28376 28452]
[28453 28497]
[28498 28771]
[28772 28873]
