[0 8]
[9 44]
[45 339]
[340 405]
[406 451]
[452 495]
[496 532]
[533 564]
[565 608]
[609 656]
[657 684]
[685 735]
[736 755]
[756 781]
[782 806]
[807 857]
[858 879]
[880 909]
[910 979]
[980 1519]
[1521 1568]
[1569 1595]
[1596 1659]
[1660 1716]
[1717 1774]
[1775 1870]
[1871 1968]
[1969 2017]
[2018 2073]
[2074 2121]
[2122 2208]
[2209 2337]
[2338 2354]
[2355 2433]
[2434 2484]
[2485 2557]
[2558 2623]
[2624 2688]
[2689 2782]
[2783 2859]
[2860 2944]
[2945 2979]
[2980 3007]
[3008 3117]
[3118 4020]
[4021 4145]
[4146 4229]
[4230 4318]
[4319 4378]
[4379 4428]
[4429 4474]
[4475 4527]
[4528 4597]
[4598 4666]
[4667 4713]
[4714 4793]
[4794 4858]
[4859 4957]
[4958 5065]
[5066 5097]
[5098 5139]
[5140 5230]
[5231 5634]
[5635 5678]
[5679 5727]
[5728 5779]
[5780 5829]
[5830 5884]
[5885 5943]
[5944 5996]
[5997 6058]
[6059 6095]
[6096 6122]
[6123 6229]
[6230 6278]
[6279 6315]
[6316 6357]
[6358 6400]
[6401 6445]
[6446 6508]
[6509 6545]
[6546 6580]
[6581 6626]
[6627 6689]
[6690 6703]
[6704 6765]
[6766 6802]
[6803 6861]
[6862 6928]
[6929 6987]
[6988 7057]
[7058 7116]
[7117 7429]
[7430 7491]
[7492 7553]
[7554 7651]
[7652 7734]
[7735 7848]
[7849 7948]
[7949 7968]
[7969 8030]
[8031 8097]
[8098 8219]
[8220 8621]
[8622 8661]
[8662 8712]
[8713 8741]
[8742 8762]
[8763 8798]
[8799 8862]
[8863 8883]
[8884 8928]
[8929 8966]
[8967 9000]
[9001 9055]
[9056 9153]
[9154 9230]
[9231 9294]
[9295 9329]
[9330 9397]
[9398 9458]
[9459 9546]
[9547 9606]
[9607 9687]
[9688 9765]
[9766 9840]
[9841 9889]
[9890 9962]
[9963 10043]
[10044 10123]
[10124 10240]
[10241 10276]
[10277 10331]
[10332 10377]
[10378 10420]
[10421 10466]
[10467 10519]
[10520 10572]
[10573 11322]
[11323 11355]
[11356 11572]
[11573 11595]
[11596 11673]
[11674 11758]
[11759 11842]
[11843 11900]
[11901 11961]
[11962 12013]
[12014 12069]
[12070 12104]
[12105 12178]
[12179 12241]
[12242 12290]
[12291 12351]
[12352 12460]
[12461 12554]
[12555 12581]
[12582 12651]
[12652 13184]
[13185 13265]
[13266 13322]
[13323 13419]
[13420 13463]
[13464 13506]
[13507 13554]
[13555 13788]
[13789 13837]
[13838 13911]
[13912 13950]
[13951 13999]
[14000 14055]
[14056 14116]
[14117 14203]
[14204 14489]
[14491 14566]
[14567 14593]
[14594 14665]
[14666 14733]
[14734 14766]
[14767 14827]
[14828 14890]
[14891 14965]
[14966 15016]
[15017 15148]
[15149 15208]
[15209 15728]
[15729 15787]
[15788 15835]
[15836 15879]
[15880 15917]
[15918 15947]
[15948 16038]
[16039 16180]
[16181 16204]
[16205 16269]
[16270 16315]
[16316 16357]
[16358 16415]
[16416 16613]
[16614 16688]
[16689 16737]
[16738 16774]
[16775 16859]
[16860 16999]
[17000 17195]
[17197 17257]
[17258 17348]
[17349 17459]
[17460 17538]
[17539 17612]
[17613 17681]
[17682 17747]
[17748 17816]
[17817 17896]
[17897 17987]
[17988 18126]
[18127 18214]
[18215 18372]
[18373 18416]
[18417 18466]
[18467 18519]
[18520 18570]
[18571 18658]
[18659 18918]
[18919 18990]
[18991 19056]
[19057 19227]
[19228 19316]
[19317 19414]
[19415 19491]
[19492 19571]
[19572 19648]
[19649 19728]
[19729 19788]
[19789 19859]
[19860 19925]
[19926 19984]
[19985 20042]
[20043 20084]
[20085 20141]
[20142 20198]
[20199 20512]
[20513 20585]
[20586 20636]
[20637 20683]
[20684 20723]
[20724 20795]
[20796 20836]
[20837 20868]
[20869 20906]
[20907 20942]
[20943 20981]
[20982 21021]
[21022 21071]
[21072 21098]
[21099 21144]
[21145 21186]
[21187 21248]
[21249 21290]
[21291 21326]
[21327 21385]
[21386 21424]
[21425 21463]
[21464 21527]
[21528 21582]
[21583 21635]
[21636 21677]
[21678 21717]
[21718 21752]
[21753 21784]
[21785 21828]
[21829 21883]
[21884 22135]
[22136 22206]
[22207 22281]
[22282 22362]
[22363 22426]
[22427 22556]
[22557 22638]
[22639 22704]
[22705 22757]
[22758 22788]
[22789 22834]
[22835 23117]
[23118 23183]
[23184 23269]
[23270 23353]
[23354 23438]
[23439 23533]
[23534 23647]
[23648 23789]
[23790 23859]
[23860 23894]
[23895 23940]
[23941 24131]
[24132 24224]
[24225 24353]
[24354 24630]
[24631 24780]
[24781 24870]
[24871 25022]
[25023 25293]
[25294 25350]
[25351 25394]
[25395 25508]
[25509 25614]
[25615 25745]
[25746 25831]
[25832 25904]
[25905 26008]
[26009 26123]
[26124 26318]
[26319 26463]
[26464 26540]
[26541 26594]
[26595 26651]
[26652 26712]
[26713 26775]
[26776 26834]
[26835 26892]
[26893 27103]
[27104 27345]
[27346 27985]
[27986 28317]
[28318 28387]
[28388 28456]
[28457 28506]
[28507 28568]
[28569 28621]
[28622 28665]
[28666 28798]
[28799 28868]
[28869 28888]
[28889 28987]
[28988 29066]
[29067 29120]
[29121 29178]
[29179 29240]
[29241 29286]
[29287 29351]
[29352 29402]
[29403 29434]
[29435 29898]
[29899 30006]
[30007 30084]
[30085 30151]
[30152 30202]
[30203 30248]
[30249 30271]
[30272 30368]
[30369 30666]
[30667 30751]
