[0 8]
[9 39]
[40 297]
[298 350]
[351 399]
[400 438]
[439 479]
[480 512]
[513 601]
[602 646]
[647 682]
[683 726]
[727 829]
[830 928]
[929 1424]
[1425 1547]
[1548 1609]
[1610 1684]
[1685 1737]
[1738 1787]
[1788 1867]
[1868 1975]
[1976 2028]
[2029 2080]
[2081 2122]
[2123 2185]
[2186 2227]
[2228 2333]
[2334 2423]
[2424 2704]
[2705 2805]
[2806 2873]
[2874 2961]
[2962 3547]
[3548 3599]
[3600 3663]
[3664 3729]
[3730 3782]
[3783 3842]
[3843 3900]
[3901 3957]
[3958 4005]
[4006 4071]
[4072 4124]
[4125 4186]
[4187 4252]
[4253 4293]
[4294 4335]
[4336 4393]
[4394 4452]
[4453 4521]
[4522 4574]
[4575 4667]
[4668 4696]
[4697 4738]
[4739 4782]
[4783 4813]
[4814 4853]
[4854 4886]
[4887 4917]
[4918 4941]
[4942 5042]
[5043 5086]
[5087 5183]
[5184 5210]
[5211 5280]
[5281 5376]
[5377 5462]
[5463 5572]
[5573 5682]
[5683 5702]
[5703 5737]
[5738 5785]
[5786 5838]
[5839 5893]
[5894 5958]
[5959 5994]
[5995 6043]
[6044 6112]
[6113 6177]
[6178 6224]
[6225 6250]
[6251 6304]
[6305 6357]
[6358 6633]
[6634 6675]
[6676 6709]
[6710 6779]
[6780 6838]
[6839 6897]
[6898 6990]
[6991 7060]
[7061 7130]
[7131 7200]
[7201 7270]
[7271 7340]
[7341 7405]
[7406 7452]
[7453 7491]
[7492 7523]
[7524 7565]
[7566 7916]
[7917 8008]
[8009 8103]
[8104 8189]
[8190 8256]
[8257 8338]
[8339 8431]
[8432 8488]
[8489 8521]
[8522 8636]
[8637 8700]
[8701 8768]
[8769 8873]
[8874 8951]
[8952 8984]
[8985 9069]
[9070 9152]
[9153 9274]
[9275 9325]
[9326 9395]
[9396 9457]
[9458 9507]
[9508 9574]
[9575 9661]
[9662 9766]
[9767 10211]
[10212 10322]
[10323 10397]
[10398 10460]
[10461 10534]
[10535 10611]
[10612 10697]
[10698 10763]
[10764 10829]
[10830 10884]
[10885 10996]
[10997 11034]
[11035 11072]
[11073 11124]
[11125 11163]
[11164 11264]
[11265 11325]
[11326 11386]
[11387 11460]
[11461 11520]
[11521 11597]
[11598 11697]
[11698 11747]
[11748 11827]
[11828 11909]
[11910 11976]
[11977 12039]
[12040 12122]
[12123 12189]
[12190 12227]
[12228 12290]
[12291 12352]
[12353 12424]
[12425 12543]
[12544 12592]
[12593 12651]
[12652 12747]
[12748 12850]
[12851 12912]
[12913 12998]
[12999 13069]
[13070 13127]
[13128 13186]
[13187 13230]
[13231 13279]
[13280 13342]
[13343 13765]
[13766 13831]
[13832 13908]
[13909 14001]
[14002 14128]
[14129 14175]
[14176 14235]
[14236 14279]
[14280 14371]
[14372 14409]
[14410 14503]
[14504 14576]
[14577 14661]
[14662 14689]
[14690 14770]
[14771 14867]
[14868 14935]
[14936 15028]
[15029 15187]
[15188 15267]
[15268 15668]
[15669 15724]
[15725 15784]
[15785 15843]
[15844 15900]
[15901 15964]
[15965 16024]
[16025 16057]
[16058 16108]
[16109 16144]
[16145 16197]
[16198 16339]
[16340 16460]
[16461 16605]
[16606 16648]
[16649 16757]
[16758 16876]
[16877 17024]
[17025 17061]
[17062 17106]
[17107 17424]
[17425 17483]
[17484 17548]
[17549 17632]
[17633 17784]
[17785 17870]
[17871 18091]
[18092 18163]
[18164 18243]
[18244 18387]
[18388 18560]
[18561 18576]
[18577 18646]
[18647 18730]
[18731 18818]
[18819 18918]
[18919 19208]
[19209 19324]
[19325 19438]
[19439 19490]
[19491 19552]
[19553 19594]
[19595 19641]
[19642 19671]
[19672 19822]
[19823 19906]
[19907 20003]
[20004 20126]
[20127 20239]
[20240 20305]
[20306 20355]
[20356 20433]
[20434 20760]
[20761 20819]
[20820 20995]
[20996 21112]
[21113 21317]
[21318 21502]
[21503 21599]
[21600 21796]
[21797 21862]
[21863 21960]
[21961 21978]
[21979 22001]
[22002 22043]
[22044 22107]
[22108 22139]
[22140 22194]
[22195 22304]
[22305 22536]
[22537 22832]
[22833 22879]
[22880 22904]
[22905 22959]
[22960 23055]
[23056 23357]
[23358 23442]
[23443 23778]
[23779 23890]
[23891 24050]
[24051 24114]
[24115 24186]
[24187 24253]
[24254 24385]
[24386 24621]
[24622 24711]
[24712 24799]
[24800 24870]
[24871 24966]
[24967 25211]
[25212 25425]
[25426 25529]
[25530 25629]
[25630 25735]
[25736 25818]
[25819 25910]
[25911 25991]
[25992 26082]
[26083 26284]
[26285 26440]
[26441 26491]
[26492 26560]
[26561 26641]
[26642 26713]
[26714 26791]
[26792 26857]
[26858 26965]
[26966 27102]
[27103 27166]
[27167 27215]
[27216 27303]
[27304 27334]
[27335 27713]
[27714 28375]
[28376 28530]
[28531 28656]
[28657 29075]
[29076 29187]
[29188 29289]
[29290 29347]
[29348 29434]
[29435 29465]
[29466 29484]
[29485 29519]
[29520 29574]
[29575 29629]
[29630 29667]
[29668 29714]
[29715 29763]
[29764 29814]
[29815 29865]
[29866 29968]
[29969 30011]
[30012 30179]
[30180 30204]
[30205 30250]
[30251 30292]
[30293 30342]
[30343 30411]
[30412 30475]
[30476 30526]
[30527 30590]
[30591 30645]
[30646 30685]
[30686 30786]
[30787 30793]
[30794 30851]
[30852 30935]
[30936 31043]
[31044 31171]
[31172 31268]
[31269 31387]
[31388 31476]
[31477 31513]
[31514 31605]
[31606 31639]
[31640 31851]
[31852 31893]
[31894 31941]
[31942 32125]
[32126 32248]
[32249 32318]
[32319 32389]
[32390 32452]
[32453 32494]
[32495 32632]
[32633 32708]
[32709 32949]
[32950 33006]
[33007 33042]
[33043 33102]
[33103 33187]
[33188 33228]
[33229 33284]
[33285 33341]
[33342 33394]
[33395 33458]
[33459 33489]
[33490 33576]
[33577 33636]
[33637 33735]
[33736 33830]
[33831 33908]
[33909 33987]
[33988 34083]
[34084 34273]
[34274 34371]
[34372 34569]
[34570 34688]
[34689 34795]
[34796 34924]
[34925 35063]
[35064 35174]
[35175 35256]
[35257 35359]
[35360 35385]
[35386 35444]
[35445 35475]
[35476 35561]
[35562 35604]
[35605 35674]
[35675 35761]
[35762 35813]
[35814 35836]
[35837 35961]
[35962 36015]
[36016 36072]
[36073 36117]
[36118 36187]
[36188 36237]
[36238 36302]
[36303 36823]
[36825 36904]
