[0 4]
[5 332]
[333 395]
[396 427]
[428 458]
[459 489]
[490 522]
[523 544]
[545 555]
[556 578]
[579 586]
[587 617]
[618 646]
[647 713]
[714 743]
[744 820]
[821 1221]
[1222 1277]
[1278 1367]
[1368 1492]
[1493 1537]
[1538 1598]
[1599 1731]
[1732 1778]
[1779 1850]
[1851 1904]
[1905 1936]
[1937 2019]
[2020 2107]
[2108 2146]
[2147 2219]
[2220 2335]
[2336 2472]
[2473 2554]
[2555 2630]
[2631 2691]
[2692 3071]
[3072 3136]
[3137 3156]
[3157 3208]
[3209 3264]
[3265 3316]
[3317 3367]
[3368 3414]
[3415 3597]
[3598 3618]
[3619 3654]
[3655 3692]
[3693 3730]
[3731 3770]
[3771 3806]
[3807 3838]
[3839 3961]
[3962 4220]
[4221 4264]
[4265 4313]
[4314 4360]
[4361 4405]
[4406 4453]
[4454 4508]
[4509 4543]
[4544 4595]
[4596 4995]
[4996 5064]
[5065 5130]
[5131 5201]
[5202 5273]
[5274 5341]
[5342 5438]
[5439 5485]
[5486 5557]
[5558 5627]
[5628 5699]
[5700 5767]
[5768 5841]
[5842 5904]
[5905 5991]
[5992 6011]
[6012 6062]
[6063 6195]
[6196 6396]
[6397 6513]
[6514 6569]
[6570 6596]
[6597 6986]
[6987 7071]
[7072 7153]
[7154 7223]
[7224 7290]
[7291 7354]
[7355 7440]
[7441 7524]
[7525 7605]
[7606 7696]
[7697 8209]
[8210 8252]
[8253 8320]
[8321 8375]
[8376 8431]
[8432 8482]
[8483 8527]
[8528 8588]
[8589 8647]
[8648 8759]
[8760 8806]
[8807 8852]
[8853 8905]
[8906 8931]
[8932 9007]
[9008 9058]
[9059 9122]
[9123 9172]
[9173 9235]
[9236 10077]
[10079 10131]
[10132 10181]
[10182 10230]
[10231 10288]
[10289 10352]
[10353 10410]
[10411 10475]
[10476 10538]
[10539 10603]
[10604 10696]
[10697 10783]
[10784 10876]
[10877 10978]
[10979 11049]
[11050 11095]
[11096 11125]
[11126 11226]
[11227 11257]
[11258 11289]
[11290 11317]
[11318 11371]
[11372 11406]
[11407 11437]
[11438 11465]
[11466 11510]
[11511 11535]
[11536 11572]
[11573 11663]
[11664 12047]
[12048 12181]
[12182 12232]
[12233 12275]
[12276 12351]
[12352 12399]
[12400 12449]
[12450 12544]
[12545 12598]
[12599 12836]
[12837 12869]
[12870 12959]
[12960 13322]
[13323 13718]
[13719 13787]
[13788 13991]
[13992 14168]
[14169 14257]
[14258 14582]
[14583 14643]
[14644 14691]
[14692 14752]
[14753 14811]
[14812 14871]
[14872 14953]
[14954 14989]
[14990 15038]
[15039 15154]
[15155 15208]
[15209 15234]
[15235 15296]
[15297 15476]
[15477 15549]
[15550 15615]
[15616 16064]
[16066 16135]
[16136 16230]
[16231 16285]
[16286 16348]
[16349 16385]
[16386 16457]
[16458 16683]
[16684 16724]
[16725 16792]
[16793 16860]
[16861 16901]
[16902 16959]
[16960 17047]
[17048 17292]
[17293 17364]
[17365 17396]
[17397 17477]
[17478 17686]
[17687 17842]
[17844 17924]
[17925 17975]
[17976 18020]
[18021 18061]
[18062 18132]
[18133 18284]
[18285 18345]
[18346 18400]
[18401 18452]
[18453 18517]
[18518 19000]
[19001 19680]
[19681 19847]
[19848 20040]
[20041 20259]
[20260 20733]
[20734 20818]
[20819 20880]
[20881 20919]
[20920 20961]
[20962 21028]
[21029 21067]
[21068 21121]
[21122 21482]
[21483 21528]
[21529 21580]
[21581 21646]
[21647 21997]
[21998 22056]
[22057 22109]
[22110 22169]
[22170 22221]
[22222 22281]
[22282 22339]
[22340 22397]
[22398 22451]
[22452 22505]
[22506 22545]
[22546 22594]
[22595 22648]
[22649 22689]
[22690 22740]
[22741 22791]
[22792 22842]
[22843 22887]
[22888 23409]
[23410 23636]
[23637 23935]
[23936 24077]
[24078 24245]
[24246 24368]
[24369 24425]
[24426 24504]
[24505 24611]
[24612 24940]
[24941 25318]
[25319 25501]
[25502 25770]
[25771 26008]
[26009 26334]
[26335 26414]
[26415 26479]
[26480 26542]
[26543 26595]
[26596 26670]
[26671 26775]
[26776 26840]
[26841 26899]
[26900 26956]
[26957 27012]
[27013 27063]
[27064 27119]
[27120 27187]
[27188 27240]
[27241 27503]
[27505 27582]
[27583 27654]
[27655 27728]
[27729 27796]
[27797 27852]
[27853 27904]
[27905 27952]
[27953 28280]
[28282 28379]
[28380 28411]
[28412 28475]
[28476 28554]
[28555 28629]
[28630 28704]
[28705 28792]
[28793 28851]
[28852 28904]
[28905 28960]
[28961 29020]
[29021 29116]
[29117 29334]
[29335 29439]
