[0 9]
[10 41]
[43 405]
[406 437]
[438 462]
[463 491]
[492 533]
[534 569]
[570 590]
[591 633]
[634 656]
[657 691]
[692 717]
[718 755]
[756 782]
[783 836]
[837 862]
[863 982]
[983 1580]
[1581 1662]
[1663 1687]
[1688 1739]
[1740 1776]
[1777 1829]
[1830 1880]
[1881 1938]
[1939 2018]
[2019 2073]
[2074 2146]
[2147 2210]
[2211 2406]
[2407 2459]
[2460 2547]
[2548 2625]
[2626 2718]
[2719 2846]
[2847 3356]
[3357 3387]
[3388 3466]
[3467 3498]
[3499 3547]
[3548 3587]
[3588 3631]
[3632 3669]
[3670 3707]
[3708 3730]
[3731 3790]
[3791 3842]
[3843 3892]
[3893 3917]
[3918 4045]
[4046 4119]
[4120 4187]
[4188 4706]
[4707 4763]
[4764 4825]
[4826 4995]
[4996 5084]
[5085 5145]
[5146 5194]
[5195 5232]
[5233 5292]
[5293 5357]
[5358 5439]
[5440 5512]
[5513 5537]
[5538 5587]
[5588 5624]
[5625 5643]
[5644 5705]
[5706 5763]
[5764 5834]
[5835 5889]
[5890 5943]
[5944 6357]
[6359 6402]
[6403 6446]
[6447 6499]
[6500 6538]
[6539 6606]
[6607 6670]
[6671 6725]
[6726 6783]
[6785 6864]
[6865 6909]
[6910 6947]
[6948 7257]
[7258 7414]
[7415 7474]
[7475 7531]
[7532 7557]
[7558 7601]
[7602 7621]
[7622 7699]
[7700 7735]
[7736 7783]
[7784 7878]
[7879 7914]
[7915 7974]
[7975 8047]
[8048 8112]
[8113 8205]
[8206 8245]
[8246 8322]
[8323 8450]
[8451 8539]
[8540 8594]
[8595 9208]
[9209 9310]
[9311 9374]
[9375 9432]
[9433 9495]
[9496 9559]
[9560 9580]
[9581 9655]
[9656 9724]
[9725 9768]
[9769 9855]
[9856 10043]
[10044 10118]
[10119 10172]
[10173 10217]
[10218 10275]
[10276 10370]
[10371 10409]
[10410 10459]
[10460 10516]
[10517 10570]
[10571 10668]
[10669 10707]
[10708 10737]
[10738 10777]
[10778 10798]
[10799 10848]
[10849 10916]
[10917 10953]
[10954 10990]
[10991 11021]
[11022 11109]
[11110 11469]
[11470 11537]
[11538 11619]
[11620 11992]
[11993 12047]
[12048 12096]
[12097 12203]
[12204 12262]
[12263 12412]
[12414 12549]
[12550 12621]
[12622 12712]
[12713 12810]
[12811 12907]
[12908 13507]
[13509 13623]
[13624 13739]
[13740 13845]
[13846 13910]
[13911 14042]
[14043 14180]
[14181 14243]
[14244 14319]
[14320 14419]
[14420 14517]
[14518 14717]
[14718 14772]
[14773 14839]
[14840 14888]
[14889 15186]
[15187 15347]
[15348 15505]
[15506 15760]
[15761 15881]
[15882 16020]
[16021 16121]
[16122 16303]
[16304 16526]
[16527 16798]
[16799 16852]
[16853 16898]
[16899 16921]
[16922 16962]
[16963 17004]
[17005 17062]
[17063 17127]
[17128 17192]
[17193 17268]
[17269 17460]
[17461 17655]
[17656 17715]
[17716 17746]
[17747 17795]
[17796 17839]
[17840 17898]
[17899 17933]
[17934 17963]
[17964 18012]
[18013 18050]
[18051 18596]
[18597 18659]
[18660 18745]
[18746 18811]
[18812 18872]
[18873 18929]
[18930 18990]
[18991 19047]
[19048 19109]
[19110 19286]
[19287 19353]
[19354 19420]
[19421 19506]
[19507 19574]
[19575 19644]
[19645 19710]
[19711 19777]
[19778 19849]
[19850 19905]
[19906 20093]
[20094 20152]
[20153 20208]
[20209 20481]
[20482 20633]
[20634 20767]
[20768 20830]
[20831 20885]
[20886 21107]
[21108 21181]
[21182 21275]
[21276 21327]
[21328 21374]
[21375 21439]
[21440 21470]
[21471 21545]
[21546 21646]
[21647 21725]
[21726 21776]
[21777 21830]
[21831 22048]
[22049 22943]
[22944 23082]
[23084 23187]
[23188 23678]
[23679 24399]
[24400 24897]
[24898 25159]
[25160 25202]
[25203 25250]
[25251 25303]
[25304 25357]
[25358 25435]
[25436 25513]
[25514 25584]
[25585 25652]
[25653 26041]
[26042 26110]
[26111 26202]
[26203 26302]
[26303 26407]
[26408 26524]
[26525 27021]
[27022 27133]
