[0 23]
[24 262]
[263 327]
[328 376]
[377 425]
[426 451]
[452 469]
[470 491]
[492 527]
[528 547]
[548 576]
[577 606]
[607 648]
[649 703]
[704 734]
[735 770]
[771 802]
[803 911]
[912 1423]
[1424 1515]
[1516 1629]
[1630 1669]
[1670 1728]
[1729 1797]
[1799 1859]
[1860 1934]
[1935 1991]
[1992 2132]
[2133 2185]
[2186 2260]
[2262 2315]
[2316 2390]
[2391 2449]
[2450 2482]
[2483 2539]
[2540 2765]
[2766 3035]
[3036 3074]
[3075 3104]
[3105 3147]
[3148 3191]
[3192 3287]
[3288 3359]
[3360 3447]
[3448 3485]
[3486 3542]
[3543 3575]
[3576 3612]
[3613 3664]
[3665 3717]
[3718 3751]
[3752 3799]
[3800 3838]
[3839 3880]
[3881 3910]
[3911 3940]
[3941 3991]
[3992 4069]
[4070 4106]
[4107 4130]
[4131 4161]
[4162 4214]
[4215 4271]
[4272 4314]
[4315 4355]
[4356 4428]
[4429 4486]
[4487 4505]
[4506 4557]
[4558 4591]
[4592 5404]
[5405 5512]
[5513 5550]
[5551 5609]
[5610 5679]
[5680 5763]
[5764 6056]
[6057 6128]
[6129 6183]
[6184 6288]
[6289 6337]
[6338 6756]
[6757 6829]
[6830 6947]
[6948 6979]
[6980 7013]
[7014 7069]
[7070 7163]
[7164 7215]
[7216 7299]
[7300 7326]
[7327 7365]
[7366 7414]
[7415 7436]
[7437 7504]
[7505 7546]
[7547 7582]
[7583 7634]
[7635 7679]
[7680 7748]
[7749 7791]
[7792 7842]
[7843 7889]
[7890 7942]
[7943 8034]
[8035 8408]
[8409 8795]
[8796 8916]
[8917 9062]
[9063 9123]
[9124 9143]
[9144 9192]
[9193 9251]
[9252 9312]
[9313 9385]
[9386 9443]
[9444 9504]
[9505 9586]
[9587 9666]
[9667 9723]
[9724 9803]
[9804 9871]
[9872 9882]
[9883 9940]
[9941 9991]
[9992 10063]
[10064 10123]
[10124 10188]
[10189 10240]
[10241 10276]
[10277 10345]
[10346 10419]
[10420 10488]
[10489 10580]
[10581 10654]
[10655 10731]
[10732 10819]
[10820 10857]
[10858 11349]
[11350 11383]
[11384 11430]
[11431 11471]
[11472 11522]
[11523 11555]
[11556 11651]
[11652 11691]
[11692 11737]
[11738 11776]
[11777 11830]
[11831 11874]
[11875 11921]
[11922 12012]
[12013 12158]
[12159 12280]
[12281 12341]
[12342 12524]
[12525 12639]
[12640 12697]
[12698 12743]
[12744 12799]
[12800 12841]
[12842 12976]
[12977 13020]
[13021 13055]
[13056 13092]
[13093 13124]
[13125 13156]
[13157 13222]
[13223 13285]
[13286 13314]
[13315 13420]
[13421 13924]
[13925 13999]
[14000 14073]
[14074 14170]
[14171 14257]
[14258 14372]
[14373 14482]
[14483 14551]
[14552 14618]
[14619 14729]
[14730 14846]
[14847 14924]
[14925 15031]
[15032 15380]
[15381 15490]
[15491 15575]
[15576 15641]
[15642 15705]
[15706 15768]
[15769 15855]
[15856 15909]
[15910 16050]
[16051 16111]
[16112 16162]
[16163 16212]
[16213 16285]
[16286 16356]
[16357 16411]
[16412 16485]
[16486 16561]
[16562 16602]
[16603 16654]
[16655 16716]
[16717 16796]
[16797 17136]
[17137 17274]
[17275 17412]
[17413 17433]
[17434 17520]
[17521 17583]
[17584 17645]
[17646 17728]
[17729 17756]
[17757 17849]
[17850 18031]
[18032 18160]
[18161 18395]
[18396 18522]
[18523 18584]
[18585 18653]
[18654 18877]
[18878 18923]
[18924 18981]
[18982 19035]
[19036 19105]
[19106 19172]
[19173 19219]
[19220 19317]
[19318 19478]
[19479 19531]
[19532 19577]
[19578 19646]
[19647 19689]
[19690 19752]
[19753 19791]
[19792 19838]
[19839 19881]
[19882 19913]
[19914 19969]
[19970 20029]
[20030 20052]
[20053 20072]
[20073 20111]
[20112 20456]
[20457 20575]
[20576 20725]
[20726 20867]
[20868 21035]
[21036 21145]
[21146 21276]
[21277 21508]
[21509 21633]
[21634 21699]
[21700 21754]
[21755 21800]
[21801 21845]
[21846 21907]
[21908 21967]
[21968 22454]
[22455 22530]
[22531 22711]
[22712 22844]
[22845 22970]
[22971 23012]
[23013 23107]
[23108 23193]
[23194 23251]
[23252 23303]
[23304 23338]
[23339 23397]
[23398 23465]
[23466 23494]
[23495 23557]
[23558 23627]
[23628 23684]
[23685 23755]
[23756 23923]
[23924 23967]
[23968 24004]
[24005 24038]
[24039 24069]
[24070 24103]
[24104 24171]
[24172 24246]
[24247 24285]
[24286 24365]
[24366 24847]
[24848 24914]
[24915 24976]
[24977 25022]
[25023 25304]
[25305 25439]
[25440 25492]
[25493 25562]
[25563 25645]
[25646 25810]
[25811 25860]
[25861 25997]
[25998 26096]
[26097 26189]
[26190 26270]
[26271 26323]
[26324 26713]
[26714 26808]
[26809 26892]
[26893 26963]
[26964 27035]
[27036 27104]
[27105 27275]
[27276 27386]
[27387 27488]
[27489 27613]
[27614 27738]
[27739 27863]
[27864 27939]
[27940 27997]
[27998 28394]
[28395 28485]
[28486 28577]
[28578 28660]
[28661 28742]
[28743 28819]
[28820 28904]
[28905 28970]
[28971 29051]
[29052 29125]
[29126 29453]
[29454 29571]
[29572 29695]
[29696 29858]
[29859 29981]
[29982 30091]
[30092 30213]
[30214 30331]
[30332 30448]
[30449 30714]
[30715 30818]
[30819 30933]
[30934 31217]
[31218 31825]
[31826 31894]
[31895 31949]
[31950 32150]
[32151 32225]
[32226 32379]
[32380 32430]
[32431 32483]
[32484 32608]
[32609 32695]
[32696 32761]
[32762 32819]
[32820 33078]
[33079 33201]
[33202 33306]
[33307 33444]
[33445 33547]
[33548 33711]
[33712 33771]
[33772 34020]
[34021 34132]
