[0 10]
[11 33]
[34 311]
[312 369]
[370 415]
[416 474]
[475 496]
[497 535]
[536 567]
[568 615]
[616 620]
[621 691]
[692 1374]
[1375 1410]
[1411 1502]
[1503 1546]
[1547 1573]
[1574 1647]
[1648 1677]
[1678 1751]
[1752 1811]
[1812 1869]
[1870 1955]
[1956 2042]
[2043 2105]
[2106 2188]
[2189 2266]
[2267 2316]
[2317 2344]
[2345 2389]
[2390 2406]
[2407 2463]
[2464 2522]
[2523 2571]
[2572 2617]
[2618 2676]
[2677 2727]
[2728 3039]
[3040 3124]
[3125 3204]
[3205 3308]
[3309 3438]
[3439 3529]
[3530 3620]
[3621 3724]
[3725 3802]
[3803 3865]
[3866 3937]
[3938 4067]
[4068 4121]
[4122 5381]
[5382 5421]
[5422 5462]
[5463 5516]
[5517 5574]
[5575 5641]
[5642 5735]
[5736 5779]
[5780 5834]
[5835 5895]
[5896 5922]
[5923 5970]
[5971 6022]
[6023 6065]
[6066 6108]
[6109 6158]
[6159 6208]
[6209 6332]
[6333 6451]
[6452 6535]
[6536 6636]
[6637 6700]
[6701 6743]
[6744 6804]
[6805 6829]
[6830 6853]
[6854 6906]
[6907 6949]
[6950 6988]
[6989 7048]
[7049 7454]
[7455 7523]
[7524 7581]
[7582 7635]
[7636 7685]
[7686 7723]
[7724 7755]
[7756 7789]
[7790 7820]
[7821 7880]
[7881 7990]
[7991 8034]
[8035 8089]
[8090 8217]
[8218 8266]
[8267 8342]
[8343 8379]
[8380 8495]
[8496 8539]
[8540 8602]
[8603 8644]
[8645 8689]
[8690 8720]
[8721 8758]
[8759 8798]
[8799 8854]
[8855 8913]
[8914 8969]
[8970 9078]
[9079 9383]
[9384 9458]
[9459 9568]
[9569 9661]
[9662 9772]
[9773 9963]
[9964 10085]
[10086 10130]
[10131 10191]
[10192 10222]
[10223 10268]
[10269 10310]
[10311 10351]
[10352 10363]
[10364 10387]
[10388 10415]
[10416 10525]
[10526 10926]
[10927 11016]
[11017 11140]
[11141 11454]
[11455 11577]
[11578 11663]
[11664 11799]
[11800 11904]
[11905 11977]
[11978 12025]
[12026 12377]
[12378 12456]
[12457 12551]
[12552 12609]
[12610 12708]
[12709 12795]
[12796 13029]
[13030 13130]
[13131 13352]
[13353 13532]
[13533 13713]
[13714 14014]
[14015 14120]
[14121 14199]
[14200 14267]
[14268 14313]
[14314 14389]
[14390 14402]
[14403 14475]
[14476 14550]
[14551 14619]
[14620 14682]
[14683 14737]
[14738 14798]
[14799 14868]
[14869 14985]
[14986 15088]
[15089 15142]
[15143 15291]
[15292 15379]
[15380 15806]
[15807 15841]
[15842 15862]
[15863 15876]
[15877 15909]
[15910 15936]
[15937 15977]
[15978 15985]
[15986 16026]
[16027 16072]
[16073 16088]
[16089 16103]
[16104 16124]
[16125 16162]
[16163 16198]
[16199 16280]
[16281 16321]
[16322 16369]
[16370 16478]
[16479 16524]
[16525 16598]
[16599 16625]
[16626 16655]
[16656 16792]
[16793 16869]
[16870 16891]
[16892 16923]
[16924 16932]
[16933 16940]
[16941 16950]
[16951 16965]
[16966 16987]
[16988 17004]
[17005 17026]
[17027 17085]
[17086 17228]
[17229 17273]
[17274 17320]
[17321 17390]
[17391 17436]
[17437 17796]
[17798 17822]
[17823 17848]
[17849 17883]
[17884 17914]
[17915 17936]
[17937 17959]
[17960 17999]
[18000 18012]
[18013 18036]
[18037 18064]
[18065 18114]
[18115 18156]
[18157 18184]
[18185 18214]
[18215 18258]
[18259 18302]
[18303 18352]
[18353 18484]
[18485 18785]
[18786 18802]
[18803 18838]
[18839 18864]
[18865 18886]
[18887 18912]
[18913 18944]
[18945 18968]
[18969 19005]
[19006 19285]
[19287 19497]
[19498 19591]
[19592 19701]
[19702 19764]
[19765 19819]
[19820 19869]
[19870 19902]
[19903 19951]
[19952 20005]
[20006 20059]
[20060 20101]
[20102 20140]
[20141 20250]
[20251 20317]
[20318 20366]
[20367 20434]
[20435 20471]
[20472 20489]
[20490 20534]
[20535 20549]
[20550 20693]
[20694 20935]
[20936 20988]
[20989 21028]
[21029 21096]
[21097 21128]
[21129 21177]
[21178 21234]
[21235 21292]
[21293 21386]
[21387 21466]
[21467 21520]
[21521 21598]
[21599 21633]
[21634 21706]
[21707 21779]
[21780 21790]
[21791 21879]
[21880 21943]
[21944 22154]
[22155 22475]
[22476 22666]
[22667 22894]
[22895 23072]
[23073 23156]
[23157 23183]
[23184 23506]
[23507 23549]
[23550 23612]
[23613 23726]
[23727 23777]
[23778 23832]
[23833 23884]
[23885 24053]
[24054 24289]
[24290 24408]
[24409 24809]
[24810 24861]
[24862 24939]
[24940 25025]
[25026 25108]
[25109 25179]
[25180 25246]
[25247 25330]
[25331 25426]
[25427 25509]
[25510 25610]
[25611 25720]
[25721 25919]
[25920 25991]
[25992 26067]
[26068 26155]
[26156 26240]
[26241 26331]
[26332 26435]
[26436 26576]
[26577 26721]
[26722 26821]
[26822 26861]
[26862 26920]
[26921 27237]
[27238 27276]
[27277 27304]
[27305 27331]
[27332 27361]
[27362 27385]
[27386 27413]
[27414 27438]
[27439 27468]
[27469 27497]
[27498 27522]
[27523 27576]
[27577 27605]
[27606 27651]
[27652 27694]
[27695 27747]
[27748 27815]
[27816 27879]
[27880 27916]
[27917 27976]
[27977 28009]
[28010 28085]
[28086 28124]
[28125 28164]
[28165 28217]
[28218 28280]
[28281 28352]
[28353 28403]
[28404 28466]
[28467 28559]
[28560 28662]
[28663 29014]
[29015 29037]
[29038 29092]
[29093 29136]
[29137 29201]
[29202 29277]
[29278 29326]
[29327 29395]
[29396 29444]
[29445 29499]
[29500 29596]
[29597 29654]
[29655 29736]
[29737 29778]
[29779 29815]
[29816 29879]
[29880 29947]
[29948 30009]
[30010 30085]
[30086 30287]
[30288 30324]
[30325 30445]
[30446 30540]
[30541 30704]
[30705 30758]
[30759 30916]
[30917 31040]
[31041 31111]
[31112 31251]
[31252 31463]
[31464 31873]
[31874 32396]
[32397 32515]
[32516 32669]
[32670 32950]
[32951 33080]
[33081 33130]
[33131 33449]
[33450 33551]
