[0 9]
[10 35]
[36 284]
[285 346]
[347 382]
[383 412]
[413 440]
[441 473]
[474 503]
[504 533]
[534 566]
[567 597]
[598 630]
[631 661]
[662 692]
[693 722]
[723 748]
[749 801]
[802 826]
[827 925]
[926 1404]
[1405 1486]
[1487 1558]
[1559 1605]
[1606 1656]
[1657 1738]
[1739 1813]
[1814 1898]
[1899 1969]
[1970 2116]
[2117 2170]
[2171 2279]
[2280 2352]
[2353 2421]
[2422 2497]
[2498 2596]
[2597 2658]
[2659 2687]
[2688 2762]
[2763 2836]
[2837 3267]
[3268 3322]
[3323 3400]
[3401 3455]
[3456 3487]
[3488 3624]
[3625 3744]
[3745 3810]
[3811 3860]
[3861 3886]
[3887 3960]
[3961 4016]
[4017 4073]
[4074 4125]
[4126 4222]
[4223 4287]
[4288 4392]
[4393 4440]
[4441 4581]
[4582 4716]
[4717 4776]
[4777 5350]
[5351 5378]
[5379 5430]
[5431 5477]
[5478 5527]
[5528 5562]
[5563 5611]
[5612 5653]
[5654 5690]
[5691 5759]
[5760 5800]
[5801 5862]
[5863 5927]
[5928 5971]
[5972 6085]
[6086 6212]
[6213 6248]
[6249 6291]
[6292 6353]
[6354 6393]
[6394 6452]
[6453 6492]
[6493 6513]
[6514 6542]
[6543 6588]
[6589 6619]
[6620 6663]
[6664 6708]
[6709 7183]
[7184 7422]
[7423 7504]
[7505 7551]
[7552 7590]
[7591 7615]
[7616 7737]
[7738 7805]
[7806 7878]
[7879 7949]
[7950 8034]
[8035 8113]
[8114 8154]
[8155 8259]
[8260 8318]
[8319 8361]
[8362 8410]
[8411 8526]
[8527 9041]
[9042 9085]
[9086 9140]
[9141 9206]
[9207 9264]
[9265 9320]
[9321 9380]
[9381 9399]
[9400 9422]
[9423 9467]
[9468 9508]
[9509 9529]
[9530 9587]
[9588 9613]
[9614 9813]
[9814 9910]
[9911 9975]
[9976 9996]
[9997 10076]
[10077 10218]
[10219 10238]
[10239 10307]
[10308 10368]
[10369 10427]
[10428 10526]
[10527 10562]
[10563 10598]
[10599 10634]
[10635 10670]
[10671 10706]
[10707 10742]
[10743 10778]
[10779 10814]
[10815 10850]
[10851 10886]
[10887 10966]
[10967 11318]
[11319 11399]
[11400 11463]
[11464 11540]
[11541 11650]
[11651 11705]
[11706 11758]
[11759 11779]
[11780 11843]
[11844 11911]
[11912 11962]
[11963 12065]
[12066 12138]
[12139 12196]
[12197 12261]
[12262 12393]
[12394 12443]
[12444 12495]
[12496 12542]
[12543 12606]
[12607 12674]
[12675 13297]
[13298 13432]
[13433 13474]
[13475 13536]
[13537 13637]
[13638 13719]
[13720 13790]
[13791 13861]
[13862 13899]
[13900 13937]
[13938 13966]
[13967 14007]
[14008 14026]
[14027 14082]
[14083 14174]
[14175 14239]
[14240 14369]
[14370 14574]
[14575 14674]
[14675 14743]
[14744 14778]
[14779 14817]
[14818 14869]
[14870 15249]
[15250 15441]
[15442 15585]
[15586 15637]
[15638 15705]
[15706 15825]
[15826 15870]
[15871 15952]
[15953 15998]
[15999 16083]
[16084 16121]
[16122 16164]
[16165 16185]
[16186 16250]
[16251 16302]
[16303 16371]
[16372 16449]
[16450 16579]
[16580 16926]
[16927 17020]
[17021 17086]
[17087 17173]
[17174 17328]
[17329 17453]
[17454 17566]
[17567 17604]
[17605 17691]
[17692 17760]
[17761 17866]
[17867 17973]
[17974 18027]
[18028 18079]
[18080 18143]
[18144 18218]
[18219 18292]
[18293 18403]
[18404 18797]
[18798 18856]
[18857 18935]
[18936 18978]
[18979 19055]
[19056 19120]
[19121 19173]
[19174 19228]
[19229 19384]
[19385 19488]
[19489 19562]
[19563 19623]
[19624 19691]
[19692 19820]
[19821 19871]
[19872 19918]
[19919 19977]
[19978 20042]
[20043 20401]
[20402 20477]
[20478 20559]
[20560 20637]
[20638 20676]
[20677 20702]
[20703 20797]
[20798 20821]
[20822 20898]
[20899 21001]
[21002 21049]
[21050 21083]
[21084 21123]
[21124 21157]
[21158 21247]
[21248 21333]
[21334 21423]
[21424 21486]
[21487 21617]
[21618 21704]
[21705 21776]
[21777 21812]
[21813 21848]
[21849 21884]
[21885 21920]
[21921 21956]
[21957 21992]
[21993 22028]
[22029 22064]
[22065 22093]
[22094 22129]
[22130 22216]
[22217 22600]
[22601 22634]
[22635 22731]
[22732 22758]
[22759 22791]
[22792 22823]
[22824 22865]
[22866 22910]
[22911 22966]
[22967 23006]
[23007 23090]
[23091 23141]
[23142 23192]
[23193 23275]
[23276 23306]
[23307 23358]
[23359 23384]
[23385 23407]
[23408 23448]
[23449 23688]
[23689 23735]
[23736 23805]
[23806 23904]
[23905 23973]
[23974 24085]
[24086 24184]
[24185 24241]
[24242 24300]
[24301 24508]
[24509 24580]
[24581 24695]
[24696 24785]
[24786 24851]
[24852 24953]
[24954 25053]
[25054 25163]
[25164 25244]
[25245 25391]
[25392 25477]
[25478 25499]
[25500 25535]
[25536 25602]
[25603 25644]
[25645 25774]
[25775 25970]
[25971 26320]
[26321 26403]
[26404 26485]
[26486 26537]
[26538 26567]
[26568 26594]
[26595 26642]
[26643 26701]
[26702 26830]
[26831 26855]
[26856 26986]
[26987 27018]
[27019 27131]
[27132 27225]
[27226 27287]
[27288 27629]
[27630 27749]
[27750 27941]
[27942 28062]
[28063 28192]
[28193 28329]
[28330 28514]
[28515 28837]
[28838 28924]
