[0 8]
[9 58]
[59 307]
[308 362]
[363 394]
[395 428]
[429 451]
[452 489]
[490 532]
[533 547]
[548 568]
[569 595]
[596 614]
[615 641]
[642 697]
[698 732]
[733 781]
[782 1121]
[1122 1158]
[1159 1201]
[1202 1249]
[1250 1296]
[1297 1341]
[1342 1389]
[1390 1435]
[1436 1486]
[1487 1528]
[1529 1598]
[1599 1719]
[1720 1773]
[1774 1824]
[1825 1873]
[1874 1921]
[1922 1975]
[1976 2000]
[2001 2112]
[2113 2161]
[2162 2245]
[2246 2356]
[2357 2399]
[2400 2455]
[2456 2496]
[2497 2558]
[2559 2597]
[2598 2655]
[2656 2700]
[2701 3135]
[3136 3191]
[3192 3267]
[3268 3328]
[3330 3404]
[3405 3464]
[3465 3504]
[3505 3571]
[3572 3616]
[3617 3666]
[3667 3741]
[3742 3820]
[3821 3892]
[3893 3932]
[3933 3974]
[3975 4051]
[4052 4099]
[4100 4434]
[4435 4462]
[4463 4487]
[4488 4566]
[4567 4648]
[4649 4659]
[4660 4725]
[4726 4791]
[4792 4856]
[4857 4919]
[4920 5013]
[5014 5048]
[5049 5097]
[5098 5514]
[5515 5547]
[5548 5607]
[5608 5666]
[5667 5720]
[5721 5796]
[5797 5816]
[5817 5939]
[5940 5985]
[5986 6084]
[6085 6120]
[6121 6159]
[6160 6235]
[6236 6281]
[6282 6338]
[6339 6419]
[6420 6653]
[6654 6719]
[6720 6792]
[6793 6855]
[6856 6935]
[6936 6995]
[6996 7013]
[7014 7369]
[7370 7453]
[7454 7513]
[7514 7571]
[7572 7622]
[7623 7691]
[7692 7762]
[7763 7791]
[7792 7848]
[7849 7915]
[7916 7986]
[7987 8059]
[8060 8100]
[8101 8191]
[8192 8253]
[8254 8323]
[8324 8354]
[8355 8378]
[8379 8473]
[8474 8522]
[8523 8573]
[8574 8629]
[8630 8698]
[8699 8775]
[8776 8824]
[8825 8900]
[8901 8934]
[8935 8978]
[8979 9473]
[9474 9567]
[9568 9692]
[9693 9825]
[9826 9926]
[9927 10013]
[10014 10123]
[10124 10199]
[10200 10271]
[10272 10426]
[10427 10520]
[10521 10608]
[10609 10706]
[10707 10769]
[10770 10852]
[10853 10906]
[10907 10962]
[10963 11009]
[11010 11043]
[11044 11089]
[11090 11142]
[11143 11178]
[11179 11221]
[11222 11252]
[11253 11290]
[11291 11316]
[11317 11397]
[11398 11753]
[11754 11824]
[11825 11877]
[11878 12046]
[12047 12113]
[12114 12176]
[12177 12243]
[12244 12420]
[12421 12525]
[12526 12576]
[12577 12615]
[12616 13052]
[13053 13132]
[13133 13190]
[13191 13301]
[13302 13433]
[13434 13556]
[13557 13674]
[13675 13729]
[13730 13850]
[13851 13964]
[13965 14122]
[14123 14263]
[14264 14419]
[14420 14450]
[14451 14529]
[14530 14605]
[14606 14962]
[14963 15191]
[15192 15418]
[15419 15539]
[15540 15623]
[15624 15719]
[15720 15784]
[15785 15884]
[15885 15982]
[15983 16096]
[16097 16202]
[16203 16325]
[16326 16647]
[16648 16746]
[16747 16829]
[16830 16908]
[16909 17175]
[17176 17230]
[17231 17270]
[17271 17313]
[17314 17362]
[17363 17419]
[17420 17471]
[17472 17529]
[17530 17577]
[17578 17647]
[17648 17695]
[17696 17747]
[17748 17807]
[17808 17852]
[17853 17904]
[17905 18277]
[18278 18337]
[18338 18393]
[18394 18451]
[18452 18600]
[18601 18746]
[18747 18868]
[18869 18964]
[18965 19009]
[19010 19092]
[19093 19278]
[19279 19304]
[19305 19359]
[19360 19418]
[19419 19570]
[19571 19880]
[19881 19951]
[19952 20059]
[20060 20122]
[20123 20198]
[20199 20262]
[20263 20328]
[20329 20389]
[20390 20449]
[20450 20514]
[20515 20579]
[20580 20629]
[20630 20703]
[20704 20733]
[20734 20976]
[20977 21020]
[21021 21095]
[21096 21269]
[21270 21577]
[21578 21649]
[21650 21727]
[21728 21793]
[21794 22138]
[22139 22514]
[22515 22652]
[22653 22746]
[22747 22840]
[22841 22906]
[22907 23091]
[23092 23196]
[23197 23329]
[23330 23439]
[23440 23764]
[23765 23893]
[23894 23952]
[23953 24062]
[24063 24107]
[24108 24166]
[24167 24212]
[24213 24276]
[24277 24347]
[24348 24474]
[24475 24540]
[24541 24606]
[24607 24670]
[24671 24724]
[24725 24770]
[24771 24813]
[24814 24835]
[24836 25187]
[25188 25251]
[25252 25384]
[25385 25475]
[25476 25539]
[25540 25591]
[25592 25677]
[25678 25757]
[25758 25844]
[25845 25924]
[25925 26011]
[26012 26133]
[26134 26184]
[26185 26948]
[26949 27317]
[27318 27384]
[27385 27443]
[27444 27511]
[27512 27582]
[27583 27646]
[27647 28046]
[28047 28124]
