[0 8]
[9 32]
[33 272]
[273 333]
[334 385]
[386 427]
[428 460]
[461 487]
[488 528]
[529 569]
[570 631]
[632 944]
[945 1085]
[1086 1170]
[1171 1338]
[1339 1495]
[1496 1633]
[1634 1784]
[1785 1839]
[1840 1925]
[1926 1997]
[1998 2023]
[2024 2073]
[2074 2091]
[2092 2435]
[2437 2496]
[2497 2547]
[2548 2599]
[2600 2660]
[2661 2708]
[2709 2764]
[2765 2821]
[2822 2861]
[2862 2911]
[2912 3283]
[3284 3357]
[3358 3388]
[3389 3446]
[3447 3493]
[3494 3591]
[3592 3674]
[3675 3739]
[3740 3808]
[3809 3897]
[3898 3984]
[3985 4069]
[4070 4135]
[4136 4189]
[4190 4250]
[4251 4306]
[4307 4366]
[4367 4436]
[4437 4516]
[4517 4577]
[4578 4646]
[4647 4689]
[4690 4991]
[4992 5062]
[5063 5149]
[5150 5239]
[5240 5262]
[5263 5316]
[5317 5383]
[5384 5447]
[5448 5464]
[5465 5550]
[5551 5643]
[5644 5740]
[5741 5911]
[5912 5979]
[5980 6078]
[6079 6158]
[6159 6224]
[6225 6314]
[6315 6647]
[6648 6701]
[6702 6734]
[6735 6779]
[6780 6884]
[6885 6952]
[6953 7014]
[7015 7053]
[7054 7189]
[7190 7241]
[7242 7272]
[7273 7327]
[7328 7357]
[7358 7393]
[7394 7443]
[7444 7593]
[7594 7722]
[7723 7771]
[7772 7832]
[7833 7870]
[7871 7984]
[7985 8080]
[8081 8197]
[8198 8467]
[8468 8580]
[8581 8636]
[8637 8681]
[8682 8734]
[8735 8839]
[8840 8994]
[8995 9083]
[9084 9144]
[9145 9179]
[9180 9238]
[9239 9260]
[9261 9324]
[9325 9365]
[9366 9442]
[9443 9481]
[9482 9581]
[9582 9987]
[9988 10073]
[10074 10130]
[10131 10184]
[10185 10361]
[10362 10408]
[10409 10464]
[10465 10517]
[10518 10590]
[10591 10698]
[10699 10767]
[10768 10844]
[10845 10925]
[10926 11002]
[11003 11077]
[11078 11418]
[11419 11516]
[11518 11601]
[11602 11673]
[11674 11703]
[11704 11760]
[11761 11867]
[11868 11986]
[11987 12053]
[12054 12079]
[12080 12132]
[12133 12215]
[12216 12322]
[12323 12425]
[12426 12452]
[12453 12489]
[12490 12574]
[12575 12605]
[12606 12692]
[12693 12734]
[12735 12805]
[12806 12867]
[12868 13065]
[13066 13207]
[13208 13291]
[13292 13368]
[13369 13460]
[13461 13514]
[13515 13571]
[13572 13701]
[13702 13764]
[13765 13887]
[13888 13962]
[13963 14051]
[14052 14118]
[14119 14186]
[14187 14245]
[14246 14308]
[14309 14412]
[14413 14459]
[14460 14647]
[14648 14868]
[14869 14923]
[14924 14954]
[14955 14989]
[14990 15036]
[15037 15110]
[15111 15203]
[15204 15294]
[15295 15415]
[15416 15451]
[15452 15494]
[15495 15570]
[15571 15640]
[15641 15681]
[15682 15730]
[15731 15834]
[15835 15869]
[15870 15936]
[15937 16050]
[16051 16097]
[16098 16169]
[16170 16246]
[16247 16605]
[16606 16655]
[16656 16779]
[16780 16849]
[16850 16990]
[16991 17055]
[17056 17256]
[17257 17295]
[17296 17447]
[17448 17527]
[17528 17587]
[17588 17677]
[17678 17747]
[17748 17994]
[17996 18080]
[18081 18200]
[18201 18319]
[18320 18463]
[18464 18551]
[18552 18655]
[18656 18773]
[18774 18893]
[18894 18979]
[18980 19043]
[19044 19156]
[19157 19242]
[19243 19577]
[19578 19699]
[19700 19767]
[19768 19828]
[19829 19863]
[19864 19939]
[19940 20020]
[20021 20103]
[20104 20227]
[20228 20351]
[20352 20475]
[20476 20599]
[20600 20669]
[20670 20947]
[20948 21029]
[21030 21124]
[21125 21775]
[21776 21934]
[21935 22336]
[22337 22640]
[22641 22788]
[22789 22890]
[22891 22953]
[22954 23009]
[23010 23059]
[23060 23115]
[23116 23346]
[23347 23365]
[23366 23503]
[23504 23839]
[23840 23999]
[24000 24074]
[24075 24120]
[24121 24169]
[24170 24189]
[24190 24229]
[24230 24299]
[24300 24365]
[24366 24416]
[24417 24487]
[24488 25004]
[25005 25051]
[25052 25101]
[25102 25128]
[25129 25164]
[25165 25206]
[25207 25253]
[25254 25485]
[25486 25590]
[25591 25637]
[25638 25677]
[25678 25701]
[25702 25752]
[25753 25893]
[25894 25949]
[25950 26005]
[26006 26045]
[26046 26070]
[26071 26120]
[26121 26163]
[26164 26288]
[26289 26340]
[26341 26387]
[26388 26411]
[26412 26438]
[26439 26471]
[26472 26519]
[26520 26569]
[26570 26608]
[26609 26654]
[26655 26714]
[26715 26756]
[26757 26858]
[26859 26998]
[26999 27027]
[27028 27068]
[27069 27175]
[27176 27282]
[27283 27330]
[27331 27598]
[27599 27674]
[27675 27978]
[27979 28060]
[28061 28103]
[28104 28144]
[28145 28217]
[28218 28272]
[28273 28364]
[28365 28447]
[28448 28495]
[28496 28606]
[28607 28697]
[28698 28825]
[28826 28887]
[28888 29001]
[29002 29389]
[29390 29483]
