[0 6]
[7 39]
[40 335]
[336 396]
[397 427]
[428 458]
[459 489]
[490 523]
[524 554]
[555 585]
[586 616]
[617 647]
[648 678]
[679 709]
[710 740]
[741 771]
[772 841]
[842 1321]
[1322 1353]
[1354 1389]
[1390 1415]
[1416 1465]
[1466 1502]
[1503 1532]
[1533 1592]
[1593 1664]
[1665 1694]
[1695 1844]
[1845 1886]
[1887 1926]
[1927 2004]
[2005 2057]
[2058 2099]
[2100 2139]
[2140 2176]
[2177 2211]
[2212 2262]
[2263 2339]
[2340 2368]
[2369 2405]
[2406 2450]
[2451 2491]
[2492 2521]
[2522 2567]
[2568 2596]
[2597 2642]
[2643 2681]
[2682 2734]
[2735 2786]
[2787 2836]
[2837 2888]
[2889 2977]
[2978 3029]
[3030 3069]
[3070 3131]
[3132 3175]
[3176 3198]
[3199 3322]
[3323 3419]
[3420 3688]
[3689 3715]
[3716 3755]
[3756 3793]
[3794 3818]
[3819 3875]
[3876 3922]
[3923 4224]
[4225 4291]
[4292 4362]
[4363 4437]
[4438 4485]
[4486 4523]
[4524 4582]
[4583 4631]
[4632 4698]
[4699 4759]
[4760 4897]
[4898 4969]
[4970 5009]
[5010 5063]
[5064 5110]
[5111 5178]
[5179 5269]
[5270 5327]
[5328 5381]
[5382 5434]
[5435 5498]
[5499 5522]
[5523 5557]
[5558 5609]
[5610 6103]
[6104 6177]
[6178 6205]
[6206 6266]
[6267 6327]
[6328 6378]
[6379 6449]
[6450 6527]
[6528 6605]
[6606 6708]
[6709 6790]
[6791 6908]
[6909 6973]
[6974 7008]
[7009 7079]
[7080 7158]
[7159 7218]
[7219 7286]
[7287 7292]
[7293 7633]
[7634 7674]
[7675 7716]
[7717 7754]
[7755 7788]
[7789 7864]
[7865 8030]
[8031 8077]
[8078 8081]
[8082 8124]
[8125 8175]
[8176 8225]
[8226 8477]
[8478 8519]
[8520 8552]
[8553 8594]
[8595 8633]
[8634 8671]
[8672 8792]
[8793 8858]
[8859 8917]
[8918 8962]
[8963 9013]
[9014 9056]
[9057 9094]
[9095 9139]
[9140 9176]
[9177 9489]
[9490 9505]
[9506 9576]
[9577 9662]
[9663 9756]
[9757 9824]
[9825 9901]
[9902 9976]
[9977 10072]
[10073 10311]
[10312 10410]
[10411 10485]
[10486 10961]
[10962 11028]
[11029 11061]
[11062 11104]
[11105 11149]
[11150 11179]
[11180 11232]
[11233 11267]
[11268 11293]
[11294 11345]
[11346 11366]
[11367 11430]
[11432 11490]
[11491 11636]
[11637 11757]
[11758 11848]
[11849 11952]
[11953 12108]
[12109 12131]
[12132 12217]
[12218 12270]
[12271 12325]
[12326 12358]
[12359 12407]
[12408 12442]
[12443 12501]
[12502 12549]
[12550 12573]
[12574 12602]
[12603 12645]
[12646 12681]
[12682 12717]
[12718 12753]
[12754 12789]
[12790 12825]
[12826 12861]
[12862 12944]
[12945 13356]
[13357 13514]
[13515 13588]
[13589 13673]
[13674 13721]
[13722 13773]
[13774 13798]
[13799 13874]
[13875 13908]
[13909 13941]
[13942 13977]
[13978 14012]
[14013 14078]
[14079 14154]
[14155 14186]
[14187 14222]
[14223 14279]
[14280 14337]
[14338 14377]
[14378 14414]
[14415 14482]
[14483 14544]
[14545 14656]
[14657 14695]
[14696 14973]
[14974 15098]
[15099 15211]
[15212 15337]
[15338 15444]
[15445 15568]
[15569 15641]
[15642 15931]
[15932 15948]
[15949 15984]
[15985 16040]
[16041 16099]
[16100 16178]
[16179 16210]
[16211 16364]
[16365 16430]
[16431 16498]
[16499 16610]
[16611 16655]
[16656 16695]
[16696 16864]
[16865 17018]
[17019 17117]
[17118 17126]
[17127 17197]
[17198 17247]
[17248 17294]
[17295 17327]
[17328 17375]
[17376 17397]
[17398 17446]
[17447 17571]
[17572 17840]
[17841 17909]
[17910 17967]
[17968 18043]
[18044 18071]
[18072 18182]
[18183 18240]
[18241 18341]
[18342 18387]
[18388 18481]
[18482 18560]
[18561 18628]
[18629 18669]
[18670 18798]
[18799 18980]
[18981 19016]
[19017 19147]
[19148 19429]
[19430 19570]
[19571 19650]
[19651 19729]
[19730 19812]
[19813 19891]
[19892 19946]
[19947 19971]
[19972 19988]
[19989 20110]
[20111 20156]
[20157 20216]
[20217 20252]
[20253 20288]
[20289 20324]
[20325 20360]
[20361 20396]
[20397 20432]
[20433 20468]
[20469 20504]
[20505 20540]
[20541 20576]
[20577 20650]
[20651 21031]
[21033 21130]
[21131 21214]
[21215 21294]
[21295 21385]
[21386 21473]
[21474 21571]
[21572 21940]
[21941 22039]
[22040 22104]
[22105 22144]
[22145 22203]
[22204 22245]
[22246 22303]
[22304 22357]
[22358 22442]
[22443 22495]
[22496 22557]
[22558 22637]
[22638 22687]
[22688 22714]
[22715 22774]
[22775 22858]
[22859 23227]
[23228 23573]
[23574 23865]
[23866 24093]
[24094 24421]
[24422 24482]
[24483 24544]
[24545 24601]
[24602 24694]
[24695 24749]
[24750 24798]
[24799 24870]
[24871 24991]
[24992 25035]
[25036 25096]
[25097 25139]
[25140 25176]
[25177 25205]
[25206 25226]
[25227 25615]
[25616 25715]
[25716 25774]
[25775 25876]
[25877 25898]
[25899 25988]
[25989 26046]
[26047 26122]
[26123 26149]
[26150 26205]
[26206 26247]
[26248 26326]
[26327 26386]
[26387 26441]
[26442 26488]
[26489 26548]
[26549 26596]
[26597 26650]
[26651 26941]
[26942 27025]
[27026 27085]
[27086 27158]
[27159 27214]
[27215 27292]
[27293 27356]
[27357 27412]
[27413 27438]
[27439 27498]
[27499 27555]
[27556 27612]
[27613 27668]
[27669 27765]
[27766 28042]
[28043 28109]
[28110 28196]
[28197 28261]
[28262 28294]
[28295 28384]
[28385 28454]
[28455 28540]
[28541 28543]
[28544 28724]
[28725 28823]
[28824 28878]
[28879 28891]
[28892 28964]
[28965 29238]
[29239 29272]
[29273 29318]
[29319 29358]
[29359 29397]
[29398 29518]
[29519 29579]
[29580 29590]
[29591 29643]
[29644 29694]
[29695 29736]
[29737 30105]
[30106 30195]
