[0 5]
[6 43]
[44 351]
[352 408]
[409 434]
[435 457]
[458 481]
[482 508]
[509 535]
[536 565]
[566 601]
[602 616]
[617 631]
[632 659]
[660 696]
[697 727]
[728 754]
[755 784]
[785 894]
[895 981]
[982 1310]
[1311 1384]
[1385 1458]
[1459 1528]
[1529 1575]
[1576 1616]
[1617 1662]
[1663 1718]
[1719 1912]
[1913 2038]
[2039 2074]
[2075 2140]
[2141 2205]
[2206 2248]
[2249 2383]
[2384 2484]
[2485 2553]
[2554 2629]
[2630 2697]
[2698 2787]
[2788 2859]
[2860 2889]
[2890 3244]
[3245 3535]
[3537 3711]
[3713 4257]
[4258 4305]
[4306 4356]
[4357 4405]
[4406 4451]
[4452 4489]
[4490 4540]
[4541 4607]
[4608 4637]
[4638 4740]
[4741 4772]
[4773 4823]
[4824 4866]
[4867 4927]
[4928 4966]
[4967 5017]
[5018 5074]
[5075 5122]
[5123 5165]
[5166 5236]
[5237 5315]
[5316 5375]
[5376 5588]
[5589 5631]
[5632 5673]
[5674 5711]
[5712 6115]
[6116 6169]
[6170 6229]
[6230 6285]
[6286 6350]
[6351 6411]
[6412 6580]
[6581 6659]
[6660 6834]
[6835 6894]
[6895 6955]
[6956 7010]
[7011 7153]
[7154 7233]
[7234 7294]
[7295 7334]
[7335 7379]
[7380 7462]
[7463 7523]
[7524 7584]
[7585 7645]
[7646 7701]
[7702 7762]
[7763 7847]
[7848 8319]
[8320 8359]
[8360 8412]
[8413 8464]
[8465 8498]
[8499 8620]
[8621 8676]
[8677 8720]
[8721 8757]
[8758 8859]
[8860 8908]
[8909 8926]
[8927 9063]
[9064 9117]
[9118 9163]
[9164 9223]
[9224 9295]
[9296 9372]
[9373 9443]
[9444 9493]
[9494 9575]
[9576 9606]
[9607 9651]
[9652 9712]
[9713 9777]
[9778 9843]
[9844 10417]
[10418 10501]
[10502 10561]
[10562 10592]
[10593 10620]
[10621 10737]
[10738 10751]
[10752 10800]
[10801 10826]
[10827 10854]
[10855 10907]
[10908 10955]
[10956 10979]
[10980 11002]
[11003 11041]
[11042 11045]
[11046 11097]
[11098 11138]
[11139 11236]
[11237 11264]
[11265 11292]
[11293 11312]
[11313 11336]
[11337 11367]
[11368 11388]
[11389 11422]
[11423 11501]
[11502 11538]
[11539 11581]
[11582 11634]
[11635 11684]
[11685 11728]
[11729 11807]
[11808 11845]
[11846 11892]
[11893 11941]
[11942 12316]
[12317 12398]
[12399 12530]
[12531 12617]
[12618 12716]
[12717 12816]
[12817 12907]
[12908 12966]
[12967 13048]
[13049 13155]
[13156 13235]
[13236 13386]
[13387 13518]
[13519 13617]
[13618 13916]
[13917 13986]
[13987 14092]
[14093 14166]
[14167 14372]
[14373 14434]
[14435 14525]
[14526 14554]
[14555 14598]
[14599 14660]
[14661 14743]
[14744 14872]
[14873 14983]
[14984 15065]
[15066 15122]
[15123 15434]
[15435 15492]
[15493 15569]
[15570 15642]
[15643 15715]
[15716 15879]
[15880 15959]
[15960 16026]
[16027 16102]
[16103 16183]
[16184 16427]
[16428 16501]
[16502 16554]
[16555 16633]
[16634 16717]
[16718 16807]
[16808 16899]
[16900 16968]
[16969 17291]
[17292 17379]
[17380 17479]
[17480 17581]
[17582 17637]
[17638 17708]
[17709 17795]
[17796 17921]
[17922 18017]
[18018 18103]
[18104 18220]
[18221 18315]
[18316 18347]
[18348 18766]
[18767 18851]
[18852 18941]
[18942 19033]
[19034 19184]
[19185 19365]
[19366 19502]
[19503 19626]
[19627 19768]
[19769 19848]
[19849 19923]
[19924 19997]
[19998 20070]
[20072 20125]
[20126 20150]
[20151 20176]
[20177 20212]
[20213 20255]
[20256 20305]
[20306 20370]
[20371 20424]
[20425 20462]
[20463 20568]
[20569 21118]
[21119 21189]
[21190 21250]
[21251 21283]
[21284 21442]
[21443 21575]
[21576 21649]
[21650 21740]
[21741 21815]
[21816 21907]
[21908 21982]
[21983 22372]
[22373 22490]
[22491 22615]
[22616 22740]
[22741 22853]
[22854 22959]
[22960 23087]
[23088 23205]
[23206 23337]
[23338 23454]
[23455 23553]
[23554 23927]
[23928 24062]
[24063 24156]
[24157 24206]
[24207 24327]
[24328 24732]
[24733 24815]
[24816 24962]
[24963 25060]
[25061 25117]
[25118 25272]
[25273 25602]
[25603 25735]
[25736 25869]
[25870 26002]
[26003 26145]
[26146 26269]
[26270 26392]
[26393 26535]
[26536 26838]
[26839 26920]
[26921 26995]
[26996 27071]
[27072 27145]
[27146 27216]
[27217 27289]
[27290 27364]
[27365 27439]
[27440 27514]
[27515 27598]
[27599 27858]
[27859 27970]
