[0 10]
[11 42]
[43 291]
[292 350]
[351 384]
[385 418]
[419 449]
[450 477]
[478 511]
[512 544]
[545 574]
[575 601]
[602 635]
[636 665]
[666 700]
[701 726]
[727 763]
[764 798]
[799 838]
[839 931]
[932 1379]
[1380 1423]
[1424 1506]
[1507 1566]
[1567 1605]
[1606 1670]
[1671 1728]
[1729 1828]
[1829 1868]
[1869 1929]
[1930 1951]
[1952 2024]
[2025 2094]
[2095 2135]
[2136 2196]
[2197 2257]
[2258 2328]
[2329 2389]
[2390 2489]
[2490 2556]
[2557 3086]
[3088 3145]
[3146 3196]
[3197 3236]
[3237 3290]
[3291 3326]
[3327 3380]
[3381 3442]
[3443 3507]
[3508 3553]
[3554 3593]
[3594 3714]
[3715 3742]
[3743 3785]
[3786 3828]
[3829 3875]
[3876 3927]
[3928 4078]
[4079 4115]
[4116 4147]
[4148 4180]
[4181 4214]
[4215 4261]
[4262 4338]
[4339 4387]
[4388 4452]
[4453 4506]
[4507 5085]
[5086 5145]
[5146 5197]
[5198 5259]
[5260 5352]
[5353 5509]
[5510 5556]
[5557 5612]
[5613 5748]
[5749 5766]
[5767 5799]
[5800 5839]
[5840 5884]
[5885 5990]
[5991 6052]
[6053 6097]
[6098 6160]
[6161 6215]
[6216 6258]
[6259 6287]
[6288 6325]
[6326 6383]
[6384 6444]
[6445 6883]
[6884 6986]
[6987 7032]
[7033 7117]
[7118 7154]
[7155 7220]
[7221 7283]
[7284 7339]
[7340 7384]
[7385 7448]
[7449 7498]
[7499 7561]
[7562 7616]
[7617 7688]
[7689 7745]
[7746 7774]
[7775 7875]
[7876 7919]
[7920 7942]
[7943 8010]
[8011 8082]
[8083 8127]
[8128 8199]
[8200 8256]
[8257 8304]
[8305 8337]
[8338 8379]
[8380 8778]
[8779 8839]
[8840 8926]
[8927 8983]
[8984 9057]
[9058 9128]
[9129 9344]
[9345 9405]
[9406 9463]
[9464 9520]
[9521 9595]
[9596 9652]
[9653 9724]
[9725 9783]
[9784 9826]
[9827 9869]
[9870 9907]
[9908 9933]
[9934 9967]
[9968 10026]
[10027 10080]
[10081 10120]
[10121 10173]
[10174 10230]
[10231 10597]
[10598 10627]
[10628 10669]
[10670 10719]
[10720 10764]
[10765 10841]
[10842 10862]
[10863 10912]
[10913 10964]
[10965 11057]
[11058 11161]
[11162 11194]
[11195 11234]
[11235 11275]
[11276 11309]
[11310 11368]
[11369 11413]
[11414 11460]
[11461 11503]
[11504 11555]
[11556 11605]
[11606 11658]
[11659 11700]
[11701 11749]
[11750 11805]
[11806 11853]
[11854 12036]
[12037 12085]
[12086 12125]
[12126 12159]
[12160 12216]
[12217 12247]
[12248 12347]
[12348 12390]
[12391 12471]
[12472 12879]
[12880 12972]
[12973 13061]
[13062 13171]
[13172 13259]
[13260 13348]
[13349 13418]
[13419 13538]
[13539 13593]
[13594 13649]
[13650 13707]
[13708 13815]
[13816 13859]
[13860 13904]
[13905 13953]
[13954 14039]
[14040 14137]
[14138 14228]
[14229 14357]
[14358 14479]
[14480 14777]
[14778 14847]
[14848 14900]
[14901 14945]
[14946 15018]
[15019 15138]
[15139 15178]
[15179 15242]
[15243 15275]
[15276 15395]
[15396 15437]
[15438 15501]
[15502 15605]
[15606 15635]
[15636 15664]
[15665 15700]
[15701 15735]
[15736 15790]
[15791 15877]
[15878 15926]
[15927 15993]
[15994 16076]
[16077 16124]
[16125 16214]
[16215 16253]
[16254 16294]
[16295 16533]
[16534 16724]
[16725 16792]
[16793 16871]
[16872 16982]
[16983 17169]
[17170 17329]
[17330 17386]
[17387 17461]
[17462 17519]
[17520 17570]
[17571 17625]
[17626 17739]
[17740 17772]
[17773 17837]
[17838 17882]
[17883 17914]
[17915 17982]
[17983 18060]
[18061 18160]
[18161 18239]
[18240 18658]
[18659 18695]
[18696 18738]
[18739 18783]
[18784 18843]
[18844 18885]
[18886 19222]
[19223 19332]
[19333 19409]
[19410 19437]
[19438 19481]
[19482 19566]
[19567 19666]
[19667 19791]
[19792 19842]
[19843 19906]
[19907 19939]
[19940 19971]
[19972 20001]
[20002 20036]
[20037 20068]
[20069 20101]
[20102 20131]
[20132 20228]
[20229 20563]
[20564 20648]
[20649 20722]
[20723 20788]
[20789 20856]
[20857 20929]
[20930 21001]
[21002 21074]
[21075 21155]
[21156 21232]
[21233 21333]
[21334 21427]
[21428 21505]
[21506 21608]
[21609 21832]
[21833 22111]
[22112 22215]
[22216 22392]
[22393 22537]
[22538 22641]
[22642 22717]
[22718 22827]
[22828 22914]
[22915 23019]
[23020 23115]
[23116 23192]
[23193 23253]
[23254 23311]
[23312 23575]
[23576 23655]
[23656 23728]
[23729 23857]
[23858 23939]
[23940 24024]
[24025 24186]
[24187 24267]
[24268 24340]
[24341 24469]
[24470 24540]
[24541 24633]
[24634 24897]
[24898 24980]
[24981 25044]
[25045 25101]
[25102 25146]
[25147 25187]
[25188 25246]
[25247 25302]
[25303 25359]
[25360 25406]
[25407 25473]
[25474 25506]
[25507 25586]
[25587 25651]
[25652 25737]
[25738 25788]
[25789 25839]
[25840 25919]
[25920 26305]
[26306 26412]
[26413 26637]
[26638 26772]
[26773 26940]
[26941 27016]
[27017 27195]
[27196 27364]
[27365 27657]
[27658 27721]
[27722 27771]
[27772 27820]
[27821 27891]
[27892 27935]
[27936 28019]
[28020 28048]
[28049 28111]
[28112 28279]
[28280 28391]
[28392 28463]
[28464 29064]
[29065 29138]
