[0 6]
[7 54]
[56 329]
[330 391]
[392 422]
[423 453]
[454 484]
[485 518]
[519 549]
[550 580]
[581 611]
[612 642]
[643 704]
[705 735]
[736 761]
[762 815]
[816 1196]
[1197 1263]
[1264 1304]
[1305 1344]
[1345 1407]
[1408 1464]
[1465 1520]
[1521 1574]
[1575 1641]
[1642 1717]
[1718 1799]
[1800 1932]
[1933 2068]
[2069 2099]
[2100 2154]
[2155 2254]
[2255 2302]
[2303 2337]
[2338 2405]
[2406 2511]
[2512 2628]
[2629 2725]
[2726 3088]
[3089 3201]
[3202 3312]
[3313 3412]
[3413 3460]
[3461 3591]
[3592 3660]
[3661 3757]
[3758 3849]
[3850 3918]
[3919 4092]
[4093 4130]
[4131 4228]
[4229 4288]
[4289 4348]
[4349 4449]
[4450 4884]
[4886 5014]
[5015 5046]
[5047 5091]
[5092 5175]
[5176 5260]
[5261 5370]
[5371 5547]
[5548 5611]
[5612 5649]
[5650 5720]
[5721 5793]
[5794 5850]
[5851 5913]
[5914 5938]
[5939 6011]
[6012 6025]
[6026 6088]
[6089 6164]
[6165 6215]
[6216 6274]
[6275 6311]
[6312 6363]
[6364 6820]
[6821 6874]
[6875 6921]
[6922 7021]
[7022 7062]
[7063 7388]
[7389 7417]
[7418 7469]
[7470 7519]
[7520 7556]
[7557 7646]
[7647 7722]
[7723 7831]
[7832 7906]
[7907 7992]
[7993 8152]
[8153 8240]
[8241 9061]
[9062 9153]
[9154 9272]
[9273 9332]
[9333 9406]
[9407 9449]
[9450 9501]
[9502 9539]
[9540 9609]
[9610 9664]
[9665 9742]
[9743 9780]
[9781 9899]
[9900 10097]
[10098 10213]
[10214 10258]
[10259 10308]
[10309 10374]
[10375 10460]
[10461 10548]
[10549 10614]
[10615 10923]
[10925 11091]
[11092 11191]
[11192 11276]
[11277 11333]
[11334 11393]
[11394 11461]
[11462 11511]
[11512 11572]
[11573 11648]
[11649 11695]
[11696 11748]
[11749 11787]
[11788 11875]
[11876 11921]
[11922 11958]
[11959 12005]
[12006 12047]
[12048 12136]
[12137 12219]
[12220 12334]
[12335 12397]
[12398 12744]
[12745 12815]
[12816 12880]
[12881 12934]
[12935 12986]
[12987 13076]
[13077 13094]
[13095 13216]
[13217 13280]
[13281 13338]
[13339 13474]
[13475 13510]
[13511 13546]
[13547 13582]
[13583 13654]
[13655 13736]
[13737 13913]
[13914 14679]
[14680 15032]
[15033 15141]
[15142 15200]
[15201 15248]
[15249 15312]
[15313 15374]
[15375 15440]
[15441 15522]
[15523 15590]
[15591 15767]
[15768 15829]
[15830 15845]
[15846 15974]
[15975 16013]
[16014 16080]
[16081 16454]
[16455 16598]
[16599 16705]
[16706 16877]
[16878 17048]
[17049 17197]
[17198 17315]
[17316 17433]
[17434 17570]
[17571 18067]
[18068 18175]
[18176 18691]
[18692 18904]
[18905 19052]
[19053 19187]
[19188 19234]
[19235 19426]
[19427 19592]
[19593 19864]
[19866 19951]
[19952 20118]
[20119 20168]
[20169 20207]
[20208 20256]
[20257 20476]
[20477 20521]
[20522 20628]
[20629 20665]
[20666 20868]
[20869 20927]
[20928 21025]
[21026 21065]
[21066 21263]
[21264 21351]
[21352 21616]
[21617 21988]
[21989 22293]
[22294 22343]
[22344 22393]
[22394 22426]
[22427 22516]
[22517 22646]
[22647 22716]
[22717 22957]
[22958 23029]
[23030 23065]
[23066 23101]
[23102 23137]
[23138 23173]
[23174 23245]
[23246 23281]
[23282 23318]
[23319 23395]
[23396 24434]
[24435 24576]
[24577 24623]
[24624 24736]
[24737 24823]
[24824 25125]
[25126 25239]
[25240 25391]
[25392 25531]
[25532 25819]
[25820 25924]
[25925 26207]
[26208 26568]
[26569 26658]
[26659 26718]
[26719 26878]
[26879 26937]
[26938 27127]
[27128 27300]
[27301 27587]
[27588 27678]
[27679 27969]
[27970 28038]
[28039 28107]
[28108 28155]
[28156 28211]
[28212 28264]
[28265 28307]
[28308 28358]
[28359 28859]
[28860 29027]
[29028 29153]
[29154 29323]
[29324 29442]
[29443 29531]
[29532 30061]
[30062 30251]
[30252 30474]
[30475 30561]
[30562 30651]
[30652 30709]
[30710 30801]
[30802 30861]
[30862 30911]
[30912 30969]
[30970 31434]
[31435 31531]
