[ 0 23]
[25 44]
[45 64]
[ 66 109]
[111 179]
[180 555]
[556 591]
[592 621]
[622 682]
[683 713]
[714 745]
[746 777]
[778 806]
[807 837]
[838 870]
[871 902]
[903 930]
[931 982]
[ 983 1265]
[1266 1321]
[1322 1371]
[1372 1403]
[1404 1586]
[1587 1748]
[1749 1811]
[1812 1933]
[1934 1968]
[1969 2023]
[2024 2153]
[2154 2228]
[2229 2342]
[2343 2460]
[2461 2796]
[2797 2835]
[2836 2878]
[2879 2929]
[2930 2968]
[2969 3033]
[3034 3133]
[3134 3179]
[3180 3285]
[3286 3387]
[3388 3463]
[3464 3504]
[3505 3572]
[3573 3605]
[3606 3691]
[3692 3797]
[3798 3827]
[3828 3871]
[3872 3917]
[3918 3970]
[3971 4004]
[4005 4043]
[4044 4079]
[4080 4130]
[4131 4171]
[4172 4226]
[4227 4256]
[4257 4681]
[4682 4805]
[4806 4873]
[4874 4941]
[4942 5007]
[5008 5084]
[5085 5162]
[5163 5195]
[5196 5227]
[5228 5305]
[5306 5378]
[5379 5460]
[5461 5842]
[5843 5863]
[5864 5897]
[5898 5931]
[5932 5968]
[5969 6010]
[6011 6032]
[6033 6061]
[6062 6085]
[6086 6117]
[6118 6144]
[6145 6171]
[6172 6213]
[6214 6239]
[6240 6296]
[6297 6317]
[6318 6343]
[6344 6368]
[6369 6387]
[6388 6406]
[6407 6426]
[6427 6454]
[6455 6468]
[6469 6487]
[6488 6506]
[6507 6653]
[6654 6768]
[6769 6818]
[6819 6875]
[6876 6970]
[6971 7036]
[7037 7091]
[7092 7162]
[7163 7221]
[7222 7263]
[7264 7317]
[7318 7409]
[7410 7543]
[7544 7915]
[7916 7970]
[7971 8049]
[8050 8101]
[8102 8161]
[8162 8201]
[8202 8246]
[8247 8266]
[8267 8334]
[8335 8366]
[8367 8416]
[8417 8467]
[8468 8502]
[8503 8564]
[8565 8730]
[8731 8769]
[8770 8815]
[8816 8850]
[8851 8895]
[8896 8935]
[8936 8970]
[8971 9022]
[9023 9082]
[9083 9171]
[9172 9198]
[9199 9250]
[9251 9285]
[9286 9335]
[9336 9685]
[9686 9719]
[9720 9800]
[9801 9863]
[9864 9920]
[9921 9995]
[ 9996 10083]
[10084 10114]
[10115 10212]
[10213 10273]
[10274 10381]
[10382 10650]
[10651 10711]
[10712 10771]
[10772 10837]
[10838 10903]
[10904 10951]
[10952 10958]
[10959 11113]
[11114 11135]
[11136 11163]
[11164 11190]
[11191 11220]
[11221 11253]
[11254 11293]
[11294 11337]
[11338 11367]
[11368 11402]
[11403 11477]
[11478 11550]
[11551 11973]
[11974 11997]
[11998 12069]
[12070 12126]
[12127 12244]
[12245 12309]
[12310 12376]
[12377 12442]
[12443 12538]
[12539 12711]
[12712 12767]
[12768 12835]
[12836 12862]
[12863 12953]
[12954 13011]
[13012 13102]
[13103 13177]
[13178 13485]
[13486 13592]
[13593 13669]
[13670 13825]
[13826 13989]
[13990 14055]
[14056 14100]
[14101 14207]
[14208 14360]
[14361 14578]
[14579 14656]
[14657 14901]
[14902 14909]
[14910 14956]
[14957 15003]
[15004 15042]
[15043 15070]
[15071 15116]
[15117 15162]
[15163 15209]
[15210 15256]
[15257 15302]
[15303 15342]
[15343 15371]
[15372 15402]
[15403 15466]
[15467 15515]
[15516 15563]
[15564 15612]
[15613 15679]
[15680 15722]
[15723 15758]
[15759 15841]
[15842 15912]
[15913 15963]
[15964 16013]
[16014 16089]
[16090 16163]
[16164 16234]
[16235 16331]
[16332 16364]
[16365 16395]
[16396 16486]
[16487 16528]
[16529 16584]
[16585 16635]
[16636 16687]
[16688 16744]
[16745 16837]
[16838 16910]
[16911 16981]
[16982 17126]
[17127 17224]
[17225 17265]
[17266 17341]
[17342 17676]
[17677 17771]
[17772 17862]
[17863 17899]
[17900 18022]
[18023 18075]
[18076 18134]
[18135 18170]
[18171 18231]
[18232 18304]
[18305 18403]
[18404 18527]
[18528 18646]
[18647 18706]
[18707 18796]
[18797 18886]
[18887 18926]
[18927 18959]
[18960 19000]
[19001 19041]
[19042 19074]
[19075 19144]
[19145 19517]
[19518 19627]
[19628 19731]
[19733 19821]
[19822 19998]
[19999 20040]
[20041 20276]
[20277 20340]
[20341 20406]
[20407 20486]
[20487 20787]
[20788 20833]
[20834 20958]
[20959 21042]
[21043 21121]
[21122 21490]
[21491 21920]
[21921 21992]
[21993 22036]
[22037 22095]
[22096 22150]
[22151 22218]
[22219 22305]
[22306 22422]
[22423 22507]
[22508 22595]
[22596 22647]
[22648 22664]
[22665 22711]
[22712 22745]
[22746 22799]
[22800 23205]
[23206 23269]
[23270 23347]
[23348 23426]
[23427 23501]
[23502 23560]
[23561 23653]
[23654 23768]
[23769 23841]
[23842 23921]
[23922 24015]
[24016 24067]
[24068 24108]
[24109 24161]
[24162 24224]
[24225 24264]
[24265 24307]
[24308 24697]
[24698 24760]
[24761 24799]
[24800 24862]
[24863 24920]
[24921 24969]
[24970 25014]
[25015 25328]
[25329 25398]
[25399 25427]
[25428 25468]
[25469 25525]
[25526 25560]
[25561 25607]
[25608 25645]
[25646 25774]
[25775 25809]
[25810 25838]
[25839 25878]
[25879 25904]
[25905 25972]
[25973 26167]
[26168 26476]
[26477 26535]
[26536 26607]
[26608 26680]
[26681 26737]
[26738 26781]
[26782 26819]
[26820 26856]
[26857 26918]
[26919 26931]
[26932 26994]
[26995 27038]
[27039 27342]
[27343 27461]
[27462 27545]
[27546 27649]
[27650 27763]
[27764 27860]
[27861 27992]
[27993 28102]
[28103 28612]
[28613 28749]
