[ 0 26]
[28 47]
[48 67]
[ 69 112]
[114 204]
[205 716]
[717 769]
[770 795]
[796 822]
[823 849]
[850 873]
[874 896]
[897 989]
[ 990 1021]
[1022 1056]
[1057 1089]
[1090 1118]
[1119 1134]
[1135 1190]
[1191 1556]
[1557 1610]
[1611 1662]
[1663 1713]
[1714 1761]
[1762 1823]
[1824 1913]
[1914 2040]
[2041 2095]
[2096 2232]
[2233 2292]
[2293 2330]
[2331 2376]
[2377 2429]
[2430 2481]
[2482 2533]
[2534 2565]
[2566 2634]
[2635 2703]
[2704 2794]
[2795 2841]
[2842 2890]
[2891 2937]
[2938 2993]
[2994 3047]
[3048 3065]
[3066 3818]
[3819 3940]
[3941 3958]
[3959 3998]
[3999 4043]
[4044 4102]
[4103 4140]
[4141 4204]
[4205 4243]
[4244 4267]
[4268 4325]
[4326 4364]
[4365 4413]
[4414 4469]
[4470 4522]
[4523 4569]
[4570 4632]
[4633 4681]
[4682 4769]
[4770 4834]
[4835 4888]
[4889 4943]
[4944 4970]
[4971 5069]
[5070 5164]
[5165 5233]
[5234 5299]
[5300 5336]
[5337 5890]
[5891 6092]
[6093 6145]
[6146 6199]
[6200 6308]
[6309 6562]
[6563 6610]
[6611 6634]
[6635 6651]
[6652 6881]
[6882 6950]
[6951 7002]
[7003 7070]
[7071 7159]
[7160 7210]
[7211 7260]
[7261 7301]
[7302 7340]
[7341 7752]
[7753 7804]
[7805 7866]
[7867 7932]
[7933 8038]
[8039 8152]
[8153 8201]
[8202 8274]
[8275 8324]
[8325 8386]
[8387 8422]
[8423 8455]
[8456 8480]
[8481 8543]
[8544 8725]
[8726 8755]
[8756 8787]
[8788 8837]
[8838 8895]
[8896 8973]
[8974 9054]
[9055 9402]
[9404 9587]
[9588 9631]
[9632 9678]
[9679 9740]
[9741 9827]
[9828 9850]
[9851 9917]
[9918 9999]
[10000 10084]
[10085 10123]
[10124 10204]
[10205 10307]
[10308 10354]
[10355 10478]
[10479 10506]
[10507 10544]
[10545 10638]
[10639 10706]
[10707 10787]
[10788 11103]
[11104 11298]
[11299 11409]
[11410 11488]
[11489 11558]
[11559 11639]
[11640 11724]
[11725 11821]
[11822 11909]
[11910 12000]
[12001 12069]
[12070 12184]
[12185 12279]
[12280 12381]
[12382 12486]
[12487 12529]
[12530 12620]
[12621 12682]
[12683 12785]
[12786 12949]
[12950 12985]
[12986 13052]
[13053 13073]
[13074 13097]
[13098 13149]
[13150 13182]
[13183 13227]
[13228 13314]
[13315 13353]
[13354 13468]
[13469 13512]
[13513 13578]
[13579 13649]
[13650 13689]
[13690 13851]
[13852 13966]
[13967 14026]
[14027 14045]
[14046 14082]
[14083 14168]
[14169 14195]
[14196 14262]
[14263 14305]
[14306 14335]
[14336 14362]
[14363 14473]
[14474 14915]
[14916 15027]
[15028 15110]
[15111 15168]
[15169 15229]
[15230 15403]
[15404 15440]
[15441 15689]
[15690 15726]
[15727 15774]
[15775 15803]
[15804 15882]
[15883 15922]
[15923 15984]
[15985 16022]
[16023 16047]
[16048 16098]
[16099 16153]
[16154 16196]
[16197 16231]
[16232 16305]
[16306 16372]
[16373 16427]
[16428 16467]
[16468 16501]
[16502 16530]
[16531 16567]
[16568 16607]
[16608 16665]
[16666 16672]
[16673 16696]
[16697 16735]
[16736 16761]
[16762 16874]
[16875 17172]
[17173 17250]
[17251 17298]
[17299 17344]
[17345 17396]
[17397 17446]
[17447 17493]
[17494 17574]
[17575 17620]
[17621 17668]
[17669 17715]
[17716 18008]
[18009 18088]
[18089 18135]
[18136 18184]
[18185 18237]
[18238 18282]
[18283 18331]
[18332 18611]
[18612 18661]
[18662 18736]
[18737 18802]
[18803 18875]
[18876 19024]
[19025 19104]
[19105 19147]
[19148 19199]
[19200 19227]
[19228 19310]
[19311 19452]
[19453 19486]
[19487 19569]
[19570 19675]
[19676 19944]
[19946 20047]
[20048 20089]
[20090 20166]
[20167 20234]
[20235 20300]
[20301 20366]
[20367 20418]
[20419 20528]
[20529 20627]
[20628 20692]
[20693 20759]
[20760 20816]
[20817 20909]
[20910 20979]
[20980 21043]
[21044 21155]
[21156 21636]
[21637 21684]
[21685 21784]
[21785 21856]
[21857 21910]
[21911 21985]
[21986 22077]
[22078 22263]
[22264 22424]
[22425 22487]
[22488 22501]
[22502 22524]
[22525 22552]
[22553 22602]
[22603 22677]
[22678 22710]
[22711 22750]
[22751 22778]
[22779 22824]
[22825 22870]
[22871 22918]
[22919 23075]
[23076 23400]
[23401 23470]
[23471 23514]
[23515 23579]
[23580 23666]
[23667 23712]
[23713 23767]
[23768 23866]
[23867 23973]
[23974 24056]
[24057 24179]
[24180 24212]
[24213 24272]
[24273 24352]
[24353 24406]
[24407 24750]
[24751 24802]
[24803 24869]
[24870 24932]
[24933 24999]
[25000 25073]
[25074 25121]
[25122 25183]
[25184 25253]
[25254 25322]
[25323 25390]
[25391 25448]
[25449 25520]
[25521 25591]
[25592 25646]
[25647 25702]
[25703 25751]
[25752 25787]
[25788 25842]
[25843 25901]
[25902 25942]
[25943 26119]
[26120 26158]
[26159 26197]
[26198 26233]
[26234 26273]
[26274 26309]
[26310 26364]
[26365 26412]
[26413 26444]
[26445 26494]
[26495 26544]
[26545 26578]
[26579 26602]
[26603 26636]
[26637 26673]
[26674 26809]
[26810 27210]
[27211 27315]
[27316 27510]
[27511 27603]
[27604 27682]
[27683 27774]
[27775 27895]
[27896 28015]
[28016 28092]
[28093 28171]
[28172 28432]
[28433 28498]
[28499 28550]
[28551 28621]
[28622 28664]
[28665 28755]
[28756 28803]
[28804 28861]
[28862 28928]
[28929 28994]
[28995 29065]
[29066 29122]
[29123 29208]
[29209 29266]
[29267 29325]
[29326 29484]
[29485 29648]
[29649 29713]
[29714 29754]
[29755 29889]
[29890 30188]
[30189 30241]
[30242 30306]
[30307 30338]
[30339 30411]
[30412 30446]
[30447 30492]
[30493 30544]
[30545 30608]
[30609 30670]
[30671 30748]
[30749 30815]
[30816 30876]
[30877 31327]
[31328 31490]
[31491 31590]
[31591 31659]
[31660 31749]
[31750 31837]
[31838 31907]
[31908 31988]
[31989 32042]
[32043 32081]
[32082 32122]
[32123 32505]
[32506 32947]
[32948 33016]
[33017 33186]
[33188 33326]
[33328 33479]
[33480 33904]
[33905 33972]
[33973 34043]
[34044 34125]
[34126 34253]
[34254 34351]
[34352 34408]
[34409 34464]
[34465 34508]
[34509 34550]
[34551 35259]
[35260 35749]
