[ 0 28]
[30 49]
[50 69]
[ 71 114]
[116 215]
[216 655]
[656 708]
[709 747]
[748 781]
[782 810]
[811 835]
[836 871]
[872 901]
[902 930]
[931 959]
[960 991]
[ 992 1022]
[1023 1051]
[1052 1064]
[1065 1119]
[1120 1647]
[1648 1692]
[1693 1740]
[1741 1807]
[1808 1864]
[1865 1984]
[1985 2035]
[2036 2072]
[2073 2117]
[2118 2312]
[2313 2504]
[2505 2632]
[2633 2837]
[2838 2956]
[2957 3006]
[3007 3056]
[3057 3095]
[3096 3149]
[3150 3198]
[3199 3652]
[3653 3726]
[3727 3774]
[3775 3808]
[3809 3829]
[3830 3850]
[3851 4006]
[4007 4065]
[4066 4094]
[4095 4126]
[4127 4143]
[4144 4168]
[4169 4192]
[4193 4235]
[4236 4282]
[4283 4324]
[4325 4343]
[4344 4471]
[4472 4503]
[4504 4554]
[4555 4603]
[4604 4632]
[4633 4685]
[4686 4741]
[4742 4832]
[4833 4889]
[4890 4945]
[4946 4987]
[4988 5046]
[5047 5098]
[5099 5546]
[5547 5584]
[5585 5624]
[5625 5684]
[5685 5733]
[5734 5776]
[5777 5809]
[5810 5839]
[5840 5867]
[5868 5965]
[5966 6011]
[6012 6071]
[6072 6131]
[6132 6165]
[6166 6208]
[6209 6259]
[6260 6287]
[6288 6335]
[6336 6364]
[6365 6389]
[6390 6427]
[6428 6510]
[6511 6539]
[6540 6572]
[6573 6610]
[6611 6677]
[6678 6708]
[6709 6748]
[6749 6780]
[6781 7086]
[7087 7175]
[7177 8084]
[8085 8111]
[8112 8610]
[8611 8896]
[8897 9083]
[9084 9106]
[9107 9152]
[9153 9226]
[9227 9271]
[9272 9366]
[9367 9403]
[9404 9452]
[9453 9501]
[9502 9550]
[9551 9598]
[9599 9628]
[9629 9668]
[9669 9706]
[ 9707 10113]
[10114 10169]
[10170 10217]
[10218 10257]
[10258 10310]
[10311 10331]
[10332 10345]
[10346 10406]
[10407 10565]
[10566 10590]
[10591 10706]
[10707 10755]
[10756 10794]
[10795 10861]
[10862 10914]
[10915 10957]
[10958 10969]
[10970 11060]
[11061 11095]
[11096 11117]
[11118 11195]
[11196 11228]
[11229 11283]
[11285 11318]
[11319 11392]
[11393 11456]
[11457 11495]
[11496 11563]
[11564 11591]
[11592 11617]
[11618 11647]
[11648 12108]
[12109 12273]
[12274 12450]
[12451 12633]
[12634 12839]
[12840 12979]
[12980 13091]
[13092 13158]
[13159 13617]
[13618 13659]
[13660 13714]
[13715 13748]
[13749 13797]
[13798 14054]
[14055 14160]
[14161 14225]
[14226 14258]
[14259 14296]
[14297 14430]
[14431 14551]
[14552 14649]
[14650 14754]
[14755 14821]
[14822 14858]
[14859 14894]
[14895 14929]
[14930 14964]
[14965 15006]
[15007 15030]
[15031 15090]
[15091 15120]
[15121 15226]
[15227 15320]
[15321 15439]
[15440 15490]
[15491 15532]
[15533 15580]
[15581 15670]
[15671 15787]
[15788 15928]
[15929 15995]
[15996 16040]
[16041 16082]
[16083 16146]
[16147 16215]
[16216 16254]
[16255 16376]
[16377 16627]
[16628 16672]
[16673 16725]
[16726 16767]
[16768 16897]
[16898 16971]
[16972 16996]
[16997 17045]
[17046 17108]
[17109 17178]
[17179 17243]
[17244 17319]
[17320 17393]
[17394 17469]
[17470 17514]
[17515 17703]
[17704 17754]
[17755 17834]
[17835 17934]
[17935 18049]
[18050 18112]
[18113 18218]
[18219 18282]
[18283 18314]
[18315 18354]
[18355 18385]
[18386 18429]
[18430 18480]
[18481 18561]
[18562 18662]
[18663 18918]
[18919 18973]
[18974 19054]
[19055 19102]
[19103 19149]
[19150 19324]
[19325 19415]
[19416 19450]
[19451 19501]
[19502 19572]
[19573 19600]
[19601 19660]
[19661 19715]
[19716 20003]
[20004 20118]
[20119 20175]
[20176 20248]
[20249 20322]
[20323 20385]
[20386 20454]
[20455 20623]
[20624 20693]
[20694 21001]
[21002 21105]
[21106 21172]
[21173 21262]
[21263 21325]
[21326 21423]
[21424 21515]
[21516 21554]
[21555 21630]
[21631 21897]
[21898 22019]
[22020 22063]
[22064 22091]
[22092 22154]
[22155 22239]
[22240 22324]
[22325 22451]
[22452 22512]
[22513 22587]
[22588 22640]
[22641 23106]
[23107 23235]
[23236 23318]
[23319 23417]
[23418 23438]
[23439 23558]
[23559 23737]
[23738 23911]
[23912 23955]
[23956 24013]
[24014 24066]
[24067 24136]
[24137 24668]
[24669 24749]
