[ 0 16]
[18 37]
[38 57]
[ 59 102]
[104 220]
[221 660]
[661 714]
[715 747]
[748 781]
[782 808]
[809 841]
[842 882]
[883 909]
[910 925]
[926 965]
[ 966 1014]
[1015 1037]
[1038 1065]
[1066 1090]
[1091 1130]
[1131 1185]
[1186 1300]
[1301 1623]
[1624 1652]
[1653 1674]
[1675 1705]
[1706 1729]
[1730 1759]
[1760 1798]
[1799 1934]
[1935 2155]
[2156 2202]
[2203 2243]
[2244 2287]
[2288 2329]
[2330 2370]
[2371 2394]
[2395 2497]
[2498 2543]
[2544 2579]
[2580 2608]
[2609 2642]
[2643 2670]
[2671 2765]
[2766 2792]
[2793 2863]
[2864 2926]
[2927 2955]
[2956 3001]
[3002 3496]
[3497 3543]
[3544 3587]
[3588 3638]
[3639 3669]
[3670 3746]
[3747 3769]
[3770 3817]
[3818 3864]
[3865 3891]
[3892 3935]
[3936 3987]
[3988 4019]
[4020 4063]
[4064 4090]
[4091 4183]
[4184 4237]
[4238 4273]
[4274 4296]
[4297 4332]
[4333 4348]
[4349 4425]
[4426 4468]
[4469 4556]
[4557 4583]
[4584 4599]
[4600 4655]
[4656 4711]
[4712 4791]
[4792 4824]
[4825 4874]
[4875 4913]
[4914 5231]
[5232 5271]
[5272 5319]
[5320 5358]
[5359 5391]
[5392 5416]
[5417 5435]
[5436 5497]
[5498 5566]
[5567 5638]
[5639 5658]
[5659 5713]
[5714 5760]
[5761 5814]
[5815 5823]
[5824 5840]
[5841 5886]
[5887 5922]
[5923 5965]
[5966 6058]
[6059 6082]
[6083 6129]
[6130 6163]
[6164 6245]
[6246 6290]
[6291 6380]
[6381 6410]
[6411 6465]
[6466 6538]
[6539 6562]
[6563 6597]
[6598 6633]
[6634 6660]
[6661 6712]
[6713 6774]
[6775 7234]
[7235 7297]
[7298 7367]
[7368 7398]
[7399 7435]
[7436 7516]
[7517 7537]
[7538 7566]
[7567 7596]
[7597 7641]
[7642 7757]
[7758 7863]
[7864 7906]
[7907 7965]
[7966 8059]
[8060 8083]
[8084 8133]
[8134 8200]
[8201 8294]
[8295 8322]
[8323 8367]
[8368 8390]
[8391 8421]
[8422 8501]
[8502 8620]
[8621 8686]
[8687 8741]
[8742 8773]
[8774 9142]
[9143 9203]
[9204 9267]
[9268 9319]
[9320 9363]
[9364 9419]
[9420 9468]
[9469 9529]
[9530 9591]
[9592 9641]
[9642 9689]
[9690 9781]
[9782 9906]
[9907 9983]
[ 9984 10088]
[10089 10188]
[10189 10280]
[10281 10339]
[10340 10794]
[10795 10922]
[10923 11013]
[11014 11139]
[11140 11189]
[11190 11230]
[11231 11267]
[11268 11337]
[11338 11413]
[11414 11465]
[11466 11517]
[11518 11578]
[11579 11640]
[11641 11693]
[11694 11738]
[11739 11824]
[11825 11911]
[11912 11948]
[11949 12001]
[12002 12075]
[12076 12134]
[12135 12183]
[12184 12253]
[12254 12317]
[12318 12422]
[12423 12493]
[12494 12542]
[12543 12580]
[12581 12637]
[12638 12695]
[12696 12717]
[12718 12736]
[12737 12762]
[12763 12800]
[12801 12836]
[12837 12875]
[12876 12942]
[12943 13020]
[13021 13146]
[13147 13516]
[13517 13542]
[13543 13630]
[13631 13716]
[13717 13914]
[13915 13996]
[13997 14059]
[14060 14171]
[14172 14175]
[14176 14237]
[14238 14314]
[14315 14377]
[14378 14409]
[14410 14767]
[14768 14804]
[14805 14822]
[14823 14920]
[14921 15054]
[15055 15091]
[15092 15167]
[15168 15223]
[15224 15273]
[15274 15306]
[15307 15354]
[15355 15409]
[15410 15449]
[15450 15500]
[15501 15533]
[15534 15553]
[15554 15586]
[15587 15678]
[15679 15729]
[15730 15768]
[15769 15815]
[15816 15878]
[15879 15913]
[15914 15956]
[15957 16289]
[16291 16348]
[16349 16411]
[16412 16476]
[16477 16561]
[16562 16635]
[16636 16718]
[16719 16813]
[16814 16894]
[16895 16928]
[16929 17021]
[17022 17141]
[17142 17235]
[17236 17491]
[17492 17547]
[17548 17644]
[17645 17700]
[17701 17874]
[17875 17944]
[17945 17997]
[17998 18076]
[18077 18122]
[18123 18173]
[18174 18270]
[18271 18295]
[18296 18372]
[18373 18429]
[18430 18492]
[18493 18598]
[18599 18638]
[18639 18706]
[18707 18772]
[18773 18834]
[18835 18908]
[18909 18976]
[18977 19049]
[19050 19125]
[19126 19177]
[19178 19251]
[19252 19314]
[19315 19384]
[19385 19462]
[19463 19569]
[19570 19643]
[19644 19962]
[19963 20048]
[20049 20097]
[20098 20154]
[20155 20308]
[20309 20416]
[20417 20599]
[20600 20720]
[20721 20791]
[20792 20878]
[20879 20920]
[20921 20973]
[20974 21030]
[21031 21231]
[21232 21339]
[21340 21437]
[21438 21483]
[21484 21521]
[21522 21598]
[21599 21670]
[21671 21746]
[21747 21806]
[21807 21861]
[21862 21906]
[21907 21965]
[21966 22013]
[22014 22061]
[22062 22137]
[22138 22181]
[22182 22228]
[22229 22275]
[22276 22305]
[22306 22360]
[22361 22414]
[22415 22715]
[22716 22944]
[22945 23013]
[23014 23086]
[23087 23141]
[23142 23209]
[23210 23290]
[23291 23349]
[23350 23402]
[23403 23462]
[23463 23512]
[23513 23601]
[23602 23827]
[23828 24192]
[24193 24306]
[24307 24407]
[24408 24508]
[24509 24778]
[24779 24992]
[24993 25256]
[25257 25382]
[25383 25426]
[25427 25566]
[25567 25897]
[25898 25999]
