[ 0 29]
[31 53]
[55 78]
[ 80 103]
[104 132]
[134 247]
[248 573]
[574 633]
[634 691]
[692 737]
[738 786]
[787 828]
[829 867]
[868 905]
[906 935]
[936 974]
[ 975 1010]
[1011 1049]
[1050 1085]
[1086 1127]
[1128 1163]
[1164 1219]
[1220 1335]
[1336 2021]
[2022 2077]
[2078 2124]
[2125 2169]
[2170 2233]
[2234 2295]
[2296 2412]
[2413 2471]
[2472 2495]
[2496 2539]
[2540 2585]
[2586 2635]
[2636 2687]
[2688 2826]
[2827 2887]
[2888 2976]
[2977 3086]
[3087 3247]
[3248 3325]
[3326 3377]
[3378 3449]
[3450 3516]
[3517 3564]
[3565 3603]
[3604 3653]
[3654 3731]
[3732 3815]
[3816 3848]
[3849 4293]
[4294 4363]
[4364 4422]
[4423 4471]
[4472 4529]
[4530 4561]
[4562 4623]
[4624 4783]
[4784 4829]
[4830 4884]
[4885 4953]
[4954 5000]
[5001 5021]
[5022 5087]
[5088 5145]
[5146 5258]
[5259 5330]
[5331 5396]
[5397 5628]
[5629 5695]
[5696 5727]
[5728 5783]
[5784 5840]
[5841 5862]
[5863 5929]
[5930 6008]
[6009 6059]
[6060 6107]
[6108 6510]
[6511 6558]
[6559 6585]
[6586 6625]
[6626 6668]
[6669 6722]
[6723 6756]
[6757 6833]
[6834 6908]
[6909 6972]
[6973 7064]
[7065 7123]
[7124 7203]
[7204 7241]
[7242 7337]
[7338 7458]
[7459 7491]
[7492 7565]
[7566 7683]
[7684 7735]
[7736 7763]
[7764 7911]
[7912 7951]
[7952 8000]
[8001 8029]
[8030 8136]
[8137 8161]
[8162 8193]
[8194 8251]
[8252 8321]
[8322 8893]
[8894 8989]
[8990 9067]
[9068 9117]
[9118 9171]
[9172 9240]
[9241 9283]
[9284 9344]
[9345 9404]
[9405 9467]
[9468 9555]
[9556 9643]
[9644 9695]
[9696 9767]
[9768 9813]
[9814 9869]
[9870 9931]
[9932 9999]
[10000 10061]
[10062 10473]
[10474 10543]
[10544 10610]
[10611 10680]
[10681 10782]
[10783 10883]
[10884 10999]
[11000 11077]
[11078 11180]
[11181 11273]
[11274 11419]
[11420 11496]
[11497 11599]
[11600 11684]
[11685 12131]
[12132 12173]
[12174 12252]
[12253 12305]
[12306 12382]
[12383 12452]
[12453 12576]
[12577 12640]
[12641 12732]
[12733 12804]
[12805 12896]
[12897 13114]
[13115 13386]
[13387 13434]
[13435 13524]
[13525 13674]
[13675 13754]
[13755 13769]
[13770 13811]
[13812 13859]
[13860 13892]
[13893 13929]
[13930 13978]
[13979 14013]
[14014 14259]
[14260 14308]
[14309 14471]
[14472 14540]
[14541 14628]
[14629 14726]
[14727 15040]
[15042 15156]
[15157 15188]
[15189 15262]
[15263 15371]
[15372 15431]
[15432 15484]
[15485 15536]
[15537 15620]
[15621 15717]
[15718 15851]
[15852 15927]
[15928 16013]
[16014 16224]
[16225 16525]
[16526 16575]
[16576 16726]
[16727 17304]
[17305 17412]
[17413 17484]
[17485 17567]
[17568 17634]
[17635 17665]
[17666 17700]
[17701 17778]
[17779 17832]
[17833 17899]
[17900 18016]
[18017 18578]
[18579 18623]
[18624 18659]
[18660 18696]
[18697 18757]
[18758 18818]
[18819 18863]
[18864 18919]
[18920 18980]
[18981 19038]
[19039 19072]
[19073 19109]
[19110 19170]
[19171 19195]
[19196 19256]
[19257 19292]
[19293 19349]
[19350 19410]
[19411 19468]
[19469 19525]
[19526 19646]
[19647 19708]
[19709 19793]
[19794 19854]
[19855 19891]
[19892 19967]
[19968 20052]
[20053 20129]
[20130 20184]
[20185 20671]
[20672 20771]
[20772 20832]
[20833 20884]
[20885 20936]
[20937 20990]
[20991 21042]
[21043 21085]
[21086 21151]
[21152 21226]
[21227 21271]
[21272 21319]
[21320 21374]
[21375 21412]
[21413 21475]
[21476 21533]
[21534 21577]
[21578 21626]
[21627 21676]
[21677 21731]
[21732 22378]
[22379 22468]
[22469 22711]
[22712 22912]
[22913 22949]
[22950 22991]
[22992 23036]
[23037 23090]
[23091 23376]
[23377 23453]
[23454 23525]
[23526 23579]
[23580 23633]
[23634 23674]
[23675 23987]
[23988 24075]
[24076 24161]
[24162 24255]
[24256 24333]
[24334 24407]
[24408 24468]
[24469 24541]
[24542 24600]
[24601 24654]
[24655 24714]
[24715 24755]
[24756 24796]
[24797 25195]
[25196 25342]
[25343 25427]
[25428 25495]
[25496 25707]
[25708 25846]
[25847 26005]
[26006 26153]
[26154 26353]
[26354 27076]
[27077 27149]
