[ 0 22]
[24 43]
[44 63]
[ 65 108]
[110 222]
[223 633]
[634 685]
[686 722]
[723 776]
[777 814]
[815 871]
[872 900]
[901 936]
[937 975]
[ 976 1036]
[1037 1061]
[1062 1094]
[1095 1159]
[1160 1266]
[1267 1587]
[1588 2244]
[2245 2287]
[2288 2367]
[2368 2383]
[2384 2743]
[2744 3413]
[3414 3527]
[3528 3578]
[3579 3631]
[3632 3653]
[3654 3714]
[3715 3736]
[3737 3824]
[3825 3888]
[3889 3924]
[3925 3955]
[3956 4606]
[4607 4658]
[4659 4687]
[4688 4744]
[4745 4812]
[4813 4868]
[4869 4944]
[4945 5006]
[5007 5166]
[5167 5215]
[5216 5272]
[5273 5344]
[5345 5375]
[5376 5560]
[5561 5698]
[5699 5820]
[5821 6040]
[6041 6196]
[6197 6595]
[6596 6664]
[6665 6721]
[6722 6779]
[6780 6840]
[6841 6899]
[6900 6942]
[6943 6998]
[6999 7061]
[7062 7095]
[7096 7275]
[7276 7360]
[7361 7406]
[7407 7450]
[7451 7484]
[7485 7548]
[7549 7637]
[7638 7710]
[7711 7765]
[7766 7802]
[7803 7885]
[7886 7958]
[7959 8059]
[8060 8112]
[8114 8792]
[8793 8809]
[8810 8918]
[8919 8956]
[8957 9032]
[9033 9108]
[9109 9154]
[9155 9186]
[9187 9244]
[9245 9397]
[9398 9545]
[9546 9611]
[9612 9643]
[9644 9671]
[9672 9704]
[9705 9826]
[9827 9892]
[9893 9936]
[9937 9965]
[ 9966 10006]
[10007 10035]
[10036 10065]
[10066 10114]
[10115 10144]
[10145 10169]
[10170 10213]
[10214 10607]
[10608 10615]
[10616 10691]
[10692 10741]
[10742 10801]
[10802 10876]
[10877 10929]
[10930 10989]
[10990 11044]
[11045 11094]
[11095 11150]
[11151 11201]
[11202 11263]
[11264 11278]
[11279 11298]
[11299 11428]
[11429 11524]
[11525 11617]
[11618 11716]
[11717 11788]
[11789 11853]
[11854 11904]
[11905 11957]
[11958 11981]
[11982 12001]
[12002 12368]
[12369 12432]
[12433 12460]
[12461 12492]
[12493 12532]
[12533 12596]
[12597 12643]
[12644 12704]
[12705 12769]
[12770 12818]
[12819 13311]
[13312 13357]
[13358 13384]
[13385 13418]
[13419 13454]
[13455 13477]
[13478 13494]
[13495 13527]
[13528 13544]
[13545 13615]
[13616 13636]
[13637 13696]
[13697 13765]
[13766 13804]
[13805 13833]
[13834 13889]
[13890 13893]
[13894 13971]
[13972 14027]
[14028 14104]
[14105 14149]
[14150 14190]
[14191 14231]
[14232 14297]
[14298 14337]
[14338 14373]
[14374 14402]
[14403 14425]
[14426 14456]
[14457 14545]
[14546 14584]
[14585 14609]
[14610 14645]
[14646 14706]
[14707 14747]
[14748 14780]
[14781 14802]
[14803 14838]
[14839 14875]
[14876 14920]
[14921 14939]
[14940 14969]
[14970 14999]
[15000 15014]
[15015 15038]
[15039 15056]
[15057 15072]
[15073 15109]
[15110 15136]
[15137 15152]
[15153 15210]
[15211 15279]
[15280 15296]
[15297 15314]
[15315 15352]
[15353 15400]
[15401 15437]
[15438 15463]
[15464 15490]
[15491 15573]
[15574 15643]
[15644 15718]
[15719 15766]
[15767 15825]
[15826 15884]
[15885 15982]
[15983 16094]
[16095 16407]
[16408 16460]
[16461 16503]
[16504 16557]
[16558 16605]
[16606 16636]
[16637 16665]
[16666 16703]
[16704 16737]
[16738 16892]
[16893 16966]
[16967 16999]
[17000 17018]
[17019 17043]
[17044 17070]
[17071 17118]
[17119 17146]
[17147 17185]
[17186 17221]
[17222 17255]
[17256 17284]
[17285 17312]
[17313 17359]
[17360 17413]
[17414 17453]
[17454 17515]
[17516 17569]
[17570 17858]
[17859 18195]
[18196 18270]
[18271 18290]
[18291 18355]
[18356 18427]
[18428 18471]
[18472 18718]
[18719 18740]
[18741 18801]
[18802 18855]
[18856 18986]
[18987 19024]
[19025 19058]
[19059 19151]
[19152 19511]
[19512 19570]
[19571 19639]
[19640 19668]
[19669 19726]
[19727 19926]
[19927 20037]
[20038 20126]
[20127 20180]
[20181 20225]
[20226 20260]
[20261 20304]
[20305 20431]
[20432 20512]
[20513 20594]
[20595 20638]
[20639 20686]
[20687 20722]
[20723 20755]
[20756 20774]
[20775 20815]
[20816 21126]
[21127 21192]
[21193 21265]
[21266 21370]
[21371 21435]
[21436 21517]
[21518 21578]
[21579 21612]
[21613 21723]
[21724 21827]
[21828 21989]
[21990 22166]
[22167 22247]
[22248 22348]
[22349 22423]
[22424 22826]
[22827 23023]
[23024 23078]
[23079 23114]
[23115 23189]
[23190 23259]
[23260 23328]
[23329 23421]
[23422 23513]
[23514 23590]
[23591 23897]
[23898 23987]
[23988 24053]
[24054 24113]
[24114 24142]
[24143 24217]
[24218 24293]
[24294 24356]
[24357 24470]
[24471 24544]
[24545 24614]
[24615 24659]
[24660 24721]
[24722 24757]
[24758 24802]
[24803 24937]
[24938 24996]
[24997 25051]
[25052 25110]
[25111 25171]
[25172 25506]
[25507 25686]
[25687 25883]
[25884 25949]
[25950 26017]
[26018 26084]
[26085 26162]
[26163 26233]
[26234 26284]
[26285 26372]
[26373 26448]
[26449 26501]
[26502 26594]
[26595 26754]
[26755 27056]
[27057 27108]
[27109 27198]
[27199 27240]
[27241 27274]
[27275 27326]
[27327 27419]
[27420 27479]
[27480 27510]
[27511 27521]
[27522 27609]
[27610 27708]
[27709 27787]
[27788 27887]
[27888 27917]
[27918 28028]
[28029 28140]
[28141 28272]
[28273 28608]
[28609 28826]
[28827 28954]
[28955 29047]
[29048 29077]
[29078 29119]
[29120 29357]
[29358 29529]
[29530 29589]
[29590 29819]
[29820 30130]
[30131 30236]
[30237 30319]
[30320 30393]
[30394 30488]
[30489 30592]
[30593 30665]
[30666 30758]
[30759 30839]
[30840 30933]
[30934 31027]
[31028 31102]
[31103 31229]
[31230 31511]
[31512 31587]
[31588 31609]
[31610 31670]
[31671 31732]
[31733 31798]
[31799 31847]
[31848 32004]
[32005 32079]
[32080 32113]
[32114 32154]
[32155 32229]
[32230 32298]
[32299 32355]
[32356 32407]
[32408 32865]
[32866 32949]
