[ 0 28]
[30 49]
[50 69]
[ 71 114]
[116 204]
[205 538]
[539 595]
[596 627]
[628 658]
[659 689]
[690 722]
[723 751]
[752 782]
[783 813]
[814 846]
[847 900]
[901 925]
[926 948]
[949 971]
[ 972 1022]
[1023 1379]
[1380 1413]
[1414 1510]
[1511 1550]
[1551 1598]
[1599 1684]
[1685 1743]
[1744 1787]
[1788 1857]
[1858 2009]
[2010 2058]
[2059 2097]
[2098 2147]
[2148 2183]
[2184 2269]
[2270 2330]
[2331 2381]
[2382 2436]
[2437 2571]
[2572 2636]
[2637 2673]
[2674 2710]
[2711 2769]
[2770 2815]
[2816 2865]
[2866 3362]
[3365 3425]
[3426 3494]
[3495 3534]
[3535 3610]
[3611 3661]
[3662 3713]
[3714 3855]
[3856 3995]
[3996 4033]
[4034 4075]
[4076 4102]
[4103 4138]
[4139 4308]
[4309 4346]
[4347 4409]
[4410 4433]
[4434 4482]
[4483 4598]
[4599 4652]
[4653 4688]
[4689 4724]
[4725 4785]
[4786 4848]
[4849 5091]
[5092 5182]
[5183 5280]
[5281 5327]
[5328 5368]
[5369 5427]
[5428 5448]
[5449 5496]
[5497 5569]
[5570 5594]
[5595 5648]
[5649 5676]
[5678 6050]
[6051 6275]
[6276 6362]
[6363 6454]
[6455 6515]
[6516 6894]
[6895 6932]
[6933 7050]
[7051 7117]
[7118 7179]
[7180 7300]
[7301 7377]
[7378 7440]
[7441 7533]
[7534 7588]
[7589 7648]
[7649 7723]
[7724 7800]
[7801 7971]
[7972 8098]
[8099 8181]
[8182 8299]
[8300 8671]
[8672 8709]
[8710 8757]
[8758 8819]
[8820 8868]
[8869 8912]
[8913 9007]
[9008 9063]
[9064 9115]
[9116 9160]
[9161 9210]
[9211 9299]
[9300 9349]
[9350 9822]
[9823 9873]
[9874 9917]
[9918 9972]
[ 9973 10038]
[10039 10086]
[10087 10138]
[10139 10181]
[10182 10227]
[10228 10340]
[10341 10611]
[10612 10693]
[10694 10764]
[10765 10784]
[10785 10811]
[10812 10877]
[10878 10936]
[10937 10986]
[10987 11053]
[11054 11112]
[11113 11151]
[11152 11219]
[11220 11321]
[11322 11385]
[11386 11420]
[11421 11473]
[11474 11501]
[11502 11556]
[11557 11650]
[11651 11770]
[11771 12260]
[12261 12342]
[12343 12466]
[12467 12588]
[12589 12668]
[12669 12772]
[12773 12873]
[12874 12934]
[12935 13088]
[13089 13196]
[13197 13271]
[13272 13354]
[13355 13403]
[13404 13542]
[13543 13633]
[13634 13777]
[13778 14191]
[14192 14232]
[14233 14286]
[14287 14360]
[14361 14417]
[14418 14478]
[14479 14517]
[14518 14588]
[14589 14634]
[14635 14685]
[14686 14757]
[14758 14808]
[14809 14871]
[14872 14924]
[14925 14990]
[14991 15039]
[15040 15076]
[15077 15123]
[15124 15181]
[15182 15229]
[15230 15267]
[15268 15343]
[15344 15403]
[15404 15926]
[15927 15985]
[15986 16048]
[16049 16205]
[16206 16256]
[16257 16523]
[16524 16652]
[16653 16749]
[16750 16808]
[16809 16865]
[16866 16912]
[16913 16948]
[16949 16983]
[16984 17263]
[17264 17289]
[17290 17489]
[17490 17677]
[17678 17806]
[17807 17841]
[17842 17884]
[17885 17928]
[17929 17974]
[17975 18037]
[18038 18161]
[18162 18293]
[18294 18395]
[18396 18550]
[18551 18595]
[18596 18669]
[18670 18755]
[18756 18793]
[18794 18915]
[18916 19031]
[19033 19088]
[19089 19153]
[19154 19244]
[19245 19293]
[19294 19322]
[19323 19353]
[19354 19399]
[19400 19425]
[19426 19470]
[19471 19568]
[19569 19660]
[19661 19701]
[19702 19793]
[19794 19865]
[19866 19921]
[19922 19982]
[19983 20054]
[20055 20088]
[20089 20154]
[20155 20413]
[20414 20512]
[20513 20595]
[20596 20667]
[20668 20741]
[20742 20834]
[20835 21047]
[21048 21124]
[21125 21176]
[21177 21236]
[21237 21285]
[21286 21437]
[21438 21617]
[21618 21666]
[21667 21708]
[21709 21733]
[21734 21778]
[21779 21882]
[21883 22358]
[22359 22426]
[22427 22470]
[22471 22548]
[22549 22607]
[22608 22711]
[22712 22802]
[22803 22910]
[22911 23016]
[23017 23168]
[23169 23293]
[23294 23342]
[23343 23392]
[23393 23436]
[23437 23484]
[23485 23572]
[23573 23613]
[23614 23665]
[23666 23701]
[23702 23725]
[23726 23767]
[23768 23847]
[23848 23897]
[23898 23937]
[23938 24000]
[24001 24261]
[24262 24728]
[24729 24774]
[24775 24820]
[24821 24888]
[24889 25175]
[25177 25280]
[25282 25387]
[25388 25498]
[25499 25596]
[25597 25676]
[25677 25941]
[25942 26056]
[26057 26154]
[26155 26231]
[26232 26313]
[26314 26393]
[26394 26466]
[26467 26542]
[26543 26634]
[26635 26724]
[26725 26840]
[26841 26965]
[26966 27052]
[27053 27167]
[27168 27522]
[27523 27654]
[27655 27823]
[27824 27907]
[27908 27994]
[27995 28051]
[28052 28093]
[28094 28185]
[28186 28255]
[28256 28376]
[28377 28645]
[28646 28713]
[28714 28776]
[28777 28836]
[28837 28886]
[28887 28930]
[28931 29042]
[29043 29131]
[29132 29258]
[29259 29373]
[29374 29592]
[29593 29722]
[29723 29798]
[29799 29894]
[29895 29992]
[29993 30076]
[30077 30189]
[30190 30266]
[30267 30334]
[30335 30419]
[30420 30511]
[30512 30613]
[30614 30986]
[30987 31099]
