[ 0 33]
[35 58]
[59 83]
[ 84 107]
[109 137]
[138 228]
[230 620]
[621 696]
[697 751]
[752 786]
[787 818]
[819 847]
[848 885]
[886 925]
[926 954]
[955 997]
[ 998 1112]
[1113 1147]
[1148 1202]
[1203 1243]
[1244 1284]
[1285 1393]
[1394 2056]
[2057 2156]
[2157 2216]
[2217 2332]
[2333 2416]
[2417 2473]
[2474 2547]
[2548 2606]
[2607 2654]
[2655 2683]
[2684 2833]
[2834 2888]
[2889 2990]
[2991 3038]
[3039 3067]
[3068 3122]
[3123 3158]
[3159 3206]
[3207 3282]
[3283 3325]
[3326 3572]
[3573 3660]
[3661 3718]
[3719 3783]
[3784 3849]
[3850 3907]
[3908 4339]
[4340 4483]
[4484 4531]
[4532 4578]
[4579 4647]
[4648 4724]
[4725 4789]
[4790 4833]
[4834 5092]
[5093 5191]
[5192 5308]
[5309 5338]
[5339 5388]
[5389 5433]
[5434 5500]
[5501 5551]
[5552 5630]
[5631 5709]
[5710 5810]
[5811 5863]
[5864 5954]
[5955 6591]
[6592 6627]
[6628 6680]
[6681 6744]
[6745 6786]
[6787 6835]
[6836 6876]
[6877 6922]
[6923 6964]
[6965 7172]
[7173 7209]
[7210 7275]
[7276 7330]
[7331 7378]
[7379 7450]
[7451 7507]
[7508 7585]
[7586 7638]
[7639 7864]
[7865 7946]
[7947 8017]
[8018 8085]
[8086 8145]
[8146 8193]
[8194 8247]
[8248 8293]
[8294 8892]
[8893 9040]
[9041 9205]
[9206 9345]
[9346 9530]
[9531 9675]
[9676 9757]
[9758 9787]
[9788 9909]
[ 9910 10023]
[10024 10071]
[10072 10131]
[10132 10207]
[10208 10316]
[10317 10473]
[10474 10558]
[10559 10598]
[10599 10695]
[10696 11194]
[11195 11336]
[11337 11503]
[11504 11559]
[11560 11604]
[11605 11664]
[11665 11724]
[11725 11766]
[11767 11935]
[11936 12003]
[12004 12072]
[12073 12148]
[12149 12265]
[12266 12564]
[12565 12610]
[12611 12698]
[12699 12746]
[12747 12877]
[12878 12944]
[12945 13171]
[13172 13209]
[13210 13280]
[13281 13518]
[13520 13592]
[13593 13624]
[13625 13699]
[13700 13761]
[13762 13840]
[13841 13875]
[13876 14062]
[14063 14120]
[14121 14313]
[14314 14389]
[14390 14517]
[14518 14582]
[14583 14613]
[14614 14685]
[14686 14704]
[14705 14743]
[14744 14772]
[14773 14815]
[14816 14878]
[14879 14923]
[14924 15385]
[15386 15630]
[15631 15780]
[15781 15879]
[15880 15932]
[15933 15984]
[15985 16116]
[16117 16189]
[16190 16270]
[16271 16327]
[16328 16398]
[16399 16514]
[16515 16704]
[16705 16762]
[16763 16824]
[16825 16874]
[16875 16920]
[16921 17023]
[17024 17068]
[17069 17121]
[17122 17234]
[17235 17674]
[17675 17725]
[17726 17733]
[17734 17771]
[17772 17829]
[17830 17971]
[17972 18038]
[18039 18130]
[18131 18207]
[18208 18242]
[18243 18319]
[18320 18328]
[18329 18375]
[18376 18487]
[18488 18550]
[18551 18603]
[18604 18693]
[18694 18736]
[18737 18775]
[18776 18818]
[18819 18904]
[18905 19058]
[19059 19214]
[19215 19240]
[19241 19323]
[19325 19328]
[19329 19951]
[19952 20647]
[20648 20737]
[20738 20967]
[20968 21103]
[21104 21290]
[21291 21452]
[21453 21602]
[21603 21770]
[21771 21891]
[21892 22041]
[22042 22126]
[22127 22298]
[22299 22363]
[22364 22471]
[22472 22598]
[22599 22667]
[22668 22817]
[22818 22967]
[22968 23113]
[23114 23254]
[23255 23492]
[23493 23955]
[23956 24177]
[24178 24323]
[24324 24424]
[24425 24554]
[24555 24681]
[24682 25025]
[25026 25165]
[25166 25240]
[25241 25311]
[25312 25407]
[25408 25469]
[25470 25579]
[25580 25758]
[25761 25939]
[25940 26118]
[26120 26248]
[26249 26609]
[26610 26677]
[26678 26718]
[26719 26762]
[26763 26878]
[26879 26905]
[26906 27051]
[27052 27099]
[27100 27141]
[27142 27190]
[27191 27232]
[27233 27279]
[27280 27332]
[27333 27381]
[27382 27429]
[27430 27480]
[27481 27532]
[27533 27573]
[27574 27610]
[27611 27634]
[27635 27681]
[27682 27725]
[27726 27776]
[27777 27795]
[27796 27844]
[27845 27889]
[27890 27992]
[27993 28054]
[28055 28115]
[28116 28162]
[28163 28208]
[28209 28301]
[28302 28348]
[28349 28389]
[28390 28518]
[28519 29019]
[29020 29099]
[29100 29153]
[29154 29222]
[29223 29291]
[29292 29344]
[29345 29404]
[29405 29464]
[29465 29560]
[29561 29632]
[29633 29723]
[29724 29794]
[29795 29831]
[29832 29849]
[29850 29885]
[29886 30003]
[30004 30419]
[30420 30490]
[30491 30537]
[30538 30593]
[30594 30660]
[30661 30747]
[30748 30794]
[30795 30969]
[30970 31040]
[31041 31160]
[31161 31265]
[31266 31372]
[31373 31458]
[31459 31787]
[31788 31880]
[31881 31930]
[31931 32003]
[32004 32074]
[32075 32116]
[32117 32196]
[32197 32253]
[32254 32331]
[32332 32374]
[32375 32466]
[32467 32536]
[32537 32603]
[32604 32675]
[32676 32744]
[32745 32876]
[32877 33141]
[33142 33246]
[33247 33354]
[33355 33435]
[33436 33662]
[33663 33827]
[33828 33932]
[33933 34295]
[34296 34445]
[34446 34476]
[34477 34548]
[34549 34583]
[34584 34767]
[34768 34848]
[34849 34910]
[34911 34942]
[34943 35056]
[35057 35189]
[35190 35457]
[35458 35812]
[35813 35916]
[35917 36030]
[36031 36150]
[36151 36272]
[36273 36390]
[36391 36528]
[36529 36618]
[36619 36743]
[36744 36836]
[36837 36892]
[36893 36969]
[36970 37049]
[37050 37119]
[37120 37269]
[37270 37318]
[37319 37377]
[37378 37469]
[37470 37563]
[37564 37643]
[37644 37865]
[37866 37932]
[37933 37968]
[37969 38026]
[38027 38043]
[38044 38117]
[38118 38136]
[38137 38242]
[38243 38279]
[38280 38373]
[38374 38416]
[38417 38452]
[38453 38540]
[38541 38933]
[38934 38996]
[38997 39048]
[39049 39161]
[39162 39419]
[39420 39567]
[39568 39686]
[39687 39836]
[39837 39966]
[39967 40286]
[40287 40413]
[40414 40544]
[40545 40672]
[40673 40743]
[40744 40856]
[40857 40950]
[40951 41040]
[41041 41104]
[41105 41180]
[41181 41288]
[41289 41369]
[41370 41517]
[41518 42465]
[42466 42549]
