[ 0 20]
[22 41]
[42 61]
[ 63 106]
[108 204]
[205 492]
[493 548]
[549 584]
[585 614]
[615 642]
[643 675]
[676 706]
[707 737]
[738 769]
[770 799]
[800 831]
[832 864]
[865 895]
[896 924]
[925 957]
[ 958 1240]
[1241 1407]
[1408 1466]
[1467 1539]
[1540 1613]
[1614 1619]
[1620 1665]
[1666 1701]
[1702 1705]
[1706 1746]
[1747 1787]
[1788 1806]
[1807 1834]
[1835 1893]
[1894 2012]
[2013 2041]
[2042 2383]
[2384 2433]
[2434 2519]
[2520 2580]
[2581 2656]
[2657 2708]
[2709 2788]
[2789 2853]
[2854 2907]
[2908 2966]
[2967 3069]
[3070 3149]
[3150 3224]
[3225 3399]
[3400 3410]
[3411 3437]
[3438 3469]
[3470 3493]
[3494 3527]
[3528 3584]
[3585 3687]
[3688 3704]
[3705 3827]
[3828 3867]
[3868 3907]
[3908 3945]
[3946 4124]
[4125 4189]
[4190 4212]
[4213 4362]
[4363 4416]
[4417 4463]
[4464 4507]
[4508 4674]
[4675 4746]
[4747 4842]
[4843 4866]
[4867 4909]
[4910 4952]
[4953 4991]
[4992 5050]
[5051 6228]
[6229 6277]
[6278 6331]
[6332 6413]
[6414 6501]
[6502 6563]
[6564 6633]
[6634 6705]
[6706 6780]
[6781 6844]
[6845 6907]
[6908 6970]
[6971 7030]
[7031 7141]
[7142 7244]
[7245 7325]
[7326 7400]
[7401 7463]
[7464 7514]
[7515 7570]
[7571 7670]
[7671 7837]
[7838 7888]
[7889 7970]
[7971 7994]
[7995 8055]
[8056 8128]
[8129 8265]
[8266 8442]
[8443 8534]
[8535 8567]
[8568 8662]
[8663 8770]
[8771 8818]
[8819 9182]
[9183 9221]
[9222 9278]
[9279 9322]
[9323 9353]
[9354 9399]
[9400 9445]
[9446 9490]
[9491 9528]
[9529 9587]
[9588 9634]
[9635 9699]
[9700 9756]
[9757 9778]
[9779 9841]
[9842 9931]
[ 9932 10011]
[10012 10084]
[10085 10149]
[10150 10238]
[10239 10291]
[10292 10382]
[10383 10441]
[10442 10613]
[10614 10779]
[10780 11004]
[11005 11022]
[11023 11053]
[11054 11068]
[11069 11084]
[11085 11100]
[11101 11118]
[11119 11136]
[11137 11151]
[11152 11206]
[11207 11244]
[11245 11320]
[11321 11381]
[11382 11431]
[11432 11491]
[11492 11559]
[11560 11599]
[11600 11639]
[11640 11727]
[11728 11778]
[11779 11824]
[11825 11877]
[11878 11953]
[11954 12033]
[12034 12080]
[12081 12109]
[12110 12131]
[12132 12157]
[12158 12192]
[12193 12206]
[12207 12252]
[12253 12272]
[12273 12294]
[12295 12325]
[12326 12338]
[12339 12371]
[12372 12411]
[12412 12432]
[12433 12801]
[12802 12853]
[12854 12920]
[12921 13007]
[13008 13056]
[13057 13135]
[13136 13198]
[13199 13276]
[13277 13340]
[13341 13411]
[13412 13463]
[13464 13521]
[13522 13583]
[13584 13641]
[13642 13683]
[13684 13743]
[13744 13811]
[13812 13879]
[13880 14272]
[14273 14317]
[14318 14385]
[14386 14430]
[14431 14478]
[14479 14505]
[14506 14535]
[14536 14597]
[14598 14688]
[14689 14748]
[14749 14843]
[14844 14914]
[14915 14962]
[14963 15060]
[15061 15087]
[15088 15415]
[15416 15520]
[15521 15645]
[15646 15770]
[15771 15895]
[15896 16020]
[16021 16145]
[16146 16192]
[16193 16307]
[16308 16410]
[16411 16721]
[16722 16795]
[16796 16835]
[16836 16939]
[16940 17009]
[17010 17098]
[17099 17148]
[17149 17189]
[17190 17216]
[17217 17258]
[17259 17327]
[17328 17358]
[17359 17433]
[17434 17459]
[17460 17789]
[17790 17865]
[17866 18098]
[18099 18181]
[18182 18255]
[18256 18469]
[18470 18631]
[18632 18668]
[18669 18890]
[18891 19033]
[19034 19150]
[19151 19209]
[19210 19258]
[19259 19295]
[19296 19349]
[19350 19360]
[19361 19389]
[19390 19431]
[19432 19472]
[19473 19515]
[19516 19555]
[19556 19652]
[19653 20001]
[20002 20114]
[20115 20180]
[20181 20199]
[20200 20280]
[20281 20342]
[20343 20400]
[20401 20458]
[20459 20717]
[20718 21050]
[21051 21174]
[21175 21298]
[21300 21548]
[21550 21673]
[21675 21798]
[21800 21922]
[21923 21950]
[21951 22277]
[22278 22336]
[22337 22371]
[22372 22418]
[22419 22461]
[22462 22526]
[22527 22599]
[22600 22684]
[22685 22722]
[22723 22781]
[22782 22818]
[22819 22919]
[22920 22953]
[22954 22995]
[22996 23022]
[23023 23049]
[23050 23098]
[23099 23140]
[23141 23170]
[23171 23265]
[23266 23642]
[23643 23732]
[23733 23803]
[23804 23884]
[23885 23938]
[23939 24058]
[24059 24237]
[24238 24300]
[24301 24349]
[24350 24472]
[24473 24632]
[24633 24783]
[24784 24854]
[24855 25048]
[25049 25127]
[25128 25328]
[25329 25510]
[25511 25645]
[25646 25779]
[25780 25885]
[25886 26237]
[26238 26286]
[26287 26393]
[26394 26450]
[26451 26508]
[26509 26568]
[26569 26612]
[26613 26649]
[26650 26716]
[26717 26819]
[26820 26885]
[26886 26983]
[26984 27024]
[27025 27054]
[27055 27204]
[27205 27251]
[27252 27308]
[27309 27421]
[27422 27477]
[27478 27565]
[27566 27650]
[27651 27780]
[27781 27865]
[27866 27940]
[27941 28036]
[28037 28130]
[28131 28227]
[28228 28370]
[28371 28470]
[28471 28551]
[28552 28695]
[28696 28730]
[28731 28821]
[28822 29082]
[29083 29122]
[29123 29206]
[29207 29270]
[29271 29321]
[29322 29367]
[29368 29476]
[29477 29735]
[29736 29986]
[29988 30049]
