[ 0 13]
[15 34]
[35 54]
[56 76]
[77 99]
[101 189]
[191 528]
[529 585]
[586 645]
[646 684]
[685 711]
[712 733]
[734 762]
[763 784]
[785 800]
[801 836]
[837 884]
[885 912]
[913 944]
[945 961]
[962 997]
[ 998 1032]
[1033 1066]
[1067 1168]
[1169 1843]
[1844 1903]
[1904 1930]
[1931 1977]
[1978 2009]
[2010 2070]
[2071 2140]
[2141 2230]
[2231 2278]
[2279 2320]
[2321 2360]
[2361 2397]
[2398 2556]
[2557 2695]
[2696 2837]
[2838 2876]
[2877 2922]
[2923 2995]
[2996 3065]
[3066 3136]
[3137 3189]
[3190 3272]
[3273 3304]
[3305 3332]
[3333 3884]
[3885 3945]
[3946 4006]
[4007 4067]
[4068 4161]
[4162 4250]
[4251 4299]
[4300 4403]
[4404 4489]
[4490 4533]
[4534 4551]
[4552 4630]
[4631 4710]
[4711 4738]
[4739 4859]
[4860 4948]
[4949 4969]
[4970 5013]
[5014 5118]
[5119 5194]
[5195 5240]
[5241 5281]
[5282 5328]
[5329 5376]
[5377 5437]
[5438 5480]
[5481 5527]
[5528 5835]
[5836 5889]
[5890 5933]
[5934 5976]
[5977 6036]
[6037 6083]
[6084 6108]
[6109 6138]
[6139 6159]
[6160 6272]
[6273 6348]
[6349 6498]
[6499 6538]
[6539 6576]
[6577 6637]
[6638 6669]
[6670 6683]
[6684 6725]
[6726 6773]
[6774 6832]
[6833 6871]
[6872 6939]
[6940 6981]
[6982 7038]
[7039 7103]
[7104 7166]
[7167 7226]
[7227 7271]
[7272 7610]
[7611 7664]
[7665 7727]
[7728 7777]
[7778 7804]
[7805 7925]
[7926 7977]
[7978 8049]
[8050 8079]
[8080 8159]
[8160 8185]
[8186 8345]
[8346 8378]
[8379 8399]
[8400 8435]
[8436 8553]
[8554 8581]
[8582 8637]
[8638 8689]
[8690 8776]
[8777 8801]
[8802 8842]
[8843 8954]
[8955 9016]
[9017 9053]
[9054 9189]
[9190 9219]
[9220 9280]
[9281 9346]
[9347 9408]
[9409 9430]
[9431 9464]
[9465 9525]
[9526 9638]
[9639 9695]
[9696 9760]
[9761 9811]
[9812 9955]
[ 9956 10013]
[10014 10072]
[10073 10537]
[10538 10593]
[10594 10643]
[10644 10699]
[10700 10757]
[10758 10794]
[10795 10842]
[10843 10892]
[10893 10940]
[10941 10991]
[10992 11082]
[11083 11131]
[11132 11179]
[11180 11238]
[11239 11277]
[11278 11315]
[11316 11434]
[11435 11474]
[11475 11514]
[11515 11631]
[11632 12003]
[12004 12049]
[12050 12094]
[12095 12142]
[12143 12184]
[12185 12209]
[12210 12268]
[12269 12346]
[12347 12369]
[12370 12419]
[12420 12448]
[12449 12526]
[12527 12555]
[12556 12598]
[12599 12628]
[12629 12715]
[12716 13005]
[13006 13053]
[13054 13088]
[13089 13139]
[13140 13203]
[13204 13261]
[13262 13365]
[13366 13424]
[13425 13537]
[13538 13577]
[13578 13597]
[13598 13666]
[13667 13728]
[13729 13756]
[13757 13859]
[13860 14018]
[14019 14040]
[14041 14060]
[14061 14114]
[14115 14198]
[14199 14235]
[14236 14293]
[14294 14393]
[14394 14428]
[14429 14496]
[14497 14542]
[14543 14897]
[14898 14940]
[14941 14982]
[14983 15056]
[15057 15098]
[15099 15135]
[15136 15181]
[15182 15230]
[15231 15322]
[15323 15357]
[15358 15415]
[15416 15491]
[15492 15584]
[15585 15625]
[15626 15717]
[15718 15766]
[15767 15869]
[15870 15903]
[15904 15939]
[15940 16039]
[16040 16126]
[16127 16196]
[16197 16371]
[16372 16482]
[16483 16569]
[16570 16673]
[16674 16749]
[16750 16908]
[16909 16945]
[16946 17023]
[17024 17075]
[17076 17138]
[17139 17185]
[17186 17265]
[17266 17336]
[17337 17469]
[17470 17573]
[17574 17762]
[17763 17830]
[17831 18128]
[18130 18233]
[18234 18400]
[18401 18489]
[18490 18550]
[18551 18625]
[18626 18698]
[18699 18858]
[18859 18955]
[18956 19014]
[19015 19088]
[19089 19148]
[19149 19203]
[19204 19511]
[19512 19803]
[19804 20384]
[20385 20499]
[20500 20540]
[20541 20576]
[20577 20621]
[20622 20656]
[20657 20772]
[20773 20842]
[20843 20905]
[20906 20989]
[20990 21053]
[21054 21108]
[21109 21177]
[21178 21205]
[21206 21270]
[21271 21329]
[21330 21427]
[21428 21472]
[21473 21528]
[21529 21568]
[21569 21724]
[21725 21797]
[21798 21826]
[21827 21864]
[21865 21892]
[21893 21914]
[21915 21965]
[21966 22027]
[22028 22105]
[22106 22207]
[22208 22258]
[22259 22285]
[22286 22378]
[22379 22470]
[22471 22750]
[22751 22846]
[22847 22936]
[22937 23032]
[23033 23123]
[23124 23226]
[23227 23327]
[23328 23398]
[23399 23446]
[23447 23647]
[23648 23852]
[23853 24508]
[24509 24861]
[24862 24991]
[24992 25060]
[25061 25094]
[25095 25209]
[25210 25311]
[25312 25415]
[25416 25540]
[25541 25638]
[25639 25736]
[25737 25825]
[25826 25922]
[25923 25954]
[25955 26042]
[26043 26723]
[26724 27016]
[27017 27099]
