[ 0 25]
[27 46]
[47 66]
[ 68 111]
[113 210]
[212 490]
[491 543]
[544 575]
[576 606]
[607 640]
[641 670]
[671 694]
[695 726]
[727 753]
[754 794]
[795 825]
[826 854]
[855 883]
[884 919]
[920 974]
[ 975 1553]
[1555 1590]
[1591 1624]
[1625 1672]
[1673 1713]
[1714 1752]
[1753 1791]
[1792 1845]
[1846 2125]
[2126 2206]
[2207 2240]
[2241 2282]
[2283 2319]
[2320 2531]
[2532 2586]
[2587 2609]
[2610 2639]
[2640 2667]
[2668 2700]
[2701 2718]
[2719 2767]
[2768 2805]
[2806 2837]
[2838 2890]
[2891 2928]
[2929 2965]
[2966 2999]
[3000 3530]
[3532 3660]
[3661 3736]
[3737 3812]
[3813 3849]
[3850 3887]
[3888 3952]
[3953 4001]
[4002 4057]
[4058 4082]
[4083 4122]
[4123 4148]
[4149 4189]
[4190 4237]
[4238 4315]
[4316 4342]
[4343 4398]
[4399 4417]
[4418 4475]
[4476 4494]
[4495 4558]
[4559 4625]
[4626 4660]
[4661 4802]
[4803 4908]
[4909 4961]
[4962 5009]
[5010 5524]
[5525 5569]
[5570 5611]
[5612 5664]
[5665 5704]
[5705 5744]
[5745 5816]
[5817 5854]
[5855 6025]
[6026 6154]
[6155 6195]
[6196 6236]
[6238 6263]
[6264 6295]
[6297 6318]
[6319 6514]
[6515 6594]
[6596 6636]
[6637 6680]
[6681 6701]
[6702 6739]
[6740 6812]
[6813 7397]
[7398 7453]
[7454 7534]
[7535 7586]
[7587 7635]
[7636 7671]
[7672 7729]
[7730 7780]
[7781 7860]
[7861 7926]
[7927 7993]
[7994 8037]
[8038 8087]
[8088 8150]
[8151 8211]
[8212 8256]
[8257 8307]
[8308 8780]
[8781 8844]
[8845 8887]
[8888 8923]
[8924 8945]
[8946 8976]
[8977 9029]
[9030 9152]
[9153 9331]
[9332 9414]
[9415 9465]
[9466 9513]
[9514 9947]
[ 9948 10040]
[10041 10128]
[10129 10212]
[10213 10658]
[10659 10692]
[10693 10734]
[10735 10783]
[10784 10826]
[10827 10909]
[10910 11000]
[11001 11046]
[11047 11074]
[11075 11146]
[11147 11179]
[11180 11201]
[11202 11232]
[11233 11267]
[11268 11320]
[11321 11416]
[11417 11451]
[11452 11515]
[11516 11537]
[11538 11586]
[11587 11631]
[11632 11678]
[11679 11712]
[11713 11770]
[11771 11812]
[11813 11839]
[11840 11864]
[11865 11920]
[11921 11966]
[11967 12023]
[12024 12084]
[12085 12125]
[12126 12168]
[12169 12196]
[12197 12225]
[12226 12264]
[12265 12323]
[12324 12364]
[12365 12404]
[12405 12443]
[12444 12530]
[12531 12856]
[12857 12902]
[12903 12961]
[12962 13014]
[13015 13082]
[13083 13127]
[13128 13401]
[13402 13505]
[13506 13556]
[13557 13622]
[13623 13879]
[13880 13939]
[13940 14003]
[14004 14074]
[14075 14143]
[14144 14393]
[14394 14498]
[14499 14586]
[14587 14686]
[14687 14836]
[14837 14960]
[14961 15135]
[15136 15311]
[15312 15486]
[15487 15552]
[15553 15899]
[15900 15973]
[15974 16025]
[16026 16110]
[16111 16182]
[16183 16259]
[16260 16342]
[16343 16431]
[16432 16521]
[16522 16610]
[16611 16881]
[16882 16924]
[16925 16976]
[16977 17016]
[17017 17056]
[17057 17120]
[17121 17178]
[17179 17234]
[17235 17301]
[17302 17358]
[17359 17683]
[17684 17888]
[17889 18020]
[18021 18090]
[18091 18187]
[18188 18404]
[18405 18855]
[18856 19282]
[19283 19341]
[19342 19367]
[19368 19404]
[19405 19447]
[19448 19473]
[19474 19505]
[19506 19563]
[19564 19598]
[19599 19951]
[19952 19986]
[19987 20073]
[20074 20123]
[20124 20220]
[20221 20284]
[20285 20350]
[20351 20410]
[20411 20473]
[20474 20517]
[20518 20575]
[20576 20626]
[20627 20698]
[20699 21022]
[21023 21216]
[21217 21259]
[21260 21322]
[21323 21455]
[21456 21556]
[21557 21625]
[21626 21706]
[21707 21803]
[21804 21963]
[21964 22047]
[22048 22102]
[22103 22343]
[22344 22406]
[22407 22463]
[22464 22555]
[22556 22639]
[22640 22736]
[22737 22840]
[22841 22920]
[22921 23020]
[23021 23125]
[23126 23212]
[23213 23325]
[23326 23417]
[23418 23447]
[23448 23728]
[23729 24062]
[24063 24465]
[24466 24887]
[24888 24949]
