[ 0 23]
[25 44]
[45 64]
[ 66 109]
[111 557]
[558 613]
[614 665]
[666 702]
[703 743]
[744 790]
[791 817]
[818 845]
[846 866]
[867 906]
[907 938]
[939 970]
[971 991]
[ 992 1035]
[1036 1077]
[1078 1121]
[1122 1188]
[1190 1804]
[1805 1960]
[1961 2038]
[2039 2106]
[2107 2165]
[2166 2253]
[2254 2358]
[2359 2517]
[2518 2623]
[2624 2671]
[2672 2713]
[2714 2764]
[2765 2784]
[2785 2972]
[2973 3063]
[3064 3093]
[3094 3192]
[3193 3274]
[3275 3578]
[3579 3627]
[3628 3682]
[3683 3732]
[3733 3774]
[3775 3858]
[3859 3924]
[3925 4034]
[4035 4086]
[4087 4213]
[4214 4302]
[4303 4379]
[4380 4496]
[4497 4586]
[4587 4643]
[4644 4693]
[4694 4754]
[4755 4797]
[4798 4853]
[4854 4902]
[4903 4923]
[4924 4992]
[4993 5101]
[5102 5168]
[5169 5337]
[5338 5483]
[5484 5516]
[5517 5560]
[5561 5608]
[5609 5679]
[5680 5718]
[5719 5827]
[5828 5889]
[5890 5945]
[5946 6013]
[6014 6058]
[6059 6119]
[6120 6156]
[6157 6243]
[6244 6325]
[6326 6369]
[6370 6427]
[6428 6455]
[6456 6505]
[6506 6557]
[6558 6617]
[6618 6671]
[6672 6728]
[6729 6769]
[6770 6814]
[6815 6851]
[6852 7343]
[7344 7431]
[7432 7562]
[7563 7700]
[7701 7800]
[7801 7850]
[7851 7894]
[7895 7941]
[7942 8032]
[8033 8091]
[8092 8142]
[8143 8229]
[8230 8273]
[8274 8387]
[8388 8489]
[8490 8595]
[8596 8625]
[8626 8682]
[8683 8752]
[8753 8781]
[8782 8851]
[8852 9279]
[9280 9336]
[9337 9383]
[9384 9439]
[9440 9455]
[9456 9716]
[9717 9869]
[9870 9951]
[ 9952 10067]
[10068 10134]
[10135 10183]
[10184 10248]
[10249 10301]
[10302 10316]
[10317 10556]
[10557 10614]
[10615 10658]
[10659 10723]
[10724 10753]
[10754 11227]
[11228 11292]
[11293 11439]
[11440 11495]
[11496 11602]
[11603 11619]
[11620 11662]
[11663 11692]
[11693 11737]
[11738 11797]
[11798 11845]
[11846 11893]
[11894 11928]
[11929 12011]
[12012 12087]
[12088 12165]
[12166 12230]
[12231 12384]
[12385 12439]
[12440 12473]
[12474 13003]
[13004 13051]
[13052 13092]
[13093 13123]
[13124 13177]
[13178 13235]
[13236 13285]
[13286 13325]
[13326 13368]
[13369 13408]
[13409 13457]
[13458 13548]
[13549 13681]
[13682 13720]
[13721 13788]
[13789 13859]
[13860 13921]
[13922 13963]
[13964 14014]
[14015 14346]
[14347 14446]
[14447 14469]
[14470 14515]
[14516 14555]
[14556 14602]
[14603 14655]
[14656 14781]
[14782 14810]
[14811 14842]
[14843 14903]
[14904 14923]
[14924 14974]
[14975 15012]
[15013 15045]
[15046 15090]
[15091 15105]
[15106 15131]
[15132 15160]
[15161 15469]
[15470 15528]
[15529 15590]
[15591 15617]
[15618 15661]
[15662 15703]
[15704 15780]
[15781 15808]
[15809 15840]
[15841 15899]
[15900 15944]
[15945 15989]
[15990 16004]
[16005 16055]
[16056 16139]
[16140 16183]
[16184 16228]
[16229 16263]
[16264 16326]
[16327 16364]
[16365 16473]
[16474 16505]
[16506 16626]
[16627 16810]
[16811 16883]
[16884 16980]
[16981 17059]
[17060 17111]
[17112 17260]
[17261 17355]
[17356 17442]
[17443 17495]
[17496 17555]
[17556 17641]
[17642 17680]
[17681 17723]
[17724 17953]
[17954 18014]
[18015 18061]
[18062 18105]
[18106 18147]
[18148 18191]
[18192 18237]
[18238 18288]
[18289 18338]
[18339 18421]
[18422 18468]
[18469 18528]
[18529 19115]
[19116 19181]
[19182 19521]
[19522 19778]
[19779 19882]
[19883 20005]
[20006 20096]
[20097 20121]
[20122 20252]
[20253 20416]
[20417 20482]
[20483 20588]
[20589 20741]
[20742 20816]
[20817 20874]
[20875 21111]
[21112 21193]
[21194 21227]
[21228 21333]
[21334 21384]
[21385 21448]
[21449 21516]
[21517 21642]
[21643 21670]
[21671 21698]
[21699 21754]
[21755 21777]
[21778 21837]
[21838 21917]
[21918 21961]
[21962 22021]
[22022 22480]
[22481 23037]
[23038 23084]
[23085 23124]
[23125 23717]
[23718 24015]
[24016 24122]
[24123 24189]
[24190 24276]
[24277 24292]
[24293 24351]
[24352 24450]
[24451 24541]
[24542 24646]
[24647 24756]
[24757 24827]
[24828 24891]
[24892 24983]
[24984 25215]
[25216 25290]
[25291 25375]
[25376 25434]
[25435 25512]
[25513 25567]
[25568 25598]
[25599 25640]
[25641 25704]
[25705 25731]
[25732 25798]
[25799 25870]
[25871 25899]
[25900 25921]
[25922 25971]
[25972 26229]
[26230 26288]
[26289 26330]
[26331 26360]
[26361 26415]
[26416 26460]
[26461 26532]
[26533 26633]
[26634 26695]
[26696 26741]
[26742 26783]
[26784 26831]
[26832 27411]
[27412 27499]
