[0 257]
[258 314]
[315 345]
[346 376]
[377 407]
[408 441]
[442 486]
[487 513]
[514 536]
[537 566]
[567 596]
[597 628]
[629 658]
[659 686]
[687 737]
[738 1471]
[1472 1519]
[1520 1550]
[1551 1575]
[1576 1624]
[1625 1672]
[1673 1708]
[1709 2049]
[2050 2139]
[2140 2210]
[2211 2226]
[2227 2258]
[2259 2289]
[2290 2366]
[2367 2419]
[2420 2513]
[2514 2553]
[2554 2578]
[2579 2606]
[2607 2633]
[2634 2653]
[2654 2703]
[2704 2821]
[2822 2843]
[2844 2888]
[2889 2922]
[2923 2946]
[2947 2971]
[2972 2996]
[2997 3028]
[3029 3495]
[3496 3565]
[3566 3601]
[3602 3638]
[3639 3666]
[3667 3712]
[3713 3750]
[3751 3792]
[3793 3833]
[3834 3917]
[3918 3987]
[3988 4018]
[4019 4047]
[4048 4081]
[4082 4203]
[4204 4254]
[4255 4303]
[4304 4353]
[4354 4414]
[4415 4506]
[4507 4532]
[4533 4591]
[4592 4655]
[4656 4705]
[4706 4764]
[4765 4822]
[4823 5258]
[5259 5382]
[5383 5507]
[5508 5632]
[5633 5757]
[5758 5882]
[5883 6007]
[6008 6132]
[6133 6257]
[6258 6377]
[6378 6736]
[6737 7402]
[7403 7891]
[7892 8182]
[8183 8415]
[8416 8460]
[8461 8521]
[8522 8588]
[8589 8659]
[8660 8784]
[8785 8903]
[8904 8968]
[8969 9110]
[9111 9278]
[9279 9309]
[9310 9425]
[9426 9554]
[9555 9582]
[9583 9644]
[9645 9734]
[9735 9802]
[9803 9902]
[9903 9961]
[9962 9997]
[9998 10033]
[10034 10069]
[10070 10105]
[10106 10141]
[10142 10177]
[10178 10213]
[10214 10320]
[10321 10408]
[10409 10949]
[10950 11022]
[11023 11073]
[11074 11104]
[11105 11152]
[11153 11189]
[11190 11232]
[11233 11273]
[11274 11314]
[11315 11342]
[11343 11379]
[11380 11427]
[11428 11496]
[11497 11545]
[11546 11638]
[11639 11681]
[11682 11734]
[11735 11862]
[11863 11903]
[11904 11940]
[11941 11992]
[11993 12044]
[12045 12101]
[12102 12142]
[12143 12436]
[12437 12769]
[12770 12860]
[12861 13017]
[13018 13302]
[13303 13438]
[13439 13508]
[13509 13750]
[13751 13826]
[13827 13967]
[13968 14076]
[14077 14438]
[14439 14500]
[14501 14595]
[14596 14673]
[14674 14745]
[14746 14841]
[14842 14974]
[14975 15135]
[15136 15179]
[15180 15221]
[15222 15293]
[15294 15350]
[15351 15547]
[15548 15604]
[15605 15682]
[15683 15752]
[15753 15826]
[15827 15920]
[15921 16342]
[16343 16952]
[16953 17061]
[17062 17190]
[17191 17292]
[17293 17597]
[17598 17798]
[17799 17961]
[17962 18199]
[18200 18303]
[18304 18356]
[18357 18431]
[18432 18594]
[18595 18661]
[18662 18759]
[18760 18810]
[18811 18919]
[18920 19037]
[19038 19192]
[19193 19255]
[19256 19297]
[19298 19348]
[19349 19743]
[19744 19974]
[19975 20219]
[20220 20318]
[20319 20352]
[20353 20460]
[20461 20560]
[20561 20672]
[20673 20749]
[20750 20813]
[20814 20869]
[20870 20923]
[20924 20986]
[20987 20988]
[20989 21226]
[21227 21393]
[21394 21463]
[21464 21565]
[21566 21648]
[21649 21719]
[21720 21795]
[21796 21876]
[21877 21950]
[21951 22013]
[22014 22083]
[22084 22139]
[22140 22260]
[22261 22572]
[22573 22641]
[22642 22706]
[22707 22762]
[22763 22823]
[22824 22848]
[22849 22915]
[22916 22951]
[22952 23348]
[23349 23660]
[23661 23727]
[23728 23871]
[23872 23928]
[23929 23979]
[23980 24080]
[24081 24149]
[24150 24207]
[24208 24250]
[24251 24303]
[24304 24357]
[24358 24426]
[24427 24568]
[24569 24830]
[24831 24941]
[24942 25060]
[25061 25179]
[25180 25292]
[25293 25354]
[25355 25476]
[25477 25529]
[25530 25631]
[25632 25689]
[25690 26029]
[26030 26437]
[26438 26515]
[26516 26593]
[26594 26646]
[26647 26722]
[26723 26761]
[26762 26813]
[26814 26872]
[26873 26930]
[26931 26990]
[26991 27313]
[27314 27399]
[27400 27555]
[27556 27592]
[27593 27793]
[27794 27935]
[27936 28122]
[28123 28209]
[28210 28409]
[28410 28544]
[28545 28606]
[28607 29043]
[29044 29122]
