[0 19]
[20 330]
[331 393]
[394 432]
[433 470]
[471 521]
[522 542]
[543 571]
[572 600]
[601 624]
[625 644]
[645 682]
[683 720]
[721 767]
[768 824]
[825 1340]
[1341 1417]
[1418 1479]
[1480 1528]
[1529 1557]
[1558 1610]
[1611 1711]
[1712 1795]
[1796 1847]
[1848 1881]
[1882 1904]
[1905 1967]
[1968 2031]
[2032 2077]
[2078 2120]
[2121 2164]
[2165 2204]
[2205 2264]
[2265 2288]
[2289 2328]
[2329 2454]
[2455 2484]
[2485 2552]
[2553 2623]
[2624 2693]
[2694 2750]
[2751 2781]
[2782 2834]
[2835 2865]
[2866 2931]
[2932 3599]
[3600 3689]
[3690 4002]
[4003 4042]
[4043 4095]
[4096 4129]
[4130 4207]
[4208 4252]
[4253 4330]
[4331 4369]
[4370 4412]
[4413 4452]
[4453 4499]
[4500 4584]
[4585 4649]
[4650 4704]
[4705 4757]
[4758 4871]
[4872 4909]
[4910 4940]
[4941 4984]
[4985 5043]
[5044 5086]
[5087 5125]
[5126 5584]
[5585 5638]
[5639 5694]
[5695 5749]
[5750 5808]
[5809 5880]
[5881 5949]
[5950 6015]
[6016 6081]
[6082 6131]
[6132 6188]
[6189 6232]
[6233 6252]
[6253 6349]
[6350 6494]
[6495 6564]
[6565 6664]
[6665 6750]
[6752 6876]
[6877 6924]
[6925 7046]
[7047 7085]
[7086 7105]
[7106 7164]
[7165 7223]
[7224 7288]
[7289 7350]
[7351 7419]
[7420 7544]
[7545 7656]
[7657 7719]
[7720 7803]
[7804 7848]
[7849 7897]
[7898 7964]
[7965 8202]
[8203 8241]
[8242 8282]
[8283 8367]
[8368 8415]
[8416 8520]
[8521 8601]
[8602 8679]
[8680 8710]
[8711 8814]
[8815 8962]
[8963 9048]
[9049 9260]
[9261 9320]
[9321 9423]
[9424 9818]
[9819 9887]
[9888 9919]
[9920 9945]
[9946 9996]
[9997 10045]
[10046 10076]
[10077 10147]
[10148 10286]
[10287 10331]
[10332 10443]
[10444 10506]
[10507 10592]
[10593 10661]
[10662 10706]
[10707 10787]
[10788 10814]
[10815 10852]
[10853 10890]
[10891 10946]
[10947 10966]
[10967 11003]
[11004 11026]
[11027 11106]
[11107 11158]
[11159 11203]
[11204 11293]
[11294 11836]
[11837 11908]
[11909 12007]
[12008 12079]
[12080 12145]
[12146 12203]
[12204 12255]
[12256 12315]
[12316 12403]
[12404 12444]
[12445 12506]
[12507 12909]
[12910 12984]
[12985 13146]
[13147 13171]
[13172 13218]
[13219 13256]
[13257 13294]
[13295 13315]
[13316 13358]
[13359 13393]
[13394 13421]
[13422 13452]
[13453 13493]
[13494 13531]
[13532 13563]
[13564 13617]
[13618 13681]
[13682 13762]
[13763 13838]
[13839 13897]
[13898 13932]
[13933 13956]
[13957 13981]
[13982 14004]
[14005 14027]
[14028 14062]
[14063 14431]
[14432 14529]
[14530 14597]
[14598 14644]
[14645 14688]
[14689 14785]
[14786 14852]
[14853 14931]
[14932 14994]
[14995 15068]
[15069 15092]
[15093 15165]
[15166 15219]
[15220 15266]
[15267 15290]
[15291 15350]
[15351 15400]
[15401 15539]
[15540 15657]
[15658 15948]
[15949 16000]
[16001 16102]
[16103 16143]
[16144 16201]
[16202 16274]
[16275 16330]
[16331 16393]
[16394 16459]
[16460 16534]
[16535 16594]
[16595 16645]
[16646 16696]
[16697 16766]
[16767 16800]
[16801 16848]
[16849 16916]
[16917 16971]
[16972 17251]
[17252 17332]
[17333 17403]
[17404 17467]
[17468 17538]
[17539 17610]
[17611 17656]
[17657 17701]
[17702 17762]
[17763 17819]
[17820 17866]
[17867 17927]
[17928 18109]
[18110 18193]
[18194 18252]
[18253 18327]
[18328 18428]
[18429 18523]
[18524 18628]
[18629 18708]
[18709 18782]
[18783 18838]
[18839 18912]
[18913 19299]
[19300 19422]
[19423 19904]
[19905 20147]
[20148 20253]
[20254 20482]
[20483 20579]
[20580 20654]
[20655 20723]
[20724 20813]
[20814 20904]
[20905 21017]
[21018 21083]
[21084 21138]
[21139 21189]
[21190 21547]
[21548 21619]
[21620 21718]
[21719 21775]
[21776 21824]
[21825 21880]
[21881 21922]
[21923 21983]
[21984 22076]
[22077 22143]
[22144 22188]
[22189 22303]
[22304 22386]
[22387 22472]
[22473 22528]
[22529 22580]
[22581 22795]
[22796 22870]
[22871 22972]
[22973 23000]
[23001 23041]
[23042 23346]
[23347 23432]
[23433 23512]
[23513 23559]
[23560 23633]
[23634 23682]
[23683 23730]
[23731 23825]
[23826 23923]
[23924 23999]
[24000 24062]
[24063 24108]
[24109 24145]
[24146 24197]
[24198 24268]
[24269 24335]
[24336 24852]
[24853 24934]
