[0 23]
[24 305]
[306 362]
[363 398]
[399 428]
[429 456]
[457 489]
[490 519]
[520 549]
[550 582]
[583 613]
[614 646]
[647 677]
[678 708]
[709 738]
[739 768]
[769 798]
[799 828]
[829 858]
[859 944]
[945 1502]
[1503 1619]
[1620 1746]
[1747 1820]
[1821 1864]
[1865 1955]
[1956 2118]
[2119 2166]
[2167 2251]
[2252 2434]
[2435 2495]
[2496 2551]
[2552 2607]
[2608 2656]
[2657 2706]
[2707 2762]
[2763 2814]
[2815 2866]
[2867 2917]
[2918 2972]
[2973 3006]
[3007 3487]
[3488 3541]
[3542 3699]
[3700 3729]
[3730 3766]
[3767 3794]
[3795 3877]
[3878 4001]
[4002 4042]
[4043 4093]
[4094 4163]
[4164 4215]
[4216 4253]
[4254 4318]
[4319 4356]
[4357 4414]
[4415 4454]
[4455 4539]
[4540 4721]
[4722 4729]
[4730 4750]
[4751 4761]
[4762 4785]
[4786 4840]
[4841 4865]
[4866 4949]
[4950 4964]
[4965 5010]
[5011 5334]
[5335 5428]
[5429 5503]
[5504 5578]
[5579 5719]
[5720 6193]
[6194 6247]
[6248 6276]
[6277 6325]
[6326 6363]
[6364 6415]
[6416 6451]
[6452 6490]
[6491 6611]
[6612 6782]
[6783 6828]
[6829 6863]
[6864 6900]
[6901 6939]
[6940 6984]
[6985 7036]
[7037 7072]
[7073 7115]
[7116 7287]
[7288 7341]
[7342 7444]
[7445 7473]
[7474 7550]
[7551 7600]
[7601 7618]
[7619 7698]
[7699 8222]
[8223 8271]
[8272 8307]
[8308 8345]
[8346 8377]
[8378 8433]
[8434 8477]
[8478 8524]
[8525 8596]
[8597 8655]
[8656 8715]
[8716 8767]
[8768 8809]
[8810 8848]
[8849 8919]
[8920 8955]
[8956 8981]
[8982 9025]
[9026 9054]
[9055 9087]
[9088 9146]
[9147 9169]
[9170 9212]
[9213 9248]
[9249 9311]
[9312 9404]
[9405 9429]
[9430 9491]
[9492 9535]
[9536 9575]
[9576 9617]
[9618 9672]
[9673 9786]
[9787 9822]
[9823 9858]
[9859 9894]
[9895 9930]
[9931 9966]
[9967 10002]
[10003 10038]
[10039 10074]
[10075 10110]
[10111 10146]
[10147 10225]
[10226 10612]
[10613 10888]
[10889 10918]
[10919 10973]
[10974 11004]
[11005 11049]
[11050 11114]
[11115 11203]
[11204 11263]
[11264 11361]
[11362 11398]
[11399 11472]
[11473 11533]
[11534 11559]
[11560 11609]
[11610 11662]
[11663 11715]
[11716 11764]
[11765 11805]
[11806 11838]
[11839 11895]
[11896 11941]
[11942 11968]
[11969 12242]
[12243 12318]
[12319 12444]
[12445 12579]
[12580 12621]
[12622 12707]
[12708 12755]
[12756 12827]
[12828 12949]
[12950 13074]
[13075 13148]
[13149 13239]
[13240 13580]
[13581 13659]
[13660 13798]
[13799 13902]
[13903 14010]
[14011 14349]
[14350 14529]
[14530 14599]
[14600 14921]
[14922 15256]
[15257 15327]
[15328 15423]
[15424 15564]
[15565 15653]
[15654 15716]
[15717 15741]
[15742 15889]
[15890 16011]
[16012 16082]
[16083 16131]
[16132 16225]
[16226 16331]
[16332 16409]
[16410 16750]
[16751 16859]
[16860 16951]
[16952 17044]
[17045 17120]
[17121 17170]
[17171 17411]
[17412 17460]
[17461 17522]
[17523 17564]
[17565 17623]
[17624 17741]
[17742 17792]
[17793 17849]
[17850 17901]
[17902 17955]
[17956 18070]
[18071 18106]
[18107 18142]
[18143 18178]
[18179 18214]
[18215 18250]
[18251 18286]
[18287 18322]
[18323 18358]
[18359 18394]
[18395 18430]
[18431 18510]
[18511 18781]
[18782 18860]
[18861 18966]
[18967 19058]
[19059 19132]
[19133 19186]
[19187 19295]
[19296 19440]
[19441 19561]
[19562 19627]
[19628 19704]
[19705 20148]
[20149 20276]
[20278 20401]
[20403 20527]
[20528 20600]
[20601 20866]
[20867 20973]
[20974 21036]
[21037 21181]
[21182 21267]
[21268 21384]
[21385 21489]
[21490 21597]
[21598 21688]
[21689 21741]
[21742 21794]
[21795 21853]
[21854 21891]
[21892 22182]
[22183 22522]
[22523 23085]
[23086 23390]
[23391 23555]
[23556 23627]
[23628 23966]
[23967 24023]
[24024 24063]
[24064 24093]
[24094 24334]
[24335 24492]
[24493 24674]
[24675 24738]
[24739 24813]
[24814 24978]
[24979 25114]
[25115 25230]
[25231 25302]
[25303 25664]
[25665 25775]
