[0 10]
[11 35]
[36 277]
[278 344]
[345 375]
[376 404]
[405 437]
[438 471]
[472 502]
[503 523]
[524 553]
[554 595]
[596 626]
[627 657]
[658 688]
[689 720]
[721 751]
[752 844]
[845 924]
[925 1469]
[1470 1538]
[1539 1603]
[1604 1662]
[1663 1730]
[1731 1775]
[1776 1838]
[1839 1896]
[1897 1950]
[1951 2089]
[2090 2161]
[2162 2336]
[2337 2753]
[2754 2808]
[2809 2879]
[2880 2959]
[2960 3024]
[3025 3104]
[3105 3162]
[3163 3204]
[3205 3294]
[3295 3382]
[3383 3456]
[3457 3568]
[3569 3624]
[3625 4042]
[4043 4114]
[4115 4180]
[4181 4221]
[4222 4419]
[4420 4493]
[4494 4764]
[4765 4917]
[4918 4993]
[4994 5424]
[5425 5486]
[5487 5518]
[5519 5538]
[5539 5568]
[5569 5710]
[5711 5799]
[5800 5858]
[5859 5933]
[5934 5960]
[5961 6068]
[6069 6154]
[6155 6200]
[6201 6267]
[6268 6295]
[6296 6394]
[6395 6532]
[6533 6573]
[6574 6620]
[6621 6673]
[6674 6724]
[6725 6766]
[6767 6809]
[6810 6826]
[6827 6872]
[6873 6929]
[6930 7494]
[7495 7557]
[7558 7687]
[7688 7729]
[7730 7837]
[7838 7906]
[7907 7976]
[7977 8010]
[8011 8068]
[8069 8106]
[8107 8144]
[8145 8234]
[8235 8281]
[8282 8327]
[8328 8367]
[8368 8455]
[8456 8638]
[8639 8713]
[8714 8784]
[8785 8819]
[8820 8964]
[8965 9300]
[9301 9365]
[9366 9491]
[9492 9667]
[9668 9737]
[9738 9839]
[9840 9925]
[9926 10011]
[10012 10108]
[10109 10159]
[10160 10229]
[10230 10288]
[10289 10442]
[10443 10478]
[10479 10514]
[10515 10550]
[10551 10586]
[10587 10622]
[10623 10658]
[10659 10694]
[10695 10730]
[10731 10766]
[10767 10803]
[10804 10886]
[10887 11313]
[11314 11379]
[11380 11496]
[11497 11532]
[11533 11590]
[11591 11656]
[11657 11737]
[11738 11816]
[11817 11927]
[11928 12007]
[12008 12102]
[12103 12187]
[12188 12363]
[12364 12494]
[12495 12546]
[12547 12632]
[12633 12671]
[12672 12932]
[12933 13035]
[13036 13116]
[13117 13191]
[13192 13280]
[13281 13429]
[13430 13514]
[13515 13627]
[13628 13710]
[13711 13814]
[13815 13890]
[13891 14015]
[14016 14083]
[14084 14153]
[14154 14215]
[14216 14283]
[14284 14413]
[14414 14527]
[14528 14638]
[14639 14737]
[14738 15059]
[15060 15254]
[15255 15517]
[15518 15643]
[15644 15795]
[15796 15998]
[15999 16218]
[16219 16394]
[16395 16804]
[16806 16855]
[16856 16923]
[16924 16989]
[16990 17052]
[17053 17141]
[17142 17423]
[17424 17614]
[17615 17650]
[17651 17693]
[17694 17753]
[17754 17807]
[17808 17857]
[17858 17916]
[17917 17993]
[17994 18066]
[18067 18225]
[18226 18262]
[18263 18291]
[18292 18326]
[18327 18566]
[18567 18625]
[18626 18794]
[18795 18852]
[18853 18906]
[18907 18962]
[18963 19043]
[19044 19112]
[19113 19229]
[19230 19265]
[19266 19304]
[19305 19622]
[19623 19686]
[19687 19735]
[19736 19788]
[19789 19834]
[19835 20217]
[20218 20250]
[20251 20309]
[20310 20382]
[20383 20589]
[20590 20683]
[20684 20802]
[20803 20909]
[20910 21089]
[21090 21152]
[21153 21210]
[21211 21261]
[21262 21315]
[21316 21432]
[21433 21504]
[21505 21576]
[21577 21612]
[21613 21648]
[21649 21684]
[21685 21720]
[21721 21756]
[21757 21792]
[21793 21877]
[21878 22218]
[22219 22293]
[22294 22413]
[22414 22482]
[22483 22619]
[22620 22725]
[22726 22889]
[22890 22936]
[22937 22987]
[22988 23031]
[23032 23072]
[23073 23359]
[23360 23426]
[23427 23469]
[23470 23520]
[23521 23600]
[23601 23676]
[23677 23733]
[23734 23820]
[23821 23929]
[23930 23968]
[23969 24337]
[24338 24747]
[24748 25124]
[25125 25227]
[25228 25647]
[25648 25671]
[25672 25743]
[25744 25801]
[25802 25852]
[25853 25903]
[25904 25972]
[25973 26001]
[26002 26050]
[26051 26126]
[26127 26183]
[26184 26235]
[26236 26307]
[26308 26364]
[26365 26423]
[26424 26472]
[26473 26538]
[26539 26585]
[26586 26648]
[26649 26935]
[26936 27004]
[27005 27051]
[27052 27094]
[27095 27152]
[27153 27205]
[27206 27252]
[27253 27318]
[27319 27378]
[27379 27442]
[27443 27491]
[27492 27535]
[27536 27576]
[27577 27905]
[27906 27987]
[27988 28070]
[28071 28147]
[28148 28226]
[28227 28312]
[28313 28383]
[28384 28440]
[28441 28495]
[28496 28558]
[28559 28638]
[28639 28695]
[28696 28763]
[28764 28840]
[28841 28904]
[28905 28966]
[28967 29015]
[29016 29334]
[29335 29378]
[29379 29510]
[29511 29558]
[29559 29644]
[29645 29749]
[29750 29773]
[29774 29812]
[29813 29861]
[29862 30080]
[30081 30118]
[30119 30264]
[30265 30362]
[30363 30415]
[30416 30557]
[30558 30622]
[30623 30914]
[30915 31237]
[31238 31312]
[31313 31452]
[31453 31547]
[31548 31623]
[31624 31706]
[31707 31788]
[31789 31864]
[31865 31935]
[31936 32020]
[32021 32129]
[32130 32191]
[32192 32315]
[32316 32645]
[32646 32693]
[32694 32742]
[32743 32806]
[32807 32863]
[32864 32942]
[32943 33005]
[33006 33076]
[33077 33131]
[33132 33194]
[33195 33243]
[33244 33385]
[33386 33427]
[33428 33488]
[33489 33541]
[33542 33808]
[33809 33912]
