[0 5]
[6 35]
[36 315]
[316 370]
[371 406]
[407 436]
[437 464]
[465 497]
[498 527]
[528 557]
[558 590]
[591 621]
[622 654]
[655 685]
[686 716]
[717 746]
[747 777]
[778 834]
[835 857]
[858 953]
[954 1569]
[1570 1595]
[1596 1623]
[1624 1643]
[1644 1676]
[1677 1701]
[1702 1736]
[1737 1782]
[1783 1822]
[1823 1861]
[1862 1894]
[1895 1970]
[1971 2018]
[2019 2064]
[2065 2114]
[2115 2168]
[2169 2232]
[2233 2278]
[2279 2337]
[2338 2402]
[2403 2427]
[2428 2574]
[2575 2600]
[2601 2628]
[2629 2672]
[2673 2821]
[2822 2844]
[2845 2883]
[2884 2911]
[2912 2944]
[2945 3000]
[3001 3051]
[3052 3113]
[3114 3165]
[3166 3219]
[3220 3668]
[3669 3715]
[3716 3772]
[3773 3822]
[3823 3881]
[3882 3989]
[3990 4040]
[4041 4089]
[4090 4139]
[4140 4206]
[4207 4258]
[4259 4319]
[4320 4374]
[4375 4429]
[4430 4486]
[4487 4524]
[4525 4634]
[4635 4670]
[4671 4741]
[4742 4815]
[4816 4973]
[4974 5014]
[5015 5073]
[5074 5197]
[5198 5257]
[5258 5318]
[5319 5341]
[5342 5673]
[5674 5736]
[5737 5806]
[5807 5875]
[5876 5942]
[5943 6012]
[6013 6081]
[6082 6213]
[6214 6276]
[6277 6348]
[6349 6378]
[6379 6435]
[6436 6745]
[6746 6786]
[6787 6825]
[6826 6861]
[6862 6892]
[6893 6926]
[6927 6962]
[6963 6995]
[6996 7048]
[7049 7107]
[7108 7196]
[7197 7227]
[7228 7247]
[7248 7281]
[7282 7326]
[7327 7377]
[7378 7438]
[7439 7480]
[7481 7517]
[7518 7588]
[7589 7611]
[7612 7661]
[7662 7711]
[7712 7758]
[7759 7806]
[7807 7845]
[7846 8360]
[8361 8440]
[8441 8474]
[8475 8516]
[8517 8555]
[8556 8584]
[8585 8615]
[8616 8630]
[8631 8664]
[8665 8689]
[8690 8712]
[8713 8728]
[8729 8751]
[8752 8843]
[8844 8921]
[8922 8967]
[8968 8989]
[8990 9033]
[9034 9073]
[9074 9116]
[9117 9174]
[9175 9212]
[9213 9253]
[9254 9323]
[9324 9372]
[9373 9455]
[9456 9525]
[9526 9607]
[9608 9732]
[9733 9779]
[9780 9841]
[9842 9890]
[9891 9914]
[9915 9951]
[9952 9977]
[9978 10006]
[10007 10036]
[10037 10067]
[10068 10090]
[10091 10146]
[10147 10182]
[10183 10218]
[10219 10254]
[10255 10290]
[10291 10326]
[10327 10362]
[10363 10398]
[10399 10434]
[10435 10470]
[10471 10506]
[10507 10588]
[10589 11111]
[11112 11196]
[11197 11368]
[11369 11431]
[11432 11551]
[11552 11663]
[11664 11717]
[11718 11853]
[11854 11889]
[11890 11939]
[11940 12018]
[12019 12068]
[12069 12177]
[12178 12218]
[12219 12260]
[12261 12343]
[12344 12391]
[12392 12436]
[12437 12718]
[12719 12790]
[12791 12855]
[12856 12955]
[12956 13038]
[13039 13127]
[13128 13180]
[13181 13450]
[13451 13572]
[13573 13683]
[13684 13892]
[13893 13963]
[13964 14016]
[14017 14074]
[14075 14129]
[14130 14160]
[14161 14198]
[14199 14571]
[14572 14634]
[14635 14695]
[14696 14770]
[14771 14836]
[14837 14945]
[14946 15017]
[15018 15093]
[15094 15168]
[15169 15229]
[15230 15289]
[15290 15443]
[15444 15508]
[15509 15569]
[15570 15644]
[15645 15729]
[15730 15804]
[15805 15921]
[15922 16005]
[16006 16127]
[16128 16178]
[16179 16281]
[16282 16361]
[16362 16432]
[16433 16515]
[16516 16588]
[16589 16709]
[16710 16798]
[16799 16862]
[16863 16921]
[16922 16982]
[16983 17044]
[17045 17101]
[17102 17165]
[17166 17227]
[17228 17281]
[17282 17326]
[17327 17407]
[17408 17466]
[17467 17635]
[17636 17909]
[17910 18107]
[18108 18266]
[18267 18316]
[18317 18472]
[18473 18546]
[18547 18594]
[18595 18645]
[18646 18690]
[18691 18730]
[18731 18828]
[18829 18873]
[18874 18919]
[18920 18972]
[18973 19005]
[19006 19070]
[19071 19095]
[19096 19139]
[19140 19180]
[19181 19229]
[19230 19303]
[19304 19371]
[19372 19470]
[19471 19493]
[19494 19683]
[19684 19943]
[19944 20081]
[20082 20157]
[20158 20234]
[20235 20336]
[20337 20396]
[20397 20491]
[20492 20526]
[20527 20553]
[20554 20747]
[20748 20829]
[20830 20911]
[20912 20985]
[20986 21070]
[21071 21146]
[21147 21222]
[21223 21288]
[21289 21351]
[21352 21408]
[21409 21469]
[21470 21523]
[21524 21584]
[21585 21636]
[21637 21683]
[21684 21733]
[21734 21913]
[21914 22270]
[22271 22365]
[22366 22431]
[22432 22483]
[22484 22550]
[22551 22648]
[22649 22763]
[22764 22895]
[22896 23010]
[23011 23126]
[23127 23246]
[23247 23334]
[23335 23391]
[23392 23440]
[23441 23700]
[23701 23866]
[23867 23988]
[23989 24096]
[24097 24200]
[24201 24325]
[24326 24450]
[24451 24575]
[24576 24700]
[24701 24782]
[24783 24838]
[24839 24874]
[24875 24910]
[24911 24946]
[24947 24982]
[24983 25018]
[25019 25054]
[25055 25090]
[25091 25126]
[25127 25162]
[25163 25198]
[25199 25284]
[25285 25698]
[25699 26035]
[26036 26120]
[26121 26233]
[26234 26258]
[26259 26441]
[26442 26716]
[26717 26961]
[26962 27104]
[27105 27405]
[27406 27637]
[27638 27712]
[27713 27761]
[27762 27857]
[27858 27943]
[27944 28019]
[28020 28123]
[28124 28226]
[28227 28328]
[28329 28382]
[28383 28438]
[28439 28455]
[28456 28676]
[28677 28792]
[28793 28873]
[28874 28981]
[28982 29088]
[29089 29179]
[29180 29249]
[29250 29375]
[29376 29463]
[29464 29563]
[29564 29642]
[29643 29891]
[29892 30015]
