[0 8]
[9 36]
[37 282]
[283 347]
[348 384]
[385 409]
[410 435]
[436 470]
[471 474]
[475 502]
[503 536]
[537 562]
[563 599]
[600 647]
[648 696]
[697 724]
[725 774]
[775 825]
[826 926]
[927 1221]
[1222 1328]
[1329 1399]
[1400 1478]
[1479 1555]
[1556 1627]
[1628 1668]
[1669 1737]
[1738 1814]
[1815 1822]
[1823 2173]
[2175 2427]
[2428 2534]
[2535 2657]
[2658 2725]
[2726 2812]
[2813 2885]
[2886 2944]
[2945 2997]
[2998 3074]
[3075 3189]
[3190 3442]
[3443 3516]
[3517 4041]
[4042 4122]
[4123 4156]
[4157 4195]
[4196 4278]
[4279 4305]
[4306 4343]
[4344 4440]
[4441 4614]
[4615 4741]
[4742 4788]
[4789 4936]
[4937 5011]
[5012 5057]
[5058 5138]
[5139 5188]
[5189 5259]
[5260 5296]
[5297 5333]
[5334 5449]
[5450 5559]
[5560 5812]
[5813 5911]
[5912 5995]
[5996 6071]
[6072 6173]
[6174 6286]
[6287 6381]
[6382 6494]
[6495 6593]
[6594 6678]
[6679 6744]
[6745 6827]
[6828 6931]
[6932 7012]
[7013 7072]
[7073 7119]
[7120 7704]
[7705 7753]
[7754 7845]
[7846 7885]
[7886 7918]
[7919 7975]
[7976 8041]
[8042 8101]
[8102 8149]
[8150 8175]
[8176 8212]
[8213 8244]
[8245 8393]
[8394 8424]
[8425 8452]
[8453 8486]
[8487 8540]
[8541 8583]
[8584 8635]
[8636 8692]
[8693 8730]
[8731 8765]
[8766 8799]
[8800 8845]
[8846 8882]
[8883 8915]
[8916 8946]
[8947 8976]
[8977 9005]
[9006 9038]
[9039 9072]
[9073 9115]
[9116 9336]
[9337 9447]
[9448 10305]
[10306 10547]
[10548 11125]
[11126 11271]
[11272 11349]
[11350 11385]
[11386 11428]
[11429 11483]
[11484 11561]
[11562 11589]
[11590 11643]
[11644 11679]
[11680 11829]
[11830 11874]
[11875 11933]
[11934 11972]
[11973 11999]
[12000 12045]
[12046 12109]
[12110 12395]
[12396 12444]
[12445 12500]
[12501 12559]
[12560 12910]
[12911 13058]
[13059 13180]
[13181 13220]
[13221 13315]
[13316 13352]
[13353 13438]
[13439 13459]
[13460 13498]
[13499 13617]
[13618 13748]
[13749 13821]
[13822 13934]
[13935 14161]
[14162 14286]
[14287 14357]
[14358 14802]
[14803 14845]
[14846 14914]
[14915 14967]
[14968 15045]
[15046 15088]
[15089 15143]
[15144 15197]
[15198 15252]
[15253 15264]
[15265 15326]
[15327 15370]
[15371 15422]
[15423 15527]
[15528 15554]
[15555 15614]
[15615 15676]
[15677 15733]
[15734 15818]
[15819 15866]
[15867 15939]
[15940 15986]
[15987 16048]
[16049 16369]
[16370 16440]
[16442 16512]
[16513 16550]
[16551 16603]
[16604 16674]
[16675 16701]
[16702 16816]
[16817 16834]
[16835 16893]
[16894 16947]
[16948 16997]
[16998 17047]
[17048 17090]
[17091 17155]
[17157 17207]
[17208 17319]
[17320 17383]
[17384 17451]
[17452 17513]
[17514 17576]
[17577 17621]
[17622 17656]
[17657 17922]
[17923 18087]
[18088 18206]
[18207 18311]
[18312 18476]
[18477 18809]
[18810 18913]
[18914 18979]
[18980 19075]
[19076 19155]
[19156 19234]
[19235 19299]
[19300 19371]
[19372 19451]
[19452 19546]
[19547 19624]
[19625 19646]
[19647 19729]
[19730 19818]
[19819 19901]
[19902 19982]
[19983 20055]
[20056 20177]
[20178 20249]
[20250 20347]
[20348 20412]
[20413 20460]
[20461 20514]
[20515 20565]
[20566 20622]
[20623 20708]
[20709 20787]
[20788 20870]
[20871 20931]
[20932 20965]
[20966 21018]
[21019 21197]
[21198 21281]
[21282 21341]
[21342 21374]
[21375 21470]
[21471 21532]
[21533 21646]
[21647 21716]
[21717 21789]
[21790 21833]
[21834 21902]
[21903 21951]
[21952 21985]
[21986 22254]
[22255 22308]
[22309 22341]
[22342 22433]
[22434 22495]
[22496 22544]
[22545 22685]
[22686 22729]
[22730 22857]
[22858 22914]
[22915 22987]
[22988 23024]
[23025 23155]
[23156 23188]
[23189 23257]
[23258 23376]
[23377 23633]
[23635 23743]
[23744 23840]
[23841 24074]
[24075 24103]
[24104 24165]
[24166 24217]
[24218 24409]
[24410 24468]
[24469 24614]
[24615 24655]
[24656 24808]
[24809 24831]
[24832 24921]
[24922 24975]
[24976 25052]
[25053 25112]
[25113 25717]
[25719 25777]
[25778 25842]
[25843 26158]
[26159 26229]
[26230 26331]
[26332 26392]
[26394 26623]
[26624 26708]
