[0 24]
[25 311]
[312 379]
[380 405]
[406 431]
[432 453]
[454 478]
[479 506]
[507 528]
[529 554]
[555 583]
[584 608]
[609 630]
[631 685]
[686 710]
[711 732]
[733 754]
[755 821]
[822 1335]
[1336 1361]
[1362 1388]
[1389 1506]
[1507 1533]
[1534 1575]
[1576 1606]
[1607 1631]
[1632 1680]
[1681 1716]
[1717 1748]
[1749 1776]
[1777 1819]
[1820 1860]
[1861 1930]
[1931 1979]
[1980 1995]
[1996 2046]
[2047 2088]
[2089 2120]
[2121 2197]
[2198 2221]
[2222 2283]
[2284 2334]
[2335 2376]
[2377 2410]
[2411 2433]
[2434 2445]
[2446 2516]
[2517 2532]
[2533 2564]
[2565 2616]
[2617 2693]
[2694 2713]
[2714 3215]
[3216 3278]
[3279 3330]
[3331 3388]
[3389 3427]
[3428 3455]
[3456 3513]
[3514 3571]
[3572 3627]
[3628 3708]
[3709 3750]
[3751 3822]
[3823 3888]
[3889 3940]
[3941 3979]
[3980 4025]
[4026 4054]
[4055 4103]
[4104 4134]
[4135 4186]
[4187 4211]
[4212 4242]
[4243 4286]
[4287 4505]
[4506 4577]
[4578 4748]
[4749 4783]
[4784 4830]
[4831 5094]
[5095 5115]
[5116 5171]
[5172 5234]
[5235 5260]
[5261 5306]
[5307 5403]
[5404 5442]
[5443 5497]
[5498 5516]
[5517 5536]
[5537 5608]
[5609 5655]
[5656 5684]
[5685 5707]
[5708 5741]
[5742 5778]
[5779 5818]
[5819 5857]
[5858 5865]
[5866 5926]
[5927 5978]
[5979 6002]
[6003 6042]
[6043 6058]
[6059 6084]
[6085 6135]
[6136 6172]
[6173 6202]
[6203 6244]
[6245 6268]
[6269 6311]
[6312 6361]
[6362 6402]
[6403 6462]
[6463 6508]
[6509 6559]
[6560 6614]
[6615 6664]
[6665 6689]
[6690 6998]
[6999 7072]
[7073 7150]
[7151 7229]
[7230 7272]
[7273 7364]
[7365 7487]
[7488 7549]
[7550 7595]
[7596 7680]
[7681 7824]
[7825 7954]
[7955 8049]
[8050 8154]
[8155 8712]
[8713 8748]
[8749 9026]
[9027 9145]
[9146 9213]
[9214 9291]
[9292 9334]
[9335 9351]
[9352 9369]
[9370 9411]
[9412 9567]
[9568 9870]
[9871 9940]
[9941 10071]
[10072 10105]
[10106 10137]
[10138 10181]
[10182 10213]
[10214 10259]
[10260 10363]
[10364 10508]
[10509 10654]
[10655 10690]
[10691 10717]
[10718 10734]
[10735 10759]
[10760 10791]
[10792 10821]
[10822 10835]
[10836 10866]
[10867 10909]
[10910 10933]
[10934 10959]
[10960 10990]
[10991 11027]
[11028 11094]
[11095 11477]
[11478 11644]
[11645 11760]
[11761 11859]
[11860 11890]
[11891 12009]
[12010 12061]
[12062 12107]
[12108 12176]
[12177 12218]
[12219 12346]
[12347 12417]
[12418 12724]
[12726 12757]
[12758 12791]
[12792 12827]
[12828 12877]
[12878 12969]
[12970 13021]
[13022 13051]
[13052 13093]
[13094 13147]
[13148 13195]
[13196 13220]
[13221 13271]
[13272 13349]
[13350 13418]
[13419 13467]
[13468 13549]
[13550 13597]
[13598 13682]
[13683 14103]
[14104 14128]
[14129 14201]
[14202 14287]
[14288 14367]
[14368 14434]
[14435 14515]
[14516 14581]
[14582 14650]
[14651 14710]
[14711 14773]
[14774 14872]
[14873 14925]
[14926 15039]
[15040 15147]
[15148 15422]
[15423 15490]
[15491 15594]
[15595 15705]
[15706 15808]
[15809 15871]
[15872 15973]
[15974 16071]
[16072 16158]
[16159 16251]
[16252 16345]
[16346 16742]
[16743 16804]
[16805 16886]
[16887 16937]
[16938 16987]
[16988 17088]
[17089 17245]
[17246 17349]
[17350 17391]
[17392 17461]
[17462 17498]
[17499 17549]
[17550 17694]
[17695 17757]
[17758 17821]
[17822 17888]
[17889 17947]
[17948 17997]
[17998 18049]
[18050 18109]
[18110 18161]
[18162 18506]
[18507 18545]
[18546 18585]
[18586 18657]
[18658 18704]
[18705 18730]
[18731 18783]
[18784 18871]
[18872 19042]
[19043 19205]
[19206 19346]
[19347 19421]
[19422 19507]
[19508 19562]
[19563 19627]
[19628 19702]
[19703 19962]
[19963 20121]
[20122 20230]
[20231 20429]
[20430 20486]
[20487 20533]
[20534 20586]
[20587 20668]
[20669 20758]
[20759 20832]
[20833 20931]
[20932 21009]
[21010 21063]
[21064 21120]
[21121 21187]
[21188 21245]
[21246 21305]
[21306 21371]
[21372 21433]
[21434 21495]
[21496 21755]
[21756 21850]
[21851 21884]
[21885 22132]
[22133 22184]
[22185 22521]
[22522 22785]
[22786 22823]
[22824 23050]
[23051 23126]
[23127 23215]
[23216 23304]
[23305 23374]
[23375 23428]
[23429 23487]
[23488 23593]
[23594 23677]
[23678 23731]
[23732 23770]
[23771 23808]
[23809 24104]
[24105 24164]
[24165 24289]
[24290 24414]
[24415 25290]
[25291 25576]
[25577 25647]
[25648 25698]
[25699 25760]
[25761 25813]
[25814 25894]
[25895 25964]
[25965 26026]
[26027 26091]
[26092 26146]
[26147 26211]
[26212 26259]
[26260 26312]
[26313 26679]
[26680 26767]
