[0 5]
[6 44]
[45 350]
[351 407]
[408 443]
[444 473]
[474 501]
[502 534]
[535 564]
[565 594]
[595 627]
[628 658]
[659 691]
[692 722]
[723 753]
[754 773]
[774 824]
[825 1164]
[1165 1433]
[1434 1656]
[1657 1864]
[1865 1974]
[1975 2139]
[2140 2295]
[2296 2893]
[2894 2950]
[2951 3045]
[3046 3085]
[3086 3375]
[3376 3433]
[3434 3529]
[3530 3613]
[3614 3734]
[3735 3828]
[3829 3977]
[3978 3997]
[3998 4070]
[4071 4176]
[4177 4300]
[4301 4401]
[4402 4500]
[4501 5599]
[5600 5671]
[5672 5736]
[5737 5841]
[5842 5924]
[5925 6002]
[6003 6076]
[6077 6139]
[6140 6206]
[6207 6273]
[6274 6335]
[6336 6697]
[6698 6766]
[6767 6820]
[6821 6888]
[6889 6972]
[6973 7071]
[7072 7138]
[7139 7176]
[7177 7215]
[7216 7300]
[7301 7345]
[7346 7413]
[7414 7472]
[7474 7495]
[7496 7590]
[7591 7787]
[7788 7900]
[7901 8029]
[8030 8101]
[8102 8238]
[8239 8262]
[8263 8652]
[8653 8733]
[8734 8763]
[8764 8817]
[8818 8872]
[8873 8900]
[8901 8939]
[8940 9010]
[9011 9077]
[9078 9147]
[9148 9202]
[9203 9247]
[9248 9288]
[9289 9328]
[9329 9389]
[9390 9434]
[9435 9493]
[9494 9550]
[9551 9591]
[9592 9685]
[9686 9745]
[9746 9811]
[9812 9852]
[9853 9916]
[9917 9984]
[9985 10051]
[10052 10087]
[10088 10148]
[10149 10188]
[10189 10216]
[10217 10291]
[10292 10356]
[10357 10403]
[10404 10457]
[10458 10493]
[10494 10529]
[10530 10554]
[10555 10575]
[10576 10601]
[10602 10637]
[10638 10673]
[10674 10709]
[10710 10745]
[10746 10781]
[10782 10817]
[10818 10899]
[10900 11316]
[11317 11432]
[11433 11512]
[11513 11575]
[11576 11632]
[11633 11727]
[11728 11797]
[11798 11855]
[11856 11909]
[11910 12105]
[12106 12150]
[12151 12214]
[12215 12239]
[12240 12260]
[12261 12286]
[12287 12315]
[12316 12340]
[12341 12359]
[12360 12389]
[12390 12426]
[12427 12457]
[12458 12503]
[12504 12543]
[12544 12574]
[12575 12606]
[12607 12643]
[12644 12675]
[12677 12766]
[12767 12963]
[12964 13038]
[13039 13097]
[13098 13143]
[13144 13207]
[13208 13265]
[13266 13357]
[13358 13400]
[13401 13460]
[13461 13580]
[13581 13618]
[13619 13655]
[13656 13691]
[13692 13731]
[13732 13774]
[13775 13873]
[13874 13909]
[13910 13957]
[13958 14024]
[14025 14083]
[14084 14123]
[14124 14174]
[14175 14274]
[14275 14336]
[14337 14547]
[14549 14640]
[14641 14722]
[14723 14833]
[14834 14898]
[14899 15168]
[15169 15296]
[15297 15401]
[15402 15670]
[15671 15769]
[15770 15890]
[15891 15947]
[15948 15985]
[15986 16055]
[16056 16178]
[16179 16303]
[16304 16330]
[16331 16482]
[16483 16511]
[16512 16577]
[16578 16665]
[16666 16991]
[16992 17071]
[17072 17161]
[17162 17261]
[17262 17373]
[17374 17456]
[17457 17673]
[17674 17741]
[17742 17811]
[17812 17900]
[17901 17985]
[17986 18053]
[18054 18444]
[18445 18515]
[18516 18598]
[18599 18676]
[18677 18727]
[18728 18806]
[18807 18869]
[18870 19021]
[19022 19094]
[19095 19160]
[19161 19360]
[19361 19472]
[19473 19578]
[19579 19705]
[19706 19761]
[19762 19864]
[19865 19938]
[19939 19992]
[19993 20028]
[20029 20064]
[20065 20100]
[20101 20136]
[20137 20172]
[20173 20208]
[20209 20244]
[20245 20316]
[20317 20428]
[20429 20839]
[20840 20998]
[20999 21066]
[21067 21150]
[21151 21198]
[21199 21237]
[21238 21346]
[21347 21467]
[21468 21522]
[21523 21594]
[21595 21655]
[21656 21712]
[21713 21788]
[21789 21839]
[21840 21883]
[21884 21928]
[21929 21992]
[21993 22025]
[22026 22490]
[22491 22575]
[22576 22616]
[22617 22673]
[22674 22703]
[22704 22732]
[22733 22808]
[22809 22870]
[22871 22949]
[22950 23028]
[23029 23075]
[23076 23121]
[23122 23152]
[23153 23209]
[23210 23230]
[23231 23544]
[23545 23688]
[23689 23802]
[23803 23903]
[23904 24028]
[24029 24150]
[24151 24310]
[24311 24374]
[24375 24449]
[24450 24480]
[24481 24915]
[24917 25022]
[25023 25096]
[25097 25158]
[25159 25243]
[25244 25289]
[25290 25358]
[25359 25428]
[25429 25474]
[25475 25553]
[25554 25767]
[25768 26081]
[26082 26125]
[26126 26189]
[26190 26247]
[26248 26296]
[26297 26325]
[26326 26386]
[26387 26428]
[26429 26433]
[26434 26491]
[26492 26604]
[26605 26671]
[26672 26800]
[26801 26892]
[26893 26992]
[26993 27300]
[27301 27442]
[27443 27524]
[27525 27665]
[27666 27738]
[27739 28130]
[28131 28238]
