[0 12]
[13 43]
[44 463]
[464 520]
[521 551]
[552 582]
[583 613]
[614 647]
[648 678]
[679 709]
[710 740]
[741 771]
[772 802]
[803 833]
[834 864]
[865 896]
[897 927]
[928 958]
[959 989]
[990 1020]
[1021 1099]
[1100 1545]
[1546 1567]
[1568 1613]
[1614 1644]
[1645 1677]
[1678 1722]
[1723 1776]
[1777 1807]
[1808 1837]
[1838 1870]
[1871 1902]
[1903 1937]
[1938 1970]
[1971 1996]
[1997 2028]
[2029 2063]
[2064 2100]
[2101 2169]
[2170 2185]
[2186 2261]
[2262 2347]
[2348 2385]
[2386 2419]
[2420 2452]
[2453 2481]
[2482 2510]
[2511 2552]
[2553 2594]
[2595 2627]
[2628 2666]
[2667 2699]
[2700 2747]
[2748 2788]
[2789 3168]
[3169 3288]
[3289 3369]
[3370 3526]
[3527 3654]
[3655 3761]
[3762 3898]
[3899 4013]
[4014 4115]
[4116 4135]
[4136 4301]
[4302 4469]
[4470 4755]
[4756 5056]
[5057 5137]
[5138 5185]
[5186 5296]
[5297 5341]
[5342 5385]
[5386 5456]
[5457 5503]
[5504 5548]
[5549 5594]
[5595 5647]
[5648 5696]
[5697 5747]
[5748 5915]
[5916 5958]
[5959 5992]
[5993 6116]
[6117 6166]
[6167 6212]
[6213 6240]
[6241 6279]
[6280 6325]
[6326 6371]
[6372 6451]
[6452 6498]
[6499 6533]
[6534 6585]
[6586 6841]
[6842 6908]
[6909 6978]
[6979 7047]
[7048 7114]
[7115 7184]
[7185 7253]
[7254 7385]
[7386 7448]
[7449 7520]
[7521 7550]
[7551 7603]
[7604 7678]
[7679 7761]
[7762 7806]
[7807 7867]
[7868 7937]
[7938 7991]
[7992 8054]
[8055 8669]
[8670 8733]
[8734 8802]
[8803 8847]
[8848 8885]
[8886 8980]
[8981 9317]
[9318 9477]
[9478 9523]
[9524 9576]
[9577 9677]
[9678 9726]
[9727 10125]
[10126 10223]
[10224 10307]
[10308 10392]
[10393 10730]
[10731 10919]
[10920 11422]
[11423 11596]
[11597 11764]
[11765 12182]
[12183 12277]
[12278 12316]
[12317 12410]
[12411 12416]
[12417 12463]
[12464 12514]
[12515 12634]
[12635 12689]
[12690 12736]
[12737 12778]
[12779 12817]
[12818 12882]
[12883 12954]
[12955 13002]
[13003 13100]
[13101 13182]
[13183 13310]
[13311 13409]
[13410 13735]
[13736 13986]
[13987 14089]
[14090 14207]
[14208 14326]
[14327 14446]
[14447 14569]
[14570 14667]
[14668 14754]
[14755 14834]
[14835 14927]
[14928 15029]
[15030 15124]
[15125 15427]
[15429 15472]
[15473 15533]
[15534 15581]
[15582 15621]
[15622 15650]
[15651 15771]
[15772 15795]
[15796 15820]
[15821 15886]
[15887 15947]
[15948 15978]
[15979 16009]
[16010 16039]
[16040 16128]
[16129 16175]
[16176 16215]
[16216 16261]
[16262 16312]
[16313 16349]
[16350 16465]
[16466 16497]
[16498 16545]
[16546 16593]
[16594 16613]
[16614 16641]
[16642 16676]
[16677 16717]
[16718 17132]
[17133 17238]
[17239 17312]
[17313 17386]
[17387 17535]
[17536 17732]
[17733 17828]
[17829 17906]
[17907 17980]
[17981 18049]
[18050 18158]
[18159 18264]
[18265 18393]
[18394 18522]
[18523 18624]
[18625 18764]
[18765 18800]
[18801 18836]
[18837 18872]
[18873 18908]
[18909 18944]
[18945 18982]
[18983 19016]
[19017 19088]
[19089 19124]
[19125 19208]
[19209 19487]
[19488 19518]
[19519 19557]
[19558 19621]
[19622 19691]
[19692 19755]
[19756 19822]
[19823 19884]
[19885 19954]
[19955 20020]
[20021 20079]
[20080 20145]
[20146 20210]
[20211 20278]
[20279 20345]
[20346 20412]
[20413 20479]
[20480 20546]
[20547 20613]
[20614 20680]
[20681 20840]
[20841 21128]
[21129 21322]
[21323 21452]
[21453 21655]
[21656 21945]
[21946 22004]
[22005 22061]
[22062 22176]
[22177 22233]
[22234 22295]
[22296 22357]
[22358 22414]
[22415 22467]
[22468 22517]
[22518 22570]
[22571 22639]
[22640 22983]
[22984 23044]
[23045 23106]
[23107 23166]
[23167 23230]
[23231 23286]
[23287 23343]
[23344 23400]
[23401 23458]
[23459 23518]
[23519 23578]
[23579 23641]
[23642 23702]
[23703 23760]
[23761 23815]
[23816 23871]
[23872 23925]
[23926 24177]
[24178 24246]
[24247 24281]
[24282 24330]
[24331 24393]
[24394 24445]
[24446 24532]
[24533 24611]
[24612 24701]
[24702 24771]
[24772 24843]
[24844 24941]
[24942 25011]
[25012 25065]
[25066 25102]
[25103 25123]
[25124 25217]
[25218 25278]
[25279 25318]
[25319 25357]
[25358 25745]
[25746 25827]
[25828 25853]
[25854 25959]
[25960 25993]
[25994 26047]
[26048 26091]
[26092 26146]
[26147 26201]
[26202 26250]
[26251 26296]
[26297 26357]
[26358 26401]
[26402 26436]
[26437 26471]
[26472 26512]
[26513 26585]
[26586 26633]
[26634 26676]
[26677 26714]
[26715 26836]
[26837 27302]
[27303 27372]
[27373 27451]
[27452 27526]
[27527 27599]
[27600 27668]
[27669 27939]
[27940 28008]
[28009 28195]
[28196 28330]
[28331 28420]
[28421 28734]
[28735 28838]
[28839 28966]
[28967 29095]
[29096 29172]
[29173 29281]
[29282 29371]
[29372 29468]
[29469 29540]
[29542 30032]
[30033 30147]
