[0 7]
[8 51]
[53 325]
[326 386]
[387 420]
[421 451]
[452 482]
[483 514]
[515 545]
[546 575]
[576 607]
[608 637]
[638 696]
[697 731]
[732 763]
[764 799]
[800 835]
[836 967]
[968 1666]
[1667 1773]
[1774 1860]
[1861 1974]
[1975 2024]
[2025 2140]
[2141 2185]
[2186 2611]
[2612 3050]
[3051 3099]
[3100 3165]
[3166 3232]
[3233 3325]
[3326 3935]
[3937 3996]
[3997 4064]
[4065 4114]
[4115 4163]
[4164 4235]
[4236 4382]
[4383 4459]
[4460 4496]
[4497 4550]
[4551 4599]
[4600 4651]
[4652 4723]
[4724 4804]
[4805 4858]
[4859 4947]
[4948 4989]
[4990 5027]
[5028 5073]
[5074 5121]
[5122 5159]
[5160 5212]
[5213 5263]
[5264 5308]
[5309 5362]
[5363 5742]
[5744 5865]
[5866 5929]
[5930 5957]
[5958 6081]
[6082 6101]
[6102 6199]
[6200 6440]
[6441 6473]
[6474 6529]
[6530 6582]
[6583 6633]
[6634 6713]
[6714 6741]
[6742 6909]
[6910 6950]
[6951 6976]
[6977 7052]
[7053 7102]
[7103 7127]
[7128 7190]
[7191 7625]
[7627 7690]
[7691 7749]
[7750 7784]
[7785 7855]
[7856 7912]
[7913 7975]
[7976 8047]
[8048 8109]
[8110 8182]
[8183 8228]
[8229 8299]
[8300 8364]
[8365 8504]
[8505 8691]
[8692 8751]
[8752 8793]
[8794 8834]
[8835 8890]
[8891 8933]
[8934 8964]
[8965 9022]
[9023 9358]
[9359 9374]
[9375 9442]
[9443 9501]
[9502 9512]
[9513 9556]
[9557 9602]
[9603 9618]
[9619 9678]
[9679 9735]
[9736 9769]
[9770 9813]
[9814 10002]
[10003 10025]
[10026 10090]
[10091 10135]
[10136 10191]
[10192 10236]
[10237 10275]
[10276 10376]
[10377 10419]
[10420 10461]
[10462 10475]
[10476 10552]
[10553 10602]
[10603 10667]
[10668 10724]
[10725 10790]
[10791 10842]
[10843 10906]
[10907 11363]
[11365 11403]
[11404 11477]
[11478 11522]
[11523 11562]
[11563 11624]
[11625 11707]
[11708 11780]
[11781 11932]
[11933 12006]
[12007 12056]
[12057 12108]
[12109 12278]
[12279 12348]
[12349 12427]
[12428 12492]
[12493 12548]
[12549 12614]
[12615 12694]
[12695 12773]
[12774 12889]
[12890 12940]
[12941 13016]
[13017 13069]
[13070 13122]
[13123 13158]
[13159 13190]
[13191 13219]
[13220 13248]
[13249 13328]
[13329 13649]
[13650 13694]
[13695 13824]
[13825 14045]
[14046 14135]
[14136 14184]
[14185 14225]
[14226 14340]
[14341 14382]
[14383 14443]
[14444 14503]
[14504 14526]
[14527 14608]
[14609 14658]
[14659 14712]
[14713 14798]
[14799 14890]
[14891 15278]
[15279 15402]
[15403 15523]
[15524 15595]
[15596 15650]
[15651 15723]
[15724 15805]
[15806 15934]
[15935 16070]
[16071 16188]
[16189 16289]
[16290 16378]
[16379 16474]
[16475 16528]
[16529 16565]
[16566 16648]
[16649 17143]
[17145 17283]
[17284 17388]
[17389 17508]
[17509 17588]
[17589 17682]
[17683 17781]
[17782 17849]
[17850 17955]
[17956 18006]
[18007 18152]
[18153 18319]
[18320 18436]
[18437 18526]
[18527 18853]
[18854 18923]
[18924 19001]
[19002 19069]
[19070 19126]
[19127 19263]
[19264 19311]
[19312 19360]
[19361 19432]
[19433 19508]
[19509 19576]
[19577 19643]
[19644 19695]
[19696 19745]
[19746 19845]
[19846 19886]
[19887 19931]
[19932 20246]
[20248 20335]
[20336 20381]
[20382 20422]
[20423 20485]
[20486 20537]
[20538 20572]
[20573 20644]
[20645 20695]
[20696 20748]
[20749 20780]
[20781 20849]
[20850 20896]
[20897 20941]
[20942 20970]
[20971 21076]
[21077 21168]
[21169 21235]
[21236 21301]
[21302 21426]
[21427 21477]
[21478 21510]
[21511 21536]
[21537 21578]
[21579 21606]
[21607 21634]
[21635 21658]
[21659 21694]
[21695 21725]
[21726 21765]
[21766 21863]
[21864 22311]
[22312 22387]
[22388 22462]
[22463 22537]
[22538 22611]
[22612 22799]
[22800 22871]
[22872 22940]
[22941 23001]
[23002 23050]
[23051 23126]
[23127 23201]
[23202 23276]
[23277 23350]
[23351 23538]
[23539 23605]
[23606 23916]
[23917 24068]
[24069 24130]
[24131 24217]
[24218 24298]
[24299 24377]
[24378 24452]
[24453 24527]
[24528 24593]
[24594 24875]
[24876 24973]
[24974 25057]
[25058 25174]
[25175 25242]
[25243 25275]
[25276 25317]
[25318 25353]
[25354 25414]
[25415 25481]
[25482 25606]
[25607 25659]
[25660 25720]
[25721 25785]
[25786 25913]
[25914 26311]
[26312 26427]
[26428 26507]
[26508 26574]
[26575 26640]
[26641 26805]
[26806 26958]
[26959 27074]
[27075 27161]
[27162 27232]
[27233 27273]
[27274 27362]
[27363 27658]
[27659 27757]
[27758 27807]
[27808 27880]
[27881 27947]
[27948 27985]
[27986 28045]
[28046 28105]
[28106 28241]
[28242 28330]
[28331 28526]
[28527 28582]
[28583 28686]
[28687 28732]
[28733 29063]
[29065 29181]
[29182 29254]
[29255 29320]
[29321 29470]
[29471 29609]
[29610 29681]
[29682 29771]
[29772 29932]
[29933 30022]
[30023 30077]
[30078 30455]
[30456 30533]
