[0 14]
[15 35]
[37 318]
[319 374]
[375 405]
[406 436]
[437 467]
[468 501]
[502 523]
[524 538]
[539 589]
[590 610]
[611 625]
[626 656]
[657 687]
[688 718]
[719 750]
[751 951]
[952 1233]
[1234 1313]
[1314 1370]
[1371 1454]
[1455 1491]
[1493 1612]
[1613 1711]
[1712 1778]
[1779 1813]
[1814 1868]
[1869 1918]
[1919 1964]
[1965 2016]
[2017 2094]
[2095 2275]
[2276 2335]
[2336 2736]
[2737 3038]
[3039 3577]
[3578 3923]
[3924 3968]
[3969 4050]
[4051 4174]
[4175 4537]
[4538 4683]
[4684 4772]
[4773 4832]
[4833 4900]
[4901 4939]
[4940 4994]
[4995 5053]
[5054 5102]
[5103 5150]
[5151 5236]
[5237 5316]
[5317 5665]
[5666 5752]
[5753 5800]
[5801 5846]
[5847 5898]
[5899 5959]
[5960 6021]
[6022 6087]
[6088 6130]
[6131 6184]
[6185 6262]
[6263 6320]
[6321 6340]
[6341 6403]
[6404 6448]
[6449 6476]
[6477 6526]
[6527 6560]
[6561 6599]
[6600 6659]
[6660 6704]
[6705 6752]
[6753 6815]
[6816 6839]
[6840 6864]
[6865 6923]
[6924 6978]
[6979 7019]
[7020 7063]
[7064 7132]
[7133 7193]
[7194 7226]
[7227 7256]
[7257 7296]
[7297 7724]
[7725 7735]
[7736 7806]
[7807 7874]
[7875 7943]
[7944 8010]
[8011 8061]
[8062 8110]
[8111 8165]
[8166 8219]
[8220 8273]
[8274 8317]
[8318 8362]
[8363 8422]
[8423 8466]
[8467 8506]
[8507 8554]
[8555 8606]
[8607 8636]
[8637 8697]
[8698 8743]
[8744 8773]
[8774 8814]
[8815 8848]
[8849 8928]
[8929 8964]
[8965 9017]
[9018 9080]
[9081 9132]
[9133 9183]
[9184 9232]
[9233 9279]
[9280 9339]
[9340 9375]
[9376 9411]
[9412 9447]
[9448 9483]
[9484 9519]
[9520 9571]
[9572 9608]
[9609 9645]
[9646 9695]
[9696 9780]
[9781 10062]
[10063 10169]
[10170 10270]
[10271 10594]
[10595 10809]
[10810 10936]
[10937 11081]
[11082 11120]
[11121 11566]
[11567 11586]
[11587 11614]
[11615 11653]
[11654 11679]
[11680 11694]
[11695 11745]
[11746 11764]
[11765 11778]
[11779 11811]
[11812 11893]
[11894 11948]
[11949 12019]
[12020 12039]
[12040 12070]
[12071 12097]
[12098 12113]
[12114 12138]
[12139 12163]
[12164 12259]
[12260 12293]
[12294 12323]
[12324 12357]
[12358 12411]
[12412 12455]
[12456 12480]
[12481 12731]
[12732 12778]
[12779 12801]
[12802 12819]
[12820 12865]
[12866 12877]
[12878 12903]
[12904 12928]
[12929 12958]
[12959 12989]
[12990 13043]
[13044 13097]
[13098 13175]
[13176 13285]
[13286 13607]
[13608 13664]
[13665 13726]
[13727 13791]
[13792 13871]
[13872 14021]
[14022 14226]
[14227 14355]
[14356 14447]
[14448 14579]
[14580 14636]
[14637 14754]
[14755 14879]
[14880 14947]
[14948 15186]
[15187 15249]
[15250 15316]
[15317 15429]
[15430 15500]
[15501 15551]
[15552 15621]
[15622 15673]
[15674 15752]
[15753 15805]
[15806 15884]
[15885 15928]
[15929 16110]
[16111 16221]
[16222 16368]
[16369 16631]
[16632 16713]
[16714 16852]
[16853 16944]
[16945 17072]
[17073 17285]
[17286 17347]
[17348 17426]
[17427 17471]
[17472 17560]
[17561 17704]
[17705 17823]
[17824 17893]
[17894 18034]
[18035 18091]
[18092 18330]
[18331 18423]
[18424 18552]
[18553 18576]
[18577 18686]
[18687 18782]
[18783 18948]
[18949 19258]
[19259 19293]
[19294 19344]
[19345 19373]
[19374 19421]
[19422 19707]
[19708 19753]
[19754 19812]
[19813 19871]
[19872 19930]
[19931 20011]
[20012 20097]
[20098 20161]
[20162 20235]
[20236 20291]
[20292 20385]
[20386 20462]
[20463 20513]
[20514 20838]
[20839 20926]
[20927 21003]
[21004 21089]
[21090 21182]
[21183 21268]
[21269 21374]
[21375 21497]
[21498 21639]
[21640 21678]
[21679 21936]
[21937 22222]
[22223 22282]
[22283 22370]
[22371 22441]
[22442 22514]
[22515 22575]
[22576 22683]
[22684 22758]
[22759 22889]
[22890 22959]
[22960 23068]
[23069 23385]
[23386 23486]
[23487 23646]
[23647 23691]
[23692 23813]
[23814 23937]
[23938 24011]
[24012 24075]
[24076 24194]
[24195 24284]
[24285 24351]
[24352 24444]
[24445 24741]
[24742 24821]
[24822 24904]
[24905 24985]
[24986 25186]
[25187 25255]
[25256 25294]
[25295 25364]
[25365 25791]
[25792 26069]
[26070 26272]
[26273 26417]
[26418 26698]
[26699 26789]
[26790 26844]
[26845 27191]
[27192 27313]
[27314 27438]
[27439 27563]
[27564 27688]
[27689 27724]
[27725 27873]
[27874 28094]
[28095 28252]
[28253 28326]
[28327 28358]
[28359 28665]
[28666 28745]
[28746 28824]
[28825 28909]
[28910 28984]
[28985 29069]
[29070 29134]
[29135 29199]
[29200 29256]
[29257 29310]
[29311 29345]
[29346 29662]
[29663 29745]
