[0 6]
[7 30]
[31 294]
[295 357]
[358 389]
[390 423]
[424 453]
[454 484]
[485 516]
[517 549]
[550 578]
[579 608]
[609 640]
[641 652]
[653 671]
[672 702]
[703 732]
[733 757]
[758 810]
[811 847]
[848 947]
[948 1212]
[1213 1282]
[1283 1350]
[1351 1421]
[1422 1446]
[1447 1537]
[1538 1598]
[1599 1641]
[1642 1690]
[1691 1756]
[1757 1846]
[1847 1897]
[1898 1956]
[1957 2010]
[2011 2078]
[2079 2124]
[2125 2184]
[2185 2206]
[2207 2537]
[2538 2561]
[2562 2649]
[2650 2709]
[2710 2773]
[2774 2838]
[2839 2880]
[2881 2943]
[2944 3002]
[3003 3058]
[3059 3106]
[3107 3159]
[3160 3211]
[3212 3254]
[3255 3389]
[3390 3445]
[3446 3571]
[3572 3623]
[3624 3666]
[3667 3747]
[3748 3782]
[3783 3834]
[3835 3895]
[3896 3936]
[3937 3957]
[3958 4011]
[4012 4324]
[4325 4580]
[4581 4653]
[4654 4785]
[4786 4851]
[4852 4949]
[4950 4973]
[4974 5067]
[5068 5110]
[5111 5507]
[5508 5620]
[5621 5674]
[5675 5750]
[5751 5820]
[5821 5917]
[5918 5990]
[5991 6095]
[6096 6160]
[6161 6257]
[6258 6318]
[6319 6390]
[6391 6466]
[6467 6548]
[6549 6923]
[6924 6995]
[6996 7450]
[7451 7613]
[7614 7807]
[7808 7859]
[7860 7919]
[7920 7972]
[7973 8006]
[8007 8437]
[8438 8519]
[8520 8575]
[8576 8675]
[8676 8734]
[8735 8796]
[8797 8953]
[8954 9011]
[9012 9084]
[9085 9179]
[9180 9233]
[9234 9286]
[9287 9349]
[9350 9433]
[9434 9487]
[9488 9538]
[9539 9571]
[9572 9599]
[9600 9628]
[9629 9668]
[9669 9714]
[9715 9746]
[9747 9777]
[9778 9806]
[9807 9836]
[9837 9924]
[9925 10257]
[10258 10317]
[10318 10550]
[10551 10631]
[10632 10851]
[10852 11003]
[11004 11086]
[11087 11267]
[11268 11356]
[11357 11848]
[11849 12061]
[12062 12136]
[12137 12219]
[12220 12326]
[12327 12462]
[12463 12585]
[12586 12728]
[12729 12856]
[12857 12918]
[12919 13004]
[13005 13114]
[13115 13209]
[13210 13320]
[13321 13422]
[13423 13559]
[13560 13632]
[13633 13766]
[13767 13803]
[13804 13848]
[13849 13887]
[13888 13924]
[13925 13965]
[13966 14019]
[14020 14072]
[14073 14145]
[14146 14259]
[14260 14308]
[14309 14455]
[14456 14575]
[14576 14631]
[14632 14692]
[14693 14754]
[14755 14808]
[14809 14838]
[14839 14952]
[14953 15286]
[15287 15363]
[15364 15421]
[15422 15736]
[15737 15798]
[15799 15870]
[15871 16011]
[16012 16096]
[16097 16155]
[16156 16318]
[16319 16441]
[16442 16530]
[16531 16829]
[16830 16922]
[16923 16994]
[16995 17024]
[17025 17098]
[17099 17139]
[17140 17175]
[17176 17207]
[17208 17350]
[17351 17502]
[17503 17550]
[17551 17604]
[17605 17652]
[17653 17716]
[17717 17776]
[17777 17831]
[17832 17872]
[17873 17942]
[17943 17999]
[18000 18075]
[18076 18167]
[18168 18450]
[18451 18622]
[18623 18669]
[18670 18749]
[18750 18793]
[18794 18868]
[18869 18938]
[18939 18992]
[18993 19117]
[19118 19273]
[19274 19317]
[19318 19376]
[19377 19683]
[19684 19729]
[19730 19810]
[19811 19893]
[19894 19951]
[19952 20033]
[20034 20113]
[20114 20190]
[20191 20254]
[20255 20319]
[20320 20375]
[20376 20434]
[20435 20496]
[20497 20573]
[20574 20694]
[20695 20962]
[20963 21037]
[21038 21109]
[21110 21178]
[21179 21241]
[21242 21306]
[21307 21360]
[21361 21404]
[21405 21437]
[21438 21496]
[21497 21559]
[21560 21619]
[21620 21679]
[21680 21737]
[21738 21801]
[21802 21866]
[21867 21938]
[21939 21985]
[21986 22028]
[22029 22061]
[22062 22112]
[22113 22402]
[22403 22601]
[22602 22691]
[22692 22776]
[22777 22869]
[22870 23024]
[23025 23095]
[23096 23161]
[23162 23213]
[23214 23264]
[23265 23330]
[23331 23697]
[23698 24167]
[24168 24250]
[24251 24366]
[24367 24597]
[24598 24817]
[24818 24820]
[24821 24919]
[24920 25035]
[25036 25147]
[25148 25265]
[25266 25273]
[25274 25326]
[25327 25356]
[25357 25386]
[25387 25418]
[25419 25480]
[25481 25506]
[25507 25537]
[25538 25567]
[25568 25637]
[25638 25774]
[25775 26079]
[26080 26149]
[26150 26285]
[26286 26476]
[26477 26597]
[26598 26727]
[26728 26769]
[26770 27083]
[27084 27170]
[27171 27215]
[27216 27528]
[27529 27585]
[27586 27853]
[27854 28188]
[28189 28348]
[28349 28756]
[28757 29162]
[29164 29253]
