[0 29]
[30 286]
[287 344]
[345 376]
[377 429]
[430 471]
[472 532]
[533 568]
[569 598]
[599 634]
[635 695]
[696 720]
[721 822]
[823 922]
[923 1254]
[1255 1323]
[1324 1372]
[1373 1374]
[1375 1418]
[1419 1445]
[1446 1576]
[1577 1603]
[1604 1639]
[1640 1692]
[1693 2047]
[2048 2109]
[2110 2162]
[2163 2177]
[2178 2244]
[2245 2291]
[2292 2473]
[2474 2537]
[2538 2578]
[2579 2613]
[2614 2641]
[2642 2675]
[2676 2741]
[2742 2788]
[2789 2831]
[2832 2859]
[2860 2891]
[2892 2933]
[2934 3460]
[3461 3610]
[3611 3676]
[3677 3732]
[3733 3831]
[3832 3927]
[3928 4020]
[4021 4069]
[4070 4178]
[4179 4264]
[4265 4295]
[4296 4358]
[4359 4668]
[4669 4687]
[4688 4725]
[4726 4760]
[4761 4813]
[4814 4861]
[4862 4890]
[4891 4950]
[4951 5018]
[5019 5092]
[5093 5169]
[5170 5226]
[5227 5254]
[5255 5354]
[5355 5386]
[5387 5468]
[5469 5524]
[5525 5575]
[5576 5608]
[5609 5682]
[5683 5715]
[5716 5788]
[5789 5826]
[5827 5872]
[5873 5934]
[5935 5993]
[5994 6040]
[6041 6092]
[6093 6124]
[6125 6161]
[6162 6189]
[6190 6685]
[6686 6751]
[6752 6807]
[6808 6938]
[6939 6973]
[6974 7061]
[7062 7118]
[7119 7280]
[7281 7327]
[7328 7420]
[7421 7517]
[7518 7578]
[7579 7675]
[7676 7791]
[7792 7868]
[7869 7957]
[7958 8094]
[8095 8430]
[8431 8472]
[8473 8508]
[8509 8596]
[8597 8648]
[8649 8710]
[8711 8794]
[8795 8834]
[8835 8923]
[8924 8984]
[8985 9045]
[9046 9104]
[9105 9114]
[9115 9175]
[9176 9234]
[9235 9307]
[9308 9387]
[9388 9461]
[9462 9552]
[9553 9980]
[9982 10024]
[10025 10098]
[10099 10129]
[10130 10183]
[10184 10257]
[10258 10359]
[10360 10412]
[10413 10559]
[10560 10597]
[10598 10663]
[10664 10710]
[10711 10816]
[10817 10899]
[10900 10960]
[10961 11040]
[11041 11098]
[11099 11165]
[11166 11207]
[11208 11252]
[11253 11325]
[11326 11751]
[11752 11843]
[11844 11926]
[11927 11977]
[11978 12072]
[12073 12135]
[12136 12212]
[12213 12297]
[12298 12353]
[12354 12424]
[12425 12464]
[12465 12505]
[12506 12540]
[12541 12569]
[12570 12623]
[12624 12699]
[12700 12718]
[12719 12781]
[12782 12838]
[12839 12862]
[12863 13136]
[13137 13264]
[13265 13386]
[13387 13497]
[13498 13622]
[13623 13745]
[13746 13860]
[13861 13975]
[13976 14287]
[14288 14346]
[14347 14395]
[14396 14442]
[14443 14541]
[14542 14601]
[14602 14653]
[14654 14705]
[14706 14756]
[14757 14813]
[14814 14943]
[14944 14970]
[14971 15060]
[15061 15117]
[15118 15301]
[15302 15347]
[15348 15399]
[15400 15549]
[15550 15858]
[15859 15925]
[15926 15983]
[15984 16064]
[16065 16146]
[16147 16229]
[16230 16382]
[16383 16448]
[16449 16550]
[16551 16633]
[16634 16712]
[16713 16771]
[16772 16812]
[16813 17164]
[17165 17234]
[17235 17303]
[17304 17339]
[17340 17399]
[17400 17465]
[17466 17537]
[17538 17575]
[17576 17642]
[17643 17722]
[17723 17794]
[17795 17865]
[17866 17936]
[17937 17994]
[17995 18020]
[18021 18096]
[18097 18127]
[18128 18164]
[18165 18431]
[18432 19129]
[19130 19269]
[19270 19518]
[19519 19619]
[19620 19697]
[19698 19824]
[19825 19924]
[19925 19996]
[19997 20501]
[20502 20733]
[20734 20843]
[20844 20932]
[20933 21039]
[21040 21099]
[21100 21171]
[21172 21213]
[21214 21255]
[21256 21312]
[21313 21378]
[21379 21591]
[21592 21723]
[21724 21869]
[21870 21934]
[21935 21986]
[21987 22118]
[22119 22390]
[22391 22433]
[22434 23125]
[23126 23475]
[23476 23518]
[23519 23609]
[23610 23688]
[23689 23708]
[23709 23809]
[23810 23949]
[23950 23972]
[23973 24334]
[24335 24401]
[24402 24786]
[24787 24859]
[24860 25110]
[25111 25327]
[25328 25668]
[25669 25812]
[25813 25906]
[25907 26193]
[26194 26299]
[26300 26363]
[26364 26448]
[26449 26471]
[26472 26523]
[26524 26571]
[26572 26616]
[26617 26665]
[26666 26740]
[26741 26834]
[26835 26971]
[26972 27068]
[27069 27121]
[27122 27184]
[27185 27251]
[27252 27338]
[27339 27374]
[27375 27436]
[27437 27982]
[27983 28080]
