[0 4]
[5 38]
[40 280]
[281 343]
[344 386]
[387 423]
[424 502]
[503 531]
[532 564]
[565 580]
[581 605]
[606 640]
[641 675]
[676 785]
[786 1160]
[1161 1227]
[1228 1295]
[1296 1381]
[1382 1405]
[1406 1440]
[1441 1508]
[1509 1573]
[1574 1613]
[1614 1680]
[1681 1714]
[1715 1772]
[1773 1828]
[1829 1897]
[1898 1956]
[1957 1992]
[1993 2030]
[2031 2075]
[2076 2110]
[2111 2145]
[2146 2201]
[2202 2239]
[2240 2276]
[2277 2573]
[2574 2753]
[2754 2822]
[2823 2857]
[2858 2915]
[2916 2954]
[2955 2989]
[2990 3049]
[3050 3080]
[3081 3493]
[3494 3626]
[3627 3667]
[3668 3706]
[3707 3743]
[3744 3815]
[3816 3938]
[3939 4002]
[4003 4071]
[4072 4161]
[4162 4254]
[4255 4449]
[4450 4977]
[4978 5044]
[5045 5117]
[5118 5197]
[5198 5254]
[5255 5329]
[5330 5383]
[5384 5407]
[5408 5466]
[5467 5523]
[5524 5594]
[5595 5665]
[5666 5743]
[5744 5811]
[5812 6015]
[6016 6088]
[6089 6156]
[6157 6223]
[6224 6274]
[6275 6350]
[6351 6419]
[6420 6496]
[6497 6923]
[6924 6996]
[6997 7059]
[7060 7105]
[7106 7183]
[7184 7201]
[7202 7243]
[7244 7330]
[7331 7368]
[7369 7481]
[7482 7514]
[7515 7554]
[7555 7606]
[7607 7651]
[7652 7690]
[7691 7758]
[7759 7838]
[7839 7874]
[7875 7909]
[7910 7942]
[7943 7969]
[7970 8006]
[8007 8105]
[8106 8138]
[8139 8159]
[8160 8182]
[8183 8224]
[8225 8253]
[8254 8290]
[8291 8336]
[8337 8371]
[8372 8416]
[8417 8439]
[8440 8760]
[8761 8820]
[8821 8868]
[8869 8879]
[8880 8931]
[8932 9034]
[9035 9092]
[9093 9139]
[9140 9210]
[9211 9280]
[9281 9359]
[9360 9446]
[9447 9524]
[9525 9611]
[9612 9687]
[9688 9775]
[9776 9928]
[9929 9975]
[9976 10017]
[10018 10061]
[10062 10108]
[10109 10139]
[10140 10179]
[10180 10219]
[10221 10253]
[10254 10368]
[10369 10960]
[10961 11057]
[11058 11138]
[11139 11148]
[11149 11241]
[11242 11293]
[11294 11337]
[11338 11706]
[11707 12008]
[12009 12060]
[12061 12124]
[12125 12200]
[12201 12313]
[12314 12593]
[12594 12688]
[12689 12962]
[12963 13199]
[13200 13329]
[13330 13663]
[13664 13732]
[13733 13804]
[13805 13893]
[13894 14042]
[14043 14088]
[14089 14456]
[14457 14514]
[14515 14586]
[14587 14654]
[14655 14717]
[14718 14780]
[14781 14997]
[14998 15096]
[15097 15156]
[15157 15207]
[15208 15265]
[15266 15328]
[15329 15764]
[15765 15779]
[15780 15821]
[15822 15859]
[15860 15951]
[15952 15985]
[15986 16024]
[16025 16129]
[16130 16223]
[16224 16327]
[16328 16425]
[16426 16538]
[16539 16689]
[16690 16758]
[16759 16887]
[16888 16948]
[16949 17006]
[17007 17053]
[17054 17095]
[17096 17139]
[17140 17186]
[17187 17257]
[17258 17331]
[17332 17445]
[17446 17648]
[17649 17758]
[17759 17818]
[17819 17872]
[17873 17989]
[17990 18095]
[18096 18199]
[18200 18257]
[18258 18347]
[18348 18457]
[18458 18573]
[18574 18631]
[18632 18702]
[18703 19021]
[19022 19131]
[19132 19232]
[19233 19325]
[19326 19430]
[19431 19526]
[19527 19618]
[19619 19691]
[19692 19739]
[19740 19823]
[19824 19899]
[19900 19972]
[19973 20289]
[20290 20596]
[20597 20991]
[20992 21278]
[21279 21396]
[21397 21795]
[21796 21892]
[21893 21959]
[21960 22145]
[22146 22311]
[22312 22430]
[22431 22528]
[22530 22590]
[22591 22674]
[22675 22768]
[22769 22829]
[22830 23111]
[23112 23185]
[23186 23271]
[23272 23385]
[23386 23479]
[23480 23568]
[23569 23669]
[23670 23761]
[23762 23851]
[23852 24075]
[24076 24529]
[24530 24678]
[24679 24754]
[24755 24867]
[24868 24893]
[24894 25364]
[25365 25433]
[25434 25518]
[25519 25610]
[25611 25649]
[25650 25705]
[25706 25789]
[25790 25886]
[25887 26050]
[26051 26118]
[26119 26156]
[26157 26193]
[26194 26223]
[26224 26285]
[26286 26381]
[26382 26475]
[26476 26499]
[26500 26545]
[26546 26628]
[26629 26666]
[26667 26711]
[26712 26756]
[26757 26787]
[26788 27075]
[27076 27161]
