[0 24]
[25 278]
[279 347]
[348 440]
[441 474]
[475 502]
[503 529]
[530 556]
[557 578]
[579 590]
[591 606]
[607 655]
[656 764]
[765 1162]
[1163 1395]
[1396 1468]
[1469 1609]
[1610 1682]
[1683 1724]
[1725 1772]
[1773 1827]
[1828 1881]
[1882 1930]
[1931 1958]
[1959 2165]
[2166 2352]
[2353 2506]
[2507 2561]
[2562 2603]
[2604 2683]
[2684 3133]
[3134 3206]
[3207 3280]
[3281 3357]
[3358 3439]
[3440 3517]
[3518 3601]
[3602 3680]
[3681 3760]
[3761 3826]
[3827 3980]
[3981 4065]
[4066 4137]
[4138 4178]
[4179 4217]
[4218 4272]
[4273 4328]
[4329 4379]
[4380 4387]
[4388 4438]
[4439 4495]
[4496 4552]
[4553 4613]
[4614 4910]
[4911 5054]
[5055 5081]
[5082 5132]
[5133 5163]
[5164 5223]
[5224 5322]
[5323 5352]
[5353 5419]
[5420 5458]
[5459 5512]
[5513 5550]
[5551 5592]
[5593 5639]
[5640 5682]
[5683 5733]
[5734 5779]
[5780 5834]
[5835 5926]
[5927 6305]
[6306 6392]
[6393 6458]
[6459 6530]
[6531 6588]
[6589 6639]
[6640 6710]
[6711 6780]
[6781 6822]
[6823 6903]
[6904 6968]
[6969 7005]
[7006 7058]
[7059 7105]
[7106 7144]
[7145 7216]
[7217 7258]
[7259 7319]
[7320 7377]
[7378 7403]
[7404 7428]
[7429 7452]
[7453 7471]
[7472 7494]
[7495 7535]
[7536 7620]
[7621 7685]
[7686 7714]
[7715 7752]
[7753 7783]
[7784 7799]
[7800 7866]
[7867 8255]
[8256 8328]
[8329 8394]
[8395 8459]
[8460 8524]
[8525 8587]
[8588 8650]
[8651 8707]
[8708 8756]
[8757 8814]
[8815 8883]
[8884 8949]
[8950 9010]
[9011 9069]
[9070 9208]
[9209 9390]
[9391 9419]
[9420 9455]
[9456 9499]
[9500 9534]
[9535 9570]
[9571 9618]
[9619 9645]
[9646 9678]
[9679 9707]
[9708 9734]
[9735 9832]
[9833 10183]
[10184 10379]
[10380 10493]
[10494 10649]
[10650 10755]
[10756 10862]
[10863 10921]
[10922 11025]
[11026 11173]
[11174 11277]
[11278 11347]
[11348 11404]
[11405 11576]
[11577 11673]
[11674 11735]
[11736 11812]
[11813 11884]
[11885 11953]
[11954 12025]
[12026 12098]
[12099 12185]
[12186 12278]
[12279 12494]
[12495 12602]
[12603 12695]
[12696 12783]
[12784 12838]
[12839 12894]
[12895 12953]
[12954 13015]
[13016 13070]
[13071 13135]
[13136 13319]
[13320 13565]
[13566 13603]
[13604 13710]
[13711 13837]
[13838 13899]
[13900 14018]
[14019 14316]
[14317 14401]
[14402 14479]
[14480 14570]
[14571 14654]
[14655 14730]
[14731 14804]
[14805 14870]
[14871 14943]
[14944 15063]
[15064 15147]
[15148 15217]
[15218 15327]
[15328 15350]
[15351 15455]
[15456 15485]
[15486 15564]
[15565 15627]
[15628 15651]
[15652 15743]
[15744 15778]
[15779 15829]
[15830 15890]
[15891 15922]
[15923 15968]
[15969 16015]
[16016 16073]
[16074 16112]
[16113 16135]
[16136 16206]
[16207 16216]
[16217 16282]
[16283 16326]
[16327 16382]
[16383 16523]
[16524 16556]
[16557 16599]
[16600 16630]
[16631 16649]
[16650 16680]
[16681 16703]
[16704 16746]
[16747 16794]
[16795 16830]
[16831 16864]
[16865 16966]
[16967 17402]
[17403 17475]
[17476 17551]
[17552 17604]
[17605 17658]
[17659 17734]
[17735 17798]
[17799 17852]
[17853 17924]
[17925 17962]
[17963 18007]
[18008 18084]
[18085 18134]
[18135 18783]
[18784 18841]
[18842 18907]
[18908 18980]
[18981 19036]
[19037 19101]
[19102 19161]
[19162 19226]
[19227 19289]
[19290 19378]
[19379 19462]
[19463 19545]
[19546 19618]
[19619 19702]
[19703 19788]
[19789 19864]
[19865 19945]
[19946 20030]
[20031 20332]
[20333 21283]
[21284 21406]
[21407 21518]
[21519 21741]
[21742 21839]
[21840 21904]
[21905 21971]
[21972 22035]
[22036 22090]
[22091 22146]
[22147 22180]
[22181 22257]
[22258 22275]
[22276 22325]
[22326 22371]
[22372 22433]
[22434 22500]
[22501 22567]
[22568 22816]
[22817 22880]
[22881 22949]
[22950 23031]
[23032 23106]
[23107 23160]
[23161 23219]
[23220 23295]
[23296 23372]
[23373 23436]
[23437 23566]
[23567 23678]
[23679 23726]
[23727 23793]
[23794 24088]
[24089 24245]
[24246 24305]
[24306 24456]
[24457 24533]
[24534 24698]
[24699 24780]
[24781 25043]
[25044 25095]
[25096 25187]
[25188 25246]
[25247 25302]
[25303 25357]
[25358 25413]
[25414 25469]
[25470 25524]
[25525 25578]
[25579 25625]
[25626 25672]
[25673 25730]
[25731 25805]
[25806 25841]
[25842 25876]
[25877 25910]
[25911 25956]
[25957 25990]
[25991 26018]
[26019 26048]
[26049 26176]
[26177 26815]
[26816 26868]
[26869 26893]
[26894 27022]
[27023 27077]
[27078 27109]
[27110 27227]
[27228 27300]
[27301 27339]
[27340 27468]
[27469 27529]
[27530 27588]
[27589 27727]
[27728 27814]
[27815 27852]
[27853 28025]
[28026 28176]
[28177 28248]
[28249 28291]
[28292 28407]
[28408 28511]
[28512 28539]
[28540 28568]
[28569 28645]
[28646 28672]
[28673 28748]
[28749 28824]
[28825 28910]
[28911 28992]
[28993 29054]
[29055 29114]
[29115 29191]
[29192 29258]
[29259 29341]
[29342 29392]
[29393 29417]
[29418 29477]
[29478 29521]
[29522 29562]
[29563 29633]
[29634 29832]
[29833 29921]
[29922 30178]
[30179 30246]
[30247 30314]
[30315 30386]
[30387 30505]
[30506 30570]
[30571 30640]
[30641 30684]
[30685 30741]
[30742 30831]
[30832 30873]
[30874 30955]
[30957 31219]
[31220 31312]
