[0 16]
[17 49]
[50 335]
[336 396]
[397 420]
[421 446]
[447 466]
[467 505]
[506 523]
[524 550]
[551 577]
[578 617]
[618 647]
[648 744]
[745 766]
[767 825]
[826 1375]
[1376 1416]
[1417 1468]
[1469 1513]
[1514 1559]
[1560 1613]
[1614 1662]
[1663 1712]
[1713 1903]
[1904 1952]
[1953 2005]
[2006 2087]
[2088 2209]
[2210 2242]
[2243 2269]
[2270 2293]
[2294 2320]
[2321 2359]
[2360 2385]
[2386 2426]
[2427 2484]
[2485 2537]
[2538 2594]
[2595 2659]
[2660 2707]
[2708 2752]
[2753 2795]
[2796 3189]
[3190 3301]
[3302 3384]
[3385 3405]
[3406 3464]
[3465 3484]
[3485 3539]
[3540 3599]
[3600 3637]
[3638 3720]
[3721 3802]
[3803 3846]
[3847 3878]
[3879 3905]
[3906 3970]
[3971 4013]
[4014 4084]
[4085 4157]
[4158 4227]
[4228 4276]
[4277 4333]
[4334 4378]
[4379 4416]
[4417 4449]
[4450 4798]
[4799 4852]
[4853 4894]
[4895 4969]
[4970 4996]
[4997 5084]
[5085 5201]
[5202 5408]
[5409 5514]
[5515 5559]
[5560 5618]
[5619 5651]
[5652 5720]
[5721 5939]
[5940 6030]
[6031 6079]
[6080 6112]
[6113 6147]
[6148 6178]
[6179 6222]
[6223 6251]
[6252 6275]
[6276 6299]
[6300 6337]
[6338 6858]
[6859 6912]
[6913 6961]
[6962 6994]
[6995 7030]
[7031 7182]
[7183 7239]
[7240 7309]
[7310 7334]
[7335 7372]
[7373 7415]
[7416 7498]
[7499 7651]
[7652 7736]
[7737 7794]
[7795 7937]
[7938 7961]
[7962 8054]
[8055 8130]
[8131 8185]
[8186 8244]
[8245 8345]
[8346 8394]
[8395 8670]
[8671 8911]
[8912 8967]
[8968 9060]
[9061 9206]
[9207 9317]
[9318 9484]
[9485 10043]
[10044 10151]
[10152 10260]
[10261 10364]
[10365 10404]
[10405 10539]
[10540 10723]
[10724 10764]
[10765 10857]
[10858 10957]
[10958 11002]
[11003 11165]
[11166 11261]
[11262 11348]
[11349 11416]
[11417 11463]
[11464 11634]
[11635 11723]
[11724 11793]
[11794 11814]
[11815 11854]
[11855 11896]
[11897 11969]
[11970 12070]
[12071 12347]
[12348 12606]
[12607 12760]
[12761 12843]
[12844 13009]
[13010 13093]
[13094 13140]
[13141 13290]
[13291 13724]
[13725 13760]
[13761 13820]
[13821 13857]
[13858 13936]
[13937 13952]
[13953 13979]
[13980 14022]
[14023 14074]
[14075 14123]
[14124 14181]
[14182 14211]
[14212 14249]
[14250 14310]
[14311 14337]
[14338 14373]
[14374 14400]
[14401 14526]
[14527 14561]
[14562 14616]
[14617 14853]
[14854 14886]
[14887 14938]
[14939 14964]
[14965 15076]
[15077 15369]
[15370 15517]
[15518 15558]
[15559 15605]
[15606 15837]
[15838 15914]
[15915 16060]
[16061 16114]
[16115 16189]
[16190 16237]
[16238 16333]
[16334 16389]
[16390 16456]
[16457 16504]
[16505 16555]
[16556 17029]
[17030 17284]
[17285 17316]
[17317 17417]
[17418 17516]
[17517 17575]
[17576 17660]
[17661 17721]
[17722 17949]
[17950 18026]
[18027 18136]
[18137 18224]
[18225 18314]
[18315 18525]
[18526 18834]
[18835 18890]
[18891 19012]
[19013 19080]
[19081 19195]
[19196 19236]
[19237 19286]
[19287 19315]
[19316 19372]
[19373 19440]
[19441 19555]
[19556 19707]
[19708 19749]
[19750 19894]
[19895 19956]
[19957 20003]
[20004 20079]
[20080 20320]
[20321 20381]
[20382 20423]
[20424 20496]
[20497 20545]
[20546 20605]
[20606 20661]
[20662 20718]
[20719 20807]
[20808 20896]
[20897 20939]
[20940 20987]
[20988 21149]
[21150 21214]
[21215 21282]
[21283 21322]
[21323 21371]
[21372 21425]
[21426 21483]
[21484 21624]
[21625 21715]
[21716 21804]
[21805 21908]
[21909 21960]
[21961 22068]
[22069 22309]
[22310 22439]
[22440 22652]
[22653 22755]
[22756 22851]
[22852 23089]
[23090 23180]
[23181 23294]
[23295 23405]
[23406 23479]
[23480 23799]
[23800 23889]
[23890 23992]
[23993 24072]
[24073 24114]
[24115 24183]
[24184 24233]
[24234 24284]
[24285 24329]
[24330 24388]
[24389 24448]
[24449 24513]
[24514 24579]
[24580 24643]
[24644 24708]
[24709 24766]
[24767 24827]
[24828 24883]
[24884 24935]
[24936 25260]
[25261 25406]
[25407 25507]
[25508 25641]
[25642 25696]
[25697 25742]
[25743 25826]
[25827 25893]
[25894 25948]
[25949 26017]
[26018 26079]
[26080 26129]
[26130 26206]
[26207 26286]
[26287 26376]
[26377 26458]
[26459 26544]
[26545 26621]
[26622 26689]
[26690 26730]
[26731 27011]
[27012 27167]
[27168 27270]
[27271 27322]
[27323 27403]
[27404 27480]
[27481 27543]
[27544 27615]
[27616 27675]
[27676 27795]
[27796 27849]
[27850 27963]
[27964 28021]
[28022 28060]
[28061 28110]
[28111 28356]
[28357 28423]
[28424 28593]
[28594 28629]
[28630 28841]
[28842 28899]
[28900 28929]
[28930 28978]
[28979 29023]
[29024 29087]
[29088 29156]
[29157 29192]
[29193 29272]
[29273 29314]
[29315 29367]
[29368 29418]
[29419 29879]
[29880 29985]
[29986 30030]
[30031 30101]
[30102 30130]
[30131 30206]
[30207 30266]
[30267 30302]
[30303 30406]
[30407 30552]
[30553 30622]
[30623 30753]
[30754 30822]
[30823 30884]
[30885 30954]
[30955 31012]
[31013 31057]
[31058 31092]
[31093 31280]
[31281 31331]
[31332 31387]
[31389 31448]
[31449 31633]
[31634 31707]
[31708 31739]
[31740 31793]
[31794 31849]
[31850 31903]
[31904 31982]
[31983 32076]
[32077 32258]
[32259 32317]
[32318 32366]
[32367 32387]
[32388 32463]
[32464 32518]
[32519 33184]
[33185 33672]
[33673 33752]
