[0 10]
[11 68]
[69 324]
[325 384]
[385 405]
[406 430]
[431 460]
[461 511]
[512 538]
[539 571]
[572 602]
[603 635]
[636 664]
[665 691]
[692 716]
[717 760]
[761 806]
[807 839]
[840 881]
[882 960]
[961 1533]
[1534 1651]
[1652 1703]
[1704 1761]
[1762 1859]
[1860 1895]
[1896 2018]
[2019 2063]
[2064 2098]
[2099 2150]
[2151 2190]
[2191 2239]
[2240 2308]
[2309 2379]
[2380 2437]
[2438 2481]
[2482 2515]
[2516 2595]
[2596 2614]
[2615 2743]
[2744 2834]
[2835 2947]
[2948 2975]
[2976 3048]
[3049 3538]
[3539 3591]
[3592 3622]
[3623 3730]
[3731 3834]
[3835 3857]
[3858 3913]
[3914 4103]
[4104 4214]
[4215 4345]
[4346 4397]
[4398 4600]
[4601 4621]
[4622 4770]
[4771 4857]
[4858 5173]
[5174 5543]
[5544 5646]
[5647 5719]
[5720 5796]
[5797 5847]
[5848 5896]
[5897 5941]
[5942 5982]
[5983 6050]
[6051 6136]
[6137 6231]
[6232 6297]
[6298 6367]
[6368 6423]
[6424 6474]
[6475 6557]
[6558 6676]
[6677 6780]
[6781 6855]
[6856 6916]
[6917 6981]
[6982 7054]
[7055 7127]
[7128 7552]
[7553 7732]
[7733 7790]
[7791 7918]
[7919 7997]
[7998 8064]
[8065 8091]
[8092 8146]
[8147 8262]
[8263 8301]
[8302 8373]
[8374 8444]
[8445 8499]
[8500 8755]
[8756 8804]
[8805 8857]
[8858 9125]
[9126 9177]
[9178 9238]
[9239 9289]
[9290 9733]
[9734 9812]
[9813 9912]
[9913 9952]
[9953 10008]
[10009 10050]
[10051 10167]
[10168 10231]
[10232 10411]
[10412 10463]
[10464 10557]
[10558 10682]
[10683 10728]
[10729 10765]
[10766 10796]
[10797 10870]
[10871 10934]
[10935 10994]
[10995 11044]
[11045 11073]
[11074 11190]
[11191 11251]
[11252 11711]
[11712 11793]
[11794 11863]
[11864 11927]
[11928 11987]
[11988 12032]
[12033 12153]
[12154 12294]
[12295 12400]
[12401 12474]
[12475 12538]
[12539 12633]
[12634 12764]
[12765 12872]
[12873 13003]
[13004 13086]
[13087 13175]
[13176 13229]
[13230 13536]
[13537 13644]
[13645 13745]
[13746 13843]
[13844 13920]
[13921 14006]
[14007 14105]
[14106 14473]
[14474 14535]
[14536 14555]
[14556 14619]
[14620 14652]
[14653 14684]
[14685 14715]
[14716 14984]
[14985 15336]
[15337 15472]
[15473 15632]
[15633 15718]
[15719 15817]
[15818 15907]
[15908 16030]
[16031 16137]
[16138 16232]
[16233 16329]
[16330 16423]
[16424 16549]
[16550 16653]
[16654 17135]
[17136 17181]
[17182 17221]
[17222 17314]
[17315 17390]
[17391 17418]
[17419 17445]
[17446 17492]
[17493 17510]
[17511 17712]
[17713 17797]
[17798 17932]
[17933 18012]
[18013 18162]
[18163 18271]
[18272 18376]
[18377 18409]
[18410 18473]
[18474 18541]
[18542 18593]
[18594 18650]
[18651 18695]
[18696 18731]
[18732 18770]
[18771 18792]
[18793 18805]
[18806 19110]
[19112 19187]
[19188 19252]
[19253 19306]
[19307 19346]
[19347 19392]
[19393 19449]
[19450 19509]
[19510 19570]
[19571 19678]
[19679 19741]
[19742 19798]
[19799 19836]
[19837 19882]
[19883 19928]
[19929 20175]
[20176 20356]
[20357 20412]
[20413 20476]
[20477 20509]
[20510 20634]
[20635 20670]
[20671 20726]
[20727 20799]
[20800 20873]
[20874 20911]
[20912 20947]
[20948 20967]
[20968 21042]
[21043 21139]
[21140 21168]
[21169 21273]
[21274 21335]
[21336 21398]
[21399 21447]
[21448 21588]
[21589 21651]
[21652 21684]
[21685 21709]
[21710 22017]
[22018 22729]
[22730 22784]
[22785 22853]
[22854 22887]
[22888 22911]
[22912 22937]
[22938 22964]
[22965 23005]
[23006 23050]
[23051 23084]
[23085 23118]
[23119 23145]
[23146 23223]
[23224 23462]
[23463 23528]
[23529 23643]
[23644 23699]
[23700 23754]
[23755 23831]
[23832 23892]
[23893 23959]
[23960 24014]
[24015 24066]
[24067 24137]
[24138 24377]
[24378 24690]
[24691 24859]
[24860 24896]
[24897 24943]
[24944 25007]
[25008 25057]
[25058 25098]
[25099 25120]
[25121 25194]
[25195 25226]
[25227 25231]
[25232 25481]
[25482 25633]
[25634 25743]
[25744 25843]
[25844 25891]
[25892 25947]
[25948 26026]
[26027 26117]
[26118 26175]
[26176 26216]
[26217 26253]
[26254 26495]
[26496 26530]
[26531 26611]
[26612 26685]
[26686 26785]
[26786 26815]
[26816 26964]
[26965 27034]
[27035 27121]
[27122 27214]
[27215 27289]
[27290 27659]
[27660 28551]
[28552 28647]
[28648 28874]
[28875 28982]
[28983 29166]
[29167 29250]
[29251 29453]
[29454 29555]
[29556 29693]
[29694 29744]
[29745 29795]
[29796 30176]
[30177 30284]
[30285 30357]
[30358 30434]
[30435 30513]
[30514 30535]
[30536 30608]
[30609 30688]
[30689 30789]
[30790 30840]
[30841 30889]
[30890 30932]
[30933 30991]
[30992 31381]
[31382 31517]
[31518 31627]
[31628 31734]
[31735 31798]
[31799 31889]
[31890 31963]
[31964 32049]
[32050 32155]
[32156 32226]
[32227 32366]
[32367 32693]
[32694 32815]
[32816 32896]
[32897 33015]
[33016 33087]
[33088 33197]
[33198 33326]
[33327 33406]
[33407 33508]
[33509 33590]
[33591 33907]
[33908 34084]
