[0 7]
[8 41]
[42 323]
[324 380]
[381 410]
[411 432]
[433 454]
[455 478]
[479 507]
[508 531]
[532 554]
[555 580]
[581 606]
[607 631]
[632 657]
[658 682]
[683 706]
[707 731]
[732 756]
[757 791]
[792 828]
[829 863]
[864 959]
[960 1654]
[1655 1710]
[1711 1746]
[1747 1788]
[1789 1817]
[1818 1855]
[1856 1900]
[1901 1935]
[1936 1974]
[1975 2025]
[2026 2076]
[2077 2115]
[2116 2192]
[2193 2225]
[2226 2258]
[2259 2324]
[2325 2389]
[2390 2451]
[2452 2481]
[2482 2511]
[2512 2558]
[2559 2598]
[2599 2646]
[2647 2695]
[2696 2732]
[2733 2811]
[2812 2850]
[2851 2906]
[2907 2963]
[2964 3000]
[3001 3064]
[3065 3504]
[3505 3569]
[3570 3625]
[3626 3681]
[3682 3761]
[3762 3823]
[3824 3884]
[3885 4021]
[4022 4151]
[4152 4214]
[4215 4431]
[4432 4595]
[4596 4637]
[4638 4678]
[4679 4721]
[4722 4830]
[4831 4868]
[4869 5041]
[5042 5070]
[5071 5109]
[5110 5138]
[5139 5174]
[5175 5228]
[5229 5263]
[5264 5299]
[5300 5368]
[5369 5417]
[5418 5584]
[5585 5654]
[5655 5976]
[5977 6054]
[6055 6139]
[6140 6219]
[6220 6310]
[6311 6385]
[6386 6472]
[6473 6546]
[6547 6620]
[6621 6684]
[6685 6762]
[6763 6828]
[6829 6887]
[6888 6941]
[6942 7357]
[7358 7431]
[7432 7502]
[7503 7920]
[7921 7999]
[8000 8056]
[8057 8130]
[8131 8228]
[8229 8275]
[8276 8336]
[8337 8405]
[8406 8536]
[8537 8692]
[8693 8709]
[8710 8754]
[8755 8918]
[8919 8967]
[8968 9024]
[9025 9103]
[9104 9142]
[9143 9193]
[9194 9307]
[9308 9376]
[9377 9487]
[9488 9522]
[9523 9552]
[9553 9581]
[9582 9608]
[9609 9633]
[9634 9750]
[9751 10039]
[10040 10310]
[10311 10466]
[10467 10683]
[10684 10687]
[10688 10780]
[10781 10815]
[10816 10857]
[10858 10926]
[10927 11010]
[11011 11429]
[11430 11520]
[11521 11594]
[11595 11650]
[11651 11730]
[11731 11813]
[11814 11917]
[11918 11995]
[11996 12070]
[12071 12182]
[12183 12343]
[12344 12381]
[12382 12529]
[12530 12624]
[12625 12685]
[12686 13123]
[13124 13174]
[13175 13253]
[13254 13298]
[13299 13357]
[13358 13407]
[13408 13456]
[13457 13506]
[13507 13557]
[13558 13601]
[13602 13642]
[13643 13699]
[13700 13761]
[13762 13824]
[13825 13896]
[13897 13978]
[13979 14078]
[14079 14159]
[14160 14249]
[14250 14696]
[14698 14761]
[14762 14826]
[14827 14894]
[14895 14978]
[14979 15077]
[15078 15435]
[15436 15531]
[15532 15608]
[15609 15705]
[15706 15854]
[15855 16166]
[16167 16219]
[16220 16279]
[16280 16440]
[16441 16512]
[16513 16572]
[16573 16632]
[16633 16763]
[16764 16918]
[16919 16947]
[16948 16978]
[16979 17167]
[17168 17207]
[17208 17242]
[17243 17277]
[17278 17327]
[17328 17675]
[17677 17776]
[17777 17824]
[17825 17833]
[17834 17868]
[17869 17918]
[17919 17990]
[17991 18055]
[18056 18138]
[18139 18213]
[18214 18286]
[18287 18337]
[18338 18426]
[18427 18557]
[18558 18608]
[18609 18681]
[18682 18754]
[18755 18790]
[18791 18867]
[18868 18913]
[18914 18980]
[18981 19048]
[19049 19109]
[19110 19167]
[19168 19464]
[19465 19556]
[19557 19718]
[19719 19818]
[19819 19910]
[19911 19969]
[19970 20035]
[20036 20137]
[20138 20215]
[20216 20325]
[20326 20421]
[20422 20473]
[20474 20560]
[20561 20642]
[20643 20691]
[20692 21309]
[21310 21353]
[21354 21373]
[21374 21387]
[21388 21436]
[21437 21476]
[21477 21516]
[21517 21556]
[21557 21599]
[21600 21640]
[21641 21989]
[21990 22011]
[22012 22041]
[22042 22079]
[22080 22116]
[22117 22150]
[22151 22183]
[22184 22614]
[22615 22755]
[22756 22865]
[22866 22965]
[22966 23075]
[23076 23171]
[23172 23275]
[23276 23375]
[23376 23455]
[23456 23533]
[23534 23595]
[23596 23665]
[23666 23745]
[23746 23825]
[23826 23925]
[23926 24025]
[24026 24125]
[24126 24236]
[24237 24523]
[24524 24822]
[24823 25510]
[25511 25822]
[25823 25900]
[25901 25974]
[25975 26094]
[26095 26224]
[26225 26260]
[26261 26381]
[26382 26484]
[26485 26745]
[26746 26828]
[26829 26914]
[26915 26990]
[26991 27081]
[27082 27150]
[27151 27212]
[27213 27286]
[27287 27352]
[27353 27434]
[27435 27727]
[27728 27784]
[27785 27852]
[27853 27930]
[27931 28021]
[28022 28104]
[28105 28194]
[28195 28241]
[28242 28303]
[28304 28379]
[28380 28454]
[28455 28512]
[28513 28600]
[28601 28666]
[28667 28736]
[28737 29117]
[29118 29183]
[29184 29276]
[29277 29425]
[29426 29550]
[29551 29657]
[29658 29762]
[29763 29938]
[29939 30034]
[30035 30134]
[30135 30186]
[30187 30268]
[30269 30341]
[30343 30405]
[30406 30463]
[30464 30566]
[30567 30655]
[30656 30898]
[30899 30928]
[30929 30995]
[30996 31012]
[31013 31153]
[31154 31351]
[31352 31473]
[31474 31672]
[31673 31811]
[31812 32209]
[32210 32263]
[32264 32311]
[32312 32362]
[32363 32432]
[32433 32491]
[32492 32540]
[32541 32642]
[32643 32720]
[32721 32788]
[32789 32866]
[32867 32950]
[32951 33011]
[33012 33112]
[33113 33186]
[33187 33252]
[33253 33313]
[33314 33423]
[33424 33851]
[33852 33900]
[33901 33996]
[33997 34084]
[34085 34190]
[34191 34196]
[34197 34581]
[34582 34665]
