[ 0 18]
[ 20 408]
[409 460]
[461 524]
[525 554]
[555 587]
[588 620]
[621 681]
[682 711]
[712 748]
[749 779]
[780 806]
[807 836]
[837 862]
[863 909]
[910 948]
[ 949 1046]
[1047 1771]
[1772 1841]
[1842 1888]
[1889 1967]
[1968 2092]
[2093 2191]
[2192 2246]
[2247 2310]
[2311 2327]
[2328 2463]
[2464 2500]
[2501 2697]
[2698 2823]
[2824 2901]
[2902 2959]
[2960 3018]
[3019 3087]
[3088 3154]
[3155 3184]
[3185 3239]
[3240 3284]
[3285 3744]
[3745 3789]
[3790 3832]
[3833 3876]
[3877 3939]
[3940 4026]
[4027 4059]
[4060 4134]
[4135 4168]
[4169 4203]
[4204 4363]
[4364 4597]
[4598 4646]
[4647 4688]
[4689 4755]
[4756 4817]
[4818 4868]
[4869 4916]
[4917 4954]
[4955 4999]
[5000 5330]
[5331 5413]
[5414 5456]
[5457 5525]
[5526 5638]
[5639 5715]
[5716 5799]
[5800 5873]
[5874 5947]
[5948 6026]
[6027 6123]
[6124 6182]
[6183 6237]
[6238 6298]
[6299 6712]
[6713 6764]
[6765 6849]
[6850 6948]
[6949 7156]
[7157 7173]
[7174 7284]
[7285 7430]
[7431 7572]
[7573 7622]
[7623 7641]
[7642 7657]
[7658 7677]
[7678 7709]
[7710 7842]
[7843 7863]
[7864 7892]
[7893 8011]
[8012 8069]
[8070 8099]
[8100 8186]
[8187 8234]
[8235 8635]
[8636 8789]
[8790 8879]
[8880 8965]
[8966 9067]
[9068 9142]
[9143 9216]
[9217 9271]
[9272 9291]
[9292 9392]
[9393 9461]
[9462 9529]
[9530 9590]
[9591 9664]
[9665 9699]
[9700 9775]
[ 9776 10379]
[10380 10416]
[10417 10490]
[10491 10557]
[10558 10630]
[10631 10709]
[10710 10815]
[10816 10883]
[10884 10993]
[10994 11064]
[11065 11146]
[11147 11219]
[11220 11286]
[11287 11358]
[11359 11432]
[11433 11475]
[11476 11567]
[11568 11628]
[11629 11697]
[11698 11815]
[11816 11866]
[11867 11910]
[11911 11951]
[11952 11995]
[11996 12049]
[12050 12091]
[12092 12134]
[12135 12169]
[12170 12260]
[12261 12565]
[12567 12647]
[12648 12649]
[12650 12747]
[12748 12797]
[12798 12830]
[12831 12932]
[12933 13037]
[13038 13114]
[13115 13218]
[13219 13325]
[13326 13382]
[13383 13672]
[13673 13736]
[13737 13831]
[13832 13912]
[13913 14074]
[14075 14277]
[14278 14416]
[14417 14510]
[14511 14816]
[14817 14917]
[14918 15004]
[15005 15092]
[15093 15161]
[15162 15206]
[15207 15280]
[15281 15342]
[15343 15463]
[15464 15498]
[15499 15705]
[15706 16295]
[16296 16386]
[16387 16474]
[16475 16523]
[16524 16575]
[16576 16631]
[16632 16697]
[16698 16749]
[16750 16782]
[16783 16924]
[16925 16945]
[16946 16990]
[16991 17076]
[17077 17100]
[17101 17155]
[17156 17239]
[17240 17292]
[17293 17338]
[17339 17431]
[17432 17483]
[17484 17530]
[17531 17603]
[17604 17679]
[17680 17721]
[17722 18028]
[18029 18078]
[18079 18124]
[18125 18182]
[18183 18219]
[18220 18279]
[18280 18323]
[18324 18398]
[18399 18458]
[18459 18528]
[18529 18571]
[18572 18639]
[18640 18674]
[18675 18769]
[18770 18822]
[18823 19061]
[19062 19141]
[19142 19231]
[19232 19364]
[19365 19409]
[19410 19474]
[19475 19530]
[19531 19574]
[19575 19709]
[19710 19760]
[19761 19807]
[19808 19848]
[19849 19889]
[19890 19946]
[19947 19999]
[20000 20055]
[20056 20151]
[20152 20488]
[20489 20657]
[20658 20731]
[20732 20796]
[20797 20897]
[20898 20980]
[20981 21021]
[21022 21093]
[21094 21285]
[21286 21351]
[21352 21453]
[21454 21562]
[21563 21628]
[21629 21825]
[21826 21892]
[21893 21941]
[21942 22008]
[22009 22277]
[22278 22329]
[22330 22389]
[22390 22451]
[22452 22494]
[22495 22562]
[22563 22623]
[22624 22694]
[22695 22746]
[22747 22889]
[22890 22980]
[22981 23069]
[23070 23184]
[23185 23267]
[23268 23335]
[23336 23403]
[23404 23445]
[23446 23882]
[23883 23975]
[23976 24087]
[24088 24155]
[24156 24228]
[24229 24306]
[24307 24391]
[24392 24467]
[24468 24619]
[24620 24654]
[24655 24692]
[24693 24786]
[24787 24894]
[24895 24977]
[24978 25023]
[25024 25088]
[25089 25156]
[25157 25234]
[25235 25303]
[25304 25616]
[25617 25697]
[25698 25774]
[25775 25834]
[25835 25876]
[25877 25931]
[25932 26039]
[26040 26114]
[26115 26179]
[26180 26249]
[26250 26350]
[26351 26429]
[26430 26478]
[26479 26572]
[26573 26639]
[26640 26694]
[26695 26747]
[26748 26914]
[26915 27041]
[27042 27100]
[27101 27156]
[27157 27488]
[27489 27566]
[27567 27694]
[27695 27744]
[27745 27818]
[27819 27894]
[27895 27966]
[27967 28000]
[28001 28061]
[28062 28267]
[28268 28330]
[28331 28410]
[28411 28533]
[28534 28626]
[28627 28695]
[28696 28749]
[28750 28850]
[28851 28916]
[28917 28948]
[28949 29235]
[29236 29263]
[29264 29305]
[29306 29354]
[29355 29406]
[29407 29439]
[29440 29473]
[29474 29550]
[29551 29622]
[29623 29670]
[29671 29751]
[29752 29790]
[29791 29824]
[29825 29884]
[29885 29933]
[29934 30215]
[30216 30287]
[30288 30305]
[30306 30367]
[30368 30382]
[30383 30504]
[30505 30528]
[30529 30573]
[30574 30635]
[30636 30641]
[30642 30651]
[30652 30669]
[30670 30692]
[30693 30705]
[30706 30708]
[30709 30745]
[30746 30763]
[30764 30787]
[30788 30823]
[30824 30850]
[30851 30881]
[30882 30919]
[30920 30938]
[30939 30972]
[30973 31019]
[31020 31058]
[31059 31115]
[31116 31187]
[31188 31207]
[31208 31302]
[31303 31411]
[31412 31461]
[31462 31585]
[31586 31656]
[31657 31716]
[31717 31736]
[31737 31779]
[31780 31924]
[31925 31970]
[31971 32049]
[32050 32144]
[32145 32475]
[32476 32549]
