[ 0 35]
[ 36 349]
[350 404]
[405 440]
[441 470]
[471 498]
[499 531]
[532 557]
[558 587]
[588 621]
[622 655]
[656 682]
[683 712]
[713 743]
[744 779]
[780 852]
[ 853 1287]
[1288 1334]
[1335 1438]
[1439 1483]
[1484 1531]
[1532 1595]
[1596 1650]
[1651 1709]
[1710 1770]
[1771 1833]
[1834 1923]
[1924 1988]
[1989 2062]
[2063 2120]
[2121 2223]
[2224 2289]
[2290 2347]
[2348 2383]
[2384 2425]
[2426 2897]
[2898 2936]
[2937 2973]
[2974 3000]
[3001 3035]
[3036 3071]
[3072 3105]
[3106 3131]
[3132 3154]
[3155 3177]
[3178 3198]
[3199 3225]
[3226 3277]
[3278 3352]
[3353 3403]
[3404 3438]
[3439 3476]
[3477 3505]
[3506 3560]
[3561 3643]
[3644 3715]
[3716 3749]
[3750 3816]
[3817 3919]
[3920 4001]
[4002 4049]
[4050 4308]
[4309 4342]
[4343 4389]
[4390 4435]
[4436 4458]
[4459 4496]
[4497 5081]
[5082 5232]
[5233 5288]
[5289 5330]
[5331 5432]
[5433 5517]
[5518 5539]
[5540 5602]
[5603 5685]
[5686 5706]
[5707 5841]
[5842 5904]
[5905 5938]
[5939 5966]
[5967 6021]
[6022 6082]
[6083 6131]
[6132 6212]
[6213 6253]
[6254 6294]
[6295 6362]
[6363 6401]
[6402 6506]
[6507 6584]
[6585 6636]
[6637 6850]
[6851 6940]
[6941 6968]
[6969 7000]
[7001 7029]
[7030 7123]
[7124 7197]
[7198 7243]
[7244 7354]
[7355 7477]
[7478 7563]
[7564 7615]
[7616 7645]
[7646 7738]
[7739 7788]
[7789 7819]
[7820 7851]
[7852 7882]
[7883 7938]
[7939 8086]
[8087 8142]
[8143 8184]
[8185 8229]
[8230 8343]
[8344 8386]
[8387 8443]
[8444 8840]
[8841 8898]
[8899 8967]
[8968 9025]
[9026 9095]
[9096 9184]
[9185 9246]
[9247 9349]
[9350 9415]
[9416 9527]
[9528 9579]
[9580 9669]
[9670 9741]
[9742 9843]
[9844 9954]
[ 9955 10012]
[10013 10098]
[10099 10163]
[10164 10234]
[10235 10265]
[10266 10376]
[10377 10427]
[10428 10459]
[10460 10486]
[10487 10522]
[10523 10557]
[10558 10604]
[10605 10640]
[10641 10672]
[10673 10703]
[10704 10734]
[10735 10815]
[10816 11275]
[11276 11298]
[11299 11355]
[11356 11423]
[11424 11507]
[11508 11590]
[11591 11676]
[11677 11745]
[11746 11870]
[11871 11901]
[11902 11984]
[11985 12020]
[12021 12069]
[12070 12499]
[12500 12875]
[12876 13005]
[13006 13175]
[13176 13287]
[13288 13659]
[13660 13794]
[13795 13932]
[13933 14181]
[14182 14239]
[14240 14292]
[14293 14375]
[14376 14425]
[14426 14464]
[14465 14527]
[14528 14634]
[14635 14703]
[14704 14760]
[14761 14808]
[14809 14851]
[14852 14891]
[14892 14935]
[14936 15031]
[15032 15073]
[15074 15130]
[15131 15190]
[15191 15555]
[15556 16198]
[16199 16291]
[16292 16449]
[16450 16529]
[16530 16641]
[16642 16709]
[16710 16779]
[16780 16916]
[16917 17170]
[17171 17313]
[17314 17480]
[17481 17922]
[17923 17961]
[17962 17992]
[17993 18033]
[18034 18102]
[18103 18140]
[18141 18167]
[18168 18197]
[18198 18245]
[18246 18279]
[18280 18356]
[18357 18826]
[18827 18919]
[18920 19058]
[19059 19149]
[19150 19208]
[19209 19256]
[19257 19403]
[19404 19508]
[19509 19562]
[19563 19627]
[19628 20038]
[20039 20227]
[20228 20346]
[20347 20462]
[20463 20574]
[20575 20659]
[20660 20784]
[20785 21042]
[21043 21109]
[21110 21178]
[21179 21612]
[21613 21734]
[21735 21863]
[21864 21959]
[21960 22037]
[22038 22130]
[22131 22276]
[22277 22388]
[22389 22426]
[22427 22493]
[22494 22549]
[22550 22636]
[22637 22738]
[22739 22797]
[22798 22857]
[22858 22913]
[22914 22996]
[22997 23060]
[23061 23134]
[23135 23525]
[23526 23580]
[23581 23648]
[23649 23707]
[23708 23790]
[23791 23836]
[23837 23910]
[23911 23968]
[23969 24054]
[24055 24113]
[24114 24135]
[24136 24171]
[24172 24250]
[24251 24315]
[24316 24346]
[24347 24457]
[24458 24527]
[24528 24579]
[24580 24624]
[24625 24692]
[24693 24758]
[24759 25088]
[25090 25162]
[25163 25269]
[25270 25323]
[25324 25441]
[25442 25534]
[25535 25592]
[25593 25674]
[25675 25716]
[25717 25835]
[25836 25927]
[25928 25983]
[25984 26051]
[26052 26117]
[26118 26195]
[26196 26278]
[26279 26347]
[26348 26513]
[26514 26636]
[26638 26737]
[26738 26804]
[26805 26844]
[26845 26949]
[26950 27045]
[27046 27168]
[27169 27247]
[27248 27341]
[27342 27414]
[27415 27469]
[27470 27753]
[27754 27926]
[27927 28002]
[28003 28067]
[28068 28146]
[28147 28211]
[28212 28267]
[28268 28389]
[28390 28463]
[28464 28532]
[28533 28606]
[28607 28648]
[28649 28700]
[28701 28764]
[28765 29153]
[29154 29249]
