[ 0 18]
[ 19 456]
[457 513]
[514 564]
[565 598]
[599 640]
[641 700]
[701 738]
[739 764]
[765 814]
[815 850]
[851 886]
[887 935]
[ 936 1342]
[1343 1417]
[1418 1487]
[1488 1558]
[1559 1621]
[1622 1691]
[1692 1767]
[1768 1876]
[1877 1959]
[1960 2071]
[2072 2157]
[2158 2257]
[2258 2442]
[2443 2486]
[2487 2562]
[2563 2635]
[2636 2701]
[2702 2759]
[2760 2835]
[2836 2898]
[2900 3448]
[3449 3484]
[3485 3583]
[3584 3665]
[3666 3750]
[3751 3874]
[3875 3998]
[3999 4077]
[4078 4191]
[4192 4262]
[4263 4334]
[4335 4403]
[4404 4468]
[4469 4547]
[4548 4586]
[4587 4645]
[4646 4669]
[4670 5164]
[5165 5205]
[5206 5258]
[5259 5309]
[5310 5358]
[5359 5404]
[5405 5570]
[5571 5612]
[5613 5676]
[5677 5724]
[5725 5785]
[5786 5839]
[5840 5899]
[5900 5959]
[5960 5986]
[5987 6065]
[6066 6095]
[6096 6152]
[6153 6177]
[6178 6270]
[6271 6326]
[6327 6396]
[6397 6408]
[6409 6432]
[6433 6470]
[6471 6517]
[6518 6561]
[6562 6618]
[6619 6648]
[6649 6673]
[6674 6814]
[6815 6867]
[6868 7110]
[7111 7172]
[7173 7210]
[7211 7253]
[7254 7296]
[7297 7339]
[7340 7376]
[7377 7457]
[7458 7524]
[7525 7602]
[7603 7673]
[7674 7823]
[7824 7891]
[7892 7968]
[7969 8057]
[8058 8147]
[8148 8186]
[8187 8230]
[8231 8384]
[8385 8452]
[8453 8513]
[8514 8571]
[8572 8623]
[8624 8999]
[9000 9125]
[9126 9202]
[9203 9268]
[9269 9369]
[9370 9431]
[9432 9467]
[9468 9511]
[9512 9558]
[9559 9591]
[9592 9636]
[9637 9707]
[9708 9793]
[9794 9890]
[9891 9941]
[ 9942 10037]
[10038 10091]
[10092 10116]
[10117 10184]
[10185 10307]
[10308 10357]
[10358 10602]
[10603 10718]
[10719 10884]
[10885 10994]
[10995 11081]
[11082 11224]
[11225 11317]
[11318 11443]
[11444 11640]
[11641 11714]
[11715 11992]
[11993 12255]
[12257 12377]
[12378 12483]
[12484 12711]
[12712 12787]
[12788 12877]
[12878 13032]
[13033 13113]
[13114 13186]
[13187 13265]
[13266 13346]
[13347 13470]
[13471 13509]
[13510 13889]
[13890 13980]
[13981 14144]
[14145 14271]
[14272 14340]
[14341 14405]
[14406 14468]
[14469 14540]
[14541 14706]
[14707 14774]
[14775 14841]
[14842 14934]
[14935 15061]
[15062 15130]
[15131 15138]
[15139 15616]
[15617 15797]
[15799 15944]
[15945 16274]
[16275 16432]
[16433 16609]
[16611 16751]
[16752 16809]
[16810 16844]
[16845 16931]
[16932 17056]
[17057 17189]
[17190 17539]
[17540 17635]
[17636 17753]
[17754 17906]
[17907 17981]
[17982 18185]
[18186 18256]
[18257 18400]
[18401 18546]
[18547 18621]
[18622 18706]
[18707 18804]
[18805 18897]
[18898 18907]
[18908 19227]
[19228 19381]
[19382 19561]
[19562 19621]
[19622 19753]
[19754 19862]
[19863 19981]
[19982 20101]
[20102 20209]
[20210 20289]
[20290 20355]
[20356 20466]
[20467 20564]
[20565 20655]
[20656 20679]
[20680 21110]
[21111 21177]
[21178 21211]
[21212 21244]
[21245 21276]
[21277 21362]
[21363 21430]
[21431 21536]
[21537 21623]
[21624 21732]
[21733 22065]
[22066 22136]
[22137 22189]
[22190 22271]
[22272 22335]
[22336 22431]
[22432 22506]
[22507 22557]
[22558 22913]
[22914 22999]
