[ 0 14]
[ 15 337]
[338 388]
[389 421]
[422 445]
[446 454]
[455 482]
[483 515]
[516 536]
[537 571]
[572 605]
[606 639]
[640 676]
[677 707]
[708 734]
[735 764]
[765 808]
[809 843]
[844 872]
[873 966]
[ 967 1495]
[1496 1532]
[1533 1559]
[1560 1600]
[1601 1646]
[1647 1685]
[1686 1724]
[1725 1768]
[1769 1809]
[1810 1853]
[1854 1897]
[1898 1943]
[1944 1988]
[1989 2023]
[2024 2057]
[2058 2110]
[2111 2154]
[2155 2273]
[2274 2405]
[2406 2423]
[2424 2475]
[2476 2577]
[2578 2610]
[2611 2661]
[2662 2690]
[2691 2762]
[2763 2801]
[2802 2847]
[2848 2994]
[2995 3479]
[3480 3545]
[3546 3620]
[3621 3701]
[3702 3844]
[3845 3916]
[3917 3983]
[3984 4037]
[4038 4228]
[4229 4285]
[4286 4339]
[4340 4380]
[4381 4486]
[4487 4510]
[4511 4537]
[4538 4598]
[4599 4881]
[4882 4941]
[4942 5015]
[5016 5096]
[5097 5199]
[5200 5272]
[5273 5331]
[5332 5388]
[5389 5433]
[5434 5491]
[5492 6050]
[6051 6121]
[6122 6335]
[6336 6367]
[6368 6420]
[6421 6441]
[6442 6516]
[6517 6553]
[6554 6589]
[6590 6635]
[6636 6666]
[6667 6702]
[6703 6728]
[6729 6766]
[6767 6797]
[6798 6875]
[6876 6984]
[6985 7075]
[7076 7634]
[7635 7686]
[7687 7737]
[7738 7785]
[7786 7826]
[7827 7844]
[7845 7984]
[7985 8006]
[8007 8054]
[8055 8093]
[8094 8110]
[8111 8185]
[8186 8266]
[8267 8319]
[8320 8344]
[8345 8368]
[8369 8450]
[8451 8497]
[8498 8765]
[8766 8835]
[8836 8870]
[8871 8957]
[8958 9007]
[9008 9075]
[9076 9124]
[9125 9155]
[9156 9182]
[9183 9299]
[9300 9579]
[9580 9704]
[9705 9833]
[9834 9948]
[ 9949 10030]
[10031 10139]
[10140 10217]
[10218 10400]
[10401 10517]
[10518 10538]
[10539 10576]
[10577 10703]
[10704 10781]
[10782 10855]
[10856 10914]
[10915 10965]
[10966 10999]
[11000 11030]
[11031 11059]
[11060 11094]
[11095 11125]
[11126 11159]
[11160 11195]
[11196 11230]
[11231 11259]
[11260 11352]
[11353 11666]
[11667 11773]
[11774 12089]
[12090 12165]
[12166 12249]
[12250 12324]
[12325 12368]
[12369 12445]
[12446 12534]
[12535 12793]
[12794 12839]
[12840 12863]
[12864 12974]
[12975 13016]
[13017 13112]
[13113 13167]
[13168 13251]
[13252 13286]
[13287 13316]
[13317 13436]
[13437 13490]
[13491 13525]
[13526 13861]
[13862 13911]
[13912 13988]
[13989 14023]
[14024 14120]
[14121 14205]
[14206 14320]
[14321 14486]
[14487 14573]
[14574 14647]
[14648 14691]
[14692 14829]
[14830 14865]
[14866 15074]
[15075 15158]
[15159 15277]
[15278 15350]
[15351 15405]
[15406 15500]
[15501 15541]
[15542 15606]
[15607 15681]
[15682 15755]
[15756 15821]
[15822 15885]
[15886 15930]
[15931 16265]
[16266 16391]
[16392 16528]
[16529 16588]
[16589 16686]
[16687 16749]
[16750 16817]
[16818 16907]
[16908 17032]
[17033 17098]
[17099 17194]
[17195 17276]
[17277 17321]
[17322 17370]
[17371 17428]
[17429 17437]
[17438 17458]
[17459 17490]
[17491 17524]
[17525 17557]
[17558 17583]
[17584 17609]
[17610 17673]
[17674 17721]
[17722 17867]
[17868 18187]
[18188 18222]
[18223 18250]
[18251 18279]
[18280 18305]
[18306 18358]
[18359 18439]
[18440 18477]
[18478 18505]
[18506 18563]
[18564 18602]
[18603 18627]
[18628 19055]
[19056 19255]
[19256 19297]
[19298 19390]
[19391 19544]
[19545 19599]
[19600 19630]
[19631 19683]
[19684 19710]
[19711 19766]
[19767 19846]
[19847 19890]
[19891 19911]
[19912 20219]
[20220 20313]
[20314 20486]
[20487 20658]
[20659 20760]
[20761 20815]
[20816 20859]
[20860 20897]
[20898 20993]
[20994 21085]
[21086 21169]
[21170 21256]
[21257 21371]
[21372 21442]
[21443 21499]
[21500 21521]
[21522 21578]
[21579 21629]
[21630 22005]
[22006 22106]
[22107 22357]
[22358 22463]
[22464 22577]
[22578 22625]
[22626 22664]
[22665 22790]
[22791 22911]
[22912 23009]
[23010 23063]
[23064 23108]
[23109 23139]
[23140 23297]
[23298 23426]
[23427 23808]
[23809 23866]
[23867 24125]
[24126 24259]
[24260 24524]
[24525 24548]
[24549 24597]
[24598 24659]
[24660 24771]
[24772 24975]
[24976 25157]
[25158 25387]
[25388 25525]
[25526 25757]
[25758 25917]
[25918 26065]
[26066 26213]
[26214 26248]
[26249 26336]
[26337 26401]
[26402 26451]
[26452 26498]
[26499 26873]
[26874 26986]
[26987 27079]
[27080 27166]
[27167 27245]
[27246 27376]
[27377 27558]
[27559 27680]
[27681 27798]
[27799 27937]
[27938 27967]
[27968 28164]
[28165 28195]
[28196 28264]
[28265 28410]
[28411 28493]
[28494 28548]
[28549 28608]
[28609 28676]
[28677 28736]
[28737 28819]
[28820 28888]
[28889 28936]
[28937 29242]
[29243 29609]
[29611 29699]
