[ 0 43]
[ 44 391]
[392 435]
[436 477]
[478 501]
[502 518]
[519 560]
[561 601]
[602 642]
[643 685]
[686 727]
[728 805]
[ 806 1257]
[1258 1318]
[1319 1368]
[1369 1414]
[1415 1453]
[1454 1492]
[1493 1541]
[1542 1580]
[1581 1626]
[1627 1677]
[1678 1707]
[1708 1744]
[1745 1793]
[1794 1844]
[1845 1890]
[1891 1931]
[1932 1983]
[1984 2037]
[2038 2081]
[2082 2129]
[2130 2170]
[2171 2203]
[2204 2261]
[2262 2302]
[2303 2339]
[2340 2366]
[2367 2417]
[2418 2452]
[2453 2481]
[2482 2521]
[2522 2888]
[2889 2944]
[2945 2985]
[2986 3042]
[3043 3159]
[3160 3230]
[3231 3278]
[3279 3406]
[3407 3465]
[3466 3530]
[3531 3598]
[3599 3653]
[3654 3747]
[3748 3767]
[3768 3915]
[3916 3959]
[3960 3990]
[3991 4042]
[4043 4097]
[4098 4141]
[4142 4193]
[4194 4246]
[4247 4279]
[4280 4507]
[4508 4820]
[4821 4906]
[4907 4932]
[4933 4999]
[5000 5080]
[5081 5184]
[5185 5310]
[5311 5352]
[5353 5443]
[5444 5545]
[5546 5619]
[5620 5652]
[5653 5707]
[5708 5733]
[5734 5785]
[5786 5789]
[5790 5850]
[5851 5962]
[5963 5997]
[5998 6074]
[6075 6120]
[6121 6189]
[6190 6218]
[6219 6283]
[6284 6338]
[6339 6368]
[6369 6400]
[6401 6423]
[6424 6817]
[6818 7023]
[7024 7163]
[7164 7183]
[7184 7224]
[7225 7249]
[7250 7279]
[7280 7330]
[7331 7380]
[7381 7424]
[7425 7470]
[7471 7514]
[7515 7561]
[7562 7607]
[7608 7655]
[7656 7704]
[7705 7728]
[7729 7754]
[7755 7779]
[7780 7797]
[7798 7825]
[7826 7852]
[7853 7961]
[7962 8005]
[8006 8042]
[8043 8072]
[8073 8105]
[8106 8141]
[8142 8190]
[8191 8229]
[8230 8267]
[8268 8306]
[8307 8395]
[8396 8674]
[8676 8946]
[8947 8968]
[8969 9026]
[9027 9087]
[9088 9142]
[9143 9169]
[9170 9215]
[9216 9288]
[9289 9376]
[9377 9409]
[9410 9438]
[9439 9512]
[9513 9550]
[9551 9579]
[9580 9646]
[9647 9669]
[9670 9718]
[9719 9789]
[9790 9842]
[9843 9932]
[9933 9994]
[ 9995 10049]
[10050 10083]
[10084 10314]
[10315 10438]
[10439 10496]
[10497 10572]
[10573 10652]
[10653 10760]
[10761 11126]
[11127 11151]
[11152 11242]
[11243 11307]
[11308 11345]
[11346 11435]
[11436 11675]
[11676 11740]
[11741 11798]
[11799 11915]
[11916 11962]
[11963 12029]
[12030 12093]
[12094 12165]
[12166 12229]
[12230 12296]
[12297 12382]
[12383 12429]
[12430 12475]
[12476 12495]
[12496 12836]
[12837 12915]
[12916 13026]
[13027 13078]
[13079 13147]
[13148 13177]
[13178 13227]
[13228 13275]
[13276 13337]
[13338 13418]
[13419 13530]
[13531 13656]
[13657 13798]
[13799 13949]
[13950 14042]
[14043 14174]
[14175 14224]
[14225 14337]
[14338 14409]
[14410 14455]
[14456 14490]
[14491 14520]
[14521 14553]
[14554 14589]
[14590 14848]
[14849 15282]
[15283 15363]
[15364 15383]
[15384 15398]
[15399 15411]
[15412 15434]
[15435 15466]
[15467 15497]
[15498 15531]
[15532 15559]
[15560 15588]
[15589 15617]
[15618 15653]
[15654 15728]
[15729 15835]
[15836 15906]
[15907 15969]
[15970 16174]
[16175 16229]
[16230 16287]
[16288 16354]
[16355 16394]
[16395 16434]
[16435 16484]
[16485 16831]
[16832 17055]
[17056 17190]
[17191 17301]
[17302 17357]
[17358 17410]
[17411 17466]
[17467 17515]
[17516 17641]
[17642 17721]
[17722 17771]
[17772 17819]
[17820 18072]
[18073 18400]
[18401 18458]
[18459 18558]
[18559 18606]
[18607 18655]
[18656 18709]
[18710 18743]
[18744 18856]
[18857 18912]
[18913 18947]
[18948 18980]
[18981 19011]
[19012 19121]
[19122 19161]
[19162 19199]
[19200 19232]
[19233 19271]
[19272 19304]
[19305 19347]
[19348 19366]
[19367 19393]
[19394 19763]
[19764 19817]
[19818 19832]
[19833 19886]
[19887 19969]
[19970 20063]
[20064 20103]
[20104 20152]
[20153 20221]
[20222 20252]
[20253 20307]
[20308 20382]
[20383 20406]
[20407 20475]
[20476 20647]
[20648 20671]
[20672 20718]
[20719 20775]
[20776 20830]
[20831 20877]
[20878 21205]
[21207 21279]
[21280 21337]
[21338 21421]
[21422 21511]
[21512 21626]
[21627 21681]
[21682 21769]
[21770 21810]
[21811 21854]
[21855 21890]
[21891 21928]
[21929 21969]
[21970 21998]
[21999 22106]
[22107 22154]
[22155 22215]
[22216 22270]
[22271 22333]
[22334 22381]
[22382 22427]
[22428 22487]
[22488 22536]
[22537 22587]
[22588 22621]
[22622 22870]
[22871 22973]
[22974 23039]
[23040 23067]
[23068 23106]
[23107 23151]
[23152 23199]
[23200 23239]
[23240 23504]
[23505 23561]
[23562 23660]
[23661 23688]
[23689 23793]
[23794 23837]
[23838 23892]
[23893 23939]
[23940 23962]
[23963 24001]
[24002 24025]
[24026 24046]
[24047 24086]
[24087 24124]
[24125 24165]
[24166 24242]
[24243 24278]
[24279 24303]
[24304 24345]
[24346 24800]
[24801 24906]
[24907 24997]
[24998 25341]
[25342 25417]
[25418 25514]
[25515 25546]
[25547 25720]
[25721 25837]
[25838 25910]
[25911 26022]
[26023 26068]
[26069 26103]
[26104 26155]
[26156 26202]
[26203 26251]
[26252 26271]
[26272 26293]
[26294 26327]
[26328 26367]
[26368 26461]
[26462 26764]
[26765 26889]
[26890 27003]
[27004 27051]
[27052 27129]
[27130 27211]
[27212 27274]
[27275 27328]
[27329 27348]
[27349 27417]
[27418 27507]
[27508 27603]
[27604 27703]
[27704 27774]
[27775 27803]
[27804 27861]
[27862 28017]
[28018 28265]
[28266 28326]
[28327 28334]
[28335 28466]
[28467 28544]
[28545 28802]
[28803 28891]
[28892 28948]
[28949 29044]
[29046 29098]
[29099 29183]
[29184 29217]
[29218 29281]
[29282 29712]
[29713 29809]
[29810 29853]
[29854 29926]
[29927 29963]
[29964 30019]
[30020 30056]
[30057 30117]
[30118 30175]
[30176 30231]
[30232 30368]
[30369 30437]
[30438 30517]
[30518 30576]
[30577 30664]
[30665 30728]
[30729 30787]
[30788 30838]
[30839 30900]
[30901 30965]
[30966 31344]
[31345 31449]
