[ 0 29]
[ 30 359]
[360 414]
[415 463]
[464 501]
[502 541]
[542 564]
[565 594]
[595 631]
[632 665]
[666 698]
[699 729]
[730 788]
[789 839]
[ 840 1335]
[1337 1437]
[1438 1484]
[1485 1546]
[1547 1614]
[1615 1635]
[1636 1703]
[1704 1802]
[1803 2131]
[2132 2211]
[2212 2282]
[2283 2315]
[2316 2526]
[2527 2585]
[2586 2623]
[2624 2685]
[2686 2747]
[2748 2812]
[2813 2859]
[2860 2929]
[2930 2983]
[2984 3619]
[3620 3640]
[3641 3715]
[3716 3798]
[3799 3834]
[3835 3866]
[3867 3943]
[3944 3995]
[3996 4026]
[4027 4066]
[4067 4110]
[4111 4162]
[4163 4223]
[4224 4266]
[4267 4293]
[4294 4348]
[4349 4394]
[4395 4430]
[4431 4516]
[4517 4565]
[4566 4620]
[4621 4663]
[4664 4698]
[4699 4720]
[4721 4793]
[4794 4839]
[4840 4956]
[4957 5039]
[5040 5069]
[5070 5134]
[5135 5182]
[5183 5201]
[5202 5702]
[5703 5756]
[5757 5816]
[5817 5858]
[5859 5951]
[5952 5979]
[5980 6055]
[6056 6117]
[6118 6153]
[6154 6197]
[6198 6221]
[6222 6367]
[6368 6418]
[6419 6459]
[6460 6490]
[6491 6594]
[6595 6654]
[6655 6690]
[6691 6732]
[6733 6801]
[6802 6840]
[6841 6883]
[6884 6928]
[6929 6990]
[6991 7057]
[7058 7141]
[7142 7425]
[7426 7523]
[7524 7612]
[7613 7694]
[7695 7792]
[7793 7862]
[7863 7967]
[7968 8013]
[8014 8097]
[8098 8179]
[8180 8277]
[8278 8352]
[8353 8407]
[8408 8577]
[8578 8623]
[8624 8662]
[8663 8702]
[8703 8757]
[8758 8809]
[8810 8858]
[8859 8889]
[8890 8922]
[8923 9016]
[9017 9420]
[9421 9469]
[9470 9533]
[9534 9643]
[9644 9907]
[ 9908 10148]
[10149 10494]
[10495 10953]
[10954 11204]
[11205 11278]
[11279 11375]
[11376 11475]
[11476 11543]
[11544 11922]
[11923 12068]
[12069 12223]
[12225 12422]
[12424 12548]
[12549 12933]
[12934 12968]
[12969 13046]
[13047 13115]
[13116 13203]
[13204 13286]
[13287 13345]
[13346 13395]
[13396 13461]
[13462 13530]
[13531 13626]
[13627 13702]
[13703 13778]
[13779 13845]
[13846 13918]
[13919 13964]
[13965 14034]
[14035 14119]
[14120 14170]
[14171 14238]
[14239 14307]
[14308 14375]
[14376 14757]
[14758 14828]
[14829 14956]
[14957 14984]
[14985 15063]
[15064 15232]
[15233 15318]
[15319 15381]
[15382 15448]
[15449 15527]
[15528 15626]
[15627 15948]
[15949 16005]
[16006 16044]
[16045 16084]
[16085 16124]
[16125 16165]
[16166 16207]
[16208 16284]
[16285 16384]
[16385 16547]
[16548 16684]
[16685 16806]
[16807 16888]
[16889 16969]
[16970 17088]
[17089 17234]
[17235 17312]
[17313 17372]
[17373 17515]
[17516 17567]
[17568 17594]
[17595 17632]
[17633 17695]
[17696 17725]
[17726 17767]
[17768 17800]
[17801 17860]
[17861 17963]
[17964 18409]
[18411 18431]
[18432 18487]
[18488 18531]
[18532 18606]
[18607 18746]
[18747 18797]
[18798 18852]
[18853 19073]
[19074 19133]
[19134 19199]
[19200 19280]
[19281 19398]
[19399 19456]
[19457 19510]
[19511 19835]
[19837 19885]
[19886 19966]
[19967 19993]
[19994 20047]
[20048 20092]
[20093 20202]
[20203 20282]
[20283 20335]
[20336 20411]
[20412 20448]
[20449 20510]
[20511 20593]
[20594 20643]
[20644 20704]
[20705 20791]
[20792 20804]
[20805 20866]
[20867 20944]
[20945 20980]
[20981 21052]
[21053 21186]
[21187 21429]
[21430 21520]
[21521 21638]
[21639 21691]
[21692 21746]
[21747 21819]
[21820 21912]
[21913 21981]
[21982 22013]
[22014 22067]
[22068 22145]
[22146 22215]
[22216 22282]
[22283 22354]
[22355 22666]
[22667 22684]
[22685 22754]
[22755 22833]
[22834 22912]
[22913 22997]
[22998 23071]
[23072 23162]
[23163 23222]
[23223 23288]
[23289 23403]
[23404 23503]
[23504 23573]
[23574 23713]
[23714 23806]
[23807 23913]
[23914 24008]
[24009 24099]
[24100 24175]
[24176 24269]
[24270 24411]
[24412 24501]
[24503 24612]
[24613 24721]
[24722 24784]
[24785 24895]
[24896 25033]
[25034 25191]
[25192 25315]
[25316 25498]
[25499 25650]
[25651 25811]
[25812 25886]
[25887 26077]
[26078 26123]
[26124 26181]
[26182 26257]
[26258 26335]
[26336 26481]
[26482 26492]
[26493 26633]
[26634 26645]
[26646 26693]
[26694 26814]
[26815 26896]
[26897 27008]
[27009 27179]
[27180 27233]
[27234 27363]
[27364 27417]
[27418 27477]
[27478 27535]
[27536 27969]
[27970 28049]
