[ 0 39]
[ 40 380]
[381 436]
[437 474]
[475 498]
[499 528]
[529 564]
[565 592]
[593 621]
[622 657]
[658 686]
[687 748]
[749 762]
[763 869]
[ 871 1415]
[1416 1658]
[1659 1749]
[1750 1853]
[1854 1947]
[1948 2118]
[2119 2211]
[2212 2303]
[2304 2378]
[2379 2449]
[2450 2489]
[2490 2526]
[2527 2573]
[2574 2600]
[2601 2642]
[2643 2681]
[2682 2706]
[2707 3214]
[3215 3370]
[3371 3399]
[3400 3447]
[3448 3500]
[3501 3535]
[3536 3571]
[3572 3651]
[3652 3710]
[3711 3799]
[3800 3854]
[3855 3890]
[3891 3913]
[3914 3936]
[3937 3986]
[3987 4016]
[4017 4055]
[4056 4169]
[4170 4228]
[4229 4272]
[4273 4330]
[4331 4371]
[4372 4471]
[4472 4493]
[4494 4843]
[4844 4913]
[4914 4933]
[4934 5010]
[5011 5073]
[5074 5132]
[5133 5201]
[5202 5240]
[5241 5268]
[5269 5318]
[5319 5364]
[5365 5471]
[5472 5542]
[5543 5579]
[5580 5613]
[5614 5714]
[5715 5761]
[5762 5837]
[5838 5904]
[5905 5962]
[5963 6014]
[6015 6052]
[6053 6113]
[6114 6169]
[6170 6223]
[6224 6227]
[6228 6285]
[6286 6323]
[6324 6506]
[6507 6590]
[6591 6819]
[6820 6890]
[6891 6954]
[6955 7027]
[7028 7064]
[7065 7124]
[7125 7187]
[7188 7265]
[7266 7292]
[7293 7354]
[7355 7419]
[7420 7451]
[7452 7499]
[7500 7583]
[7584 7656]
[7657 7716]
[7717 7781]
[7782 7848]
[7849 7898]
[7899 7954]
[7955 8065]
[8066 8155]
[8156 8449]
[8450 8499]
[8500 8547]
[8548 8603]
[8604 8646]
[8647 8686]
[8687 8744]
[8745 8805]
[8806 8856]
[8857 9057]
[9058 9114]
[9115 9161]
[9162 9206]
[9207 9269]
[9270 9322]
[9323 9348]
[9349 9373]
[9374 9639]
[9640 9747]
[9748 9781]
[9782 9904]
[ 9905 10026]
[10027 10148]
[10149 10380]
[10381 10483]
[10484 10542]
[10543 10818]
[10819 10954]
[10955 11045]
[11046 11106]
[11107 11198]
[11199 11321]
[11322 11462]
[11463 11519]
[11520 11550]
[11551 11639]
[11640 11695]
[11696 12003]
[12004 12073]
[12074 12166]
[12167 12315]
[12316 12711]
[12712 12764]
[12765 12852]
[12853 12900]
[12901 12960]
[12961 13204]
[13205 13268]
[13269 13330]
[13331 13389]
[13390 13443]
[13444 13544]
[13545 13610]
[13611 13662]
[13663 13719]
[13720 13787]
[13788 13828]
[13829 13886]
[13887 13957]
[13958 14027]
[14028 14085]
[14086 14206]
[14207 14278]
[14279 14497]
[14498 14558]
[14559 14619]
[14620 14715]
[14716 14755]
[14756 14823]
[14824 14875]
[14876 14933]
[14934 15014]
[15015 15064]
[15065 15131]
[15132 15222]
[15223 15269]
[15270 15335]
[15336 15393]
[15394 15440]
[15441 15506]
[15507 15556]
[15557 15575]
[15576 15622]
[15623 15655]
[15656 15688]
[15689 15742]
[15743 15838]
[15839 16249]
[16250 16345]
[16346 16416]
[16417 16440]
[16441 16480]
[16481 16514]
[16515 16539]
[16540 16600]
[16601 16683]
[16684 16712]
[16713 16740]
[16741 16758]
[16759 16803]
[16804 16887]
[16888 16917]
[16918 16942]
[16943 16979]
[16980 17025]
[17026 17079]
[17080 17095]
[17096 17157]
[17158 17184]
[17185 17240]
[17241 17256]
[17257 17299]
[17300 17703]
[17704 17722]
[17723 17754]
[17755 17822]
[17823 18217]
[18218 18270]
[18271 18314]
[18315 18389]
[18390 18442]
[18443 18544]
[18545 18640]
[18641 18738]
[18739 18810]
[18811 18863]
[18864 18994]
[18995 19019]
[19020 19073]
[19074 19114]
[19115 19153]
[19154 19181]
[19183 19229]
[19230 19286]
[19287 19316]
[19317 19419]
[19420 19481]
[19482 19530]
[19531 19721]
[19722 20007]
[20008 20042]
[20043 20114]
[20115 20171]
[20172 20242]
[20243 20462]
[20463 20633]
[20634 20688]
[20690 20695]
[20696 20758]
[20759 20802]
[20803 20852]
[20853 20909]
[20910 21031]
[21032 21113]
[21114 21177]
[21178 21236]
[21237 21310]
[21311 21363]
[21364 21417]
[21418 21475]
[21476 21529]
[21530 21614]
[21615 21656]
[21657 21716]
[21717 21761]
[21762 21910]
[21911 22296]
[22297 22495]
[22496 22574]
[22575 22612]
[22613 22692]
[22693 22738]
[22739 22836]
[22837 22967]
[22968 23081]
[23082 23129]
[23130 23282]
[23283 23349]
[23350 23443]
[23444 23835]
[23836 23930]
[23931 24016]
[24017 24104]
[24105 24148]
[24149 24237]
[24238 24344]
[24345 24575]
[24576 24691]
[24692 24857]
[24858 25167]
[25168 25517]
[25518 25608]
[25609 25725]
[25726 25818]
[25819 26107]
[26108 26141]
[26142 26242]
[26243 26313]
[26314 26357]
[26358 26420]
[26421 26554]
[26555 26633]
[26634 26652]
[26653 26780]
[26781 26898]
[26899 27129]
[27130 27477]
[27478 27559]
[27560 27605]
[27606 27664]
[27665 27697]
[27698 27715]
[27716 27796]
[27797 27875]
[27876 27946]
[27947 27990]
[27991 28131]
[28132 28176]
[28177 28271]
[28272 28385]
[28386 28393]
[28394 28438]
[28439 28496]
[28497 28548]
[28549 28640]
[28641 28669]
[28670 28715]
[28716 28804]
[28805 29177]
[29178 29249]
