[ 0 18]
[ 19 272]
[273 333]
[334 377]
[378 419]
[420 460]
[461 502]
[503 543]
[544 584]
[585 617]
[618 645]
[646 677]
[678 709]
[710 752]
[753 806]
[807 913]
[ 914 1275]
[1276 1324]
[1325 1385]
[1386 1421]
[1422 1484]
[1485 1562]
[1563 1596]
[1597 1809]
[1810 2224]
[2225 2281]
[2282 2334]
[2335 2407]
[2408 2486]
[2487 2593]
[2594 2732]
[2733 2797]
[2798 2869]
[2870 2938]
[2939 2987]
[2988 3044]
[3045 3097]
[3098 3181]
[3182 3227]
[3228 3648]
[3649 3721]
[3722 3778]
[3779 3833]
[3834 3898]
[3899 4044]
[4045 4189]
[4190 4256]
[4257 4325]
[4326 4376]
[4377 4451]
[4452 4503]
[4504 4675]
[4676 4750]
[4751 4802]
[4803 4853]
[4854 4917]
[4918 4980]
[4981 5045]
[5046 5114]
[5115 5177]
[5178 5588]
[5589 5700]
[5701 5817]
[5818 5871]
[5872 5938]
[5939 5983]
[5984 6060]
[6061 6271]
[6272 6278]
[6279 6478]
[6479 6614]
[6615 6678]
[6679 6725]
[6726 6806]
[6807 6836]
[6837 6841]
[6842 6927]
[6928 6953]
[6954 7012]
[7013 7045]
[7046 7143]
[7144 7828]
[7829 7878]
[7879 7923]
[7924 7969]
[7970 8050]
[8051 8076]
[8077 8105]
[8106 8161]
[8162 8181]
[8182 8198]
[8199 8307]
[8308 8427]
[8428 8465]
[8466 8500]
[8501 8536]
[8537 8705]
[8706 8769]
[8770 8842]
[8843 8876]
[8877 8955]
[8956 9004]
[9005 9030]
[9031 9057]
[9058 9101]
[9102 9128]
[9129 9162]
[9163 9219]
[9220 9247]
[9248 9282]
[9283 9318]
[9319 9751]
[9752 9935]
[ 9936 10048]
[10049 10131]
[10132 10326]
[10327 10502]
[10503 10634]
[10635 10790]
[10791 10873]
[10874 10985]
[10986 11257]
[11258 11339]
[11340 11388]
[11389 11392]
[11393 11469]
[11470 11520]
[11521 11564]
[11565 11629]
[11630 11694]
[11695 11792]
[11793 11842]
[11843 11897]
[11898 11969]
[11970 12041]
[12042 12100]
[12101 12167]
[12168 12217]
[12218 12253]
[12254 12353]
[12354 12382]
[12383 12417]
[12418 12479]
[12480 12672]
[12673 12803]
[12804 13053]
[13054 13153]
[13154 13453]
[13454 13641]
[13642 13941]
[13942 14252]
[14253 14312]
[14313 14351]
[14352 14436]
[14437 14442]
[14443 14521]
[14522 14556]
[14557 14624]
[14625 14803]
[14804 14859]
[14860 14917]
[14918 14978]
[14979 15024]
[15025 15280]
[15281 15367]
[15368 16075]
[16076 16144]
[16145 16307]
[16308 16353]
[16354 16487]
[16488 16536]
[16537 16564]
[16565 16610]
[16611 16630]
[16631 16750]
[16751 17223]
[17224 17570]
[17571 18226]
[18227 18308]
[18309 18384]
[18385 18442]
[18443 18504]
[18505 18571]
[18572 18635]
[18636 18695]
[18696 18756]
[18757 18788]
[18789 18865]
[18866 19177]
[19178 19372]
[19373 19523]
[19524 19578]
[19579 19708]
[19709 19794]
[19795 19967]
[19968 20063]
[20064 20227]
[20228 20351]
[20352 20410]
[20411 20521]
[20522 20629]
[20630 20675]
[20676 20750]
[20751 21134]
[21135 21803]
[21804 22219]
[22221 22689]
[22690 22874]
[22875 22948]
[22949 23037]
[23038 23171]
[23172 23198]
[23199 23488]
[23489 23537]
[23538 23603]
[23604 23663]
[23664 23719]
[23720 23933]
[23934 23995]
[23996 24083]
[24084 24174]
[24175 24203]
[24204 24520]
[24521 24593]
[24594 24659]
[24660 24743]
[24744 24851]
[24852 25004]
[25005 25054]
[25055 25234]
[25235 25251]
[25252 25620]
[25621 25667]
[25668 25808]
[25809 25867]
[25868 25899]
[25900 26008]
[26009 26051]
[26052 26222]
[26223 26303]
[26304 26419]
[26420 26506]
[26507 26560]
[26561 26680]
[26681 26883]
[26884 26982]
[26983 27027]
[27028 27146]
[27147 27176]
[27177 27266]
[27267 27362]
[27363 27523]
[27524 27675]
[27676 27800]
[27801 27867]
[27868 27951]
[27952 27985]
[27986 28011]
[28012 28421]
[28422 28627]
[28628 28691]
[28692 28801]
[28802 28858]
[28859 29303]
[29304 29390]
[29391 29514]
[29515 29875]
[29876 29949]
