[ 0 18]
[ 19 440]
[441 496]
[497 532]
[533 562]
[563 590]
[591 623]
[624 656]
[657 684]
[685 713]
[714 747]
[748 768]
[769 828]
[829 872]
[873 916]
[917 951]
[952 985]
[ 986 1077]
[1078 1694]
[1695 1725]
[1726 1777]
[1778 1809]
[1810 1850]
[1851 1898]
[1899 1954]
[1955 2021]
[2022 2038]
[2039 2099]
[2100 2117]
[2118 2158]
[2159 2209]
[2210 2369]
[2370 2396]
[2397 2465]
[2466 2511]
[2512 2529]
[2530 2592]
[2593 2615]
[2616 2678]
[2679 2745]
[2746 2808]
[2809 2879]
[2880 2912]
[2913 2967]
[2968 3043]
[3044 3074]
[3075 3509]
[3510 3594]
[3595 3730]
[3731 3763]
[3764 3829]
[3831 3884]
[3885 3955]
[3956 3985]
[3986 4012]
[4013 4039]
[4040 4059]
[4060 4326]
[4327 4608]
[4610 4858]
[4859 4975]
[4976 5525]
[5526 5622]
[5623 5696]
[5697 5736]
[5737 5767]
[5768 5793]
[5794 5846]
[5847 5870]
[5871 5908]
[5909 5947]
[5948 6110]
[6111 6144]
[6145 6179]
[6180 6220]
[6221 6260]
[6261 6373]
[6374 6407]
[6408 6462]
[6463 6520]
[6521 6560]
[6561 6641]
[6642 6723]
[6724 6764]
[6765 6935]
[6936 7005]
[7006 7027]
[7028 7077]
[7078 7117]
[7118 7150]
[7151 7523]
[7524 7558]
[7559 7604]
[7605 7668]
[7669 7743]
[7744 7834]
[7835 7886]
[7887 7925]
[7926 8001]
[8002 8049]
[8050 8084]
[8085 8139]
[8140 8205]
[8206 8294]
[8295 8344]
[8345 8390]
[8391 8440]
[8441 8482]
[8483 8546]
[8547 8569]
[8570 8610]
[8611 8674]
[8675 8731]
[8732 8789]
[8790 8845]
[8846 8893]
[8894 8941]
[8942 8986]
[8987 9061]
[9062 9538]
[9539 9807]
[9808 9916]
[ 9917 10007]
[10008 10068]
[10069 10133]
[10134 10196]
[10197 10336]
[10337 10428]
[10429 10486]
[10487 10522]
[10523 10599]
[10600 10652]
[10653 10764]
[10765 10924]
[10925 10975]
[10976 11022]
[11023 11063]
[11064 11104]
[11105 11163]
[11164 11206]
[11207 11247]
[11248 11287]
[11288 11364]
[11365 11856]
[11857 11928]
[11929 11998]
[11999 12059]
[12060 12137]
[12138 12198]
[12199 12265]
[12266 12318]
[12319 12391]
[12392 12454]
[12455 12510]
[12511 12575]
[12576 12634]
[12635 12714]
[12715 13058]
[13059 13122]
[13123 13147]
[13148 13204]
[13205 13219]
[13220 13272]
[13273 13285]
[13286 13343]
[13344 13367]
[13368 13418]
[13419 13486]
[13487 13569]
[13570 13622]
[13623 13650]
[13651 13717]
[13718 13733]
[13734 13786]
[13787 13804]
[13805 13868]
[13869 13919]
[13920 13978]
[13979 14023]
[14024 14373]
[14374 14706]
[14707 14969]
[14970 15086]
[15087 15175]
[15176 15244]
[15245 15295]
[15296 15362]
[15363 15423]
[15424 15472]
[15473 15535]
[15536 15869]
[15870 15893]
[15894 15927]
[15928 16032]
[16033 16085]
[16086 16172]
[16173 16280]
[16281 16366]
[16367 16436]
[16437 16494]
[16495 16583]
[16584 16649]
[16650 16705]
[16706 16800]
[16801 16885]
[16886 17034]
[17035 17085]
[17086 17132]
[17133 17173]
[17174 17214]
[17215 17274]
[17275 17324]
[17325 17380]
[17381 17475]
[17476 17858]
[17859 17925]
[17926 17975]
[17976 18028]
[18029 18122]
[18123 18260]
[18261 18318]
[18319 18373]
[18374 18435]
[18436 18499]
[18500 18538]
[18539 18588]
[18589 18659]
[18660 19060]
[19061 19166]
[19167 19276]
[19277 19329]
[19330 19410]
[19411 19495]
[19496 19543]
[19544 19587]
[19588 19620]
[19621 19649]
[19650 19684]
[19685 19782]
[19783 19842]
[19843 19906]
[19907 19981]
[19982 20019]
[20020 20423]
[20424 20516]
[20517 20787]
[20788 20801]
[20802 20861]
[20862 21024]
[21025 21188]
[21189 21761]
[21762 21841]
[21842 21981]
[21982 22111]
[22112 22558]
[22559 22793]
[22794 22877]
[22878 22976]
[22977 23110]
[23111 23197]
[23198 23260]
[23261 23432]
[23433 23523]
[23524 23602]
[23603 23694]
[23695 23859]
[23860 23915]
[23916 23994]
[23995 24363]
[24364 24372]
[24373 24474]
[24475 24525]
[24526 24547]
[24548 24609]
[24610 24707]
[24708 24866]
[24867 24928]
[24929 24997]
[24998 25063]
[25064 25107]
[25108 25149]
[25150 25296]
[25297 25449]
[25450 25534]
[25535 25621]
[25622 25736]
[25737 25772]
[25773 25826]
[25827 25884]
[25885 26144]
[26146 26398]
[26399 26491]
[26492 26582]
[26583 26684]
[26685 26780]
[26781 26852]
[26853 26939]
[26940 27081]
[27082 27140]
[27141 27255]
[27256 27341]
[27342 27419]
[27420 27482]
[27483 27557]
[27558 27613]
[27614 27692]
[27693 27731]
[27732 28029]
[28030 28102]
[28103 28146]
[28147 28210]
[28211 28280]
[28281 28338]
[28339 28388]
[28389 28453]
[28454 28532]
[28533 28681]
[28682 28813]
[28814 28912]
[28913 29069]
[29070 29223]
[29224 29269]
[29270 29358]
[29359 29412]
[29413 29666]
[29667 29720]
[29721 30795]
[30796 31178]
[31179 31249]
