[ 0 28]
[ 29 405]
[406 465]
[466 489]
[490 509]
[510 551]
[552 592]
[593 634]
[635 675]
[676 714]
[715 766]
[ 767 1264]
[1265 1287]
[1288 1315]
[1316 1349]
[1350 1429]
[1430 1489]
[1490 1511]
[1512 1561]
[1562 1588]
[1589 1639]
[1640 1662]
[1663 1738]
[1739 1782]
[1783 1834]
[1835 1906]
[1907 1961]
[1962 2004]
[2005 2071]
[2072 2107]
[2108 2154]
[2155 2217]
[2218 2279]
[2280 2322]
[2323 2359]
[2360 2391]
[2392 2454]
[2455 2501]
[2502 2560]
[2561 2598]
[2599 2655]
[2656 2716]
[2717 2774]
[2775 3154]
[3155 3214]
[3215 3314]
[3315 3340]
[3341 3400]
[3401 3473]
[3474 3530]
[3531 3596]
[3597 3667]
[3668 3740]
[3741 3800]
[3801 3950]
[3951 4037]
[4038 4112]
[4113 4172]
[4173 4241]
[4242 4321]
[4322 4403]
[4404 4614]
[4615 4992]
[4993 5078]
[5079 5154]
[5155 5274]
[5275 5372]
[5373 5428]
[5429 5478]
[5479 5585]
[5586 5664]
[5665 5747]
[5748 5846]
[5847 5921]
[5922 5998]
[5999 6074]
[6075 6498]
[6499 6558]
[6559 6627]
[6628 6689]
[6690 6738]
[6739 6801]
[6802 6884]
[6885 6952]
[6953 7017]
[7018 7212]
[7213 7340]
[7341 7532]
[7533 7674]
[7675 7770]
[7771 7818]
[7819 7857]
[7858 7893]
[7894 7943]
[7944 8090]
[8091 8136]
[8137 8171]
[8172 8223]
[8224 8270]
[8271 8319]
[8320 8361]
[8362 8395]
[8396 8435]
[8436 8531]
[8532 8896]
[8897 9028]
[9029 9130]
[9131 9196]
[9197 9288]
[9289 9404]
[9405 9539]
[9540 9677]
[ 9678 10060]
[10061 10113]
[10114 10195]
[10196 10251]
[10252 10317]
[10318 10398]
[10399 10489]
[10490 10559]
[10560 10645]
[10646 10754]
[10755 10836]
[10837 10902]
[10903 10973]
[10974 11077]
[11078 11184]
[11185 11264]
[11265 11312]
[11313 11530]
[11531 11717]
[11718 11769]
[11770 11799]
[11800 11908]
[11909 12014]
[12015 12134]
[12135 12215]
[12216 12320]
[12321 12430]
[12431 12513]
[12514 12850]
[12851 13030]
[13031 13073]
[13074 13133]
[13134 13151]
[13152 13215]
[13216 13271]
[13272 13298]
[13299 13320]
[13321 13421]
[13422 13511]
[13512 13576]
[13577 13617]
[13618 13681]
[13682 13748]
[13749 13809]
[13810 13874]
[13875 13928]
[13929 14329]
[14330 14392]
[14393 14461]
[14462 14521]
[14522 14601]
[14602 14666]
[14667 14736]
[14737 14813]
[14814 14888]
[14889 14966]
[14967 15226]
[15227 15306]
[15307 15390]
[15391 15452]
[15453 15517]
[15518 15586]
[15587 15646]
[15647 15748]
[15749 15794]
[15795 15837]
[15838 15881]
[15882 15928]
[15929 15977]
[15978 16019]
[16020 16053]
[16054 16093]
[16094 16186]
[16187 16636]
[16637 16783]
[16784 16853]
[16854 16941]
[16942 17007]
[17008 17074]
[17075 17154]
[17155 17215]
[17216 17276]
[17277 17339]
[17340 17386]
[17387 17437]
[17438 17482]
[17483 17552]
[17553 17619]
[17620 17677]
[17678 17757]
[17758 17877]
[17878 18017]
[18018 18073]
[18074 18139]
[18140 18553]
[18554 18638]
[18639 18797]
[18798 18944]
[18945 19130]
[19131 19250]
[19251 19487]
[19488 19570]
[19571 19685]
[19686 19778]
[19779 19861]
[19862 19915]
[19916 20006]
[20007 20299]
[20300 20399]
[20400 20672]
[20673 20740]
[20741 20856]
[20857 20916]
[20917 20969]
[20970 21091]
[21092 21178]
[21179 21235]
[21236 21333]
[21334 21391]
[21392 21459]
[21460 21564]
[21565 22024]
[22025 22189]
[22190 22268]
[22269 22324]
[22325 22380]
[22381 22478]
[22479 22641]
[22642 22818]
[22819 22894]
[22895 22950]
[22951 22996]
[22997 23041]
[23042 23083]
[23084 23130]
[23131 23179]
[23180 23221]
[23222 23255]
[23256 23295]
[23296 23388]
[23389 23682]
[23683 23771]
[23772 23828]
[23829 23901]
[23902 24005]
[24006 24090]
[24091 24162]
[24163 24234]
[24235 24292]
[24293 24360]
[24361 24503]
[24504 24664]
[24665 24771]
[24772 24816]
[24817 24926]
[24927 25155]
[25156 25222]
[25223 25302]
[25303 25395]
[25396 25500]
[25501 25595]
[25596 25659]
[25660 25711]
[25712 25802]
[25803 25872]
[25873 25981]
[25982 26166]
[26167 26303]
[26304 26427]
[26428 26521]
[26522 26594]
[26595 26723]
[26724 26798]
[26799 26854]
[26855 27112]
[27113 27172]
[27173 27210]
[27211 27279]
[27280 27335]
[27336 27375]
[27376 27420]
[27421 27474]
[27475 27509]
[27510 27540]
[27541 27641]
[27642 27740]
[27741 27835]
[27836 27915]
[27916 27931]
[27932 28005]
[28006 28150]
[28151 28189]
[28190 28243]
[28244 28327]
[28328 28491]
[28492 28771]
[28772 28840]
[28841 28905]
[28906 28970]
[28971 29031]
[29032 29100]
[29101 29161]
[29162 29228]
[29229 29280]
[29281 29322]
[29323 29373]
[29374 29466]
[29467 29519]
[29520 29564]
[29566 29952]
[29953 30049]
