[ 0 23]
[ 24 331]
[332 375]
[376 417]
[418 458]
[459 500]
[501 541]
[542 582]
[583 625]
[626 667]
[668 707]
[708 742]
[743 778]
[779 812]
[813 907]
[ 908 1584]
[1585 1622]
[1623 1686]
[1687 1755]
[1756 1814]
[1815 1884]
[1885 1965]
[1966 2028]
[2029 2085]
[2086 2144]
[2145 2202]
[2203 2258]
[2259 2285]
[2286 2374]
[2375 2453]
[2454 2526]
[2527 2604]
[2605 2622]
[2623 2659]
[2660 2732]
[2733 2801]
[2802 2862]
[2863 2891]
[2892 3300]
[3301 3405]
[3406 3466]
[3467 3495]
[3496 3537]
[3538 3586]
[3587 3694]
[3695 3751]
[3752 3828]
[3829 3920]
[3921 3997]
[3998 4062]
[4063 4094]
[4095 4214]
[4215 4279]
[4280 4326]
[4327 4390]
[4391 4480]
[4481 4548]
[4549 4573]
[4574 4653]
[4654 4703]
[4704 4757]
[4758 4792]
[4793 5104]
[5105 5120]
[5121 5176]
[5177 5287]
[5288 5352]
[5353 5466]
[5467 5553]
[5554 5652]
[5653 5707]
[5708 5774]
[5775 5852]
[5853 5927]
[5928 5974]
[5975 6711]
[6712 6773]
[6774 6840]
[6841 6924]
[6925 6994]
[6995 7070]
[7071 7153]
[7154 7212]
[7213 7271]
[7272 7346]
[7347 7385]
[7386 7457]
[7458 7558]
[7559 7628]
[7629 7664]
[7665 7702]
[7703 8129]
[8130 8238]
[8239 8378]
[8379 8439]
[8440 8494]
[8495 8589]
[8590 8658]
[8659 8760]
[8761 8842]
[8843 8923]
[8924 9005]
[9006 9237]
[9238 9293]
[9294 9347]
[9348 9412]
[9413 9467]
[9468 9538]
[9539 9614]
[9615 9665]
[9667 9750]
[ 9751 10224]
[10225 10319]
[10320 10380]
[10381 10445]
[10446 10504]
[10505 10551]
[10552 10607]
[10608 10667]
[10668 10696]
[10697 10739]
[10740 10789]
[10790 10833]
[10834 10872]
[10873 10925]
[10926 10974]
[10975 11047]
[11048 11090]
[11091 11156]
[11157 11224]
[11225 11287]
[11288 11311]
[11312 11333]
[11334 11477]
[11478 11500]
[11501 11530]
[11531 11594]
[11595 11640]
[11641 11675]
[11676 11705]
[11706 11738]
[11739 11774]
[11775 11823]
[11824 11865]
[11866 11899]
[11900 11939]
[11940 12035]
[12036 12332]
[12333 12459]
[12460 12562]
[12563 12613]
[12614 12671]
[12672 12784]
[12785 12876]
[12877 12999]
[13000 13149]
[13150 13260]
[13261 13425]
[13426 13516]
[13517 13802]
[13803 13902]
[13903 14022]
[14023 14118]
[14119 14220]
[14221 14287]
[14288 14382]
[14383 14482]
[14483 14511]
[14512 14595]
[14596 14895]
[14896 14933]
[14934 14983]
[14984 15012]
[15013 15060]
[15061 15098]
[15099 15135]
[15136 15185]
[15186 15337]
[15338 15431]
[15432 15493]
[15494 15559]
[15560 15609]
[15610 16043]
[16044 16154]
[16155 16197]
[16198 16241]
[16242 16299]
[16300 16354]
[16355 16479]
[16480 16556]
[16557 16634]
[16635 16729]
[16730 16760]
[16761 16857]
[16858 16915]
[16916 16951]
[16952 17062]
[17063 17122]
[17123 17145]
[17146 17216]
[17217 17311]
[17312 17385]
[17386 17414]
[17415 17455]
[17456 17747]
[17748 17899]
[17900 18037]
[18038 18105]
[18106 18211]
[18212 18295]
[18296 18338]
[18339 18409]
[18410 18509]
[18510 18642]
[18643 18701]
[18702 18771]
[18772 18825]
[18826 19066]
[19067 19180]
[19181 19235]
[19236 19297]
[19298 19369]
[19370 19427]
[19428 19466]
[19467 19529]
[19530 19597]
[19598 19657]
[19658 19712]
[19713 19771]
[19772 19917]
[19918 19970]
[19971 20005]
[20006 20058]
[20059 20122]
[20123 20168]
[20169 20211]
[20212 20256]
[20257 20302]
[20303 20351]
[20352 20389]
[20390 20428]
[20429 20467]
[20468 20558]
[20559 20828]
[20829 21024]
[21025 21195]
[21196 21433]
[21434 21488]
[21489 21698]
[21699 21904]
[21905 22207]
[22208 22607]
[22608 22680]
[22681 22748]
[22749 22801]
[22802 22867]
[22868 22918]
[22919 22983]
[22984 23214]
[23215 23287]
[23288 23372]
[23373 23439]
[23440 23500]
[23501 23582]
[23583 23717]
[23718 23789]
[23790 23863]
[23864 23936]
[23937 24074]
[24075 24144]
[24145 24226]
[24228 24319]
[24320 24742]
[24743 24929]
[24930 25036]
[25037 25100]
[25101 25202]
[25203 25303]
[25304 25363]
[25364 25548]
[25550 25876]
[25877 25952]
[25953 26018]
[26019 26107]
[26108 26195]
[26196 26408]
[26409 26521]
[26522 26620]
[26621 26713]
[26714 26804]
[26805 27077]
[27078 27142]
[27143 27237]
[27238 27313]
[27314 27376]
[27377 27557]
[27558 27728]
[27729 27839]
[27840 27902]
[27903 28005]
[28006 28232]
[28233 28353]
[28354 28498]
[28499 28566]
[28567 28679]
[28680 28874]
[28875 28944]
[28945 28984]
[28985 29209]
[29210 29243]
[29244 29296]
[29297 29377]
[29378 29447]
[29448 29554]
[29555 29640]
[29641 29849]
[29850 30022]
[30023 30093]
[30094 30148]
[30149 30235]
[30236 30534]
[30535 30577]
[30578 30704]
[30705 30793]
[30794 30826]
[30827 30923]
[30924 31018]
[31019 31067]
[31068 31329]
[31330 31661]
[31662 32299]
[32300 32547]
[32548 32599]
