[ 0 30]
[ 31 449]
[450 492]
[493 529]
[530 574]
[575 613]
[614 655]
[656 740]
[741 782]
[783 811]
[812 882]
[ 883 1325]
[1326 1357]
[1358 1375]
[1376 1450]
[1451 1517]
[1518 1583]
[1584 1620]
[1621 1674]
[1675 1731]
[1732 1781]
[1782 1832]
[1833 1909]
[1910 1956]
[1957 2009]
[2010 2062]
[2063 2111]
[2112 2164]
[2165 2213]
[2214 2266]
[2267 2313]
[2314 2373]
[2374 2420]
[2421 2470]
[2471 2500]
[2501 2529]
[2530 2959]
[2960 3008]
[3009 3058]
[3059 3137]
[3138 3178]
[3179 3237]
[3238 3285]
[3286 3306]
[3307 3376]
[3377 3418]
[3419 3458]
[3459 3633]
[3634 3690]
[3691 3730]
[3731 3790]
[3791 3811]
[3812 3833]
[3834 3872]
[3873 3946]
[3947 4055]
[4056 4127]
[4128 4176]
[4177 4243]
[4244 4297]
[4298 4353]
[4354 4436]
[4437 4846]
[4847 5045]
[5046 5431]
[5432 5533]
[5534 5682]
[5683 5792]
[5793 5878]
[5879 5958]
[5959 6380]
[6381 6813]
[6814 6864]
[6865 6918]
[6919 6970]
[6971 6993]
[6994 7069]
[7070 7092]
[7093 7117]
[7118 7143]
[7144 7204]
[7205 7310]
[7311 7404]
[7405 7477]
[7478 7657]
[7658 7756]
[7757 7784]
[7785 7809]
[7810 7845]
[7846 7872]
[7873 7973]
[7974 8033]
[8034 8073]
[8074 8119]
[8120 8390]
[8391 8749]
[8751 8792]
[8793 8836]
[8837 8889]
[8890 8927]
[8928 8951]
[8952 8995]
[8996 9033]
[9034 9084]
[9085 9121]
[9122 9153]
[9154 9291]
[9292 9334]
[9335 9379]
[9380 9400]
[9401 9448]
[9449 9496]
[9497 9539]
[9540 9570]
[9571 9597]
[9598 9646]
[9647 9747]
[9748 9760]
[9761 9804]
[9805 9846]
[9847 9889]
[ 9890 10006]
[10007 10060]
[10061 10099]
[10100 10142]
[10143 10189]
[10190 10229]
[10230 10278]
[10279 10327]
[10328 10375]
[10376 10435]
[10436 10495]
[10496 10548]
[10549 10615]
[10616 10690]
[10691 10753]
[10754 10869]
[10870 11275]
[11276 11500]
[11501 11681]
[11682 11792]
[11793 11895]
[11896 12252]
[12253 12492]
[12493 12782]
[12783 12976]
[12977 13188]
[13189 13321]
[13322 13518]
[13519 13621]
[13622 13755]
[13756 14061]
[14062 14139]
[14140 14210]
[14211 14318]
[14319 14414]
[14415 14477]
[14478 14533]
[14534 14594]
[14595 14688]
[14689 14720]
[14721 14752]
[14753 14785]
[14786 14851]
[14852 14881]
[14882 15162]
[15163 15274]
[15275 15362]
[15363 15457]
[15458 15545]
[15546 15641]
[15642 15724]
[15725 15783]
[15784 15815]
[15816 15850]
[15851 15940]
[15941 16013]
[16014 16064]
[16065 16131]
[16132 16188]
[16189 16261]
[16262 16318]
[16319 16385]
[16386 16450]
[16451 16526]
[16527 16569]
[16570 16771]
[16772 16873]
[16874 16938]
[16939 17106]
[17107 17175]
[17176 17250]
[17251 17433]
[17434 17507]
[17508 17567]
[17568 17627]
[17628 17680]
[17681 17747]
[17748 17800]
[17801 17852]
[17853 18003]
[18004 18324]
[18325 18430]
[18431 18498]
[18499 18563]
[18564 18631]
[18632 18707]
[18708 18753]
[18754 18826]
[18827 18891]
[18892 18981]
[18982 19058]
[19059 19134]
[19135 19198]
[19199 19267]
[19268 19333]
[19334 19400]
[19401 19425]
[19426 19733]
[19734 19832]
[19833 19943]
[19944 19993]
[19994 20054]
[20055 20077]
[20078 20121]
[20122 20171]
[20172 20327]
[20328 20460]
[20461 20517]
[20518 20552]
[20553 20588]
[20589 20621]
[20622 20657]
[20658 20689]
[20690 20733]
[20734 20789]
[20790 20891]
[20892 21200]
[21201 21226]
[21227 21248]
[21249 21280]
[21281 21331]
[21332 21398]
[21399 21478]
[21479 21699]
[21700 21826]
[21827 21969]
[21970 22132]
[22133 22287]
[22288 22457]
[22458 22502]
[22503 22551]
[22552 22611]
[22612 22738]
[22739 23039]
[23040 23122]
[23123 23290]
[23291 23361]
[23362 23407]
[23408 23434]
[23435 23485]
[23486 23541]
[23542 23647]
[23648 23697]
[23698 23769]
[23770 23773]
[23774 23804]
[23805 23848]
[23849 24151]
[24152 24219]
[24220 24263]
[24264 24304]
[24305 24587]
[24588 24674]
[24675 24743]
[24744 24811]
[24812 24854]
[24855 24908]
[24909 24954]
[24955 24981]
[24982 24985]
[24986 25011]
[25012 25070]
[25071 25097]
[25098 25139]
[25140 25167]
[25168 25205]
[25206 25252]
[25253 25313]
[25314 25351]
[25352 25386]
[25387 25419]
[25420 25514]
[25515 25742]
[25743 25821]
[25822 25972]
[25973 26024]
[26025 26057]
[26058 26270]
[26271 26350]
[26351 26399]
[26400 26441]
[26442 26489]
[26490 26651]
[26652 27042]
[27043 27093]
[27094 27197]
[27198 27256]
[27257 27327]
[27328 27731]
[27732 27790]
[27791 27815]
[27816 27889]
[27890 27902]
[27903 27947]
[27948 28013]
[28014 28040]
[28041 28138]
[28139 28247]
[28248 28319]
[28320 28516]
[28517 28896]
[28897 29121]
[29122 29250]
[29251 29332]
[29333 29404]
[29405 29781]
[29782 29849]
