[ 0 26]
[ 27 303]
[304 352]
[353 388]
[389 418]
[419 446]
[447 479]
[480 507]
[508 541]
[542 566]
[567 603]
[604 640]
[641 671]
[672 698]
[699 728]
[729 772]
[773 809]
[810 842]
[843 919]
[ 920 1469]
[1470 1544]
[1545 1602]
[1603 1649]
[1650 1703]
[1704 1779]
[1780 1826]
[1827 1874]
[1875 1956]
[1957 1985]
[1987 2043]
[2044 2058]
[2059 2142]
[2143 2195]
[2196 2226]
[2227 2258]
[2259 2321]
[2322 2352]
[2353 2429]
[2430 2604]
[2605 2650]
[2651 2707]
[2708 2780]
[2781 2858]
[2859 2931]
[2932 2993]
[2994 3068]
[3069 3610]
[3611 3675]
[3676 3710]
[3711 3840]
[3841 3875]
[3876 3919]
[3920 4155]
[4156 4348]
[4349 4375]
[4376 4436]
[4437 4493]
[4494 4642]
[4643 4723]
[4724 4807]
[4808 4840]
[4841 4937]
[4938 4954]
[4955 5044]
[5045 5104]
[5105 5643]
[5644 5686]
[5687 5723]
[5724 5775]
[5776 5822]
[5823 5904]
[5905 5943]
[5944 6040]
[6041 6069]
[6070 6095]
[6096 6136]
[6137 6189]
[6190 6251]
[6252 6324]
[6325 6385]
[6386 6393]
[6394 6509]
[6510 6572]
[6573 6610]
[6611 6635]
[6636 6667]
[6668 6705]
[6706 6743]
[6744 6906]
[6907 6948]
[6949 7001]
[7002 7041]
[7042 7100]
[7101 7136]
[7137 7161]
[7162 7177]
[7178 7744]
[7745 7834]
[7835 7881]
[7882 7944]
[7945 7981]
[7982 8053]
[8054 8097]
[8098 8132]
[8133 8255]
[8256 8353]
[8354 8384]
[8385 8426]
[8427 8513]
[8514 8561]
[8562 8595]
[8596 8627]
[8628 8665]
[8666 8780]
[8781 8894]
[8895 9055]
[9056 9129]
[9130 9169]
[9170 9207]
[9208 9240]
[9241 9351]
[9352 9740]
[9742 9971]
[ 9972 10055]
[10056 10219]
[10220 10332]
[10333 10361]
[10362 10386]
[10387 10432]
[10433 10481]
[10482 10561]
[10562 10574]
[10575 10631]
[10632 10661]
[10662 10799]
[10800 10963]
[10964 11016]
[11017 11038]
[11039 11106]
[11107 11161]
[11162 11222]
[11223 11268]
[11269 11330]
[11331 11381]
[11382 11428]
[11429 11469]
[11470 11510]
[11511 11564]
[11565 11616]
[11617 11643]
[11644 11685]
[11686 11763]
[11764 12041]
[12042 12122]
[12123 12184]
[12185 12244]
[12245 12302]
[12303 12353]
[12354 12407]
[12408 12479]
[12480 12514]
[12515 12553]
[12554 12606]
[12607 12669]
[12670 12760]
[12761 12831]
[12832 12899]
[12900 12949]
[12950 12990]
[12991 13409]
[13411 13609]
[13610 13789]
[13790 14091]
[14092 14548]
[14549 14621]
[14622 14696]
[14697 14930]
[14931 15000]
[15001 15084]
[15085 15161]
[15162 15258]
[15259 15333]
[15334 15368]
[15369 15431]
[15432 15727]
[15728 15810]
[15811 15862]
[15863 15921]
[15922 15985]
[15986 16022]
[16023 16183]
[16184 16258]
[16259 16338]
[16339 16465]
[16466 16516]
[16517 16563]
[16564 16604]
[16605 16645]
[16646 16710]
[16711 16755]
[16756 16788]
[16789 16827]
[16828 16902]
[16903 17223]
[17224 17329]
[17330 17393]
[17394 17426]
[17427 17520]
[17521 17568]
[17569 17608]
[17609 17643]
[17644 17840]
[17841 18028]
[18029 18193]
[18194 18272]
[18273 18456]
[18457 18550]
[18551 18633]
[18634 18698]
[18699 18976]
[18977 19205]
[19206 19527]
[19528 19582]
[19583 19663]
[19664 19709]
[19710 20059]
[20060 20113]
[20114 20484]
[20485 20808]
[20809 20885]
[20887 20948]
[20949 20998]
[20999 21075]
[21076 21204]
[21205 21247]
[21248 21284]
[21285 21325]
[21326 21446]
[21447 21506]
[21507 21574]
[21575 21629]
[21630 21674]
[21675 21734]
[21735 21803]
[21804 21942]
[21943 22029]
[22030 22095]
[22096 22168]
[22169 22465]
[22466 22541]
[22542 22614]
[22615 22794]
[22795 22889]
[22890 22996]
[22997 23098]
[23099 23267]
[23268 23376]
[23377 23468]
[23469 23551]
[23552 23667]
[23668 23711]
[23712 23918]
[23919 23979]
[23980 24292]
[24293 24363]
[24364 24407]
[24408 24474]
[24475 24566]
[24567 24598]
[24599 24689]
[24690 24746]
[24747 24842]
[24843 24901]
[24902 24947]
[24948 25029]
[25030 25070]
[25071 25104]
[25105 25138]
[25139 25192]
[25193 25228]
[25229 25293]
[25294 25332]
[25333 25420]
[25421 25509]
[25510 25575]
[25576 26007]
[26008 26175]
[26176 26340]
[26341 26431]
[26432 26539]
[26540 26643]
[26644 26721]
[26722 26792]
[26793 26917]
[26918 27017]
[27018 27059]
[27060 27101]
[27102 27151]
[27152 27182]
[27183 27232]
[27233 27277]
[27278 27344]
[27345 27774]
[27775 27848]
[27849 28017]
[28018 28230]
[28231 28280]
[28281 28380]
[28381 28440]
[28441 28544]
[28545 28591]
[28592 28632]
[28633 28691]
[28692 29232]
[29233 29299]
