[ 0 37]
[ 39 325]
[326 388]
[389 466]
[467 515]
[516 576]
[577 615]
[616 639]
[640 691]
[692 733]
[734 763]
[764 822]
[ 823 1238]
[1239 1326]
[1327 1434]
[1435 1701]
[1702 2244]
[2245 2491]
[2492 2536]
[2537 2812]
[2813 2905]
[2906 2999]
[3000 3047]
[3048 3113]
[3114 3247]
[3248 3387]
[3388 3885]
[3886 3952]
[3953 3998]
[3999 4059]
[4060 4112]
[4113 4221]
[4222 4266]
[4267 4358]
[4359 4476]
[4477 4539]
[4540 4596]
[4597 4635]
[4636 4682]
[4683 4750]
[4751 4786]
[4787 4828]
[4829 4914]
[4915 4961]
[4962 5013]
[5014 5086]
[5087 5138]
[5139 5208]
[5209 5299]
[5300 5977]
[5978 6177]
[6178 6343]
[6344 6474]
[6475 6506]
[6507 6728]
[6729 6819]
[6820 6914]
[6915 6957]
[6958 7072]
[7073 7133]
[7134 7187]
[7188 7244]
[7245 7321]
[7322 7397]
[7398 7469]
[7470 7543]
[7544 7607]
[7608 7910]
[7912 7983]
[7984 8034]
[8035 8087]
[8088 8136]
[8137 8188]
[8189 8246]
[8247 8335]
[8336 8400]
[8401 8487]
[8488 8556]
[8557 8617]
[8618 8670]
[8671 8727]
[8728 8799]
[8800 8922]
[8923 9192]
[9193 9268]
[9269 9344]
[9345 9409]
[9410 9463]
[9464 9577]
[9578 9641]
[9642 9720]
[9721 9796]
[9797 9874]
[9875 9963]
[ 9964 10033]
[10034 10160]
[10161 10454]
[10455 10587]
[10588 10679]
[10680 10782]
[10783 10882]
[10883 10930]
[10931 10995]
[10996 11105]
[11106 11223]
[11224 11245]
[11246 11372]
[11373 11403]
[11404 11488]
[11489 11524]
[11525 11645]
[11646 11712]
[11713 12026]
[12027 12343]
[12344 12375]
[12376 12494]
[12495 12577]
[12578 12666]
[12667 12748]
[12749 12841]
[12842 12922]
[12923 12987]
[12988 13072]
[13073 13153]
[13154 13230]
[13231 13298]
[13299 13423]
[13424 13492]
[13493 13543]
[13544 13607]
[13608 13671]
[13672 13715]
[13716 13759]
[13760 13867]
[13868 14189]
[14190 14271]
[14272 14331]
[14332 14497]
[14498 14556]
[14557 14643]
[14644 14732]
[14733 14884]
[14885 14958]
[14959 15020]
[15021 15079]
[15080 15143]
[15144 15227]
[15228 15312]
[15313 15411]
[15412 15492]
[15493 15599]
[15600 15650]
[15651 16131]
[16132 16174]
[16175 16228]
[16229 16339]
[16340 16407]
[16408 16472]
[16473 16534]
[16535 16596]
[16597 16690]
[16691 16740]
[16741 17000]
[17001 17064]
[17065 17136]
[17137 17222]
[17223 17258]
[17259 17308]
[17309 17382]
[17383 17419]
[17420 17469]
[17470 17809]
[17810 17906]
[17907 17923]
[17924 18016]
[18017 18101]
[18102 18176]
[18177 18236]
[18237 18287]
[18288 18400]
[18401 18446]
[18447 18537]
[18538 18592]
[18593 18793]
[18794 18851]
[18852 18945]
[18946 19017]
[19018 19062]
[19063 19168]
[19169 19235]
[19236 19308]
[19309 19619]
[19621 19686]
[19687 19758]
[19759 19830]
[19831 19924]
[19925 19985]
[19986 20129]
[20130 20232]
[20233 20289]
[20290 20335]
[20336 20383]
[20384 20402]
[20403 20640]
[20641 20706]
[20707 20795]
[20796 20923]
[20924 20988]
[20989 21030]
[21031 21130]
[21131 21177]
[21178 21209]
[21210 21504]
[21505 21556]
[21557 21728]
[21729 21771]
[21772 21815]
[21816 21863]
[21864 21937]
[21938 21988]
[21989 22059]
[22060 22216]
[22217 22306]
[22307 22355]
[22356 22419]
[22420 22518]
[22519 22568]
[22569 22651]
[22652 22696]
[22697 23463]
[23464 23506]
[23507 23548]
[23549 23581]
[23582 23624]
[23625 23682]
[23683 23722]
[23723 23865]
[23866 23962]
[23963 24053]
[24054 24174]
[24175 24219]
[24220 24258]
[24259 24305]
[24306 24404]
[24405 24464]
[24465 24522]
[24523 24614]
[24615 24696]
[24697 24783]
[24784 24852]
[24853 24896]
[24897 24933]
[24934 24972]
[24973 25008]
[25009 25260]
[25261 25339]
[25340 25499]
[25500 25566]
[25567 25712]
[25713 25848]
[25849 25960]
[25961 26047]
[26048 26254]
[26255 26319]
[26320 26389]
[26390 26534]
[26535 26611]
[26612 27081]
[27083 27385]
[27386 27622]
[27623 27868]
[27869 28000]
[28001 28378]
[28379 28499]
