[ 0 36]
[ 37 348]
[349 398]
[399 439]
[440 468]
[469 525]
[526 561]
[562 588]
[589 649]
[650 684]
[685 733]
[734 771]
[772 820]
[ 821 1383]
[1384 1426]
[1427 1500]
[1501 1557]
[1558 1673]
[1674 1729]
[1730 1756]
[1757 1812]
[1813 1845]
[1846 1893]
[1894 1967]
[1968 2016]
[2017 2053]
[2054 2093]
[2094 2136]
[2137 2217]
[2218 2256]
[2257 2286]
[2287 2325]
[2326 2392]
[2393 2490]
[2491 2552]
[2553 2579]
[2580 2618]
[2619 2650]
[2651 2692]
[2693 2794]
[2795 3415]
[3416 3462]
[3463 3531]
[3532 3576]
[3577 3610]
[3611 3673]
[3674 3789]
[3790 3995]
[3996 4045]
[4046 4119]
[4120 4162]
[4163 4210]
[4211 4250]
[4251 4371]
[4372 4456]
[4457 4496]
[4497 4611]
[4612 4690]
[4691 4766]
[4767 4809]
[4810 4855]
[4856 5179]
[5180 5337]
[5338 5442]
[5443 5683]
[5684 5778]
[5779 5891]
[5892 6063]
[6064 6205]
[6206 6324]
[6325 6446]
[6447 6506]
[6507 6663]
[6664 6705]
[6706 6771]
[6772 6822]
[6823 6875]
[6876 6916]
[6917 7021]
[7022 7064]
[7065 7104]
[7105 7123]
[7124 7174]
[7175 7204]
[7205 7260]
[7261 7306]
[7307 7354]
[7355 7407]
[7408 7452]
[7453 7545]
[7546 7595]
[7596 7681]
[7682 8029]
[8030 8125]
[8126 8192]
[8193 8267]
[8268 8325]
[8326 8401]
[8402 8477]
[8478 8553]
[8554 8625]
[8626 8685]
[8686 8756]
[8757 8835]
[8836 8922]
[8923 9023]
[9024 9137]
[9138 9162]
[9163 9216]
[9217 9271]
[9272 9340]
[9341 9391]
[9392 9451]
[9452 9497]
[9498 9519]
[9520 9595]
[9596 9712]
[ 9713 10328]
[10329 10363]
[10364 10457]
[10458 10473]
[10474 10614]
[10615 10733]
[10734 10755]
[10756 10842]
[10843 10946]
[10947 11058]
[11059 11241]
[11242 11296]
[11297 11357]
[11358 11413]
[11414 11462]
[11463 11495]
[11496 11538]
[11539 11608]
[11609 11684]
[11685 11747]
[11748 11782]
[11783 11825]
[11826 12252]
[12253 12392]
[12393 12466]
[12467 12526]
[12527 12643]
[12644 12728]
[12729 12784]
[12785 12866]
[12867 12914]
[12915 13001]
[13002 13075]
[13076 13141]
[13142 13390]
[13391 13862]
[13863 13975]
[13976 14076]
[14077 14296]
[14297 14372]
[14373 14456]
[14457 14521]
[14522 14603]
[14604 14671]
[14672 14740]
[14741 14817]
[14818 14918]
[14919 15001]
[15002 15123]
[15124 15190]
[15191 15269]
[15270 15649]
[15650 15693]
[15694 15777]
[15778 15862]
[15863 15946]
[15947 16012]
[16013 16075]
[16076 16165]
[16166 16245]
[16246 16332]
[16333 16396]
[16397 16469]
[16470 16547]
[16548 17022]
[17023 17043]
[17044 17102]
[17103 17151]
[17152 17208]
[17209 17281]
[17282 17342]
[17343 17401]
[17402 17462]
[17463 17518]
[17519 17547]
[17548 17602]
[17603 17659]
[17660 17725]
[17726 17783]
[17784 17835]
[17836 17889]
[17890 17929]
[17930 17976]
[17977 18336]
[18337 18535]
[18536 18616]
[18617 18676]
[18677 18770]
[18771 18862]
[18863 18914]
[18915 18937]
[18938 19000]
[19001 19067]
[19068 19122]
[19123 19155]
[19156 19192]
[19193 19229]
[19230 19264]
[19265 19302]
[19303 19370]
[19371 19464]
[19465 19562]
[19563 19840]
[19841 20151]
[20152 20191]
[20192 20267]
[20268 20310]
[20311 20384]
[20385 20492]
[20493 20599]
[20600 20706]
[20707 20770]
[20771 20851]
[20852 20943]
[20944 21041]
[21042 21167]
[21168 21243]
[21244 21305]
[21306 21385]
[21386 21423]
[21424 21473]
[21474 21512]
[21513 21576]
[21577 21636]
[21637 21995]
[21996 22055]
[22056 22108]
[22109 22160]
[22161 22206]
[22207 22281]
[22282 22322]
[22323 22381]
[22382 22427]
[22428 22590]
[22591 22671]
[22672 22771]
[22772 22871]
[22872 22961]
[22962 23017]
[23018 23076]
[23077 23168]
[23169 23255]
[23256 23344]
[23345 23422]
[23423 23810]
[23811 23914]
[23915 24180]
[24181 24324]
[24325 24474]
[24475 24728]
[24729 24759]
[24760 24972]
[24973 25135]
[25136 25716]
[25717 25942]
[25943 26060]
[26061 26161]
[26162 26260]
[26261 26402]
[26403 26457]
[26458 26521]
[26522 26677]
[26678 26949]
[26950 27364]
[27365 27451]
[27452 27505]
[27506 27574]
[27575 27643]
[27644 27706]
[27707 27781]
[27782 27825]
[27826 27867]
[27868 27985]
[27986 28063]
[28064 28152]
[28153 28287]
[28288 28354]
[28355 28401]
[28402 28472]
[28473 28537]
[28538 28598]
[28599 28642]
[28643 28689]
[28690 28732]
[28733 28775]
[28776 28820]
[28821 28848]
[28849 29125]
[29126 29213]
[29214 29302]
[29303 29402]
[29403 29449]
[29450 29482]
[29483 29542]
[29543 29644]
[29645 29681]
[29682 30081]
[30082 30199]
