[ 0 41]
[ 42 390]
[391 443]
[444 485]
[486 526]
[527 570]
[571 645]
[646 694]
[695 724]
[725 752]
[753 785]
[786 816]
[817 872]
[ 873 1468]
[1469 1527]
[1528 1566]
[1567 1683]
[1684 1704]
[1705 1732]
[1733 1871]
[1872 2087]
[2088 2113]
[2114 2178]
[2179 2227]
[2228 2505]
[2506 2566]
[2567 2611]
[2612 2683]
[2684 2733]
[2734 2799]
[2800 2823]
[2824 2861]
[2862 3310]
[3311 3347]
[3348 3412]
[3413 3465]
[3466 3505]
[3506 3555]
[3556 3634]
[3635 3674]
[3675 3758]
[3759 3828]
[3829 3903]
[3904 3951]
[3952 4011]
[4012 4035]
[4036 4082]
[4083 4136]
[4137 4186]
[4187 4233]
[4234 4304]
[4305 4379]
[4380 4423]
[4424 4454]
[4455 4480]
[4481 4509]
[4510 4546]
[4547 4596]
[4597 4641]
[4642 4690]
[4691 4737]
[4738 4787]
[4788 4816]
[4817 4868]
[4869 5189]
[5190 5222]
[5223 5301]
[5302 5374]
[5375 5448]
[5449 5518]
[5519 5587]
[5588 5667]
[5668 5753]
[5754 5848]
[5849 5929]
[5930 6005]
[6006 6075]
[6076 6158]
[6159 6236]
[6237 6313]
[6314 6376]
[6377 6422]
[6423 6454]
[6455 6814]
[6815 6970]
[6971 7183]
[7184 7285]
[7286 7344]
[7345 7410]
[7411 7496]
[7497 7573]
[7574 7650]
[7651 7757]
[7758 7853]
[7854 7923]
[7924 7963]
[7964 8058]
[8059 8269]
[8270 8350]
[8351 8409]
[8410 8467]
[8468 8541]
[8542 8623]
[8624 8693]
[8694 8757]
[8758 8830]
[8831 8891]
[8892 8957]
[8958 9028]
[9029 9096]
[9097 9161]
[9162 9238]
[9239 9329]
[9330 9575]
[9576 9691]
[ 9692 10087]
[10088 10201]
[10202 10258]
[10259 10480]
[10481 10537]
[10538 10628]
[10629 10688]
[10689 10709]
[10710 10845]
[10846 10917]
[10918 10970]
[10971 11017]
[11018 11076]
[11077 11127]
[11128 11182]
[11183 11226]
[11227 11267]
[11268 11307]
[11308 11363]
[11364 11390]
[11391 11431]
[11432 11473]
[11474 11569]
[11570 11871]
[11872 12316]
[12317 12547]
[12548 12646]
[12647 12716]
[12717 12955]
[12956 13016]
[13017 13075]
[13076 13134]
[13135 13558]
[13559 13636]
[13637 13704]
[13705 13781]
[13782 13886]
[13887 13993]
[13994 14087]
[14088 14182]
[14183 14264]
[14265 14339]
[14340 14432]
[14433 14514]
[14515 14622]
[14623 14715]
[14716 14845]
[14846 14948]
[14949 15016]
[15017 15073]
[15074 15309]
[15310 15403]
[15404 15458]
[15459 15549]
[15550 15652]
[15653 15739]
[15740 15815]
[15816 15893]
[15894 15957]
[15958 16032]
[16033 16089]
[16090 16144]
[16145 16464]
[16465 16528]
[16529 16576]
[16577 16603]
[16604 16653]
[16654 16666]
[16667 16709]
[16710 16863]
[16864 16928]
[16929 16993]
[16994 17050]
[17051 17111]
[17112 17208]
[17209 17211]
[17212 17272]
[17273 17318]
[17319 17349]
[17350 17374]
[17375 17419]
[17420 17716]
[17717 17801]
[17802 17857]
[17858 18035]
[18036 18081]
[18082 18153]
[18154 18276]
[18277 18501]
[18502 18692]
[18693 18786]
[18787 18867]
[18868 18927]
[18928 18970]
[18971 19098]
[19099 19171]
[19172 19240]
[19241 19654]
[19655 19722]
[19723 19812]
[19813 19859]
[19860 19930]
[19931 19973]
[19974 20016]
[20017 20108]
[20109 20186]
[20187 20243]
[20244 20346]
[20347 20431]
[20432 20475]
[20476 20610]
[20611 20662]
[20663 20740]
[20741 21023]
[21024 21083]
[21084 21159]
[21160 21214]
[21215 21257]
[21258 21298]
[21299 21339]
[21340 21393]
[21394 21437]
[21438 21503]
[21504 21601]
[21602 21998]
[21999 22119]
[22120 22219]
[22220 22383]
[22384 22471]
[22472 22706]
[22707 22949]
[22950 23043]
[23044 23143]
[23144 23307]
[23308 23402]
[23403 23663]
[23664 23740]
[23741 23844]
[23845 23928]
[23929 23993]
[23994 24060]
[24061 24157]
[24158 24236]
[24237 24260]
[24261 24303]
[24304 24358]
[24359 24388]
[24389 24547]
[24548 24597]
[24598 24785]
[24786 24861]
[24862 24949]
[24950 25026]
[25027 25409]
[25410 25520]
[25521 25582]
[25583 25645]
[25646 25738]
[25739 25790]
[25791 25904]
[25905 26060]
[26061 26155]
[26156 26166]
[26167 26230]
[26231 26321]
[26322 26431]
[26432 26475]
[26476 26747]
[26748 26798]
[26799 26914]
[26915 27239]
[27240 27287]
[27288 27331]
[27332 27397]
[27398 27472]
[27473 27624]
[27625 27695]
[27696 27757]
[27758 27809]
[27810 27852]
[27853 27894]
[27895 27955]
[27956 28054]
[28055 28183]
[28184 28233]
[28234 28294]
[28295 28468]
[28469 28526]
[28527 28609]
[28610 28651]
[28652 28705]
[28706 28958]
[28959 29090]
[29091 29158]
[29159 29192]
[29193 29280]
[29281 29320]
[29321 29389]
[29390 29430]
[29431 29538]
[29539 29577]
[29578 29644]
[29645 29692]
[29693 29723]
[29724 29764]
[29765 29871]
[29872 29956]
[29957 30044]
[30045 30107]
[30108 30150]
[30151 30196]
[30197 30243]
[30244 30283]
[30284 30338]
[30339 30435]
[30436 30486]
[30487 30571]
[30572 30613]
[30614 30631]
[30632 30666]
[30667 30709]
[30710 30739]
[30740 30766]
[30767 30800]
[30801 30817]
[30818 30837]
[30838 30861]
[30862 30933]
[30934 31536]
[31537 31776]
[31777 32024]
[32025 32067]
[32068 32186]
[32187 32327]
[32328 32419]
[32420 32487]
[32488 32568]
[32569 32626]
[32627 32692]
[32693 32848]
[32849 32882]
[32883 32943]
[32944 33330]
[33331 33388]
[33389 33587]
[33588 33711]
[33712 33775]
[33776 33835]
[33836 33950]
[33951 33997]
[33998 34125]
[34126 34350]
[34351 34396]
[34397 34491]
[34492 34546]
[34547 34584]
[34585 34617]
[34618 34685]
[34686 34724]
[34725 35331]
[35333 35399]
