[ 0 39]
[ 40 358]
[359 412]
[413 451]
[452 498]
[499 539]
[540 581]
[582 622]
[623 662]
[663 689]
[690 742]
[743 851]
[ 852 1128]
[1129 1162]
[1163 1206]
[1207 1263]
[1264 1316]
[1317 1363]
[1364 1427]
[1428 1496]
[1497 1546]
[1547 1597]
[1598 1639]
[1640 1657]
[1658 1713]
[1714 1781]
[1782 1836]
[1837 1915]
[1916 1994]
[1995 2056]
[2057 2118]
[2119 2138]
[2139 2267]
[2268 2321]
[2322 2373]
[2374 2426]
[2427 2467]
[2468 2516]
[2517 2575]
[2576 2640]
[2641 2671]
[2672 2796]
[2797 2854]
[2855 2909]
[2910 3317]
[3319 3385]
[3386 3447]
[3448 3516]
[3517 3563]
[3564 3622]
[3623 3683]
[3684 3709]
[3710 3881]
[3883 4001]
[4002 4123]
[4124 4214]
[4215 4370]
[4371 4404]
[4405 4445]
[4446 4539]
[4540 4586]
[4587 4631]
[4632 5045]
[5046 5123]
[5124 5193]
[5194 5259]
[5260 5339]
[5340 5391]
[5392 5474]
[5475 5553]
[5554 5628]
[5629 5705]
[5706 5770]
[5771 5827]
[5828 5903]
[5904 5973]
[5974 6039]
[6040 6119]
[6120 6171]
[6172 6237]
[6238 6289]
[6290 6339]
[6340 6621]
[6623 6913]
[6914 7160]
[7161 7248]
[7249 7529]
[7530 7575]
[7576 7622]
[7623 7667]
[7668 7709]
[7710 7800]
[7801 7840]
[7841 7864]
[7865 7967]
[7968 8230]
[8231 8319]
[8320 8388]
[8389 8443]
[8444 8522]
[8523 8576]
[8577 8655]
[8656 8706]
[8707 8771]
[8772 8877]
[8878 8926]
[8927 8997]
[8998 9067]
[9068 9396]
[9397 9533]
[9534 9637]
[9638 9681]
[9682 9769]
[9770 9842]
[9843 9900]
[9901 9984]
[ 9985 10029]
[10030 10079]
[10080 10350]
[10351 10417]
[10418 10476]
[10477 10516]
[10517 10588]
[10589 10699]
[10700 10748]
[10749 10953]
[10954 11024]
[11025 11129]
[11130 11706]
[11707 11817]
[11818 11850]
[11851 11918]
[11919 11947]
[11948 12001]
[12002 12098]
[12099 12172]
[12173 12217]
[12218 12236]
[12237 12368]
[12369 12414]
[12415 12458]
[12459 12504]
[12505 12548]
[12549 12597]
[12598 12636]
[12637 12673]
[12674 12713]
[12714 12801]
[12802 12989]
[12990 13052]
[13053 13106]
[13107 13139]
[13140 13230]
[13231 13297]
[13298 13360]
[13361 13424]
[13425 13447]
[13448 13499]
[13500 13552]
[13553 13632]
[13633 13711]
[13712 13734]
[13735 14074]
[14076 14225]
[14226 14254]
[14255 14342]
[14343 14495]
[14496 14587]
[14588 14638]
[14639 14702]
[14703 14768]
[14769 14845]
[14846 14916]
[14917 14948]
[14949 15019]
[15020 15081]
[15082 15221]
[15222 15252]
[15253 15318]
[15319 15413]
[15414 15461]
[15462 15576]
[15577 15871]
[15872 15968]
[15969 16050]
[16051 16136]
[16137 16196]
[16197 16260]
[16261 16348]
[16349 16422]
[16423 16460]
[16461 16518]
[16519 16576]
[16577 16627]
[16628 16674]
[16675 16755]
[16756 16884]
[16885 17136]
[17137 17608]
[17610 17646]
[17647 17771]
[17772 17890]
[17891 17950]
[17951 17988]
[17989 18026]
[18027 18135]
[18136 18198]
[18199 18257]
[18258 18315]
[18316 18367]
[18368 18464]
[18465 18476]
[18477 18548]
[18549 18679]
[18680 18764]
[18765 18819]
[18820 18858]
[18859 18926]
[18927 18993]
[18994 19308]
[19309 19367]
[19369 19464]
[19465 19534]
[19535 19578]
[19579 19626]
[19627 19668]
[19669 19711]
[19712 20009]
[20010 20039]
[20040 20101]
[20102 20138]
[20139 20190]
[20191 20264]
[20265 20316]
[20317 20384]
[20385 20461]
[20462 20756]
[20757 20887]
[20888 20933]
[20934 20976]
[20977 21087]
[21088 21191]
[21192 21255]
[21256 21366]
[21367 21442]
[21443 21516]
[21517 21560]
[21561 21660]
[21661 21765]
[21766 22500]
[22501 22651]
[22652 22753]
[22754 22899]
[22900 23025]
[23026 23419]
[23420 23498]
[23499 23575]
[23576 23745]
[23746 23779]
[23780 23860]
[23861 24025]
[24026 24100]
[24101 24214]
[24215 24285]
[24286 24536]
[24537 24606]
[24607 24622]
[24623 24870]
[24871 24899]
[24900 25081]
[25082 25148]
[25149 25288]
[25289 25487]
[25488 25571]
[25573 25738]
[25739 25984]
[25985 26063]
[26064 26234]
[26235 26361]
[26362 26440]
[26441 26627]
[26628 26689]
[26690 27151]
[27152 27249]
