[ 0 16]
[ 18 278]
[279 329]
[330 373]
[374 415]
[416 456]
[457 498]
[499 539]
[540 580]
[581 623]
[624 665]
[666 705]
[706 753]
[754 805]
[806 910]
[ 911 1187]
[1188 1221]
[1222 1277]
[1278 1342]
[1343 1397]
[1398 1448]
[1449 1495]
[1496 1534]
[1535 1622]
[1623 1679]
[1680 1727]
[1729 1915]
[1916 1950]
[1951 1989]
[1990 2030]
[2031 2154]
[2155 2206]
[2207 2262]
[2263 2333]
[2334 2918]
[2919 3038]
[3039 3118]
[3119 3197]
[3198 3271]
[3272 3352]
[3353 3403]
[3404 3456]
[3457 3475]
[3476 3553]
[3554 3632]
[3633 3689]
[3690 3737]
[3738 3766]
[3767 3817]
[3818 4255]
[4256 4371]
[4372 4456]
[4457 4511]
[4512 4571]
[4572 4622]
[4623 4679]
[4680 4744]
[4745 4778]
[4779 5172]
[5173 5243]
[5244 5332]
[5333 5384]
[5385 5468]
[5469 5505]
[5506 5565]
[5566 5609]
[5610 5656]
[5657 5737]
[5738 5766]
[5767 6207]
[6208 6358]
[6359 6424]
[6425 6493]
[6494 6569]
[6570 6654]
[6655 6737]
[6738 6816]
[6817 6909]
[6910 6957]
[6958 7014]
[7015 7031]
[7032 7115]
[7116 7184]
[7185 7321]
[7322 7383]
[7384 7461]
[7462 7694]
[7695 7713]
[7714 7764]
[7765 7933]
[7934 7993]
[7994 8053]
[8054 8110]
[8111 8176]
[8177 8239]
[8240 8296]
[8297 8322]
[8323 8355]
[8356 8376]
[8377 8392]
[8393 8440]
[8441 8494]
[8495 8554]
[8555 8611]
[8612 8669]
[8670 8730]
[8731 8784]
[8785 8856]
[8857 8914]
[8915 8960]
[8961 9006]
[9007 9053]
[9054 9094]
[9095 9353]
[9354 9818]
[9819 9853]
[9854 9926]
[9927 9991]
[ 9992 10072]
[10073 10114]
[10115 10208]
[10209 10247]
[10248 10501]
[10502 10559]
[10560 10629]
[10630 10698]
[10699 10768]
[10769 10838]
[10839 10883]
[10884 11479]
[11480 11544]
[11545 11605]
[11606 11663]
[11664 11768]
[11769 11831]
[11832 11889]
[11890 11951]
[11952 12006]
[12007 12069]
[12070 12119]
[12120 12185]
[12186 12243]
[12244 12301]
[12302 12379]
[12380 12433]
[12434 12485]
[12486 12543]
[12544 12597]
[12598 12668]
[12669 12722]
[12723 12789]
[12790 12853]
[12854 12910]
[12911 12963]
[12964 12983]
[12984 13063]
[13064 13310]
[13311 13408]
[13409 13490]
[13491 13573]
[13574 13665]
[13666 13739]
[13740 13822]
[13823 13897]
[13898 13956]
[13957 14029]
[14030 14099]
[14100 14171]
[14172 14237]
[14238 14297]
[14298 14346]
[14347 14383]
[14384 14434]
[14435 14469]
[14470 14812]
[14813 15471]
[15472 15801]
[15802 15990]
[15991 16393]
[16394 16775]
[16776 17090]
[17091 17187]
[17188 17249]
[17250 17323]
[17324 17400]
[17401 17448]
[17449 17495]
[17496 17564]
[17565 17629]
[17630 17719]
[17720 17786]
[17787 17845]
[17846 17912]
[17913 17996]
[17997 18020]
[18021 18342]
[18343 18392]
[18393 18473]
[18474 18519]
[18520 18583]
[18584 18620]
[18621 18662]
[18663 18711]
[18712 18763]
[18764 18812]
[18813 18850]
[18851 18888]
[18889 19018]
[19019 19126]
[19127 19393]
[19394 19506]
[19507 19656]
[19657 19694]
[19695 19793]
[19794 19920]
[19921 19959]
[19960 19991]
[19992 20113]
[20114 20240]
[20241 20511]
[20512 20563]
[20564 20610]
[20611 20654]
[20655 20784]
[20785 21055]
[21056 21147]
[21148 21234]
[21235 21328]
[21329 21407]
[21408 21542]
[21543 21654]
[21655 21733]
[21734 21779]
[21780 21872]
[21873 22224]
[22225 22306]
[22307 22432]
[22433 22584]
[22585 22699]
[22700 22773]
[22774 22845]
[22846 23307]
[23308 23506]
[23507 23625]
[23626 23691]
[23692 23978]
[23979 24028]
[24029 24071]
[24072 24191]
[24192 24305]
[24306 24398]
[24399 24627]
[24628 24876]
[24877 24942]
[24943 24981]
[24982 25081]
[25082 25443]
[25444 25632]
[25633 25714]
[25715 25804]
[25805 25874]
[25875 25985]
[25986 26082]
[26083 26485]
[26486 26789]
[26791 26849]
