[ 0 34]
[ 35 298]
[299 349]
[350 386]
[387 424]
[425 476]
[477 508]
[509 568]
[569 600]
[601 655]
[656 693]
[694 725]
[726 772]
[773 808]
[809 934]
[ 935 1304]
[1305 1371]
[1372 1432]
[1433 1481]
[1482 1563]
[1564 1737]
[1738 1967]
[1968 2075]
[2076 2194]
[2195 2264]
[2265 2339]
[2340 3019]
[3020 3179]
[3180 3217]
[3218 3257]
[3258 3299]
[3300 3350]
[3351 3413]
[3414 3529]
[3530 3618]
[3619 3665]
[3666 3687]
[3688 3719]
[3720 3774]
[3775 3797]
[3798 3832]
[3833 3860]
[3861 3899]
[3900 3981]
[3982 4066]
[4067 4159]
[4160 4253]
[4254 4360]
[4361 4397]
[4398 5046]
[5047 5090]
[5091 5140]
[5141 5176]
[5177 5222]
[5223 5269]
[5270 5308]
[5309 5393]
[5394 5419]
[5420 5466]
[5467 5502]
[5503 5547]
[5548 5577]
[5578 5650]
[5651 5699]
[5700 5748]
[5749 5802]
[5803 5856]
[5857 5970]
[5971 5994]
[5995 6022]
[6023 6049]
[6050 6158]
[6159 6204]
[6205 6249]
[6250 6282]
[6283 6361]
[6362 6418]
[6419 6462]
[6463 6515]
[6516 6567]
[6568 6598]
[6599 6929]
[6930 6968]
[6969 6995]
[6996 7058]
[7059 7104]
[7105 7144]
[7145 7182]
[7183 7248]
[7249 7295]
[7296 7338]
[7339 7425]
[7426 7445]
[7446 7502]
[7503 7533]
[7534 7583]
[7584 7625]
[7626 7643]
[7644 7682]
[7683 7707]
[7708 7754]
[7755 7897]
[7898 7978]
[7979 8040]
[8041 8101]
[8102 8150]
[8151 8230]
[8231 8294]
[8295 8406]
[8407 8525]
[8526 8652]
[8653 8707]
[8708 8789]
[8790 8863]
[8864 8924]
[8925 9011]
[9012 9080]
[9081 9121]
[9122 9221]
[9222 9312]
[9313 9376]
[9377 9445]
[9446 9489]
[9490 9562]
[9563 9613]
[9614 9660]
[9661 9735]
[9736 9808]
[9809 9883]
[9884 9940]
[ 9941 10003]
[10004 10062]
[10063 10126]
[10127 10182]
[10183 10245]
[10246 10311]
[10312 10364]
[10365 10421]
[10422 10472]
[10473 10512]
[10513 10622]
[10623 10838]
[10839 10908]
[10909 10958]
[10959 11026]
[11027 11052]
[11053 11106]
[11107 11158]
[11159 11230]
[11231 11246]
[11247 11441]
[11442 11511]
[11512 11824]
[11825 11904]
[11905 11951]
[11952 12033]
[12034 12121]
[12122 12207]
[12208 12271]
[12272 12314]
[12315 12383]
[12384 12419]
[12420 12447]
[12448 12472]
[12473 12499]
[12500 12563]
[12564 12841]
[12842 12979]
[12980 13132]
[13133 13377]
[13378 13430]
[13431 13569]
[13570 13674]
[13675 13815]
[13816 13855]
[13856 14195]
[14196 14274]
[14275 14323]
[14324 14375]
[14376 14446]
[14447 14524]
[14525 14588]
[14589 14708]
[14709 14805]
[14806 14887]
[14888 14900]
[14901 15005]
[15006 15111]
[15112 15170]
[15171 15221]
[15222 15266]
[15267 15312]
[15313 15425]
[15426 15542]
[15543 15863]
[15864 16111]
[16113 16237]
[16238 16361]
[16363 16486]
[16488 16612]
[16613 16853]
[16854 17018]
[17020 17080]
[17081 17144]
[17145 17201]
[17202 17270]
[17271 17328]
[17329 17385]
[17386 17450]
[17451 17504]
[17505 17544]
[17545 17637]
[17638 17990]
[17991 18028]
[18029 18110]
[18111 18153]
[18154 18175]
[18176 18225]
[18226 18308]
[18309 18411]
[18412 18525]
[18526 18799]
[18800 18876]
[18877 19001]
[19002 19050]
[19051 19270]
[19271 19302]
[19303 19693]
[19694 19756]
[19757 19809]
[19810 19882]
[19883 19952]
[19953 19989]
[19990 20075]
[20076 20161]
[20162 20285]
[20286 20376]
[20377 20418]
[20419 20554]
[20555 20597]
[20598 20638]
[20639 20690]
[20691 20751]
[20752 20815]
[20816 20917]
[20918 20985]
[20986 21058]
[21059 21143]
[21144 21483]
[21484 21652]
[21653 21805]
[21806 22030]
[22031 22156]
[22157 22501]
[22502 22641]
[22642 22745]
[22746 22857]
[22858 23136]
[23137 23179]
[23180 23247]
[23248 23294]
[23295 23413]
[23414 23472]
[23473 23544]
[23545 23605]
[23606 23654]
[23655 23775]
[23776 23804]
[23805 23925]
[23926 24050]
[24051 24175]
[24176 24271]
[24272 24472]
[24473 24697]
[24698 24834]
[24835 25010]
[25011 25121]
[25122 25247]
[25248 25314]
[25315 25664]
[25665 25846]
[25847 26044]
[26045 26175]
[26176 26262]
[26263 26447]
[26448 26663]
[26665 26768]
[26769 26848]
[26849 26913]
[26914 27152]
[27153 27184]
[27185 27349]
[27350 27418]
[27419 27536]
[27537 27622]
[27623 27673]
[27674 27773]
[27774 27812]
[27813 27844]
[27845 27886]
[27887 27974]
[27975 28050]
[28051 28136]
[28137 28228]
[28229 28273]
[28274 28332]
[28333 28365]
[28366 28452]
[28453 28587]
[28588 28728]
[28729 28949]
[28950 29053]
[29054 29160]
[29161 29227]
[29228 29427]
[29428 29517]
[29518 29643]
[29644 29737]
[29738 30116]
[30117 30224]
[30225 30296]
[30297 30367]
[30368 30507]
[30508 30551]
[30552 30608]
[30609 30741]
[30742 30791]
[30792 30839]
[30840 30975]
[30976 31038]
[31039 31092]
[31093 31177]
[31178 31297]
[31298 31676]
[31678 31749]
