[ 0 22]
[ 23 304]
[305 354]
[355 397]
[398 434]
[435 521]
[522 550]
[551 645]
[646 687]
[688 791]
[792 839]
[840 931]
[ 932 1383]
[1384 1412]
[1413 1430]
[1431 1462]
[1463 1504]
[1505 1556]
[1557 1619]
[1620 1650]
[1651 1691]
[1692 2116]
[2117 2166]
[2167 2215]
[2216 2241]
[2242 2274]
[2275 2320]
[2321 2365]
[2366 2397]
[2398 2448]
[2449 2483]
[2484 2558]
[2559 2623]
[2624 2685]
[2686 2731]
[2732 2811]
[2812 2891]
[2892 3180]
[3181 3259]
[3260 3278]
[3279 3392]
[3393 3459]
[3460 3549]
[3550 3611]
[3612 3661]
[3662 3706]
[3707 3748]
[3749 3803]
[3804 3873]
[3874 3962]
[3963 4046]
[4047 4109]
[4110 4192]
[4193 4246]
[4247 4314]
[4315 4464]
[4465 4538]
[4539 4655]
[4656 4694]
[4695 4780]
[4781 4881]
[4882 4945]
[4946 5014]
[5015 5094]
[5095 5142]
[5143 5193]
[5194 5258]
[5259 5321]
[5322 5390]
[5391 5443]
[5444 5497]
[5498 5560]
[5561 5989]
[5990 6040]
[6041 6079]
[6080 6110]
[6111 6163]
[6164 6211]
[6212 6275]
[6276 6367]
[6368 6419]
[6420 6424]
[6425 6480]
[6481 6498]
[6499 6526]
[6527 6732]
[6733 6798]
[6799 6880]
[6881 6930]
[6931 7075]
[7076 7087]
[7088 7178]
[7179 7195]
[7196 7259]
[7260 7321]
[7322 7356]
[7357 7400]
[7401 7453]
[7454 7525]
[7526 7579]
[7580 7638]
[7639 7694]
[7695 7759]
[7760 7832]
[7833 7893]
[7894 8020]
[8021 8340]
[8341 8423]
[8424 8480]
[8481 8542]
[8543 8609]
[8610 8673]
[8674 8743]
[8744 8808]
[8809 8902]
[8903 8975]
[8976 9067]
[9068 9138]
[9139 9205]
[9206 9305]
[9306 9391]
[9392 9433]
[9434 9467]
[9468 9532]
[9533 9577]
[9578 9836]
[9837 9936]
[ 9937 10060]
[10061 10185]
[10186 10230]
[10231 10408]
[10409 10559]
[10560 10653]
[10654 10777]
[10778 10863]
[10864 10968]
[10969 11295]
[11296 11393]
[11394 11454]
[11455 11551]
[11552 11649]
[11650 11747]
[11748 11848]
[11849 11952]
[11953 12029]
[12030 12112]
[12113 12221]
[12222 12292]
[12293 12783]
[12784 12821]
[12822 12880]
[12881 12938]
[12939 12987]
[12988 13029]
[13030 13133]
[13134 13179]
[13180 13237]
[13238 13294]
[13295 13342]
[13343 13374]
[13375 13425]
[13426 13467]
[13468 13521]
[13522 13604]
[13605 13693]
[13694 13813]
[13814 13906]
[13907 13973]
[13974 14057]
[14058 14126]
[14127 14206]
[14207 14264]
[14265 14318]
[14319 14371]
[14372 14453]
[14454 14497]
[14498 14551]
[14552 14690]
[14691 14727]
[14728 14816]
[14817 14921]
[14922 15163]
[15164 15432]
[15433 15497]
[15498 15564]
[15565 15648]
[15649 15730]
[15731 15793]
[15794 15895]
[15896 15958]
[15959 16016]
[16017 16080]
[16081 16153]
[16154 16225]
[16226 16298]
[16299 16383]
[16384 16437]
[16438 16471]
[16472 16525]
[16526 16613]
[16614 16853]
[16854 17032]
[17033 17069]
[17070 17126]
[17127 17247]
[17248 17343]
[17344 17518]
[17519 17595]
[17596 17696]
[17697 17850]
[17851 17909]
[17910 18016]
[18017 18064]
[18065 18113]
[18114 18500]
[18501 18676]
[18677 18760]
[18761 18856]
[18857 18944]
[18945 19000]
[19001 19038]
[19039 19094]
[19095 19128]
[19129 19296]
[19297 19414]
[19415 19480]
[19481 19619]
[19620 19723]
[19724 19810]
[19811 19850]
[19851 20248]
[20249 20292]
[20293 20329]
[20330 20392]
[20393 20453]
[20454 20505]
[20506 20557]
[20558 20615]
[20616 20680]
[20681 20737]
[20738 20797]
[20798 20854]
[20855 20925]
[20926 20966]
[20967 21025]
[21026 21115]
[21116 21177]
[21178 21216]
[21217 21263]
[21264 21334]
[21335 21400]
[21401 21460]
[21461 21574]
[21575 21622]
[21623 21675]
[21676 21717]
[21718 21754]
[21755 21773]
[21774 21833]
[21834 21924]
[21925 22019]
[22020 22101]
[22102 22159]
[22160 22222]
[22223 22324]
[22325 22341]
[22342 22437]
[22438 22518]
[22519 22585]
[22586 22659]
[22660 22811]
[22812 22854]
[22855 22914]
[22915 22975]
[22976 23039]
[23040 23115]
[23116 23165]
[23166 23217]
[23218 23285]
[23286 23360]
[23361 23801]
[23802 24098]
[24099 24263]
[24264 24451]
[24452 24527]
[24528 24588]
[24589 24689]
[24690 24759]
[24760 24762]
[24763 24847]
[24848 24953]
[24954 25062]
[25063 25229]
[25230 25274]
[25275 25346]
[25347 25410]
[25411 25459]
[25460 25543]
[25544 25591]
[25592 25628]
[25629 25732]
[25733 25813]
[25814 25874]
[25875 25887]
[25888 25987]
[25988 26049]
[26050 26109]
[26110 26174]
[26175 26245]
[26246 26291]
[26292 26376]
[26377 26432]
[26433 26482]
[26483 26553]
[26554 26633]
[26634 26685]
[26686 26752]
[26753 26827]
[26828 27079]
[27080 27280]
[27281 27513]
[27514 27584]
[27585 27644]
[27645 27735]
[27736 27864]
[27865 27994]
[27995 28208]
[28209 28601]
[28602 28699]
