[ 0 14]
[ 15 313]
[314 367]
[368 419]
[420 445]
[446 494]
[495 531]
[532 556]
[557 592]
[593 618]
[619 655]
[656 679]
[680 704]
[705 719]
[720 732]
[733 784]
[ 785 1313]
[1314 1344]
[1345 1383]
[1384 1420]
[1421 1459]
[1460 1489]
[1490 1530]
[1531 1549]
[1550 1596]
[1597 1680]
[1681 1761]
[1762 1831]
[1832 1889]
[1890 1958]
[1959 2012]
[2013 2057]
[2058 2178]
[2179 2264]
[2265 2308]
[2309 2346]
[2347 2406]
[2407 2486]
[2487 2551]
[2552 2619]
[2620 2640]
[2641 2690]
[2691 3080]
[3081 3146]
[3147 3199]
[3200 3266]
[3267 3342]
[3343 3406]
[3407 3460]
[3461 3532]
[3533 3606]
[3607 3690]
[3691 3764]
[3765 3843]
[3844 3913]
[3914 3991]
[3992 4046]
[4047 4093]
[4094 4122]
[4123 4528]
[4529 4570]
[4571 4595]
[4596 4657]
[4658 4707]
[4708 4769]
[4770 4831]
[4832 4881]
[4882 4931]
[4932 4981]
[4982 5031]
[5032 5081]
[5082 5131]
[5132 5160]
[5161 5180]
[5181 5195]
[5196 5214]
[5215 5583]
[5584 5612]
[5613 5688]
[5689 5738]
[5739 5788]
[5789 5838]
[5839 5874]
[5875 5892]
[5893 5911]
[5912 5940]
[5941 5985]
[5986 6730]
[6731 6793]
[6794 6858]
[6859 6938]
[6939 7014]
[7015 7104]
[7105 7164]
[7165 7351]
[7352 7443]
[7444 7470]
[7471 7510]
[7511 7587]
[7588 7742]
[7743 7784]
[7785 7818]
[7819 7898]
[7899 7959]
[7960 8038]
[8039 8136]
[8137 8230]
[8231 8344]
[8345 8781]
[8782 8806]
[8807 8851]
[8852 8893]
[8894 8930]
[8931 8947]
[8948 8989]
[8990 9040]
[9041 9078]
[9079 9108]
[9109 9184]
[9185 9218]
[9219 9257]
[9258 9287]
[9288 9333]
[9334 9411]
[9412 9448]
[9449 9491]
[9492 9529]
[9530 9543]
[9544 9634]
[9635 9777]
[9778 9941]
[ 9942 10004]
[10005 10055]
[10056 10086]
[10087 10121]
[10122 10176]
[10177 10223]
[10224 10803]
[10804 11014]
[11015 11079]
[11080 11175]
[11176 11635]
[11636 11960]
[11961 12274]
[12275 12359]
[12360 12809]
[12810 12868]
[12869 12928]
[12929 12977]
[12978 13020]
[13021 13044]
[13045 13102]
[13103 13204]
[13205 13263]
[13264 13304]
[13305 13335]
[13336 13379]
[13380 13399]
[13400 13426]
[13427 13546]
[13547 13663]
[13664 13752]
[13753 13855]
[13856 13909]
[13910 13938]
[13939 13973]
[13974 14013]
[14014 14070]
[14071 14108]
[14109 14194]
[14195 14225]
[14226 14258]
[14259 14326]
[14327 14758]
[14759 14832]
[14833 15001]
[15002 15089]
[15090 15127]
[15128 15212]
[15213 15264]
[15265 15325]
[15326 15379]
[15380 15428]
[15429 15473]
[15474 15535]
[15536 15581]
[15582 15615]
[15616 15716]
[15717 15740]
[15741 15847]
[15848 15908]
[15909 15970]
[15971 16050]
[16051 16088]
[16089 16298]
[16299 16344]
[16345 16444]
[16445 16481]
[16482 16518]
[16519 16567]
[16568 16602]
[16603 16641]
[16642 16677]
[16678 16726]
[16727 16768]
[16769 16816]
[16817 16852]
[16853 17021]
[17022 17312]
[17313 17384]
[17385 17443]
[17444 17531]
[17532 17578]
[17579 17641]
[17642 17709]
[17710 17743]
[17744 17862]
[17863 17912]
[17913 17972]
[17973 18107]
[18108 18161]
[18162 18216]
[18217 18285]
[18286 18344]
[18345 18409]
[18410 18465]
[18466 18535]
[18536 18853]
[18854 18929]
[18930 19039]
[19040 19096]
[19097 19143]
[19144 19186]
[19187 19219]
[19220 19276]
[19277 19332]
[19333 19362]
[19363 19397]
[19398 19432]
[19433 19460]
[19461 19539]
[19540 19870]
[19871 19929]
[19930 19983]
[19984 20046]
[20047 20080]
[20081 20126]
[20127 20229]
[20230 20303]
[20304 20334]
[20335 20449]
[20450 20495]
[20496 20570]
[20571 20611]
[20612 20647]
[20648 20682]
[20683 20724]
[20725 21027]
[21028 21107]
[21108 21197]
[21198 21259]
[21260 21350]
[21351 21433]
[21434 21514]
[21515 21653]
[21654 21731]
[21732 21839]
[21840 21998]
[21999 22085]
[22086 22372]
[22373 22444]
[22445 22484]
[22485 22538]
[22539 22578]
[22579 22632]
[22633 22700]
[22701 22743]
[22744 22795]
[22796 22855]
[22856 22902]
[22903 22943]
[22944 23020]
[23021 23074]
[23075 23131]
[23132 23177]
[23178 23232]
[23233 23293]
[23294 23702]
[23703 23790]
[23791 23837]
[23838 23906]
[23907 23970]
[23971 24099]
[24100 24153]
[24154 24202]
[24203 24252]
[24253 24303]
[24304 24385]
[24386 24478]
[24479 24558]
[24559 24617]
[24618 24707]
[24708 24833]
[24834 25227]
[25228 25309]
[25310 25419]
[25420 25478]
[25479 25547]
[25548 25615]
[25616 25770]
[25771 25820]
[25821 25874]
[25875 25923]
[25924 25958]
[25959 26011]
[26012 26073]
[26074 26368]
[26369 26424]
[26425 26488]
[26489 26578]
[26579 26643]
[26644 26711]
[26712 26874]
[26875 26936]
[26937 27148]
[27149 27238]
[27239 27375]
[27376 27500]
[27501 27586]
[27587 27632]
[27633 27651]
[27652 27711]
[27712 27781]
[27782 27840]
[27841 27899]
[27900 27963]
[27964 28076]
[28077 28148]
[28149 28209]
[28210 28266]
[28267 28321]
[28322 28385]
[28386 28443]
[28444 28519]
[28520 28574]
[28575 28632]
[28633 28857]
[28858 28932]
[28933 28998]
[28999 29026]
[29027 29353]
[29354 29418]
[29419 29500]
[29501 29620]
[29621 29690]
[29691 29773]
[29774 29819]
[29820 29860]
[29861 29930]
[29931 29982]
[29983 30032]
[30033 30131]
[30132 30179]
[30180 30489]
[30491 30599]
