[  0 250]
[251 309]
[310 324]
[325 353]
[354 378]
[379 406]
[407 436]
[437 465]
[466 496]
[497 521]
[522 560]
[561 588]
[589 617]
[618 647]
[648 677]
[678 733]
[ 734 1059]
[1060 1098]
[1099 1177]
[1178 1192]
[1193 1235]
[1236 1303]
[1304 1342]
[1343 1376]
[1377 1491]
[1492 1532]
[1533 1667]
[1668 1734]
[1735 1798]
[1799 1860]
[1861 2029]
[2030 2059]
[2060 2122]
[2123 2186]
[2187 2283]
[2284 2343]
[2344 2411]
[2412 2469]
[2470 2517]
[2518 2830]
[2831 2867]
[2868 2910]
[2911 2967]
[2968 3073]
[3074 3119]
[3120 3164]
[3165 3214]
[3215 3253]
[3254 3308]
[3309 3357]
[3358 3409]
[3410 3456]
[3457 3497]
[3498 3625]
[3626 3680]
[3681 3737]
[3738 3784]
[3785 3838]
[3839 3909]
[3910 3961]
[3962 4020]
[4021 4087]
[4088 4143]
[4144 4206]
[4207 4244]
[4245 4290]
[4291 4333]
[4334 4710]
[4711 4774]
[4775 4826]
[4827 4868]
[4869 4990]
[4991 5078]
[5079 5294]
[5295 5425]
[5426 5717]
[5718 5823]
[5824 5911]
[5912 6117]
[6118 6183]
[6184 6560]
[6561 6602]
[6603 6690]
[6691 6764]
[6765 7237]
[7238 7300]
[7301 7450]
[7451 7554]
[7555 7644]
[7645 7726]
[7727 7869]
[7870 8210]
[8211 8338]
[8339 8396]
[8397 8439]
[8440 8502]
[8503 8585]
[8586 8661]
[8662 8822]
[8823 8943]
[8944 9076]
[9077 9133]
[9134 9162]
[9163 9267]
[9268 9287]
[9288 9331]
[9332 9388]
[9389 9584]
[9585 9665]
[ 9666 10006]
[10007 10025]
[10026 10047]
[10048 10074]
[10075 10110]
[10111 10139]
[10140 10187]
[10188 10231]
[10232 10258]
[10259 10325]
[10326 10362]
[10363 10418]
[10419 10442]
[10443 10479]
[10480 10522]
[10523 10569]
[10570 10591]
[10592 10626]
[10627 10699]
[10700 10716]
[10717 10764]
[10765 10791]
[10792 10807]
[10808 10911]
[10912 10950]
[10951 10994]
[10995 11024]
[11025 11058]
[11059 11091]
[11092 11118]
[11119 11144]
[11145 11189]
[11190 11219]
[11220 11346]
[11347 11643]
[11644 11919]
[11921 12015]
[12016 12051]
[12052 12105]
[12106 12214]
[12215 12287]
[12288 12372]
[12373 12450]
[12451 12519]
[12520 12559]
[12560 12655]
[12656 12714]
[12715 12762]
[12763 12899]
[12900 12986]
[12987 13025]
[13026 13114]
[13115 13445]
[13446 13520]
[13521 13568]
[13569 13613]
[13614 13733]
[13734 13820]
[13821 13906]
[13907 13990]
[13991 14150]
[14151 14195]
[14196 14259]
[14260 14304]
[14305 14392]
[14393 14449]
[14450 14508]
[14509 14566]
[14567 14635]
[14636 14774]
[14775 14837]
[14838 15215]
[15216 15386]
[15387 15795]
[15796 15953]
[15954 16088]
[16089 16266]
[16267 16349]
[16350 16608]
[16609 16948]
[16949 16987]
[16988 17043]
[17044 17100]
[17101 17159]
[17160 17216]
[17217 17270]
[17271 17397]
[17398 17456]
[17457 17507]
[17508 17562]
[17563 17643]
[17644 17689]
[17690 17727]
[17728 17788]
[17789 17830]
[17831 17873]
[17874 17941]
[17942 18284]
[18285 18437]
[18438 18542]
[18543 18598]
[18599 18759]
[18760 18965]
[18966 19015]
[19016 19233]
[19234 19283]
[19284 19325]
[19326 19403]
[19404 19503]
[19504 19552]
[19553 19593]
[19594 19734]
[19735 19845]
[19846 19936]
[19937 19969]
[19970 20012]
[20013 20061]
[20062 20234]
[20235 20271]
[20272 20534]
[20535 20676]
[20677 20934]
[20935 21047]
[21048 21331]
[21333 21442]
[21443 21538]
[21539 21593]
[21594 21698]
[21699 21778]
[21779 21866]
[21867 21933]
[21934 22166]
[22167 22223]
[22224 22273]
[22274 22330]
[22331 22430]
[22431 22490]
[22491 22541]
[22542 22584]
[22585 22633]
[22634 22722]
[22723 22766]
[22767 22807]
[22808 22864]
[22865 22893]
[22894 23099]
[23100 23182]
[23183 23243]
[23244 23305]
[23306 23375]
[23376 23431]
[23432 23491]
[23492 23552]
[23553 23601]
[23602 23646]
[23647 23701]
[23702 24010]
[24011 24091]
[24092 24251]
[24252 24311]
[24312 24361]
[24362 24401]
[24402 24460]
[24461 24521]
[24522 24691]
[24692 24743]
[24744 25032]
[25033 25491]
[25492 25611]
[25612 25673]
[25674 25733]
[25734 25886]
[25887 25994]
[25995 26328]
[26329 26410]
[26411 26484]
[26485 26517]
[26518 26564]
[26565 26601]
[26602 26653]
[26654 26730]
[26731 26807]
[26808 26868]
[26869 26924]
[26925 26949]
[26950 27012]
[27013 27050]
[27051 27117]
[27118 27171]
[27172 27232]
[27233 27298]
[27299 27326]
[27327 27375]
[27376 27403]
[27404 27837]
[27838 28045]
[28046 28219]
[28220 28391]
[28392 28554]
[28555 28980]
[28981 29053]
[29054 29236]
[29237 29319]
[29320 29380]
[29381 29420]
[29421 29720]
[29721 29799]
