[0 1]
[  3 346]
[347 406]
[407 444]
[445 491]
[492 532]
[533 572]
[573 623]
[624 659]
[660 713]
[714 746]
[747 782]
[783 841]
[842 891]
[892 992]
[ 993 1481]
[1482 1569]
[1570 1663]
[1664 1727]
[1728 1840]
[1841 1915]
[1916 1991]
[1992 2086]
[2087 2130]
[2131 2186]
[2187 2242]
[2243 2274]
[2275 2471]
[2472 2672]
[2673 2735]
[2736 2846]
[2847 2890]
[2891 3032]
[3033 3361]
[3363 3413]
[3414 3473]
[3474 3553]
[3554 3616]
[3617 3688]
[3689 3774]
[3775 3829]
[3830 3930]
[3931 3961]
[3962 3993]
[3994 4034]
[4035 4155]
[4156 4200]
[4201 4250]
[4251 4294]
[4295 4340]
[4341 4379]
[4380 4450]
[4451 4525]
[4526 4945]
[4946 5036]
[5037 5110]
[5111 5147]
[5148 5175]
[5176 5203]
[5204 5241]
[5242 5283]
[5284 5369]
[5370 5411]
[5412 5421]
[5422 5494]
[5495 5559]
[5560 5628]
[5629 5716]
[5717 5748]
[5749 5802]
[5803 5823]
[5824 5917]
[5918 5945]
[5946 5995]
[5996 6063]
[6064 6122]
[6123 6193]
[6194 6248]
[6249 6309]
[6310 6770]
[6771 6850]
[6851 6878]
[6879 6912]
[6913 6948]
[6949 6986]
[6987 7018]
[7019 7063]
[7064 7121]
[7122 7170]
[7171 7226]
[7227 7282]
[7283 7338]
[7339 7387]
[7388 7416]
[7417 7477]
[7478 7558]
[7559 7618]
[7619 7703]
[7704 7744]
[7745 7774]
[7775 7801]
[7802 7858]
[7859 7906]
[7907 7949]
[7950 8006]
[8007 8078]
[8079 8155]
[8156 8559]
[8560 8643]
[8644 8753]
[8754 8789]
[8790 8857]
[8858 8974]
[8975 9048]
[9049 9118]
[9119 9250]
[9251 9290]
[9291 9341]
[9342 9546]
[9547 9621]
[9622 9670]
[9671 9755]
[9756 9886]
[9887 9975]
[ 9976 10104]
[10105 10157]
[10158 10210]
[10211 10250]
[10251 10286]
[10287 10352]
[10353 10383]
[10384 10417]
[10418 10555]
[10556 10986]
[10987 11176]
[11177 11221]
[11222 11256]
[11257 11316]
[11317 11415]
[11416 11450]
[11451 11489]
[11490 11645]
[11646 11766]
[11767 11822]
[11823 11877]
[11878 11930]
[11931 11983]
[11984 12050]
[12051 12142]
[12143 12210]
[12211 12253]
[12254 12289]
[12290 12318]
[12319 12392]
[12393 12435]
[12436 12515]
[12516 12667]
[12668 13106]
[13107 13134]
[13135 13226]
[13227 13300]
[13301 13356]
[13357 13423]
[13424 13476]
[13477 13513]
[13514 13565]
[13566 13613]
[13614 13664]
[13665 13692]
[13693 13810]
[13811 14274]
[14275 14349]
[14350 14428]
[14429 14488]
[14489 14634]
[14635 14689]
[14690 14778]
[14779 14867]
[14868 14977]
[14978 15040]
[15041 15142]
[15143 15237]
[15238 15304]
[15305 15336]
[15337 15412]
[15413 15526]
[15527 15551]
[15552 15616]
[15617 15642]
[15643 15784]
[15785 16300]
[16301 16439]
[16440 16549]
[16550 16752]
[16753 16839]
[16840 17041]
[17042 17140]
[17141 17173]
[17174 17315]
[17316 17361]
[17362 17412]
[17413 17499]
[17500 17537]
[17538 17669]
[17670 18022]
[18023 18064]
[18065 18128]
[18129 18233]
[18234 18316]
[18317 18391]
[18392 18431]
[18432 18513]
[18514 18581]
[18582 18627]
[18628 18681]
[18682 18701]
[18702 18861]
[18862 18971]
[18972 19013]
[19014 19081]
[19082 19124]
[19125 19312]
[19313 19336]
[19337 19365]
[19366 19398]
[19399 19449]
[19450 19473]
[19474 19495]
[19496 19570]
[19571 19622]
[19623 19762]
[19763 20156]
[20157 20348]
[20349 20407]
[20408 20426]
[20427 20471]
[20472 20556]
[20557 20638]
[20639 20827]
[20828 20928]
[20929 20967]
[20968 21295]
[21296 21401]
[21402 21441]
[21442 21526]
[21527 21560]
[21561 21661]
[21662 21756]
[21757 21841]
[21842 21867]
[21868 21959]
[21960 21992]
[21993 22017]
[22018 22062]
[22063 22191]
[22192 22472]
[22473 22685]
[22686 22811]
[22812 23570]
[23571 23612]
[23613 23661]
[23662 23686]
[23687 23724]
[23725 23750]
[23751 23840]
[23841 23896]
[23897 23939]
[23940 23992]
[23993 24038]
[24039 24090]
[24091 24113]
[24114 24147]
[24148 24191]
[24192 24240]
[24241 24288]
[24289 24313]
[24314 24380]
[24381 24619]
[24620 24700]
[24701 24751]
[24752 24820]
[24821 24869]
[24870 24920]
[24921 24965]
[24966 24990]
[24991 25068]
[25069 25086]
[25087 25210]
[25211 25265]
[25266 25311]
[25312 25427]
[25428 25750]
[25751 25805]
[25806 25882]
[25883 25971]
[25972 26053]
[26054 26137]
[26138 26205]
[26206 26266]
[26267 26359]
[26360 26458]
[26459 26530]
[26531 26578]
[26579 26667]
[26668 26942]
[26943 27040]
[27041 27167]
[27168 27275]
[27276 27353]
[27354 27449]
[27450 27557]
[27558 27671]
[27672 27760]
[27761 27839]
[27840 27892]
[27893 27979]
[27980 28314]
[28315 28357]
[28358 28617]
[28618 28720]
[28721 28817]
[28818 28867]
[28868 28937]
[28938 29172]
[29173 29268]
[29269 29370]
[29371 29479]
[29480 29598]
[29599 29716]
[29717 29834]
[29835 29913]
[29914 29987]
[29988 30052]
[30053 30134]
[30135 30184]
[30185 30244]
[30245 30317]
[30318 30968]
[30969 31046]
[31047 31123]
[31124 31197]
[31198 31276]
[31277 31340]
[31341 31404]
[31405 31464]
[31465 31850]
[31851 31939]
[31940 32059]
[32060 32365]
[32366 32427]
[32428 32489]
[32490 32594]
[32595 32646]
[32647 32659]
[32661 32749]
[32750 32773]
[32774 32818]
[32819 32873]
[32874 32938]
[32939 33040]
[33041 33138]
[33139 33288]
[33289 33745]
[33746 33849]
