[ 0 15]
[ 16 378]
[379 480]
[481 512]
[513 556]
[557 600]
[601 641]
[642 680]
[681 719]
[720 767]
[768 804]
[805 876]
[ 877 1515]
[1516 1556]
[1557 1610]
[1611 1658]
[1659 1720]
[1721 1755]
[1756 1805]
[1806 1844]
[1845 1883]
[1884 1975]
[1976 2049]
[2050 2121]
[2122 2174]
[2175 2235]
[2236 2285]
[2286 2343]
[2344 2434]
[2435 2495]
[2496 2561]
[2562 2639]
[2640 2693]
[2694 2752]
[2753 2831]
[2832 2918]
[2919 3044]
[3045 3419]
[3420 3468]
[3469 3508]
[3509 3557]
[3558 3608]
[3609 3673]
[3674 3735]
[3736 3784]
[3785 3891]
[3892 3940]
[3941 3993]
[3994 4027]
[4028 4092]
[4093 4137]
[4138 4239]
[4240 4301]
[4302 4372]
[4373 4451]
[4452 4524]
[4525 4590]
[4591 4666]
[4667 4733]
[4734 4804]
[4805 4887]
[4888 4955]
[4956 5015]
[5016 5074]
[5075 5152]
[5153 5373]
[5374 5446]
[5447 5712]
[5713 5763]
[5764 5824]
[5825 5876]
[5877 5952]
[5953 6016]
[6017 6089]
[6090 6177]
[6178 6224]
[6225 6262]
[6263 6322]
[6323 6372]
[6373 6412]
[6413 6464]
[6465 6508]
[6509 6528]
[6529 6947]
[6948 7038]
[7039 7113]
[7114 7211]
[7212 7247]
[7248 7324]
[7325 7417]
[7418 7460]
[7461 7550]
[7551 7572]
[7573 7659]
[7660 7734]
[7735 7785]
[7786 7877]
[7878 7977]
[7978 8036]
[8037 8091]
[8092 8134]
[8135 8189]
[8190 8227]
[8228 8263]
[8264 8300]
[8301 8533]
[8534 8639]
[8640 8786]
[8787 8829]
[8830 8876]
[8877 8929]
[8930 8997]
[8998 9077]
[9078 9222]
[9223 9279]
[9280 9318]
[9319 9359]
[9360 9402]
[9403 9460]
[9461 9534]
[9535 9567]
[9568 9599]
[9600 9666]
[ 9667 10114]
[10115 10145]
[10146 10202]
[10203 10251]
[10252 10323]
[10324 10362]
[10363 10411]
[10412 10442]
[10443 10592]
[10593 10618]
[10619 10673]
[10674 10797]
[10798 10839]
[10840 10901]
[10902 10929]
[10930 11201]
[11202 11258]
[11259 11302]
[11303 11358]
[11359 11412]
[11413 11455]
[11456 11515]
[11516 12025]
[12026 12113]
[12114 12171]
[12172 12256]
[12257 12311]
[12312 12360]
[12361 12471]
[12472 12613]
[12614 12689]
[12690 12735]
[12736 12799]
[12800 12902]
[12903 13046]
[13047 13081]
[13082 13206]
[13207 13249]
[13250 13304]
[13305 13368]
[13369 13423]
[13424 13484]
[13485 13540]
[13541 13847]
[13849 13915]
[13916 13993]
[13994 14178]
[14179 14251]
[14252 14286]
[14287 14320]
[14321 14368]
[14369 14444]
[14445 14485]
[14486 14533]
[14534 14582]
[14583 14653]
[14654 15037]
[15038 15110]
[15111 15184]
[15185 15217]
[15218 15249]
[15250 15317]
[15318 15432]
[15433 15457]
[15458 15483]
[15484 15542]
[15543 15579]
[15580 15629]
[15630 15663]
[15664 15712]
[15713 15753]
[15754 15793]
[15794 15853]
[15854 15895]
[15896 15949]
[15950 16007]
[16008 16101]
[16102 16513]
[16514 16647]
[16648 16800]
[16801 16928]
[16929 17039]
[17040 17088]
[17089 17169]
[17170 17285]
[17286 17408]
[17409 17531]
[17532 17668]
[17669 18020]
[18021 18059]
[18060 18088]
[18089 18133]
[18134 18194]
[18195 18235]
[18236 18270]
[18271 18362]
[18363 18414]
[18415 18517]
[18518 18564]
[18565 18606]
[18607 18637]
[18638 18685]
[18686 18725]
[18726 18784]
[18785 18845]
[18846 18948]
[18949 18980]
[18981 19025]
[19026 19083]
[19084 19147]
[19148 19196]
[19197 19276]
[19277 19324]
[19325 19378]
[19379 19443]
[19444 19483]
[19484 19528]
[19529 19807]
[19808 19893]
[19894 20122]
[20123 20312]
[20313 20698]
[20699 20814]
[20815 20984]
[20985 21248]
[21249 21653]
[21654 21702]
[21703 21766]
[21767 21866]
[21867 21941]
[21942 22033]
[22034 22094]
[22095 22161]
[22162 22225]
[22226 22275]
[22276 22325]
[22326 22405]
[22406 22615]
[22616 22736]
[22737 22772]
[22773 22812]
[22813 22856]
[22857 22965]
[22966 22994]
[22995 23360]
[23361 23523]
[23524 24177]
[24178 24233]
[24234 24291]
[24292 24339]
[24340 24739]
[24740 24809]
[24810 24879]
[24880 24949]
[24950 24999]
[25000 25081]
[25082 25169]
[25170 25206]
[25207 25289]
[25290 25339]
[25340 25487]
[25488 25539]
[25540 25607]
[25608 25921]
[25922 26150]
[26151 26251]
[26252 26381]
[26382 26390]
[26391 26462]
[26463 26557]
[26558 26714]
[26715 26790]
[26791 27131]
[27132 27183]
[27184 27514]
[27515 27628]
[27629 27761]
[27762 28080]
[28081 28294]
[28295 28364]
[28365 28400]
[28401 28470]
[28471 28542]
[28543 28604]
[28605 28814]
[28815 28916]
[28917 28976]
[28977 29036]
[29037 29096]
[29097 29203]
[29204 29485]
[29486 29874]
[29875 30222]
[30223 30399]
[30400 30589]
[30590 30710]
[30711 30924]
[30925 30952]
[30953 31092]
[31093 31155]
[31156 31230]
[31231 31360]
[31361 31532]
[31533 31536]
[31537 31847]
[31848 31968]
[31969 32059]
[32060 32109]
[32110 32167]
[32168 32229]
[32230 32300]
[32301 32349]
[32350 32440]
[32441 32480]
[32481 32584]
[32585 32901]
[32902 32999]
