[0 2]
[  4 243]
[244 301]
[302 337]
[338 367]
[368 395]
[396 428]
[429 464]
[465 494]
[495 522]
[523 552]
[553 585]
[586 616]
[617 647]
[648 677]
[678 709]
[710 740]
[741 770]
[771 800]
[801 889]
[ 890 1628]
[1629 1669]
[1670 1701]
[1702 1760]
[1761 1797]
[1798 1873]
[1874 1948]
[1949 2027]
[2028 2113]
[2114 2183]
[2184 2235]
[2236 2284]
[2285 2307]
[2308 2474]
[2475 2574]
[2575 2709]
[2710 2745]
[2746 2783]
[2784 2832]
[2833 2893]
[2894 2908]
[2909 2978]
[2979 3028]
[3029 3095]
[3096 3136]
[3137 3170]
[3171 3206]
[3207 3712]
[3713 3787]
[3788 3827]
[3828 3943]
[3944 4017]
[4018 4053]
[4054 4087]
[4088 4123]
[4124 4163]
[4164 4200]
[4201 4226]
[4227 4311]
[4312 4335]
[4336 4356]
[4357 4381]
[4382 4422]
[4423 4509]
[4510 4550]
[4551 4597]
[4598 4652]
[4653 4688]
[4689 4734]
[4735 4784]
[4785 4876]
[4877 4936]
[4937 5006]
[5007 5053]
[5054 5113]
[5114 5153]
[5154 5205]
[5206 5241]
[5242 5283]
[5284 5918]
[5919 6016]
[6017 6051]
[6052 6159]
[6160 6253]
[6254 6281]
[6282 6363]
[6364 6427]
[6428 6510]
[6511 6647]
[6648 6683]
[6684 6724]
[6725 6768]
[6769 6797]
[6798 6835]
[6836 6914]
[6915 6960]
[6961 7059]
[7060 7089]
[7090 7139]
[7140 7188]
[7189 7227]
[7228 7268]
[7269 7310]
[7311 7345]
[7346 7388]
[7389 7449]
[7450 7471]
[7472 7496]
[7497 7899]
[7900 7950]
[7951 8026]
[8027 8051]
[8052 8084]
[8085 8134]
[8135 8171]
[8172 8240]
[8241 8353]
[8354 8413]
[8414 8509]
[8510 8648]
[8649 8709]
[8710 8769]
[8770 8976]
[8977 9067]
[9068 9128]
[9129 9182]
[9183 9282]
[9283 9339]
[9340 9403]
[9404 9470]
[9471 9867]
[9868 9951]
[ 9952 10042]
[10043 10279]
[10280 10332]
[10333 10455]
[10456 10545]
[10546 10655]
[10656 10703]
[10704 11091]
[11092 11179]
[11180 11293]
[11294 11371]
[11372 11461]
[11462 11581]
[11582 11659]
[11660 11745]
[11746 11830]
[11831 11918]
[11919 12002]
[12003 12379]
[12380 12423]
[12424 12465]
[12466 12509]
[12510 12569]
[12570 12623]
[12624 12769]
[12770 12910]
[12911 12983]
[12984 13053]
[13054 13131]
[13132 13235]
[13236 13544]
[13545 13664]
[13665 13729]
[13730 13826]
[13827 13929]
[13930 14000]
[14001 14094]
[14095 14187]
[14188 14253]
[14254 14355]
[14356 14452]
[14453 14581]
[14582 14671]
[14672 14745]
[14746 14785]
[14786 14835]
[14836 15166]
[15167 15244]
[15245 15277]
[15278 15349]
[15350 15420]
[15421 15489]
[15490 15543]
[15544 15599]
[15600 15667]
[15668 15713]
[15714 15759]
[15760 15814]
[15815 15867]
[15868 15921]
[15922 16050]
[16051 16085]
[16086 16129]
[16130 16172]
[16173 16241]
[16242 16281]
[16282 16332]
[16333 16365]
[16366 16390]
[16391 16436]
[16437 16478]
[16479 16545]
[16546 16595]
[16596 16639]
[16640 16684]
[16685 16727]
[16728 16775]
[16776 16900]
[16901 16966]
[16967 17044]
[17045 17345]
[17346 17433]
[17434 17510]
[17511 17568]
[17569 17609]
[17610 17685]
[17686 17724]
[17725 17817]
[17818 17912]
[17913 17975]
[17976 18069]
[18070 18110]
[18111 18165]
[18166 18249]
[18250 18336]
[18337 18372]
[18373 18412]
[18413 18505]
[18506 18576]
[18577 18619]
[18620 18885]
[18886 18998]
[18999 19060]
[19061 19086]
[19087 19158]
[19159 19242]
[19243 19311]
[19312 19383]
[19384 19422]
[19423 19571]
[19572 19636]
[19637 19712]
[19713 19935]
[19936 19996]
[19997 20028]
[20029 20076]
[20077 20141]
[20142 20250]
[20251 20313]
[20314 20422]
[20423 20495]
[20496 20591]
[20592 20671]
[20672 20735]
[20736 20782]
[20783 20810]
[20811 20838]
[20839 21155]
[21156 21236]
[21237 21318]
[21319 21397]
[21398 21474]
[21475 21552]
[21553 21640]
[21641 21690]
[21691 21756]
[21757 21819]
[21820 21895]
[21896 21953]
[21954 22155]
[22156 22501]
[22502 22577]
[22578 22606]
[22607 22650]
[22651 22688]
[22689 22718]
[22719 22748]
[22749 22964]
[22965 23161]
[23162 23283]
[23284 23383]
[23384 23463]
[23464 23530]
[23531 23588]
[23589 23670]
[23671 23913]
[23914 23999]
