[  0 227]
[228 287]
[288 323]
[324 353]
[354 382]
[383 414]
[415 450]
[451 480]
[481 508]
[509 538]
[539 571]
[572 602]
[603 633]
[634 663]
[664 695]
[696 726]
[727 750]
[751 772]
[773 863]
[ 864 1391]
[1393 1467]
[1468 1538]
[1539 1610]
[1611 1685]
[1686 1760]
[1761 1835]
[1836 1910]
[1911 1985]
[1986 2054]
[2055 2125]
[2126 2194]
[2195 2260]
[2261 2320]
[2321 2804]
[2805 2866]
[2867 2905]
[2906 2944]
[2945 2970]
[2971 2992]
[2993 3033]
[3034 3073]
[3074 3105]
[3106 3165]
[3166 3243]
[3244 3292]
[3293 3354]
[3355 3411]
[3412 3440]
[3441 3582]
[3583 3620]
[3621 3662]
[3663 3704]
[3705 3757]
[3758 3805]
[3806 3861]
[3862 4000]
[4001 4028]
[4029 4064]
[4065 4101]
[4102 4135]
[4136 4158]
[4159 4238]
[4239 4310]
[4311 4655]
[4656 4712]
[4713 4776]
[4777 4829]
[4830 4893]
[4894 4969]
[4970 5036]
[5037 5118]
[5119 5192]
[5193 5256]
[5257 5320]
[5321 5378]
[5379 5441]
[5442 5494]
[5495 5566]
[5567 5633]
[5634 5697]
[5698 5754]
[5755 6069]
[6070 6129]
[6130 6221]
[6222 6329]
[6330 6446]
[6447 6515]
[6516 6625]
[6626 6762]
[6763 6860]
[6861 6961]
[6962 7067]
[7068 7180]
[7181 7230]
[7231 7729]
[7730 7784]
[7785 7826]
[7827 7871]
[7872 7910]
[7911 7942]
[7943 8063]
[8064 8116]
[8117 8163]
[8164 8209]
[8210 8270]
[8271 8333]
[8334 8381]
[8382 8414]
[8415 8466]
[8467 8510]
[8511 8540]
[8541 8575]
[8576 8603]
[8604 8729]
[8730 8763]
[8764 8804]
[8805 8823]
[8824 8846]
[8847 8872]
[8873 8896]
[8897 8921]
[8922 8946]
[8947 8974]
[8975 9022]
[9023 9067]
[9068 9090]
[9091 9123]
[9124 9143]
[9144 9175]
[9176 9193]
[9194 9232]
[9233 9281]
[9282 9615]
[9616 9676]
[9677 9741]
[9742 9806]
[9807 9878]
[9879 9944]
[ 9945 10037]
[10038 10083]
[10084 10146]
[10147 10252]
[10253 10375]
[10376 10452]
[10453 10552]
[10553 10650]
[10651 10732]
[10733 10808]
[10809 10870]
[10871 10912]
[10913 10954]
[10955 11002]
[11003 11050]
[11051 11099]
[11100 11147]
[11148 11189]
[11190 11226]
[11227 11305]
[11306 11600]
[11601 11676]
[11677 11739]
[11740 11798]
[11799 11873]
[11874 11946]
[11947 12139]
[12140 12248]
[12249 12359]
[12360 12411]
[12412 12468]
[12469 13337]
[13338 13376]
[13377 13425]
[13426 13473]
[13474 13586]
[13587 13627]
[13628 13670]
[13671 13696]
[13697 13742]
[13743 13786]
[13787 13840]
[13841 13893]
[13894 13940]
[13941 14047]
[14048 14089]
[14090 14160]
[14161 14261]
[14262 14327]
[14328 14381]
[14382 14461]
[14462 14515]
[14516 14558]
[14559 14988]
[14989 15100]
[15101 15145]
[15146 15186]
[15187 15239]
[15240 15295]
[15296 15310]
[15311 15389]
[15390 15440]
[15441 15500]
[15501 15547]
[15548 15619]
[15620 15663]
[15664 15720]
[15721 15794]
[15795 15826]
[15827 15891]
[15892 15947]
[15948 15994]
[15995 16046]
[16047 16149]
[16150 16184]
[16185 16225]
[16226 16278]
[16279 16679]
[16680 16714]
[16715 16753]
[16754 16856]
[16857 16899]
[16900 17027]
[17028 17160]
[17161 17301]
[17302 17366]
[17367 17431]
[17432 17499]
[17500 17538]
[17539 17602]
[17603 17685]
[17686 17746]
[17747 17892]
[17893 18182]
[18183 18265]
[18266 18340]
[18341 18415]
[18416 18490]
[18491 18552]
[18553 18618]
[18620 18882]
[18883 18927]
[18928 19033]
[19034 19112]
[19113 19428]
[19429 19523]
[19524 19596]
[19597 19734]
[19735 19842]
[19843 20031]
[20032 20160]
[20161 20330]
[20331 20389]
[20390 20497]
[20498 20636]
[20637 20698]
[20699 20743]
[20744 20787]
[20788 20830]
[20831 20878]
[20879 20927]
[20928 20974]
[20975 21017]
[21018 21054]
[21055 21135]
[21136 21437]
[21438 21482]
[21483 21531]
[21532 21584]
[21585 21647]
[21648 21700]
[21701 21752]
[21753 21806]
[21807 21854]
[21855 21911]
[21912 22049]
[22050 22108]
[22109 22147]
[22148 22434]
[22435 22462]
[22463 22578]
[22579 22604]
[22605 22652]
[22653 22706]
[22707 22778]
[22779 22878]
[22879 22919]
[22920 23043]
[23044 23088]
[23089 23126]
[23127 23167]
[23168 23246]
[23247 23622]
[23623 23691]
[23692 23788]
[23789 23873]
[23874 23972]
[23973 24054]
[24055 24128]
[24129 24196]
[24197 24237]
[24238 24258]
[24259 24279]
[24280 24308]
[24309 24350]
[24351 24417]
[24418 24462]
[24463 24573]
[24574 24650]
[24651 24734]
[24735 24820]
[24821 24863]
[24864 24907]
[24908 25235]
[25236 25303]
[25304 25389]
[25390 25476]
[25477 25563]
[25564 25647]
[25648 25731]
[25732 25817]
[25818 25899]
[25900 25980]
[25981 26066]
[26067 26152]
[26153 26222]
[26223 26276]
[26277 26310]
[26311 26588]
[26589 26661]
[26662 26706]
[26707 26756]
[26757 26819]
[26820 26912]
[26913 26968]
[26969 27036]
[27037 27095]
[27096 27271]
[27272 27318]
[27319 27609]
[27610 28567]
[28568 28927]
[28928 29032]
[29033 29155]
[29156 29266]
[29267 29604]
[29605 29678]
[29679 29728]
[29729 29915]
[29916 29963]
[29964 30011]
[30012 30555]
[30556 30649]
