[ 0 13]
[ 14 372]
[373 427]
[428 476]
[477 500]
[501 513]
[514 558]
[559 642]
[643 679]
[680 696]
[697 743]
[744 767]
[768 804]
[805 897]
[898 994]
[ 996 1648]
[1649 1728]
[1729 1776]
[1777 1809]
[1810 1854]
[1855 1921]
[1922 1936]
[1937 2033]
[2034 2088]
[2089 2131]
[2132 2175]
[2176 2192]
[2193 2231]
[2232 2274]
[2275 2322]
[2323 2368]
[2369 2415]
[2416 2463]
[2464 2509]
[2510 2537]
[2538 2580]
[2581 2625]
[2626 2651]
[2652 2777]
[2778 2830]
[2831 2883]
[2884 2898]
[2899 2934]
[2935 2979]
[2980 3014]
[3015 3059]
[3060 3083]
[3084 3125]
[3126 3170]
[3171 3195]
[3196 3320]
[3321 3798]
[3799 3846]
[3847 3870]
[3871 3929]
[3930 3992]
[3993 4052]
[4053 4121]
[4122 4149]
[4150 4183]
[4184 4216]
[4217 4264]
[4265 4317]
[4318 4352]
[4353 4427]
[4428 4483]
[4484 4492]
[4493 4549]
[4550 4592]
[4593 4627]
[4628 4658]
[4659 4688]
[4689 4711]
[4712 4737]
[4738 4773]
[4774 4829]
[4830 4871]
[4872 5000]
[5001 5305]
[5306 5510]
[5511 5614]
[5615 5768]
[5769 5871]
[5872 6011]
[6012 6075]
[6076 6150]
[6151 6243]
[6244 6631]
[6632 6688]
[6689 6722]
[6723 6913]
[6914 6970]
[6971 7031]
[7032 7156]
[7157 7281]
[7282 7406]
[7407 7531]
[7532 7575]
[7576 7642]
[7643 7722]
[7723 7814]
[7815 8183]
[8184 8253]
[8254 8318]
[8319 8370]
[8371 8420]
[8421 8483]
[8484 8521]
[8522 9093]
[9094 9198]
[9199 9308]
[9309 9465]
[9466 9553]
[9554 9584]
[9585 9648]
[9649 9701]
[9702 9760]
[9761 9822]
[9823 9868]
[9869 9909]
[9910 9947]
[ 9948 10001]
[10002 10037]
[10038 10085]
[10086 10139]
[10140 10158]
[10159 10197]
[10198 10248]
[10249 10324]
[10325 10368]
[10369 10412]
[10413 10461]
[10462 10498]
[10499 10546]
[10547 10620]
[10621 10673]
[10674 10739]
[10740 10788]
[10789 10819]
[10820 10855]
[10856 10918]
[10919 10995]
[10996 11026]
[11027 11110]
[11111 11579]
[11580 11701]
[11702 11823]
[11824 11971]
[11972 12105]
[12106 12202]
[12203 12290]
[12291 12393]
[12394 12476]
[12477 12566]
[12567 12676]
[12677 13175]
[13176 13286]
[13287 13424]
[13425 13527]
[13528 13604]
[13605 13671]
[13672 13715]
[13716 13924]
[13925 13997]
[13998 14067]
[14068 14130]
[14131 14182]
[14183 14321]
[14322 14390]
[14391 14447]
[14448 14494]
[14495 14883]
[14884 15173]
[15174 15395]
[15396 15470]
[15471 15522]
[15523 15558]
[15559 15592]
[15593 15652]
[15653 15735]
[15736 15811]
[15812 15877]
[15878 16422]
[16423 16499]
[16500 16567]
[16568 16633]
[16634 16738]
[16739 16755]
[16756 16807]
[16808 16833]
[16834 16859]
[16860 16905]
[16906 16930]
[16931 16953]
[16954 17000]
[17001 17024]
[17025 17046]
[17047 17094]
[17095 17142]
[17143 17181]
[17182 17312]
[17313 17379]
[17380 17441]
[17442 17520]
[17521 17566]
[17567 17978]
[17979 18034]
[18035 18050]
[18051 18104]
[18105 18183]
[18184 18215]
[18216 18288]
[18289 18356]
[18357 18373]
[18374 18412]
[18413 18467]
[18468 18490]
[18491 18532]
[18533 18576]
[18577 18624]
[18625 18680]
[18681 18751]
[18752 18800]
[18801 18865]
[18866 18935]
[18936 18977]
[18978 19035]
[19036 19075]
[19076 19110]
[19111 19398]
[19399 19584]
[19585 19655]
[19656 19720]
[19721 19801]
[19802 19861]
[19862 19919]
[19920 19966]
[19967 20069]
[20070 20110]
[20111 20143]
[20144 20204]
[20205 20252]
[20253 20255]
[20256 20658]
[20659 20745]
[20746 20822]
[20823 20972]
[20973 21103]
[21104 21257]
[21258 21326]
[21327 21393]
[21394 21461]
[21462 21538]
[21539 21639]
[21640 21688]
[21689 21724]
[21725 21798]
[21799 21857]
[21858 21902]
[21903 21929]
[21930 21954]
[21955 21995]
[21996 22096]
[22097 22274]
[22275 22569]
[22570 22720]
[22721 22850]
[22851 22951]
[22952 23031]
[23032 23106]
[23107 23292]
[23293 23431]
[23432 23660]
[23661 23838]
[23839 23999]
[24000 24185]
[24186 24459]
[24460 24639]
[24640 24978]
[24979 25186]
[25187 25334]
[25335 25454]
[25455 25777]
[25778 25941]
[25942 26101]
[26102 26274]
[26275 26424]
[26425 26541]
[26542 27098]
[27099 27136]
[27137 27157]
[27158 27191]
[27192 27229]
[27230 27249]
[27250 27288]
[27289 27374]
[27375 27623]
[27624 27712]
[27713 27802]
[27803 27867]
[27868 27929]
[27930 27996]
[27997 28252]
[28253 28571]
[28572 28656]
[28657 28768]
[28769 28836]
[28837 28879]
[28880 28975]
[28977 29088]
[29089 29195]
[29196 29294]
[29295 29398]
[29399 29484]
[29485 29597]
[29598 29697]
[29698 29740]
[29741 30029]
[30030 30121]
[30122 30196]
[30197 30250]
[30251 30364]
[30365 30427]
[30428 30474]
[30475 30578]
[30579 30635]
[30636 30716]
[30717 30761]
[30762 30794]
[30795 31032]
[31033 31099]
