[ 0 28]
[30 49]
[50 69]
[ 71 114]
[116 178]
[180 539]
[540 553]
[554 586]
[587 619]
[620 647]
[648 680]
[681 710]
[711 740]
[741 772]
[773 804]
[805 835]
[836 868]
[869 899]
[900 929]
[ 930 1013]
[1014 1613]
[1614 1646]
[1647 1727]
[1728 1810]
[1811 1904]
[1905 2016]
[2017 2129]
[2130 2223]
[2224 2329]
[2330 2456]
[2457 2591]
[2592 2714]
[2715 2863]
[2864 2918]
[2919 3012]
[3013 3065]
[3066 3148]
[3149 3237]
[3238 3297]
[3298 3358]
[3359 3564]
[3565 3615]
[3616 3974]
[3976 4034]
[4035 4077]
[4078 4123]
[4124 4155]
[4156 4180]
[4181 4215]
[4216 4258]
[4259 4369]
[4370 4419]
[4420 4514]
[4515 4593]
[4594 4758]
[4759 4796]
[4797 4844]
[4845 4874]
[4875 4917]
[4918 4976]
[4977 5030]
[5031 5075]
[5076 5131]
[5132 5189]
[5190 5232]
[5233 5333]
[5334 5713]
[5714 5789]
[5790 5871]
[5872 5943]
[5944 6019]
[6020 6067]
[6068 6132]
[6133 6195]
[6196 6270]
[6271 6344]
[6345 6465]
[6466 6550]
[6551 6640]
[6641 6754]
[6755 6833]
[6834 6963]
[6964 7060]
[7061 7089]
[7090 7129]
[7130 7241]
[7242 7485]
[7486 7644]
[7645 7709]
[7710 7780]
[7781 7847]
[7848 8056]
[8057 8114]
[8115 8174]
[8175 8302]
[8303 8387]
[8388 8484]
[8485 8557]
[8558 8856]
[8857 8929]
[8930 9014]
[9015 9129]
[9131 9282]
[9283 9464]
[9465 9650]
[9651 9728]
[9730 9930]
[ 9931 10213]
[10214 10292]
[10293 10410]
[10411 10440]
[10441 10476]
[10477 10504]
[10505 10538]
[10539 10651]
[10652 10740]
[10741 10808]
[10809 10906]
[10907 10947]
[10948 10970]
[10971 11033]
[11034 11086]
[11087 11135]
[11136 11240]
[11241 11286]
[11287 11383]
[11384 11726]
[11727 11767]
[11768 11803]
[11804 11833]
[11834 11883]
[11884 11917]
[11918 11973]
[11974 12016]
[12017 12053]
[12054 12087]
[12088 12111]
[12112 12165]
[12166 12426]
[12427 12516]
[12517 12624]
[12625 12726]
[12727 12822]
[12823 12918]
[12919 12970]
[12971 13029]
[13030 13125]
[13126 13216]
[13217 13330]
[13331 13418]
[13419 13650]
[13651 13685]
[13686 13747]
[13748 13787]
[13788 13819]
[13820 13957]
[13958 14086]
[14087 14158]
[14159 14248]
[14249 14302]
[14303 14319]
[14320 14358]
[14359 14392]
[14393 14490]
[14491 14555]
[14556 14689]
[14690 14704]
[14705 15108]
[15109 15140]
[15141 15198]
[15199 15252]
[15253 15289]
[15290 15333]
[15334 15371]
[15372 15410]
[15411 15456]
[15457 15675]
[15676 15742]
[15743 15904]
[15905 15937]
[15938 16004]
[16005 16033]
[16034 16065]
[16066 16170]
[16171 16259]
[16260 16334]
[16335 16372]
[16373 16406]
[16407 16796]
[16797 16896]
[16897 16919]
[16920 16991]
[16992 17028]
[17029 17080]
[17082 17143]
[17144 17207]
[17208 17245]
[17246 17322]
[17323 17387]
[17388 17449]
[17450 17501]
[17502 17561]
[17562 17846]
[17847 18120]
[18121 18287]
[18288 18372]
[18373 18412]
[18413 18493]
[18494 18562]
[18563 18672]
[18673 18869]
[18870 19166]
[19168 19251]
[19252 19306]
[19307 19400]
[19401 19483]
[19484 19528]
[19529 19649]
[19650 19704]
[19705 19797]
[19798 19907]
[19908 20059]
[20060 20108]
[20109 20147]
[20148 20187]
[20188 20559]
[20560 20589]
[20590 20658]
[20659 20729]
[20730 20760]
[20761 20798]
[20799 20851]
[20852 20906]
[20907 20947]
[20948 20997]
[20998 21072]
[21073 21143]
[21144 21192]
[21193 21226]
[21227 21277]
[21278 21346]
[21347 21411]
[21412 21802]
[21803 21868]
[21869 21942]
[21943 22037]
[22038 22133]
[22134 22224]
[22225 22291]
[22292 22371]
[22372 22441]
[22442 22518]
[22519 22594]
[22595 22668]
[22669 22781]
[22782 23036]
[23038 23115]
[23116 23187]
[23188 23267]
[23268 23340]
[23341 23423]
[23424 23487]
[23488 23578]
[23579 24017]
[24018 24082]
[24083 24116]
[24117 24147]
[24148 24173]
[24174 24217]
[24218 24268]
[24269 24299]
[24300 24373]
[24374 24422]
[24423 24442]
[24443 24500]
[24501 24550]
[24551 24630]
[24631 24691]
[24692 25001]
[25002 25099]
