[ 0 27]
[29 48]
[49 68]
[ 70 113]
[115 201]
[203 785]
[786 821]
[822 851]
[852 879]
[880 912]
[913 942]
[943 972]
[ 973 1004]
[1005 1036]
[1037 1069]
[1070 1100]
[1101 1131]
[1132 1161]
[1162 1207]
[1208 1574]
[1575 1619]
[1620 1668]
[1669 1705]
[1706 1764]
[1765 1858]
[1859 1950]
[1951 2062]
[2063 2108]
[2109 2141]
[2142 2178]
[2179 2222]
[2223 2248]
[2249 2286]
[2287 2395]
[2396 2429]
[2430 2466]
[2467 2496]
[2497 2580]
[2581 2632]
[2633 2661]
[2662 2756]
[2757 2791]
[2792 2841]
[2842 2892]
[2893 2928]
[2929 2973]
[2974 3032]
[3033 3404]
[3405 3445]
[3446 3515]
[3516 3580]
[3581 3644]
[3645 3705]
[3706 3771]
[3772 3837]
[3838 3904]
[3905 3961]
[3962 4010]
[4011 4068]
[4069 4170]
[4171 4223]
[4224 4277]
[4278 4295]
[4296 4752]
[4753 4857]
[4858 4960]
[4961 5025]
[5026 5147]
[5148 5208]
[5209 5320]
[5321 5386]
[5387 5493]
[5494 5594]
[5595 5975]
[5976 6037]
[6038 6098]
[6099 6118]
[6119 6175]
[6176 6210]
[6211 6259]
[6260 6315]
[6316 6439]
[6440 6516]
[6517 6610]
[6611 6669]
[6670 6714]
[6715 6751]
[6752 6812]
[6813 7195]
[7196 7232]
[7233 7275]
[7276 7327]
[7328 7383]
[7384 7423]
[7424 7469]
[7470 7509]
[7510 7571]
[7572 7648]
[7649 7707]
[7708 7735]
[7736 7843]
[7844 7890]
[7891 7936]
[7937 7987]
[7988 8030]
[8031 8079]
[8080 8141]
[8142 8281]
[8282 8323]
[8324 8376]
[8377 8460]
[8461 8500]
[8501 8528]
[8529 8549]
[8550 8573]
[8574 8618]
[8619 8667]
[8668 8712]
[8713 9239]
[9241 9339]
[9340 9375]
[9376 9421]
[9422 9454]
[9455 9491]
[9492 9515]
[9516 9579]
[9580 9611]
[9612 9642]
[9643 9711]
[9712 9847]
[9848 9984]
[ 9985 10020]
[10021 10056]
[10057 10096]
[10097 10121]
[10122 10165]
[10166 10202]
[10203 10262]
[10263 10373]
[10374 10423]
[10424 10452]
[10453 10485]
[10486 10530]
[10531 10562]
[10563 10598]
[10599 10703]
[10704 10740]
[10741 10782]
[10783 10834]
[10835 10883]
[10884 10922]
[10923 10959]
[10960 10999]
[11000 11043]
[11044 11148]
[11149 11409]
[11410 11420]
[11421 11550]
[11551 11650]
[11651 11723]
[11724 11863]
[11864 11975]
[11976 12058]
[12059 12085]
[12086 12279]
[12280 12433]
[12434 12516]
[12517 12602]
[12603 12666]
[12667 12761]
[12762 12792]
[12793 12812]
[12813 12843]
[12844 12894]
[12895 12945]
[12946 12996]
[12997 13026]
[13027 13067]
[13068 13192]
[13193 13236]
[13237 13279]
[13280 13330]
[13331 13382]
[13383 13417]
[13418 13633]
[13634 13830]
[13831 14012]
[14013 14036]
[14037 14082]
[14083 14249]
[14250 14413]
[14414 14831]
[14832 14905]
[14906 14997]
[14998 15160]
[15161 15278]
[15279 15339]
[15340 15456]
[15457 15574]
[15575 15831]
[15832 16013]
[16015 16050]
[16051 16092]
[16093 16132]
[16133 16181]
[16182 16210]
[16211 16235]
[16236 16284]
[16285 16321]
[16322 16350]
[16351 16386]
[16387 16423]
[16424 16454]
[16455 16487]
[16488 16603]
[16604 16628]
[16629 16655]
[16656 16709]
[16710 16749]
[16750 16831]
[16832 16859]
[16860 16903]
[16904 16933]
[16934 16973]
[16974 17061]
[17062 17104]
[17105 17136]
[17137 17178]
[17179 17215]
[17216 17256]
[17257 17290]
[17291 17320]
[17321 17374]
[17375 17717]
[17718 17798]
[17799 17868]
[17869 18047]
[18048 18145]
[18146 18209]
[18210 18450]
[18451 18497]
[18498 18579]
[18580 18662]
[18663 19124]
[19125 19178]
[19180 19224]
[19225 19262]
[19263 19321]
[19322 19349]
[19350 19376]
[19377 19433]
[19434 19508]
[19509 19546]
[19547 19584]
[19585 19671]
[19672 19773]
[19774 19820]
[19821 19859]
[19860 19912]
[19913 19945]
[19946 20018]
[20019 20121]
[20122 20179]
[20180 20207]
[20208 20261]
[20262 20299]
[20300 20360]
[20361 20772]
[20773 20960]
[20961 21521]
[21522 21962]
[21963 22058]
[22059 22097]
[22098 22132]
[22133 22227]
[22228 22342]
[22343 22382]
[22383 22431]
[22432 22474]
[22475 22537]
[22538 22601]
[22602 22771]
[22772 22815]
[22816 22862]
[22863 22951]
[22952 22998]
[22999 23050]
[23051 23112]
[23113 23211]
[23212 23537]
[23538 23573]
[23574 23608]
[23609 23639]
[23640 23667]
[23668 23686]
[23687 23719]
[23720 23745]
[23746 23779]
[23780 23800]
[23801 23848]
[23849 23981]
[23982 24080]
[24081 24150]
[24151 24201]
[24202 24244]
[24245 24302]
[24303 24325]
[24326 24513]
[24514 24559]
[24560 24609]
[24610 24636]
[24637 24946]
[24947 25065]
[25066 25257]
[25258 25290]
[25291 25330]
[25331 25358]
[25359 25399]
[25400 25438]
[25439 25461]
[25462 25511]
[25512 25659]
[25660 25736]
[25737 25812]
[25813 25908]
[25909 25999]
[26000 26099]
[26100 26211]
[26212 26301]
[26302 26380]
[26381 26781]
[26783 26879]
[26880 26957]
[26958 27037]
[27038 27096]
[27097 27142]
[27143 27216]
[27217 27258]
[27259 27318]
[27319 27325]
[27326 27398]
[27399 27442]
[27443 27772]
[27773 28260]
[28261 28401]
[28402 28431]
[28432 28553]
[28554 28589]
[28590 28640]
[28641 28707]
[28708 28925]
[28926 28993]
[28994 29075]
[29076 29114]
[29115 29148]
[29149 29213]
[29214 29314]
[29315 29371]
[29372 29432]
[29433 29522]
[29523 29780]
[29781 29844]
[29845 29893]
[29894 30012]
[30013 30092]
[30093 30152]
[30153 30200]
[30201 30276]
[30277 30385]
[30386 30497]
[30498 30612]
[30613 30638]
[30639 30715]
[30716 30784]
[30785 30829]
[30830 30862]
[30863 30894]
[30895 30920]
[30921 30997]
[30998 31052]
[31053 31111]
[31112 31203]
[31204 31249]
[31250 31293]
[31294 31341]
[31342 31365]
[31366 31420]
[31421 31459]
[31460 31507]
[31508 31561]
[31562 31931]
[31932 31999]
