[ 0 25]
[27 46]
[47 66]
[ 68 111]
[113 205]
[206 519]
[520 577]
[578 613]
[614 643]
[644 671]
[672 704]
[705 734]
[735 764]
[765 828]
[829 861]
[862 892]
[893 923]
[924 953]
[954 997]
[ 998 1032]
[1033 1061]
[1062 1153]
[1154 1520]
[1521 1563]
[1564 1643]
[1644 1731]
[1732 1768]
[1769 1809]
[1810 1861]
[1862 1882]
[1883 1926]
[1927 1962]
[1963 2000]
[2001 2023]
[2024 2057]
[2058 2099]
[2100 2140]
[2141 2175]
[2176 2243]
[2244 2308]
[2309 2354]
[2355 2391]
[2392 2463]
[2464 2529]
[2530 2578]
[2579 2610]
[2611 2884]
[2885 2968]
[2969 3029]
[3030 3109]
[3110 3155]
[3156 3685]
[3686 3773]
[3774 3829]
[3830 3876]
[3877 3927]
[3928 3956]
[3957 3997]
[3998 4043]
[4044 4188]
[4189 4302]
[4303 4354]
[4355 4399]
[4400 4448]
[4449 4506]
[4507 4540]
[4541 4605]
[4606 4660]
[4661 4716]
[4717 4822]
[4823 4892]
[4893 4957]
[4958 5025]
[5026 5086]
[5087 5229]
[5230 5285]
[5286 5340]
[5341 5652]
[5653 5706]
[5707 5745]
[5746 5786]
[5787 5825]
[5826 5868]
[5869 5979]
[5980 6015]
[6016 6170]
[6171 6321]
[6322 6657]
[6658 6713]
[6714 6752]
[6753 6800]
[6801 6840]
[6841 6879]
[6880 6905]
[6906 6967]
[6968 7000]
[7001 7041]
[7042 7082]
[7083 7125]
[7126 7170]
[7171 7209]
[7210 7236]
[7237 7628]
[7629 7751]
[7752 7874]
[7875 7988]
[7989 8099]
[8100 8214]
[8215 8590]
[8591 8616]
[8617 8667]
[8668 8718]
[8719 8781]
[8782 8820]
[8821 8857]
[8858 8875]
[8876 8938]
[8939 9001]
[9002 9016]
[9017 9093]
[9094 9573]
[9574 9681]
[9682 9734]
[9735 9765]
[9766 9815]
[9816 9933]
[9934 9993]
[ 9994 10059]
[10060 10144]
[10145 10180]
[10182 10306]
[10307 10346]
[10347 10417]
[10418 10476]
[10477 10525]
[10526 10586]
[10587 10700]
[10701 10794]
[10795 11200]
[11201 11295]
[11296 11361]
[11362 11408]
[11409 11557]
[11558 11962]
[11963 12014]
[12015 12074]
[12075 12142]
[12143 12208]
[12209 12279]
[12280 12320]
[12321 12780]
[12781 12850]
[12851 12989]
[12990 13108]
[13109 13212]
[13213 13502]
[13503 13822]
[13823 13852]
[13854 13931]
[13933 14028]
[14029 14076]
[14078 14133]
[14134 14184]
[14185 14245]
[14246 14305]
[14306 14347]
[14348 14436]
[14437 14485]
[14486 14534]
[14535 14590]
[14591 14632]
[14633 14668]
[14669 14744]
[14745 15126]
[15127 15200]
[15201 15279]
[15280 15439]
[15440 15524]
[15525 15602]
[15603 15690]
[15691 15746]
[15747 15798]
[15799 15856]
[15857 15895]
[15896 15964]
[15965 16081]
[16082 16185]
[16186 16320]
[16321 16354]
[16355 16775]
[16776 16829]
[16830 16872]
[16873 16939]
[16940 16967]
[16968 17117]
[17118 17158]
[17159 17293]
[17294 17344]
[17345 17398]
[17399 17459]
[17460 17525]
[17526 17567]
[17568 17655]
[17656 17750]
[17751 17798]
[17799 17866]
[17867 17898]
[17899 17958]
[17959 18460]
[18461 18532]
[18533 18602]
[18603 18712]
[18713 18782]
[18783 18865]
[18866 18945]
[18946 19060]
[19061 19126]
[19127 19191]
[19192 19268]
[19269 19348]
[19349 19418]
[19419 19527]
[19528 19634]
[19635 19723]
[19724 19792]
[19793 20190]
[20191 20256]
[20257 20335]
[20336 20386]
[20387 20422]
[20423 20468]
[20469 20522]
[20523 20592]
[20593 20702]
[20703 20797]
[20798 20852]
[20853 20879]
[20880 20914]
[20915 20973]
[20974 21095]
[21096 21126]
[21127 21168]
[21169 21225]
[21226 21268]
[21269 21310]
[21311 21342]
[21343 21631]
[21632 21744]
[21745 21842]
[21843 21916]
[21917 22014]
[22015 22111]
[22112 22157]
[22158 22210]
[22211 22237]
[22238 22332]
[22333 22372]
[22373 22409]
[22410 22496]
[22497 22571]
[22572 22640]
[22641 22716]
[22717 22789]
[22790 22838]
[22839 23194]
[23195 23405]
[23406 23506]
[23507 23629]
[23630 23741]
[23742 23959]
[23960 24034]
[24035 24178]
[24179 24331]
[24332 24397]
[24398 24485]
[24486 24513]
[24514 24793]
[24794 24880]
[24881 24964]
[24965 25049]
[25050 25139]
[25140 25226]
[25227 25289]
[25290 25348]
[25349 25427]
[25428 25690]
[25691 26044]
[26045 26107]
[26108 26582]
[26583 26669]
[26670 27267]
[27268 27595]
[27596 27887]
[27888 27962]
[27963 27995]
[27996 28054]
[28055 28089]
[28090 28128]
[28129 28187]
[28188 28230]
[28231 28283]
[28284 28383]
[28384 28429]
[28430 28465]
[28466 28512]
[28513 28561]
[28562 28610]
[28611 28654]
[28655 28680]
[28681 28715]
[28716 28744]
[28745 28837]
[28838 29023]
[29024 29302]
[29303 29434]
[29435 29508]
[29509 29827]
[29828 29920]
[29921 30019]
[30020 30095]
[30096 30194]
[30195 30278]
[30279 30385]
[30386 30471]
[30472 30541]
[30542 30585]
[30586 30678]
[30679 30734]
[30735 30809]
[30810 30874]
[30875 30921]
[30922 30944]
[30945 31261]
[31262 31349]
