[ 0 26]
[28 47]
[48 67]
[ 69 112]
[114 185]
[186 478]
[479 534]
[535 570]
[571 600]
[601 628]
[629 661]
[662 691]
[692 721]
[722 753]
[754 785]
[786 818]
[819 849]
[850 880]
[881 910]
[911 954]
[955 989]
[ 990 1108]
[1109 1519]
[1520 1571]
[1572 1658]
[1659 1699]
[1700 1896]
[1897 2043]
[2044 2192]
[2193 2235]
[2236 2325]
[2326 2363]
[2364 2617]
[2618 2822]
[2823 2879]
[2880 2943]
[2944 3000]
[3001 3112]
[3113 3186]
[3187 3779]
[3780 3827]
[3828 3870]
[3871 3911]
[3912 3999]
[4000 4097]
[4098 4131]
[4132 4192]
[4193 4216]
[4217 4335]
[4336 4426]
[4427 4477]
[4478 4602]
[4603 4638]
[4639 4678]
[4679 4751]
[4752 4811]
[4812 4872]
[4873 4918]
[4919 4980]
[4981 5053]
[5054 5078]
[5079 5109]
[5110 5151]
[5152 5530]
[5531 5576]
[5577 5627]
[5628 5670]
[5671 5716]
[5717 5766]
[5767 5809]
[5810 5853]
[5854 5896]
[5897 5942]
[5943 6014]
[6015 6217]
[6218 6268]
[6269 6317]
[6318 6378]
[6379 6441]
[6442 6495]
[6496 6598]
[6599 6639]
[6640 6952]
[6953 6989]
[6990 7053]
[7054 7109]
[7110 7173]
[7174 7214]
[7215 7270]
[7271 7649]
[7650 7673]
[7674 7739]
[7740 7820]
[7821 7884]
[7885 7945]
[7946 8025]
[8026 8091]
[8092 8186]
[8187 8239]
[8240 8311]
[8312 8395]
[8396 8832]
[8833 8948]
[8949 9013]
[9014 9086]
[9087 9185]
[9186 9263]
[9264 9314]
[9315 9407]
[9408 9509]
[9510 9611]
[9612 9701]
[9702 9767]
[9768 9895]
[9896 9975]
[ 9976 10074]
[10075 10190]
[10191 10268]
[10269 10341]
[10342 10413]
[10414 10804]
[10805 10929]
[10930 11012]
[11013 11096]
[11097 11168]
[11169 11243]
[11244 11299]
[11300 11389]
[11390 11466]
[11467 11528]
[11529 11605]
[11606 11666]
[11667 11751]
[11752 11875]
[11876 12003]
[12004 12121]
[12122 12244]
[12245 12365]
[12366 12468]
[12469 12503]
[12504 12813]
[12814 12893]
[12894 13030]
[13031 13090]
[13091 13181]
[13182 13249]
[13250 13348]
[13349 13450]
[13451 13532]
[13533 13581]
[13582 13644]
[13645 13698]
[13699 13768]
[13769 13834]
[13835 13905]
[13906 13972]
[13973 13991]
[13992 14040]
[14041 14086]
[14087 14132]
[14133 14179]
[14180 14240]
[14241 14310]
[14311 14380]
[14381 14426]
[14427 14475]
[14476 14522]
[14523 14581]
[14582 14863]
[14864 15032]
[15033 15170]
[15171 15310]
[15311 15442]
[15443 15528]
[15529 15662]
[15663 15689]
[15690 15735]
[15736 15844]
[15845 15981]
[15982 16294]
[16295 16414]
[16415 16506]
[16507 16590]
[16591 16668]
[16669 16763]
[16764 16867]
[16868 17044]
[17045 17137]
[17138 17197]
[17198 17267]
[17268 17582]
[17583 17619]
[17620 17662]
[17663 17726]
[17727 17763]
[17764 17844]
[17845 17891]
[17892 17961]
[17962 18064]
[18065 18113]
[18114 18161]
[18162 18202]
[18203 18242]
[18243 18323]
[18324 18379]
[18380 18433]
[18434 18505]
[18506 18540]
[18541 18787]
[18788 18865]
[18866 18948]
[18949 19033]
[19034 19145]
[19146 19244]
[19245 19345]
[19346 19397]
[19398 19464]
[19465 19527]
[19528 19599]
[19600 19672]
[19673 19763]
[19764 20126]
[20127 20271]
[20272 20404]
[20405 20475]
[20476 20546]
[20547 20770]
[20771 20840]
[20841 20911]
[20912 20977]
[20978 21050]
[21051 21127]
[21128 21189]
[21190 21319]
[21320 21363]
[21364 21410]
[21411 21462]
[21463 21499]
[21500 21537]
[21538 21580]
[21581 21625]
[21626 21678]
[21679 21755]
[21756 22063]
[22064 22190]
[22191 22239]
[22240 22291]
[22292 22385]
[22386 22425]
[22426 22543]
[22544 22574]
[22575 22634]
[22635 22706]
[22707 22751]
[22752 22824]
[22825 22864]
[22865 22913]
[22914 23007]
[23008 23130]
[23131 23179]
[23180 23231]
[23232 23325]
[23326 23365]
[23366 23483]
[23484 23500]
[23501 23533]
[23534 24567]
[24568 24718]
[24719 24850]
[24851 24971]
[24972 25096]
[25097 25285]
[25286 25437]
[25438 25523]
[25524 25790]
[25791 26131]
[26132 26190]
[26191 26242]
[26243 26404]
[26405 26632]
[26633 26848]
[26849 27085]
[27086 27375]
[27376 27477]
[27478 27516]
[27517 27980]
[27981 28024]
[28025 28065]
[28066 28151]
[28152 28223]
[28224 28329]
[28330 28404]
[28405 28460]
[28461 28521]
[28522 28753]
[28754 28783]
[28784 28964]
[28965 29027]
[29028 29082]
[29083 29144]
[29145 29168]
[29169 29226]
[29227 29268]
[29269 29458]
[29459 29519]
[29520 29573]
[29574 29628]
[29629 29671]
[29672 29718]
[29719 29773]
[29774 29841]
[29842 29897]
[29898 30236]
[30237 30305]
[30306 30374]
[30375 30419]
[30420 30482]
[30483 30543]
[30544 30604]
[30605 30684]
[30685 30767]
[30768 30872]
[30873 30981]
[30982 31099]
[31100 31242]
[31243 31332]
[31333 31681]
[31682 31856]
[31857 31922]
[31923 32000]
[32001 32039]
[32040 32090]
[32091 32148]
[32149 32263]
[32264 32337]
[32338 32380]
[32381 32423]
[32424 32461]
[32462 32495]
[32496 32543]
[32544 32794]
[32795 32856]
[32857 32897]
[32898 32940]
[32941 33069]
[33070 33126]
[33127 33213]
[33214 33274]
[33275 33416]
[33417 33473]
[33474 33533]
[33534 33644]
[33645 33674]
[33675 33802]
[33803 33911]
[33912 33967]
[33968 34286]
[34287 34399]
