[ 0 24]
[26 45]
[46 65]
[ 67 110]
[112 213]
[214 757]
[758 812]
[813 838]
[839 876]
[877 905]
[906 939]
[940 971]
[972 992]
[ 993 1029]
[1030 1063]
[1064 1120]
[1121 1167]
[1168 1188]
[1189 1270]
[1271 1962]
[1963 2001]
[2002 2039]
[2040 2074]
[2075 2119]
[2120 2158]
[2159 2202]
[2203 2252]
[2253 2322]
[2323 2434]
[2435 2469]
[2470 2530]
[2531 2660]
[2661 2687]
[2688 2752]
[2753 2783]
[2784 2793]
[2794 2863]
[2864 2982]
[2983 3028]
[3029 3111]
[3112 3157]
[3158 3262]
[3263 3320]
[3321 3370]
[3371 3423]
[3424 3445]
[3447 3709]
[3710 4068]
[4070 4157]
[4158 4288]
[4289 4340]
[4341 4377]
[4378 4432]
[4433 4500]
[4501 4699]
[4700 4795]
[4796 4842]
[4843 4899]
[4900 4956]
[4957 4999]
[5000 5072]
[5073 5114]
[5115 5165]
[5166 5254]
[5255 5299]
[5300 5340]
[5341 5378]
[5379 5762]
[5763 5822]
[5823 5863]
[5864 5918]
[5919 5952]
[5953 6027]
[6028 6070]
[6071 6100]
[6101 6156]
[6157 6216]
[6217 6247]
[6248 6341]
[6342 6363]
[6364 6421]
[6422 6546]
[6547 6609]
[6610 6668]
[6669 6724]
[6725 6801]
[6802 6867]
[6868 7062]
[7063 7158]
[7159 7190]
[7191 7248]
[7249 7270]
[7271 7682]
[7683 7727]
[7728 7786]
[7787 7823]
[7824 7862]
[7863 7911]
[7912 7953]
[7954 8022]
[8023 8190]
[8191 8221]
[8222 8274]
[8275 8335]
[8336 8417]
[8418 8485]
[8486 8526]
[8527 8557]
[8558 8584]
[8585 8612]
[8613 8819]
[8820 8899]
[8900 8953]
[8954 9017]
[9018 9069]
[9070 9106]
[9107 9380]
[9381 9452]
[9453 9512]
[9513 9545]
[9546 9571]
[9572 9638]
[9639 9700]
[9701 9750]
[9751 9823]
[9824 9924]
[9925 9988]
[ 9989 10055]
[10056 10106]
[10107 10167]
[10168 10227]
[10228 10284]
[10285 10833]
[10834 10883]
[10884 10969]
[10970 10999]
[11000 11050]
[11051 11111]
[11112 11247]
[11248 11284]
[11285 11322]
[11323 11351]
[11352 11392]
[11393 11425]
[11426 11454]
[11455 11475]
[11476 11507]
[11508 11536]
[11537 11595]
[11596 11652]
[11653 11683]
[11684 11730]
[11731 11927]
[11928 11960]
[11961 12009]
[12010 12053]
[12054 12119]
[12120 12167]
[12168 12224]
[12225 12259]
[12260 12306]
[12307 12364]
[12365 12455]
[12456 12494]
[12495 12543]
[12544 12668]
[12669 12698]
[12699 12822]
[12823 13176]
[13177 13243]
[13244 13494]
[13495 13556]
[13557 13626]
[13627 13728]
[13729 13815]
[13816 13908]
[13909 13983]
[13984 14132]
[14133 14180]
[14181 14278]
[14279 14386]
[14387 14485]
[14486 14574]
[14575 14621]
[14622 14939]
[14940 14996]
[14997 15513]
[15514 15711]
[15712 15839]
[15840 15912]
[15913 16002]
[16003 16035]
[16036 16403]
[16404 16659]
[16661 16866]
[16867 16977]
[16978 17064]
[17065 17221]
[17222 17261]
[17262 17319]
[17320 17361]
[17362 17743]
[17744 17768]
[17769 17839]
[17840 17878]
[17879 17927]
[17928 17973]
[17974 18010]
[18011 18050]
[18051 18090]
[18091 18125]
[18126 18164]
[18165 18209]
[18210 18242]
[18243 18367]
[18368 18574]
[18575 18714]
[18715 18867]
[18868 18978]
[18979 19004]
[19005 19032]
[19033 19085]
[19086 19158]
[19159 19228]
[19229 19282]
[19283 19335]
[19336 19505]
[19506 19634]
[19635 19687]
[19688 19872]
[19873 19981]
[19982 20139]
[20140 20241]
[20242 20363]
[20364 20388]
[20389 20505]
[20506 20721]
[20722 20800]
[20801 20874]
[20875 20954]
[20955 20999]
[21000 21068]
[21069 21140]
[21141 21188]
[21189 21259]
[21260 21304]
[21305 21718]
[21719 21764]
[21765 21797]
[21798 21953]
[21954 21995]
[21996 22049]
[22050 22140]
[22141 22194]
[22195 22265]
[22266 22440]
[22441 22562]
[22563 22635]
[22636 22684]
[22685 22734]
[22735 22803]
[22804 22863]
[22864 22921]
[22922 22972]
[22973 23017]
[23018 23028]
[23029 23042]
[23043 23081]
[23082 23140]
[23141 23170]
[23171 23216]
[23217 23284]
[23285 23321]
[23322 23395]
[23396 23432]
[23433 23471]
[23472 23584]
[23585 23821]
[23822 23910]
[23911 24329]
[24330 24528]
[24529 24596]
[24597 24651]
[24652 24741]
[24742 25057]
[25058 25181]
[25182 25306]
[25307 25431]
[25432 25556]
[25557 25605]
[25606 25638]
[25639 25669]
[25670 25700]
[25701 25780]
[25781 25810]
[25811 25845]
[25846 25896]
[25897 26223]
[26224 26276]
[26277 26336]
[26337 26380]
[26381 26445]
[26446 26503]
[26504 26576]
[26577 26635]
[26636 26700]
[26701 26748]
[26749 26824]
[26825 26872]
[26873 27195]
[27196 27265]
[27266 27308]
[27309 27448]
[27449 27491]
[27492 27580]
[27581 27614]
[27615 27696]
[27697 27760]
[27761 27793]
[27794 27819]
[27820 27850]
[27851 27893]
[27894 27906]
[27907 28150]
[28151 28272]
[28273 28322]
[28323 28372]
[28373 28451]
[28452 28514]
[28515 28577]
[28578 28626]
[28627 28706]
[28707 28762]
[28763 28817]
[28818 28849]
[28850 28901]
[28902 28951]
[28952 28998]
[28999 29373]
[29374 29413]
[29414 29479]
[29480 29523]
[29524 29598]
[29599 29650]
[29651 29728]
[29729 29810]
[29811 29852]
[29853 30161]
[30162 30275]
[30276 30526]
[30527 30559]
[30560 30617]
[30618 30676]
[30677 30735]
[30736 30814]
[30815 30860]
[30861 30916]
[30917 31140]
[31141 31190]
[31191 31238]
[31239 31323]
[31324 31361]
[31362 31420]
[31421 31474]
[31475 31549]
[31550 31588]
[31589 31903]
[31904 31933]
[31934 31964]
[31965 32010]
[32011 32262]
[32263 32349]
