[ 0 26]
[28 47]
[48 67]
[ 69 112]
[114 190]
[191 484]
[485 543]
[544 576]
[577 604]
[605 637]
[638 670]
[671 711]
[712 745]
[746 771]
[772 794]
[795 848]
[ 849 1279]
[1280 1319]
[1320 1356]
[1357 1410]
[1411 1459]
[1460 1526]
[1527 1584]
[1585 1620]
[1621 1830]
[1831 1872]
[1873 2157]
[2158 2185]
[2186 2250]
[2251 2292]
[2293 2331]
[2332 2349]
[2350 2546]
[2547 2618]
[2619 2693]
[2694 2778]
[2779 3227]
[3228 3367]
[3368 3394]
[3395 3444]
[3445 3511]
[3512 3547]
[3548 3601]
[3602 3652]
[3653 3766]
[3767 3803]
[3804 3887]
[3888 3945]
[3946 3979]
[3980 4031]
[4032 4085]
[4086 4124]
[4125 4158]
[4159 4195]
[4196 4238]
[4239 4271]
[4272 4298]
[4299 4383]
[4384 4411]
[4412 4449]
[4450 4478]
[4479 4559]
[4560 4606]
[4607 4641]
[4642 4676]
[4677 4986]
[4987 5057]
[5058 5125]
[5126 5184]
[5185 5262]
[5263 5317]
[5318 5376]
[5377 5412]
[5413 5456]
[5457 5508]
[5509 5681]
[5682 5743]
[5744 5925]
[5926 6007]
[6008 6073]
[6074 6106]
[6107 6231]
[6232 6303]
[6304 6348]
[6349 6434]
[6435 6708]
[6709 6726]
[6727 6829]
[6830 6943]
[6944 7047]
[7048 7169]
[7170 7268]
[7269 7376]
[7377 7429]
[7430 7530]
[7531 7618]
[7619 7762]
[7763 7853]
[7854 7967]
[7968 8029]
[8030 8153]
[8154 8204]
[8205 8659]
[8660 8720]
[8721 8761]
[8762 8828]
[8829 8899]
[8900 9002]
[9003 9169]
[9170 9231]
[9232 9280]
[9281 9404]
[9405 9554]
[9555 9608]
[9609 9661]
[9662 9715]
[9716 9764]
[9765 9828]
[9829 9895]
[9896 9977]
[ 9978 10025]
[10026 10057]
[10058 10417]
[10418 10510]
[10511 10573]
[10574 10653]
[10654 10733]
[10734 10804]
[10805 10859]
[10860 10947]
[10948 10986]
[10987 11035]
[11036 11086]
[11087 11133]
[11134 11192]
[11193 11237]
[11238 11330]
[11331 11372]
[11373 11412]
[11413 11443]
[11444 11578]
[11579 11641]
[11642 11708]
[11709 11762]
[11763 11900]
[11901 11939]
[11940 11967]
[11968 11997]
[11998 12041]
[12042 12080]
[12081 12124]
[12125 12261]
[12262 12334]
[12335 12554]
[12555 12944]
[12945 13050]
[13051 13086]
[13087 13120]
[13121 13161]
[13162 13199]
[13200 13243]
[13244 13407]
[13408 13466]
[13467 13640]
[13641 13724]
[13725 13822]
[13823 13907]
[13908 13988]
[13989 14160]
[14161 14633]
[14634 14783]
[14784 14933]
[14934 14996]
[14997 15178]
[15179 15223]
[15224 15437]
[15438 15527]
[15528 15677]
[15678 15802]
[15803 15927]
[15928 16052]
[16053 16129]
[16130 16274]
[16275 16438]
[16439 16505]
[16506 16642]
[16643 16656]
[16657 16658]
[16659 16724]
[16725 17170]
[17171 17273]
[17274 17329]
[17330 17376]
[17377 17463]
[17464 17541]
[17542 17616]
[17617 17677]
[17678 17735]
[17736 17761]
[17762 17811]
[17812 17880]
[17881 17912]
[17913 17937]
[17938 17992]
[17993 18044]
[18045 18132]
[18133 18247]
[18248 18614]
[18615 18849]
[18850 19183]
[19184 19413]
[19414 19574]
[19575 19821]
[19822 19936]
[19937 19976]
[19977 20030]
[20031 20125]
[20126 20159]
[20160 20331]
[20332 20409]
[20410 20495]
[20496 20563]
[20564 20639]
[20640 20725]
[20726 20802]
[20803 20847]
[20848 20895]
[20896 20934]
[20935 20990]
[20991 21309]
[21310 21383]
[21384 21456]
[21457 21540]
[21541 21656]
[21657 21740]
[21741 21794]
[21795 21871]
[21872 21943]
[21944 22027]
[22028 22090]
[22091 22170]
[22171 22237]
[22238 22310]
[22311 22593]
[22594 22679]
[22680 22741]
[22742 22823]
[22824 22869]
[22870 22931]
[22932 22989]
[22990 23043]
[23044 23097]
[23098 23172]
[23173 23201]
[23202 23294]
[23295 23360]
[23361 23440]
[23441 23492]
[23493 23541]
[23542 23593]
[23594 23630]
[23631 23888]
[23889 24021]
[24022 24067]
[24068 24150]
[24151 24209]
[24210 24283]
[24284 24336]
[24337 24379]
[24380 24468]
[24469 24538]
[24539 24611]
[24612 24682]
[24683 24740]
[24741 24793]
[24794 24853]
[24854 24902]
[24903 25163]
[25164 25519]
[25520 25700]
[25701 25820]
[25821 25871]
[25872 25932]
[25933 26012]
[26013 26069]
[26070 26158]
[26159 26227]
[26228 26489]
[26490 26636]
[26637 26825]
[26826 26908]
[26909 27137]
[27138 27250]
[27251 27384]
[27385 27533]
[27534 27738]
[27739 28024]
[28025 28188]
[28189 28280]
[28281 28352]
[28353 28492]
[28493 28595]
[28596 28938]
[28939 28999]
