[ 0 20]
[22 41]
[42 61]
[ 63 106]
[108 203]
[204 611]
[612 668]
[669 704]
[705 733]
[734 760]
[761 795]
[796 836]
[837 878]
[879 914]
[915 965]
[ 966 1403]
[1404 1430]
[1431 1514]
[1515 1597]
[1598 1697]
[1698 1770]
[1771 1855]
[1856 1939]
[1940 2045]
[2046 2144]
[2145 2262]
[2263 2303]
[2304 2336]
[2337 2379]
[2380 3054]
[3055 3093]
[3094 3176]
[3177 3242]
[3243 3273]
[3274 3336]
[3337 3364]
[3365 3406]
[3407 3433]
[3434 3481]
[3482 3519]
[3520 3568]
[3569 3607]
[3608 3724]
[3725 3771]
[3772 3869]
[3870 3894]
[3895 3920]
[3921 3955]
[3956 3999]
[4000 4076]
[4077 4185]
[4186 4211]
[4212 4282]
[4283 4347]
[4348 4395]
[4396 5064]
[5065 5134]
[5135 5203]
[5204 5284]
[5285 5375]
[5376 5437]
[5438 5467]
[5468 5559]
[5560 5644]
[5645 5768]
[5769 5871]
[5872 6005]
[6006 6106]
[6107 6256]
[6257 6314]
[6315 6366]
[6367 6441]
[6443 6475]
[6476 6924]
[6925 6980]
[6981 7034]
[7035 7094]
[7095 7140]
[7141 7193]
[7194 7274]
[7275 7336]
[7337 7428]
[7429 7455]
[7456 7506]
[7507 7543]
[7544 7583]
[7584 7626]
[7627 7790]
[7791 7833]
[7834 7878]
[7879 7940]
[7941 8021]
[8022 8166]
[8167 8276]
[8277 8323]
[8324 8378]
[8379 8427]
[8428 8590]
[8591 8761]
[8762 8821]
[8822 8892]
[8893 8966]
[8967 8986]
[8987 9537]
[9538 9700]
[9701 9793]
[ 9794 10105]
[10106 10153]
[10154 10231]
[10232 10298]
[10299 10332]
[10333 10372]
[10373 10422]
[10423 10469]
[10470 10519]
[10520 10631]
[10632 10666]
[10667 10692]
[10693 10748]
[10749 10844]
[10845 11015]
[11016 11085]
[11086 11135]
[11136 11185]
[11186 11259]
[11260 11297]
[11298 11356]
[11357 11399]
[11400 11461]
[11462 11490]
[11491 11997]
[11998 12034]
[12035 12110]
[12111 12201]
[12202 12333]
[12334 12390]
[12391 12449]
[12450 12511]
[12512 12654]
[12655 12795]
[12796 12935]
[12936 12992]
[12993 13271]
[13272 13353]
[13354 13395]
[13396 13639]
[13640 13785]
[13786 13913]
[13914 14105]
[14106 14200]
[14201 14288]
[14289 14368]
[14369 14430]
[14431 14478]
[14479 14549]
[14550 14624]
[14625 14901]
[14902 15161]
[15162 15646]
[15647 15783]
[15784 16085]
[16086 16435]
[16436 16631]
[16632 16860]
[16861 17038]
[17039 17106]
[17107 17291]
[17292 17331]
[17332 17387]
[17388 17451]
[17452 17745]
[17746 17808]
[17809 17855]
[17856 17932]
[17933 17991]
[17992 18046]
[18047 18190]
[18191 18279]
[18280 18322]
[18323 18401]
[18402 18442]
[18443 18543]
[18544 18580]
[18581 18622]
[18623 18683]
[18684 18708]
[18709 18761]
[18762 18822]
[18823 18867]
[18868 18914]
[18915 18954]
[18955 19002]
[19003 19070]
[19071 19126]
[19127 19260]
[19261 19527]
[19528 19690]
[19691 19811]
[19812 19890]
[19891 19983]
[19984 20015]
[20016 20062]
[20063 20109]
[20110 20176]
[20177 20189]
[20190 20258]
[20259 20285]
[20286 20377]
[20378 20452]
[20453 20512]
[20513 20543]
[20544 20586]
[20587 20838]
[20839 20967]
[20968 21021]
[21022 21086]
[21087 21146]
[21147 21282]
[21283 21310]
[21311 21346]
[21347 21427]
[21428 21468]
[21469 21500]
[21501 21554]
[21555 21588]
[21589 21621]
[21622 21660]
[21661 21719]
[21720 21744]
[21745 21793]
[21794 21839]
[21840 21860]
[21861 21917]
[21918 21955]
[21956 21998]
[21999 22237]
[22238 22437]
[22438 22550]
[22551 22572]
[22573 23019]
[23020 23114]
[23115 23200]
[23201 23272]
[23273 23415]
[23416 23560]
[23561 23633]
[23634 23708]
[23709 23755]
[23756 23850]
[23851 23886]
[23887 23932]
[23933 24231]
[24232 24315]
[24316 24318]
[24319 24391]
[24392 24449]
[24450 24509]
[24510 24573]
[24574 24638]
[24639 24744]
[24745 24787]
[24788 24847]
[24848 24922]
[24923 24965]
[24966 25000]
[25001 25083]
[25084 25128]
[25129 25187]
[25188 25378]
[25379 25472]
[25473 25547]
[25548 25632]
[25633 25705]
[25706 25753]
[25754 25834]
[25835 25915]
[25916 26008]
[26009 26081]
[26082 26143]
[26144 26204]
[26205 26624]
[26625 26708]
[26709 26856]
[26857 26962]
[26963 27015]
[27016 27243]
[27244 27312]
[27313 27553]
[27554 27625]
[27626 27868]
[27869 27971]
[27972 28112]
[28113 28202]
[28203 28271]
[28272 28359]
[28360 28417]
[28418 28507]
[28508 28593]
[28594 28688]
[28689 28761]
[28762 28824]
[28825 28876]
[28877 28954]
[28955 28971]
[28972 29093]
[29094 29363]
[29364 29428]
[29429 29474]
[29475 29518]
[29519 29557]
[29558 29597]
[29598 29660]
[29661 29727]
[29728 29803]
[29804 29846]
[29847 29889]
[29890 29931]
[29932 29977]
[29978 30009]
[30010 30034]
[30035 30064]
[30065 30185]
[30186 30258]
[30259 30814]
[30816 30899]
