[ 0 22]
[24 43]
[44 63]
[ 65 108]
[110 171]
[172 624]
[625 681]
[682 710]
[711 736]
[737 761]
[762 787]
[788 808]
[809 837]
[838 862]
[863 888]
[889 905]
[906 931]
[932 942]
[943 972]
[973 999]
[1000 1024]
[1025 1125]
[1126 1588]
[1589 1645]
[1646 1712]
[1713 1808]
[1809 1945]
[1946 2013]
[2014 2043]
[2044 2133]
[2134 2147]
[2148 2166]
[2167 2201]
[2202 2231]
[2232 2258]
[2259 2287]
[2288 2328]
[2329 2386]
[2387 2427]
[2428 2507]
[2508 2509]
[2510 2540]
[2541 2583]
[2584 2671]
[2672 2721]
[2722 2769]
[2770 2803]
[2804 2846]
[2847 2887]
[2888 2944]
[2945 3063]
[3064 3474]
[3475 3613]
[3614 3733]
[3734 3822]
[3823 3852]
[3853 3909]
[3910 3939]
[3940 4013]
[4014 4039]
[4040 4074]
[4075 4120]
[4121 4140]
[4141 4188]
[4189 4217]
[4218 4295]
[4296 4366]
[4367 4394]
[4395 4425]
[4426 4501]
[4502 4541]
[4542 4969]
[4970 5026]
[5027 5093]
[5094 5171]
[5172 5240]
[5241 5331]
[5332 5385]
[5386 5436]
[5437 5478]
[5479 5519]
[5520 5585]
[5586 5635]
[5636 5700]
[5701 5784]
[5785 6515]
[6516 6561]
[6562 6620]
[6621 6664]
[6665 6719]
[6720 6773]
[6774 6799]
[6800 6850]
[6851 6901]
[6902 6964]
[6965 7003]
[7004 7040]
[7041 7058]
[7059 7121]
[7122 7184]
[7185 7311]
[7312 7376]
[7377 7421]
[7422 7470]
[7471 7490]
[7491 7557]
[7558 7612]
[7613 7685]
[7686 7749]
[7750 7816]
[7817 7875]
[7876 7920]
[7921 7953]
[7954 8022]
[8023 8078]
[8079 8116]
[8117 8171]
[8172 8209]
[8210 8576]
[8577 8597]
[8598 8639]
[8640 8666]
[8667 8694]
[8695 8723]
[8724 8766]
[8767 8791]
[8792 9007]
[9008 9277]
[9278 9314]
[9315 9369]
[9370 9392]
[9393 9421]
[9422 9443]
[9444 9662]
[9663 9700]
[9701 9723]
[9724 9760]
[9761 9795]
[9796 9826]
[9827 9849]
[9850 9880]
[9881 9937]
[ 9938 10315]
[10316 10407]
[10408 10454]
[10455 10508]
[10509 10556]
[10557 10581]
[10582 10705]
[10706 10820]
[10821 10925]
[10926 11020]
[11021 11103]
[11104 11166]
[11167 11207]
[11208 11340]
[11341 11389]
[11390 11417]
[11418 11445]
[11446 11520]
[11521 11584]
[11585 11632]
[11633 11663]
[11664 11690]
[11691 12069]
[12070 12176]
[12177 12248]
[12249 12301]
[12302 12357]
[12358 12411]
[12412 12593]
[12594 12657]
[12658 12704]
[12705 12759]
[12760 12826]
[12827 12846]
[12847 12869]
[12870 12989]
[12990 13191]
[13192 13237]
[13238 13300]
[13301 13380]
[13381 13408]
[13409 13442]
[13443 13499]
[13500 13545]
[13546 13622]
[13623 13940]
[13941 13993]
[13994 14048]
[14049 14081]
[14082 14127]
[14128 14184]
[14185 14242]
[14243 14359]
[14360 14465]
[14466 14552]
[14553 14979]
[14980 15135]
[15136 15250]
[15251 15285]
[15286 15343]
[15344 15415]
[15416 15491]
[15492 15631]
[15632 15677]
[15678 15715]
[15716 15743]
[15744 15774]
[15775 15827]
[15828 15870]
[15871 15937]
[15938 16106]
[16107 16442]
[16443 16519]
[16520 16584]
[16585 16650]
[16651 16703]
[16704 16778]
[16779 16828]
[16829 16922]
[16923 16969]
[16970 17015]
[17016 17057]
[17058 17128]
[17129 17181]
[17182 17244]
[17245 17314]
[17315 17387]
[17388 17458]
[17459 17884]
[17885 18006]
[18007 18159]
[18160 18198]
[18199 18332]
[18333 18449]
[18450 18492]
[18493 18612]
[18613 18675]
[18676 18716]
[18717 18883]
[18884 18975]
[18976 19017]
[19018 19105]
[19106 19162]
[19163 19241]
[19242 19278]
[19279 19308]
[19309 19342]
[19343 19477]
[19478 19602]
[19603 19915]
[19916 19964]
[19965 20028]
[20029 20073]
[20074 20124]
[20125 20172]
[20173 20222]
[20223 20237]
[20238 20268]
[20269 20315]
[20316 20384]
[20385 20411]
[20412 20462]
[20463 20509]
[20510 20546]
[20547 20612]
[20613 20666]
[20667 20744]
[20745 20811]
[20812 20837]
[20838 20870]
[20871 20900]
[20901 20957]
[20958 21317]
[21318 21378]
[21379 21437]
[21438 21486]
[21487 21567]
[21569 21619]
[21620 21671]
[21672 21748]
[21749 21810]
[21811 21866]
[21867 21918]
[21919 21961]
[21962 22032]
[22033 22325]
[22326 22420]
[22421 22543]
[22544 22711]
[22712 22841]
[22842 22965]
[22966 23090]
[23091 23215]
[23216 23482]
[23483 23540]
[23541 23571]
[23572 23600]
[23601 23619]
[23620 23692]
[23693 23720]
[23721 23872]
[23873 23940]
[23941 23982]
[23983 24081]
[24082 24123]
[24124 24160]
[24161 24220]
[24221 24265]
[24266 24325]
[24326 24415]
[24416 24454]
[24455 24520]
[24521 24548]
[24549 24872]
[24873 25108]
[25109 25473]
[25474 25702]
[25703 25757]
[25758 25918]
[25919 25958]
[25959 26267]
[26268 26363]
[26364 26431]
[26432 26486]
[26487 26544]
[26545 26589]
[26590 26659]
[26660 26694]
[26695 26750]
[26751 26793]
[26794 26867]
[26868 26918]
[26919 26965]
[26966 27018]
[27019 27080]
[27081 27116]
[27117 27155]
[27156 27189]
[27190 27231]
[27232 27592]
[27593 27748]
[27749 27811]
[27812 27899]
[27900 27949]
[27950 28000]
[28001 28070]
[28071 28234]
[28235 28481]
[28482 28750]
[28751 28831]
[28832 28900]
[28901 29243]
[29244 29327]
[29328 29398]
[29399 29477]
[29478 29553]
[29554 29609]
[29610 29662]
[29663 29739]
[29740 29779]
[29780 30167]
[30168 30299]
