[  0 108]
[109 233]
[234 243]
[244 252]
[253 330]
[331 350]
[351 457]
[ 458 1119]
[1121 1153]
[1154 1184]
[1185 1224]
[1225 1420]
[1422 1507]
[1509 1564]
[1565 1589]
[1590 1659]
[1660 1730]
[1731 1768]
[1769 1813]
[1814 1840]
[1841 1907]
[1908 1942]
[1943 1967]
[1968 2033]
[2034 2136]
[2137 2154]
[2155 2174]
[2175 2197]
[2198 2247]
[2248 2276]
[2277 2395]
[2396 2636]
[2637 2678]
[2679 2736]
[2737 2793]
[2794 2914]
[2915 2967]
[2968 3025]
[3026 3113]
[3114 3394]
[3395 3420]
[3421 3553]
[3554 3603]
[3604 3645]
[3646 3687]
[3688 3909]
[3910 4009]
[4010 4107]
[4108 4135]
[4136 4148]
[4149 4181]
[4182 4195]
[4196 4246]
[4247 4290]
[4291 4341]
[4342 4365]
[4366 4408]
[4410 4458]
[4460 4492]
[4493 4525]
[4526 4551]
[4552 4579]
[4580 4608]
[4609 4638]
[4639 4970]
[4971 4983]
[4984 5005]
[5006 5048]
[5050 5338]
[5339 5478]
[5479 5509]
[5510 5556]
[5557 5595]
[5596 5667]
[5668 5716]
[5717 5751]
[5752 5773]
[5774 5854]
[5855 5915]
[5916 5989]
[5990 6004]
[6005 6028]
[6029 6054]
[6055 6088]
[6089 6108]
[6109 6142]
[6144 6224]
[6225 6240]
[6241 6274]
[6275 6298]
[6299 6337]
[6338 6366]
[6367 6405]
[6406 6428]
[6429 6451]
[6452 6474]
[6475 6495]
[6496 6522]
[6523 6540]
[6541 6567]
[6568 6591]
[6592 6617]
[6618 6648]
[6649 6671]
[6672 6704]
[6705 6762]
[6763 6787]
[6788 6804]
[6806 6873]
[6874 6928]
[6929 6959]
[6960 6987]
[6988 7040]
[7041 7068]
[7069 7103]
[7104 7129]
[7130 7167]
[7168 7186]
[7187 7236]
[7237 7304]
[7306 7383]
[7384 7406]
[7407 7431]
[7432 7481]
[7482 7528]
[7529 7570]
[7571 7670]
[7671 7780]
[7781 7795]
[7796 7825]
[7826 7859]
[7860 7905]
[7906 8041]
[8042 8114]
[8115 8209]
[8210 8332]
[8333 8403]
[8404 8558]
[8559 8661]
[8662 8756]
[8757 8876]
[8877 9076]
[9077 9125]
[9126 9158]
[9159 9199]
[9200 9231]
[9232 9279]
[9280 9310]
[9311 9338]
[9339 9366]
[9367 9396]
[9397 9425]
[9426 9465]
[9466 9555]
[9556 9623]
[9624 9739]
[9740 9799]
[9800 9857]
[9858 9880]
[9881 9968]
[ 9969 10171]
[10172 10410]
[10411 10471]
[10472 10495]
[10496 10521]
[10522 10551]
[10552 10672]
[10673 10766]
[10767 10803]
[10804 10881]
[10882 10933]
[10934 10958]
[10959 10978]
[10979 11002]
[11003 11024]
[11025 11036]
[11037 11051]
[11052 11117]
[11118 11165]
[11166 11228]
[11229 11361]
[11362 12245]
[12246 12369]
[12370 12478]
[12479 12599]
