[  0 108]
[109 237]
[238 251]
[252 266]
[267 280]
[281 295]
[296 364]
[365 911]
[912 951]
[952 965]
[966 979]
[ 980 1077]
[1078 1094]
[1095 1160]
[1161 1198]
[1199 1281]
[1282 1365]
[1366 1489]
[1490 1529]
[1530 1674]
[1675 1693]
[1694 1717]
[1718 1753]
[1754 1770]
[1771 1789]
[1790 1870]
[1871 1935]
[1936 1984]
[1985 2014]
[2015 2101]
[2103 2131]
[2132 2151]
[2152 2170]
[2171 2183]
[2184 2199]
[2200 2219]
[2220 2234]
[2235 2266]
[2267 2294]
[2295 2422]
[2423 2464]
[2465 2560]
[2561 2649]
[2650 2676]
[2677 2717]
[2718 2755]
[2756 2805]
[2806 2834]
[2835 2875]
[2876 2895]
[2896 2935]
[2936 2994]
[2995 3031]
[3032 3249]
[3250 3306]
[3307 3548]
[3549 3565]
[3566 3645]
[3648 3906]
[3907 3934]
[3935 4027]
[4028 4063]
[4064 4096]
[4097 4136]
[4137 4170]
[4171 4203]
[4204 4234]
[4235 4272]
[4273 4304]
[4305 4357]
[4358 4408]
[4409 4479]
[4480 4518]
[4519 4546]
[4547 4573]
[4574 4608]
[4609 4650]
[4651 4690]
[4691 4758]
[4759 4795]
[4796 4832]
[4833 4865]
[4866 4913]
[4914 5003]
[5004 5032]
[5033 5060]
[5061 5087]
[5088 5134]
[5135 5258]
[5259 5291]
[5292 5329]
[5330 5367]
[5368 5409]
[5410 5449]
[5450 5491]
[5492 5524]
[5525 5556]
[5557 5599]
[5600 5624]
[5625 5653]
[5654 5671]
[5672 5708]
[5709 5741]
[5742 5798]
[5799 5939]
[5940 6057]
[6058 6158]
[6159 6249]
[6250 6313]
[6314 6380]
[6381 6512]
[6513 6718]
[6719 6843]
[6844 6920]
[6921 7031]
[7032 7174]
[7176 7697]
[7698 7756]
[7757 7808]
[7809 7939]
[7940 8091]
[8092 8156]
[8157 8287]
[8288 8335]
[8336 8391]
[8392 8472]
[8474 8561]
[8562 8641]
[8643 8752]
[8753 9063]
[9064 9206]
[9207 9269]
[9270 9329]
[9330 9539]
[9540 9630]
[ 9632 10648]
[10649 10971]
[10972 11062]
[11063 11199]
