[  0 108]
[109 227]
[228 237]
[238 246]
[247 324]
[325 344]
[345 451]
[ 452 1160]
[1161 1211]
[1212 1231]
[1232 1254]
[1255 1273]
[1274 1301]
[1302 1316]
[1317 1369]
[1370 1424]
[1425 1485]
[1486 1539]
[1540 1577]
[1578 1622]
[1623 1673]
[1674 1765]
[1766 1819]
[1820 2003]
[2005 2214]
[2215 2237]
[2238 2263]
[2264 2314]
[2315 2346]
[2347 2382]
[2383 2408]
[2409 2432]
[2433 2456]
[2457 2548]
[2549 2629]
[2630 2656]
[2657 2694]
[2695 2775]
[2776 2894]
[2895 2920]
[2921 3002]
[3003 3438]
[3439 3474]
[3475 3552]
[3553 3585]
[3586 3614]
[3615 3648]
[3649 3856]
[3857 4038]
[4039 4123]
[4124 4184]
[4185 4221]
[4222 4255]
[4256 4297]
[4298 4327]
[4328 4381]
[4382 4433]
[4434 4487]
[4488 4576]
[4577 4688]
[4689 4740]
[4741 4939]
[4940 5069]
[5070 5129]
[5130 5168]
[5169 5223]
[5224 5302]
[5303 5333]
[5334 5380]
[5381 5434]
[5435 5505]
[5506 5577]
[5578 5702]
[5703 5718]
[5719 5752]
[5753 6240]
[6241 6274]
[6275 6296]
[6297 6369]
[6370 6399]
[6400 6426]
[6427 6460]
[6461 6508]
[6509 6536]
[6537 6561]
[6562 6616]
[6617 6642]
[6643 6669]
[6670 6700]
[6701 6920]
[6921 6961]
[6962 7009]
[7010 7136]
[7137 7162]
[7163 7188]
[7189 7280]
[7281 7300]
[7301 7319]
[7320 7335]
[7336 7382]
[7383 7425]
[7426 7709]
[7710 7761]
[7762 7849]
[7850 7974]
[7975 8027]
[8028 8064]
[8065 8128]
[8129 8151]
[8153 8190]
[8191 8291]
[8292 8341]
[8342 8374]
[8375 8398]
[8399 8442]
[8443 8477]
[8478 8628]
[8629 8694]
[8695 8765]
[8766 8868]
[8869 8939]
[8940 9018]
[9019 9047]
[9048 9073]
[9074 9103]
[9104 9122]
[9123 9154]
[9155 9196]
[9197 9297]
[9298 9337]
[9338 9392]
[9393 9531]
[9532 9586]
[9587 9637]
[9638 9667]
[9668 9691]
[9692 9792]
[9793 9810]
[9811 9840]
[9841 9924]
[9925 9947]
[9948 9975]
[ 9976 10025]
[10026 10175]
[10176 10223]
[10224 10256]
[10257 10282]
[10283 10315]
[10316 10375]
[10376 10424]
[10425 10511]
[10512 10602]
[10603 10648]
[10649 10685]
[10686 10748]
[10749 10827]
[10828 10870]
[10871 10899]
[10900 10939]
[10940 11037]
[11038 11080]
[11081 11148]
[11149 11203]
[11204 11288]
[11289 11322]
[11323 11378]
[11379 11425]
[11426 11485]
[11486 11516]
[11517 11550]
[11551 11576]
[11577 11601]
[11602 11724]
[11725 12542]
[12543 12666]
[12667 12767]
[12768 12899]
