[  0 108]
[109 237]
[238 251]
[252 266]
[267 280]
[281 295]
[296 364]
[ 365 1095]
[1097 1146]
[1147 1185]
[1186 1210]
[1211 1227]
[1228 1246]
[1247 1298]
[1299 1327]
[1328 1346]
[1347 1388]
[1389 1424]
[1425 1444]
[1445 1470]
[1471 1527]
[1528 1630]
[1631 1768]
[1769 1851]
[1852 1916]
[1917 2024]
[2025 2115]
[2116 2264]
[2265 2334]
[2335 2400]
[2401 2501]
[2502 2540]
[2541 2595]
[2596 2640]
[2641 2714]
[2715 2802]
[2803 2916]
[2917 3024]
[3025 3062]
[3063 3096]
[3097 3124]
[3125 3162]
[3163 3227]
[3228 3309]
[3310 3412]
[3413 3502]
[3503 3602]
[3603 3739]
[3740 3781]
[3782 3933]
[3934 3977]
[3978 4018]
[4019 4075]
[4076 4116]
[4117 4305]
[4306 4374]
[4375 4421]
[4422 4473]
[4475 4527]
[4528 4566]
[4567 4581]
[4582 4598]
[4599 4624]
[4625 4649]
[4650 4680]
[4681 4726]
[4727 4778]
[4779 4860]
[4861 4898]
[4899 4976]
[4977 4992]
[4993 5017]
[5018 5045]
[5046 5079]
[5080 5190]
[5191 5269]
[5270 5305]
[5306 5353]
[5355 5518]
[5519 5556]
[5557 5640]
[5642 5739]
[5740 5845]
[5846 5950]
[5951 6029]
[6030 6189]
[6190 6211]
[6212 6237]
[6238 6269]
[6270 6341]
[6343 6561]
[6562 6851]
[6852 7043]
[7044 7134]
[7135 7403]
[7404 7444]
[7446 7540]
[7542 7634]
[7635 7692]
[7693 7749]
[7750 7775]
[7776 7893]
[7894 7964]
[7965 8004]
[8005 8039]
[8040 8072]
[8073 8103]
[8104 8162]
[8163 8219]
[8220 8265]
[8266 8331]
[8332 8444]
[8445 8627]
[8628 8682]
[8683 8722]
[8723 8767]
[8768 8804]
[8805 8821]
[8822 8838]
[8839 8866]
[8867 8941]
[8942 8974]
[8975 8999]
[9000 9044]
[9045 9063]
[9064 9094]
[9095 9234]
[9236 9293]
[9294 9362]
[9363 9445]
[9446 9515]
[9516 9581]
[9582 9631]
[9632 9693]
[9694 9732]
[9733 9793]
[9794 9869]
[ 9871 10016]
[10017 10112]
[10113 10161]
[10162 10186]
[10187 10340]
[10341 10401]
[10402 10527]
[10528 10682]
[10683 10697]
[10698 10735]
[10736 11789]
[11790 11991]
[11992 12106]
[12107 12199]
