[  0 108]
[109 233]
[234 243]
[244 252]
[253 330]
[331 350]
[351 457]
[ 458 1240]
[1241 1256]
[1257 1290]
[1291 1323]
[1324 1342]
[1343 1391]
[1392 1426]
[1427 1477]
[1478 1493]
[1494 1536]
[1537 1557]
[1558 1589]
[1590 1687]
[1688 1898]
[1899 1947]
[1948 1975]
[1976 2076]
[2078 2156]
[2157 2203]
[2204 2230]
[2231 2264]
[2265 2286]
[2287 2349]
[2350 2383]
[2384 2426]
[2427 2502]
[2503 2523]
[2524 2867]
[2868 2952]
[2953 2991]
[2992 3030]
[3031 3146]
[3147 3517]
[3518 4106]
[4107 4190]
[4192 4234]
[4235 4319]
[4320 4345]
[4346 4370]
[4371 4477]
[4478 5125]
[5126 5365]
[5366 5450]
[5452 5487]
[5488 5533]
[5534 5548]
[5549 5758]
[5759 5812]
[5814 5878]
[5879 5894]
[5895 5928]
[5929 6030]
[6031 6298]
[6299 6326]
[6327 6348]
[6349 6405]
[6406 6436]
[6437 6493]
[6494 6543]
[6544 6590]
[6591 6627]
[6628 6652]
[6653 6769]
[6770 6826]
[6827 6889]
[6890 6915]
[6916 6949]
[6950 7015]
[7016 7058]
[7059 7123]
[7124 7151]
[7152 7207]
[7208 7311]
[7312 7363]
[7364 7479]
[7480 7572]
[7573 7658]
[7659 7720]
[7721 7770]
[7771 7926]
[7927 7962]
[7963 8208]
[8209 8282]
[8283 8517]
[8518 8576]
[8577 8624]
[8625 8682]
[8683 8731]
[8732 8787]
[8788 8835]
[8836 9011]
[9012 9102]
[9103 9164]
[9165 9209]
[9210 9257]
[9258 9282]
[9283 9312]
[9313 9426]
[9427 9466]
[9467 9520]
[9521 9578]
[9579 9613]
[9614 9651]
[9652 9730]
[9731 9803]
[9804 9819]
[9820 9844]
[9845 9881]
[9882 9991]
[ 9993 10089]
[10090 10127]
[10128 10274]
[10275 10585]
[10586 10658]
[10659 10720]
[10721 10757]
[10758 10792]
[10793 10886]
[10887 11007]
[11008 11832]
[11833 12039]
[12040 12148]
[12149 12249]
