[  0 108]
[109 233]
[234 243]
[244 252]
[253 330]
[331 350]
[351 457]
[ 458 1473]
[1474 1494]
[1495 1516]
[1517 1533]
[1534 1549]
[1550 1566]
[1567 1589]
[1590 1613]
[1614 1636]
[1637 1661]
[1662 1692]
[1693 1724]
[1725 1755]
[1756 1840]
[1841 1913]
[1914 1993]
[1994 2066]
[2067 2128]
[2129 2195]
[2196 2216]
[2217 2236]
[2237 2256]
[2257 2284]
[2285 2303]
[2304 2475]
[2476 2529]
[2530 2614]
[2615 2697]
[2698 2816]
[2817 2910]
[2911 3010]
[3011 3071]
[3072 3131]
[3132 3233]
[3234 3377]
[3378 3467]
[3468 3536]
[3537 3664]
[3665 3715]
[3716 3809]
[3810 3870]
[3871 3943]
[3944 4002]
[4003 4073]
[4074 4142]
[4143 4415]
[4416 4552]
[4553 4656]
[4657 4743]
[4744 4857]
[4858 4911]
[4912 5056]
[5057 5143]
[5144 5238]
[5239 5273]
[5274 5302]
[5303 5374]
[5375 5428]
[5429 5497]
[5498 5577]
[5578 5634]
[5635 5713]
[5714 5819]
[5820 5867]
[5868 5924]
[5925 5981]
[5982 6017]
[6018 6056]
[6057 6118]
[6119 6165]
[6166 6209]
[6210 6241]
[6242 6291]
[6292 6389]
[6390 6405]
[6406 6439]
[6440 6474]
[6475 6495]
[6496 6520]
[6521 6548]
[6549 6617]
[6618 6779]
[6781 6869]
[6870 6892]
[6893 6948]
[6949 7002]
[7003 7040]
[7041 7074]
[7075 7156]
[7157 7182]
[7183 7208]
[7209 7332]
[7334 7375]
[7377 7506]
[7507 7627]
[7628 7692]
[7693 7874]
[7875 7942]
[7943 8023]
[8024 8049]
[8050 8090]
[8091 8154]
[8155 8253]
[8254 8316]
[8317 8384]
[8386 8430]
[8431 8478]
[8479 8521]
[8522 8573]
[8574 8973]
[8975 9117]
[9118 9173]
[9174 9231]
[9232 9286]
[9287 9344]
[9345 9428]
[9429 9549]
[9550 9566]
[9567 9585]
[9586 9642]
[ 9643 10020]
[10021 10100]
[10101 10143]
[10144 10279]
[10280 10298]
[10299 10326]
[10327 10468]
[10469 10755]
[10756 10785]
[10786 10806]
[10807 10978]
[10979 11068]
[11069 11133]
[11134 11156]
[11157 11187]
[11189 11253]
[11254 11362]
[11363 12242]
[12243 12386]
[12387 12495]
[12496 12599]
