[  0 108]
[109 237]
[238 251]
[252 266]
[267 280]
[281 295]
[296 364]
[ 365 1182]
[1183 1285]
[1286 1337]
[1338 1413]
[1414 1489]
[1490 1561]
[1562 1664]
[1665 1716]
[1717 1739]
[1740 1813]
[1814 1842]
[1843 1868]
[1869 1895]
[1896 1917]
[1918 1941]
[1942 1965]
[1966 2000]
[2001 2066]
[2067 2154]
[2155 2272]
[2273 2406]
[2407 2501]
[2502 2561]
[2562 2765]
[2766 2906]
[2907 2959]
[2960 2992]
[2993 3049]
[3050 3124]
[3125 3188]
[3189 3253]
[3254 3300]
[3301 3369]
[3370 3443]
[3444 3500]
[3501 3582]
[3583 3629]
[3630 3670]
[3671 3707]
[3708 3749]
[3750 3789]
[3790 3847]
[3848 3935]
[3936 4050]
[4051 4107]
[4108 4175]
[4176 4204]
[4205 4346]
[4347 4366]
[4367 4400]
[4401 4531]
[4532 4550]
[4551 4579]
[4580 4625]
[4626 4756]
[4757 4808]
[4809 4952]
[4953 4993]
[4994 5076]
[5077 5125]
[5126 5140]
[5141 5156]
[5157 5170]
[5171 5374]
[5375 5405]
[5406 5462]
[5463 5500]
[5501 5529]
[5530 5551]
[5552 5647]
[5648 5683]
[5685 5740]
[5741 5762]
[5763 5786]
[5787 5806]
[5807 5998]
[6000 6082]
[6083 6121]
[6123 6266]
[6267 6487]
[6488 6555]
[6556 6609]
[6610 6718]
[6719 6758]
[6759 6873]
[6875 6934]
[6935 6968]
[6969 7021]
[7022 7120]
[7122 7123]
[7124 7369]
[7370 7442]
[7443 7473]
[7474 7493]
[7494 7522]
[7524 7556]
[7557 7612]
[7613 7662]
[7663 7737]
[7738 7760]
[7761 7796]
[7797 7827]
[7828 7868]
[7869 7901]
[7902 7939]
[7940 7997]
[7998 8039]
[8040 8107]
[8108 8160]
[8161 8208]
[8209 8390]
[8391 8485]
[8486 8603]
[8604 8802]
[8803 8887]
[8888 8935]
[8936 9005]
[9006 9057]
[9058 9116]
[9117 9524]
[9525 9574]
[9575 9613]
[9614 9663]
[9664 9710]
[9711 9768]
[9769 9901]
[9902 9935]
[9936 9960]
[ 9961 10001]
[10002 10041]
[10042 10087]
[10088 10134]
[10135 10172]
[10173 10219]
[10220 10258]
[10259 10286]
[10287 11075]
[11076 11307]
[11308 11398]
[11399 11499]
