[  0 108]
[109 233]
[234 243]
[244 252]
[253 330]
[331 350]
[351 457]
[ 458 1269]
[1270 1295]
[1296 1324]
[1325 1353]
[1354 1374]
[1375 1396]
[1397 1427]
[1428 1483]
[1484 1522]
[1523 1552]
[1553 1644]
[1645 1681]
[1682 1717]
[1718 1766]
[1767 1858]
[1859 1912]
[1913 2617]
[2618 2647]
[2648 2678]
[2679 2714]
[2715 2733]
[2734 2801]
[2802 2827]
[2828 2913]
[2914 2998]
[2999 3226]
[3227 3295]
[3296 3428]
[3429 3493]
[3494 3547]
[3548 3611]
[3612 3772]
[3773 3828]
[3829 3878]
[3879 3966]
[3967 4105]
[4106 4180]
[4181 4247]
[4248 4311]
[4312 4455]
[4456 4665]
[4666 4703]
[4704 4734]
[4735 4777]
[4778 4885]
[4886 4919]
[4920 4967]
[4968 5272]
[5273 5339]
[5340 5423]
[5424 5468]
[5469 5499]
[5500 5580]
[5581 5612]
[5613 5644]
[5645 5676]
[5677 5703]
[5704 5745]
[5746 5780]
[5781 5815]
[5816 5860]
[5861 5896]
[5897 5947]
[5948 5963]
[5964 5997]
[5998 6030]
[6031 6069]
[6070 6293]
[6295 6369]
[6370 6426]
[6427 6488]
[6489 6523]
[6524 6540]
[6541 6565]
[6566 6583]
[6584 6672]
[6673 6729]
[6730 6767]
[6768 6885]
[6886 6928]
[6929 7025]
[7026 7121]
[7122 7136]
[7137 7157]
[7158 7194]
[7195 7262]
[7263 7323]
[7324 7396]
[7397 7438]
[7439 7598]
[7599 7629]
[7630 7658]
[7659 7693]
[7694 7833]
[7834 7976]
[7977 8020]
[8021 8094]
[8095 8136]
[8137 8221]
[8222 8243]
[8244 8270]
[8271 8321]
[8322 8431]
[8432 8450]
[8451 8473]
[8474 8578]
[8579 8634]
[8635 8672]
[8673 8733]
[8734 8754]
[8755 8794]
[8795 8819]
[8820 8854]
[8855 8891]
[8892 8922]
[8923 8952]
[8953 9023]
[9024 9052]
[9053 9244]
[9245 9295]
[9296 9351]
[9352 9376]
[9377 9458]
[9459 9517]
[9518 9542]
[9543 9677]
[9679 9850]
[ 9851 10039]
[10040 10209]
[10210 10245]
[10246 10330]
[10331 10357]
[10358 10429]
[10430 10548]
[10549 11146]
[11147 11290]
[11291 11399]
[11400 11499]
