[  0 108]
[109 233]
[234 243]
[244 252]
[253 330]
[331 350]
[351 457]
[ 458 1068]
[1069 1088]
[1089 1105]
[1106 1121]
[1122 1166]
[1167 1207]
[1208 1223]
[1224 1237]
[1238 1257]
[1258 1272]
[1273 1370]
[1372 1587]
[1589 1619]
[1620 1643]
[1644 1725]
[1728 1800]
[1801 1865]
[1866 1896]
[1897 1937]
[1938 1968]
[1969 2001]
[2003 2144]
[2145 2186]
[2188 2239]
[2240 2294]
[2295 2394]
[2395 2511]
[2512 2565]
[2566 2995]
[2996 3076]
[3077 3154]
[3156 3225]
[3226 3258]
[3259 3309]
[3310 3363]
[3364 3433]
[3434 3580]
[3582 3627]
[3628 3654]
[3655 3664]
[3665 3675]
[3676 3811]
[3812 3853]
[3854 3885]
[3886 4057]
[4058 4137]
[4138 4164]
[4165 4231]
[4232 4269]
[4270 4341]
[4343 4466]
[4467 4601]
[4602 4670]
[4671 4718]
[4719 4776]
[4777 4822]
[4823 4867]
[4868 4896]
[4897 4962]
[4963 5031]
[5032 5099]
[5100 5148]
[5149 5206]
[5207 5238]
[5239 5258]
[5259 5290]
[5291 5624]
[5625 5706]
[5707 5775]
[5777 5870]
[5871 5888]
[5889 5905]
[5906 5939]
[5940 6071]
[6072 6095]
[6096 6121]
[6122 6189]
[6190 6205]
[6206 6239]
[6240 6384]
[6385 6907]
[6909 6974]
[6975 7064]
[7065 7123]
[7124 7183]
[7184 7219]
[7221 7266]
[7267 7353]
[7354 7403]
[7404 7642]
[7643 7798]
[7799 7953]
[7954 8000]
[8001 8062]
[8063 8257]
[8258 8300]
[8301 8372]
[8375 8490]
[8491 8627]
[8628 8670]
[8671 8723]
[8724 8776]
[8777 8894]
[8895 8954]
[8955 9028]
[9029 9084]
[9086 9145]
[9146 9212]
[9213 9265]
[9266 9326]
[9327 9362]
[9363 9404]
[9405 9462]
[9463 9592]
[9593 9625]
[9626 9715]
[9716 9987]
[ 9988 10047]
[10048 10083]
[10084 10450]
[10451 10522]
[10523 10614]
[10615 10770]
[10771 11135]
[11136 11192]
[11193 11230]
[11231 11275]
[11277 11307]
[11308 11337]
[11338 11388]
[11389 11404]
[11405 11431]
[11432 11449]
[11450 11476]
[11477 11511]
[11512 11576]
[11579 11629]
[11630 11671]
[11672 11696]
[11697 11723]
[11724 11749]
[11750 11769]
[11770 11797]
[11798 11833]
[11834 12250]
[12251 12394]
[12395 12503]
[12504 12599]
