[  0 108]
[109 233]
[234 243]
[244 252]
[253 330]
[331 350]
[351 457]
[ 458 1088]
[1089 1122]
[1123 1170]
[1171 1191]
[1192 1209]
[1210 1453]
[1454 1516]
[1517 1579]
[1580 1636]
[1637 1723]
[1724 1776]
[1777 1862]
[1863 1920]
[1921 1992]
[1993 2053]
[2054 2126]
[2127 2169]
[2170 2238]
[2239 2348]
[2349 2449]
[2450 2506]
[2507 2550]
[2551 2585]
[2586 2645]
[2646 2714]
[2715 2762]
[2763 2828]
[2829 2860]
[2861 2913]
[2914 2950]
[2951 2996]
[2997 3026]
[3027 3112]
[3113 3157]
[3158 3196]
[3197 3322]
[3323 3345]
[3346 3391]
[3392 3426]
[3427 3458]
[3459 3631]
[3632 3709]
[3710 3753]
[3754 3792]
[3793 3824]
[3825 3896]
[3897 3936]
[3937 3971]
[3972 4026]
[4027 4067]
[4068 4105]
[4106 4144]
[4145 4182]
[4183 4214]
[4215 4258]
[4259 4288]
[4289 4374]
[4375 4416]
[4417 4463]
[4464 4489]
[4490 4529]
[4530 4561]
[4562 4631]
[4632 4717]
[4718 4813]
[4814 4851]
[4852 4997]
[4998 5077]
[5078 5132]
[5133 5181]
[5182 5235]
[5236 5279]
[5280 5401]
[5402 5428]
[5429 5504]
[5505 5599]
[5600 5659]
[5660 5692]
[5693 5755]
[5756 5812]
[5813 5863]
[5864 5918]
[5919 5995]
[5996 6044]
[6045 6080]
[6081 6126]
[6127 6199]
[6200 6271]
[6272 6313]
[6314 6344]
[6345 6380]
[6381 6407]
[6408 6525]
[6526 6562]
[6563 6608]
[6609 6656]
[6657 6672]
[6673 6706]
[6707 6731]
[6732 6763]
[6764 6801]
[6802 6872]
[6873 7301]
[7302 7370]
[7372 7465]
[7467 7544]
[7545 7570]
[7571 7596]
[7597 7709]
[7710 7829]
[7830 7874]
[7875 7907]
[7908 7949]
[7950 8060]
[8061 8080]
[8081 8098]
[8099 8202]
[8203 8237]
[8238 8294]
[8295 8308]
[8309 8331]
[8332 8370]
[8371 8390]
[8391 8417]
[8418 8452]
[8453 8466]
[8467 8495]
[8496 8614]
[8615 8681]
[8682 8699]
[8700 8716]
[8717 8741]
[8742 8797]
[8798 8864]
[8865 8972]
[8973 9049]
[9051 9094]
[9095 9161]
[9162 9239]
[9240 9298]
[9299 9344]
[9345 9401]
[9402 9429]
[9430 9458]
[9459 9479]
[9480 9511]
[9512 9562]
[9563 9588]
[9589 9636]
[9637 9657]
[9658 9711]
[9712 9733]
[9734 9809]
[9810 9838]
[9839 9896]
[9897 9940]
[9941 9974]
[ 9975 10019]
[10020 10041]
[10042 10089]
[10090 10122]
[10123 10163]
[10164 10194]
[10195 10259]
[10260 10340]
[10341 10418]
[10419 10466]
[10467 10541]
[10542 10593]
[10594 10641]
[10642 10680]
[10681 10839]
[10840 10860]
[10861 10890]
[10891 10917]
[10918 11002]
[11003 11045]
[11046 11106]
[11107 11122]
[11123 11156]
[11157 11509]
[11510 11653]
[11654 11762]
[11763 11899]
