[  0 108]
[109 227]
[228 237]
[238 246]
[247 324]
[325 344]
[345 451]
[ 452 1042]
[1043 1064]
[1065 1088]
[1089 1129]
[1130 1176]
[1177 1228]
[1229 1270]
[1271 1307]
[1308 1351]
[1352 1419]
[1420 1584]
[1585 1623]
[1624 1668]
[1669 1703]
[1704 1747]
[1748 1782]
[1783 1808]
[1809 1846]
[1847 1862]
[1863 1896]
[1897 1940]
[1941 1972]
[1973 1983]
[1984 1992]
[1993 2014]
[2015 2030]
[2031 2095]
[2096 2110]
[2111 2126]
[2127 2139]
[2140 2151]
[2152 2175]
[2176 2193]
[2194 2217]
[2218 2227]
[2228 2250]
[2251 2261]
[2262 2270]
[2271 2284]
[2285 2304]
[2305 2315]
[2316 2325]
[2326 2337]
[2338 2363]
[2364 2376]
[2377 2412]
[2413 2436]
[2437 2475]
[2476 2487]
[2488 2496]
[2497 2509]
[2510 2527]
[2528 2544]
[2545 2563]
[2564 2631]
[2632 2666]
[2667 2704]
[2705 2733]
[2734 2812]
[2813 2837]
[2838 2929]
[2930 2951]
[2952 2977]
[2978 3144]
[3145 3187]
[3188 3222]
[3223 3244]
[3245 3265]
[3266 3308]
[3309 3359]
[3361 3403]
[3404 3445]
[3446 3464]
[3465 3479]
[3480 3515]
[3516 3558]
[3559 3571]
[3572 3596]
[3597 3611]
[3612 3627]
[3628 3647]
[3648 3692]
[3693 3730]
[3731 3894]
[3896 3928]
[3929 3964]
[3965 4027]
[4028 4063]
[4064 4159]
[4160 4216]
[4217 4239]
[4240 4271]
[4272 4319]
[4320 4341]
[4342 4366]
[4367 4403]
[4404 4416]
[4417 4437]
[4438 4536]
[4537 4595]
[4596 4656]
[4657 4683]
[4684 4755]
[4756 4805]
[4806 4853]
[4854 4880]
[4881 4887]
[4888 4897]
[4898 4914]
[4915 4952]
[4953 4974]
[4975 4994]
[4995 5022]
[5023 5071]
[5072 5119]
[5120 5179]
[5181 5210]
[5211 5234]
[5235 5262]
[5263 5291]
[5292 5320]
[5321 5387]
[5388 5451]
[5452 5463]
[5464 5474]
[5475 5506]
[5507 5516]
[5517 5542]
[5543 5569]
[5570 5624]
[5625 5654]
[5655 5756]
[5757 5800]
[5801 5833]
[5834 5863]
[5864 5904]
[5906 5946]
[5947 5976]
[5977 5991]
[5992 6005]
[6006 6038]
[6039 6094]
[6095 6117]
[6118 6134]
[6135 6149]
[6150 6168]
[6169 6234]
[6235 6283]
[6284 6311]
[6312 6333]
[6334 6386]
[6387 6406]
[6408 6423]
[6424 6444]
[6445 6469]
[6470 6495]
[6496 6519]
[6520 6620]
[6621 6670]
[6671 7062]
[7063 7123]
[7124 7151]
[7152 7174]
[7175 7211]
[7212 7404]
[7405 7433]
[7434 7465]
[7466 7495]
[7496 7524]
[7525 7580]
[7581 7688]
[7689 7837]
[7838 8026]
[8027 8084]
[8085 8112]
[8113 8206]
[8207 8315]
[8316 8361]
[8362 8388]
[8389 8422]
[8423 8448]
[8449 8491]
[8492 8528]
[8529 8633]
[8634 8700]
[8701 8763]
[8764 8803]
[8804 8836]
[8837 8884]
[8885 8907]
[8908 8923]
[8924 8952]
[8953 8986]
[8987 9013]
[9014 9037]
[9038 9084]
[9085 9188]
[9189 9244]
[9245 9475]
[9476 9524]
[9526 9561]
[9562 9591]
[9592 9617]
[9618 9639]
[9640 9663]
[9664 9683]
[9684 9702]
[9703 9811]
[9812 9835]
[9836 9880]
[9881 9920]
[9921 9970]
[ 9971 10018]
[10019 10246]
[10247 10282]
[10283 10339]
[10340 10375]
[10376 10414]
[10415 10455]
[10456 10497]
[10498 10518]
[10519 10538]
[10539 10568]
[10569 10600]
[10601 10625]
[10626 10703]
[10704 10819]
[10820 10877]
[10878 10900]
[10901 10938]
[10939 11236]
[11237 11283]
[11284 11340]
[11341 11383]
[11384 11418]
[11419 11436]
[11437 11463]
[11464 11484]
[11485 11525]
[11526 11667]
[11668 12315]
[12316 12439]
[12440 12540]
[12541 12649]
