[  0 108]
[109 233]
[234 243]
[244 252]
[253 330]
[331 350]
[351 457]
[ 458 1184]
[1185 1214]
[1215 1244]
[1245 1290]
[1291 1319]
[1320 1348]
[1349 1374]
[1375 1665]
[1666 1729]
[1730 1764]
[1765 1807]
[1808 1866]
[1867 1890]
[1891 1942]
[1943 1967]
[1968 2016]
[2017 2036]
[2037 2053]
[2054 2071]
[2072 2119]
[2120 2153]
[2154 2242]
[2243 2285]
[2286 2306]
[2307 2428]
[2429 2454]
[2455 2484]
[2485 2508]
[2509 2704]
[2705 2743]
[2744 2758]
[2759 2779]
[2780 2801]
[2802 2822]
[2823 2857]
[2858 2982]
[2983 3123]
[3124 3269]
[3270 3305]
[3306 3320]
[3321 3356]
[3357 3414]
[3415 3458]
[3459 3478]
[3479 3496]
[3497 3531]
[3532 3548]
[3549 3563]
[3564 3600]
[3601 3641]
[3642 3676]
[3677 3702]
[3703 3735]
[3736 3760]
[3761 3782]
[3783 3820]
[3821 3885]
[3886 3953]
[3955 4114]
[4115 4218]
[4219 4269]
[4270 4351]
[4352 4425]
[4426 4562]
[4563 4693]
[4694 4733]
[4734 4826]
[4827 4984]
[4985 5014]
[5015 5032]
[5033 5064]
[5065 5111]
[5112 5376]
[5377 5432]
[5433 5446]
[5447 5497]
[5498 5520]
[5521 5606]
[5608 5715]
[5716 5731]
[5732 5765]
[5766 5778]
[5779 5791]
[5792 5819]
[5820 5833]
[5834 5847]
[5848 5878]
[5879 5893]
[5894 5908]
[5909 5938]
[5939 5956]
[5957 5976]
[5977 6004]
[6005 6023]
[6024 6041]
[6042 6087]
[6088 6152]
[6153 6179]
[6180 6206]
[6207 6226]
[6227 6266]
[6267 6311]
[6312 6336]
[6337 6367]
[6368 6390]
[6391 6414]
[6415 6447]
[6448 6481]
[6482 6506]
[6507 6532]
[6533 6564]
[6565 6697]
[6698 6791]
[6792 6835]
[6836 7038]
[7039 7203]
[7204 7253]
[7254 7356]
[7357 7405]
[7406 7856]
[7857 7911]
[7912 7971]
[7972 8048]
[8049 8137]
[8138 8219]
[8220 8314]
[8315 8415]
[8416 8463]
[8464 8608]
[8609 8632]
[8633 8670]
[8671 8698]
[8699 8776]
[8777 8846]
[8847 8890]
[8891 8922]
[8923 8965]
[8966 9138]
[9139 9247]
[9248 9439]
[9440 9692]
[9693 9726]
[9727 9811]
[9812 9859]
[9860 9905]
[9906 9964]
[ 9965 10126]
[10127 10223]
[10224 10333]
[10334 10942]
[10943 11086]
[11087 11195]
[11196 11299]
