[  0 108]
[109 237]
[238 251]
[252 266]
[267 280]
[281 295]
[296 364]
[365 406]
[408 459]
[461 513]
[ 514 1112]
[1113 1239]
[1240 1354]
[1355 1383]
[1384 1415]
[1416 1502]
[1503 1535]
[1536 1845]
[1846 1974]
[1975 2032]
[2033 2156]
[2157 2189]
[2190 2210]
[2211 2289]
[2290 2360]
[2361 2385]
[2386 2419]
[2420 2464]
[2465 2492]
[2493 2553]
[2554 2590]
[2591 2794]
[2795 2847]
[2848 2987]
[2988 3094]
[3095 3264]
[3265 3346]
[3347 3623]
[3624 3675]
[3676 3770]
[3771 3858]
[3859 4038]
[4039 4081]
[4082 4121]
[4122 4191]
[4192 4231]
[4232 4277]
[4278 4355]
[4356 4385]
[4386 4420]
[4421 4442]
[4443 4510]
[4511 4550]
[4551 4599]
[4600 4686]
[4688 4770]
[4771 4803]
[4804 4845]
[4847 4871]
[4872 4888]
[4889 4914]
[4915 4946]
[4947 4965]
[4966 4992]
[4993 5018]
[5019 5052]
[5053 5078]
[5079 5122]
[5123 5186]
[5187 5235]
[5236 5260]
[5262 5277]
[5278 5308]
[5309 5514]
[5515 5556]
[5558 5570]
[5571 5583]
[5584 5642]
[5643 5659]
[5660 5677]
[5678 5698]
[5699 5723]
[5724 5746]
[5747 5822]
[5823 5885]
[5886 5988]
[5989 6018]
[6019 6105]
[6106 6126]
[6127 6153]
[6154 6186]
[6187 6282]
[6283 6485]
[6486 6538]
[6539 6565]
[6566 6584]
[6585 6617]
[6618 6678]
[6679 6779]
[6781 6830]
[6831 6844]
[6845 6884]
[6885 6926]
[6927 6956]
[6957 6974]
[6975 7027]
[7028 7039]
[7040 7051]
[7052 7067]
[7068 7083]
[7084 7133]
[7134 7164]
[7165 7375]
[7376 7581]
[7582 8253]
[8254 8292]
[8293 8336]
[8337 8374]
[8375 8595]
[8596 8656]
[8657 8690]
[8691 8738]
[8739 8772]
[8773 8813]
[8814 8881]
[8882 8956]
[8957 9037]
[9038 9097]
[9098 9227]
[9228 9298]
[9299 9379]
[9380 9411]
[9412 9574]
[9575 9687]
[9688 9746]
[9747 9806]
[9807 9879]
[9880 9984]
[ 9985 10044]
[10045 10065]
[10066 10107]
[10108 10136]
[10137 10178]
[10179 10386]
[10387 10482]
[10483 10579]
[10580 10695]
[10696 10823]
[10824 10933]
[10934 10994]
[10995 11434]
[11435 11530]
[11531 11745]
[11746 11977]
[11978 12068]
[12069 12199]
