[  0 108]
[109 237]
[238 251]
[252 266]
[267 280]
[281 295]
[296 364]
[365 820]
[821 979]
[ 980 1027]
[1028 1107]
[1108 1145]
[1146 1207]
[1208 1483]
[1484 1643]
[1644 1984]
[1985 2201]
[2202 2296]
[2297 2327]
[2328 2411]
[2412 2549]
[2550 2623]
[2624 2840]
[2842 2953]
[2955 3001]
[3002 3066]
[3067 3153]
[3154 3314]
[3315 3445]
[3446 3627]
[3629 3734]
[3735 3801]
[3802 3909]
[3910 4048]
[4049 4099]
[4100 4129]
[4130 4502]
[4503 4567]
[4569 4660]
[4661 4778]
[4779 5066]
[5067 5194]
[5196 5311]
[5312 5588]
[5589 5706]
[5707 6166]
[6167 6465]
[6466 6490]
[6491 6503]
[6504 6521]
[6522 6540]
[6541 6558]
[6559 6571]
[6572 6655]
[6656 6687]
[6688 6759]
[6760 6779]
[6780 6828]
[6829 6927]
[6928 6944]
[6945 6961]
[6962 6982]
[6983 6999]
[7000 7027]
[7028 7071]
[7072 7142]
[7143 7204]
[7205 7278]
[7279 7293]
[7294 7321]
[7322 7362]
[7363 7420]
[7421 7451]
[7452 7492]
[7493 7836]
[7837 7879]
[7880 8039]
[8040 8130]
[8131 8185]
[8186 8238]
[8239 8281]
[8282 8320]
[8321 8390]
[8391 8506]
[8507 8536]
[8537 8608]
[8609 8642]
[8643 8692]
[8693 8777]
[8778 8913]
[8914 8981]
[8982 9354]
[9355 9485]
[9486 9528]
[9529 9594]
[9595 9768]
[9769 9841]
[9842 9872]
[9873 9912]
[9913 9961]
[ 9963 10075]
[10076 10599]
[10600 10922]
[10923 11013]
[11014 11149]
