[ 0 29]
[30 81]
[ 82 236]
[237 286]
[287 343]
[344 397]
[398 447]
[448 563]
[564 613]
[614 667]
[668 724]
[725 773]
[774 881]
[882 934]
[935 986]
[ 987 1039]
[1040 1476]
[1477 1530]
[1531 1549]
[1550 1591]
[1592 1613]
[1614 1645]
[1646 1664]
[1665 1686]
[1687 1706]
[1707 1734]
[1735 1767]
[1768 1801]
[1802 1839]
[1840 1939]
[1940 2399]
[2400 2501]
[2502 2685]
[2686 2880]
[2881 3086]
[3087 3230]
[3231 3404]
[3405 5077]
[5078 5213]
[5214 5369]
[5370 5495]
[5496 5637]
[5638 5800]
[5801 5972]
[5973 6287]
[6288 6388]
[6389 6481]
[6482 6570]
[6571 6672]
[6673 6786]
[6787 6895]
[6896 7019]
[7020 7155]
[7156 7253]
[7254 7361]
[7362 7433]
[7434 7523]
[7524 7617]
[7618 7849]
[7850 7945]
[7946 7995]
[7996 8100]
[8101 8176]
[8177 8218]
[8219 8270]
[8271 8344]
[8345 8877]
[8878 9008]
[9009 9064]
[9065 9165]
[9166 9238]
[9239 9323]
[9324 9498]
[9499 9562]
[9563 9619]
[9620 9679]
[9680 9718]
[9719 9760]
[9761 9809]
[9810 9866]
[9867 9988]
[ 9989 10116]
[10117 10171]
[10172 10225]
[10226 10302]
[10303 10347]
[10348 10388]
[10389 10487]
[10488 10558]
[10559 10642]
[10643 10729]
[10730 10806]
[10807 10882]
[10883 10955]
[10956 11027]
[11028 11148]
[11149 11235]
[11236 11327]
[11328 11410]
[11411 11498]
[11499 11620]
[11621 11694]
[11695 11777]
[11778 11846]
[11847 11923]
[11924 12021]
[12022 12108]
[12109 12209]
[12210 12316]
[12317 12424]
[12425 12526]
[12527 12567]
[12568 12667]
[12668 12779]
[12780 12831]
[12832 12894]
[12895 12968]
[12969 13029]
[13030 13096]
[13097 13155]
[13156 13226]
[13227 13300]
[13301 13372]
[13373 13510]
[13511 13549]
[13550 13598]
[13599 13649]
[13650 13704]
[13705 13815]
[13816 13855]
[13856 13909]
[13910 13967]
[13968 14021]
[14022 14082]
[14083 14143]
[14144 14199]
[14200 14252]
[14253 14305]
[14306 14355]
[14356 14406]
[14407 14494]
[14495 14537]
[14538 14595]
[14596 14653]
[14654 14708]
[14709 14781]
[14782 14831]
[14832 14886]
[14887 14932]
[14933 14988]
[14989 15042]
[15043 15106]
[15107 15152]
[15153 15227]
[15228 15319]
[15320 15353]
[15354 15481]
[15482 15606]
[15607 16174]
[16175 16252]
[16253 16323]
[16324 16423]
[16424 16551]
[16552 16652]
[16653 16753]
[16754 16891]
[16892 17499]
[17500 17632]
[17633 17856]
[17857 17976]
[17977 18051]
[18052 18553]
[18554 18603]
[18604 18649]
[18650 18703]
[18704 18766]
[18767 19364]
[19365 19463]
[19464 19575]
[19576 20075]
[20076 20129]
[20130 20164]
[20165 20222]
[20223 20279]
[20280 20334]
[20335 20421]
[20422 20473]
[20474 20514]
[20515 20556]
[20557 20621]
[20622 20674]
[20675 20743]
[20744 21611]
[21612 22277]
[22278 22375]
[22376 22453]
[22454 22526]
[22527 22603]
[22604 22679]
[22680 22787]
[22788 23482]
[23483 23955]
[23956 24049]
