[ 0 29]
[30 81]
[ 82 181]
[182 235]
[236 280]
[281 325]
[326 419]
[420 463]
[464 521]
[522 562]
[563 604]
[605 656]
[657 719]
[720 791]
[792 834]
[835 876]
[877 925]
[926 973]
[ 974 1408]
[1409 1494]
[1495 1548]
[1549 1567]
[1568 1609]
[1610 1631]
[1632 1663]
[1664 1682]
[1683 1704]
[1705 1723]
[1725 1752]
[1753 1785]
[1786 1819]
[1820 1857]
[1858 2286]
[2287 2352]
[2353 2418]
[2419 2481]
[2482 3249]
[3250 3352]
[3353 3455]
[3456 3558]
[3559 3629]
[3630 4680]
[4681 4766]
[4767 4824]
[4825 4902]
[4903 4957]
[4958 5025]
[5026 5100]
[5101 5173]
[5174 5215]
[5216 6194]
[6195 6274]
[6275 6363]
[6364 6434]
[6435 6508]
[6509 6584]
[6585 6659]
[6660 6716]
[6717 7125]
[7126 7172]
[7173 7282]
[7283 7372]
[7373 7485]
[7486 8352]
[8353 8427]
[8428 8519]
[8520 8610]
[8611 8710]
[8711 8808]
[8809 8918]
[8919 8996]
[8997 9076]
[9077 9209]
[9210 9302]
[9303 9532]
[9533 9659]
[9660 9718]
[9719 9778]
[9779 9957]
[ 9958 10099]
[10100 10425]
[10426 10527]
[10528 10652]
[10653 10784]
[10785 10870]
[10871 11226]
[11227 11398]
[11399 11433]
[11434 11503]
[11504 11569]
[11570 11726]
[11727 11793]
[11794 11885]
[11886 11979]
[11980 12054]
[12055 12216]
[12217 12274]
[12275 12587]
[12588 12645]
[12646 12726]
[12727 12799]
[12800 12879]
[12880 12948]
[12949 13014]
[13015 13084]
[13085 13157]
[13158 13218]
[13219 13291]
[13292 13365]
[13366 13436]
[13437 13508]
[13509 13560]
[13561 13879]
[13880 13982]
[13983 14093]
[14095 14181]
[14182 14322]
[14323 14455]
[14456 14585]
[14586 14798]
[14799 14945]
[14946 15048]
[15049 15494]
[15495 15547]
[15548 15614]
[15615 15694]
[15695 15769]
[15770 15847]
[15848 15923]
[15924 16033]
[16034 16118]
[16119 16172]
[16173 16191]
[16192 16233]
[16234 16255]
[16256 16287]
[16288 16306]
[16307 16328]
[16329 16347]
[16349 16376]
[16377 16409]
[16410 16443]
[16444 16481]
[16482 16567]
[16568 16980]
[16981 17093]
[17094 17172]
[17173 17254]
[17255 17326]
[17327 17430]
[17431 17519]
[17520 17599]
[17600 17635]
[17636 17704]
[17705 17760]
[17761 17858]
[17859 17951]
[17952 18023]
[18024 18123]
[18124 18461]
[18462 18556]
[18557 18637]
[18638 19354]
[19355 19443]
[19444 19530]
[19531 19669]
[19670 19847]
[19848 19930]
[19931 20041]
[20042 20093]
[20094 20177]
[20178 20696]
[20697 20778]
[20779 20870]
[20871 20981]
[20982 21066]
[21067 21173]
[21174 22004]
[22005 22126]
[22127 22238]
[22239 22337]
[22338 22681]
[22682 23312]
[23313 23785]
[23786 23899]
