[ 0 29]
[30 81]
[ 82 181]
[182 244]
[245 291]
[292 327]
[328 506]
[507 528]
[529 552]
[553 605]
[606 670]
[671 800]
[801 895]
[896 967]
[ 968 1000]
[1001 1445]
[1446 1545]
[1546 1599]
[1600 1618]
[1619 1660]
[1661 1682]
[1683 1714]
[1715 1733]
[1734 1755]
[1756 1775]
[1776 1803]
[1804 1836]
[1837 1870]
[1871 1931]
[1932 2279]
[2280 2342]
[2343 2395]
[2396 2456]
[2457 2550]
[2551 2599]
[2600 2652]
[2653 2771]
[2772 2795]
[2796 3169]
[3170 3247]
[3248 3278]
[3279 3371]
[3372 3442]
[3443 3516]
[3518 3587]
[3588 3720]
[3721 3939]
[3940 4084]
[4085 4192]
[4193 4258]
[4259 4305]
[4306 4346]
[4347 4372]
[4373 4790]
[4791 4894]
[4895 4928]
[4929 5034]
[5035 5317]
[5318 5381]
[5382 5602]
[5603 5692]
[5693 5784]
[5785 5851]
[5852 5933]
[5934 6019]
[6020 6190]
[6191 6276]
[6277 6360]
[6361 6442]
[6443 6514]
[6515 6572]
[6573 6805]
[6806 6874]
[6875 7031]
[7032 7122]
[7123 7231]
[7232 7315]
[7316 7392]
[7393 7499]
[7500 7612]
[7613 7693]
[7694 7825]
[7826 7899]
[7900 7998]
[7999 8072]
[8073 8178]
[8179 8255]
[8256 8289]
[8290 8389]
[8390 8585]
[8586 8648]
[8649 8718]
[8719 8820]
[8821 8889]
[8890 8984]
[8985 9074]
[9075 9143]
[9144 9220]
[9221 9303]
[9304 9418]
[9419 9465]
[9466 9778]
[ 9779 10077]
[10078 10164]
[10165 10217]
[10218 10298]
[10299 10383]
[10384 10456]
[10457 10510]
[10511 10834]
[10835 11003]
[11004 11133]
[11134 11403]
[11404 11496]
[11497 11620]
[11621 11834]
[11835 11908]
[11909 11955]
[11956 12074]
[12075 12134]
[12135 12225]
[12226 12346]
[12347 12407]
[12408 12470]
[12471 12580]
[12581 12626]
[12627 12701]
[12702 12793]
[12794 12827]
[12828 12941]
[12942 13066]
[13067 13572]
[13573 13630]
[13631 13681]
[13682 13797]
[13798 13869]
[13870 13949]
[13950 14027]
[14028 14098]
[14099 14173]
[14174 14519]
[14520 14604]
[14605 14704]
[14705 15002]
[15003 15096]
[15097 15411]
[15412 15528]
[15529 15619]
[15620 15775]
[15776 15892]
[15893 16020]
[16021 16165]
[16166 16302]
[16303 16859]
[16860 16965]
[16966 17051]
[17052 17149]
[17150 17271]
[17272 17374]
[17375 17464]
[17465 17531]
[17532 17622]
[17623 17726]
[17727 17817]
[17818 17941]
[17942 18037]
[18038 18141]
[18142 18232]
[18233 18336]
[18337 18466]
[18467 18596]
[18597 18687]
[18688 18856]
[18857 19056]
[19057 19723]
[19725 20196]
[20197 20299]
