[ 0 29]
[30 81]
[ 82 181]
[182 241]
[242 305]
[306 358]
[359 418]
[419 468]
[469 520]
[521 574]
[575 628]
[629 682]
[683 736]
[737 790]
[791 844]
[845 894]
[895 949]
[ 950 1001]
[1002 1054]
[1055 1486]
[1487 1540]
[1541 1559]
[1560 1601]
[1602 1623]
[1624 1655]
[1656 1674]
[1675 1696]
[1697 1716]
[1717 1744]
[1745 1777]
[1778 1811]
[1812 1849]
[1850 1949]
[1950 2300]
[2301 2351]
[2352 2446]
[2447 2529]
[2530 2619]
[2620 2723]
[2724 2803]
[2804 2883]
[2884 2998]
[2999 3097]
[3098 3189]
[3190 3275]
[3276 3371]
[3372 3483]
[3484 3574]
[3575 3676]
[3677 3778]
[3779 3908]
[3909 4186]
[4187 4227]
[4228 4283]
[4284 4323]
[4324 4384]
[4385 4439]
[4440 4481]
[4482 4543]
[4544 4600]
[4601 4668]
[4669 4740]
[4741 4888]
[4889 4956]
[4957 5034]
[5035 5139]
[5140 5210]
[5211 5288]
[5289 5347]
[5348 5437]
[5438 5538]
[5539 5582]
[5583 5937]
[5938 5976]
[5977 6080]
[6081 6185]
[6186 6280]
[6281 6356]
[6357 6423]
[6424 6508]
[6509 6561]
[6562 6617]
[6618 6700]
[6701 6749]
[6750 6805]
[6806 7445]
[7446 7628]
[7629 7713]
[7714 7868]
[7869 8018]
[8019 8323]
[8324 8383]
[8384 8435]
[8436 8520]
[8521 8624]
[8625 8678]
[8679 8779]
[8780 8876]
[8877 8933]
[8934 8972]
[8973 9033]
[9034 9133]
[9134 9499]
[9500 9572]
[9573 9631]
[9632 9746]
[9747 9815]
[9816 9918]
[9919 9997]
[ 9998 10068]
[10069 10279]
[10280 10408]
[10409 10526]
[10527 10665]
[10666 10753]
[10754 10838]
[10839 10906]
[10907 11175]
[11176 11267]
[11268 11368]
[11369 11483]
[11484 11601]
[11602 11691]
[11692 11801]
[11802 11865]
[11866 12147]
[12148 12223]
[12224 12348]
[12349 12453]
[12454 12646]
[12647 12750]
[12751 12843]
[12844 12952]
[12953 13089]
[13090 13248]
[13249 13385]
[13386 13431]
[13432 13506]
[13507 13598]
[13600 13632]
[13633 13760]
[13761 13885]
[13886 14478]
[14479 14558]
[14559 14618]
[14619 14717]
[14718 14785]
[14786 14868]
[14869 14964]
[14965 15051]
[15052 15129]
[15131 15377]
[15378 15454]
[15455 15520]
[15521 15582]
[15583 15718]
[15719 15849]
[15850 15943]
[15944 16002]
[16003 16084]
[16085 16168]
[16169 16255]
[16256 16319]
[16320 16391]
[16392 16444]
[16445 16494]
[16495 16545]
[16546 16603]
[16604 16642]
[16643 16698]
[16699 16960]
[16961 17114]
[17115 17204]
[17205 17343]
[17344 17697]
[17698 17772]
[17773 17875]
[17876 18026]
[18027 18159]
[18160 18256]
[18257 18421]
[18422 18619]
[18620 18761]
[18762 18861]
[18862 18943]
[18944 19148]
[19149 19412]
[19413 19650]
[19651 19858]
[19859 20178]
[20179 20317]
[20318 20488]
[20489 20610]
[20611 20765]
[20766 20870]
[20871 21008]
[21009 21116]
[21117 21245]
[21246 21398]
[21399 22029]
[22030 22502]
[22503 22584]
[22585 22699]
