[ 0 29]
[30 81]
[ 82 181]
[182 227]
[228 295]
[296 341]
[342 387]
[388 445]
[446 479]
[480 515]
[516 618]
[619 655]
[656 763]
[764 811]
[812 870]
[ 871 1353]
[1354 1407]
[1408 1426]
[1427 1468]
[1469 1490]
[1491 1522]
[1523 1541]
[1542 1563]
[1564 1583]
[1584 1611]
[1612 1644]
[1645 1678]
[1679 1716]
[1717 1816]
[1817 2305]
[2306 2399]
[2400 2476]
[2477 2552]
[2553 2627]
[2628 2694]
[2695 2753]
[2754 2833]
[2834 2910]
[2911 2975]
[2976 3045]
[3046 3117]
[3118 3177]
[3178 3553]
[3554 3632]
[3633 3711]
[3712 3792]
[3793 3857]
[3858 3931]
[3932 4010]
[4011 4075]
[4076 4413]
[4414 4500]
[4501 4575]
[4576 4630]
[4631 4748]
[4749 4805]
[4806 4886]
[4887 4939]
[4940 5011]
[5012 5084]
[5085 5137]
[5138 5207]
[5208 5264]
[5265 5331]
[5332 5407]
[5408 5470]
[5471 5569]
[5570 5615]
[5616 5690]
[5691 5782]
[5784 5816]
[5817 5944]
[5945 6044]
[6045 6467]
[6468 6518]
[6519 6623]
[6624 6715]
[6716 6820]
[6821 6920]
[6921 6996]
[6997 7121]
[7122 7208]
[7209 7315]
[7316 7413]
[7414 7776]
[7777 7826]
[7827 7910]
[7911 8006]
[8007 8066]
[8067 8134]
[8135 8205]
[8206 8270]
[8271 8363]
[8364 8430]
[8431 8690]
[8691 8811]
[8812 8933]
[8934 8991]
[8992 9503]
[9504 9628]
[9629 9696]
[9697 9764]
[9765 9844]
[9845 9907]
[ 9908 10004]
[10005 10090]
[10091 10172]
[10173 10255]
[10256 10578]
[10579 10654]
[10655 10759]
[10760 10835]
[10836 10909]
[10910 11055]
[11056 11680]
[11681 11769]
[11770 11884]
[11885 11961]
[11962 12056]
[12057 12444]
[12445 12520]
[12521 12588]
[12589 12660]
[12661 12725]
[12726 12795]
[12796 12867]
[12868 12935]
[12936 12999]
[13000 13074]
[13075 13144]
[13145 13220]
[13221 13313]
[13314 13657]
[13658 13810]
[13811 13890]
[13891 13965]
[13966 14044]
[14045 14082]
[14083 14192]
[14193 14428]
[14429 14474]
[14475 14549]
[14550 14558]
[14559 14641]
[14643 14675]
[14676 14803]
[14804 14928]
[14929 15355]
[15356 15430]
[15431 15495]
[15496 15551]
[15552 15624]
[15625 15671]
[15672 15728]
[15729 15794]
[15795 15863]
[15864 15933]
[15934 16278]
[16279 16365]
[16366 16446]
[16447 16640]
[16641 16759]
[16760 16826]
[16827 16888]
[16889 16951]
[16952 17017]
[17018 17197]
[17198 17280]
[17281 17379]
[17380 17472]
[17473 17562]
[17563 17767]
[17768 17852]
[17853 17934]
[17935 18009]
[18010 18090]
[18091 18181]
[18182 18242]
[18243 18307]
[18308 18391]
[18392 18835]
[18836 18921]
[18922 19004]
[19005 19087]
[19088 19181]
[19182 19289]
[19290 19380]
[19381 19494]
[19496 19603]
[19604 19716]
[19717 19786]
[19787 19875]
[19876 19984]
[19985 20293]
[20294 20406]
[20407 20507]
[20508 20656]
[20657 20772]
[20773 20868]
[20869 20973]
[20974 21109]
[21110 21227]
[21228 21349]
[21350 21488]
[21489 21619]
[21620 21764]
[21765 21919]
[21920 22592]
[22593 23049]
