[ 0 29]
[30 81]
[ 82 241]
[242 305]
[306 358]
[359 414]
[415 468]
[469 520]
[521 574]
[575 628]
[629 682]
[683 736]
[737 790]
[791 844]
[845 895]
[896 949]
[ 950 1001]
[1002 1054]
[1055 1498]
[1499 1552]
[1553 1571]
[1572 1613]
[1614 1635]
[1636 1667]
[1668 1686]
[1687 1708]
[1709 1728]
[1729 1756]
[1757 1789]
[1790 1823]
[1824 1861]
[1862 1961]
[1962 2263]
[2264 2340]
[2341 2457]
[2458 2551]
[2552 2620]
[2621 2705]
[2706 2773]
[2774 2836]
[2837 2939]
[2940 3547]
[3548 3702]
[3703 3857]
[3858 3936]
[3937 4029]
[4030 4115]
[4116 4238]
[4239 4660]
[4661 4734]
[4735 4815]
[4816 4892]
[4893 4975]
[4976 5061]
[5062 5142]
[5143 5222]
[5223 5304]
[5305 5392]
[5393 5486]
[5487 5587]
[5588 5677]
[5678 5771]
[5772 5896]
[5897 5975]
[5976 6256]
[6257 6393]
[6394 6435]
[6436 6485]
[6486 6561]
[6562 6612]
[6613 6666]
[6667 6745]
[6746 6800]
[6801 6849]
[6850 6889]
[6890 6927]
[6928 6973]
[6974 7010]
[7011 7054]
[7055 7106]
[7107 7169]
[7170 7230]
[7231 7313]
[7314 7348]
[7349 7602]
[7603 7653]
[7654 7811]
[7812 7876]
[7877 8028]
[8029 8103]
[8104 8174]
[8175 8220]
[8221 8280]
[8281 8380]
[8381 8824]
[8825 8997]
[8998 9099]
[9100 9201]
[9202 9312]
[9313 9416]
[9417 9509]
[9510 9625]
[9626 9718]
[9719 9785]
[9786 9946]
[ 9947 10004]
[10005 10064]
[10065 10130]
[10131 10209]
[10210 10265]
[10266 10329]
[10330 10382]
[10383 10461]
[10462 10633]
[10634 10833]
[10834 10878]
[10879 10923]
[10924 10982]
[10983 11015]
[11016 11050]
[11051 11380]
[11381 11466]
[11467 11544]
[11545 11612]
[11613 11652]
[11653 11704]
[11705 11773]
[11774 11853]
[11854 11922]
[11923 11992]
[11993 12084]
[12085 12224]
[12225 12346]
[12347 12443]
[12444 12505]
[12506 12567]
[12568 12613]
[12614 12688]
[12689 12780]
[12782 12814]
[12815 12942]
[12943 13067]
[13068 13560]
[13561 13638]
[13639 13728]
[13729 13798]
[13799 13896]
[13897 13962]
[13963 14020]
[14021 14091]
[14092 14148]
[14149 14203]
[14204 14744]
[14745 14839]
[14840 14905]
[14906 14979]
[14980 15248]
[15249 15346]
[15347 15419]
[15420 15499]
[15500 15575]
[15576 15656]
[15657 15852]
[15853 15940]
[15941 16260]
[16261 16387]
[16388 16717]
[16718 16766]
[16767 16822]
[16823 16879]
[16880 16938]
[16939 17021]
[17022 17446]
[17447 17517]
[17518 17602]
[17603 17732]
[17733 17817]
[17818 17898]
[17899 17979]
[17980 18049]
[18050 18108]
[18109 18168]
[18169 18234]
[18235 18959]
[18960 19514]
[19515 19599]
