[ 0 29]
[30 81]
[ 82 181]
[182 219]
[220 258]
[259 309]
[310 349]
[350 384]
[385 521]
[522 588]
[589 641]
[642 723]
[724 775]
[776 832]
[833 878]
[879 907]
[908 954]
[ 955 1384]
[1385 1470]
[1471 1524]
[1525 1543]
[1544 1585]
[1586 1607]
[1608 1639]
[1640 1658]
[1659 1680]
[1681 1700]
[1701 1728]
[1729 1761]
[1762 1795]
[1796 1833]
[1834 2298]
[2299 2354]
[2355 2489]
[2490 3395]
[3396 3490]
[3491 3581]
[3582 3654]
[3655 3760]
[3761 3837]
[3838 5125]
[5126 5529]
[5530 5612]
[5613 5711]
[5712 5808]
[5809 5918]
[5919 6028]
[6029 6070]
[6071 6133]
[6134 6802]
[6803 6852]
[6853 6960]
[6961 7038]
[7039 7131]
[7132 7174]
[7175 7227]
[7228 7313]
[7314 7399]
[7400 7474]
[7475 7549]
[7550 7622]
[7623 7683]
[7684 8103]
[8104 8166]
[8167 8239]
[8240 8292]
[8293 8354]
[8355 8406]
[8407 8469]
[8470 8777]
[8778 8843]
[8844 8909]
[8910 8963]
[8964 9024]
[9025 9072]
[9073 9509]
[9510 9583]
[9584 9662]
[9663 9737]
[9738 9808]
[9809 9908]
[ 9909 10000]
[10001 10116]
[10117 10197]
[10198 10249]
[10250 10312]
[10313 10426]
[10427 10488]
[10489 10549]
[10550 10623]
[10624 10656]
[10657 10742]
[10743 11104]
[11105 11179]
[11180 11213]
[11214 11246]
[11247 11326]
[11327 11385]
[11386 11460]
[11461 11490]
[11491 11622]
[11623 11682]
[11683 11747]
[11748 11805]
[11806 11858]
[11859 11921]
[11922 12290]
[12291 12725]
[12726 12843]
[12844 12927]
[12928 12997]
[12998 13150]
[13151 13331]
[13332 13441]
[13442 13526]
[13527 13632]
[13633 13790]
[13791 13902]
[13903 13994]
[13995 14074]
[14075 14166]
[14167 14250]
[14251 14304]
[14305 14323]
[14324 14365]
[14366 14387]
[14388 14419]
[14420 14438]
[14439 14460]
[14461 14479]
[14481 14508]
[14509 14541]
[14542 14575]
[14576 14613]
[14614 14699]
[14700 15212]
[15213 15228]
[15229 15287]
[15288 15294]
[15295 15334]
[15335 15388]
[15389 15440]
[15441 15484]
[15485 15527]
[15528 15573]
[15574 15622]
[15623 15673]
[15674 15735]
[15736 15818]
[15819 15845]
[15847 15927]
[15928 15981]
[15983 16034]
[16035 16292]
[16294 16346]
[16347 16412]
[16413 16488]
[16489 16553]
[16554 16623]
[16624 16649]
[16650 16699]
[16700 16746]
[16747 16828]
[16829 16923]
[16924 16972]
[16973 17021]
[17022 17067]
[17068 17108]
[17109 17671]
[17672 17722]
[17723 17780]
[17781 17843]
[17844 17915]
[17916 17991]
[17992 18066]
[18067 18141]
[18142 18187]
[18188 18280]
[18281 18392]
[18393 18440]
[18441 18490]
[18491 18545]
[18546 18585]
[18586 18732]
[18733 18799]
[18800 19161]
[19162 19268]
[19269 19297]
[19298 19372]
[19373 19460]
[19461 19511]
[19512 21689]
[21690 21857]
[21858 21923]
[21924 21990]
[21991 22076]
[22077 22126]
[22127 22248]
[22249 22320]
[22321 22415]
[22416 22464]
[22465 22521]
[22522 23164]
[23165 23637]
[23638 23749]
