[ 0 29]
[30 81]
[ 82 181]
[182 241]
[242 305]
[306 358]
[359 418]
[419 468]
[469 574]
[575 628]
[629 682]
[683 736]
[737 790]
[791 894]
[895 949]
[ 950 1001]
[1002 1054]
[1055 1507]
[1508 1561]
[1562 1580]
[1581 1622]
[1623 1644]
[1645 1676]
[1677 1695]
[1696 1717]
[1718 1737]
[1738 1765]
[1766 1798]
[1799 1832]
[1833 1870]
[1871 1970]
[1971 2254]
[2255 2297]
[2298 2389]
[2390 2534]
[2535 2655]
[2656 2725]
[2726 2834]
[2835 2914]
[2915 3021]
[3022 3166]
[3167 3272]
[3273 3365]
[3366 3437]
[3438 3535]
[3536 3634]
[3635 3752]
[3753 3833]
[3834 4200]
[4201 4256]
[4257 4328]
[4329 4379]
[4380 4431]
[4432 4478]
[4479 4534]
[4535 4601]
[4602 4712]
[4713 4758]
[4759 4905]
[4906 4949]
[4950 5938]
[5939 5997]
[5998 6040]
[6041 6129]
[6130 6195]
[6196 6264]
[6265 6311]
[6312 6352]
[6353 6387]
[6388 6777]
[6778 6957]
[6958 7017]
[7018 7059]
[7060 7102]
[7103 7144]
[7145 7189]
[7190 7232]
[7233 7271]
[7272 7308]
[7309 7457]
[7458 8145]
[8146 8212]
[8213 8257]
[8258 8298]
[8299 8346]
[8347 8404]
[8405 8418]
[8419 8451]
[8452 8504]
[8505 8574]
[8575 9143]
[9144 9193]
[9194 9240]
[9241 9283]
[9284 9341]
[9342 9386]
[9387 9476]
[9477 9576]
[ 9577 10002]
[10003 10038]
[10039 10151]
[10152 10252]
[10253 10364]
[10365 10613]
[10614 10702]
[10703 10853]
[10854 11001]
[11002 11104]
[11105 11226]
[11227 11353]
[11354 11565]
[11566 11626]
[11627 11660]
[11661 11704]
[11705 11749]
[11750 11787]
[11788 11870]
[11871 11927]
[11928 11969]
[11970 12026]
[12027 12077]
[12078 12120]
[12121 12153]
[12154 12198]
[12199 12234]
[12235 12273]
[12274 12502]
[12503 12874]
[12875 12948]
[12949 13036]
[13037 13127]
[13128 13224]
[13225 13322]
[13323 13429]
[13430 13677]
[13678 13785]
[13786 13882]
[13883 13977]
[13978 14098]
[14099 14239]
[14240 14331]
[14332 14377]
[14378 14452]
[14453 14544]
[14546 14578]
[14579 14706]
[14707 14831]
[14832 15495]
[15496 15579]
[15580 15692]
[15693 15777]
[15778 15862]
[15863 15941]
[15942 16010]
[16011 16086]
[16087 16159]
[16160 16247]
[16248 16331]
[16332 16947]
[16948 17210]
[17211 17297]
[17298 17379]
[17380 17471]
[17472 17554]
[17555 17628]
[17629 17705]
[17706 17778]
[17779 17855]
[17856 17924]
[17925 17988]
[17989 18052]
[18053 18132]
[18133 18470]
[18471 18868]
[18869 18968]
[18969 19049]
[19050 19132]
[19133 19224]
[19225 19295]
[19296 19385]
[19386 19474]
[19475 19757]
[19758 19835]
[19836 19923]
[19924 20056]
[20057 20121]
[20122 20182]
[20183 20259]
[20260 20340]
[20341 20445]
[20446 20548]
[20549 20640]
[20641 20741]
[20742 21290]
[21291 21370]
[21371 21460]
[21461 21546]
[21547 21630]
[21631 21732]
[21733 21838]
[21839 21969]
[21970 22910]
[22911 22998]
[22999 23056]
[23057 23115]
[23116 23170]
[23171 23219]
[23220 23275]
[23276 23336]
[23337 23427]
[23428 24123]
[24124 24678]
[24679 24749]
