[ 0 29]
[30 81]
[ 82 181]
[182 245]
[246 289]
[290 343]
[344 411]
[412 430]
[431 498]
[499 552]
[553 636]
[637 719]
[720 776]
[777 840]
[841 879]
[ 880 1365]
[1366 1465]
[1466 1519]
[1520 1538]
[1539 1580]
[1581 1602]
[1603 1634]
[1635 1653]
[1654 1675]
[1676 1695]
[1696 1723]
[1724 1756]
[1757 1790]
[1791 1851]
[1852 2284]
[2285 2345]
[2346 2432]
[2433 2514]
[2515 2579]
[2580 2670]
[2671 2745]
[2746 2830]
[2831 2913]
[2914 3004]
[3005 3077]
[3078 3180]
[3181 3299]
[3300 3370]
[3371 3414]
[3415 3761]
[3762 3803]
[3804 3870]
[3871 3935]
[3936 4002]
[4003 4076]
[4077 4150]
[4151 4220]
[4221 4290]
[4291 4362]
[4363 4552]
[4553 4627]
[4628 4685]
[4686 4755]
[4756 4823]
[4824 4893]
[4894 4964]
[4965 5084]
[5085 5134]
[5135 5208]
[5209 5278]
[5279 5325]
[5326 5687]
[5688 5748]
[5749 5791]
[5792 5838]
[5839 5890]
[5891 5946]
[5947 5996]
[5997 6082]
[6083 6157]
[6158 6212]
[6213 6281]
[6282 6316]
[6317 6766]
[6767 6886]
[6887 6945]
[6946 7001]
[7002 7078]
[7079 7170]
[7171 7280]
[7281 7407]
[7408 7507]
[7508 7614]
[7615 7666]
[7667 8108]
[8109 8214]
[8215 8302]
[8303 8374]
[8375 8446]
[8447 8523]
[8524 8592]
[8593 8648]
[8649 8705]
[8706 9087]
[9088 9204]
[9205 9296]
[9297 9378]
[9379 9499]
[9500 9652]
[9653 9727]
[9728 9920]
[ 9921 10393]
[10394 10512]
[10513 10564]
[10565 10627]
[10628 10684]
[10685 10730]
[10731 10768]
[10769 10822]
[10823 10867]
[10868 10932]
[10933 11032]
[11033 11341]
[11342 11403]
[11404 11487]
[11488 11605]
[11606 11664]
[11665 11799]
[11800 11905]
[11906 12027]
[12028 12134]
[12135 12244]
[12245 12302]
[12303 12407]
[12408 12476]
[12477 12541]
[12542 13065]
[13066 13157]
[13158 13225]
[13226 13299]
[13300 13379]
[13380 13462]
[13463 13533]
[13534 13613]
[13614 13695]
[13696 13764]
[13765 13818]
[13819 13866]
[13867 13935]
[13936 14016]
[14017 14102]
[14103 14184]
[14185 14260]
[14261 14328]
[14329 14398]
[14399 14482]
[14483 14568]
[14569 14657]
[14658 14690]
[14691 14736]
[14737 14811]
[14812 14820]
[14821 14903]
[14904 14937]
[14938 15065]
[15066 15165]
[15166 15627]
[15628 15801]
[15802 16437]
[16438 16587]
[16588 16688]
[16689 16803]
[16804 16891]
[16892 16961]
[16962 17045]
[17046 17232]
[17233 17365]
[17366 17453]
[17454 17545]
[17546 17691]
[17692 17970]
[17971 18102]
[18103 18209]
[18210 18300]
[18301 18412]
[18413 18515]
[18516 18615]
[18616 18743]
[18744 18860]
[18861 18972]
[18973 19075]
[19076 19257]
[19258 19390]
[19391 19506]
[19507 19623]
[19624 19754]
[19755 19899]
[19900 20060]
[20061 20231]
[20232 21793]
[21794 21909]
[21910 22034]
[22035 22159]
[22160 22303]
[22304 22443]
[22444 22556]
[22557 22670]
[22671 22789]
[22790 22893]
[22894 23605]
[23606 24099]
