[ 0 29]
[30 81]
[ 82 181]
[182 213]
[214 279]
[280 397]
[398 477]
[478 522]
[523 810]
[811 853]
[854 882]
[ 883 1316]
[1317 1402]
[1403 1456]
[1457 1475]
[1476 1517]
[1518 1539]
[1540 1571]
[1572 1590]
[1591 1612]
[1613 1631]
[1633 1660]
[1661 1693]
[1694 1727]
[1728 1765]
[1766 2117]
[2118 2231]
[2232 2338]
[2339 2370]
[2371 2436]
[2437 2501]
[2502 2595]
[2596 2688]
[2689 2980]
[2981 3132]
[3133 3284]
[3285 3524]
[3525 3646]
[3647 3737]
[3738 3831]
[3832 3946]
[3947 4041]
[4042 4147]
[4148 4257]
[4258 4333]
[4334 4401]
[4402 4496]
[4497 4596]
[4597 4685]
[4686 4930]
[4931 5039]
[5040 5131]
[5132 5248]
[5249 5349]
[5350 5441]
[5442 5552]
[5553 5607]
[5608 5661]
[5662 5730]
[5731 5798]
[5799 5865]
[5866 5930]
[5931 6012]
[6013 6083]
[6084 6160]
[6161 6225]
[6226 6405]
[6406 6467]
[6468 6531]
[6532 6839]
[6840 6911]
[6912 7072]
[7073 7119]
[7120 7186]
[7187 7227]
[7228 7742]
[7743 8000]
[8001 8053]
[8054 8175]
[8176 8217]
[8218 8329]
[8330 8415]
[8416 8615]
[8616 8759]
[8760 8812]
[8813 8919]
[8920 9031]
[9032 9123]
[9124 9188]
[9189 9268]
[9269 9338]
[9339 9415]
[9416 9482]
[9483 9548]
[9549 9625]
[9626 9692]
[9693 9759]
[9760 9827]
[9828 9901]
[ 9902 10033]
[10034 10059]
[10060 10139]
[10140 10496]
[10497 10579]
[10580 10684]
[10685 11038]
[11039 11191]
[11192 11290]
[11291 11380]
[11381 11494]
[11495 11616]
[11617 11789]
[11790 11808]
[11809 11850]
[11851 11872]
[11873 11904]
[11905 11923]
[11924 11945]
[11946 11964]
[11966 11993]
[11994 12026]
[12027 12060]
[12061 12098]
[12099 12184]
[12185 12818]
[12819 13018]
[13019 13087]
[13088 13170]
[13171 13238]
[13239 13363]
[13364 13436]
[13437 13731]
[13733 13949]
[13950 13991]
[13992 14509]
[14510 14690]
[14691 14770]
[14771 14920]
[14921 14993]
[14994 15099]
[15100 15197]
[15198 15302]
[15303 15453]
[15454 15544]
[15545 15615]
[15616 15807]
[15808 16017]
[16018 16381]
[16382 16495]
[16496 16636]
[16637 16892]
[16893 17389]
[17390 17603]
[17604 17844]
[17845 18067]
[18068 18344]
[18345 18461]
[18462 18611]
[18612 18678]
[18679 19062]
[19063 19174]
[19175 19293]
[19294 19444]
[19445 19540]
[19541 19632]
[19633 19705]
[19706 19807]
[19808 19909]
[19910 20064]
[20065 20719]
[20720 21192]
[21193 21299]
