[ 0 29]
[30 81]
[ 82 181]
[182 216]
[217 245]
[246 294]
[295 336]
[337 382]
[383 414]
[415 466]
[467 514]
[515 687]
[688 731]
[732 794]
[ 795 1245]
[1246 1331]
[1332 1385]
[1386 1404]
[1405 1446]
[1447 1468]
[1469 1500]
[1501 1519]
[1520 1541]
[1542 1561]
[1562 1589]
[1590 1622]
[1623 1656]
[1657 1694]
[1695 2255]
[2256 2326]
[2327 2383]
[2384 2661]
[2662 2696]
[2697 2727]
[2728 2756]
[2757 2797]
[2798 2835]
[2836 2861]
[2862 2897]
[2898 2957]
[2958 3002]
[3003 3027]
[3028 3062]
[3063 3683]
[3684 3714]
[3715 3762]
[3763 3807]
[3808 3861]
[3862 3894]
[3895 3967]
[3968 4021]
[4022 4229]
[4230 4856]
[4857 4972]
[4973 5064]
[5065 5225]
[5226 5298]
[5299 5369]
[5370 5506]
[5507 5549]
[5550 5697]
[5698 5756]
[5757 6061]
[6062 6120]
[6121 6234]
[6235 6363]
[6364 6488]
[6489 8268]
[8269 8406]
[8407 8573]
[8574 8722]
[8723 8870]
[8871 9243]
[9244 9298]
[9299 9427]
[9428 9477]
[9478 9551]
[9552 9671]
[9672 9764]
[9765 9879]
[ 9880 10022]
[10023 10217]
[10218 10378]
[10379 10464]
[10465 10885]
[10886 10983]
[10984 11009]
[11010 11099]
[11100 11230]
[11231 11350]
[11351 11475]
[11476 11723]
[11724 11845]
[11846 11970]
[11971 12279]
[12280 12392]
[12393 12530]
[12531 12693]
[12694 12828]
[12829 12908]
[12909 12994]
[12995 13241]
[13242 14320]
[14321 14339]
[14340 14381]
[14382 14403]
[14404 14435]
[14436 14454]
[14455 14476]
[14477 14495]
[14497 14524]
[14525 14557]
[14558 14591]
[14592 14629]
[14630 14715]
[14716 15196]
[15197 15283]
[15284 15422]
[15423 15591]
[15592 15834]
[15835 16546]
[16547 16700]
[16701 16840]
[16841 16988]
[16989 17097]
[17098 17157]
[17158 17224]
[17225 17311]
[17312 17393]
[17394 17459]
[17460 17538]
[17539 17630]
[17631 17725]
[17726 17831]
[17832 18580]
[18581 18673]
[18674 18739]
[18740 18814]
[18815 18883]
[18884 18946]
[18947 19627]
[19628 19799]
[19800 19896]
[19897 20082]
[20083 20236]
[20237 20979]
[20980 21036]
[21037 21092]
[21093 21149]
[21150 21213]
[21214 21269]
[21270 21325]
[21326 21388]
[21389 22095]
[22096 22568]
[22569 22649]
