[ 0 29]
[30 81]
[ 82 181]
[182 255]
[256 312]
[313 404]
[405 448]
[449 502]
[503 540]
[541 600]
[601 644]
[645 675]
[676 710]
[711 754]
[755 785]
[786 870]
[871 956]
[ 957 1403]
[1404 1489]
[1490 1543]
[1544 1562]
[1563 1604]
[1605 1626]
[1627 1658]
[1659 1677]
[1678 1699]
[1700 1719]
[1720 1747]
[1748 1780]
[1781 1814]
[1815 1852]
[1853 2305]
[2306 2422]
[2423 2570]
[2571 2694]
[2695 2923]
[2924 3050]
[3051 3607]
[3608 3733]
[3734 3849]
[3850 4157]
[4158 4201]
[4202 4255]
[4256 4321]
[4322 4410]
[4411 4475]
[4476 4561]
[4562 4630]
[4631 4709]
[4710 4804]
[4805 4859]
[4860 4953]
[4954 5014]
[5015 5064]
[5065 5143]
[5144 5223]
[5224 5263]
[5264 5319]
[5320 5369]
[5370 5397]
[5398 5439]
[5440 5494]
[5495 5533]
[5534 5564]
[5565 5595]
[5596 5630]
[5631 5917]
[5918 6017]
[6018 6113]
[6114 6212]
[6213 6306]
[6307 6485]
[6486 6735]
[6736 6950]
[6951 7232]
[7233 8080]
[8081 8295]
[8296 8378]
[8379 8467]
[8468 8553]
[8554 8745]
[8746 9034]
[9035 9066]
[9067 9125]
[9126 9186]
[9187 9251]
[9252 9304]
[9305 9364]
[9365 9429]
[9430 9484]
[9485 9544]
[9545 9735]
[9736 9789]
[9790 9909]
[9910 9964]
[ 9965 10029]
[10030 10092]
[10093 10157]
[10158 10224]
[10225 10602]
[10603 10733]
[10734 10781]
[10782 10865]
[10866 10928]
[10929 10990]
[10991 11047]
[11048 11103]
[11104 11150]
[11151 11192]
[11193 11245]
[11246 11300]
[11301 11355]
[11356 11407]
[11408 11453]
[11454 11490]
[11491 11532]
[11533 11584]
[11585 11629]
[11630 11677]
[11678 11764]
[11765 11813]
[11814 12083]
[12084 12221]
[12222 12307]
[12308 12391]
[12392 12463]
[12464 12510]
[12511 12613]
[12614 12679]
[12680 12739]
[12740 12779]
[12780 12976]
[12977 12995]
[12996 13037]
[13038 13059]
[13060 13091]
[13092 13110]
[13111 13132]
[13133 13152]
[13153 13180]
[13181 13213]
[13214 13247]
[13248 13285]
[13286 13371]
[13372 13988]
[13989 14211]
[14212 14300]
[14301 14367]
[14368 14439]
[14440 14511]
[14512 14836]
[14837 15278]
[15279 15525]
[15526 15894]
[15895 16037]
[16038 16132]
[16133 16214]
[16215 16309]
[16310 16418]
[16419 17092]
[17093 17156]
[17157 17286]
[17287 17420]
[17421 17852]
[17853 17950]
[17951 18011]
[18012 18089]
[18090 18202]
[18203 18328]
[18329 18430]
[18431 18529]
[18530 18732]
[18733 19390]
[19391 19863]
[19864 19949]
