[ 0 29]
[30 81]
[ 82 241]
[242 305]
[306 418]
[419 468]
[469 520]
[521 574]
[575 628]
[629 682]
[683 736]
[737 790]
[791 825]
[826 844]
[845 895]
[896 949]
[ 950 1001]
[1002 1511]
[1512 1565]
[1566 1584]
[1585 1626]
[1627 1648]
[1649 1680]
[1681 1699]
[1700 1721]
[1722 1740]
[1742 1769]
[1770 1802]
[1803 1836]
[1837 1874]
[1875 1974]
[1975 2282]
[2283 2445]
[2446 2583]
[2584 2648]
[2649 2737]
[2738 2813]
[2814 2868]
[2869 2925]
[2926 2979]
[2980 3090]
[3091 3143]
[3144 3195]
[3196 3323]
[3324 3460]
[3461 3566]
[3567 3718]
[3719 3790]
[3791 3859]
[3860 3912]
[3913 4002]
[4003 4123]
[4124 4183]
[4184 4248]
[4249 4328]
[4329 4428]
[4429 4501]
[4502 4580]
[4581 4712]
[4713 5116]
[5117 5184]
[5185 5271]
[5272 5341]
[5342 5443]
[5444 5502]
[5503 5572]
[5573 5812]
[5813 6979]
[6980 7063]
[7064 7134]
[7135 7229]
[7230 7672]
[7673 7767]
[7768 7842]
[7843 7948]
[7949 8025]
[8026 8089]
[8090 8138]
[8139 8187]
[8188 8269]
[8270 8367]
[8368 8678]
[8679 8720]
[8721 8784]
[8785 8865]
[8866 8929]
[8930 8981]
[8982 9042]
[9043 9101]
[9102 9141]
[9142 9198]
[9199 9246]
[9247 9311]
[9312 9364]
[9365 9407]
[9408 9478]
[9479 9578]
[9579 9864]
[9865 9986]
[ 9987 10123]
[10124 10451]
[10452 10561]
[10562 10635]
[10636 11128]
[11129 11436]
[11437 11521]
[11522 11600]
[11601 11772]
[11773 11851]
[11852 11939]
[11940 12015]
[12016 12102]
[12103 12176]
[12177 12362]
[12363 12437]
[12438 12516]
[12517 12584]
[12585 12630]
[12631 12705]
[12706 12798]
[12799 12831]
[12832 12959]
[12960 13084]
[13085 13783]
[13784 13918]
[13919 13949]
[13950 13986]
[13987 14021]
[14022 14072]
[14073 14112]
[14113 14148]
[14149 14186]
[14187 14237]
[14238 14285]
[14286 14346]
[14347 14436]
[14437 14500]
[14501 14551]
[14552 14652]
[14653 14682]
[14683 14720]
[14721 14780]
[14781 14845]
[14846 14920]
[14921 14997]
[14998 15036]
[15037 15110]
[15111 15209]
[15210 15270]
[15271 15319]
[15320 15366]
[15367 15409]
[15410 15460]
[15461 15534]
[15535 15592]
[15593 15628]
[15629 15698]
[15699 15770]
[15771 15858]
[15859 15945]
[15946 16015]
[16016 16141]
[16142 16180]
[16181 16222]
[16223 16275]
[16276 16308]
[16309 16345]
[16346 16381]
[16382 16454]
[16455 16519]
[16520 16578]
[16579 16663]
[16664 16869]
[16870 17024]
[17025 17166]
[17167 17216]
[17217 17285]
[17286 17368]
[17369 17474]
[17475 17550]
[17551 17601]
[17602 17654]
[17655 17696]
[17697 17780]
[17781 17869]
[17870 17924]
[17925 17963]
[17964 18021]
[18022 18064]
[18065 18127]
[18128 18171]
[18172 18216]
[18217 18275]
[18276 18329]
[18330 18383]
[18384 18584]
[18585 18845]
[18846 18946]
[18947 19007]
[19008 19160]
[19161 19206]
[19207 19257]
[19258 19316]
[19317 19371]
[19372 19443]
[19444 19507]
[19508 19623]
[19624 19719]
[19720 19769]
[19770 19812]
[19813 19893]
[19894 19935]
[19936 19977]
[19978 20078]
[20079 20151]
[20152 20199]
[20200 20250]
[20251 20300]
[20301 20371]
[20372 20572]
[20573 20616]
[20617 20711]
[20712 20856]
[20857 20925]
[20926 20997]
[20998 21073]
[21074 21173]
[21174 21299]
[21300 21709]
[21710 21914]
[21915 21975]
[21976 22016]
[22017 22054]
[22055 22103]
[22104 22137]
[22138 22185]
[22186 22224]
[22225 22258]
[22259 22332]
[22333 22402]
[22403 22486]
[22487 23209]
[23210 23764]
[23765 23849]
