[ 0 29]
[30 81]
[ 82 181]
[182 241]
[242 305]
[306 358]
[359 414]
[415 468]
[469 574]
[575 736]
[737 790]
[791 843]
[844 901]
[902 949]
[ 950 1000]
[1001 1053]
[1054 1475]
[1476 1529]
[1530 1548]
[1549 1590]
[1591 1612]
[1613 1644]
[1645 1663]
[1664 1685]
[1686 1704]
[1706 1733]
[1734 1766]
[1767 1800]
[1801 1838]
[1839 1938]
[1939 2456]
[2457 2566]
[2567 2696]
[2697 2795]
[2796 2907]
[2908 3016]
[3017 3130]
[3131 3238]
[3239 3348]
[3349 3456]
[3457 3564]
[3565 3689]
[3690 3815]
[3816 3928]
[3929 4039]
[4040 4410]
[4411 4475]
[4476 4528]
[4529 4583]
[4584 4653]
[4654 4705]
[4706 4763]
[4764 4841]
[4842 5037]
[5038 5119]
[5120 5177]
[5178 5249]
[5250 5351]
[5352 5416]
[5417 5454]
[5455 5523]
[5524 5580]
[5581 5599]
[5600 5678]
[5679 5801]
[5802 5878]
[5879 5939]
[5940 6876]
[6877 7189]
[7190 7754]
[7755 7920]
[7921 8176]
[8177 8286]
[8287 8435]
[8436 8532]
[8533 8574]
[8575 8840]
[8841 9108]
[9109 9662]
[9663 9762]
[ 9763 10021]
[10022 10077]
[10078 10130]
[10131 10209]
[10210 10299]
[10300 10588]
[10589 10672]
[10673 10721]
[10722 10861]
[10862 10907]
[10908 10982]
[10983 11074]
[11076 11108]
[11109 11236]
[11237 11361]
[11362 11907]
[11908 12017]
[12018 12061]
[12062 12105]
[12106 12159]
[12160 12208]
[12209 12256]
[12257 12310]
[12311 12384]
[12385 12867]
[12868 12959]
[12960 13106]
[13107 13310]
[13311 13528]
[13529 13968]
[13969 14053]
[14054 14129]
[14130 14195]
[14196 14264]
[14265 14313]
[14314 14457]
[14458 14605]
[14606 14671]
[14672 14790]
[14791 14892]
[14893 15065]
[15066 15186]
[15187 15270]
[15271 15368]
[15369 15460]
[15461 15617]
[15618 15720]
[15721 15893]
[15894 16159]
[16160 16245]
[16246 16328]
[16329 16403]
[16404 16542]
[16543 16735]
[16736 16920]
[16921 17195]
[17196 17341]
[17342 17471]
[17472 17685]
[17686 18365]
[18366 18920]
[18921 18999]
