[ 0 29]
[30 81]
[ 82 181]
[182 268]
[269 325]
[326 401]
[402 449]
[450 505]
[506 559]
[560 649]
[650 694]
[695 733]
[734 753]
[754 827]
[828 877]
[878 932]
[ 933 1387]
[1388 1487]
[1488 1541]
[1542 1560]
[1561 1602]
[1603 1624]
[1625 1656]
[1657 1675]
[1676 1697]
[1698 1717]
[1718 1745]
[1746 1778]
[1779 1812]
[1813 1873]
[1874 2256]
[2257 2330]
[2331 2363]
[2364 2455]
[2456 2512]
[2513 2667]
[2668 2709]
[2710 2757]
[2758 2821]
[2822 2870]
[2871 3016]
[3017 3071]
[3073 3744]
[3746 3824]
[3825 3869]
[3870 3956]
[3957 3975]
[3976 4096]
[4097 4142]
[4143 4237]
[4238 4321]
[4322 4451]
[4452 4508]
[4509 4815]
[4816 4994]
[4995 5121]
[5122 5250]
[5251 5506]
[5507 5666]
[5667 5777]
[5778 5901]
[5902 6218]
[6219 6312]
[6313 6408]
[6409 6537]
[6538 6650]
[6651 6832]
[6833 6902]
[6903 6972]
[6973 7006]
[7007 7060]
[7061 7130]
[7131 7192]
[7193 7292]
[7293 7329]
[7330 7429]
[7430 7718]
[7719 7980]
[7981 8034]
[8035 8158]
[8159 8422]
[8423 8613]
[8614 8772]
[8773 8968]
[8969 9296]
[9297 9370]
[9371 9445]
[9446 9520]
[9521 9621]
[9622 9731]
[9732 9781]
[9783 9837]
[9838 9939]
[ 9940 10048]
[10049 10202]
[10203 10487]
[10488 10574]
[10575 10646]
[10647 10835]
[10836 10907]
[10908 10953]
[10954 11055]
[11056 11174]
[11175 11225]
[11226 11325]
[11326 11380]
[11381 11422]
[11423 11548]
[11549 11564]
[11565 11610]
[11611 11685]
[11686 11777]
[11778 11811]
[11812 11939]
[11940 12064]
[12065 12685]
[12686 12705]
[12706 12764]
[12765 12828]
[12829 12873]
[12874 12924]
[12925 12987]
[12988 13042]
[13043 13102]
[13103 13167]
[13168 13240]
[13241 13304]
[13305 13376]
[13377 13456]
[13457 13506]
[13507 13578]
[13579 13636]
[13637 13700]
[13701 13768]
[13769 13826]
[13827 13888]
[13889 13928]
[13929 13987]
[13988 14044]
[14045 14589]
[14590 14636]
[14637 14687]
[14688 14738]
[14739 14773]
[14774 14828]
[14829 14889]
[14890 15027]
[15028 15095]
[15096 15146]
[15147 15197]
[15198 15257]
[15258 15342]
[15343 15513]
[15514 15670]
[15671 15727]
[15728 15781]
[15782 15945]
[15946 16925]
[16926 16989]
[16990 17042]
[17043 17113]
[17114 17174]
[17175 17236]
[17237 17294]
[17295 17463]
[17464 17516]
[17517 17598]
[17599 17667]
[17668 18360]
[18361 18849]
