[ 0 29]
[30 81]
[ 82 181]
[182 216]
[217 341]
[342 389]
[390 457]
[458 502]
[503 546]
[547 607]
[608 649]
[650 688]
[689 708]
[709 751]
[752 794]
[795 842]
[843 853]
[ 854 1320]
[1321 1420]
[1421 1474]
[1475 1493]
[1494 1535]
[1536 1557]
[1558 1589]
[1590 1608]
[1609 1630]
[1631 1649]
[1651 1678]
[1679 1711]
[1712 1807]
[1808 2189]
[2190 2235]
[2236 2300]
[2301 2391]
[2392 2571]
[2572 2716]
[2717 2898]
[2899 3300]
[3301 3636]
[3637 4059]
[4060 4194]
[4195 4347]
[4348 4508]
[4509 4614]
[4615 4714]
[4715 4818]
[4819 4978]
[4979 5122]
[5123 5264]
[5265 5397]
[5398 5595]
[5596 7055]
[7056 7991]
[7992 8135]
[8136 8310]
[8311 8452]
[8453 8632]
[8633 8806]
[8807 9102]
[9103 9282]
[9283 9394]
[9395 9480]
[9481 9574]
[9575 9674]
[9675 9773]
[ 9774 10300]
[10301 10525]
[10526 10852]
[10853 11135]
[11136 11222]
[11223 11482]
[11483 11597]
[11598 11714]
[11715 12092]
[12093 12287]
[12288 12393]
[12394 12905]
[12906 12951]
[12952 12990]
[12991 13037]
[13038 13082]
[13083 13127]
[13128 13178]
[13179 13222]
[13223 13258]
[13259 13297]
[13298 13923]
[13924 13973]
[13974 14016]
[14017 14057]
[14058 14103]
[14104 14147]
[14148 14199]
[14200 14249]
[14250 14302]
[14303 14352]
[14353 14409]
[14410 14455]
[14456 14499]
[14500 14557]
[14558 15058]
[15059 15111]
[15112 15166]
[15167 15221]
[15222 15279]
[15280 15321]
[15322 15364]
[15365 15403]
[15404 15503]
[15504 15851]
[15852 15901]
[15902 16000]
[16001 16040]
[16041 16069]
[16070 16101]
[16102 16131]
[16132 16170]
[16171 16215]
[16216 16266]
[16267 16310]
[16311 16360]
[16361 16421]
[16422 16463]
[16464 16521]
[16522 16580]
[16581 16800]
[16801 16904]
[16905 17022]
[17023 17106]
[17107 17190]
[17191 17265]
[17266 17344]
[17345 17416]
[17417 17489]
[17490 17574]
[17575 17638]
[17639 17664]
[17665 17992]
[17993 18054]
[18055 18113]
[18114 18169]
[18170 18226]
[18227 18283]
[18284 18350]
[18351 18416]
[18417 18488]
[18489 18564]
[18565 18630]
[18631 18703]
[18704 18765]
[18766 18842]
[18843 18904]
[18905 18930]
[18931 18976]
[18977 19051]
[19052 19143]
[19145 19177]
[19178 19305]
[19306 19430]
[19431 19953]
[19954 19995]
[19996 20027]
[20028 20070]
[20071 20113]
[20114 20161]
[20162 20212]
[20213 20268]
[20269 20322]
[20323 20385]
[20386 20444]
[20445 20697]
[20698 20737]
[20738 20812]
[20813 20849]
[20850 20929]
[20930 20974]
[20975 21435]
[21436 21495]
[21496 21544]
[21545 21589]
[21590 21630]
[21631 21672]
[21673 21772]
[21773 22097]
[22098 22148]
[22149 22201]
[22202 22259]
[22260 22320]
[22321 22376]
[22377 22445]
[22446 22505]
[22506 22582]
[22583 23265]
[23266 23738]
[23739 23849]
