[ 0 23]
[24 73]
[ 74 282]
[283 322]
[323 427]
[428 523]
[524 579]
[580 635]
[636 659]
[660 702]
[703 797]
[798 818]
[ 819 1256]
[1257 1352]
[1353 1404]
[1405 1422]
[1423 1462]
[1463 1483]
[1484 1514]
[1515 1532]
[1533 1553]
[1554 1571]
[1572 1599]
[1600 1631]
[1632 1722]
[1723 2302]
[2303 2327]
[2328 2390]
[2391 2438]
[2439 2602]
[2603 2765]
[2766 2816]
[2817 2864]
[2865 2912]
[2913 2973]
[2974 3019]
[3020 3067]
[3068 3115]
[3116 3163]
[3164 3211]
[3212 3259]
[3260 3307]
[3308 3355]
[3356 3415]
[3416 3534]
[3535 3618]
[3619 3666]
[3667 3714]
[3715 3723]
[3724 4013]
[4014 4289]
[4290 4380]
[4381 4429]
[4430 4501]
[4502 4589]
[4590 4682]
[4683 4819]
[4820 4882]
[4883 5020]
[5021 5093]
[5094 5216]
[5217 5289]
[5290 5386]
[5387 5465]
[5466 5467]
[5468 6088]
[6089 6182]
[6183 6278]
[6279 6372]
[6373 6529]
[6530 6656]
[6657 6800]
[6801 6927]
[6928 7047]
[7048 7144]
[7145 7240]
[7241 7543]
[7544 7621]
[7622 7679]
[7680 7751]
[7752 7826]
[7827 7951]
[7952 8012]
[8013 8212]
[8213 8282]
[8283 8359]
[8360 8498]
[8499 8546]
[8547 8618]
[8619 8923]
[8924 9106]
[9107 9197]
[9198 9253]
[9254 9312]
[9313 9373]
[9374 9434]
[9435 9548]
[9549 9699]
[ 9700 10008]
[10009 10055]
[10056 10114]
[10115 10235]
[10236 10317]
[10318 10389]
[10390 10473]
[10474 10560]
[10561 10643]
[10644 10726]
[10727 10820]
[10821 10864]
[10865 10936]
[10937 11025]
[11026 11057]
[11058 11180]
[11181 11300]
[11301 11803]
[11804 11908]
[11909 11993]
[11994 12072]
[12073 12168]
[12169 12262]
[12263 12351]
[12352 12489]
[12490 13424]
[13425 13532]
[13533 13634]
[13635 13729]
[13730 13820]
[13821 13917]
[13918 14002]
[14003 14103]
[14104 14189]
[14190 15308]
[15309 15405]
[15406 15493]
[15494 15562]
[15563 15797]
[15798 16162]
[16163 16218]
[16219 16261]
[16262 16313]
[16314 16376]
[16377 16502]
[16503 16603]
[16604 16722]
[16723 17370]
[17372 17823]
[17824 17899]
