[ 0 29]
[30 81]
[ 82 181]
[182 236]
[237 287]
[288 343]
[344 397]
[398 447]
[448 505]
[506 563]
[564 613]
[614 667]
[668 829]
[830 881]
[882 934]
[935 986]
[ 987 1039]
[1040 1490]
[1491 1544]
[1545 1563]
[1564 1605]
[1606 1627]
[1628 1659]
[1660 1678]
[1679 1700]
[1701 1720]
[1721 1748]
[1749 1781]
[1782 1815]
[1816 1853]
[1854 1953]
[1954 2250]
[2251 2302]
[2303 2379]
[2380 2479]
[2480 2517]
[2518 2580]
[2581 2658]
[2659 2726]
[2727 2805]
[2806 2880]
[2881 2976]
[2977 3066]
[3067 3615]
[3616 3666]
[3667 3721]
[3722 3777]
[3778 3826]
[3827 3889]
[3890 3963]
[3964 4029]
[4030 4084]
[4085 4145]
[4146 4214]
[4215 4466]
[4467 4527]
[4528 4588]
[4589 4657]
[4658 4703]
[4704 4756]
[4757 4802]
[4803 4860]
[4861 5169]
[5170 5242]
[5243 5293]
[5294 5359]
[5360 5415]
[5416 5482]
[5483 5554]
[5555 5623]
[5624 5666]
[5667 5718]
[5719 5762]
[5763 5808]
[5809 6213]
[6214 6564]
[6565 6613]
[6614 6674]
[6675 6746]
[6747 6815]
[6816 6866]
[6867 6971]
[6973 7185]
[7186 7489]
[7490 7650]
[7651 7723]
[7724 7786]
[7787 7860]
[7861 7905]
[7906 7942]
[7943 7985]
[7986 8035]
[8036 8072]
[8073 8110]
[8111 8138]
[8139 8178]
[8179 8224]
[8225 8267]
[8268 9578]
[9579 9614]
[9615 9658]
[9659 9698]
[9699 9743]
[ 9744 10239]
[10240 10301]
[10302 10340]
[10341 10395]
[10396 10436]
[10437 10491]
[10492 10540]
[10541 10585]
[10586 10638]
[10639 10675]
[10676 10699]
[10700 10730]
[10731 10768]
[10769 10798]
[10799 10838]
[10839 11237]
[11238 11332]
[11333 11426]
[11427 11507]
[11508 11745]
[11746 11804]
[11805 11846]
[11847 11887]
[11888 11960]
[11961 12020]
[12021 12077]
[12078 12126]
[12127 12177]
[12178 12216]
[12217 12263]
[12264 12363]
[12364 12734]
[12735 12815]
[12816 12923]
[12924 13021]
[13022 13131]
[13132 13218]
[13219 13313]
[13314 13418]
[13419 13530]
[13531 13631]
[13632 13715]
[13716 13835]
[13836 13911]
[13912 14042]
[14043 14352]
[14353 14539]
[14540 14588]
[14589 14733]
[14734 14929]
[14930 15006]
[15007 15079]
[15080 15141]
[15142 15217]
[15218 15286]
[15287 15364]
[15366 15428]
[15429 15497]
[15498 15653]
[15654 15713]
[15714 15788]
[15789 15860]
[15861 15906]
[15907 15947]
[15948 16162]
[16163 17151]
[17152 17197]
[17198 17272]
[17273 17281]
[17282 17364]
[17365 17398]
[17399 17526]
[17527 17651]
[17652 18231]
[18232 18288]
[18289 18371]
[18372 18511]
[18512 18628]
[18629 18751]
[18752 18835]
[18836 18898]
[18899 19004]
[19005 19108]
[19109 19194]
[19195 19943]
[19944 20023]
[20024 20074]
[20075 20135]
[20136 20184]
[20185 20256]
[20257 20310]
[20311 20361]
[20362 20414]
[20415 20471]
[20472 20515]
[20516 20562]
[20563 20626]
[20627 20756]
[20757 20812]
[20813 20869]
[20870 20921]
[20922 20965]
[20966 20998]
[20999 21033]
[21034 21082]
[21083 21165]
[21166 21246]
[21247 21466]
[21467 21565]
[21566 21629]
[21630 21691]
[21692 21751]
[21752 21817]
[21818 21890]
[21891 21933]
[21934 21987]
[21988 22041]
[22042 22125]
[22126 22187]
[22188 22221]
[22222 22262]
[22263 22310]
[22311 22368]
[22369 22403]
[22404 22438]
[22439 22485]
[22486 22552]
[22553 22650]
[22651 23355]
[23356 23828]
[23829 23899]
