[ 0 29]
[30 81]
[ 82 181]
[182 214]
[215 273]
[274 307]
[308 355]
[356 694]
[695 726]
[727 783]
[784 823]
[824 861]
[ 862 1586]
[1587 1686]
[1687 1740]
[1741 1759]
[1760 1801]
[1802 1823]
[1824 1855]
[1856 1874]
[1875 1896]
[1897 1915]
[1916 1944]
[1945 1977]
[1978 2011]
[2012 2073]
[2074 2511]
[2512 2574]
[2575 2637]
[2638 2706]
[2707 2785]
[2786 2844]
[2845 2931]
[2932 2977]
[2978 3036]
[3037 3066]
[3067 3187]
[3188 3274]
[3275 3326]
[3327 3369]
[3370 3416]
[3417 3493]
[3494 3555]
[3556 3649]
[3650 3721]
[3722 3839]
[3840 3882]
[3883 3942]
[3943 3974]
[3975 4415]
[4416 4483]
[4484 4567]
[4568 4625]
[4626 4742]
[4743 4841]
[4842 4935]
[4936 5009]
[5010 5119]
[5120 5211]
[5212 5306]
[5307 5379]
[5380 5464]
[5465 5583]
[5584 5730]
[5731 5886]
[5887 6332]
[6333 6604]
[6605 6894]
[6895 6996]
[6997 7089]
[7090 7188]
[7189 7263]
[7264 7356]
[7357 7504]
[7505 7559]
[7560 7618]
[7619 7669]
[7670 7905]
[7906 7973]
[7974 8035]
[8036 8088]
[8089 8160]
[8161 8255]
[8256 8361]
[8362 8451]
[8452 8526]
[8527 8640]
[8641 8714]
[8715 8796]
[8797 9789]
[9790 9902]
[9903 9997]
[ 9998 10410]
[10411 10509]
[10510 10571]
[10572 10640]
[10641 10724]
[10725 10751]
[10752 10862]
[10863 11840]
[11841 11891]
[11892 11940]
[11941 11991]
[11992 12042]
[12043 12094]
[12095 12150]
[12151 12213]
[12214 12280]
[12281 12323]
[12324 12384]
[12385 12453]
[12454 12519]
[12520 12578]
[12579 12613]
[12614 12697]
[12698 12747]
[12748 12844]
[12845 12878]
[12879 12950]
[12951 12987]
[12988 13058]
[13059 13134]
[13135 13211]
[13212 13256]
[13257 13292]
[13293 13333]
[13334 13364]
[13365 13388]
[13389 13423]
[13424 13449]
[13450 13482]
[13483 13516]
[13517 13552]
[13553 13589]
[13590 13663]
[13664 13734]
[13735 13774]
[13775 13816]
[13817 13861]
[13862 13910]
[13911 13974]
[13975 14009]
[14010 14037]
[14038 14117]
[14118 14158]
[14159 14193]
[14194 14222]
[14223 14269]
[14270 14304]
[14305 14337]
[14338 14432]
[14433 14478]
[14479 14553]
[14554 14646]
[14647 14679]
[14680 14807]
[14808 14932]
[14933 15538]
[15539 15623]
[15626 15712]
[15713 15792]
[15794 15901]
[15903 15983]
[15984 16099]
[16100 16177]
[16178 16276]
[16277 16393]
[16394 16522]
[16523 16646]
[16647 16760]
[16761 16862]
[16863 16975]
[16976 17078]
[17079 17196]
[17197 17318]
[17319 17494]
[17495 17649]
[17650 17817]
[17818 17928]
[17929 18088]
[18089 18185]
[18186 18297]
[18298 18393]
[18394 18494]
[18495 18594]
[18595 18690]
[18691 18766]
[18767 18854]
[18855 19245]
[19246 19309]
[19310 19378]
[19379 19467]
[19468 19530]
[19531 19590]
[19591 19660]
[19661 19750]
[19751 20304]
[20305 20425]
[20426 20549]
[20550 20646]
[20647 20744]
[20745 20862]
[20863 21333]
[21334 21403]
[21404 21475]
[21476 21549]
[21550 21634]
[21635 21705]
[21706 21767]
[21768 21868]
[21869 22537]
[22538 23010]
[23011 23099]
