[ 0 29]
[30 81]
[ 82 181]
[182 216]
[217 254]
[255 334]
[335 369]
[370 416]
[417 467]
[468 508]
[509 556]
[557 601]
[602 641]
[642 671]
[672 735]
[736 780]
[781 833]
[ 834 1310]
[1311 1364]
[1365 1383]
[1384 1425]
[1426 1447]
[1448 1479]
[1480 1498]
[1499 1520]
[1521 1539]
[1540 1568]
[1569 1601]
[1602 1635]
[1636 1673]
[1674 1773]
[1774 2108]
[2109 2164]
[2165 2220]
[2221 2254]
[2255 2326]
[2327 2407]
[2408 2454]
[2455 2501]
[2502 2930]
[2931 2983]
[2984 3109]
[3110 3210]
[3211 3294]
[3295 3426]
[3427 3540]
[3541 3632]
[3633 3731]
[3732 3844]
[3845 4181]
[4182 4243]
[4244 4308]
[4309 4368]
[4369 4459]
[4460 4529]
[4530 4621]
[4622 4732]
[4733 4810]
[4811 4880]
[4881 4944]
[4945 5005]
[5006 5060]
[5061 5136]
[5137 5202]
[5203 5293]
[5294 5360]
[5361 5448]
[5449 5539]
[5540 5612]
[5613 5703]
[5704 5803]
[5804 5903]
[5904 6409]
[6410 6480]
[6482 6550]
[6551 6645]
[6646 6771]
[6772 6879]
[6881 7005]
[7006 7122]
[7123 7259]
[7260 7390]
[7391 7531]
[7532 7651]
[7652 7893]
[7894 8199]
[8200 8272]
[8273 8349]
[8350 8448]
[8449 8506]
[8507 8567]
[8568 8633]
[8634 8731]
[8732 8817]
[8818 9023]
[9024 9149]
[9150 9445]
[9446 9516]
[9517 9558]
[9559 9604]
[9605 9698]
[9699 9810]
[9811 9875]
[9876 9938]
[ 9939 10013]
[10014 10136]
[10137 10214]
[10215 10260]
[10261 10383]
[10384 10463]
[10464 10553]
[10554 10665]
[10666 10705]
[10706 11039]
[11040 11100]
[11101 11165]
[11166 11257]
[11258 11314]
[11315 11414]
[11415 11470]
[11471 11532]
[11533 11587]
[11588 11650]
[11651 11713]
[11714 11780]
[11781 11880]
[11881 11933]
[11934 12041]
[12042 12120]
[12121 12182]
[12183 12307]
[12308 12353]
[12354 12428]
[12429 12520]
[12521 12554]
[12555 12682]
[12683 12807]
[12808 13299]
[13300 13376]
[13377 13454]
[13455 13556]
[13557 13622]
[13623 13719]
[13720 13910]
[13911 14015]
[14016 14081]
[14082 14161]
[14162 14266]
[14267 14394]
[14395 14417]
[14418 14542]
[14543 14629]
[14630 14714]
[14715 14759]
[14760 14852]
[14853 14936]
[14937 15015]
[15016 15423]
[15424 15493]
[15494 15589]
[15590 15695]
[15696 15774]
[15775 15870]
[15871 15964]
[15965 16066]
[16067 16176]
[16177 16296]
[16297 16385]
[16386 16447]
[16448 16540]
[16541 16657]
[16658 16815]
[16816 16937]
[16938 17022]
[17023 17122]
[17123 17209]
[17210 17326]
[17327 17446]
[17447 17568]
[17569 17936]
[17937 18060]
[18061 18210]
[18211 18270]
[18271 18351]
[18352 18447]
[18448 18615]
[18616 18719]
[18720 18786]
[18787 18948]
[18949 19046]
[19047 19091]
[19092 19167]
[19168 19256]
[19257 19330]
[19331 19411]
[19412 19488]
[19489 19586]
[19587 19721]
[19722 19888]
[19889 19965]
[19966 20049]
[20050 20058]
[20059 20800]
[20801 21273]
[21274 21349]
