[ 0 29]
[30 81]
[ 82 181]
[182 251]
[252 309]
[310 361]
[362 402]
[403 606]
[607 658]
[659 741]
[742 819]
[820 876]
[ 877 1340]
[1341 1426]
[1427 1480]
[1481 1499]
[1500 1541]
[1542 1563]
[1564 1595]
[1596 1614]
[1615 1636]
[1637 1656]
[1657 1684]
[1685 1717]
[1718 1751]
[1752 1789]
[1790 2142]
[2143 2223]
[2224 2301]
[2302 2389]
[2390 2459]
[2460 2549]
[2550 2613]
[2614 2680]
[2681 2750]
[2751 3143]
[3144 3378]
[3379 3502]
[3503 3643]
[3644 3723]
[3724 4067]
[4068 4135]
[4136 4317]
[4318 4503]
[4504 4647]
[4648 4769]
[4770 5002]
[5003 5136]
[5137 5322]
[5323 5455]
[5456 5600]
[5601 5734]
[5735 5850]
[5851 5932]
[5933 6391]
[6392 6423]
[6424 6456]
[6457 6492]
[6493 6581]
[6582 6645]
[6646 6691]
[6692 6727]
[6728 6770]
[6771 6814]
[6815 6870]
[6871 7046]
[7047 7181]
[7182 8265]
[8266 8326]
[8327 8382]
[8383 8479]
[8480 8561]
[8562 8654]
[8655 8723]
[8724 8778]
[8779 8864]
[8865 9204]
[9205 9302]
[9303 9392]
[9393 9504]
[9505 9602]
[9603 9720]
[9721 9823]
[9824 9952]
[ 9953 10069]
[10070 10311]
[10312 10470]
[10471 10580]
[10581 10670]
[10671 10797]
[10798 10963]
[10964 11047]
[11048 11162]
[11163 11273]
[11274 11395]
[11396 11471]
[11472 11859]
[11860 11940]
[11941 11995]
[11996 12056]
[12057 12144]
[12145 12261]
[12262 12374]
[12375 12522]
[12523 12790]
[12791 13522]
[13523 13599]
[13600 13713]
[13714 13767]
[13768 13786]
[13787 13828]
[13829 13850]
[13851 13882]
[13883 13901]
[13902 13923]
[13924 13942]
[13944 13971]
[13972 14004]
[14005 14038]
[14039 14076]
[14077 14162]
[14163 14849]
[14850 15310]
[15311 15542]
[15543 15676]
[15677 15740]
[15741 15880]
[15881 15975]
[15976 16138]
[16139 16291]
[16292 16397]
[16398 16604]
[16605 16702]
[16703 16797]
[16798 16875]
[16876 17219]
[17220 17668]
[17669 17876]
[17877 18183]
[18184 18266]
[18267 18314]
[18316 18559]
[18560 18656]
[18657 18746]
[18747 18968]
[18969 19124]
[19125 19216]
[19217 19582]
[19583 20306]
[20307 20779]
[20780 20849]
