[ 0 29]
[30 81]
[ 82 181]
[182 244]
[245 314]
[315 431]
[432 489]
[490 557]
[558 610]
[611 695]
[696 735]
[736 813]
[814 884]
[885 914]
[ 915 1376]
[1377 1476]
[1477 1530]
[1531 1549]
[1550 1591]
[1592 1613]
[1614 1645]
[1646 1664]
[1665 1686]
[1687 1706]
[1707 1734]
[1735 1767]
[1768 1801]
[1802 1862]
[1863 2252]
[2253 2335]
[2336 2424]
[2425 2508]
[2509 2586]
[2587 2671]
[2672 2759]
[2760 3776]
[3777 3875]
[3876 3973]
[3974 4094]
[4095 4221]
[4222 4362]
[4363 4508]
[4509 4636]
[4637 4980]
[4981 5106]
[5107 5197]
[5198 5336]
[5337 5464]
[5465 5671]
[5672 5769]
[5770 5995]
[5996 6361]
[6362 6584]
[6585 6827]
[6828 7038]
[7039 7210]
[7211 7663]
[7664 7929]
[7930 8192]
[8193 8528]
[8529 8687]
[8688 8787]
[8788 9063]
[9064 9259]
[9260 9335]
[9336 9431]
[9432 9627]
[9628 9716]
[9717 9824]
[9825 9917]
[9918 9995]
[ 9996 10082]
[10083 10160]
[10161 10238]
[10239 10324]
[10325 10358]
[10359 10876]
[10877 10986]
[10987 11082]
[11083 11180]
[11181 11277]
[11278 11374]
[11375 11454]
[11455 11554]
[11555 11639]
[11640 11728]
[11730 11826]
[11827 11918]
[11919 12037]
[12038 12086]
[12087 12183]
[12184 12231]
[12232 12277]
[12278 12352]
[12353 12361]
[12362 12444]
[12445 12478]
[12479 12606]
[12607 12731]
[12732 13344]
[13345 13432]
[13433 13512]
[13513 13593]
[13594 13700]
[13701 13821]
[13822 13922]
[13923 14017]
[14018 14105]
[14106 14191]
[14192 14262]
[14263 14329]
[14330 14354]
[14355 14969]
[14970 15073]
[15074 15193]
[15194 15337]
[15338 15419]
[15420 15808]
[15809 15887]
[15888 15977]
[15978 16106]
[16107 16161]
[16162 16576]
[16577 17299]
[17300 17407]
[17408 17513]
[17514 17626]
[17627 17758]
[17759 17886]
[17887 18001]
[18002 18098]
[18099 18821]
[18822 18971]
[18972 19139]
[19140 19291]
[19292 20195]
[20196 20300]
[20301 20371]
[20372 20437]
[20438 20504]
[20505 20565]
[20566 20636]
[20637 20714]
[20715 20782]
[20783 20859]
[20860 20963]
[20964 21153]
[21154 21287]
[21288 21925]
[21926 22399]
