[ 0 29]
[30 81]
[ 82 181]
[182 241]
[242 305]
[306 358]
[359 414]
[415 468]
[469 574]
[575 628]
[629 682]
[683 736]
[737 790]
[791 844]
[845 902]
[903 950]
[ 951 1001]
[1002 1054]
[1055 1488]
[1489 1542]
[1543 1561]
[1562 1603]
[1604 1625]
[1626 1657]
[1658 1676]
[1677 1698]
[1699 1717]
[1719 1746]
[1747 1779]
[1780 1813]
[1814 1851]
[1852 1951]
[1952 2307]
[2308 2394]
[2395 2465]
[2466 2535]
[2536 2619]
[2620 2723]
[2724 3055]
[3056 3102]
[3103 3505]
[3506 3635]
[3636 3695]
[3696 3780]
[3781 3852]
[3853 3985]
[3986 4108]
[4109 4197]
[4198 4279]
[4280 4368]
[4369 4446]
[4447 4776]
[4777 4796]
[4797 4936]
[4937 4951]
[4952 5244]
[5245 5958]
[5959 6146]
[6147 6248]
[6249 6292]
[6293 6831]
[6832 6895]
[6896 6974]
[6975 7008]
[7009 7061]
[7062 7174]
[7175 7246]
[7247 7658]
[7659 7706]
[7707 7726]
[7727 7769]
[7770 7825]
[7826 7881]
[7882 7939]
[7940 7988]
[7989 8083]
[8084 8139]
[8140 8197]
[8198 8264]
[8265 8324]
[8325 8384]
[8385 8456]
[8457 8573]
[8574 8634]
[8635 8695]
[8696 8749]
[8750 8817]
[8818 8899]
[8900 8985]
[8986 9061]
[9062 9187]
[9188 9313]
[9314 9413]
[9414 9753]
[9754 9784]
[9785 9962]
[ 9963 10073]
[10074 10164]
[10165 10389]
[10390 10566]
[10567 10878]
[10879 11201]
[11202 11245]
[11246 11345]
[11346 11409]
[11410 11466]
[11467 11559]
[11560 11668]
[11669 12190]
[12191 12259]
[12260 12312]
[12313 12382]
[12383 12428]
[12429 12481]
[12482 12535]
[12536 12579]
[12580 12647]
[12648 12685]
[12686 12731]
[12732 12806]
[12807 12898]
[12900 12932]
[12933 13060]
[13061 13185]
[13186 13824]
[13825 13898]
[13899 13953]
[13954 13997]
[13998 14036]
[14037 14071]
[14072 14113]
[14114 14157]
[14158 14217]
[14218 14276]
[14277 14317]
[14318 14368]
[14369 14416]
[14417 14465]
[14466 14514]
[14515 14557]
[14558 14600]
[14601 14637]
[14638 14688]
[14689 14748]
[14749 14787]
[14788 14838]
[14839 14878]
[14879 14939]
[14940 15024]
[15025 15093]
[15094 15180]
[15181 15278]
[15279 15376]
[15377 15476]
[15477 15519]
[15520 15560]
[15561 15633]
[15634 15843]
[15844 16021]
[16022 16416]
[16417 16851]
[16852 17397]
[17398 17424]
[17425 17492]
[17493 17591]
[17592 17650]
[17651 17715]
[17716 17765]
[17766 17836]
[17837 17895]
[17896 18617]
[18618 18795]
[18796 18898]
[18899 19136]
[19137 19206]
[19207 19278]
[19279 19312]
[19313 19415]
[19416 19454]
[19455 19507]
[19508 20879]
[20880 20979]
[20980 21037]
[21038 21112]
[21113 21175]
[21176 21234]
[21235 21295]
[21296 21348]
[21349 21388]
[21389 21441]
[21442 21479]
[21480 21519]
[21520 21567]
[21568 21648]
[21649 21703]
[21704 21757]
[21758 21828]
[21829 22495]
[22496 23050]
[23051 23149]
