[ 0 29]
[30 81]
[ 82 181]
[182 216]
[217 244]
[245 304]
[305 348]
[349 381]
[382 437]
[438 534]
[535 565]
[566 674]
[675 738]
[ 739 1170]
[1171 1256]
[1257 1310]
[1311 1329]
[1330 1371]
[1372 1393]
[1394 1425]
[1426 1444]
[1445 1466]
[1467 1486]
[1487 1514]
[1515 1547]
[1548 1581]
[1582 1619]
[1620 2107]
[2108 2164]
[2165 2228]
[2229 2287]
[2288 2345]
[2346 2398]
[2399 2452]
[2453 2505]
[2506 2554]
[2555 2600]
[2601 2657]
[2658 2721]
[2722 3261]
[3262 3318]
[3319 3383]
[3384 3456]
[3457 3528]
[3529 4104]
[4105 4145]
[4146 4189]
[4190 4231]
[4232 4278]
[4279 4324]
[4325 4378]
[4379 4790]
[4791 4872]
[4873 4957]
[4958 5063]
[5064 5136]
[5137 5216]
[5217 5282]
[5283 5877]
[5878 6004]
[6005 6101]
[6102 6138]
[6139 6384]
[6385 6454]
[6455 6519]
[6520 6590]
[6591 6661]
[6662 6735]
[6736 6803]
[6804 6864]
[6865 6926]
[6927 6976]
[6977 7044]
[7045 7107]
[7108 7167]
[7168 7225]
[7226 7278]
[7280 7340]
[7341 7412]
[7413 7477]
[7478 7536]
[7537 7593]
[7594 7657]
[7658 7711]
[7712 7739]
[7740 7783]
[7784 7869]
[7870 8248]
[8249 8385]
[8386 8629]
[8630 8818]
[8819 8980]
[8981 9219]
[9220 9365]
[9366 9406]
[9407 9797]
[9798 9892]
[ 9893 10008]
[10009 10124]
[10125 10215]
[10216 10306]
[10307 10387]
[10388 10509]
[10510 10581]
[10582 10625]
[10626 10706]
[10707 10772]
[10773 11127]
[11128 11379]
[11380 11543]
[11544 11840]
[11841 11859]
[11860 11901]
[11902 11923]
[11924 11955]
[11956 11974]
[11975 11996]
[11997 12015]
[12016 12044]
[12045 12077]
[12078 12111]
[12112 12149]
[12150 12235]
[12236 12856]
[12857 13005]
[13006 13129]
[13130 13239]
[13240 13325]
[13326 13402]
[13403 13509]
[13510 13637]
[13638 13755]
[13756 13889]
[13890 13998]
[13999 14099]
[14100 14230]
[14231 14343]
[14344 14446]
[14447 14509]
[14510 14670]
[14671 14751]
[14752 15782]
[15783 15898]
[15899 16029]
[16030 16163]
[16164 16255]
[16256 16376]
[16377 16501]
[16502 16603]
[16604 16693]
[16694 16835]
[16836 17952]
[17953 18193]
[18194 18304]
[18305 18379]
[18380 19373]
[19374 19669]
[19670 19709]
[19710 19782]
[19783 19905]
[19906 20573]
[20574 21046]
[21047 21149]
