[ 0 29]
[30 81]
[ 82 235]
[236 287]
[288 447]
[448 505]
[506 667]
[668 727]
[728 773]
[774 884]
[885 934]
[935 985]
[ 986 1039]
[1040 1461]
[1462 1515]
[1516 1534]
[1535 1576]
[1577 1598]
[1599 1630]
[1631 1649]
[1650 1671]
[1672 1691]
[1692 1719]
[1720 1752]
[1753 1786]
[1787 1824]
[1825 1924]
[1925 2294]
[2295 2359]
[2360 2534]
[2535 2653]
[2654 2742]
[2743 2911]
[2912 3279]
[3280 3396]
[3397 3522]
[3523 3610]
[3611 3735]
[3736 3932]
[3933 4087]
[4088 4181]
[4182 4364]
[4365 4419]
[4420 4553]
[4554 4907]
[4908 4936]
[4937 4978]
[4979 5025]
[5026 5067]
[5068 5117]
[5118 5163]
[5164 5215]
[5216 5272]
[5273 5318]
[5319 5374]
[5375 5420]
[5421 5472]
[5473 5537]
[5538 5595]
[5596 5652]
[5653 5708]
[5709 6841]
[6842 6900]
[6901 6958]
[6959 7049]
[7050 7089]
[7090 7139]
[7140 7860]
[7861 7930]
[7931 8232]
[8233 8273]
[8274 8313]
[8314 8362]
[8363 8400]
[8401 8458]
[8459 8513]
[8514 8599]
[8600 8680]
[8681 8780]
[8781 9120]
[9121 9673]
[ 9674 10089]
[10090 10282]
[10283 11071]
[11072 11196]
[11197 11831]
[11832 12120]
[12121 12189]
[12190 12247]
[12248 12609]
[12610 12948]
[12949 12994]
[12995 13069]
[13070 13078]
[13079 13161]
[13162 13195]
[13196 13323]
[13324 13448]
[13449 13835]
[13836 13899]
[13900 13935]
[13936 13976]
[13977 14089]
[14090 14171]
[14172 14296]
[14297 14427]
[14428 14651]
[14652 14811]
[14812 14924]
[14925 15004]
[15005 15076]
[15077 15207]
[15208 15256]
[15257 15293]
[15294 15332]
[15333 15373]
[15374 15413]
[15414 15454]
[15455 15488]
[15489 15543]
[15544 15579]
[15580 15636]
[15637 15686]
[15687 15746]
[15747 15828]
[15829 15877]
[15878 15921]
[15922 15970]
[15971 16108]
[16109 16174]
[16175 16464]
[16465 16544]
[16545 16672]
[16673 16748]
[16749 16814]
[16815 16867]
[16868 16921]
[16922 16973]
[16974 17038]
[17039 17149]
[17150 17346]
[17347 17597]
[17598 18130]
[18131 18308]
[18309 18411]
[18412 18493]
[18494 18892]
[18893 18944]
[18945 18995]
[18996 19046]
[19047 19092]
[19093 19138]
[19139 19187]
[19188 19230]
[19231 19273]
[19274 19321]
[19322 19371]
[19372 19425]
[19426 19491]
[19492 20143]
[20144 20616]
[20617 20699]
