[ 0 29]
[30 81]
[ 82 181]
[182 218]
[219 257]
[258 314]
[315 358]
[359 403]
[404 449]
[450 508]
[509 554]
[555 645]
[646 699]
[700 745]
[746 807]
[ 808 1287]
[1288 1341]
[1342 1360]
[1361 1402]
[1403 1424]
[1425 1456]
[1457 1475]
[1476 1497]
[1498 1516]
[1518 1545]
[1546 1578]
[1579 1612]
[1613 1650]
[1651 1750]
[1751 2132]
[2133 2211]
[2212 2360]
[2361 2436]
[2437 2520]
[2521 2609]
[2610 2680]
[2681 2732]
[2733 2783]
[2784 2859]
[2860 2938]
[2939 3008]
[3009 3229]
[3230 3316]
[3317 3749]
[3750 3843]
[3844 3944]
[3945 4026]
[4027 4064]
[4065 4141]
[4142 4593]
[4594 4681]
[4682 4772]
[4773 4839]
[4840 4906]
[4907 4974]
[4975 5051]
[5052 5120]
[5121 5174]
[5175 5641]
[5642 5751]
[5752 5861]
[5862 5957]
[5958 6063]
[6064 6128]
[6129 6191]
[6192 6274]
[6275 6545]
[6546 6976]
[6977 7466]
[7467 7573]
[7574 7693]
[7694 7798]
[7799 7873]
[7874 7953]
[7954 8036]
[8037 8141]
[8142 8216]
[8217 8262]
[8263 8337]
[8338 8429]
[8431 8463]
[8464 8591]
[8592 8691]
[8692 8990]
[8991 9072]
[9073 9141]
[9142 9219]
[9220 9370]
[9371 9465]
[9466 9554]
[9555 9655]
[9656 9699]
[9700 9805]
[9806 9874]
[ 9875 10162]
[10163 10320]
[10321 10425]
[10426 10517]
[10518 10654]
[10656 10774]
[10775 10795]
[10796 10994]
[10995 11180]
[11181 11580]
[11581 11953]
[11954 12108]
[12109 12354]
[12355 12640]
[12641 12886]
[12887 12996]
[12997 13105]
[13106 13226]
[13227 13345]
[13346 13491]
[13492 13518]
[13519 13564]
[13565 13639]
[13640 13731]
[13732 13765]
[13766 13893]
[13894 14018]
[14019 14683]
[14684 14802]
[14803 14879]
[14880 14955]
[14956 15027]
[15028 15114]
[15115 15201]
[15202 15278]
[15279 15367]
[15368 15442]
[15443 15521]
[15522 15699]
[15700 15773]
[15774 16024]
[16025 16096]
[16097 16163]
[16164 16230]
[16231 16296]
[16297 16367]
[16368 16443]
[16445 16535]
[16536 16643]
[16644 16989]
[16990 17129]
[17130 17280]
[17281 17364]
[17365 17539]
[17540 17639]
[17640 17742]
[17743 17821]
[17822 17912]
[17913 18002]
[18003 18110]
[18111 18324]
[18325 18413]
[18414 18773]
[18774 18884]
[18885 18988]
[18989 19214]
[19215 19279]
[19280 19340]
[19341 19403]
[19404 19475]
[19476 19539]
[19540 19601]
[19602 19744]
[19745 19803]
[19804 19862]
[19863 19919]
[19920 19985]
[19986 20048]
[20049 20359]
[20360 20426]
[20427 20513]
[20514 20572]
[20573 20638]
[20639 20729]
[20730 20804]
[20805 20886]
[20887 21578]
[21579 22051]
[22052 22149]
