[ 0 29]
[30 81]
[ 82 181]
[182 241]
[242 305]
[306 358]
[359 414]
[415 468]
[469 520]
[521 574]
[575 628]
[629 736]
[737 790]
[791 844]
[845 902]
[903 950]
[ 951 1001]
[1002 1496]
[1497 1550]
[1551 1569]
[1570 1611]
[1612 1633]
[1634 1665]
[1666 1684]
[1685 1706]
[1707 1726]
[1727 1754]
[1755 1787]
[1788 1821]
[1822 1859]
[1860 1959]
[1960 2312]
[2313 2399]
[2400 2575]
[2576 2749]
[2750 2923]
[2924 3031]
[3032 3563]
[3564 3732]
[3733 3913]
[3914 4022]
[4023 4169]
[4170 4330]
[4331 4548]
[4549 4642]
[4643 4970]
[4971 5068]
[5069 5284]
[5285 5396]
[5397 5565]
[5566 5682]
[5683 5787]
[5788 5942]
[5943 6101]
[6102 6225]
[6226 6365]
[6366 6785]
[6786 7080]
[7081 7251]
[7252 7378]
[7379 7684]
[7685 7880]
[7881 8086]
[8087 8186]
[8187 8452]
[8453 9776]
[ 9777 10042]
[10043 10150]
[10151 10333]
[10334 10514]
[10515 10606]
[10607 10693]
[10694 10875]
[10876 11000]
[11001 11094]
[11095 11165]
[11166 11214]
[11215 11260]
[11261 11335]
[11336 11427]
[11429 11461]
[11462 11589]
[11590 11714]
[11715 12266]
[12267 12373]
[12374 12460]
[12461 12540]
[12541 12636]
[12637 12708]
[12709 12783]
[12784 12847]
[12848 12910]
[12911 12996]
[12997 13088]
[13089 13240]
[13241 13400]
[13401 13490]
[13491 13681]
[13682 13783]
[13784 13851]
[13852 13917]
[13918 13986]
[13987 14067]
[14068 14167]
[14168 14277]
[14278 14356]
[14357 14468]
[14469 14714]
[14715 15153]
[15154 15498]
[15499 15715]
[15716 15814]
[15815 16003]
[16004 16191]
[16192 16363]
[16364 16527]
[16528 17214]
[17215 17357]
[17358 17575]
[17576 17748]
[17749 18402]
[18403 18957]
[18958 19049]
