[  0 171]
[172 231]
[232 294]
[295 414]
[415 454]
[455 573]
[574 640]
[641 691]
[692 753]
[754 797]
[798 832]
[833 874]
[875 916]
[ 917 1073]
[1074 1135]
[1136 1194]
[1195 1232]
[1233 1815]
[1816 1835]
[1836 1880]
[1881 1903]
[1904 1953]
[1954 1979]
[1980 2018]
[2019 2040]
[2041 2067]
[2068 2090]
[2091 2124]
[2125 2164]
[2165 2205]
[2206 2250]
[2251 2370]
[2371 3041]
[3042 3254]
[3255 3610]
[3611 3813]
[3814 3893]
[3894 4430]
[4431 4546]
[4547 4647]
[4648 4787]
[4788 5033]
[5034 5178]
[5179 5356]
[5357 5495]
[5496 5702]
[5703 5854]
[5855 6029]
[6030 6134]
[6135 6215]
[6216 6608]
[6609 6652]
[6653 6705]
[6706 6765]
[6766 6825]
[6826 6894]
[6895 6959]
[6960 7060]
[7061 7454]
[7455 7608]
[7609 7675]
[7676 7740]
[7741 7803]
[7804 7855]
[7856 7899]
[7900 8102]
[8103 8194]
[8195 8261]
[8262 8410]
[8411 8480]
[8481 8548]
[8549 8624]
[8625 8676]
[8677 8743]
[8744 8788]
[8789 8852]
[8853 8898]
[8899 9038]
[9039 9190]
[9191 9314]
[9315 9353]
[9354 9443]
[9444 9534]
[9535 9604]
[9605 9692]
[9693 9810]
[9811 9930]
[ 9931 10430]
[10431 11380]
[11381 11736]
[11737 12127]
[12128 12189]
[12190 12269]
[12270 12354]
[12355 12466]
[12467 12585]
[12586 12692]
[12693 12890]
[12891 12981]
[12982 13073]
[13074 13171]
[13172 13248]
[13249 13332]
[13333 13694]
[13695 13787]
[13788 13898]
[13899 14028]
[14029 14094]
[14095 14262]
[14263 15324]
[15325 15379]
[15380 15469]
[15470 15480]
[15481 15580]
[15581 15620]
[15621 15774]
[15775 15924]
[15925 16665]
[16666 16702]
[16703 16801]
[16802 16862]
[16863 16928]
[16929 17007]
[17008 17095]
[17096 17148]
[17149 17199]
[17200 17287]
[17288 17362]
[17363 17458]
[17459 17597]
[17598 17688]
[17689 17773]
[17774 17934]
[17935 18012]
[18013 18113]
[18114 18192]
[18193 18257]
[18258 18347]
[18348 18426]
[18427 18484]
[18485 18583]
[18584 18667]
[18668 18773]
[18774 18875]
[18876 19107]
[19108 19237]
[19238 19338]
[19339 19434]
[19435 19594]
[19595 19689]
[19690 19795]
[19796 19919]
[19920 20009]
[20010 20090]
[20091 20168]
[20169 20363]
[20364 20452]
[20453 20524]
[20525 20667]
[20668 20844]
[20845 20925]
[20926 20975]
[20976 21056]
[21057 21134]
[21135 21173]
[21174 21256]
[21257 21276]
[21277 21375]
[21376 21379]
[21381 21509]
[21510 21605]
[21606 21703]
[21704 21768]
[21769 21889]
[21890 21976]
[21977 22034]
[22035 22237]
[22238 23058]
[23059 23625]
[23626 23744]
[23745 23749]
