[ 0 29]
[30 81]
[ 82 189]
[190 245]
[246 269]
[270 294]
[295 377]
[378 444]
[445 527]
[528 719]
[720 750]
[751 780]
[781 823]
[ 824 1273]
[1274 1373]
[1374 1427]
[1428 1446]
[1447 1488]
[1489 1510]
[1511 1542]
[1543 1561]
[1562 1583]
[1584 1603]
[1604 1631]
[1632 1664]
[1665 1698]
[1699 1760]
[1761 2013]
[2014 2110]
[2111 2210]
[2211 2268]
[2269 2326]
[2327 2403]
[2404 2489]
[2490 2582]
[2583 2662]
[2663 2741]
[2742 3022]
[3023 3068]
[3069 3123]
[3124 3155]
[3156 3206]
[3207 3258]
[3259 3351]
[3352 3477]
[3478 3539]
[3540 3607]
[3608 3660]
[3661 3709]
[3710 3799]
[3800 3853]
[3854 3919]
[3920 3994]
[3995 4096]
[4097 4730]
[4731 4828]
[4829 4908]
[4909 4984]
[4985 5060]
[5061 5157]
[5158 5493]
[5494 5556]
[5557 5604]
[5605 5653]
[5654 5695]
[5696 5753]
[5754 5802]
[5803 5862]
[5863 5914]
[5915 5978]
[5979 6031]
[6032 6082]
[6083 6130]
[6131 6183]
[6184 6224]
[6225 6270]
[6271 6305]
[6306 6357]
[6358 6408]
[6409 6463]
[6464 6542]
[6543 6746]
[6747 6807]
[6808 6851]
[6852 6898]
[6899 6947]
[6948 7001]
[7002 7041]
[7042 7079]
[7080 7131]
[7132 7175]
[7176 7224]
[7225 7280]
[7281 7318]
[7319 7358]
[7359 7397]
[7398 7441]
[7442 7510]
[7511 7573]
[7574 8179]
[8180 8237]
[8238 8286]
[8287 8328]
[8329 8376]
[8377 8433]
[8434 8480]
[8481 8527]
[8528 8569]
[8570 8650]
[8652 8681]
[8682 8716]
[8717 8752]
[8753 8784]
[8785 8884]
[8885 9303]
[9304 9416]
[9417 9465]
[9466 9500]
[9501 9668]
[9669 9751]
[9752 9867]
[9868 9948]
[ 9949 10056]
[10057 10160]
[10161 10272]
[10273 10313]
[10314 10647]
[10648 10834]
[10835 11122]
[11123 11175]
[11176 11323]
[11324 11408]
[11409 11479]
[11480 11563]
[11564 11628]
[11629 11689]
[11690 11837]
[11838 12148]
[12149 12943]
[12944 13173]
[13174 13436]
[13437 13482]
[13483 13557]
[13558 13650]
[13651 13683]
[13684 13811]
[13812 13911]
[13912 14558]
[14559 14719]
[14720 14873]
[14874 14994]
[14995 15129]
[15130 15208]
[15209 15277]
[15278 15353]
[15354 15451]
[15452 15533]
[15534 15700]
[15701 15818]
[15819 15956]
[15957 17808]
[17809 17960]
[17961 18070]
[18071 18168]
[18169 18260]
[18261 18359]
[18360 18495]
[18496 19509]
[19510 20055]
[20056 20141]
[20142 20242]
[20243 20357]
[20358 20485]
[20486 20748]
[20749 20938]
[20939 21645]
[21646 22118]
[22119 22199]
