[ 0 29]
[30 81]
[ 82 217]
[218 251]
[252 339]
[340 368]
[369 436]
[437 487]
[488 547]
[548 590]
[591 630]
[631 701]
[702 747]
[748 780]
[781 825]
[ 826 1291]
[1292 1345]
[1346 1364]
[1365 1406]
[1407 1428]
[1429 1460]
[1461 1479]
[1480 1501]
[1502 1521]
[1522 1549]
[1550 1582]
[1583 1616]
[1617 1654]
[1655 1754]
[1755 2100]
[2101 2167]
[2168 2216]
[2217 2522]
[2523 2620]
[2621 2739]
[2740 2864]
[2865 3224]
[3225 3350]
[3351 3463]
[3464 3584]
[3585 3647]
[3648 3970]
[3971 4015]
[4016 4146]
[4147 4274]
[4275 4404]
[4405 5802]
[5803 5875]
[5876 5952]
[5953 6053]
[6054 6081]
[6082 6136]
[6137 6462]
[6463 6497]
[6498 6626]
[6627 6730]
[6731 6840]
[6841 6892]
[6893 6942]
[6943 7086]
[7087 7185]
[7186 7350]
[7351 7440]
[7441 7499]
[7500 7599]
[7600 7960]
[7961 8223]
[8224 8438]
[8439 8586]
[8587 8668]
[8669 9179]
[9180 9293]
[9294 9418]
[9419 9543]
[9544 9592]
[9593 9844]
[9845 9886]
[9887 9976]
[ 9977 10073]
[10074 10122]
[10123 10180]
[10181 10237]
[10238 10293]
[10294 10349]
[10350 10414]
[10415 10482]
[10483 10544]
[10545 10607]
[10608 10682]
[10683 10742]
[10743 10803]
[10804 11073]
[11074 11125]
[11126 11224]
[11225 11325]
[11326 11416]
[11417 11495]
[11496 11582]
[11583 11667]
[11668 11768]
[11769 11851]
[11852 11950]
[11951 11962]
[11963 12087]
[12088 12482]
[12483 12625]
[12626 12760]
[12761 12898]
[12899 13032]
[13033 13132]
[13133 13220]
[13221 13294]
[13295 14861]
[14862 14940]
[14941 15006]
[15007 15071]
[15072 15141]
[15142 15203]
[15204 15275]
[15276 15328]
[15329 15373]
[15374 15422]
[15423 16310]
[16311 16370]
[16371 16431]
[16432 16496]
[16497 16561]
[16562 16633]
[16634 16724]
[16725 16837]
[16838 16947]
[16948 17051]
[17052 18478]
[18479 18595]
[18596 18683]
[18684 18768]
[18769 18828]
[18829 18906]
[18907 18989]
[18990 19660]
[19661 20133]
[20134 20249]
