[ 0 27]
[28 77]
[ 78 231]
[232 292]
[293 397]
[398 448]
[449 498]
[499 550]
[551 602]
[603 654]
[655 709]
[710 755]
[756 804]
[805 855]
[ 856 1307]
[1308 1359]
[1360 1377]
[1378 1417]
[1418 1438]
[1439 1469]
[1470 1487]
[1488 1508]
[1509 1527]
[1528 1554]
[1555 1586]
[1587 1619]
[1620 1655]
[1656 1751]
[1752 2134]
[2135 2193]
[2194 2235]
[2236 2282]
[2283 2368]
[2369 2411]
[2412 2453]
[2454 2547]
[2548 2597]
[2598 2665]
[2666 2717]
[2718 2771]
[2772 2820]
[2821 2872]
[2873 2930]
[2931 2983]
[2984 3080]
[3081 3125]
[3126 3179]
[3180 3218]
[3219 3268]
[3269 3317]
[3318 3358]
[3359 3403]
[3404 3426]
[3427 3467]
[3468 3507]
[3508 3756]
[3757 4283]
[4284 4332]
[4333 4381]
[4382 4434]
[4435 4468]
[4469 4616]
[4617 4661]
[4662 4689]
[4690 4716]
[4717 4812]
[4813 5025]
[5026 5057]
[5058 5089]
[5090 5128]
[5129 5189]
[5190 5250]
[5251 5318]
[5319 5468]
[5469 5536]
[5537 5585]
[5586 5650]
[5651 5710]
[5711 5855]
[5856 5923]
[5924 5985]
[5986 6044]
[6045 6107]
[6108 6376]
[6377 6622]
[6623 6649]
[6650 6748]
[6749 6848]
[6849 6938]
[6939 6981]
[6982 7031]
[7032 7079]
[7080 7126]
[7127 7378]
[7379 7439]
[7440 7519]
[7520 7593]
[7594 7675]
[7676 7756]
[7757 7838]
[7839 7930]
[7931 8031]
[8032 8120]
[8121 8151]
[8152 8195]
[8196 8267]
[8268 8275]
[8276 8510]
[8511 8630]
[8631 9133]
[9134 9266]
[9268 9369]
[9370 9412]
[9413 9459]
[9460 9500]
[9501 9533]
[9534 9589]
[9590 9623]
[9624 9660]
[9661 9697]
[9698 9732]
[9733 9767]
[9768 9803]
[9804 9839]
[9840 9879]
[9880 9913]
[9914 9965]
[ 9966 10000]
[10001 10121]
[10122 10201]
[10202 10324]
[10325 10361]
[10362 10386]
[10387 10408]
[10409 10437]
[10438 10551]
[10552 10583]
[10584 10615]
[10616 10652]
[10653 10687]
[10688 10808]
[10809 10844]
[10845 11004]
[11005 11044]
[11045 11083]
[11084 11118]
[11119 11153]
[11154 11185]
[11186 11215]
[11216 11242]
[11243 11267]
[11268 11316]
[11317 11369]
[11370 11406]
[11407 11440]
[11441 11476]
[11477 11516]
[11517 11560]
[11561 11606]
[11607 11648]
[11649 11684]
[11685 11720]
[11721 11896]
[11897 11931]
[11932 11963]
[11964 12005]
[12006 12046]
[12047 12076]
[12077 12112]
[12113 12150]
[12151 12184]
[12185 12390]
[12391 12446]
[12447 12504]
[12505 12559]
[12560 12616]
[12617 12661]
[12662 12720]
[12721 12764]
[12765 12809]
[12810 12884]
[12885 12936]
[12937 12972]
[12973 13016]
[13017 13065]
[13066 13182]
[13183 13192]
[13193 13234]
[13235 13262]
[13263 13291]
[13292 13315]
[13316 13339]
[13340 13369]
[13370 13397]
[13398 13433]
[13434 13469]
[13470 13491]
[13492 13557]
[13558 14278]
[14280 14811]
[14812 14899]
