[ 0 29]
[30 81]
[ 82 181]
[182 232]
[233 258]
[259 309]
[310 359]
[360 398]
[399 441]
[442 526]
[527 568]
[569 622]
[623 701]
[ 702 1186]
[1187 1272]
[1273 1326]
[1327 1345]
[1346 1387]
[1388 1409]
[1410 1441]
[1442 1460]
[1461 1482]
[1483 1502]
[1503 1530]
[1531 1563]
[1564 1597]
[1598 1635]
[1636 1734]
[1735 1990]
[1991 2053]
[2054 2178]
[2179 2278]
[2279 2341]
[2342 2420]
[2421 2483]
[2484 2583]
[2584 2648]
[2649 2696]
[2697 2767]
[2768 2858]
[2859 2968]
[2969 3745]
[3746 3823]
[3824 3900]
[3901 4011]
[4012 4646]
[4647 4766]
[4767 4909]
[4910 5013]
[5014 5079]
[5080 5393]
[5394 5418]
[5419 5507]
[5508 5599]
[5600 5707]
[5708 5802]
[5803 5903]
[5904 6002]
[6003 6095]
[6096 6180]
[6181 6263]
[6264 6346]
[6347 6440]
[6441 6526]
[6527 6633]
[6634 6730]
[6731 7097]
[7098 7175]
[7176 7276]
[7277 7342]
[7343 7394]
[7395 7456]
[7457 7565]
[7566 7638]
[7639 7713]
[7714 7783]
[7784 7839]
[7840 7913]
[7914 8244]
[8245 8338]
[8339 8400]
[8401 8453]
[8454 8488]
[8489 8523]
[8524 8561]
[8562 8599]
[8600 8638]
[8639 8679]
[8680 8718]
[8719 8767]
[8768 8820]
[8821 8889]
[8890 8933]
[8934 8976]
[8977 9021]
[9022 9090]
[9091 9134]
[9135 9256]
[9257 9291]
[9292 9341]
[9342 9382]
[9383 9455]
[9456 9501]
[9502 9541]
[9542 9582]
[9583 9623]
[9624 9681]
[9682 9719]
[9720 9757]
[9758 9797]
[9798 9846]
[9847 9880]
[9881 9925]
[ 9926 10004]
[10005 10163]
[10164 10207]
[10208 10248]
[10249 10327]
[10328 10365]
[10366 10430]
[10431 10472]
[10473 10509]
[10510 10544]
[10545 10577]
[10578 10609]
[10610 10648]
[10649 10685]
[10686 10724]
[10725 10756]
[10757 10800]
[10801 10847]
[10848 10893]
[10894 10949]
[10950 11014]
[11015 11390]
[11391 11560]
[11561 11849]
[11850 11895]
[11896 12002]
[12003 12069]
[12070 12112]
[12113 12164]
[12165 12222]
[12223 12240]
[12241 12293]
[12294 12398]
[12399 12452]
[12453 12471]
[12472 12513]
[12514 12535]
[12536 12567]
[12568 12586]
[12587 12608]
[12609 12627]
[12629 12656]
[12657 12689]
[12690 12723]
[12724 12761]
[12762 12847]
[12848 13423]
[13424 13652]
[13653 13850]
[13851 13955]
[13956 14033]
[14034 14110]
[14111 14475]
[14476 14947]
[14948 15012]
[15013 15080]
[15081 15164]
[15165 15612]
[15613 16045]
[16046 16152]
[16153 16241]
[16242 16348]
[16349 16445]
[16446 16549]
[16550 17105]
[17106 17190]
[17191 17271]
[17272 17339]
[17340 17437]
[17438 17531]
[17532 17626]
[17627 17705]
[17706 17808]
[17809 17932]
[17933 18017]
[18018 18105]
[18106 18197]
[18198 18283]
[18284 18386]
[18387 18824]
[18825 18963]
[18964 19028]
[19029 19126]
[19127 19554]
[19555 19639]
[19640 19721]
[19722 19774]
[19775 19842]
[19843 19932]
[19933 20178]
[20179 20860]
[20861 21333]
[21334 21449]
