[ 0 29]
[30 81]
[ 82 181]
[182 241]
[242 246]
[247 319]
[320 407]
[408 470]
[471 485]
[486 573]
[574 609]
[610 667]
[668 738]
[739 791]
[792 864]
[865 934]
[935 980]
[ 981 1463]
[1464 1563]
[1564 1617]
[1618 1636]
[1637 1678]
[1679 1700]
[1701 1732]
[1733 1751]
[1752 1773]
[1774 1793]
[1794 1821]
[1822 1854]
[1855 1888]
[1889 1949]
[1950 2174]
[2175 2362]
[2363 2578]
[2579 2682]
[2683 2796]
[2797 2862]
[2863 2953]
[2954 3133]
[3134 3191]
[3192 3490]
[3491 3624]
[3625 3806]
[3807 3870]
[3871 3936]
[3937 4048]
[4049 4175]
[4176 4235]
[4236 4300]
[4301 4743]
[4744 4892]
[4893 4946]
[4947 5034]
[5035 5111]
[5112 5214]
[5215 5329]
[5330 5397]
[5398 5463]
[5464 5515]
[5516 5597]
[5598 5747]
[5748 5800]
[5801 5900]
[5901 6369]
[6370 6558]
[6559 6692]
[6693 6832]
[6833 6977]
[6978 7114]
[7115 7260]
[7261 7649]
[7650 7718]
[7719 7768]
[7769 7862]
[7863 7945]
[7946 8012]
[8013 8072]
[8073 8158]
[8159 8234]
[8235 8334]
[8335 8823]
[8824 8928]
[8929 9004]
[9005 9088]
[9089 9170]
[9171 9258]
[9259 9349]
[9350 9444]
[9445 9554]
[9555 9641]
[9642 9727]
[9728 9816]
[9817 9939]
[ 9940 10043]
[10044 10128]
[10129 10219]
[10220 10278]
[10279 10575]
[10576 10647]
[10648 10739]
[10740 10815]
[10816 10929]
[10930 11049]
[11050 11182]
[11183 11358]
[11359 11527]
[11528 11562]
[11563 11744]
[11745 12081]
[12082 12159]
[12160 12232]
[12233 12300]
[12301 12371]
[12372 12436]
[12437 12511]
[12512 12596]
[12597 12666]
[12667 12739]
[12740 12807]
[12808 12853]
[12854 12928]
[12929 13020]
[13021 13054]
[13055 13182]
[13183 13307]
[13308 14038]
[14039 14111]
[14112 14181]
[14182 14239]
[14240 14307]
[14308 14376]
[14377 14443]
[14444 14519]
[14520 14597]
[14598 14807]
[14808 15155]
[15156 15338]
[15339 15432]
[15433 15492]
[15493 15559]
[15560 15619]
[15620 15700]
[15701 15785]
[15786 15863]
[15864 15948]
[15949 16043]
[16044 16134]
[16135 16224]
[16225 16683]
[16684 17178]
[17179 17314]
[17315 17870]
[17871 18212]
[18213 18447]
[18448 18632]
[18633 18786]
[18787 18975]
[18976 19683]
[19684 20149]
