[ 0 29]
[30 81]
[ 82 181]
[182 218]
[219 248]
[249 273]
[274 308]
[309 342]
[343 390]
[391 437]
[438 484]
[485 542]
[543 569]
[570 578]
[579 620]
[621 720]
[721 756]
[757 796]
[ 797 1257]
[1258 1311]
[1312 1330]
[1331 1372]
[1373 1394]
[1395 1426]
[1427 1445]
[1446 1467]
[1468 1487]
[1488 1515]
[1516 1548]
[1549 1582]
[1583 1620]
[1621 1720]
[1721 2037]
[2038 2098]
[2099 2162]
[2163 2211]
[2212 2257]
[2258 2366]
[2367 2463]
[2464 2705]
[2706 2747]
[2748 2796]
[2797 2874]
[2875 3054]
[3055 3120]
[3121 3176]
[3177 3233]
[3234 3291]
[3292 3616]
[3617 3708]
[3709 3834]
[3835 4055]
[4056 4153]
[4154 4255]
[4256 4347]
[4348 4441]
[4442 4518]
[4519 5130]
[5131 5270]
[5271 5402]
[5403 5484]
[5485 5580]
[5581 5758]
[5759 5906]
[5907 6084]
[6085 6268]
[6269 6499]
[6500 6699]
[6700 6880]
[6881 7075]
[7076 7253]
[7254 7358]
[7359 7466]
[7467 7597]
[7598 7714]
[7715 7882]
[7883 8181]
[8182 8267]
[8268 8345]
[8346 8422]
[8423 8471]
[8472 8511]
[8512 8560]
[8561 8660]
[8661 8760]
[8761 9068]
[9069 9193]
[9194 9882]
[ 9883 10007]
[10008 10132]
[10133 10313]
[10314 10407]
[10408 10434]
[10435 10500]
[10501 10584]
[10585 10657]
[10658 10744]
[10745 10816]
[10817 10855]
[10856 10902]
[10903 10975]
[10976 10992]
[10993 11036]
[11037 11102]
[11103 11114]
[11115 11239]
[11240 11421]
[11422 11789]
[11790 11909]
[11910 12094]
[12095 12543]
[12544 12676]
[12677 12747]
[12748 12825]
[12826 12886]
[12887 12970]
[12971 13108]
[13109 13302]
[13303 13386]
[13387 13536]
[13537 13628]
[13629 13725]
[13726 14002]
[14003 14120]
[14121 14359]
[14360 14732]
[14733 14944]
[14945 15121]
[15122 15211]
[15212 15296]
[15297 15371]
[15372 15435]
[15436 15513]
[15514 15594]
[15595 15687]
[15688 16395]
[16396 16482]
[16483 16558]
[16559 16636]
[16637 16724]
[16725 16814]
[16815 16911]
[16912 17004]
[17005 17124]
[17125 17829]
[17830 18302]
[18303 18399]
