[ 0 29]
[30 81]
[ 82 251]
[252 340]
[341 383]
[384 416]
[417 524]
[525 609]
[610 669]
[670 726]
[727 775]
[776 804]
[805 847]
[ 848 1685]
[1686 1739]
[1740 1758]
[1759 1800]
[1801 1822]
[1823 1854]
[1855 1873]
[1874 1895]
[1896 1914]
[1915 1943]
[1944 1976]
[1977 2010]
[2011 2048]
[2049 2148]
[2149 2513]
[2514 2580]
[2581 2647]
[2648 2706]
[2707 2781]
[2782 2855]
[2856 2926]
[2927 2983]
[2984 3063]
[3064 3175]
[3176 3248]
[3249 3326]
[3327 3411]
[3412 3475]
[3476 3553]
[3554 3605]
[3606 3776]
[3777 3862]
[3863 3946]
[3947 4023]
[4024 4281]
[4282 4354]
[4355 4432]
[4433 4504]
[4505 4585]
[4586 4664]
[4665 4745]
[4746 4835]
[4836 4962]
[4963 5067]
[5068 5179]
[5180 5263]
[5264 5343]
[5344 5424]
[5425 5720]
[5721 5774]
[5775 5828]
[5829 5925]
[5926 6050]
[6051 6128]
[6129 6181]
[6182 6237]
[6238 6307]
[6308 6627]
[6628 6706]
[6707 6810]
[6811 6896]
[6897 6998]
[6999 7138]
[7139 7208]
[7209 7283]
[7284 7353]
[7354 7423]
[7424 7491]
[7492 7572]
[7573 7651]
[7652 7719]
[7720 7807]
[7808 7907]
[7908 8021]
[8022 8165]
[8166 8251]
[8252 8336]
[8337 8426]
[8427 8500]
[8501 8565]
[8566 8696]
[8697 8773]
[8775 8923]
[8924 8994]
[8995 9061]
[9062 9141]
[9142 9518]
[9519 9593]
[9594 9689]
[9690 9753]
[9754 9804]
[9805 9845]
[9846 9921]
[9922 9994]
[ 9995 10063]
[10064 10152]
[10153 10230]
[10231 10282]
[10283 10342]
[10343 10432]
[10433 10492]
[10493 10557]
[10558 10615]
[10616 10749]
[10750 10812]
[10813 10878]
[10879 10946]
[10947 11042]
[11043 11094]
[11095 11196]
[11197 11322]
[11323 11401]
[11402 11441]
[11442 12133]
[12134 12216]
[12217 12298]
[12299 12354]
[12355 12427]
[12428 12497]
[12498 12528]
[12529 12878]
[12879 12930]
[12931 13006]
[13007 13094]
[13095 13166]
[13167 13249]
[13250 13331]
[13332 13380]
[13381 13429]
[13430 13478]
[13479 13521]
[13522 13588]
[13589 13689]
[13690 13776]
[13777 13865]
[13866 13934]
[13935 14007]
[14008 14122]
[14123 14160]
[14161 14196]
[14197 14240]
[14241 14305]
[14306 14604]
[14605 14809]
[14810 14861]
[14862 14927]
[14928 14967]
[14968 15022]
[15023 15077]
[15078 15150]
[15151 15210]
[15211 15264]
[15265 15294]
[15295 15337]
[15338 15448]
[15449 15571]
[15572 15667]
[15668 15771]
[15772 15818]
[15819 15896]
[15897 15959]
[15960 16203]
[16204 16635]
[16636 16648]
[16649 16773]
[16774 17314]
[17315 17410]
[17411 17495]
[17496 17585]
[17586 17647]
[17648 17718]
[17719 17797]
[17798 17873]
[17874 17955]
[17956 18059]
[18060 18123]
[18124 18192]
[18193 18271]
[18272 18369]
[18370 18512]
[18513 18583]
[18584 18647]
[18648 18761]
[18762 18836]
[18837 18910]
[18911 19009]
[19010 19312]
[19313 19362]
[19363 19412]
[19413 19460]
[19461 19532]
[19533 19608]
[19609 19664]
[19665 19722]
[19723 19780]
[19781 19859]
[19860 19927]
[19928 20064]
[20065 20173]
[20174 20257]
[20258 20367]
[20368 20449]
[20450 20611]
[20612 20681]
[20682 20735]
[20736 20999]
[21000 21063]
[21064 21112]
[21113 21170]
[21171 21243]
[21244 21307]
[21308 21369]
[21370 21436]
[21437 21504]
[21505 21566]
[21567 21637]
[21638 22320]
[22321 22793]
[22794 22899]
