[ 0 31]
[ 32 288]
[289 343]
[344 379]
[380 409]
[410 437]
[438 470]
[471 506]
[507 536]
[537 564]
[565 594]
[595 627]
[628 658]
[659 689]
[690 719]
[720 751]
[752 782]
[783 811]
[812 842]
[843 924]
[ 925 1333]
[1334 1470]
[1471 1511]
[1512 1579]
[1580 1657]
[1658 1714]
[1715 1765]
[1766 1835]
[1836 1904]
[1905 1945]
[1946 2074]
[2075 2120]
[2121 2164]
[2165 2236]
[2237 2362]
[2363 2411]
[2412 2482]
[2483 2550]
[2551 2605]
[2606 2644]
[2645 2687]
[2688 2727]
[2728 2814]
[2815 2848]
[2849 3240]
[3241 3280]
[3281 3351]
[3352 3414]
[3415 3431]
[3432 3508]
[3509 3573]
[3574 3601]
[3602 3660]
[3661 3712]
[3713 3731]
[3732 3798]
[3799 3842]
[3843 3912]
[3913 3962]
[3963 4020]
[4021 4080]
[4081 4118]
[4119 4167]
[4168 4205]
[4206 4260]
[4261 4438]
[4439 4511]
[4512 4595]
[4596 4711]
[4712 4792]
[4793 4851]
[4852 4921]
[4922 5041]
[5042 5116]
[5117 5193]
[5194 5276]
[5277 5366]
[5367 5451]
[5452 5531]
[5532 5584]
[5585 6143]
[6144 6252]
[6253 6287]
[6288 6334]
[6335 6379]
[6380 6463]
[6464 6501]
[6502 6529]
[6530 6565]
[6566 6639]
[6640 6668]
[6669 6719]
[6720 6774]
[6775 6829]
[6830 6844]
[6845 6899]
[6900 6933]
[6934 6993]
[6994 7053]
[7054 7099]
[7100 7144]
[7145 7166]
[7167 7202]
[7203 7264]
[7265 7326]
[7327 7375]
[7376 7419]
[7420 7468]
[7469 7550]
[7551 7598]
[7599 7621]
[7622 7676]
[7677 8144]
[8145 8200]
[8201 8250]
[8251 8300]
[8301 8357]
[8358 8410]
[8411 8465]
[8466 8534]
[8535 8598]
[8599 8661]
[8662 8722]
[8723 8764]
[8765 8819]
[8820 8868]
[8869 8922]
[8923 9007]
[9008 9037]
[9038 9068]
[9069 9099]
[9100 9132]
[9133 9188]
[9189 9242]
[9243 9281]
[9282 9322]
[9323 9362]
[9363 9400]
[9401 9440]
[9441 9509]
[9510 9586]
[ 9587 10027]
[10028 10078]
[10079 10127]
[10128 10197]
[10198 10264]
[10265 10330]
[10331 10400]
[10401 10456]
[10457 10507]
[10508 10557]
[10558 10638]
[10639 10711]
[10712 10842]
[10843 10895]
[10896 10941]
[10942 10977]
[10978 11031]
[11032 11091]
[11092 11180]
[11181 11223]
[11224 11271]
[11272 11367]
[11368 11410]
[11411 11545]
[11546 11873]
[11874 12576]
[12577 12721]
[12722 12787]
[12788 12905]
[12906 12951]
[12952 13012]
[13013 13084]
[13085 13138]
[13139 13189]
[13190 13335]
[13336 13379]
[13380 13794]
[13795 13886]
[13887 13981]
[13982 14084]
[14085 14253]
[14254 14334]
[14335 14422]
[14423 14499]
[14500 14594]
[14595 14717]
[14718 14838]
[14839 14921]
[14922 15003]
[15004 15115]
[15116 15468]
[15469 15597]
[15598 15685]
[15686 15834]
[15835 15917]
[15918 15944]
[15945 15997]
[15998 16038]
[16039 16168]
[16169 16326]
[16327 16569]
[16570 16610]
[16611 16778]
[16779 17077]
[17078 17388]
[17389 17450]
[17451 17505]
[17506 17549]
[17550 17593]
[17594 17639]
[17640 17707]
[17708 17797]
[17798 17870]
[17871 17919]
[17920 17963]
[17964 18038]
[18039 18066]
[18067 18100]
[18101 18140]
[18141 18192]
[18193 18273]
[18274 18397]
[18398 18460]
[18461 18576]
[18577 18955]
[18956 19067]
[19068 19158]
[19159 19265]
[19266 19311]
[19312 19363]
[19364 19447]
[19448 19497]
[19498 19557]
[19558 19672]
[19673 19830]
[19831 20011]
[20012 20087]
[20088 20461]
[20462 20599]
[20600 20692]
[20693 20817]
[20818 20881]
[20882 20982]
[20983 21071]
[21072 21295]
[21296 21356]
[21357 21410]
[21411 21493]
[21494 21636]
[21637 21786]
[21787 21900]
[21901 22399]
[22400 22470]
[22471 22536]
[22537 22657]
[22658 22889]
[22890 22945]
[22946 23016]
[23017 23083]
[23084 23151]
[23152 23215]
[23216 23288]
[23289 23364]
[23365 23443]
[23444 23492]
[23493 23569]
[23570 23635]
[23636 23788]
[23789 23913]
[23914 24005]
[24006 24123]
[24124 24257]
[24258 24388]
[24389 24507]
[24508 24613]
[24614 24895]
[24896 24963]
[24964 25129]
[25130 25259]
[25260 25330]
[25331 25384]
[25385 25490]
[25491 25580]
[25581 25678]
[25679 25766]
[25767 26112]
[26113 26219]
[26220 26291]
[26292 26386]
[26387 26457]
[26458 26552]
[26553 26569]
[26570 26679]
[26680 26863]
[26864 26954]
[26955 27053]
[27054 27079]
[27080 27189]
[27190 27336]
[27337 27527]
[27528 27660]
[27661 28055]
[28056 28141]
[28142 28191]
[28192 28286]
[28287 28332]
[28333 28377]
[28378 28428]
[28429 28469]
[28470 28503]
[28504 28543]
[28544 28590]
[28591 28705]
[28706 28769]
[28770 28814]
[28815 28862]
[28863 28909]
[28910 28986]
[28987 29031]
[29032 29080]
[29081 29496]
[29497 29627]
[29628 29661]
[29662 29727]
[29728 29785]
[29786 29832]
[29833 29940]
[29941 30020]
[30021 30111]
[30112 30198]
[30199 30233]
[30234 30308]
[30309 30343]
[30344 30403]
[30404 30516]
[30517 30577]
[30578 30651]
[30652 30726]
[30727 30799]
[30800 30880]
[30881 30939]
[30940 30983]
[30984 31028]
[31029 31071]
[31072 31119]
[31120 31168]
[31169 31215]
[31216 31258]
[31259 31295]
[31296 31386]
[31387 31673]
[31674 31760]
[31761 31849]
[31850 31924]
[31925 32010]
[32011 32093]
[32094 32163]
[32164 32224]
[32225 32348]
[32349 32407]
[32408 32463]
[32464 32523]
[32524 32620]
[32621 32675]
[32676 32940]
[32941 33002]
[33003 33079]
[33080 33148]
[33149 33235]
[33236 33289]
[33290 33514]
[33515 33619]
[33620 33716]
[33717 33759]
[33760 33842]
[33843 33916]
[33917 33953]
[33954 34037]
[34038 34150]
[34151 34256]
[34257 34371]
[34372 34545]
[34546 34660]
[34661 34724]
[34726 34792]
[34793 34864]
[34865 34944]
[34945 34995]
[34996 35054]
[35055 35116]
[35117 35170]
[35171 35235]
[35236 35624]
[35625 35743]
[35744 35943]
[35944 36000]
[36001 36053]
[36054 36104]
[36105 36133]
[36134 36190]
[36191 36240]
[36241 36308]
[36309 36361]
[36362 36417]
[36418 36508]
[36509 36548]
[36549 36607]
[36608 36640]
[36641 36666]
[36667 36716]
[36717 36950]
[36951 37029]
[37030 37071]
[37072 37135]
[37136 37200]
[37201 37260]
[37261 37310]
[37311 37366]
[37367 37404]
[37405 37434]
[37435 37482]
[37483 37531]
[37532 37577]
[37578 37620]
[37621 37676]
[37677 37733]
[37734 37794]
[37795 37850]
[37851 37918]
[37919 37985]
[37986 38041]
[38042 38105]
[38106 38158]
[38159 38202]
[38203 38236]
[38237 38478]
[38480 38570]
