[ 0 14]
[ 16 277]
[278 334]
[335 370]
[371 398]
[399 428]
[429 461]
[462 502]
[503 536]
[537 585]
[586 622]
[623 652]
[653 680]
[681 710]
[711 754]
[755 789]
[790 827]
[828 912]
[ 913 1386]
[1387 1440]
[1441 1493]
[1494 1528]
[1529 1575]
[1576 1617]
[1618 1799]
[1800 1819]
[1820 1851]
[1852 1906]
[1907 1945]
[1946 2064]
[2065 2098]
[2099 2118]
[2119 2173]
[2174 2229]
[2230 2285]
[2286 2350]
[2351 2440]
[2441 2551]
[2552 2571]
[2572 2598]
[2599 2654]
[2655 2704]
[2705 2741]
[2742 2964]
[2965 3018]
[3019 3052]
[3053 3088]
[3089 3169]
[3170 3190]
[3191 3610]
[3611 3689]
[3690 3733]
[3734 3746]
[3747 3777]
[3778 3818]
[3819 3865]
[3866 3914]
[3915 3938]
[3939 4030]
[4031 4079]
[4080 4108]
[4109 4140]
[4141 4165]
[4166 4190]
[4191 4223]
[4224 4254]
[4255 4283]
[4284 4316]
[4317 4341]
[4342 4437]
[4438 4512]
[4513 4541]
[4542 4569]
[4570 4606]
[4607 4626]
[4627 4684]
[4685 4749]
[4750 4810]
[4811 4864]
[4865 4936]
[4937 5047]
[5048 5378]
[5379 5440]
[5441 5473]
[5474 5524]
[5525 5540]
[5541 5603]
[5604 5642]
[5643 5702]
[5703 5753]
[5754 5793]
[5794 5842]
[5843 5874]
[5875 5934]
[5935 5978]
[5979 6023]
[6024 6353]
[6354 6512]
[6513 6574]
[6575 6627]
[6628 6701]
[6702 6720]
[6721 6797]
[6798 6830]
[6831 6908]
[6909 6953]
[6954 6968]
[6969 7018]
[7019 7052]
[7053 7114]
[7115 7167]
[7168 7227]
[7228 7717]
[7718 7762]
[7763 7797]
[7798 7850]
[7851 7897]
[7898 7946]
[7947 8012]
[8013 8075]
[8076 8131]
[8132 8179]
[8180 8214]
[8215 8262]
[8263 8305]
[8306 8337]
[8338 8380]
[8381 8414]
[8415 8456]
[8457 8504]
[8505 8869]
[8871 8936]
[8937 8986]
[8987 9058]
[9059 9106]
[9107 9152]
[9153 9207]
[9208 9260]
[9261 9315]
[9316 9364]
[9365 9453]
[9454 9507]
[9508 9537]
[9538 9597]
[9598 9701]
[9702 9790]
[9791 9816]
[9817 9861]
[9862 9936]
[ 9937 10061]
[10062 10127]
[10128 10171]
[10172 10216]
[10217 10249]
[10250 10389]
[10390 10440]
[10441 10487]
[10488 10528]
[10529 10569]
[10570 10617]
[10618 10655]
[10656 10700]
[10701 10737]
[10738 10830]
[10831 11293]
[11294 11350]
[11351 11674]
[11675 12103]
[12104 12564]
[12565 12615]
[12616 12705]
[12706 12743]
[12744 12779]
[12780 12812]
[12813 12864]
[12865 12933]
[12934 12971]
[12972 13037]
[13038 13078]
[13079 13107]
[13108 13164]
[13165 13252]
[13253 13374]
[13375 13409]
[13410 13486]
[13487 13560]
[13561 13632]
[13633 13756]
[13757 13987]
[13989 14125]
[14126 14258]
[14259 14461]
[14462 14572]
[14573 14660]
[14661 14738]
[14739 14785]
[14786 14939]
[14940 15060]
[15061 15207]
[15208 15339]
[15340 15753]
[15754 15829]
[15830 15919]
[15920 16058]
[16059 16199]
[16200 16403]
[16404 16468]
[16469 16624]
[16625 16794]
[16795 16852]
[16853 16992]
[16993 17119]
[17120 17259]
[17260 17630]
[17631 17679]
[17680 17770]
[17771 17813]
[17814 17877]
[17878 17971]
[17972 18025]
[18026 18089]
[18090 18116]
[18117 18169]
[18170 18217]
[18218 18271]
[18272 18321]
[18322 18418]
[18419 18465]
[18466 18502]
[18503 18546]
[18547 18626]
[18627 18665]
[18666 18720]
[18721 18793]
[18794 18868]
[18869 18914]
[18915 18959]
[18960 19055]
[19056 19073]
[19074 19433]
[19434 19475]
[19476 19498]
[19499 19530]
[19531 19585]
[19586 19623]
[19624 19731]
[19732 19812]
[19813 19861]
[19862 19890]
[19891 19926]
[19927 19966]
[19967 20027]
[20028 20076]
[20077 20113]
[20114 20146]
[20147 20190]
[20191 20262]
[20263 20314]
[20315 20360]
[20361 20413]
[20414 20455]
[20456 20492]
[20493 20538]
[20539 20589]
[20590 20649]
[20650 20680]
[20681 20738]
[20739 21093]
[21094 21159]
[21160 21217]
[21218 21305]
[21306 21365]
[21366 21409]
[21410 21477]
[21478 21560]
[21561 21605]
[21606 21684]
[21685 21749]
[21750 21814]
[21815 21882]
[21883 21945]
[21946 22233]
[22234 22361]
[22362 22426]
[22427 22542]
[22543 22615]
[22616 22676]
[22677 22749]
[22750 22851]
[22852 22913]
[22914 22983]
[22984 23036]
[23037 23143]
[23144 23469]
[23470 23541]
[23542 23611]
[23612 23690]
[23691 23756]
[23757 23805]
[23806 23840]
[23841 23899]
[23900 23966]
[23967 24106]
[24107 24214]
[24215 24289]
[24290 24393]
[24394 24470]
[24471 24527]
[24528 24840]
[24841 25004]
[25005 25115]
[25116 25275]
[25276 25355]
[25356 25460]
[25461 25600]
[25601 25645]
[25646 25726]
[25727 26043]
[26044 26284]
[26285 26537]
[26538 26685]
[26686 26794]
[26795 26899]
[26900 27433]
[27434 27459]
[27460 27475]
[27476 27535]
[27536 27626]
[27627 27826]
[27827 27874]
[27875 27935]
[27936 27999]
[28000 28092]
[28093 28137]
[28138 28340]
[28341 28423]
[28424 28572]
[28573 28880]
[28882 28967]
[28968 29052]
[29053 29170]
[29171 29239]
[29240 29375]
[29376 29497]
[29498 29632]
[29633 29725]
[29726 29810]
[29811 30298]
[30299 30412]
[30413 30526]
[30527 30610]
[30611 30657]
[30658 30744]
[30745 30782]
[30783 30842]
[30843 30889]
[30890 30978]
[30979 31024]
[31025 31075]
[31076 31524]
[31525 31642]
[31643 31738]
[31739 31866]
[31867 31920]
[31921 32066]
[32067 32199]
[32200 32282]
[32283 32348]
[32349 32375]
[32376 32828]
[32829 32919]
