[ 0 33]
[ 34 304]
[305 358]
[359 387]
[388 417]
[418 438]
[439 462]
[463 485]
[486 511]
[512 536]
[537 557]
[558 580]
[581 609]
[610 638]
[639 665]
[666 688]
[689 710]
[711 734]
[735 776]
[777 806]
[807 839]
[840 936]
[ 937 1321]
[1322 1382]
[1383 1436]
[1437 1478]
[1479 1519]
[1520 1558]
[1559 1598]
[1599 1669]
[1670 1715]
[1716 1736]
[1737 1762]
[1763 1793]
[1794 1995]
[1996 2038]
[2039 2098]
[2099 2140]
[2141 2180]
[2181 2215]
[2216 2271]
[2272 2308]
[2309 2362]
[2363 2398]
[2399 2440]
[2441 2475]
[2476 2512]
[2513 2547]
[2548 2578]
[2579 2638]
[2639 3027]
[3028 3076]
[3077 3132]
[3133 3174]
[3175 3219]
[3220 3267]
[3268 3310]
[3311 3330]
[3331 3378]
[3379 3441]
[3442 3603]
[3604 3660]
[3661 3728]
[3729 3784]
[3785 3834]
[3835 3873]
[3874 3893]
[3894 3968]
[3969 4065]
[4066 4103]
[4104 4149]
[4150 4263]
[4264 4319]
[4320 4345]
[4346 4400]
[4401 4480]
[4481 4931]
[4932 5014]
[5015 5091]
[5092 5328]
[5329 5404]
[5405 5491]
[5492 5607]
[5608 5686]
[5687 5783]
[5784 5853]
[5854 5965]
[5966 6024]
[6025 6055]
[6056 6105]
[6106 6327]
[6329 6414]
[6415 6483]
[6484 6508]
[6509 6566]
[6567 6577]
[6578 6621]
[6622 6707]
[6708 6772]
[6773 7204]
[7206 7241]
[7242 7288]
[7289 7307]
[7308 7370]
[7371 7429]
[7430 7473]
[7474 7546]
[7547 7594]
[7595 7641]
[7642 7695]
[7696 7720]
[7721 7788]
[7789 7808]
[7809 7871]
[7872 7911]
[7912 7989]
[7990 8050]
[8051 8102]
[8103 8120]
[8121 8146]
[8147 8202]
[8203 8236]
[8237 8263]
[8264 8324]
[8326 8327]
[8328 8360]
[8361 8410]
[8411 8469]
[8470 8530]
[8531 8601]
[8602 8634]
[8635 8652]
[8653 8719]
[8720 9110]
[9111 9198]
[9199 9386]
[9387 9467]
[9470 9676]
[9677 9721]
[9722 9758]
[9759 9790]
[9791 9825]
[9826 9856]
[9857 9900]
[9901 9932]
[9933 9993]
[ 9994 10023]
[10024 10118]
[10119 10662]
[10663 10920]
[10921 11072]
[11073 11164]
[11165 11240]
[11241 11277]
[11278 11337]
[11338 11392]
[11393 11502]
[11503 11570]
[11571 11746]
[11747 12221]
[12222 12297]
[12298 12346]
[12347 12394]
[12395 12442]
[12443 12514]
[12515 12567]
[12568 12608]
[12609 12756]
[12757 12823]
[12824 12886]
[12887 12953]
[12954 12975]
[12976 13048]
[13049 13114]
[13115 13174]
[13175 13208]
[13209 13277]
[13278 13307]
[13308 13360]
[13361 13399]
[13400 13450]
[13451 13523]
[13524 13555]
[13556 13609]
[13610 13660]
[13661 13779]
[13780 13808]
[13809 13883]
[13884 14292]
[14293 14350]
[14351 14409]
[14410 14489]
[14490 14550]
[14551 14608]
[14609 14665]
[14666 14734]
[14735 14760]
[14761 14824]
[14825 14912]
[14913 15007]
[15008 15078]
[15079 15102]
[15103 15177]
[15178 15250]
[15251 15329]
[15330 15375]
[15376 15425]
[15426 15463]
[15464 15526]
[15527 15587]
[15588 15957]
[15958 16021]
[16022 16166]
[16167 16226]
[16227 16358]
[16359 16424]
[16425 16454]
[16455 16519]
[16520 16564]
[16565 16639]
[16640 16709]
[16710 16727]
[16728 16861]
[16862 16882]
[16883 16989]
[16990 17019]
[17020 17068]
[17069 17117]
[17118 17190]
[17191 17531]
[17532 17591]
[17592 17643]
[17644 17708]
[17709 17820]
[17821 17891]
[17892 17943]
[17944 17998]
[17999 18044]
[18045 18153]
[18154 18188]
[18189 18208]
[18209 18406]
[18407 18546]
[18547 18660]
[18661 18720]
[18721 18856]
[18857 18930]
[18931 19039]
[19040 19121]
[19122 19184]
[19185 19237]
[19238 19300]
[19301 19344]
[19345 19406]
[19407 19460]
[19461 19536]
[19537 19605]
[19606 19643]
[19644 19681]
[19682 19735]
[19736 19774]
[19775 19813]
[19814 20055]
[20056 20106]
[20107 20145]
[20146 20191]
[20192 20228]
[20229 20281]
[20282 20327]
[20328 20393]
[20394 20519]
[20520 20560]
[20561 20593]
[20594 20629]
[20630 20660]
[20661 20699]
[20700 20774]
[20775 20817]
[20818 20853]
[20854 20959]
[20960 21477]
[21478 21575]
[21576 21673]
[21674 21770]
[21771 21875]
[21876 21986]
[21987 22065]
[22066 22136]
[22137 22194]
[22195 22265]
[22266 22329]
[22330 22386]
[22387 22555]
[22556 22675]
[22676 23010]
[23011 23192]
[23193 23308]
[23309 23446]
[23447 23538]
[23539 23846]
[23848 23936]
[23937 23996]
[23997 24056]
[24057 24101]
[24102 24178]
[24179 24238]
[24239 24278]
[24279 24398]
[24399 24478]
[24479 24523]
[24524 24561]
[24562 24940]
[24941 25022]
[25023 25067]
[25068 25124]
[25125 25147]
[25148 25192]
[25193 25232]
[25233 25285]
[25286 25337]
[25338 25375]
[25376 25427]
[25428 25486]
[25487 25515]
[25516 25572]
[25573 25600]
[25601 25635]
[25636 25684]
[25685 25747]
[25748 25821]
[25822 25907]
[25908 26227]
[26228 26314]
[26315 26336]
[26337 26470]
[26471 26488]
[26489 26566]
[26567 26685]
[26686 26739]
[26740 26779]
[26780 26831]
[26832 26893]
[26894 26921]
[26922 26995]
[26996 27022]
[27023 27088]
[27089 27138]
[27139 27179]
[27180 27245]
[27246 27674]
[27675 27985]
[27987 28887]
[28888 29094]
[29095 29465]
[29466 29546]
[29547 29695]
[29696 29763]
[29764 30043]
[30044 30083]
[30084 30118]
[30119 30158]
[30159 30198]
[30199 30248]
[30249 30294]
[30295 30339]
[30340 30389]
[30390 30654]
[30656 30697]
[30698 30753]
[30754 30809]
[30810 30833]
[30834 30908]
[30909 31000]
[31001 31085]
[31086 31113]
[31114 31426]
[31427 31524]
[31525 31786]
[31787 31921]
[31922 32049]
[32050 32135]
[32136 32544]
[32545 32605]
[32606 32673]
[32674 32734]
[32735 32796]
[32797 32855]
[32856 32958]
[32959 33010]
[33011 33064]
[33065 33096]
[33097 33134]
[33135 33172]
[33173 33671]
[33672 33817]
