[ 0 35]
[ 36 281]
[282 336]
[337 372]
[373 402]
[403 430]
[431 463]
[464 499]
[500 529]
[530 559]
[560 587]
[588 620]
[621 651]
[652 682]
[683 712]
[713 744]
[745 775]
[776 805]
[806 838]
[839 921]
[ 922 1137]
[1138 1195]
[1196 1258]
[1259 1315]
[1316 1378]
[1379 1441]
[1442 1504]
[1505 1657]
[1658 1736]
[1737 1824]
[1825 1877]
[1878 1927]
[1928 1972]
[1973 2036]
[2037 2089]
[2090 2145]
[2146 2201]
[2202 2239]
[2240 2289]
[2290 2316]
[2317 2372]
[2373 2419]
[2420 2457]
[2458 2494]
[2495 2544]
[2545 2587]
[2588 2747]
[2748 3163]
[3164 3185]
[3186 3261]
[3262 3331]
[3332 3408]
[3409 3456]
[3457 3478]
[3479 3565]
[3566 3592]
[3593 3647]
[3648 3701]
[3702 3751]
[3752 3809]
[3810 3850]
[3851 3890]
[3891 3959]
[3960 3993]
[3994 4286]
[4287 4316]
[4317 4349]
[4350 4396]
[4397 4466]
[4467 4537]
[4538 4588]
[4589 4687]
[4688 5131]
[5132 5156]
[5157 5265]
[5266 5384]
[5385 5435]
[5436 5506]
[5507 5651]
[5652 5791]
[5792 5890]
[5891 5924]
[5925 6260]
[6261 6337]
[6338 6385]
[6386 6420]
[6421 6476]
[6477 6595]
[6596 6892]
[6893 6972]
[6973 7048]
[7049 7127]
[7128 7188]
[7189 7267]
[7268 7339]
[7340 7411]
[7412 7480]
[7481 7580]
[7581 7724]
[7725 7910]
[7911 8002]
[8003 8359]
[8360 8437]
[8438 8487]
[8488 8548]
[8549 8591]
[8592 8613]
[8614 8664]
[8665 8747]
[8748 8786]
[8787 8842]
[8843 8877]
[8878 9073]
[9074 9126]
[9127 9179]
[9180 9241]
[9242 9288]
[9289 9338]
[9339 9398]
[9399 9449]
[9450 9478]
[9479 9533]
[9534 9595]
[9596 9639]
[9640 9684]
[ 9685 10074]
[10075 10186]
[10187 10264]
[10265 10383]
[10384 10420]
[10421 10501]
[10502 10551]
[10552 10632]
[10633 10700]
[10701 10761]
[10762 10837]
[10838 10905]
[10906 10960]
[10961 11020]
[11021 11088]
[11089 11159]
[11160 11219]
[11220 11257]
[11258 11310]
[11311 11354]
[11355 11399]
[11400 11442]
[11443 11490]
[11491 11539]
[11540 11586]
[11587 11629]
[11630 11666]
[11667 11749]
[11750 12059]
[12060 12180]
[12181 12278]
[12279 12371]
[12372 12464]
[12465 12556]
[12557 12642]
[12644 12713]
[12714 12795]
[12796 12853]
[12854 12918]
[12919 13012]
[13013 13114]
[13115 13581]
[13582 13610]
[13611 13681]
[13683 13743]
[13744 13791]
[13792 13865]
[13866 13979]
[13980 14043]
[14044 14124]
[14125 14182]
[14183 14378]
[14379 14439]
[14440 14498]
[14499 14586]
[14587 14823]
[14824 14876]
[14877 14959]
[14960 14996]
[14997 15035]
[15036 15078]
[15079 15117]
[15118 15209]
[15210 15389]
[15390 15481]
[15482 15638]
[15639 15992]
[15993 16113]
[16114 16298]
[16299 16343]
[16344 16455]
[16456 16524]
[16525 16745]
[16746 16882]
[16883 17326]
[17327 17406]
[17407 17505]
[17506 17630]
[17631 17740]
[17741 17814]
[17815 17894]
[17895 17995]
[17996 18223]
[18224 18318]
[18319 18391]
[18392 18467]
[18468 18535]
[18536 18603]
[18604 18670]
[18671 18717]
[18718 18795]
[18796 19074]
[19075 19146]
[19147 19246]
[19247 19496]
[19497 19779]
[19780 19907]
[19908 19962]
[19963 20006]
[20007 20051]
[20052 20094]
[20095 20142]
[20143 20191]
[20192 20238]
[20239 20281]
[20282 20318]
[20319 20402]
[20403 20814]
[20815 20887]
[20888 20966]
[20967 21066]
[21067 21161]
[21162 21226]
[21227 21329]
[21330 21355]
[21356 21426]
[21427 21499]
[21500 21578]
[21579 21635]
[21636 21672]
[21673 21745]
[21746 21925]
[21926 21986]
[21987 22056]
[22057 22148]
[22149 22253]
[22254 22303]
[22304 22362]
[22363 22700]
[22701 22778]
[22779 22870]
[22871 22928]
[22929 23039]
[23040 23092]
[23093 23114]
[23115 23172]
[23173 23232]
[23233 23276]
[23277 23324]
[23325 23403]
[23404 23461]
[23462 23524]
[23525 23597]
[23598 23642]
[23643 24009]
[24010 24081]
[24082 24155]
[24156 24251]
[24252 24317]
[24318 24449]
[24450 24501]
[24502 24566]
[24567 24618]
[24619 24687]
[24688 24800]
[24801 25065]
[25066 25130]
[25131 25196]
[25197 25266]
[25267 25335]
[25336 25397]
[25398 25464]
[25465 25522]
[25523 25581]
[25582 25635]
[25636 25691]
[25692 25749]
[25750 25812]
[25813 25877]
[25878 26158]
[26159 26320]
[26321 26448]
[26449 26556]
[26557 26656]
[26657 26754]
[26755 26891]
[26892 27056]
[27057 27148]
[27149 27234]
[27235 27321]
[27322 27416]
[27417 27529]
[27530 27609]
[27610 27763]
[27764 27849]
[27850 27886]
[27887 28007]
[28008 28268]
[28269 28373]
[28374 28479]
[28480 28721]
[28722 28783]
[28784 28830]
[28831 28883]
[28884 29038]
[29039 29146]
[29147 29248]
[29249 29541]
[29542 29608]
[29609 29694]
[29695 29775]
[29776 29871]
[29872 30024]
[30025 30073]
[30074 30113]
[30114 30183]
[30184 30254]
[30255 30296]
[30297 30364]
[30365 30428]
[30429 30480]
[30481 30520]
[30521 30741]
[30742 30899]
[30900 31075]
[31076 31139]
[31140 31189]
[31190 31271]
[31272 31351]
[31352 31402]
[31403 31469]
[31470 31609]
[31610 31686]
[31687 31760]
[31761 31832]
[31833 31899]
[31900 31951]
[31952 31989]
[31990 32035]
[32036 32095]
[32096 32182]
[32183 32422]
[32423 32504]
[32505 32574]
[32575 32642]
[32643 32745]
[32746 32810]
[32811 33134]
[33135 33421]
[33422 33477]
[33478 33571]
[33572 33882]
[33883 34083]
[34084 34339]
[34340 34437]
[34438 34534]
[34535 34625]
[34626 34727]
[34728 34827]
[34828 34919]
[34920 35031]
[35032 35163]
[35164 35243]
[35244 35354]
[35355 35653]
[35655 35737]
