[ 0 31]
[ 33 353]
[354 408]
[409 444]
[445 474]
[475 502]
[503 535]
[536 571]
[572 601]
[602 629]
[630 659]
[660 692]
[693 723]
[724 754]
[755 783]
[784 837]
[ 838 1344]
[1345 1421]
[1422 1474]
[1475 1565]
[1566 1622]
[1623 1679]
[1680 1736]
[1737 1863]
[1864 1994]
[1995 2084]
[2085 2198]
[2199 2246]
[2247 2285]
[2286 2327]
[2328 2411]
[2412 2451]
[2452 2490]
[2491 2585]
[2586 2646]
[2647 2698]
[2699 2752]
[2753 2796]
[2797 2812]
[2813 2847]
[2848 2899]
[2900 3393]
[3394 3459]
[3460 3509]
[3510 3563]
[3564 3609]
[3610 3647]
[3648 3719]
[3720 3866]
[3867 3939]
[3940 3997]
[3998 4060]
[4061 4101]
[4102 4136]
[4137 4164]
[4165 4186]
[4187 4333]
[4334 4393]
[4394 4458]
[4459 4515]
[4516 4577]
[4578 4631]
[4632 4683]
[4684 4722]
[4723 4778]
[4779 4853]
[4854 4943]
[4944 5424]
[5425 5495]
[5496 5528]
[5529 5594]
[5595 5621]
[5622 5636]
[5637 5696]
[5697 5850]
[5851 6068]
[6069 6233]
[6234 6296]
[6297 6344]
[6345 6385]
[6386 6520]
[6521 6568]
[6570 6637]
[6638 6659]
[6660 6802]
[6803 6890]
[6891 6933]
[6934 7610]
[7611 7647]
[7648 7760]
[7761 7806]
[7807 7998]
[7999 8087]
[8088 8148]
[8149 8312]
[8313 8358]
[8359 8417]
[8418 8467]
[8468 8527]
[8528 8558]
[8559 8593]
[8594 8639]
[8640 8698]
[8699 8746]
[8747 8804]
[8805 8845]
[8846 8882]
[8883 8943]
[8944 9231]
[9232 9441]
[9442 9502]
[9503 9559]
[9560 9618]
[9619 9669]
[9670 9707]
[9708 9750]
[9751 9792]
[9793 9849]
[9850 9890]
[ 9891 10139]
[10140 10192]
[10193 10256]
[10257 10299]
[10300 10387]
[10388 10435]
[10436 10493]
[10494 10529]
[10530 10572]
[10573 10602]
[10603 10678]
[10679 10730]
[10731 10778]
[10779 10815]
[10816 10851]
[10852 10876]
[10877 10937]
[10938 11431]
[11432 11489]
[11490 11556]
[11557 11580]
[11581 11646]
[11647 11682]
[11683 11708]
[11709 11833]
[11834 11883]
[11884 11922]
[11923 12059]
[12060 12083]
[12084 12141]
[12142 12273]
[12274 12317]
[12318 12362]
[12363 12405]
[12406 12453]
[12454 12502]
[12503 12549]
[12550 12592]
[12593 12629]
[12630 13252]
[13253 13372]
[13373 13445]
[13446 13571]
[13572 13684]
[13685 13842]
[13843 13912]
[13913 13970]
[13971 14046]
[14047 14722]
[14723 14782]
[14783 14839]
[14840 14897]
[14898 14955]
[14956 15011]
[15012 15075]
[15076 15156]
[15157 15222]
[15223 15302]
[15303 15371]
[15372 15408]
[15409 15477]
[15478 15564]
[15565 15614]
[15615 15667]
[15668 15758]
[15759 15811]
[15812 15872]
[15873 15950]
[15951 16024]
[16025 16330]
[16332 16433]
[16434 16513]
[16514 16721]
[16722 16851]
[16852 16945]
[16946 17068]
[17069 17206]
[17207 17244]
[17245 17435]
[17436 17578]
[17579 17655]
[17656 17770]
[17771 17814]
[17815 17859]
[17860 17902]
[17903 17950]
[17951 17991]
[17992 18030]
[18031 18063]
[18064 18100]
[18101 18130]
[18131 18210]
[18211 18491]
[18492 18580]
[18581 18664]
[18665 18742]
[18743 18800]
[18801 18912]
[18913 18984]
[18985 19079]
[19080 19201]
[19202 19311]
[19312 19396]
[19397 19422]
[19423 19461]
[19462 19546]
[19547 19607]
[19608 19643]
[19644 20046]
[20047 20191]
[20192 20269]
[20270 20312]
[20313 20366]
[20367 20435]
[20436 20529]
[20530 20656]
[20657 20735]
[20736 20784]
[20785 20863]
[20864 21074]
[21075 21177]
[21178 21262]
[21263 21359]
[21360 21454]
[21455 21557]
[21558 21682]
[21683 21760]
[21761 21831]
[21832 21897]
[21898 22160]
[22161 22331]
[22332 22384]
[22385 22475]
[22476 22577]
[22578 22680]
[22681 22797]
[22798 22869]
[22870 23045]
[23046 23140]
[23141 23227]
[23228 23293]
[23294 23355]
[23356 23410]
[23411 23570]
[23571 23736]
[23737 23806]
[23807 23846]
[23847 23893]
[23894 23944]
[23945 24321]
[24322 24403]
[24404 24434]
[24435 24596]
[24597 24663]
[24664 24738]
[24739 24810]
[24811 24854]
[24855 24917]
[24918 24940]
[24941 25249]
[25250 25327]
[25328 25542]
[25543 25622]
[25623 25660]
[25661 25697]
[25698 25787]
[25788 25828]
[25829 25902]
[25903 25965]
[25966 26013]
[26014 26112]
[26113 26173]
[26174 26205]
[26206 26284]
[26285 26641]
[26642 26716]
[26717 26743]
[26744 26959]
[26960 27027]
[27028 27145]
[27146 27249]
[27250 27302]
[27303 27373]
[27374 27901]
[27902 28094]
[28095 28200]
[28201 28257]
[28258 28287]
[28288 28369]
[28370 28429]
[28430 28492]
[28493 28569]
[28570 28610]
[28611 28655]
[28656 28738]
[28739 28802]
[28803 29130]
[29131 29217]
