[ 0 38]
[ 39 314]
[315 373]
[374 414]
[415 436]
[437 480]
[481 501]
[502 526]
[527 572]
[573 624]
[625 663]
[664 698]
[699 748]
[749 819]
[ 820 1153]
[1154 1275]
[1276 1296]
[1297 1330]
[1331 1411]
[1412 1455]
[1456 1556]
[1557 1687]
[1688 1715]
[1716 1742]
[1743 1818]
[1819 1914]
[1915 1946]
[1947 2003]
[2004 2055]
[2056 2103]
[2104 2145]
[2146 2216]
[2217 2257]
[2258 2291]
[2292 2339]
[2340 2413]
[2414 2527]
[2528 2556]
[2557 2926]
[2927 2998]
[2999 3071]
[3072 3135]
[3136 3200]
[3201 3261]
[3262 3323]
[3324 3378]
[3379 3477]
[3478 3535]
[3536 3595]
[3596 3662]
[3663 3749]
[3750 3810]
[3811 3864]
[3865 3925]
[3926 3991]
[3992 4040]
[4041 4092]
[4093 4482]
[4483 4545]
[4546 4608]
[4609 4702]
[4703 4775]
[4776 4851]
[4852 4897]
[4898 4942]
[4943 4980]
[4981 5091]
[5092 5145]
[5146 5197]
[5198 5253]
[5254 5294]
[5295 5541]
[5542 5631]
[5632 5667]
[5668 5688]
[5689 5691]
[5692 5735]
[5736 5744]
[5745 5778]
[5779 5857]
[5858 5904]
[5905 5961]
[5962 6004]
[6005 6041]
[6042 6109]
[6110 6195]
[6196 6211]
[6212 6618]
[6619 6682]
[6683 6762]
[6763 6828]
[6829 6871]
[6872 6984]
[6985 7117]
[7118 7139]
[7140 7186]
[7187 7248]
[7249 7338]
[7339 7380]
[7381 7426]
[7427 7537]
[7538 7637]
[7638 7742]
[7743 7842]
[7843 7872]
[7873 7971]
[7972 8048]
[8049 8121]
[8122 8394]
[8395 8602]
[8603 8802]
[8803 8917]
[8918 8967]
[8968 9057]
[9058 9244]
[9245 9270]
[9271 9280]
[9281 9328]
[9329 9374]
[9375 9383]
[9384 9402]
[9403 9412]
[9413 9430]
[9431 9439]
[9440 9444]
[9445 9584]
[9585 9786]
[9787 9843]
[9844 9947]
[9948 9994]
[ 9995 10023]
[10024 10062]
[10063 10126]
[10127 10173]
[10174 10199]
[10200 10292]
[10293 10703]
[10704 11567]
[11568 11719]
[11720 11799]
[11800 11862]
[11863 11924]
[11925 12384]
[12386 12518]
[12519 12611]
[12612 12664]
[12665 12759]
[12760 12832]
[12833 12894]
[12895 12958]
[12959 13039]
[13040 13112]
[13113 13190]
[13191 13237]
[13238 13306]
[13307 13399]
[13400 13471]
[13472 13570]
[13571 13622]
[13623 13678]
[13679 13729]
[13730 13757]
[13758 14214]
[14215 14384]
[14385 14567]
[14568 14652]
[14653 14790]
[14791 14842]
[14843 14987]
[14988 15160]
[15161 15247]
[15248 15379]
[15380 15428]
[15429 15667]
[15668 15970]
[15971 16165]
[16166 16241]
[16242 16370]
[16371 16485]
[16486 16566]
[16567 16643]
[16644 16715]
[16716 16765]
[16766 16834]
[16835 16903]
[16904 16947]
[16948 17211]
[17212 17299]
[17300 17351]
[17352 17522]
[17523 17606]
[17607 17694]
[17695 17828]
[17829 17883]
[17884 17964]
[17965 18072]
[18073 18121]
[18122 18184]
[18185 18234]
[18235 18302]
[18303 18368]
[18369 18424]
[18425 18521]
[18522 18891]
[18893 18977]
[18978 19043]
[19044 19111]
[19112 19162]
[19163 19299]
[19300 19363]
[19364 19406]
[19407 19444]
[19445 19479]
[19480 19547]
[19548 19575]
[19576 19635]
[19636 19682]
[19683 19750]
[19751 19777]
[19778 19843]
[19844 19869]
[19870 19931]
[19932 20020]
[20021 20073]
[20074 20150]
[20151 20214]
[20215 20253]
[20254 20280]
[20281 20330]
[20331 20384]
[20385 20434]
[20435 20517]
[20518 20818]
[20819 21111]
[21112 21470]
[21471 21595]
[21596 21720]
[21721 21840]
[21841 22101]
[22102 22459]
[22460 22520]
[22521 22569]
[22570 22619]
[22620 22667]
[22668 22711]
[22712 22760]
[22761 22826]
[22827 22872]
[22873 22928]
[22929 22998]
[22999 23063]
[23064 23180]
[23181 23268]
[23269 23346]
[23347 23419]
[23420 23606]
[23607 23660]
[23661 23700]
[23701 23732]
[23733 23758]
[23759 24031]
[24032 24107]
[24108 24157]
[24158 24211]
[24212 24281]
[24282 24349]
[24350 24404]
[24405 24501]
[24502 24579]
[24580 24619]
[24620 24674]
[24675 24755]
[24756 24809]
[24810 25241]
[25242 25310]
[25311 25384]
[25385 25427]
[25428 25493]
[25494 25552]
[25553 25706]
[25707 25749]
[25750 25817]
[25818 25931]
[25932 26038]
[26039 26093]
[26094 26220]
[26221 26284]
[26285 26338]
[26339 26390]
[26391 26519]
[26520 26577]
[26578 26848]
[26849 26946]
[26947 27045]
[27046 27131]
[27132 27215]
[27216 27293]
[27294 27372]
[27373 27442]
[27443 27527]
[27528 27608]
[27609 27685]
[27686 27754]
[27755 27817]
[27818 27873]
[27874 27954]
[27955 28052]
[28053 28328]
[28329 29050]
[29051 29300]
[29301 29422]
[29423 30043]
[30044 30299]
[30300 30578]
[30579 30699]
[30700 30811]
[30812 30857]
[30858 30946]
[30947 30992]
[30993 31066]
[31067 31133]
[31134 31227]
[31228 31271]
[31272 31323]
[31324 31375]
[31376 31439]
[31440 31550]
[31551 31599]
[31600 31674]
[31675 31748]
[31749 31915]
[31916 31989]
[31990 32267]
[32268 32373]
[32374 32449]
[32450 32585]
[32586 32763]
[32764 32988]
[32989 33249]
[33250 33339]
