[ 0 42]
[ 43 334]
[335 382]
[383 420]
[421 469]
[470 511]
[512 547]
[548 581]
[582 633]
[634 675]
[676 712]
[713 757]
[758 860]
[ 861 1339]
[1340 1398]
[1399 1456]
[1457 1707]
[1708 1810]
[1811 1907]
[1908 1961]
[1962 2026]
[2027 2097]
[2098 2136]
[2137 2185]
[2186 2233]
[2234 2306]
[2307 2370]
[2371 2536]
[2537 2577]
[2578 2616]
[2617 2655]
[2656 2697]
[2698 2743]
[2744 2835]
[2836 3173]
[3174 3221]
[3222 3296]
[3297 3380]
[3381 3411]
[3412 3471]
[3472 3518]
[3519 3546]
[3547 3619]
[3620 3697]
[3698 3744]
[3745 4128]
[4129 4186]
[4187 4258]
[4259 4283]
[4284 4317]
[4318 4390]
[4391 4433]
[4434 4552]
[4553 4607]
[4608 4643]
[4644 4701]
[4702 4766]
[4767 4806]
[4807 4864]
[4865 4929]
[4930 5401]
[5402 5439]
[5440 5480]
[5481 5524]
[5525 5569]
[5570 5651]
[5652 5746]
[5747 5780]
[5781 5812]
[5813 5838]
[5839 5862]
[5863 6252]
[6253 6764]
[6765 7109]
[7110 7188]
[7189 7257]
[7258 7311]
[7312 7335]
[7336 7421]
[7422 7441]
[7442 7470]
[7471 7526]
[7527 7608]
[7609 7705]
[7706 7777]
[7778 7862]
[7863 7895]
[7896 7996]
[7997 8088]
[8089 8153]
[8154 8214]
[8215 8268]
[8269 8343]
[8344 8405]
[8406 8475]
[8476 8981]
[8982 9044]
[9045 9108]
[9109 9166]
[9168 9220]
[9221 9264]
[9265 9314]
[9315 9365]
[9366 9414]
[9415 9466]
[9467 9526]
[9527 9656]
[9657 9733]
[9734 9813]
[9814 9871]
[ 9872 10029]
[10030 10098]
[10099 10168]
[10169 10226]
[10227 10315]
[10316 10393]
[10394 10497]
[10498 10599]
[10600 10787]
[10788 10837]
[10838 10910]
[10911 10968]
[10969 11020]
[11021 11045]
[11046 11092]
[11093 11112]
[11113 11230]
[11231 11743]
[11744 12069]
[12070 12492]
[12493 12618]
[12619 12720]
[12721 12832]
[12833 12905]
[12906 13019]
[13020 13063]
[13064 13109]
[13110 13187]
[13188 13299]
[13300 13787]
[13788 13911]
[13912 13980]
[13981 14050]
[14051 14128]
[14129 14194]
[14195 14289]
[14290 14345]
[14346 14427]
[14428 14480]
[14481 14541]
[14542 14564]
[14565 14618]
[14619 14738]
[14739 14806]
[14807 14912]
[14913 15245]
[15246 15289]
[15290 15315]
[15316 15352]
[15353 15392]
[15393 15447]
[15448 15501]
[15502 15542]
[15543 15592]
[15593 15619]
[15620 15669]
[15670 15719]
[15720 15793]
[15794 15852]
[15853 15879]
[15880 15944]
[15945 16012]
[16013 16062]
[16063 16095]
[16096 16145]
[16146 16230]
[16231 16312]
[16313 16386]
[16387 16651]
[16652 16698]
[16699 16739]
[16740 16787]
[16788 16838]
[16839 16876]
[16877 16912]
[16913 16949]
[16950 16991]
[16992 17033]
[17034 17075]
[17076 17152]
[17153 17194]
[17195 17304]
[17305 17346]
[17347 17388]
[17389 17435]
[17436 17483]
[17484 17517]
[17518 17558]
[17559 17604]
[17605 17662]
[17663 17749]
[17750 17818]
[17819 17940]
[17941 18067]
[18069 18187]
[18188 18303]
[18304 18337]
[18338 18416]
[18417 18484]
[18485 18522]
[18523 18584]
[18585 18712]
[18713 18804]
[18805 18867]
[18868 18942]
[18943 19009]
[19010 19079]
[19080 19129]
[19130 19179]
[19180 19229]
[19230 19299]
[19300 19359]
[19360 19449]
[19450 19578]
[19579 19634]
[19635 19934]
[19935 20001]
[20002 20134]
[20135 20200]
[20201 20300]
[20301 20355]
[20356 20441]
[20442 20558]
[20559 20659]
[20660 20792]
[20793 20893]
[20894 20992]
[20993 21035]
[21036 21089]
[21090 21150]
[21151 21205]
[21206 21230]
[21231 21383]
[21384 21457]
[21458 21800]
[21801 21843]
[21844 21938]
[21939 22114]
[22115 22183]
[22184 22272]
[22273 22371]
[22372 22452]
[22453 22507]
[22508 22810]
[22811 22959]
[22960 23062]
[23063 23163]
[23164 23237]
[23238 23324]
[23325 23399]
[23400 23458]
[23459 23510]
[23511 23560]
[23561 23569]
[23570 24025]
[24026 24117]
[24118 24228]
[24229 24269]
[24270 24302]
[24303 24338]
[24339 24426]
[24427 24637]
[24638 24666]
[24667 24697]
[24698 24723]
[24724 24809]
[24810 24988]
[24990 25105]
[25106 25172]
[25173 25203]
[25204 25394]
[25395 25448]
[25449 25543]
[25544 25632]
[25633 25642]
[25643 25972]
[25973 26128]
[26129 26190]
[26191 26272]
[26273 26373]
[26374 26529]
[26530 26620]
[26621 26695]
[26696 26763]
[26764 26862]
[26863 26900]
[26901 26988]
[26989 27036]
[27037 27428]
[27429 27529]
