[ 0 36]
[ 37 341]
[342 457]
[458 487]
[488 522]
[523 548]
[549 572]
[573 607]
[608 646]
[647 709]
[710 745]
[746 853]
[ 854 1300]
[1301 1526]
[1527 1621]
[1622 1721]
[1722 1828]
[1829 1928]
[1929 2016]
[2017 2086]
[2087 2175]
[2176 2266]
[2267 2345]
[2346 2432]
[2433 2514]
[2515 2581]
[2582 2637]
[2638 2750]
[2751 2782]
[2783 3290]
[3291 3329]
[3330 3364]
[3365 3455]
[3456 3561]
[3562 3619]
[3620 3682]
[3683 3743]
[3744 3807]
[3808 3856]
[3857 3896]
[3897 3939]
[3940 3981]
[3982 4251]
[4252 4294]
[4295 4338]
[4339 4380]
[4381 4430]
[4431 4480]
[4481 4527]
[4528 4553]
[4554 4739]
[4740 4795]
[4796 4934]
[4935 4979]
[4980 5036]
[5037 5101]
[5102 5162]
[5163 5219]
[5220 5289]
[5290 5343]
[5344 5381]
[5382 5421]
[5422 5474]
[5475 5669]
[5670 5840]
[5841 5884]
[5885 5944]
[5945 5996]
[5997 6030]
[6031 6130]
[6131 6498]
[6499 6538]
[6539 6578]
[6579 6617]
[6618 6679]
[6680 6711]
[6712 6744]
[6745 6788]
[6789 6842]
[6843 6949]
[6950 6991]
[6992 7020]
[7021 7044]
[7045 7065]
[7066 7118]
[7119 7146]
[7147 7191]
[7192 7213]
[7214 7246]
[7247 7275]
[7276 7306]
[7307 7347]
[7348 7389]
[7390 7495]
[7496 7536]
[7537 7559]
[7560 7599]
[7600 7630]
[7631 7643]
[7644 7673]
[7674 7708]
[7710 7748]
[7749 7774]
[7775 7819]
[7821 7867]
[7868 7919]
[7920 7993]
[7994 8455]
[8456 8545]
[8546 8605]
[8606 8713]
[8714 8771]
[8772 8790]
[8791 8826]
[8827 8861]
[8862 8989]
[8990 9041]
[9042 9090]
[9091 9137]
[9138 9192]
[9193 9271]
[9272 9315]
[9316 9375]
[9376 9470]
[9471 9606]
[9607 9644]
[9645 9656]
[9657 9709]
[9710 9765]
[9766 9833]
[9834 9906]
[9907 9943]
[9944 9950]
[9951 9985]
[ 9986 10292]
[10293 10404]
[10405 10514]
[10515 10598]
[10599 10708]
[10709 10832]
[10833 10959]
[10960 11044]
[11045 11144]
[11145 11273]
[11274 11377]
[11378 11455]
[11456 11787]
[11788 11859]
[11860 11931]
[11932 12022]
[12023 12066]
[12067 12136]
[12137 12190]
[12191 12243]
[12244 12286]
[12287 12336]
[12337 12397]
[12398 12424]
[12425 12447]
[12448 12493]
[12494 12532]
[12533 12583]
[12584 12631]
[12632 12669]
[12670 12795]
[12796 12888]
[12889 12947]
[12948 13301]
[13302 13359]
[13360 13407]
[13408 13453]
[13454 13500]
[13501 13548]
[13549 13616]
[13617 13644]
[13645 13689]
[13690 13753]
[13754 13905]
[13906 14010]
[14011 14060]
[14061 14316]
[14317 14442]
[14443 14499]
[14500 14544]
[14545 14589]
[14590 14675]
[14676 14719]
[14720 14758]
[14759 14799]
[14800 14818]
[14819 14868]
[14869 14923]
[14924 14962]
[14963 15030]
[15031 15138]
[15139 15184]
[15185 15224]
[15225 15291]
[15292 15628]
[15629 15708]
[15709 15767]
[15768 15849]
[15850 15905]
[15906 16074]
[16075 16129]
[16130 16198]
[16199 16259]
[16260 16340]
[16341 16595]
[16596 16709]
[16710 16796]
[16797 16868]
[16869 17002]
[17003 17067]
[17068 17140]
[17141 17200]
[17201 17455]
[17456 17506]
[17507 17554]
[17555 17706]
[17707 17766]
[17767 17810]
[17811 18104]
[18105 18188]
[18189 18306]
[18307 18360]
[18361 18759]
[18760 18812]
[18813 18864]
[18865 18934]
[18935 19018]
[19019 19162]
[19163 19230]
[19231 19298]
[19299 19384]
[19385 19448]
[19449 19590]
[19591 19632]
[19633 19810]
[19811 19868]
[19869 19931]
[19932 20006]
[20007 20101]
[20102 20159]
[20160 20228]
[20229 20298]
[20299 20344]
[20345 20597]
[20598 20885]
[20886 20957]
[20958 21016]
[21017 21078]
[21079 21155]
[21156 21212]
[21213 21298]
[21299 21358]
[21359 21447]
[21448 21487]
[21488 21552]
[21553 21616]
[21617 21680]
[21681 21759]
[21760 21823]
[21824 21990]
[21991 22040]
[22041 22313]
[22314 22436]
[22437 22553]
[22554 22893]
[22894 23053]
[23054 23113]
[23114 23367]
[23368 23649]
[23650 23739]
[23740 24059]
[24060 24140]
[24141 24411]
[24412 24484]
[24485 24556]
[24557 24617]
[24618 24651]
[24652 24681]
[24682 24722]
[24723 25174]
[25175 25466]
[25467 25575]
[25576 25675]
[25676 25775]
[25776 25875]
[25876 25975]
[25976 26075]
[26076 26175]
[26176 26275]
[26276 26286]
[26288 26624]
[26625 26723]
