[ 0 22]
[ 23 339]
[340 396]
[397 430]
[431 455]
[456 499]
[500 523]
[524 545]
[546 565]
[566 586]
[587 607]
[608 627]
[628 644]
[645 829]
[ 830 1330]
[1331 1412]
[1413 1566]
[1567 1626]
[1627 1697]
[1698 1776]
[1777 1840]
[1841 1952]
[1953 2171]
[2172 2306]
[2307 2443]
[2444 2504]
[2505 2547]
[2548 2597]
[2598 2670]
[2671 2757]
[2758 2828]
[2829 2876]
[2877 3248]
[3249 3298]
[3299 3375]
[3376 3477]
[3478 3544]
[3545 3712]
[3713 3849]
[3850 3900]
[3901 3994]
[3995 4048]
[4049 4103]
[4104 4276]
[4277 4324]
[4325 4396]
[4397 4460]
[4461 4534]
[4535 4561]
[4562 4625]
[4626 4690]
[4691 4724]
[4725 4760]
[4761 5196]
[5197 5289]
[5290 5353]
[5354 5434]
[5435 5511]
[5512 5564]
[5565 5642]
[5643 5702]
[5703 5765]
[5766 5874]
[5875 5921]
[5922 6008]
[6009 6190]
[6191 6246]
[6247 6293]
[6294 6643]
[6644 6746]
[6747 6797]
[6798 6868]
[6869 6926]
[6927 6977]
[6978 7032]
[7033 7069]
[7070 7104]
[7105 7151]
[7152 7246]
[7247 7315]
[7316 7379]
[7380 7471]
[7472 7689]
[7690 7732]
[7733 7780]
[7781 7831]
[7832 7879]
[7880 7950]
[7951 8036]
[8037 8089]
[8090 8149]
[8150 8673]
[8674 8732]
[8733 8796]
[8797 8858]
[8859 8928]
[8929 9007]
[9008 9026]
[9027 9071]
[9072 9136]
[9137 9184]
[9185 9213]
[9214 9260]
[9261 9345]
[9346 9381]
[9382 9467]
[9468 9508]
[9509 9537]
[9538 9664]
[9665 9811]
[9812 9885]
[9886 9940]
[9941 9993]
[ 9994 10082]
[10083 10153]
[10154 10218]
[10219 10394]
[10395 10474]
[10475 10567]
[10568 10721]
[10722 10833]
[10834 10894]
[10895 10983]
[10984 11039]
[11040 11087]
[11088 11124]
[11125 11166]
[11167 11219]
[11220 11286]
[11287 11321]
[11322 11351]
[11352 11390]
[11391 11472]
[11473 11787]
[11788 11895]
[11896 12004]
[12005 12153]
[12154 12254]
[12255 12300]
[12301 12397]
[12398 12417]
[12418 12610]
[12611 12697]
[12698 13031]
[13032 13093]
[13094 13352]
[13353 13632]
[13633 13726]
[13727 13763]
[13764 13847]
[13848 13914]
[13915 13969]
[13970 14023]
[14024 14072]
[14073 14132]
[14133 14193]
[14194 14247]
[14248 14294]
[14295 14342]
[14343 14382]
[14383 14431]
[14432 14487]
[14488 14546]
[14547 14593]
[14594 14628]
[14629 14961]
[14963 15193]
[15194 15255]
[15256 15317]
[15318 15339]
[15340 15415]
[15416 15468]
[15469 15543]
[15544 15620]
[15621 15730]
[15731 15776]
[15777 15838]
[15839 15902]
[15903 15942]
[15943 16021]
[16022 16068]
[16069 16141]
[16142 16185]
[16186 16217]
[16218 16518]
[16519 16635]
[16636 16701]
[16702 16742]
[16743 16883]
[16884 17016]
[17017 17172]
[17173 17239]
[17240 17308]
[17309 17356]
[17357 17415]
[17416 17541]
[17542 17611]
[17612 17631]
[17632 17697]
[17698 17781]
[17783 18045]
[18046 18167]
[18168 18242]
[18243 18283]
[18284 18352]
[18353 18430]
[18431 18476]
[18477 18501]
[18502 18528]
[18529 18562]
[18563 18597]
[18598 18689]
[18690 18789]
[18790 18923]
[18924 18970]
[18971 19005]
[19006 19361]
[19362 19520]
[19522 19643]
[19644 19908]
[19909 20036]
[20038 20160]
[20161 20261]
[20262 20474]
[20475 20563]
[20564 20643]
[20644 20680]
[20681 20756]
[20757 20831]
[20832 20897]
[20898 20991]
[20992 21026]
[21027 21067]
[21068 21105]
[21106 21128]
[21129 21144]
[21145 21414]
[21415 21503]
[21504 21554]
[21555 21722]
[21723 21770]
[21771 21821]
[21822 21918]
[21919 22022]
[22023 22046]
[22047 22104]
[22105 22216]
[22217 22332]
[22333 22401]
[22402 22627]
[22628 22729]
[22730 22791]
[22792 22849]
[22850 22936]
[22937 23050]
[23051 23138]
[23139 23164]
[23165 23198]
[23199 23239]
[23240 23586]
[23587 23813]
[23814 24011]
[24012 24116]
[24117 24227]
[24228 24303]
[24304 24414]
[24415 24442]
[24443 24495]
[24496 24532]
[24533 24570]
[24571 24622]
[24623 24674]
[24675 24710]
[24711 24748]
[24749 24841]
[24842 24894]
[24895 24953]
[24954 25038]
[25039 25085]
[25086 25127]
[25128 25314]
[25315 25491]
[25492 25548]
[25549 25592]
[25593 25632]
[25633 25670]
[25671 25709]
[25710 25748]
[25749 25770]
[25771 26256]
[26257 26336]
[26337 26379]
[26380 26416]
[26417 26469]
[26470 26820]
[26821 26871]
[26872 26922]
[26923 26983]
[26984 27054]
[27055 27101]
[27102 27151]
[27152 27207]
[27208 27282]
[27283 27511]
[27512 27774]
[27775 28890]
[28891 28953]
[28954 28986]
[28987 29033]
[29034 29091]
[29092 29150]
[29151 29213]
[29214 29257]
[29258 29348]
[29349 29479]
[29480 29538]
[29539 29670]
[29671 29742]
[29743 30155]
[30156 30291]
