[ 0 34]
[ 35 359]
[360 415]
[416 451]
[452 481]
[482 509]
[510 542]
[543 573]
[574 638]
[639 665]
[666 791]
[792 823]
[824 854]
[855 884]
[885 914]
[ 915 1005]
[1006 1303]
[1304 1343]
[1344 1424]
[1425 1497]
[1498 1542]
[1543 1708]
[1709 1948]
[1949 2003]
[2004 2052]
[2053 2099]
[2100 2149]
[2150 2238]
[2239 2366]
[2367 2448]
[2449 2500]
[2501 2544]
[2545 2603]
[2604 2651]
[2652 2705]
[2706 2746]
[2747 3300]
[3301 3337]
[3338 3394]
[3395 3457]
[3458 3506]
[3507 3590]
[3591 3780]
[3781 3846]
[3847 3886]
[3887 3976]
[3977 4013]
[4014 4091]
[4092 4135]
[4136 4201]
[4202 4318]
[4319 4360]
[4361 4449]
[4450 4494]
[4495 4535]
[4536 4550]
[4551 4605]
[4606 5040]
[5041 5108]
[5109 5156]
[5157 5207]
[5208 5255]
[5256 5321]
[5322 5376]
[5377 5427]
[5428 5491]
[5492 5573]
[5574 5660]
[5661 5693]
[5694 5723]
[5724 5796]
[5797 5821]
[5822 5841]
[5842 5907]
[5908 5995]
[5996 6075]
[6076 6170]
[6171 6253]
[6254 6352]
[6353 6428]
[6429 6518]
[6519 6576]
[6577 6966]
[6967 7186]
[7187 7428]
[7429 7681]
[7682 7752]
[7753 7799]
[7800 7862]
[7863 7921]
[7922 8178]
[8179 8238]
[8239 8293]
[8294 8382]
[8383 8471]
[8472 8841]
[8842 8914]
[8915 8992]
[8993 9186]
[9187 9269]
[9270 9357]
[9358 9437]
[9438 9502]
[9503 9648]
[9649 9737]
[9738 9837]
[9838 9937]
[9938 9988]
[ 9989 10058]
[10059 10102]
[10103 10147]
[10148 10190]
[10191 10238]
[10239 10255]
[10256 10320]
[10321 10369]
[10370 10499]
[10500 10766]
[10767 10838]
[10839 10928]
[10929 11061]
[11062 11126]
[11127 11221]
[11222 11310]
[11311 11407]
[11408 11467]
[11468 11535]
[11536 11636]
[11637 11729]
[11730 11895]
[11896 12042]
[12043 12252]
[12254 12383]
[12384 12575]
[12576 12680]
[12681 12732]
[12733 12782]
[12783 12827]
[12828 12874]
[12875 12882]
[12883 13018]
[13019 13051]
[13052 13134]
[13136 13225]
[13226 13257]
[13258 13298]
[13299 13350]
[13351 13420]
[13421 13468]
[13469 13524]
[13525 13575]
[13576 13880]
[13881 13966]
[13967 14100]
[14101 14128]
[14129 14181]
[14182 14245]
[14246 14328]
[14329 14371]
[14372 14411]
[14412 14563]
[14564 14609]
[14610 14633]
[14634 14683]
[14684 14720]
[14721 14766]
[14767 14858]
[14859 14915]
[14916 14964]
[14965 15006]
[15007 15081]
[15082 15181]
[15182 15270]
[15271 15330]
[15331 15390]
[15391 15811]
[15812 15870]
[15871 15947]
[15948 16015]
[16016 16149]
[16150 16217]
[16218 16305]
[16306 16336]
[16337 16365]
[16366 16445]
[16446 16533]
[16534 16656]
[16657 16722]
[16723 16775]
[16776 16836]
[16837 16916]
[16917 17014]
[17015 17105]
[17106 17372]
[17373 17434]
[17435 17496]
[17497 17555]
[17556 17629]
[17630 17691]
[17692 17749]
[17750 17820]
[17821 18029]
[18030 18125]
[18126 18250]
[18251 18366]
[18367 18467]
[18468 18566]
[18567 18712]
[18713 18850]
[18851 18857]
[18858 18922]
[18923 18971]
[18972 19139]
[19140 19233]
[19234 19279]
[19280 19385]
[19386 19511]
[19512 19566]
[19567 19608]
[19609 19635]
[19636 19744]
[19745 19787]
[19788 19829]
[19830 19859]
[19860 19894]
[19895 19965]
[19966 20561]
[20562 20640]
[20641 20678]
[20679 20733]
[20734 20782]
[20783 20811]
[20812 20858]
[20859 20929]
[20930 20963]
[20964 21060]
[21061 21095]
[21096 21135]
[21136 21200]
[21201 21283]
[21284 21391]
[21392 21469]
[21470 21523]
[21524 21558]
[21559 21688]
[21689 21764]
[21765 21811]
[21812 21887]
[21888 21944]
[21945 21985]
[21986 22257]
[22258 22343]
[22344 22372]
[22373 22410]
[22411 22453]
[22454 22501]
[22502 22800]
[22801 22862]
[22863 22893]
[22894 22930]
[22931 22957]
[22958 22996]
[22997 23072]
[23073 23181]
[23182 23242]
[23243 23313]
[23314 23352]
[23353 23410]
[23411 23811]
[23812 23897]
[23898 23937]
[23938 24001]
[24002 24154]
[24155 24281]
[24282 24556]
[24557 24686]
[24687 24836]
[24837 24928]
[24929 25214]
[25215 25293]
[25294 25423]
[25424 25474]
[25475 25558]
[25559 25671]
[25672 25797]
[25798 25884]
[25885 25930]
[25931 25989]
[25990 26032]
[26033 26070]
[26071 26110]
[26111 26415]
[26416 26919]
[26920 26996]
[26997 27048]
[27049 27322]
[27323 27451]
[27452 27528]
[27529 27606]
[27607 27759]
[27760 27937]
[27938 28211]
[28212 28511]
[28512 28569]
[28570 28575]
[28576 28653]
[28654 28713]
[28714 28775]
[28776 28824]
[28825 28871]
[28872 28929]
[28930 28987]
[28988 29040]
[29041 29354]
[29355 29415]
[29416 29450]
[29451 29531]
[29532 29582]
[29583 29648]
[29649 29695]
[29696 29743]
[29744 29796]
[29797 29863]
[29864 30075]
[30076 30143]
[30144 30192]
[30193 30259]
[30260 30316]
[30317 30371]
[30372 30433]
[30434 30485]
[30486 30547]
[30548 30553]
[30554 30904]
[30905 30997]
