[ 0 42]
[ 43 316]
[317 373]
[374 418]
[419 465]
[466 500]
[501 542]
[543 587]
[588 624]
[625 669]
[670 707]
[708 749]
[750 793]
[794 833]
[834 870]
[871 951]
[ 952 1413]
[1414 1528]
[1529 1664]
[1665 1763]
[1764 1819]
[1820 1862]
[1863 1967]
[1968 2055]
[2056 2109]
[2110 2148]
[2149 2337]
[2338 2401]
[2402 2486]
[2487 2729]
[2730 2840]
[2841 2920]
[2921 3362]
[3363 3456]
[3457 3528]
[3529 3560]
[3561 3762]
[3763 3846]
[3847 4040]
[4041 4203]
[4204 4225]
[4226 4291]
[4292 4326]
[4327 4398]
[4399 4451]
[4452 4480]
[4481 4893]
[4894 4961]
[4962 5023]
[5024 5086]
[5087 5128]
[5130 5173]
[5174 5231]
[5232 5289]
[5290 5348]
[5349 5403]
[5404 5519]
[5520 5645]
[5646 5725]
[5726 5773]
[5774 5802]
[5803 5863]
[5864 5913]
[5914 5975]
[5976 6014]
[6015 6066]
[6067 6113]
[6114 6169]
[6170 6318]
[6319 6354]
[6355 6415]
[6416 6442]
[6443 6476]
[6477 6508]
[6509 6528]
[6529 6556]
[6557 6612]
[6613 6674]
[6675 6734]
[6735 6811]
[6812 6959]
[6960 7095]
[7096 7145]
[7146 7209]
[7210 7271]
[7272 7341]
[7342 7421]
[7422 7467]
[7468 7515]
[7516 7545]
[7546 7579]
[7580 7599]
[7600 8081]
[8082 8291]
[8292 8609]
[8610 8673]
[8674 8718]
[8719 8770]
[8771 8820]
[8821 8894]
[8895 8958]
[8959 8994]
[8995 9027]
[9028 9100]
[9101 9196]
[9197 9242]
[9243 9294]
[9295 9385]
[9386 9430]
[9431 9465]
[9466 9503]
[9504 9547]
[9548 9615]
[9616 9704]
[9705 9769]
[9770 9814]
[9815 9859]
[9860 9915]
[ 9916 10485]
[10486 10589]
[10590 10693]
[10694 10797]
[10798 10901]
[10902 11263]
[11264 11644]
[11645 11695]
[11696 11742]
[11743 11783]
[11784 11824]
[11825 11889]
[11890 11930]
[11931 11990]
[11991 12085]
[12086 12506]
[12507 12563]
[12564 12613]
[12614 12675]
[12676 12728]
[12729 12779]
[12780 12909]
[12910 13053]
[13054 13140]
[13141 13276]
[13277 13338]
[13339 13410]
[13411 13506]
[13507 13568]
[13569 13639]
[13640 13695]
[13696 13759]
[13760 13817]
[13818 14105]
[14106 14150]
[14151 14268]
[14269 14313]
[14314 14385]
[14386 14587]
[14588 14674]
[14675 14732]
[14733 14804]
[14805 14842]
[14843 14878]
[14879 14915]
[14916 14971]
[14972 15100]
[15101 15170]
[15171 15313]
[15314 15466]
[15467 15706]
[15707 15770]
[15771 15865]
[15866 15945]
[15946 16205]
[16206 16277]
[16278 16351]
[16352 16579]
[16580 16699]
[16700 16816]
[16817 16934]
[16935 17035]
[17036 17135]
[17136 17643]
[17644 17745]
[17746 17786]
[17787 17850]
[17851 17910]
[17911 17960]
[17961 18008]
[18009 18105]
[18106 18187]
[18188 18295]
[18296 18407]
[18408 18438]
[18439 18479]
[18480 18507]
[18508 18557]
[18558 18645]
[18646 18701]
[18702 18854]
[18855 18924]
[18925 19283]
[19284 19434]
[19436 19559]
[19561 19679]
[19681 19803]
[19804 19877]
[19878 19916]
[19917 19944]
[19945 20008]
[20009 20035]
[20036 20097]
[20099 20171]
[20173 20308]
[20309 20366]
[20367 20405]
[20406 20452]
[20453 20488]
[20489 20546]
[20547 20591]
[20592 20631]
[20632 20670]
[20671 20740]
[20741 21204]
[21205 21278]
[21279 21359]
[21360 21539]
[21540 21618]
[21619 21703]
[21704 21760]
[21761 21817]
[21818 21884]
[21885 21951]
[21952 22012]
[22013 22047]
[22048 22297]
[22298 22423]
[22424 22501]
[22502 22732]
[22733 22806]
[22807 22941]
[22942 23105]
[23106 23562]
[23563 23645]
[23646 23718]
[23719 23804]
[23805 23872]
[23873 23951]
[23952 24005]
[24006 24087]
[24088 24161]
[24162 24242]
[24243 24318]
[24319 24474]
[24475 24547]
[24548 24616]
[24617 24657]
[24658 24913]
[24914 25096]
[25097 25246]
[25247 25623]
[25624 25722]
[25723 25820]
[25821 26049]
[26050 26187]
[26188 26245]
[26246 26294]
[26295 26351]
[26352 26420]
[26421 26484]
[26485 26564]
[26565 26629]
[26630 26687]
[26688 26763]
[26764 26834]
[26835 27072]
[27074 27396]
[27397 27642]
[27643 27962]
[27963 28077]
[28078 28236]
[28237 28444]
[28445 28530]
[28531 28626]
[28627 28807]
[28808 28887]
[28888 28993]
[28994 29046]
[29047 29151]
[29152 29351]
[29352 29360]
[29361 29424]
[29425 29658]
[29659 29946]
[29947 30015]
[30016 30123]
[30124 30236]
[30237 30386]
[30387 30690]
[30691 30773]
