[0 5]
[ 6 56]
[ 57 390]
[391 445]
[446 488]
[489 530]
[531 614]
[615 655]
[656 736]
[737 778]
[779 811]
[812 862]
[ 863 1163]
[1164 1230]
[1231 1301]
[1302 1378]
[1379 1451]
[1452 1525]
[1526 1583]
[1584 1631]
[1632 1680]
[1681 1748]
[1749 1797]
[1798 1861]
[1862 1925]
[1926 2010]
[2011 2040]
[2041 2123]
[2124 2160]
[2161 2538]
[2539 2585]
[2586 2643]
[2644 2702]
[2703 2792]
[2793 2857]
[2858 2890]
[2891 3049]
[3050 3094]
[3095 3150]
[3151 3234]
[3235 3297]
[3298 3354]
[3355 3398]
[3399 3455]
[3456 3505]
[3506 3564]
[3565 3587]
[3588 3624]
[3625 3654]
[3655 3685]
[3686 3745]
[3746 3839]
[3840 3900]
[3901 3945]
[3946 3970]
[3971 4007]
[4008 4072]
[4073 4354]
[4355 4398]
[4399 4440]
[4441 4485]
[4486 4536]
[4537 4591]
[4592 4646]
[4647 4701]
[4702 4753]
[4754 4795]
[4796 4829]
[4830 4909]
[4910 4962]
[4963 5603]
[5604 5816]
[5817 5897]
[5898 5946]
[5947 6015]
[6016 6100]
[6101 6209]
[6210 6269]
[6270 6342]
[6343 6386]
[6387 6443]
[6444 6500]
[6501 6569]
[6570 6621]
[6622 6707]
[6708 6759]
[6760 6967]
[6968 7043]
[7044 7212]
[7213 7679]
[7680 7752]
[7753 7842]
[7843 7902]
[7903 8087]
[8088 8214]
[8215 8360]
[8361 8487]
[8488 8607]
[8608 8741]
[8742 8790]
[8791 8816]
[8817 8869]
[8870 8914]
[8915 8971]
[8972 9043]
[9044 9154]
[9155 9210]
[9211 9254]
[9255 9289]
[9290 9654]
[9655 9764]
[ 9766 10065]
[10066 10125]
[10127 10308]
[10309 10387]
[10388 10478]
[10480 10738]
[10739 10826]
[10827 10914]
[10915 11080]
[11081 11107]
[11108 11137]
[11138 11161]
[11162 11229]
[11230 11264]
[11265 11291]
[11292 11327]
[11328 11418]
[11419 11530]
[11531 11600]
[11601 11673]
[11674 11711]
[11712 11769]
[11770 11824]
[11825 11871]
[11872 11902]
[11903 11963]
[11964 12011]
[12012 12060]
[12061 12091]
[12092 12143]
[12144 12186]
[12187 12207]
[12208 12228]
[12229 12269]
[12270 12314]
[12315 12404]
[12405 12708]
[12709 12788]
[12789 13133]
[13134 13417]
[13418 13497]
[13498 13723]
[13724 14219]
[14220 14267]
[14268 14335]
[14336 14419]
[14420 14469]
[14470 14517]
[14518 14562]
[14563 14680]
[14681 14752]
[14753 14806]
[14807 14883]
[14884 14962]
[14963 15058]
[15059 15136]
[15137 15193]
[15194 15266]
[15267 15338]
[15339 15381]
[15382 15415]
[15416 15461]
[15462 15526]
[15527 15574]
[15575 15868]
[15869 16028]
[16029 16138]
[16139 16172]
[16173 16259]
[16260 16315]
[16316 16394]
[16395 16478]
[16479 16603]
[16604 16690]
[16691 16761]
[16762 16955]
[16956 17099]
[17100 17405]
[17406 17535]
[17536 17691]
[17692 17881]
[17882 18070]
[18071 18248]
[18249 18433]
[18434 18739]
[18740 18749]
[18750 18775]
[18776 18797]
[18798 18842]
[18843 18855]
[18856 18869]
[18870 18882]
[18883 18892]
[18893 18907]
[18908 18918]
[18919 18932]
[18933 18944]
[18945 18956]
[18957 18972]
[18973 18988]
[18989 19014]
[19015 19030]
[19031 19044]
[19045 19056]
[19057 19082]
[19083 19104]
[19105 19116]
[19117 19156]
[19157 19167]
[19168 19198]
[19199 19220]
[19221 19233]
[19234 19248]
[19249 19283]
[19284 19293]
[19294 19344]
[19345 19356]
[19357 19370]
[19371 19425]
[19426 19438]
[19439 19453]
[19454 19484]
[19485 19517]
[19518 19852]
[19853 19901]
[19902 19969]
[19970 19990]
[19991 20064]
[20065 20120]
[20121 20174]
[20175 20260]
[20261 20329]
[20330 20375]
[20376 20441]
[20442 20516]
[20517 20596]
[20597 20665]
[20666 20728]
[20729 20769]
[20770 20810]
[20811 20859]
[20860 20929]
[20930 21109]
[21110 21445]
[21446 21534]
[21535 21612]
[21613 21637]
[21638 21673]
[21674 21680]
[21681 21738]
[21739 21796]
[21797 21876]
[21877 21944]
[21945 22022]
[22023 22103]
[22104 22162]
[22163 22218]
[22219 22357]
[22358 22441]
[22442 22501]
[22502 22590]
[22591 22768]
[22769 22817]
[22818 22855]
[22856 22904]
[22905 22945]
[22946 22997]
[22998 23129]
[23130 23265]
[23266 23593]
[23594 23631]
[23632 23694]
[23695 23742]
[23743 23822]
[23823 23910]
[23911 23925]
[23926 24137]
[24139 24205]
[24206 24544]
[24545 24596]
[24597 24650]
[24651 24707]
[24708 24743]
[24744 24843]
[24844 24889]
[24890 25010]
[25011 25056]
[25057 25150]
[25151 25312]
[25313 25485]
[25486 25508]
[25509 25783]
[25784 25853]
[25854 25900]
[25901 25949]
[25950 25992]
[25993 26030]
[26031 26079]
[26080 26110]
[26111 26166]
[26167 26233]
[26234 26277]
[26278 26315]
[26316 26368]
[26369 26412]
[26413 26468]
[26469 26518]
[26519 26570]
[26571 26629]
[26630 26663]
[26664 26705]
[26706 26957]
[26958 27030]
[27031 27068]
[27069 27132]
[27133 27185]
[27186 27255]
[27256 27366]
[27367 27413]
[27414 27460]
[27461 27524]
[27525 27656]
[27657 27698]
[27699 27737]
[27738 27788]
[27789 28117]
[28118 28312]
[28313 28419]
[28420 28529]
[28530 28612]
[28613 28688]
[28689 28761]
[28762 28804]
[28805 28849]
[28850 28897]
[28898 28955]
[28956 29011]
[29012 29081]
[29082 29360]
[29361 29496]
[29497 29664]
[29665 29722]
[29723 29809]
[29810 29969]
[29970 30073]
[30074 30234]
[30235 30272]
[30273 30327]
[30328 30381]
[30382 30430]
[30431 30493]
[30494 30633]
[30634 30668]
[30669 30706]
[30707 30757]
[30758 30812]
[30813 30857]
[30858 30899]
[30900 30957]
[30958 31005]
[31006 31086]
[31087 31143]
[31144 31230]
[31231 31255]
[31256 31404]
[31405 31444]
[31445 31610]
[31611 31759]
[31760 32058]
[32059 32162]
[32163 32259]
[32261 32435]
[32436 32507]
[32508 32648]
[32649 32769]
[32770 32877]
[32878 32983]
[32984 33418]
[33419 33514]
