[ 0 21]
[ 22 328]
[329 380]
[381 416]
[417 446]
[447 474]
[475 507]
[508 543]
[544 573]
[574 601]
[602 631]
[632 664]
[665 695]
[696 726]
[727 756]
[757 788]
[789 819]
[820 849]
[850 955]
[ 956 1395]
[1396 1439]
[1440 1480]
[1481 1723]
[1724 1771]
[1772 1820]
[1821 1866]
[1867 1908]
[1909 1976]
[1977 2021]
[2022 2135]
[2136 2165]
[2166 2227]
[2228 2269]
[2270 2315]
[2316 2448]
[2449 2479]
[2480 2508]
[2509 2548]
[2549 2595]
[2596 2630]
[2631 2727]
[2728 2733]
[2734 2786]
[2787 2817]
[2818 2824]
[2825 2878]
[2879 3443]
[3444 3503]
[3504 3555]
[3556 3604]
[3605 3801]
[3802 3890]
[3891 4007]
[4008 4065]
[4066 4098]
[4099 4141]
[4142 4187]
[4188 4221]
[4222 4251]
[4252 4313]
[4314 4386]
[4387 4413]
[4414 4487]
[4488 4550]
[4551 4597]
[4598 4663]
[4664 4701]
[4702 4745]
[4746 4782]
[4783 4839]
[4840 5410]
[5411 5439]
[5440 5491]
[5492 5532]
[5533 5573]
[5574 5642]
[5643 5696]
[5697 5737]
[5738 5770]
[5771 5819]
[5820 5845]
[5846 5900]
[5901 5936]
[5937 5983]
[5984 6029]
[6030 6065]
[6066 6093]
[6094 6154]
[6155 6203]
[6204 6247]
[6248 6305]
[6306 6329]
[6330 6370]
[6371 6398]
[6399 6514]
[6515 6582]
[6583 6622]
[6623 6766]
[6767 6816]
[6817 6850]
[6851 6925]
[6926 7442]
[7443 7515]
[7516 7574]
[7575 7675]
[7676 7710]
[7711 7761]
[7762 7802]
[7803 7851]
[7852 7912]
[7913 7999]
[8000 8047]
[8048 8116]
[8117 8232]
[8233 8294]
[8295 8379]
[8380 8502]
[8503 8540]
[8541 8584]
[8585 8624]
[8625 8661]
[8662 8696]
[8697 8763]
[8764 8824]
[8825 8914]
[8915 9424]
[9425 9580]
[9581 9633]
[9634 9699]
[9700 9716]
[9717 9755]
[9756 9793]
[9794 9812]
[9813 9843]
[ 9844 10068]
[10069 10125]
[10126 10175]
[10176 10237]
[10238 10307]
[10308 10387]
[10388 10443]
[10444 10496]
[10497 10539]
[10540 10615]
[10616 10681]
[10682 10731]
[10732 10804]
[10805 10869]
[10870 10908]
[10909 10937]
[10938 11143]
[11144 11175]
[11176 11258]
[11259 11339]
[11340 11521]
[11522 11736]
[11737 12089]
[12090 12241]
[12242 12435]
[12436 12522]
[12523 12586]
[12587 12651]
[12652 12715]
[12716 12787]
[12788 12845]
[12846 12917]
[12918 12987]
[12988 13040]
[13041 13084]
[13085 13129]
[13130 13220]
[13221 13269]
[13270 13316]
[13317 13359]
[13360 13396]
[13397 13478]
[13479 13756]
[13757 13826]
[13827 13908]
[13909 14003]
[14004 14164]
[14165 14416]
[14417 14627]
[14628 14754]
[14755 14908]
[14909 15049]
[15050 15418]
[15419 15669]
[15670 15865]
[15866 16101]
[16102 16212]
[16213 16327]
[16328 16434]
[16435 16539]
[16540 16660]
[16661 16896]
[16897 16942]
[16943 16994]
[16995 17039]
[17040 17108]
[17109 17176]
[17177 17220]
[17221 17251]
[17252 17345]
[17346 17400]
[17401 17453]
[17454 17501]
[17502 17597]
[17598 17684]
[17685 17736]
[17737 17778]
[17779 17825]
[17826 18172]
[18173 18218]
[18219 18278]
[18279 18332]
[18333 18416]
[18417 18504]
[18505 18538]
[18539 18594]
[18595 18659]
[18660 18763]
[18764 18978]
[18979 19023]
[19024 19091]
[19092 19173]
[19174 19246]
[19247 19385]
[19386 19715]
[19716 19740]
[19741 19781]
[19782 19871]
[19872 19928]
[19929 19985]
[19986 20057]
[20058 20125]
[20126 20213]
[20214 20308]
[20309 20393]
[20394 20463]
[20464 20554]
[20555 20665]
[20666 20721]
[20722 20765]
[20766 20810]
[20811 20853]
[20854 20901]
[20902 21040]
[21041 21070]
[21071 21164]
[21165 21421]
[21422 21597]
[21598 21677]
[21678 21798]
[21799 21928]
[21929 21971]
[21972 22244]
[22245 22372]
[22373 22436]
[22437 22497]
[22498 22768]
[22769 23214]
[23215 23330]
[23331 23412]
[23413 23510]
[23511 23581]
[23582 23699]
[23700 23786]
[23787 23872]
[23873 23979]
[23980 24103]
[24104 24602]
[24603 24713]
[24714 24830]
[24831 25120]
[25121 25358]
[25359 25487]
[25488 25683]
[25684 25745]
[25746 25781]
[25782 26162]
[26163 26356]
[26357 26456]
[26457 26572]
[26573 26611]
[26612 26669]
[26670 26768]
[26769 26827]
[26828 26888]
[26889 26944]
[26945 26988]
[26989 27059]
[27060 27089]
[27090 27128]
[27129 27164]
[27165 27213]
[27214 27256]
[27257 27508]
[27509 27779]
[27780 28053]
[28054 28178]
[28179 28303]
[28304 28428]
[28429 28553]
[28554 28678]
[28679 28796]
[28797 28936]
[28937 29039]
[29040 29231]
[29232 29293]
[29294 29330]
[29331 29495]
[29496 29546]
[29547 29633]
[29634 29730]
[29731 29847]
[29848 29931]
[29932 29987]
[29988 30027]
[30028 30106]
[30107 30222]
[30223 30281]
[30282 30407]
[30408 30474]
[30475 30809]
[30810 30957]
[30958 31173]
[31174 31338]
[31339 31480]
[31481 31506]
[31507 31684]
[31685 31949]
[31950 32443]
[32444 32515]
[32516 32587]
[32588 32644]
[32645 32736]
[32737 32802]
[32803 32860]
[32861 32929]
[32930 33058]
[33059 34664]
[34666 34756]
