[0 5]
[ 6 40]
[ 41 474]
[475 542]
[543 578]
[579 608]
[609 636]
[637 669]
[670 705]
[706 735]
[736 763]
[764 793]
[794 826]
[827 857]
[858 888]
[889 918]
[919 950]
[951 981]
[ 982 1011]
[1012 1056]
[1057 1122]
[1123 1658]
[1659 1697]
[1698 1723]
[1724 1764]
[1765 1793]
[1794 1830]
[1831 1868]
[1869 1904]
[1905 2121]
[2122 2171]
[2172 2200]
[2201 2231]
[2232 2270]
[2271 2320]
[2321 2376]
[2377 2393]
[2394 2532]
[2533 2565]
[2566 2594]
[2595 2620]
[2621 2645]
[2646 2678]
[2679 2724]
[2725 2772]
[2773 2813]
[2814 2849]
[2850 2887]
[2888 2927]
[2928 3018]
[3019 3095]
[3096 3119]
[3120 3145]
[3146 3201]
[3202 3230]
[3231 3269]
[3270 3336]
[3337 3415]
[3416 3467]
[3468 3547]
[3548 3620]
[3621 3693]
[3694 3778]
[3779 3905]
[3907 4240]
[4241 4305]
[4306 4402]
[4403 4492]
[4493 4541]
[4542 4631]
[4632 4666]
[4667 4766]
[4767 4834]
[4835 4869]
[4870 4918]
[4919 4971]
[4972 5011]
[5012 5393]
[5394 5450]
[5451 5538]
[5539 5617]
[5618 5662]
[5663 5737]
[5738 5779]
[5780 5832]
[5833 5924]
[5925 5957]
[5958 5995]
[5996 6030]
[6031 6081]
[6082 6117]
[6118 6170]
[6171 6196]
[6197 6219]
[6220 6262]
[6263 6290]
[6291 6317]
[6318 6342]
[6343 6760]
[6761 6796]
[6797 6821]
[6822 6858]
[6859 6935]
[6936 6998]
[6999 7064]
[7065 7132]
[7133 7265]
[7266 7306]
[7307 7348]
[7349 7389]
[7390 7854]
[7856 7977]
[7978 8043]
[8044 8101]
[8102 8136]
[8137 8210]
[8211 8249]
[8250 8349]
[8350 8384]
[8385 8533]
[8534 8644]
[8645 8736]
[8737 8828]
[8829 8879]
[8880 8940]
[8941 9003]
[9004 9073]
[9074 9092]
[9093 9424]
[9425 9497]
[9498 9546]
[9547 9625]
[9626 9746]
[9747 9870]
[9871 9911]
[9912 9979]
[ 9980 10057]
[10058 10160]
[10161 10685]
[10686 10744]
[10745 10795]
[10796 10847]
[10848 10891]
[10892 10933]
[10934 10960]
[10961 11021]
[11022 11070]
[11071 11119]
[11120 11168]
[11169 11213]
[11214 11258]
[11259 11309]
[11310 11390]
[11391 11486]
[11487 11538]
[11539 11589]
[11590 11641]
[11642 11683]
[11684 11743]
[11744 11792]
[11794 11857]
[11858 11901]
[11902 11946]
[11947 11989]
[11990 12037]
[12038 12086]
[12087 12133]
[12134 12176]
[12177 12213]
[12214 12299]
[12300 12936]
[12937 13136]
[13137 13232]
[13233 13273]
[13274 13338]
[13339 13378]
[13379 13416]
[13417 13456]
[13457 13487]
[13488 13561]
[13562 13660]
[13661 13786]
[13787 13912]
[13913 13975]
[13976 14442]
[14444 14599]
[14600 14640]
[14641 14690]
[14691 14739]
[14740 14839]
[14840 14871]
[14872 14902]
[14903 14934]
[14935 14964]
[14965 15004]
[15005 15287]
[15288 15366]
[15367 15413]
[15414 15446]
[15447 15528]
[15529 15566]
[15567 15980]
[15981 16036]
[16037 16089]
[16090 16189]
[16190 16367]
[16368 16442]
[16443 16514]
[16515 16790]
[16791 16910]
[16911 16978]
[16979 17089]
[17090 17276]
[17277 17376]
[17377 17718]
[17719 17774]
[17775 17815]
[17816 17857]
[17858 17891]
[17892 17935]
[17936 17973]
[17974 18008]
[18009 18063]
[18064 18105]
[18106 18145]
[18146 18201]
[18202 18238]
[18239 18275]
[18276 18323]
[18324 18369]
[18370 18419]
[18420 18449]
[18450 18775]
[18776 18824]
[18825 18870]
[18871 18922]
[18923 18960]
[18961 18991]
[18992 19026]
[19027 19093]
[19094 19148]
[19149 19179]
[19180 19214]
[19216 19368]
[19369 19706]
[19707 19769]
[19770 19820]
[19821 19878]
[19879 19929]
[19930 19979]
[19980 20029]
[20030 20081]
[20082 20127]
[20128 20176]
[20177 20232]
[20233 20331]
[20332 20379]
[20380 20426]
[20427 20461]
[20462 20503]
[20504 20544]
[20545 20578]
[20579 20621]
[20622 20673]
[20674 20727]
[20728 20811]
[20812 20912]
[20913 20967]
[20968 21011]
[21012 21056]
[21057 21099]
[21100 21147]
[21148 21286]
[21287 21409]
[21410 21834]
[21835 21905]
[21906 22039]
[22040 22122]
[22123 22202]
[22203 22279]
[22280 22355]
[22356 22424]
[22425 22483]
[22484 22557]
[22558 22610]
[22611 22687]
[22688 22754]
[22755 22827]
[22828 22902]
[22903 22944]
[22945 22998]
[22999 23019]
[23020 23461]
[23462 23523]
[23524 23558]
[23559 23583]
[23584 23728]
[23729 23841]
[23842 23882]
[23883 23928]
[23929 23996]
[23997 24054]
[24055 24140]
[24141 24198]
[24199 24295]
[24296 24359]
[24360 24463]
[24464 24511]
[24512 24551]
[24552 24626]
[24627 24650]
[24651 25070]
[25071 25220]
[25221 25353]
[25354 25509]
[25510 25663]
[25664 25786]
[25787 26075]
[26076 26147]
[26148 26222]
[26223 26297]
[26298 26372]
[26373 26447]
[26448 26523]
[26524 26597]
[26598 26672]
[26673 26747]
[26748 26818]
[26819 26890]
[26891 26953]
[26954 27006]
[27007 27275]
[27276 27610]
[27611 27780]
[27781 27822]
[27823 27948]
[27949 28054]
[28055 28451]
[28452 28647]
[28648 29083]
[29084 29273]
[29274 29559]
[29560 29913]
[29914 30021]
