[ 0 33]
[ 34 737]
[738 783]
[784 840]
[841 876]
[877 914]
[915 925]
[926 971]
[ 972 1035]
[1036 1072]
[1073 1118]
[1119 1158]
[1159 1214]
[1215 1720]
[1721 1761]
[1762 1789]
[1790 1822]
[1823 1871]
[1872 1949]
[1950 1964]
[1965 1987]
[1988 2026]
[2027 2050]
[2051 2130]
[2131 2204]
[2205 2289]
[2290 2427]
[2428 2739]
[2740 2801]
[2802 2859]
[2860 2955]
[2956 3041]
[3042 3187]
[3188 3250]
[3251 3336]
[3337 3719]
[3720 3773]
[3774 3823]
[3824 3873]
[3874 3916]
[3917 3954]
[3955 3992]
[3993 4137]
[4138 4210]
[4211 4246]
[4247 4329]
[4330 4425]
[4426 4497]
[4498 4533]
[4534 4744]
[4745 4779]
[4780 4822]
[4823 4862]
[4863 4932]
[4933 5206]
[5207 5308]
[5309 5682]
[5683 5757]
[5758 5814]
[5815 5874]
[5875 5933]
[5934 5975]
[5976 6003]
[6004 6191]
[6192 6252]
[6253 6307]
[6308 6339]
[6340 6369]
[6370 6397]
[6398 6460]
[6461 6484]
[6485 6545]
[6546 6602]
[6603 6646]
[6647 6833]
[6834 6871]
[6872 6941]
[6942 7010]
[7011 7084]
[7085 7114]
[7115 7152]
[7153 7496]
[7497 7652]
[7653 7740]
[7741 7792]
[7793 7861]
[7862 7975]
[7976 8026]
[8027 8029]
[8030 8089]
[8090 8130]
[8131 8220]
[8221 8285]
[8286 8382]
[8383 8465]
[8466 8542]
[8543 8599]
[8600 8654]
[8655 8683]
[8684 9086]
[9087 9310]
[9311 9416]
[9417 9540]
[9541 9663]
[9664 9784]
[9785 9886]
[ 9887 10002]
[10003 10135]
[10136 10212]
[10213 10521]
[10522 10569]
[10570 10617]
[10618 10704]
[10705 10779]
[10780 10901]
[10902 10979]
[10980 11055]
[11056 11159]
[11160 11295]
[11296 11388]
[11389 11469]
[11470 11566]
[11567 11614]
[11615 11644]
[11645 11761]
[11762 11803]
[11804 12258]
[12259 12318]
[12319 12419]
[12420 12461]
[12462 12495]
[12496 12551]
[12552 12639]
[12640 12757]
[12758 12804]
[12805 12876]
[12877 12981]
[12982 13059]
[13060 13123]
[13124 13191]
[13192 13255]
[13256 13301]
[13302 13364]
[13365 13413]
[13414 13505]
[13506 13575]
[13576 13673]
[13674 13717]
[13718 14007]
[14008 14096]
[14097 14139]
[14140 14165]
[14166 14310]
[14311 14344]
[14345 14380]
[14381 14437]
[14438 14449]
[14450 14559]
[14560 14625]
[14626 14693]
[14694 14721]
[14722 14753]
[14754 14834]
[14835 14856]
[14857 14921]
[14922 14961]
[14962 15003]
[15004 15040]
[15041 15100]
[15101 15135]
[15136 15194]
[15195 15235]
[15236 15287]
[15288 15303]
[15304 15390]
[15391 15421]
[15422 15463]
[15464 15909]
[15910 15973]
[15975 16036]
[16037 16073]
[16074 16181]
[16182 16288]
[16289 16374]
[16375 16513]
[16514 16608]
[16609 16694]
[16695 16774]
[16775 16826]
[16827 17161]
[17162 17218]
[17219 17269]
[17270 17311]
[17312 17364]
[17365 17447]
[17448 17537]
[17538 17605]
[17606 17681]
[17682 17729]
[17730 17786]
[17787 17832]
[17833 17922]
[17923 17971]
[17972 18044]
[18045 18070]
[18071 18126]
[18127 18168]
[18169 18571]
[18572 18692]
[18693 18797]
[18798 18883]
[18884 19007]
[19008 19096]
[19097 19185]
[19186 19268]
[19269 19341]
[19342 19392]
[19393 19448]
[19449 19514]
[19515 19560]
[19561 19629]
[19630 19674]
[19675 19886]
[19887 20247]
[20248 20380]
[20381 20424]
[20425 20504]
[20505 20620]
[20621 20660]
[20661 20723]
[20724 20797]
[20798 20874]
[20875 20933]
[20934 21043]
[21044 21104]
[21105 21156]
[21157 21492]
[21493 21767]
[21768 21913]
[21914 22012]
[22013 22108]
[22109 22209]
[22210 22272]
[22273 22319]
[22320 22364]
[22365 22401]
[22402 22453]
[22454 22874]
[22875 23444]
[23445 23677]
[23678 23951]
[23952 24069]
[24070 24225]
[24226 24538]
[24539 24560]
[24561 24617]
[24618 24669]
[24670 24718]
[24719 24826]
[24827 24888]
[24889 24900]
[24901 24930]
[24931 25056]
[25057 25172]
[25173 25216]
[25217 25272]
[25273 25349]
[25350 25441]
[25442 25781]
[25782 25901]
[25902 25950]
[25951 26127]
[26128 26205]
[26206 26326]
[26327 26497]
[26498 26579]
[26581 26596]
[26597 26698]
[26699 26747]
[26748 26923]
[26924 27262]
[27263 27306]
[27307 27350]
[27351 27391]
[27392 27430]
[27431 27460]
[27461 27502]
[27503 27551]
[27552 27595]
[27596 27639]
[27640 27686]
[27687 27733]
[27734 27794]
[27795 27840]
[27841 27873]
[27874 27922]
[27923 27958]
[27959 28008]
[28009 28042]
[28043 28104]
[28105 28127]
[28128 28227]
[28228 28286]
[28287 28307]
[28308 28336]
[28337 28366]
[28367 28800]
[28801 28853]
[28854 28913]
[28914 28965]
[28966 29023]
[29024 29113]
[29114 29316]
[29317 29394]
[29395 29470]
[29471 29608]
[29609 29759]
[29760 29929]
[29930 30114]
[30115 30185]
[30186 30238]
[30239 30738]
[30739 30831]
