[0 6]
[ 7 30]
[ 31 388]
[389 447]
[448 484]
[485 505]
[506 537]
[538 565]
[566 717]
[718 765]
[766 883]
[ 884 1425]
[1426 1461]
[1462 1482]
[1483 1536]
[1537 1580]
[1581 1632]
[1633 1776]
[1777 1797]
[1798 1864]
[1865 1981]
[1982 2005]
[2006 2051]
[2052 2110]
[2111 2156]
[2157 2193]
[2194 2401]
[2402 2449]
[2450 2470]
[2471 2512]
[2513 2545]
[2546 2613]
[2614 2685]
[2686 2772]
[2773 2812]
[2813 2858]
[2859 2908]
[2909 3482]
[3483 3524]
[3525 3570]
[3571 3605]
[3606 3675]
[3676 3730]
[3731 3783]
[3784 3965]
[3966 3995]
[3996 4036]
[4037 4081]
[4082 4116]
[4117 4169]
[4170 4230]
[4231 4270]
[4271 4455]
[4456 4544]
[4545 4604]
[4605 4722]
[4723 4741]
[4742 4799]
[4800 4860]
[4861 4915]
[4916 4976]
[4977 5026]
[5027 5090]
[5091 5458]
[5459 5572]
[5573 5635]
[5636 5698]
[5699 5747]
[5748 5797]
[5798 5859]
[5860 5943]
[5944 6004]
[6005 6045]
[6046 6128]
[6130 6254]
[6256 6379]
[6381 6491]
[6492 6547]
[6548 6604]
[6605 6627]
[6628 6678]
[6679 7110]
[7111 7248]
[7249 7325]
[7326 7429]
[7430 7482]
[7483 7580]
[7581 7650]
[7651 7728]
[7729 7838]
[7839 7925]
[7926 8006]
[8007 8086]
[8087 8167]
[8168 8220]
[8221 8305]
[8306 8819]
[8820 8900]
[8901 8986]
[8987 9046]
[9047 9099]
[9100 9185]
[9186 9233]
[9234 9315]
[9316 9396]
[9397 9495]
[9496 9591]
[9592 9655]
[9656 9688]
[9689 9769]
[ 9770 10131]
[10132 10311]
[10312 10386]
[10387 10449]
[10450 10991]
[10992 11641]
[11642 11783]
[11784 11908]
[11909 12031]
[12032 12166]
[12167 12487]
[12488 12536]
[12537 12571]
[12572 12603]
[12604 12627]
[12628 12673]
[12674 12711]
[12712 12735]
[12736 12760]
[12761 12976]
[12977 13151]
[13152 13228]
[13229 13276]
[13277 13306]
[13307 13362]
[13363 13392]
[13393 13422]
[13423 13468]
[13469 13508]
[13509 13545]
[13546 13574]
[13575 13605]
[13606 13870]
[13871 14198]
[14199 14437]
[14440 14443]
[14444 14715]
[14716 14818]
[14819 14924]
[14925 15042]
[15043 15254]
[15255 15337]
[15338 15416]
[15417 15488]
[15489 15555]
[15556 15640]
[15641 15725]
[15726 15817]
[15818 15936]
[15937 16000]
[16001 16066]
[16067 16141]
[16142 16235]
[16236 16725]
[16727 16824]
[16825 16958]
[16959 17304]
[17305 17382]
[17383 17450]
[17451 17546]
[17547 17639]
[17640 17683]
[17684 17715]
[17716 17766]
[17767 17808]
[17809 17841]
[17842 17893]
[17894 17953]
[17954 18002]
[18003 18268]
[18269 18362]
[18363 18641]
[18643 18775]
[18776 18850]
[18851 19051]
[19052 19252]
[19253 19359]
[19360 19404]
[19405 19440]
[19441 19752]
[19753 19867]
[19868 19916]
[19917 19966]
[19967 20044]
[20045 20475]
[20476 20570]
[20571 20637]
[20638 20693]
[20694 20811]
[20812 20870]
[20871 20918]
[20919 20993]
[20994 21187]
[21188 21252]
[21253 21366]
[21367 21444]
[21445 21503]
[21504 21540]
[21541 21603]
[21604 21683]
[21684 21735]
[21736 21761]
[21762 21789]
[21790 21821]
[21822 21946]
[21947 22135]
[22136 22383]
[22384 22441]
[22442 22551]
[22552 22610]
[22611 22624]
[22625 22681]
[22682 22728]
[22729 22827]
[22828 22890]
[22891 22992]
[22993 23017]
[23018 23074]
[23075 23462]
[23463 23528]
[23529 23603]
[23604 23675]
[23676 23744]
[23745 23811]
[23812 23886]
[23887 23937]
[23938 23980]
[23981 24047]
[24048 24121]
[24122 24177]
[24178 24236]
[24237 24303]
[24304 24584]
[24585 24685]
[24686 24762]
[24763 24896]
[24897 24933]
[24934 25030]
[25031 25162]
[25163 25216]
[25217 25251]
[25252 25327]
[25328 25359]
[25360 25624]
[25625 25701]
[25702 25750]
[25751 25777]
[25778 25843]
[25844 25942]
[25943 26043]
[26044 26085]
[26086 26136]
[26137 26212]
[26213 26222]
[26223 26255]
[26256 26313]
[26314 26526]
[26527 26586]
[26587 26617]
[26618 26650]
[26651 26678]
[26679 26716]
[26717 26754]
[26755 26855]
[26856 26900]
[26901 26936]
[26937 26979]
[26980 27067]
[27068 27112]
[27113 27192]
[27193 27213]
[27214 27292]
[27293 27362]
[27363 27403]
[27404 27435]
[27436 27482]
[27483 27722]
[27723 27884]
[27885 28081]
[28082 28290]
[28291 28595]
[28596 28929]
[28930 28981]
[28982 29010]
[29011 29038]
[29039 29066]
[29067 29162]
[29163 29209]
[29210 29237]
[29238 29289]
[29290 29337]
[29338 29389]
[29390 29512]
[29513 29549]
[29550 29563]
[29564 29628]
[29629 29661]
[29662 29700]
[29701 29728]
[29729 29767]
[29768 30147]
[30148 30187]
[30188 30235]
[30236 30292]
[30293 30345]
[30346 30395]
[30396 30448]
[30449 30494]
[30495 30548]
[30549 30644]
[30645 30697]
[30698 30755]
[30756 30882]
[30883 30979]
[30980 31115]
[31116 31202]
[31203 31248]
[31249 31402]
[31403 31510]
[31512 31561]
[31562 31659]
[31660 31906]
[31908 32000]
[32001 32109]
[32110 32201]
[32202 32298]
[32299 32365]
[32366 32452]
[32453 32490]
[32491 32864]
[32865 32956]
