[0 6]
[ 7 56]
[ 57 315]
[316 369]
[370 437]
[438 469]
[470 496]
[497 532]
[533 562]
[563 591]
[592 620]
[621 652]
[653 684]
[685 714]
[715 745]
[746 808]
[809 838]
[839 870]
[871 950]
[ 951 1166]
[1167 1244]
[1245 1268]
[1269 1301]
[1302 1347]
[1348 1396]
[1397 1419]
[1420 1488]
[1489 1546]
[1547 1613]
[1614 1694]
[1695 1755]
[1756 2372]
[2374 2415]
[2416 2467]
[2468 2529]
[2530 2577]
[2578 2615]
[2616 2652]
[2653 2722]
[2723 2769]
[2770 2840]
[2841 2985]
[2986 3068]
[3069 3175]
[3176 3318]
[3319 3358]
[3359 3392]
[3393 3477]
[3478 3531]
[3532 3661]
[3662 3744]
[3745 3857]
[3858 4146]
[4148 4176]
[4177 4225]
[4226 4254]
[4255 4291]
[4292 4354]
[4355 4391]
[4392 4418]
[4419 4441]
[4442 4473]
[4474 4498]
[4499 4524]
[4525 4554]
[4555 4586]
[4587 4616]
[4617 4693]
[4694 4713]
[4714 4754]
[4755 4782]
[4783 4829]
[4830 4872]
[4873 4905]
[4906 4933]
[4934 4951]
[4952 5001]
[5002 5026]
[5027 5067]
[5068 5518]
[5519 5564]
[5565 5588]
[5589 5628]
[5629 5675]
[5676 5702]
[5703 5748]
[5749 5788]
[5789 5845]
[5846 5976]
[5977 6019]
[6020 6052]
[6053 6100]
[6101 6150]
[6151 6285]
[6286 6338]
[6339 6379]
[6380 6461]
[6462 6509]
[6510 6554]
[6555 6622]
[6623 6674]
[6675 6731]
[6732 6849]
[6850 6910]
[6911 6958]
[6959 7017]
[7018 7089]
[7090 7451]
[7452 7498]
[7499 7564]
[7565 7622]
[7623 7684]
[7685 7778]
[7779 7841]
[7842 7925]
[7926 7994]
[7995 8029]
[8030 8074]
[8075 8094]
[8095 8130]
[8131 8218]
[8219 8300]
[8301 8405]
[8406 8462]
[8463 8579]
[8580 8656]
[8657 8770]
[8771 8820]
[8821 8840]
[8841 8904]
[8905 8941]
[8942 9003]
[9004 9113]
[9114 9142]
[9143 9189]
[9190 9244]
[9245 9291]
[9292 9393]
[9394 9488]
[ 9489 10008]
[10009 10124]
[10125 10192]
[10193 10259]
[10260 10310]
[10311 10360]
[10361 10425]
[10426 10483]
[10484 10566]
[10567 10629]
[10630 10678]
[10679 10743]
[10744 10792]
[10793 10849]
[10850 10918]
[10919 11007]
[11008 11064]
[11065 11114]
[11115 11149]
[11150 11174]
[11175 11218]
[11219 11250]
[11251 11275]
[11276 11313]
[11314 11352]
[11353 11380]
[11381 11413]
[11414 11478]
[11479 11552]
[11553 11898]
[11899 11991]
[11992 12083]
[12084 12154]
[12155 12246]
[12247 12314]
[12315 12498]
[12499 12597]
[12598 12741]
[12742 12785]
[12786 12830]
[12831 12873]
[12874 12921]
[12922 12970]
[12971 13017]
[13018 13060]
[13061 13097]
[13098 13531]
[13533 13593]
[13594 13672]
[13673 13778]
[13779 14022]
[14023 14147]
[14148 14227]
[14228 14349]
[14350 14473]
[14474 14595]
[14596 14654]
[14655 14766]
[14767 14784]
[14785 14871]
[14872 14916]
[14917 14971]
[14972 15344]
[15345 15412]
[15413 15452]
[15453 15510]
[15511 15588]
[15589 15617]
[15618 15659]
[15660 15692]
[15693 15807]
[15808 15847]
[15848 15892]
[15893 15929]
[15930 15958]
[15959 16026]
[16027 16069]
[16070 16116]
[16117 16161]
[16162 16637]
[16639 16705]
[16706 16746]
[16747 16836]
[16837 16912]
[16913 16980]
[16981 17039]
[17040 17193]
[17194 17231]
[17232 17332]
[17333 17391]
[17392 17471]
[17472 17533]
[17534 17583]
[17584 17662]
[17663 17718]
[17719 17785]
[17786 17809]
[17810 17855]
[17856 17929]
[17930 18038]
[18039 18312]
[18313 18425]
[18426 18547]
[18548 18638]
[18639 18774]
[18775 18925]
[18926 19043]
[19044 19170]
[19171 19289]
[19290 19392]
[19393 19566]
[19567 19610]
[19611 19655]
[19656 19698]
[19699 19746]
[19747 19795]
[19796 19842]
[19843 19885]
[19886 19922]
[19923 20010]
[20011 20218]
[20219 20259]
[20260 20320]
[20321 20390]
[20391 20438]
[20439 20514]
[20515 20546]
[20547 20611]
[20612 20664]
[20665 20729]
[20730 20802]
[20803 20856]
[20857 20899]
[20900 21075]
[21076 21162]
[21163 21233]
[21234 21316]
[21317 21399]
[21400 21443]
[21444 21528]
[21529 21604]
[21605 21674]
[21675 21726]
[21727 21787]
[21788 21809]
[21810 21922]
[21923 22006]
[22007 22317]
[22318 22385]
[22386 22448]
[22449 22562]
[22563 22671]
[22672 22797]
[22798 22876]
[22877 22967]
[22968 23049]
[23050 23108]
[23109 23176]
[23177 23484]
[23485 23620]
[23621 23782]
[23783 23916]
[23917 24181]
[24182 24347]
[24348 24433]
[24434 24770]
[24771 24817]
[24818 24871]
[24872 24917]
[24918 24972]
[24973 25020]
[25021 25076]
[25077 25179]
[25180 25250]
[25251 25315]
[25316 25370]
[25371 25477]
[25478 25753]
[25754 25826]
[25827 25897]
[25898 25968]
[25969 26037]
[26038 26094]
[26095 26149]
[26150 26195]
[26196 26242]
[26243 26306]
[26307 26363]
[26364 26427]
[26428 26484]
[26485 26650]
[26651 26717]
[26718 26855]
[26856 26913]
[26914 27060]
[27061 27134]
[27135 27258]
[27259 27357]
[27358 27461]
[27462 27632]
[27633 27927]
[27928 27968]
[27969 28021]
[28022 28175]
[28176 28290]
[28291 28579]
[28580 28707]
[28708 28824]
[28825 28914]
[28915 28989]
[28990 29124]
[29125 29202]
[29203 29284]
[29285 29373]
[29374 29620]
[29621 29728]
