[ 0 12]
[13 51]
[ 52 335]
[336 391]
[392 421]
[422 457]
[458 488]
[489 518]
[519 546]
[547 571]
[572 595]
[596 619]
[620 642]
[643 691]
[692 714]
[715 731]
[732 767]
[768 793]
[794 822]
[823 848]
[849 884]
[885 969]
[ 970 1634]
[1635 1801]
[1802 1838]
[1839 1882]
[1883 1951]
[1952 1988]
[1989 2025]
[2026 2062]
[2063 2103]
[2104 2228]
[2229 2266]
[2267 2298]
[2299 2334]
[2335 2534]
[2535 2565]
[2566 2602]
[2603 2638]
[2639 2683]
[2684 2817]
[2818 2848]
[2849 2899]
[2900 2967]
[2968 3015]
[3016 3051]
[3052 3092]
[3093 3130]
[3131 3160]
[3161 3187]
[3188 3720]
[3721 4026]
[4027 4125]
[4126 4325]
[4326 4343]
[4344 4380]
[4381 4448]
[4449 4519]
[4520 4589]
[4590 4643]
[4644 4714]
[4715 4816]
[4817 4855]
[4856 4955]
[4956 5022]
[5023 5129]
[5130 5195]
[5196 5287]
[5288 5379]
[5380 5830]
[5831 5971]
[5972 6017]
[6018 6070]
[6071 6121]
[6122 6205]
[6206 6313]
[6314 6340]
[6341 6394]
[6395 6438]
[6439 6522]
[6523 6583]
[6584 6647]
[6648 6703]
[6704 6765]
[6766 6864]
[6865 6916]
[6917 6992]
[6993 7039]
[7040 7076]
[7077 7122]
[7123 7183]
[7184 7243]
[7244 7309]
[7310 7375]
[7376 7394]
[7395 7776]
[7777 8413]
[8414 8481]
[8482 8542]
[8543 8592]
[8593 8645]
[8646 8683]
[8684 8720]
[8721 8776]
[8777 8845]
[8846 8894]
[8895 8916]
[8917 9254]
[9255 9375]
[9376 9453]
[9454 9568]
[9569 9658]
[9659 9793]
[9794 9885]
[9886 9977]
[ 9978 10090]
[10091 10187]
[10188 10270]
[10271 10739]
[10740 10791]
[10792 10838]
[10839 10869]
[10870 10894]
[10895 10914]
[10915 10942]
[10943 11043]
[11044 11063]
[11064 11111]
[11112 11156]
[11157 11203]
[11204 11238]
[11239 11333]
[11334 11361]
[11362 11382]
[11383 11413]
[11414 11457]
[11458 11510]
[11511 11546]
[11547 11619]
[11620 11689]
[11690 11718]
[11719 11825]
[11826 11873]
[11874 11903]
[11904 11965]
[11966 12017]
[12018 12073]
[12074 12130]
[12131 12188]
[12189 12236]
[12237 12287]
[12288 12315]
[12316 12716]
[12717 12782]
[12783 12843]
[12844 12928]
[12929 12996]
[12997 13065]
[13066 13143]
[13144 13228]
[13229 13295]
[13296 13395]
[13396 13463]
[13464 13521]
[13522 13575]
[13576 13633]
[13634 14047]
[14048 14111]
[14112 14180]
[14181 14236]
[14237 14302]
[14303 14355]
[14356 14400]
[14401 14409]
[14410 14446]
[14447 14483]
[14484 14524]
[14525 14566]
[14567 14595]
[14596 14629]
[14630 14749]
[14751 15145]
[15146 15205]
[15206 15275]
[15276 15343]
[15344 15420]
[15421 15483]
[15484 15544]
[15545 15682]
[15683 15838]
[15839 15903]
[15904 15961]
[15962 16073]
[16074 16157]
[16158 16504]
[16505 16584]
[16585 16618]
[16619 16666]
[16667 16700]
[16701 16744]
[16745 16790]
[16791 16810]
[16811 16833]
[16834 16879]
[16880 16931]
[16932 16951]
[16952 17016]
[17017 17066]
[17067 17100]
[17101 17120]
[17121 17210]
[17211 17399]
[17400 17439]
[17440 17619]
[17620 17657]
[17658 17736]
[17737 18091]
[18092 18151]
[18152 18216]
[18217 18281]
[18282 18346]
[18347 18414]
[18415 18485]
[18486 18607]
[18608 18788]
[18789 18853]
[18854 18921]
[18922 18988]
[18989 19055]
[19056 19123]
[19124 19193]
[19194 19255]
[19256 19316]
[19317 19377]
[19378 19434]
[19435 19491]
[19492 19739]
[19740 19832]
[19833 19918]
[19919 19978]
[19979 20057]
[20058 20248]
[20249 20272]
[20273 20326]
[20327 20396]
[20397 20465]
[20466 20529]
[20530 20587]
[20588 20692]
[20693 20767]
[20768 20820]
[20821 20906]
[20907 20956]
[20957 21028]
[21029 21361]
[21362 21454]
[21455 21499]
[21500 21535]
[21536 21636]
[21637 21666]
[21667 21763]
[21764 21840]
[21841 21907]
[21908 21979]
[21980 22044]
[22045 22149]
[22150 22400]
[22401 22455]
[22456 22524]
[22525 22598]
[22599 22674]
[22675 22903]
[22904 22969]
[22970 23032]
[23033 23087]
[23088 23320]
[23321 23362]
[23363 23415]
[23416 23465]
[23466 23730]
[23731 23821]
[23822 23880]
[23881 23948]
[23949 23996]
[23997 24066]
[24067 24090]
[24091 24144]
[24145 24203]
[24204 24252]
[24253 24331]
[24332 24405]
[24406 24473]
[24474 24532]
[24533 24611]
[24612 24680]
[24681 24724]
[24725 24761]
[24762 24828]
[24829 24857]
[24858 25032]
[25033 25166]
[25168 25199]
[25200 25301]
[25302 25446]
[25447 25498]
[25499 25556]
[25557 25596]
[25597 25668]
[25669 25820]
[25821 25880]
[25881 25921]
[25922 25972]
[25973 26015]
[26016 26075]
[26076 26099]
[26100 26149]
[26150 26212]
[26213 26246]
[26247 26285]
[26286 26349]
[26350 26414]
[26415 26476]
[26477 26525]
[26526 26569]
[26570 26617]
[26618 26656]
[26657 26758]
[26759 26803]
[26804 26834]
[26835 26916]
[26917 27167]
[27168 27249]
[27250 27365]
[27366 27457]
[27458 27612]
[27613 27711]
[27712 27811]
[27812 27907]
[27908 28230]
[28231 28281]
[28282 28367]
[28368 28447]
[28448 28511]
[28512 28577]
[28578 28607]
[28608 28682]
[28683 28746]
[28747 28784]
[28785 28857]
[28858 28914]
[28915 28981]
[28982 29011]
[29012 29232]
[29233 29270]
[29271 29333]
[29334 29395]
[29396 29458]
[29459 29520]
[29521 29645]
[29646 29770]
[29771 29864]
[29865 29925]
[29926 30008]
[30009 30192]
[30193 30469]
[30470 30615]
[30616 30665]
[30666 31219]
[31220 31250]
[31251 31474]
[31475 31543]
[31544 31583]
[31584 31612]
[31613 31663]
[31664 31712]
[31713 31743]
[31744 31770]
[31771 31821]
[31822 31864]
[31865 31919]
[31920 31964]
[31965 32022]
[32023 32057]
[32058 32111]
[32112 32209]
[32210 32280]
[32281 32367]
[32368 32595]
[32596 32750]
[32751 32878]
[32879 33006]
[33007 33166]
[33167 33227]
[33228 33372]
[33373 33517]
[33518 33616]
[33617 33739]
[33740 33882]
[33883 34153]
[34154 34400]
[34401 34491]
