[0 4]
[ 5 48]
[ 49 376]
[377 429]
[430 465]
[466 495]
[496 523]
[524 556]
[557 612]
[613 646]
[647 680]
[681 717]
[718 746]
[747 775]
[776 803]
[804 854]
[ 855 1261]
[1262 1297]
[1298 1379]
[1380 1511]
[1512 1553]
[1554 1573]
[1574 1598]
[1599 1661]
[1662 1679]
[1680 1747]
[1748 1803]
[1804 1839]
[1840 1873]
[1874 1913]
[1914 1945]
[1946 2003]
[2004 2040]
[2041 2066]
[2067 2112]
[2113 2155]
[2156 2175]
[2176 2281]
[2282 2325]
[2326 2374]
[2375 2469]
[2470 2491]
[2492 2613]
[2614 2653]
[2654 2678]
[2679 2729]
[2730 2769]
[2770 2805]
[2806 3263]
[3264 3311]
[3312 3383]
[3384 3418]
[3419 3455]
[3456 3485]
[3486 3717]
[3718 3756]
[3757 3809]
[3810 3858]
[3859 3902]
[3903 3956]
[3957 4022]
[4023 4093]
[4094 4138]
[4139 4307]
[4308 4360]
[4361 4404]
[4405 4444]
[4445 4499]
[4500 4542]
[4543 4569]
[4570 4607]
[4608 4651]
[4652 4681]
[4682 4712]
[4713 5019]
[5020 5081]
[5082 5156]
[5157 5228]
[5229 5280]
[5281 5443]
[5444 5512]
[5514 5630]
[5631 5703]
[5704 5761]
[5762 5841]
[5842 5885]
[5886 5965]
[5966 6052]
[6053 6091]
[6092 6426]
[6427 6565]
[6566 6787]
[6788 6936]
[6937 7076]
[7077 7227]
[7228 7328]
[7329 7379]
[7380 7429]
[7430 7485]
[7486 7674]
[7675 7767]
[7768 7887]
[7888 8280]
[8281 8423]
[8424 8510]
[8511 8615]
[8616 8699]
[8700 8940]
[8941 8973]
[8974 9046]
[9047 9129]
[9130 9214]
[9215 9336]
[9337 9437]
[9438 9673]
[9674 9728]
[9729 9774]
[9775 9803]
[9804 9842]
[9843 9876]
[9877 9908]
[9909 9973]
[ 9974 10018]
[10019 10072]
[10073 10171]
[10172 10615]
[10616 10729]
[10730 10830]
[10831 10906]
[10907 10955]
[10956 11035]
[11036 11119]
[11120 11216]
[11217 11256]
[11257 11310]
[11311 11394]
[11395 11485]
[11486 11523]
[11524 11832]
[11833 12166]
[12167 12306]
[12307 12424]
[12425 12554]
[12555 12648]
[12649 12727]
[12728 12800]
[12801 12849]
[12850 12955]
[12956 13188]
[13189 13269]
[13270 13357]
[13358 13483]
[13484 13555]
[13556 13662]
[13663 13692]
[13693 13789]
[13790 13842]
[13843 13920]
[13921 14080]
[14081 14673]
[14674 14726]
[14727 14799]
[14800 14846]
[14848 14992]
[14993 15019]
[15020 15310]
[15311 15656]
[15657 15709]
[15710 15766]
[15767 15830]
[15831 15898]
[15899 15955]
[15956 16019]
[16020 16435]
[16436 16526]
[16527 16573]
[16574 16650]
[16651 16733]
[16734 16795]
[16796 16848]
[16849 16912]
[16913 16979]
[16980 17037]
[17038 17104]
[17105 17152]
[17153 17337]
[17338 17388]
[17389 17471]
[17472 17540]
[17541 17597]
[17598 17675]
[17676 18038]
[18039 18218]
[18219 18328]
[18329 18391]
[18392 18459]
[18460 18604]
[18605 18702]
[18703 18828]
[18829 18971]
[18972 19121]
[19122 19222]
[19223 19316]
[19317 19389]
[19390 19464]
[19465 19540]
[19541 19575]
[19576 19726]
[19727 20084]
[20085 20133]
[20134 20173]
[20174 20224]
[20225 20292]
[20293 20374]
[20375 20410]
[20411 20581]
[20582 20619]
[20620 20665]
[20666 20711]
[20712 20760]
[20761 20855]
[20856 20900]
[20901 20969]
[20970 21008]
[21009 21065]
[21066 21121]
[21122 21202]
[21203 21303]
[21304 21372]
[21373 21420]
[21421 21686]
[21687 21735]
[21736 21756]
[21757 21874]
[21875 21972]
[21973 22023]
[22024 22089]
[22090 22354]
[22355 22457]
[22458 22578]
[22579 22706]
[22707 22817]
[22818 22913]
[22914 22976]
[22977 23027]
[23028 23068]
[23069 23101]
[23102 23156]
[23157 23215]
[23216 23271]
[23272 23327]
[23328 23414]
[23415 23579]
[23580 23644]
[23645 23699]
[23700 23865]
[23866 24017]
[24018 24086]
[24087 24127]
[24128 24247]
[24248 24376]
[24377 24503]
[24504 24606]
[24607 24750]
[24751 24857]
[24858 24953]
[24954 25054]
[25055 25113]
[25114 25156]
[25157 25215]
[25216 25263]
[25264 25523]
[25524 25600]
[25601 25666]
[25667 25725]
[25726 25806]
[25807 25853]
[25854 25922]
[25923 25985]
[25986 26072]
[26073 26132]
[26133 26221]
[26222 26337]
[26338 26416]
[26417 26725]
[26726 26781]
[26782 26839]
[26840 26922]
[26923 26986]
[26987 27044]
[27045 27102]
[27103 27162]
[27163 27225]
[27226 27309]
[27310 27369]
[27370 27429]
[27430 27482]
[27483 27520]
[27521 27581]
[27582 27862]
[27863 27964]
[27965 28057]
[28058 28143]
[28144 28320]
[28321 28372]
[28373 28468]
[28469 28514]
[28515 28557]
[28558 28846]
[28847 29001]
[29002 29035]
[29036 29072]
[29073 29166]
[29167 29255]
[29256 29361]
[29362 29490]
[29491 29629]
[29630 29881]
[29882 29953]
[29954 29989]
[29990 30046]
[30047 30086]
[30087 30131]
[30132 30166]
[30167 30207]
[30208 30247]
[30248 30291]
[30292 30347]
[30348 30401]
[30402 30552]
[30553 30600]
[30601 30785]
[30786 30841]
[30842 30920]
[30921 31220]
[31221 31631]
[31632 31708]
[31709 31747]
[31748 31808]
[31809 31868]
[31869 31940]
[31941 31987]
[31988 32063]
[32064 32287]
[32288 32405]
[32406 32537]
[32538 32713]
[32714 32826]
[32827 32893]
[32894 32969]
[32970 33130]
[33131 33168]
[33169 33196]
[33197 33431]
[33432 33476]
[33477 33580]
[33581 33825]
[33826 33880]
[33881 33927]
[33928 34181]
[34182 34298]
[34299 34359]
[34360 34656]
[34657 34712]
[34713 34803]
[34804 34886]
[34887 34951]
[34952 35000]
[35001 35066]
[35067 35135]
[35136 35186]
[35187 35286]
[35287 35416]
[35417 35755]
[35756 35841]
