[ 0 18]
[20 39]
[40 59]
[ 61 104]
[106 188]
[189 539]
[540 601]
[602 637]
[638 670]
[671 700]
[701 728]
[729 758]
[759 788]
[789 821]
[822 852]
[853 885]
[886 916]
[917 947]
[948 977]
[ 978 1032]
[1034 1540]
[1541 1691]
[1692 1754]
[1755 1835]
[1836 1898]
[1899 1975]
[1976 2029]
[2030 2103]
[2104 2161]
[2162 2289]
[2290 2330]
[2331 2459]
[2460 2550]
[2551 2741]
[2742 2864]
[2865 2972]
[2973 3042]
[3043 3846]
[3847 3903]
[3904 3948]
[3949 3997]
[3998 4147]
[4148 4202]
[4203 4316]
[4317 4351]
[4352 4399]
[4400 4443]
[4444 4497]
[4498 4558]
[4559 4679]
[4680 4741]
[4742 4782]
[4783 4840]
[4841 4889]
[4890 4999]
[5000 5073]
[5074 5133]
[5134 5177]
[5178 5229]
[5230 5272]
[5273 5605]
[5606 5643]
[5644 5692]
[5693 5723]
[5724 5811]
[5812 5865]
[5866 6020]
[6021 6118]
[6119 6144]
[6145 6180]
[6181 6219]
[6220 6257]
[6258 6383]
[6384 6416]
[6417 6460]
[6461 6510]
[6511 6748]
[6749 6812]
[6813 6992]
[6993 7015]
[7016 7053]
[7054 7086]
[7087 7110]
[7111 7699]
[7700 7771]
[7772 7826]
[7827 7875]
[7876 7946]
[7947 7975]
[7976 7995]
[7996 8039]
[8040 8130]
[8131 8263]
[8264 8301]
[8302 8317]
[8318 8342]
[8343 8466]
[8467 8553]
[8554 8618]
[8619 8685]
[8686 8785]
[8786 8813]
[8814 8876]
[8877 8943]
[8944 8999]
[9000 9039]
[9040 9078]
[9079 9491]
[9492 9656]
[9657 9720]
[9721 9778]
[9779 9851]
[9852 9965]
[ 9966 10008]
[10009 10097]
[10098 10125]
[10126 10156]
[10157 10218]
[10219 10266]
[10267 10309]
[10310 10347]
[10348 10379]
[10380 10407]
[10408 10465]
[10466 10599]
[10600 10722]
[10723 10787]
[10788 10928]
[10929 10966]
[10967 11419]
[11420 11504]
[11505 11541]
[11542 11594]
[11595 11643]
[11644 11685]
[11686 11731]
[11732 11775]
[11776 11823]
[11824 11872]
[11873 11931]
[11932 11980]
[11981 12000]
[12001 12051]
[12052 12111]
[12112 12218]
[12219 12278]
[12279 12337]
[12338 12379]
[12380 12446]
[12447 12504]
[12505 12524]
[12525 12574]
[12575 12635]
[12636 12694]
[12695 12758]
[12759 12850]
[12851 13174]
[13175 13253]
[13254 13310]
[13311 13379]
[13380 13428]
[13429 13652]
[13653 13704]
[13705 13764]
[13765 13826]
[13827 13898]
[13899 13973]
[13974 14043]
[14044 14118]
[14119 14360]
[14361 14410]
[14411 14464]
[14465 14534]
[14535 14556]
[14557 14819]
[14820 14993]
[14994 15193]
[15194 15290]
[15291 15491]
[15492 15556]
[15557 15618]
[15619 15698]
[15699 15780]
[15781 15854]
[15855 15902]
[15903 15969]
[15970 16020]
[16021 16079]
[16080 16141]
[16142 16197]
[16198 16870]
[16871 16947]
[16948 16997]
[16998 17070]
[17071 17144]
[17145 17185]
[17186 17246]
[17247 17290]
[17291 17344]
[17345 17407]
[17408 17471]
[17472 17593]
[17594 17653]
[17654 17736]
[17737 18213]
[18214 18389]
[18390 18448]
[18449 18517]
[18518 18597]
[18598 18665]
[18666 18745]
[18746 18830]
[18831 18886]
[18887 18964]
[18965 19052]
[19053 19107]
[19108 19175]
[19176 19239]
[19240 19313]
[19314 19340]
[19341 19654]
[19655 19794]
[19795 19881]
[19882 19995]
[19996 20072]
[20073 20154]
[20155 20246]
[20247 20320]
[20321 20398]
[20399 20485]
[20486 20568]
[20569 20644]
[20645 20679]
[20680 20707]
[20708 20976]
[20977 21073]
[21074 21138]
[21139 21208]
[21209 21275]
[21276 21360]
[21361 21435]
[21436 21490]
[21491 21560]
[21561 21645]
[21646 21722]
[21723 21754]
[21755 21858]
[21859 21969]
[21970 22608]
[22609 22677]
[22678 22756]
[22757 23284]
[23285 23369]
[23370 23609]
[23610 23786]
[23787 23821]
[23822 23947]
[23948 23999]
[24000 24460]
[24461 24549]
