[ 0 19]
[21 40]
[41 60]
[ 62 105]
[107 195]
[197 557]
[558 611]
[612 677]
[678 738]
[739 759]
[760 797]
[798 846]
[847 862]
[863 906]
[907 935]
[936 963]
[964 987]
[ 988 1068]
[1069 1652]
[1653 1794]
[1795 1915]
[1916 2034]
[2035 2122]
[2123 2182]
[2183 2229]
[2230 2283]
[2284 2352]
[2353 2430]
[2431 2540]
[2541 2648]
[2649 2697]
[2698 2728]
[2729 2771]
[2772 2801]
[2802 2837]
[2838 2872]
[2873 2905]
[2906 2958]
[2959 2982]
[2983 3003]
[3004 3029]
[3030 3059]
[3060 3394]
[3395 3458]
[3459 3508]
[3509 3558]
[3559 3613]
[3614 3668]
[3669 3722]
[3723 3802]
[3803 3863]
[3864 3879]
[3880 3916]
[3917 3962]
[3963 4033]
[4034 4098]
[4099 4159]
[4160 4294]
[4295 4406]
[4407 4455]
[4456 4511]
[4512 4537]
[4538 4582]
[4583 4616]
[4617 4687]
[4688 4740]
[4741 4774]
[4775 5253]
[5254 5315]
[5316 5353]
[5354 5402]
[5403 5444]
[5445 5483]
[5484 5515]
[5516 5602]
[5603 5639]
[5640 5670]
[5671 5703]
[5704 5761]
[5762 5796]
[5797 5827]
[5828 5845]
[5846 6014]
[6015 6069]
[6070 6089]
[6090 6134]
[6135 6156]
[6157 6200]
[6201 6244]
[6245 6268]
[6269 6302]
[6303 6345]
[6346 6382]
[6383 6415]
[6416 6526]
[6527 6559]
[6560 6651]
[6652 6689]
[6690 6709]
[6710 6757]
[6758 6796]
[6797 6824]
[6825 6857]
[6858 7030]
[7031 7156]
[7157 7193]
[7194 7224]
[7225 7252]
[7253 7324]
[7325 7560]
[7561 7591]
[7592 7611]
[7612 7661]
[7662 7694]
[7695 7729]
[7730 7772]
[7773 7816]
[7817 8172]
[8173 8255]
[8256 8362]
[8363 8401]
[8402 8427]
[8428 8458]
[8459 8521]
[8522 8650]
[8651 8680]
[8681 8699]
[8700 8725]
[8726 8748]
[8749 8829]
[8830 8979]
[8980 9003]
[9004 9124]
[9125 9165]
[9166 9236]
[9237 9362]
[9363 9392]
[9393 9449]
[9450 9513]
[9514 9576]
[9577 9631]
[9632 9668]
[9669 9702]
[9703 9713]
[ 9714 10103]
[10104 10144]
[10145 10188]
[10189 10216]
[10217 10252]
[10253 10300]
[10301 10500]
[10501 10529]
[10530 10589]
[10590 10627]
[10628 10845]
[10846 10895]
[10896 10919]
[10920 10952]
[10953 10987]
[10988 11013]
[11014 11030]
[11031 11062]
[11063 11168]
[11169 11227]
[11228 11280]
[11281 11341]
[11342 11382]
[11383 11397]
[11398 11446]
[11447 11493]
[11494 11525]
[11526 11596]
[11597 11643]
[11644 11684]
[11685 11743]
[11744 11803]
[11804 11838]
[11839 11878]
[11879 11916]
[11917 11945]
[11946 11983]
[11984 12047]
[12048 12142]
[12143 12171]
[12172 12255]
[12256 12834]
[12835 12879]
[12880 12930]
[12931 13038]
[13039 13087]
[13088 13240]
[13241 13303]
[13304 13350]
[13351 13368]
[13369 13631]
[13632 13683]
[13684 13716]
[13717 13740]
[13741 13772]
[13773 13804]
[13805 13830]
[13831 13873]
[13874 13993]
[13994 14047]
[14048 14124]
[14125 14170]
[14171 14213]
[14214 14239]
[14240 14272]
[14273 14311]
[14312 14343]
[14344 14379]
[14380 14415]
[14416 14585]
[14586 14837]
[14838 14898]
[14899 14928]
[14929 14963]
[14964 15046]
[15047 15076]
[15077 15111]
[15112 15236]
[15237 15266]
[15267 15301]
[15302 15384]
[15385 15449]
[15450 15511]
[15512 15572]
[15573 15669]
[15670 15719]
[15720 15819]
[15820 15864]
[15865 15933]
[15934 16273]
[16275 16336]
[16337 16438]
[16439 16545]
[16546 16623]
[16624 16793]
[16794 16838]
[16839 16943]
[16944 16973]
[16974 17023]
[17024 17065]
[17066 17100]
[17101 17132]
[17133 17179]
[17180 17576]
[17577 17629]
[17630 17744]
[17745 17844]
[17845 17952]
[17953 18041]
[18042 18156]
[18157 18266]
[18267 18454]
[18455 18554]
[18555 18651]
[18652 18725]
[18726 19037]
[19038 19154]
[19155 19221]
[19222 19316]
[19317 19348]
[19349 19379]
[19380 19457]
[19458 19493]
[19494 19529]
[19530 19560]
[19561 19594]
[19595 19694]
[19695 19775]
[19776 19821]
[19822 19910]
[19911 19999]
[20000 20338]
[20339 20373]
[20374 20435]
[20436 20514]
[20515 20596]
[20597 20649]
[20650 20722]
[20723 20822]
[20823 20963]
[20964 21034]
[21035 21109]
[21110 21191]
[21192 21272]
[21273 21322]
[21323 21435]
[21436 21507]
[21508 21568]
[21569 21607]
[21608 21643]
[21644 21676]
[21677 21721]
[21722 21748]
[21749 21795]
[21796 22014]
[22015 22384]
[22385 22464]
[22465 22540]
[22541 22562]
[22563 22592]
[22593 22671]
[22672 22798]
[22799 22825]
[22826 22895]
[22896 22985]
[22986 23039]
[23040 23095]
[23096 23204]
[23205 23237]
[23238 23262]
[23263 23309]
[23310 23342]
[23343 23361]
[23362 23377]
[23378 23404]
[23405 23442]
[23443 23472]
[23473 23493]
[23494 23539]
[23540 23928]
[23929 23983]
[23984 24004]
[24005 24044]
[24045 24096]
[24097 24153]
[24154 24201]
[24202 24237]
[24238 24272]
[24273 24364]
[24365 24397]
[24398 24449]
[24450 24494]
[24495 24513]
[24514 24542]
[24543 24596]
[24597 24633]
[24634 24653]
[24654 24737]
[24738 24790]
[24791 24828]
[24829 25147]
[25148 25229]
[25230 25269]
[25270 25320]
[25321 25372]
[25373 25429]
[25430 25484]
[25485 25552]
[25553 25636]
[25637 25686]
[25687 25745]
[25746 25801]
[25802 25852]
[25853 25932]
[25933 26003]
[26004 26061]
[26062 26105]
[26106 26379]
[26381 26458]
[26459 26639]
[26640 26784]
[26785 26846]
[26847 26919]
[26920 26936]
[26937 27227]
[27228 27299]
[27300 27342]
[27343 27382]
[27383 27460]
[27461 27590]
[27591 27640]
[27641 27703]
[27704 27772]
[27773 27863]
[27864 27928]
[27929 28013]
[28014 28096]
[28097 28193]
[28194 28262]
[28263 28354]
[28355 28470]
[28471 28789]
[28791 28825]
[28826 28866]
[28867 28963]
[28964 29033]
[29034 29092]
[29093 29185]
[29186 29268]
[29269 29328]
[29329 29380]
[29381 29449]
[29450 29733]
[29734 29799]
