[ 0 19]
[21 40]
[41 60]
[ 62 105]
[107 200]
[ 201 1291]
[1292 1347]
[1348 1367]
[1368 1406]
[1407 1439]
[1440 1474]
[1475 1515]
[1516 1557]
[1558 1598]
[1599 1642]
[1643 1684]
[1685 1723]
[1724 1765]
[1766 1796]
[1797 1832]
[1833 1940]
[1941 2400]
[2401 2439]
[2440 2509]
[2510 2560]
[2561 2652]
[2653 2680]
[2681 2706]
[2707 2747]
[2748 2822]
[2823 2856]
[2857 2901]
[2902 2952]
[2953 2983]
[2984 3010]
[3011 3049]
[3050 3134]
[3135 3171]
[3172 3207]
[3208 3267]
[3268 3310]
[3311 3340]
[3341 3387]
[3388 3458]
[3459 3500]
[3501 3547]
[3548 3627]
[3628 3663]
[3664 3699]
[3700 3740]
[3741 3775]
[3776 3820]
[3821 3860]
[3861 3892]
[3893 4444]
[4445 4474]
[4475 4516]
[4517 4883]
[4884 5020]
[5021 5142]
[5143 5190]
[5191 5241]
[5242 5355]
[5356 5432]
[5433 5463]
[5464 5493]
[5494 5568]
[5569 5616]
[5617 5667]
[5668 5721]
[5722 5769]
[5770 5805]
[5806 5855]
[5856 5926]
[5927 5986]
[5987 6036]
[6037 6091]
[6092 6575]
[6577 6635]
[6636 6678]
[6679 6714]
[6715 6886]
[6887 6926]
[6927 7043]
[7044 7089]
[7090 7121]
[7122 7176]
[7177 7235]
[7236 7350]
[7351 7447]
[7448 7515]
[7516 7583]
[7584 7642]
[7643 7691]
[7692 7799]
[7800 7851]
[7852 7917]
[7918 7985]
[7986 8103]
[8104 8293]
[8294 8365]
[8366 8417]
[8418 8585]
[8586 8772]
[8774 8811]
[8812 8847]
[8848 8888]
[8889 8911]
[8912 8937]
[8938 8973]
[8974 9051]
[9052 9116]
[9117 9159]
[9160 9254]
[9255 9328]
[9329 9397]
[9398 9454]
[9455 9499]
[9500 9541]
[9542 9591]
[9592 9653]
[9654 9792]
[9793 9868]
[9869 9955]
[9956 9983]
[ 9984 10014]
[10015 10058]
[10059 10099]
[10100 10151]
[10152 10190]
[10191 10223]
[10224 10267]
[10268 10319]
[10320 10354]
[10355 10414]
[10415 10444]
[10445 10932]
[10933 10954]
[10956 11383]
[11384 11568]
[11570 11775]
[11776 11857]
[11858 11918]
[11919 11956]
[11957 12001]
[12002 12041]
[12042 12075]
[12076 12110]
[12111 12162]
[12163 12663]
[12664 12710]
[12711 12782]
[12783 12840]
[12841 12959]
[12960 12989]
[12990 13093]
[13094 13174]
[13175 13256]
[13257 13339]
[13340 13376]
[13377 13408]
[13409 13440]
[13441 13480]
[13481 13519]
[13520 13554]
[13555 13619]
[13620 13656]
[13657 13686]
[13687 13781]
[13782 14201]
[14202 14309]
[14310 14375]
[14376 14432]
[14433 14498]
[14499 14572]
[14573 14630]
[14631 14677]
[14678 14851]
[14852 14878]
[14879 14924]
[14925 14967]
[14968 15011]
[15012 15092]
[15093 15169]
[15170 15365]
[15366 15422]
[15423 15670]
[15671 15715]
[15716 15803]
[15805 15860]
[15861 15903]
[15904 15957]
[15958 16018]
[16019 16396]
[16397 16501]
[16502 16615]
[16616 16660]
[16661 16725]
[16726 16823]
[16824 16946]
[16947 17314]
[17315 17334]
[17335 17398]
[17399 17428]
[17429 17465]
[17466 17496]
[17497 17546]
[17547 17549]
[17550 17621]
[17622 17676]
[17677 17695]
[17696 17743]
[17744 17772]
[17773 17787]
[17788 17819]
[17820 18064]
[18065 18115]
[18116 18152]
[18153 18184]
[18185 18207]
[18208 19014]
[19015 19042]
[19043 19118]
[19119 19275]
[19276 19304]
[19305 19344]
[19345 19378]
[19379 19412]
[19413 19463]
[19464 19516]
[19517 19555]
[19556 19603]
[19604 19824]
[19825 19864]
[19865 19882]
[19883 19924]
[19925 19948]
[19949 19996]
[19997 20016]
[20017 20062]
[20063 20097]
[20098 20129]
[20130 20184]
[20185 20241]
[20242 20311]
[20312 20384]
[20385 20468]
[20469 21168]
[21169 21328]
[21329 21448]
[21449 21499]
[21500 21572]
[21573 21651]
[21652 21733]
[21734 21804]
[21805 21886]
[21887 21959]
[21960 22041]
[22042 22063]
[22064 22122]
[22123 22167]
[22168 22231]
[22232 22290]
[22291 22328]
[22329 22378]
[22379 22420]
[22421 22447]
[22448 22483]
[22484 22520]
[22521 22558]
[22559 22593]
[22594 22622]
[22623 22659]
[22660 22695]
[22696 22725]
[22726 22822]
[22823 23104]
[23105 23173]
[23174 23249]
[23250 23341]
[23342 23514]
[23515 23593]
[23594 23661]
[23662 23717]
[23718 24241]
[24242 24330]
[24331 24655]
[24656 24801]
[24802 24897]
[24898 25200]
[25201 25312]
[25313 25417]
[25418 25560]
[25561 25632]
[25633 25723]
[25724 25787]
[25788 25834]
[25835 25935]
[25936 25990]
[25991 26079]
[26080 26211]
[26212 26332]
[26333 26417]
[26418 26526]
[26527 26985]
[26986 27020]
[27021 27072]
[27073 27119]
[27120 27223]
[27224 27300]
[27301 27388]
[27389 27648]
[27649 27777]
[27778 28123]
[28124 28178]
[28179 28242]
[28243 28307]
[28308 28413]
[28414 28456]
[28457 28576]
[28577 28643]
[28644 28718]
[28719 28761]
[28762 28803]
[28804 28842]
[28843 28885]
[28886 28936]
[28937 29016]
[29017 29460]
[29461 29515]
[29516 29587]
[29588 29589]
[29590 29633]
[29634 29660]
[29661 29743]
[29744 29788]
[29789 29911]
[29912 29969]
[29970 30010]
[30011 30037]
[30038 30047]
[30048 30105]
[30106 30227]
[30228 30551]
[30552 30629]
[30630 30708]
[30709 30766]
[30767 30814]
[30815 30896]
[30897 30937]
[30938 31007]
[31008 31086]
[31087 31143]
[31144 31173]
[31174 31252]
[31253 31320]
[31321 31366]
[31367 31433]
[31434 31456]
[31457 31697]
[31698 31825]
[31826 31850]
[31851 31936]
[31937 32125]
[32126 32179]
[32180 32301]
[32302 32470]
[32471 32512]
[32513 32686]
[32687 32899]
[32900 32990]
[32991 33260]
[33261 33355]
[33356 33424]
[33425 33517]
[33518 33618]
[33619 33693]
[33694 33762]
[33763 33840]
[33841 34980]
[34981 35049]
