[ 0 25]
[27 46]
[47 66]
[ 68 111]
[113 182]
[183 557]
[558 614]
[615 650]
[651 680]
[681 708]
[709 741]
[742 771]
[772 801]
[802 834]
[835 865]
[866 898]
[899 929]
[930 960]
[961 990]
[ 991 1034]
[1035 1069]
[1070 1104]
[1105 1191]
[1192 1693]
[1694 1894]
[1895 1924]
[1925 1965]
[1966 1992]
[1993 2031]
[2032 2073]
[2074 2164]
[2165 2188]
[2189 2216]
[2217 2247]
[2248 2308]
[2309 2423]
[2424 2457]
[2458 2513]
[2514 2585]
[2586 2678]
[2679 2745]
[2746 2774]
[2775 2850]
[2851 2913]
[2914 2941]
[2942 2976]
[2977 3006]
[3007 3045]
[3046 3099]
[3100 3153]
[3154 3196]
[3197 3767]
[3768 3827]
[3828 3872]
[3873 3944]
[3945 4051]
[4052 4217]
[4218 4272]
[4273 4411]
[4412 4540]
[4541 4574]
[4575 4605]
[4606 4634]
[4635 4673]
[4674 4770]
[4771 4811]
[4812 4866]
[4867 4910]
[4911 4963]
[4964 5023]
[5024 5074]
[5075 5134]
[5135 5191]
[5192 5243]
[5244 5279]
[5280 5832]
[5833 5909]
[5910 5973]
[5974 6037]
[6038 6088]
[6089 6142]
[6143 6236]
[6237 6273]
[6274 6317]
[6318 6352]
[6353 6447]
[6448 6519]
[6520 6557]
[6558 6579]
[6580 6676]
[6677 6718]
[6719 6750]
[6751 6834]
[6835 6898]
[6899 6938]
[6939 6958]
[6959 7020]
[7021 7108]
[7109 7179]
[7180 7286]
[7287 7744]
[7745 7821]
[7822 7887]
[7888 7948]
[7949 8021]
[8022 8102]
[8103 8107]
[8108 8172]
[8173 8251]
[8252 8330]
[8331 8410]
[8411 8490]
[8491 8656]
[8657 8744]
[8745 8792]
[8793 9321]
[9322 9432]
[9433 9502]
[9503 9542]
[9543 9892]
[ 9893 10011]
[10012 10036]
[10037 10148]
[10149 10194]
[10195 10239]
[10240 10348]
[10349 10455]
[10456 10525]
[10526 10573]
[10574 10621]
[10622 10654]
[10655 10715]
[10716 10783]
[10784 11191]
[11192 11277]
[11278 11342]
[11343 11439]
[11440 11494]
[11495 11532]
[11533 11580]
[11581 11622]
[11623 11726]
[11727 11781]
[11782 11848]
[11849 11912]
[11913 11987]
[11988 12041]
[12042 12142]
[12143 12173]
[12174 12201]
[12202 12230]
[12231 12302]
[12303 12466]
[12467 12530]
[12531 12586]
[12587 12679]
[12680 12734]
[12735 13180]
[13181 13233]
[13234 13316]
[13317 13393]
[13394 13469]
[13470 13539]
[13540 13615]
[13616 13692]
[13693 13762]
[13763 13838]
[13839 13879]
[13880 14000]
[14001 14076]
[14077 14169]
[14170 14222]
[14223 15038]
[15039 15167]
[15168 15280]
[15281 15358]
[15359 15655]
[15656 15711]
[15712 15780]
[15781 15876]
[15877 15935]
[15936 16019]
[16020 16118]
[16119 16167]
[16168 16245]
[16246 16319]
[16320 16387]
[16388 16439]
[16440 16759]
[16760 16829]
[16830 16918]
[16919 17007]
[17008 17098]
[17099 17171]
[17172 17237]
[17238 17343]
[17344 17407]
[17409 17457]
[17458 17537]
[17538 17564]
[17565 17588]
[17589 17678]
[17679 17708]
[17709 17728]
[17729 17748]
[17749 17823]
[17824 17843]
[17844 17953]
[17954 18020]
[18021 18090]
[18091 18165]
[18166 18285]
[18286 18721]
[18722 18887]
[18888 18922]
[18923 18963]
[18964 19048]
[19049 19130]
[19131 19223]
[19224 19306]
[19307 19441]
[19442 19516]
[19517 19652]
[19653 19719]
[19720 19761]
[19762 19895]
[19896 20252]
[20253 20323]
[20324 20398]
[20399 20477]
[20478 20688]
[20689 20764]
[20765 20844]
[20845 20917]
[20918 20986]
[20987 21086]
[21087 21247]
[21248 21289]
[21290 21338]
[21339 21384]
[21385 21427]
[21428 21474]
[21475 21520]
[21521 21567]
[21568 21610]
[21611 21689]
[21690 22255]
[22256 22336]
[22337 22396]
[22397 22455]
[22456 22505]
[22506 22584]
[22585 22729]
[22730 22782]
[22783 22831]
[22832 22883]
[22884 22930]
[22931 22972]
[22973 23019]
[23020 23042]
[23043 23322]
[23324 23376]
[23377 23434]
[23435 23475]
[23476 23573]
[23574 23644]
[23645 23748]
[23749 23815]
[23816 23855]
[23856 23930]
[23931 23965]
[23966 24245]
[24246 24433]
[24434 24536]
[24537 24632]
[24633 24721]
[24722 24807]
[24808 24894]
[24895 24974]
[24975 25066]
[25067 25152]
[25153 25242]
[25243 25302]
[25303 25384]
[25385 25445]
[25446 25507]
[25508 25562]
[25563 25627]
[25628 25677]
[25678 25752]
[25753 25833]
[25834 25873]
[25874 25936]
[25937 25993]
[25994 26062]
[26063 26098]
[26099 26169]
[26170 26417]
[26418 26499]
[26500 26568]
[26569 26628]
[26629 26733]
[26734 26824]
[26825 26881]
[26882 26933]
[26934 26989]
[26990 27019]
[27020 27097]
[27098 27185]
[27186 27263]
[27264 27337]
[27338 27607]
[27608 27669]
[27670 27702]
[27703 27803]
[27804 27848]
[27849 27918]
[27919 27981]
[27982 28080]
[28081 28150]
[28151 28234]
[28235 28289]
[28290 28359]
[28360 28484]
[28485 28533]
[28534 28632]
[28633 28939]
[28940 29165]
[29166 29398]
[29399 29634]
[29635 29773]
[29774 30000]
[30001 30341]
[30342 30449]
