[ 0 25]
[27 46]
[47 66]
[ 68 112]
[113 198]
[200 591]
[592 627]
[628 657]
[658 685]
[686 718]
[719 748]
[749 778]
[779 810]
[811 842]
[843 875]
[876 906]
[907 937]
[938 967]
[ 968 1173]
[1174 1591]
[1592 1647]
[1648 1684]
[1685 1717]
[1718 1770]
[1771 1796]
[1797 1828]
[1829 1853]
[1854 1880]
[1881 2016]
[2017 2141]
[2142 2168]
[2169 2207]
[2208 2248]
[2249 2271]
[2272 2461]
[2462 2494]
[2495 2524]
[2525 2563]
[2564 2616]
[2617 2701]
[2702 2752]
[2753 2798]
[2799 2833]
[2834 2873]
[2874 2908]
[2909 2966]
[2967 2998]
[2999 3051]
[3052 3096]
[3097 3663]
[3664 3857]
[3858 3877]
[3878 3921]
[3922 3982]
[3983 4011]
[4012 4207]
[4208 4516]
[4517 4555]
[4556 4602]
[4603 4652]
[4653 4692]
[4693 4796]
[4797 4974]
[4975 5001]
[5002 5036]
[5037 5071]
[5072 5101]
[5102 5142]
[5143 5648]
[5649 5715]
[5716 5747]
[5748 5800]
[5801 5828]
[5829 5864]
[5865 5905]
[5906 5991]
[5992 6044]
[6045 6095]
[6096 6120]
[6121 6199]
[6200 6259]
[6260 6284]
[6285 6327]
[6328 6368]
[6369 6421]
[6422 6465]
[6466 6494]
[6495 6558]
[6559 6598]
[6599 6684]
[6685 6723]
[6724 6793]
[6794 6874]
[6875 6909]
[6910 6939]
[6940 6967]
[6968 7004]
[7005 7040]
[7041 7078]
[7079 7110]
[7111 7149]
[7150 7187]
[7188 7218]
[7219 7524]
[7525 7638]
[7639 7694]
[7695 7743]
[7744 7798]
[7799 7849]
[7850 7878]
[7879 7911]
[7912 7962]
[7963 8055]
[8056 8104]
[8105 8148]
[8149 8179]
[8180 8276]
[8277 8364]
[8365 8425]
[8426 8455]
[8456 8787]
[8788 8895]
[8896 8944]
[8945 9010]
[9011 9075]
[9076 9148]
[9149 9210]
[9211 9299]
[9300 9370]
[9371 9412]
[9414 9828]
[9829 9876]
[9877 9929]
[ 9930 10004]
[10005 10048]
[10049 10092]
[10093 10177]
[10178 10303]
[10304 10343]
[10344 10409]
[10410 10471]
[10472 10532]
[10533 10571]
[10572 10625]
[10626 10672]
[10673 10704]
[10705 10729]
[10730 11073]
[11074 11144]
[11145 11159]
[11160 11206]
[11207 11243]
[11244 11277]
[11278 11308]
[11309 11350]
[11351 11412]
[11413 11454]
[11455 11502]
[11503 11545]
[11546 11592]
[11593 11630]
[11631 11685]
[11686 11725]
[11726 11757]
[11758 11862]
[11864 12100]
[12101 12133]
[12134 12229]
[12230 12253]
[12254 12352]
[12353 12483]
[12484 12587]
[12588 12695]
[12696 12813]
[12814 12933]
[12934 13032]
[13033 13104]
[13105 13455]
[13456 13577]
[13578 13689]
[13690 13774]
[13775 13961]
[13962 14038]
[14039 14082]
[14083 14480]
[14481 14556]
[14557 14652]
[14653 14759]
[14760 14847]
[14848 14946]
[14947 15093]
[15094 15198]
[15199 15265]
[15266 15312]
[15313 15392]
[15393 15468]
[15469 15605]
[15606 15963]
[15964 16284]
[16285 16555]
[16556 16736]
[16737 17077]
[17078 17139]
[17140 17245]
[17246 17347]
[17348 17386]
[17387 17427]
[17428 17466]
[17467 17517]
[17518 17590]
[17591 17649]
[17650 17713]
[17714 17765]
[17766 17819]
[17820 17879]
[17880 17924]
[17925 17991]
[17992 18031]
[18032 18397]
[18398 18468]
[18469 18577]
[18578 18652]
[18653 18701]
[18702 18811]
[18812 18861]
[18862 18927]
[18928 19000]
[19001 19074]
[19075 19145]
[19146 19239]
[19240 19547]
[19548 20525]
[20526 20882]
[20883 20981]
[20982 21070]
[21071 21134]
[21135 21180]
[21181 21224]
[21225 21315]
[21316 21416]
[21417 21513]
[21514 21603]
[21604 21695]
[21696 21801]
[21802 21845]
[21846 21922]
[21923 21977]
[21978 22022]
[22023 22100]
[22101 22185]
[22186 22243]
[22244 22296]
[22297 22317]
[22318 22343]
[22344 22654]
[22655 22749]
[22750 22817]
[22818 22859]
[22860 22903]
[22904 22968]
[22969 23077]
[23078 23135]
[23136 23180]
[23181 23229]
[23230 23316]
[23317 23395]
[23396 23449]
[23450 23747]
[23748 23840]
[23841 23902]
[23903 23987]
[23988 24046]
[24047 24105]
[24106 24165]
[24166 24215]
[24216 24337]
[24338 24385]
[24386 24419]
[24420 24703]
[24705 24946]
[24947 25030]
[25031 25134]
[25135 25257]
[25258 25367]
[25368 25449]
[25450 25511]
[25512 25620]
[25621 25675]
[25676 25985]
[25986 26099]
