[ 0 22]
[24 43]
[44 63]
[ 65 108]
[110 187]
[188 483]
[484 538]
[539 613]
[614 643]
[644 665]
[666 703]
[704 723]
[724 768]
[769 789]
[790 824]
[825 856]
[857 886]
[887 916]
[917 945]
[946 970]
[971 986]
[ 987 1019]
[1020 1130]
[1131 1571]
[1572 1643]
[1644 1682]
[1683 1720]
[1721 1950]
[1951 2011]
[2012 2074]
[2075 2139]
[2140 2177]
[2178 2501]
[2502 2733]
[2734 2793]
[2794 2879]
[2880 2931]
[2932 2980]
[2981 3078]
[3079 3658]
[3659 3711]
[3712 3821]
[3822 3936]
[3937 4032]
[4033 4114]
[4115 4169]
[4170 4313]
[4314 4359]
[4360 4439]
[4440 4500]
[4501 4568]
[4569 4654]
[4655 4774]
[4775 4854]
[4855 4893]
[4894 4991]
[4992 5064]
[5065 5125]
[5126 5190]
[5191 5932]
[5933 6039]
[6040 6060]
[6061 6142]
[6143 6163]
[6164 6231]
[6232 6266]
[6267 6298]
[6299 6381]
[6382 6460]
[6461 6518]
[6519 6606]
[6607 6682]
[6683 6729]
[6730 6792]
[6793 6848]
[6849 6930]
[6931 6979]
[6980 7038]
[7039 7074]
[7075 7131]
[7132 7169]
[7170 7206]
[7207 7261]
[7262 7868]
[7869 7915]
[7916 7982]
[7983 8029]
[8030 8076]
[8077 8172]
[8173 8211]
[8212 8245]
[8246 8287]
[8288 8495]
[8496 8526]
[8527 8571]
[8572 8616]
[8617 8643]
[8644 8683]
[8684 8704]
[8705 8735]
[8736 8789]
[8790 8818]
[8819 8845]
[8846 8912]
[8913 9093]
[9094 9164]
[9165 9213]
[9214 9280]
[9281 9352]
[9353 9428]
[9429 9570]
[ 9571 10033]
[10034 10141]
[10142 10229]
[10230 10353]
[10354 10428]
[10429 10470]
[10471 10633]
[10634 10705]
[10706 10794]
[10795 10831]
[10832 10922]
[10923 10999]
[11000 11047]
[11048 11121]
[11122 11221]
[11222 11325]
[11326 11353]
[11354 11407]
[11408 11450]
[11451 11465]
[11466 11917]
[11918 12006]
[12007 12101]
[12102 12182]
[12183 12400]
[12401 12460]
[12461 12502]
[12503 12548]
[12549 12589]
[12590 12624]
[12625 12657]
[12658 12746]
[12747 12793]
[12794 12856]
[12857 12895]
[12896 12931]
[12932 12963]
[12964 12998]
[12999 13098]
[13099 13142]
[13143 13186]
[13187 13227]
[13228 13275]
[13276 13339]
[13340 13405]
[13406 13818]
[13819 13853]
[13854 13947]
[13948 14024]
[14025 14105]
[14106 14157]
[14158 14221]
[14222 14287]
[14288 14312]
[14313 14492]
[14493 15105]
[15106 15122]
[15123 15157]
[15158 15183]
[15184 15225]
[15226 15263]
[15264 15298]
[15299 15433]
[15434 15528]
[15529 15573]
[15574 15613]
[15614 15640]
[15641 15699]
[15700 15753]
[15754 15799]
[15800 15840]
[15841 15879]
[15880 15978]
[15979 16012]
[16013 16077]
[16078 16129]
[16130 16169]
[16170 16254]
[16255 16309]
[16310 16374]
[16375 16438]
[16439 16481]
[16482 16551]
[16552 16707]
[16708 16756]
[16757 16794]
[16795 16822]
[16823 16853]
[16854 16887]
[16888 16921]
[16922 16948]
[16949 16975]
[16976 17004]
[17005 17031]
[17032 17057]
[17058 17537]
[17538 17624]
[17625 17759]
[17760 17798]
[17799 17926]
[17927 18023]
[18024 18102]
[18103 18303]
[18304 18486]
[18487 18522]
[18523 18664]
[18665 18723]
[18724 18809]
[18810 19472]
[19473 19489]
[19490 19591]
[19592 19638]
[19639 19742]
[19743 19902]
[19903 20066]
[20067 20147]
[20148 20191]
[20192 20275]
[20276 20420]
[20421 20548]
[20549 20577]
[20578 20786]
[20787 21154]
[21155 21346]
[21347 21432]
[21433 21450]
[21451 21544]
[21545 21632]
[21633 21692]
[21693 21748]
[21749 21827]
[21828 21891]
[21892 22000]
[22001 22040]
[22041 22098]
[22099 22181]
[22182 22230]
[22231 22288]
[22289 22353]
[22354 22403]
[22404 22686]
[22687 22759]
[22760 22841]
[22842 22918]
[22919 22985]
[22986 23070]
[23071 23182]
[23183 23389]
[23390 23455]
[23456 23517]
[23518 23580]
[23581 23623]
[23624 23675]
[23676 23773]
[23774 24128]
[24129 24159]
[24160 24348]
[24349 24415]
[24416 24502]
[24503 24562]
[24563 24618]
[24619 24729]
[24730 24838]
[24839 24927]
[24928 24991]
[24992 25046]
[25047 25092]
[25093 25139]
[25140 25170]
[25171 25222]
[25223 25460]
[25462 25502]
[25503 25570]
[25571 25662]
[25663 25741]
[25742 25797]
[25798 25873]
[25874 25915]
[25916 25958]
[25959 26053]
[26054 26135]
[26136 26152]
[26153 26269]
[26270 26400]
[26401 26438]
[26439 26487]
[26488 26578]
[26579 26644]
[26645 26697]
[26698 26804]
[26805 26835]
[26836 26863]
[26864 26892]
[26893 26920]
[26921 26951]
[26952 26984]
[26985 27008]
[27009 27037]
[27038 27061]
[27062 27084]
[27085 27107]
[27108 27127]
[27128 27153]
[27154 27249]
[27250 27497]
[27498 27578]
[27579 27719]
[27720 27804]
[27805 27830]
[27831 28058]
[28059 28096]
[28097 28339]
[28340 28399]
[28400 28563]
[28564 28631]
[28632 28726]
[28727 28857]
[28858 28908]
[28909 29101]
[29102 29181]
[29182 29211]
[29212 29435]
[29436 29495]
[29496 29561]
[29562 29632]
[29633 29718]
[29719 29774]
[29775 29914]
[29915 29999]
[30000 30115]
[30116 30238]
[30239 30502]
[30503 30540]
[30541 30639]
[30640 30687]
[30688 30772]
[30773 30863]
[30864 30944]
[30945 31037]
[31038 31125]
[31126 31141]
[31142 31161]
[31162 31214]
[31215 31267]
[31268 31302]
[31303 31354]
[31355 31388]
[31389 31418]
[31419 31779]
[31780 31846]
[31847 31900]
[31901 31949]
[31950 32002]
[32003 32055]
[32056 32112]
[32113 32181]
[32182 32239]
[32240 32309]
[32310 32372]
[32373 32454]
[32455 32512]
[32513 32665]
[32666 32721]
[32722 32782]
[32783 32829]
[32830 32882]
[32883 32969]
[32970 33008]
[33009 33060]
[33061 33093]
[33094 33585]
[33586 33649]
