[ 0 29]
[31 50]
[51 70]
[ 72 115]
[117 210]
[211 731]
[732 787]
[788 849]
[850 878]
[879 903]
[904 916]
[917 956]
[957 985]
[ 986 1040]
[1041 1074]
[1075 1108]
[1109 1165]
[1166 1229]
[1230 1267]
[1268 1368]
[1369 1813]
[1815 1862]
[1863 2013]
[2014 2033]
[2034 2277]
[2278 2355]
[2356 2598]
[2599 2784]
[2785 3001]
[3002 3021]
[3022 3086]
[3087 3088]
[3089 3263]
[3264 3360]
[3361 3413]
[3414 3480]
[3481 3622]
[3623 3882]
[3883 3927]
[3928 3988]
[3989 4043]
[4044 4085]
[4086 4132]
[4133 4289]
[4290 4326]
[4327 4379]
[4380 4496]
[4497 4534]
[4535 4594]
[4595 4647]
[4648 4697]
[4698 4720]
[4721 4776]
[4777 4944]
[4945 5018]
[5019 5085]
[5086 5225]
[5226 5321]
[5322 5441]
[5442 5491]
[5492 5906]
[5907 5947]
[5948 6024]
[6025 6082]
[6083 6182]
[6183 6256]
[6257 6339]
[6340 6374]
[6375 6421]
[6422 6506]
[6507 6576]
[6577 6674]
[6675 6933]
[6934 7029]
[7030 7149]
[7150 7205]
[7206 7253]
[7254 7316]
[7317 7356]
[7357 7400]
[7401 7434]
[7435 7487]
[7488 7852]
[7853 7934]
[7935 7983]
[7984 8035]
[8036 8086]
[8087 8166]
[8167 8221]
[8222 8493]
[8494 8536]
[8537 8565]
[8566 8608]
[8609 8782]
[8783 8863]
[8864 8919]
[8920 8963]
[8964 8999]
[9000 9100]
[9101 9149]
[9150 9172]
[9173 9221]
[9222 9264]
[9265 9341]
[9342 9876]
[9877 9944]
[9945 9995]
[ 9996 10059]
[10060 10097]
[10098 10136]
[10137 10161]
[10162 10175]
[10176 10408]
[10409 10543]
[10544 10578]
[10579 10679]
[10680 10801]
[10802 10848]
[10849 11002]
[11003 11095]
[11096 11118]
[11119 11152]
[11153 11212]
[11213 11310]
[11311 11357]
[11358 11414]
[11415 11762]
[11763 11789]
[11790 11896]
[11897 11937]
[11938 11986]
[11987 12041]
[12042 12079]
[12080 12121]
[12122 12264]
[12265 12399]
[12400 12464]
[12465 12490]
[12491 12665]
[12666 12671]
[12672 12730]
[12731 12740]
[12741 12764]
[12765 12788]
[12789 12812]
[12813 12845]
[12846 12878]
[12879 12938]
[12939 12975]
[12976 13018]
[13019 13065]
[13066 13110]
[13111 13163]
[13164 13206]
[13207 13389]
[13390 13538]
[13539 13679]
[13680 13733]
[13734 13760]
[13761 13793]
[13794 13821]
[13822 13853]
[13854 13894]
[13895 13937]
[13938 14143]
[14144 14187]
[14188 14220]
[14221 14308]
[14309 14408]
[14409 14472]
[14473 14487]
[14488 14527]
[14528 14558]
[14559 14701]
[14702 14790]
[14791 14829]
[14830 14858]
[14859 14909]
[14910 14948]
[14949 14966]
[14967 15016]
[15017 15072]
[15073 15122]
[15123 15183]
[15184 15241]
[15242 15288]
[15289 15303]
[15304 15313]
[15314 15327]
[15328 15348]
[15349 15389]
[15390 15421]
[15422 15508]
[15509 15558]
[15559 15588]
[15589 15689]
[15690 16002]
[16003 16058]
[16059 16098]
[16099 16115]
[16116 16172]
[16173 16196]
[16197 16321]
[16322 16372]
[16373 16476]
[16477 16585]
[16586 16625]
[16626 16705]
[16706 16785]
[16786 16842]
[16843 16880]
[16881 16893]
[16894 16955]
[16956 16995]
[16996 17022]
[17023 17045]
[17046 17200]
[17201 17604]
[17605 17670]
[17671 17736]
[17737 17774]
[17775 17800]
[17801 17866]
[17867 18016]
[18017 18059]
[18060 18093]
[18094 18129]
[18130 18154]
[18155 18189]
[18190 18211]
[18212 18230]
[18231 18250]
[18251 18301]
[18302 18602]
[18603 18746]
[18747 18796]
[18797 18863]
[18864 19016]
[19017 19111]
[19112 19198]
[19199 19217]
[19218 19388]
[19389 19584]
[19585 19597]
[19598 19808]
[19809 19901]
[19902 20057]
[20058 20165]
[20166 20222]
[20223 20259]
[20260 20339]
[20340 20457]
[20458 20756]
[20757 20804]
[20805 20826]
[20827 20848]
[20849 20880]
[20881 20940]
[20941 20970]
[20971 21029]
[21030 21068]
[21069 21078]
[21079 21147]
[21148 21212]
[21213 21247]
[21248 21293]
[21294 21398]
[21399 21454]
[21455 21513]
[21514 21595]
[21596 21801]
[21802 21866]
[21867 21906]
[21907 21928]
[21929 21993]
[21994 22040]
[22041 22094]
[22095 22179]
[22180 22238]
[22239 22501]
[22502 22599]
[22600 22718]
[22719 22803]
[22804 22901]
[22902 22972]
[22973 23027]
[23028 23084]
[23085 23164]
[23165 23337]
[23338 23397]
[23398 23512]
[23513 23583]
[23584 23766]
[23767 23856]
[23857 24013]
[24014 24106]
[24107 24245]
[24246 24290]
[24291 24466]
[24467 24522]
[24523 24723]
[24724 24782]
[24783 24964]
[24965 25020]
[25021 25044]
[25045 25093]
[25094 25123]
[25124 25229]
[25230 25650]
[25651 25699]
[25700 25737]
[25738 25842]
[25843 25893]
[25894 25932]
[25933 25989]
[25990 26039]
[26040 26315]
[26316 26362]
[26363 26392]
[26393 26417]
[26418 26629]
[26630 26693]
[26694 26749]
[26750 26792]
[26793 26845]
[26846 26933]
[26934 26989]
[26990 27287]
[27288 27337]
[27338 27476]
[27477 27529]
[27530 27583]
[27584 27730]
[27731 27777]
[27778 27829]
[27830 27861]
[27862 27918]
[27919 28006]
[28007 28100]
[28101 28174]
[28175 28194]
[28195 28261]
[28262 28321]
[28322 28388]
[28389 28529]
[28530 28645]
[28646 28680]
[28681 28783]
[28784 28813]
[28814 28867]
[28868 28975]
[28976 29034]
[29035 29222]
[29223 29240]
[29241 29272]
[29273 29540]
[29541 29718]
[29719 30009]
[30010 30066]
[30067 30247]
[30248 30300]
[30301 30380]
[30381 30447]
[30448 30513]
[30514 30574]
[30575 30636]
[30637 30708]
[30709 30778]
[30779 31089]
[31090 31244]
[31245 31456]
[31457 31510]
[31511 31527]
[31528 31604]
[31605 31709]
[31710 31802]
[31803 31882]
[31883 31933]
[31934 32255]
[32256 32332]
[32333 32414]
[32415 32491]
[32492 32543]
[32544 32608]
[32609 32697]
[32698 32790]
[32791 32871]
[32872 32932]
[32933 32970]
[32971 33014]
[33015 33050]
[33051 33097]
[33098 33167]
[33168 33330]
[33331 33444]
[33445 33504]
[33505 33534]
[33536 33660]
[33661 33835]
[33836 33975]
[33976 34017]
[34018 34074]
[34075 34130]
[34131 34195]
[34196 34328]
[34329 34363]
[34364 34444]
[34445 34534]
[34535 34549]
[34550 34596]
[34597 34652]
[34653 34751]
[34752 34763]
[34764 34806]
[34807 34891]
[34892 34903]
[34904 35129]
[35130 35675]
[35676 35709]
[35710 35746]
[35747 35869]
[35870 35920]
[35921 35941]
[35942 35963]
[35964 35999]
[36000 36030]
[36031 36053]
[36054 36073]
[36074 36330]
[36331 36504]
[36505 36636]
[36637 36680]
[36681 36732]
[36733 36779]
[36780 36964]
[36965 37121]
[37122 37194]
[37195 37270]
[37271 37348]
[37349 37524]
[37525 38200]
[38201 38299]
