[0 7]
[8 40]
[41 289]
[290 338]
[339 363]
[364 385]
[386 413]
[414 435]
[436 465]
[466 492]
[493 518]
[519 544]
[545 566]
[567 589]
[590 619]
[620 644]
[645 672]
[673 696]
[697 714]
[715 752]
[753 784]
[785 806]
[807 834]
[835 923]
[924 1186]
[1187 1275]
[1276 1528]
[1529 1610]
[1611 1719]
[1720 1746]
[1747 1868]
[1869 1959]
[1960 2021]
[2022 2377]
[2378 2464]
[2465 2544]
[2545 2647]
[2648 2733]
[2734 3004]
[3005 3027]
[3028 3170]
[3171 3280]
[3281 3297]
[3298 3395]
[3396 3500]
[3501 3581]
[3582 3681]
[3682 4032]
[4033 4104]
[4105 4171]
[4172 4208]
[4209 4253]
[4254 4316]
[4317 4550]
[4551 4686]
[4687 4760]
[4761 4818]
[4819 4877]
[4878 4932]
[4933 5160]
[5161 5285]
[5286 5372]
[5373 5475]
[5476 5529]
[5530 5960]
[5961 6272]
[6273 6570]
[6571 6709]
[6710 7068]
[7069 7164]
[7165 7268]
[7269 7313]
[7314 7368]
[7369 7410]
[7411 7451]
[7452 7486]
[7487 7518]
[7519 7548]
[7549 7595]
[7596 7644]
[7645 7681]
[7682 7714]
[7715 7809]
[7810 8291]
[8292 8328]
[8329 8405]
[8406 8476]
[8477 8561]
[8562 8637]
[8638 8721]
[8722 8818]
[8819 8907]
[8908 8988]
[8989 9060]
[9061 9132]
[9133 9191]
[9192 9246]
[9247 9332]
[9333 9392]
[9393 9465]
[9466 9540]
[9541 10116]
[10117 10174]
[10175 10249]
[10250 10322]
[10323 10368]
[10369 10404]
[10405 10483]
[10484 10541]
[10542 10636]
[10637 10711]
[10712 10788]
[10789 10849]
[10850 10942]
[10943 11019]
[11020 11071]
[11072 11123]
[11124 11157]
[11158 11330]
[11331 11656]
[11657 11759]
[11760 11864]
[11865 11914]
[11915 11958]
[11959 12003]
[12004 12049]
[12050 12090]
[12091 12160]
[12161 12252]
[12253 12357]
[12358 12451]
[12452 12690]
[12691 12845]
[12846 12934]
[12935 13031]
[13032 13135]
[13136 13225]
[13226 13290]
[13291 13343]
[13344 13435]
[13436 13478]
[13479 13507]
[13508 13544]
[13545 13583]
[13584 13619]
[13620 13652]
[13653 13686]
[13687 13718]
[13719 13775]
[13776 13814]
[13815 13855]
[13856 13881]
[13882 13908]
[13909 13955]
[13956 14019]
[14020 14079]
[14080 14124]
[14125 14215]
[14216 14305]
[14306 14358]
[14359 14677]
[14678 14749]
[14750 14797]
[14798 14824]
[14825 14910]
[14911 14963]
[14964 15062]
[15063 15131]
[15132 15522]
[15523 15612]
[15613 15657]
[15658 15750]
[15751 15891]
[15892 16095]
[16096 16275]
[16276 16412]
[16413 16827]
[16828 16904]
[16905 16956]
[16957 16996]
[16997 17150]
[17151 17217]
[17218 17287]
[17288 17319]
[17320 17347]
[17348 17397]
[17398 17466]
[17467 17618]
[17619 17667]
[17668 17926]
[17927 18065]
[18066 18156]
[18157 18224]
[18225 18329]
[18330 18815]
[18816 18953]
[18954 19117]
[19118 19223]
[19224 19386]
[19387 19512]
[19513 19593]
[19594 19632]
[19633 19750]
[19751 19866]
[19867 19967]
[19968 19997]
[19998 20066]
[20067 20521]
[20522 20584]
[20585 20651]
[20652 20701]
[20702 20858]
[20859 21044]
[21045 21219]
[21220 21349]
[21350 21475]
[21476 21643]
[21644 21713]
[21714 21768]
[21769 21939]
[21940 22002]
[22003 22082]
[22083 22161]
[22162 22321]
[22322 22775]
[22776 22787]
[22788 22866]
[22867 22908]
[22909 22966]
[22967 22998]
[22999 23072]
[23073 23300]
[23301 23380]
[23381 23406]
[23407 23451]
[23452 23475]
[23476 23540]
[23541 23583]
[23584 23668]
[23669 23739]
[23740 23762]
[23763 23841]
[23842 23952]
[23953 24032]
[24033 24248]
[24249 24319]
[24320 24391]
[24392 24488]
[24489 24516]
[24517 24658]
[24659 24689]
[24690 24759]
[24760 24879]
[24880 24979]
[24980 25071]
[25072 25173]
[25174 25219]
[25220 25343]
[25344 25389]
[25390 25432]
[25433 25499]
[25500 25562]
[25563 25614]
[25615 25677]
[25678 25727]
[25728 25793]
[25794 25832]
[25833 25974]
[25975 26011]
[26012 26105]
[26106 26196]
[26197 26306]
[26307 26402]
[26403 26478]
[26479 26564]
[26565 26637]
[26638 26665]
[26666 26714]
[26715 26778]
[26779 26853]
[26854 27093]
[27094 27185]
[27186 27289]
[27290 27327]
[27328 27421]
[27422 27489]
[27490 27621]
[27622 27707]
[27708 27784]
[27785 27854]
[27855 27941]
[27942 28045]
[28046 28132]
[28133 28482]
[28484 28563]
