[0 13]
[14 54]
[55 321]
[322 378]
[379 420]
[421 459]
[460 505]
[506 548]
[549 591]
[592 630]
[631 666]
[667 705]
[706 754]
[755 797]
[798 846]
[847 947]
[948 1256]
[1257 1300]
[1301 1345]
[1346 1388]
[1389 1441]
[1442 1523]
[1524 1606]
[1607 1630]
[1631 1691]
[1692 2040]
[2041 2112]
[2113 2192]
[2193 2251]
[2252 2305]
[2306 2343]
[2344 2390]
[2391 2456]
[2457 2692]
[2693 2834]
[2835 2954]
[2955 3064]
[3065 3189]
[3190 3244]
[3245 3526]
[3527 3857]
[3858 4140]
[4141 4326]
[4327 4616]
[4617 4692]
[4693 4839]
[4840 4883]
[4884 4960]
[4961 5237]
[5238 5287]
[5288 5340]
[5341 5392]
[5393 5474]
[5475 5545]
[5546 5616]
[5617 5733]
[5734 5781]
[5783 6144]
[6145 6216]
[6217 6280]
[6281 6341]
[6342 6408]
[6409 6536]
[6537 6585]
[6586 6650]
[6651 6709]
[6710 6778]
[6779 6842]
[6843 6991]
[6992 7035]
[7036 7077]
[7078 7119]
[7120 7161]
[7162 7212]
[7213 7265]
[7266 7321]
[7322 7366]
[7367 7414]
[7415 7498]
[7499 7771]
[7772 7810]
[7811 7859]
[7860 7899]
[7900 7937]
[7938 7966]
[7967 7998]
[7999 8047]
[8048 8056]
[8057 8125]
[8126 8182]
[8183 8224]
[8225 8282]
[8283 8319]
[8320 8372]
[8373 8406]
[8407 8458]
[8459 8495]
[8496 8537]
[8538 8579]
[8580 8605]
[8606 8645]
[8646 8683]
[8684 8698]
[8699 8793]
[8794 8878]
[8879 8965]
[8966 9051]
[9052 9139]
[9140 9206]
[9207 9263]
[9264 9314]
[9315 9366]
[9367 9441]
[9442 9492]
[9493 9514]
[9515 9541]
[9542 9668]
[9669 9715]
[9716 9787]
[9788 9864]
[9865 9942]
[9943 9977]
[9978 10400]
[10401 10497]
[10498 10568]
[10569 10731]
[10732 10804]
[10805 10999]
[11000 11190]
[11191 11238]
[11239 11290]
[11291 11316]
[11317 11364]
[11365 11439]
[11440 11505]
[11506 11578]
[11579 11714]
[11715 11722]
[11723 11844]
[11845 11937]
[11938 11999]
[12000 12050]
[12051 12097]
[12098 12138]
[12139 12179]
[12180 12218]
[12219 12241]
[12242 12280]
[12281 12309]
[12310 12341]
[12342 12433]
[12434 12747]
[12748 13273]
[13274 13330]
[13331 13442]
[13443 13559]
[13560 13633]
[13634 13809]
[13810 13951]
[13952 14042]
[14043 14343]
[14344 14541]
[14543 15107]
[15109 15292]
[15293 15504]
[15505 15763]
[15764 15877]
[15878 15912]
[15913 15985]
[15986 16006]
[16007 16044]
[16045 16197]
[16198 16236]
[16237 16307]
[16308 16401]
[16402 16501]
[16502 16631]
[16632 16696]
[16697 16790]
[16791 16957]
[16958 17017]
[17018 17088]
[17089 17238]
[17239 17369]
[17370 17440]
[17441 17520]
[17521 17554]
[17555 17616]
[17617 17714]
[17715 17807]
[17808 17904]
[17905 18002]
[18003 18071]
[18072 18178]
[18179 18285]
[18286 18348]
[18349 18458]
[18459 18523]
[18524 18818]
[18819 18908]
[18909 18984]
[18985 19030]
[19031 19076]
[19077 19263]
[19264 19274]
[19275 19455]
[19456 19512]
[19513 19585]
[19586 19618]
[19619 19680]
[19681 19748]
[19749 19810]
[19811 19861]
[19862 19908]
[19909 19949]
[19950 19990]
[19991 20049]
[20050 20075]
[20076 20095]
[20096 20149]
[20150 20250]
[20251 20535]
[20536 20610]
[20611 20724]
[20725 20775]
[20776 20828]
[20829 20941]
[20942 20981]
[20982 21036]
[21037 21091]
[21092 21150]
[21151 21238]
[21239 21288]
[21289 21330]
[21331 21405]
[21406 21461]
[21462 21520]
[21521 21574]
[21575 21616]
[21617 21670]
[21671 21736]
[21737 21791]
[21792 22066]
[22067 22361]
[22362 22500]
[22501 22634]
[22635 22809]
[22810 23062]
[23063 23133]
[23134 23514]
[23515 23688]
[23689 23808]
[23809 23911]
[23912 23944]
[23945 24340]
[24341 24397]
[24398 24503]
[24504 24522]
[24523 24603]
[24604 24703]
[24704 24767]
[24768 24867]
[24868 24936]
[24937 24997]
[24998 25360]
[25361 25467]
[25468 25617]
[25618 25795]
[25796 25994]
[25995 26275]
[26276 26710]
[26711 26834]
[26835 27203]
[27204 27358]
[27359 27484]
[27485 27632]
[27633 27870]
[27871 27977]
[27978 28049]
[28050 28146]
[28147 28473]
[28474 28607]
[28608 28687]
[28688 28811]
[28812 29023]
[29024 29103]
[29104 29274]
[29275 29411]
[29412 29518]
[29519 29651]
[29652 29755]
[29756 29834]
[29835 29917]
[29918 30207]
[30208 30311]
[30312 30407]
[30408 30557]
[30558 30611]
[30612 30662]
[30663 30714]
[30715 30746]
[30747 30911]
[30912 30995]
[30996 31227]
[31228 31339]
[31340 31403]
[31404 31437]
[31438 31457]
[31458 31610]
[31611 31776]
[31777 31969]
[31970 32008]
[32009 32185]
[32186 32273]
[32274 32492]
[32493 32538]
[32539 32638]
[32639 32655]
[32656 32883]
[32884 33207]
[33208 33320]
[33321 33459]
[33460 33514]
[33515 33780]
[33781 33869]
