[0 23]
[25 247]
[248 307]
[308 350]
[351 387]
[388 434]
[435 479]
[480 521]
[522 558]
[559 608]
[609 683]
[684 731]
[732 781]
[782 893]
[894 1276]
[1277 1307]
[1308 1359]
[1360 1385]
[1386 1451]
[1452 1495]
[1496 1536]
[1537 1601]
[1602 1635]
[1636 1707]
[1708 1792]
[1793 1856]
[1857 1921]
[1922 2018]
[2019 2152]
[2153 2217]
[2218 2296]
[2297 2338]
[2339 2471]
[2472 2803]
[2804 2938]
[2939 3083]
[3084 3172]
[3173 3259]
[3260 3325]
[3326 3376]
[3378 3424]
[3425 3546]
[3547 3578]
[3579 3726]
[3727 3898]
[3899 3979]
[3980 4205]
[4206 4351]
[4352 4994]
[4995 5049]
[5050 5123]
[5124 5192]
[5193 5273]
[5274 5324]
[5325 5384]
[5385 5436]
[5437 5497]
[5498 5533]
[5534 5587]
[5588 5646]
[5647 5685]
[5686 5726]
[5727 5745]
[5746 6037]
[6038 6124]
[6125 6163]
[6164 6226]
[6227 6309]
[6310 6338]
[6339 6366]
[6367 6408]
[6409 6488]
[6489 6553]
[6554 6677]
[6678 6723]
[6724 6775]
[6776 6857]
[6858 6920]
[6921 6983]
[6984 7104]
[7105 7171]
[7172 7251]
[7252 7302]
[7303 7359]
[7360 7426]
[7427 7490]
[7491 7579]
[7580 7937]
[7938 7973]
[7974 8021]
[8022 8064]
[8065 8114]
[8115 8164]
[8165 8201]
[8202 8262]
[8263 8344]
[8345 8388]
[8389 8525]
[8526 8568]
[8569 8612]
[8613 8663]
[8664 8714]
[8715 8853]
[8854 8987]
[8988 9059]
[9060 9117]
[9118 9179]
[9180 9267]
[9268 9309]
[9310 9406]
[9407 9649]
[9650 10153]
[10154 10233]
[10235 10278]
[10279 10363]
[10364 10450]
[10451 10507]
[10508 10522]
[10523 10568]
[10569 10594]
[10595 10678]
[10679 10722]
[10723 10790]
[10791 10901]
[10902 10948]
[10949 10978]
[10979 11033]
[11034 11240]
[11241 11329]
[11330 11390]
[11391 11433]
[11434 11560]
[11561 11600]
[11601 11694]
[11695 11730]
[11731 11763]
[11764 11800]
[11801 11840]
[11841 11874]
[11875 11930]
[11931 11975]
[11976 12034]
[12035 12134]
[12135 12481]
[12482 12542]
[12543 12590]
[12591 12640]
[12641 12694]
[12695 12749]
[12750 12791]
[12792 12842]
[12843 12892]
[12893 12938]
[12939 12984]
[12985 13023]
[13024 13070]
[13071 13112]
[13113 13169]
[13170 13220]
[13221 13265]
[13266 13322]
[13323 13364]
[13365 13810]
[13811 13960]
[13961 14073]
[14074 14214]
[14215 14360]
[14361 14522]
[14523 14572]
[14573 14958]
[14959 15322]
[15323 15691]
[15692 15710]
[15711 16013]
[16014 16095]
[16096 16186]
[16187 16223]
[16224 16547]
[16548 16723]
[16724 16837]
[16838 16940]
[16941 16953]
[16954 17174]
[17175 17230]
[17231 17311]
[17312 17393]
[17394 17471]
[17472 17545]
[17546 17620]
[17621 17671]
[17672 17729]
[17730 17804]
[17805 17872]
[17873 17940]
[17941 17998]
[17999 18036]
[18037 18078]
[18079 18496]
[18497 18624]
[18625 18943]
[18944 19070]
[19071 19153]
[19154 19330]
[19331 19428]
[19429 19549]
[19550 19645]
[19646 19745]
[19746 19838]
[19839 19841]
[19842 19904]
[19905 20227]
[20228 20437]
[20438 20486]
[20487 20543]
[20544 20690]
[20691 20786]
[20787 20845]
[20846 20896]
[20897 20970]
[20971 21087]
[21088 21267]
[21268 21393]
[21394 21433]
[21434 21598]
[21599 21872]
[21873 21968]
[21969 22036]
[22037 22128]
[22129 22178]
[22179 22376]
[22377 22432]
[22433 22466]
[22467 22510]
[22511 22605]
[22606 22634]
[22635 22729]
[22730 22802]
[22803 22844]
[22845 22986]
[22987 23150]
[23151 23515]
[23516 23582]
[23583 23654]
[23655 23743]
[23744 23861]
[23862 24003]
[24004 24238]
[24239 24351]
[24352 24406]
[24407 24475]
[24476 24511]
[24512 24609]
[24610 24747]
[24748 25015]
[25016 25081]
[25082 25249]
[25250 25302]
[25303 25349]
[25350 25430]
[25431 25500]
[25501 25539]
[25540 25568]
[25569 25882]
[25883 25960]
