[0 25]
[26 257]
[258 322]
[323 357]
[358 393]
[394 422]
[423 450]
[451 492]
[493 539]
[540 573]
[574 614]
[615 646]
[647 672]
[673 699]
[700 773]
[774 803]
[804 901]
[902 1365]
[1366 1411]
[1412 1481]
[1482 1556]
[1557 1635]
[1636 1719]
[1720 1783]
[1784 1847]
[1848 1922]
[1923 1994]
[1995 2040]
[2041 2089]
[2090 2133]
[2134 2165]
[2166 2231]
[2232 2294]
[2295 2342]
[2343 2530]
[2531 2596]
[2597 2647]
[2648 2691]
[2692 2730]
[2731 2769]
[2770 2813]
[2814 3063]
[3064 3137]
[3138 3338]
[3339 3629]
[3630 3698]
[3699 3776]
[3777 3920]
[3921 4051]
[4052 4171]
[4172 4302]
[4303 4630]
[4631 4758]
[4759 4889]
[4890 4935]
[4936 4997]
[4998 5051]
[5052 5180]
[5181 5265]
[5266 5340]
[5341 5390]
[5391 5463]
[5464 5545]
[5546 5629]
[5630 5690]
[5691 5751]
[5752 6206]
[6207 6260]
[6261 6319]
[6320 6370]
[6371 6424]
[6425 6467]
[6468 6528]
[6529 6549]
[6550 6576]
[6577 6643]
[6644 6695]
[6696 6715]
[6716 6854]
[6855 6899]
[6900 6954]
[6955 7005]
[7006 7039]
[7040 7082]
[7083 7136]
[7137 7176]
[7177 7242]
[7243 7301]
[7302 7330]
[7331 7372]
[7373 7435]
[7436 7500]
[7501 7581]
[7582 7629]
[7630 7727]
[7728 7777]
[7778 7831]
[7832 7859]
[7860 8133]
[8134 8364]
[8365 8464]
[8465 8494]
[8495 8571]
[8572 8617]
[8618 8677]
[8678 8796]
[8797 8844]
[8845 8894]
[8895 8937]
[8938 8996]
[8997 9038]
[9039 9086]
[9087 9143]
[9144 9198]
[9199 9258]
[9259 9443]
[9444 9685]
[9686 9792]
[9793 9806]
[9807 9852]
[9853 9907]
[9908 9949]
[9950 10005]
[10006 10067]
[10068 10106]
[10107 10138]
[10139 10196]
[10197 10226]
[10227 10250]
[10251 10333]
[10334 10401]
[10402 10467]
[10468 10508]
[10509 10549]
[10550 10647]
[10648 10718]
[10719 10797]
[10798 10874]
[10875 10946]
[10947 10987]
[10988 11039]
[11040 11083]
[11084 11126]
[11127 11456]
[11457 12298]
[12299 12599]
[12600 12791]
[12792 12981]
[12982 13089]
[13090 13455]
[13456 13483]
[13484 13659]
[13660 13729]
[13730 13799]
[13800 13869]
[13870 13929]
[13930 13997]
[13998 14099]
[14100 14180]
[14181 14279]
[14280 14359]
[14360 14408]
[14409 15001]
[15002 15073]
[15074 15123]
[15124 15158]
[15159 15386]
[15387 15427]
[15428 15505]
[15506 15579]
[15580 15603]
[15604 15661]
[15662 15693]
[15694 15947]
[15948 15996]
[15997 16018]
[16019 16057]
[16058 16097]
[16098 16225]
[16226 16339]
[16340 16417]
[16418 16459]
[16460 16495]
[16496 16602]
[16603 16644]
[16645 16670]
[16671 16706]
[16707 16736]
[16737 16757]
[16758 16782]
[16783 16820]
[16821 16848]
[16849 16884]
[16885 16912]
[16913 16946]
[16947 16977]
[16978 17051]
[17052 17437]
[17438 17627]
[17628 17857]
[17858 18060]
[18061 18297]
[18298 18588]
[18589 18773]
[18774 18923]
[18924 19457]
[19458 19497]
[19498 19540]
[19541 19627]
[19628 19833]
[19834 19882]
[19883 19999]
[20000 20095]
[20096 20156]
[20157 20265]
[20266 20387]
[20388 20457]
[20458 20507]
[20508 20587]
[20588 20637]
[20638 20747]
[20748 20807]
[20808 20898]
[20899 21324]
[21325 21364]
[21365 21424]
[21425 21479]
[21480 21528]
[21529 21569]
[21570 21612]
[21613 21659]
[21660 21713]
[21714 21765]
[21766 21819]
[21820 21868]
[21869 21916]
[21917 21960]
[21961 21998]
[21999 22053]
[22054 22178]
[22179 22221]
[22222 22286]
[22287 22318]
[22319 22358]
[22359 22398]
[22399 22436]
[22437 22478]
[22479 22516]
[22517 22674]
[22675 23068]
[23069 23234]
[23235 23262]
[23263 23360]
[23361 23494]
[23495 23609]
[23610 23647]
[23648 23837]
[23838 24135]
[24136 24213]
[24214 24278]
[24279 24411]
[24412 24571]
[24572 24652]
[24653 24714]
[24715 25067]
[25068 25244]
[25245 25293]
[25294 25349]
[25350 25409]
[25410 25459]
[25460 25503]
[25504 25558]
[25559 25617]
[25618 25636]
[25637 25694]
[25695 25767]
[25768 25819]
[25820 25862]
[25863 25901]
[25902 25931]
[25932 25962]
[25963 25976]
[25977 26027]
[26028 26068]
[26069 26103]
[26104 26182]
[26183 26232]
[26233 26567]
[26568 26584]
[26585 26679]
[26680 26810]
[26811 26899]
[26900 26971]
[26972 27103]
[27104 27173]
[27174 27277]
[27278 27390]
[27391 27460]
[27461 27544]
[27545 27686]
[27687 28164]
[28165 28221]
[28222 28266]
[28267 28346]
[28347 28623]
[28624 28674]
[28675 29062]
