[0 11]
[12 51]
[52 438]
[439 494]
[495 530]
[531 567]
[568 621]
[622 707]
[708 745]
[746 794]
[795 837]
[838 869]
[870 928]
[929 1502]
[1503 1547]
[1548 1584]
[1585 1610]
[1611 1661]
[1662 1679]
[1680 1711]
[1712 1780]
[1781 1828]
[1829 1857]
[1858 1896]
[1897 1933]
[1934 2059]
[2060 2103]
[2104 2240]
[2241 2275]
[2276 2326]
[2327 2367]
[2368 2405]
[2406 2439]
[2440 2486]
[2487 2683]
[2684 2741]
[2742 2781]
[2782 2820]
[2821 2847]
[2848 2944]
[2945 3006]
[3007 3400]
[3401 3445]
[3446 3541]
[3542 3659]
[3660 3727]
[3728 3768]
[3769 3838]
[3839 3858]
[3859 3973]
[3974 3996]
[3997 4030]
[4031 4109]
[4110 4152]
[4153 4168]
[4169 4211]
[4212 4315]
[4316 4378]
[4379 4426]
[4427 4474]
[4475 4558]
[4559 4635]
[4636 4670]
[4671 4705]
[4706 4729]
[4730 4764]
[4765 4815]
[4816 5337]
[5339 5467]
[5468 5515]
[5516 5559]
[5560 5612]
[5613 5654]
[5655 5698]
[5699 5758]
[5759 5844]
[5845 5927]
[5928 6103]
[6104 6127]
[6128 6168]
[6169 6193]
[6194 6219]
[6220 6248]
[6249 6455]
[6456 6512]
[6513 6559]
[6560 6613]
[6614 6683]
[6684 6729]
[6730 6772]
[6773 6822]
[6823 6881]
[6882 7520]
[7522 7595]
[7596 7677]
[7678 7830]
[7831 7922]
[7923 7947]
[7948 8005]
[8006 8066]
[8067 8121]
[8122 8244]
[8245 8331]
[8332 8383]
[8384 8429]
[8430 8482]
[8483 8525]
[8526 8604]
[8605 8613]
[8614 8670]
[8671 8710]
[8711 8774]
[8775 8830]
[8831 8982]
[8983 9269]
[9270 9599]
[9600 9660]
[9661 9724]
[9725 9777]
[9778 9866]
[9867 10028]
[10029 10318]
[10319 10400]
[10401 10489]
[10490 10572]
[10573 10632]
[10633 10674]
[10675 10748]
[10749 10844]
[10845 10928]
[10929 10970]
[10971 11038]
[11039 11130]
[11131 11220]
[11221 11327]
[11328 11374]
[11375 11436]
[11437 11508]
[11509 11551]
[11552 11611]
[11612 11667]
[11668 11725]
[11726 12033]
[12034 12125]
[12126 12190]
[12191 12245]
[12246 12291]
[12292 12338]
[12339 12417]
[12418 12497]
[12498 12575]
[12576 12646]
[12647 12735]
[12736 12804]
[12805 12861]
[12862 12919]
[12920 12979]
[12980 13031]
[13032 13046]
[13047 13088]
[13089 13185]
[13186 13215]
[13216 13299]
[13300 13779]
[13780 13966]
[13967 14075]
[14076 14285]
[14286 14369]
[14370 14466]
[14467 14533]
[14534 14659]
[14660 14745]
[14746 14880]
[14881 14947]
[14948 15076]
[15077 15134]
[15135 15534]
[15535 15562]
[15563 15587]
[15588 15619]
[15620 15672]
[15673 15717]
[15718 15778]
[15779 15909]
[15910 15988]
[15989 16043]
[16044 16101]
[16102 16131]
[16132 16180]
[16181 16236]
[16237 16310]
[16311 16381]
[16382 16454]
[16455 16760]
[16761 16842]
[16843 16917]
[16918 16987]
[16988 17033]
[17034 17070]
[17071 17134]
[17135 17178]
[17179 17260]
[17261 17293]
[17294 17329]
[17330 17363]
[17364 17426]
[17427 17481]
[17482 17539]
[17540 17606]
[17607 17669]
[17670 17725]
[17726 17764]
[17765 17819]
[17820 17868]
[17869 18283]
[18285 18399]
[18400 18521]
[18522 18596]
[18597 18657]
[18658 18742]
[18743 18816]
[18817 18871]
[18872 18927]
[18928 18975]
[18976 19008]
[19009 19111]
[19112 19146]
[19147 19183]
[19184 19211]
[19212 19250]
[19251 19653]
[19655 19682]
[19683 19739]
[19740 19773]
[19774 19934]
[19935 19984]
[19985 20042]
[20043 20092]
[20093 20133]
[20134 20177]
[20178 20215]
[20216 20274]
[20275 20385]
[20386 20439]
[20440 20471]
[20472 20515]
[20516 20566]
[20567 20608]
[20609 20635]
[20636 20741]
[20742 20779]
[20780 21078]
[21079 21119]
[21120 21151]
[21152 21251]
[21252 21352]
[21353 21409]
[21410 21434]
[21435 21467]
[21468 21549]
[21550 21568]
[21569 21602]
[21603 21678]
[21679 21711]
[21712 21785]
[21786 21877]
[21878 22015]
[22016 22080]
[22081 22131]
[22132 22231]
[22232 22276]
[22277 22343]
[22344 22379]
[22380 22413]
[22414 22442]
[22443 22816]
[22817 22893]
[22895 23026]
[23027 23172]
[23173 23299]
[23300 23353]
[23354 23403]
[23404 23494]
[23495 23588]
[23589 23695]
[23696 23780]
[23781 23894]
[23895 24019]
[24020 24142]
[24143 24226]
[24227 24334]
[24335 24536]
[24537 24676]
[24677 24829]
[24830 24904]
[24905 25350]
[25351 25502]
[25503 25584]
[25585 25684]
[25685 26197]
[26198 26281]
