[0 9]
[10 53]
[54 352]
[353 409]
[410 452]
[453 489]
[490 532]
[533 576]
[577 605]
[606 700]
[701 742]
[743 777]
[778 832]
[833 1147]
[1148 1259]
[1260 1381]
[1383 1511]
[1512 1610]
[1611 1730]
[1731 1797]
[1798 1865]
[1866 1928]
[1929 2010]
[2011 2082]
[2083 2117]
[2118 2164]
[2165 2962]
[2963 3031]
[3032 3073]
[3074 3120]
[3121 3166]
[3167 3237]
[3238 3294]
[3295 3357]
[3358 3402]
[3403 3458]
[3459 3518]
[3519 3556]
[3557 3577]
[3578 3617]
[3618 3666]
[3667 3689]
[3690 3717]
[3718 3743]
[3744 3832]
[3833 3902]
[3903 3950]
[3951 3997]
[3998 4043]
[4044 4096]
[4097 4121]
[4122 4558]
[4559 4618]
[4619 4663]
[4664 4735]
[4736 4794]
[4795 4861]
[4862 4935]
[4936 5000]
[5001 5064]
[5065 5110]
[5111 5161]
[5162 5178]
[5179 5262]
[5263 5363]
[5364 5458]
[5459 5648]
[5649 5710]
[5711 5783]
[5784 5850]
[5851 5920]
[5921 6000]
[6001 6058]
[6059 6178]
[6179 6527]
[6528 6599]
[6600 6650]
[6651 6701]
[6702 6765]
[6766 6825]
[6826 6872]
[6873 6903]
[6904 7100]
[7101 7175]
[7176 7235]
[7236 7292]
[7293 7359]
[7360 7418]
[7419 7458]
[7459 7561]
[7562 7612]
[7613 7664]
[7665 7802]
[7803 7827]
[7828 7881]
[7882 7901]
[7902 7998]
[7999 8280]
[8281 8366]
[8367 8405]
[8406 8424]
[8425 8466]
[8467 8509]
[8510 8575]
[8576 8614]
[8615 8672]
[8673 8732]
[8733 8790]
[8791 8916]
[8917 8960]
[8961 9060]
[9061 9089]
[9090 9127]
[9128 9209]
[9210 9256]
[9257 9298]
[9299 9342]
[9343 9389]
[9390 9460]
[9461 9534]
[9535 9647]
[9648 9981]
[9982 10167]
[10168 10238]
[10239 10310]
[10311 10370]
[10371 10444]
[10445 10507]
[10508 10598]
[10599 10692]
[10693 10811]
[10812 10922]
[10923 11050]
[11051 11153]
[11154 11206]
[11207 11421]
[11422 11644]
[11645 11723]
[11724 11803]
[11804 11911]
[11912 12064]
[12065 12144]
[12145 12199]
[12200 12297]
[12298 12319]
[12320 12599]
[12600 12685]
[12686 12776]
[12777 12854]
[12855 12930]
[12931 12990]
[12991 13089]
[13090 13179]
[13180 13210]
[13211 13263]
[13264 13363]
[13364 13439]
[13440 13482]
[13483 13654]
[13655 13752]
[13753 13845]
[13846 13932]
[13933 14025]
[14026 14126]
[14127 14219]
[14220 14304]
[14305 14372]
[14373 14438]
[14439 14864]
[14865 14926]
[14927 14982]
[14983 15036]
[15037 15106]
[15107 15130]
[15131 15187]
[15188 15247]
[15248 15275]
[15276 15327]
[15328 15393]
[15394 15443]
[15444 15509]
[15510 15572]
[15573 15651]
[15652 15727]
[15728 15770]
[15771 15841]
[15842 15907]
[15908 15959]
[15960 16036]
[16037 16055]
[16056 16091]
[16092 16406]
[16407 16702]
[16703 17156]
[17157 17297]
[17299 17353]
[17354 17400]
[17401 17442]
[17443 17486]
[17487 17533]
[17534 17604]
[17605 17610]
[17611 17668]
[17669 17702]
[17703 17796]
[17797 18207]
[18208 18301]
[18302 18395]
[18396 18657]
[18658 18728]
[18729 18793]
[18794 18871]
[18872 18973]
[18974 19068]
[19069 19135]
[19136 19261]
[19262 19355]
[19356 19400]
[19401 19446]
[19447 19577]
[19578 19945]
[19946 20007]
[20008 20070]
[20071 20125]
[20126 20190]
[20191 20248]
[20249 20313]
[20314 20619]
[20620 20735]
[20736 20783]
[20784 20828]
[20829 20912]
[20913 21011]
[21012 21102]
[21103 21153]
[21154 21676]
[21677 21737]
[21738 21788]
[21789 21847]
[21848 21904]
[21905 21964]
[21965 22079]
[22080 22143]
[22144 22201]
[22202 22259]
[22260 22306]
[22307 22361]
[22362 22419]
[22420 22475]
[22476 22521]
[22522 22569]
[22570 22617]
[22618 22686]
[22687 22922]
[22923 22980]
[22981 23037]
[23038 23092]
[23093 23202]
[23203 23589]
[23590 23710]
[23711 23775]
[23776 23834]
[23835 23962]
[23963 24083]
[24084 24164]
[24165 24233]
[24234 24284]
[24285 24337]
[24338 24384]
[24385 24462]
[24463 24564]
[24565 24620]
[24621 24694]
[24695 24760]
[24761 24889]
[24890 24929]
[24930 24984]
[24985 25051]
[25052 25191]
[25192 25396]
[25398 25487]
[25488 25531]
[25532 25567]
[25568 25625]
[25626 25632]
[25633 25728]
[25729 25730]
[25731 25829]
[25830 25864]
[25865 25923]
[25924 26026]
[26027 26057]
[26058 26134]
[26135 26257]
[26258 26318]
[26319 26376]
[26377 26480]
[26481 26518]
[26519 26700]
[26701 26789]
[26790 26854]
[26855 26919]
[26920 26978]
[26979 27031]
[27032 27171]
[27172 27284]
[27285 27545]
[27546 27598]
[27599 27762]
[27763 27831]
[27832 28032]
[28033 28083]
[28084 28295]
[28296 28645]
[28646 29010]
[29011 29118]
[29119 29387]
[29388 29429]
[29430 29466]
[29467 29503]
[29504 29550]
[29551 29588]
[29589 29903]
[29904 29998]
