[0 23]
[25 268]
[269 328]
[329 359]
[360 426]
[427 455]
[456 498]
[499 538]
[539 579]
[580 625]
[626 671]
[672 702]
[703 752]
[753 1134]
[1135 1184]
[1185 1238]
[1239 1306]
[1307 1368]
[1369 1403]
[1404 1521]
[1522 1564]
[1565 1622]
[1623 1655]
[1656 1716]
[1717 1760]
[1761 1819]
[1820 1876]
[1877 1958]
[1959 2001]
[2002 2081]
[2082 2107]
[2108 2167]
[2168 2233]
[2234 2264]
[2265 2306]
[2307 2355]
[2356 2400]
[2401 2442]
[2443 2477]
[2478 2511]
[2512 2566]
[2567 2606]
[2607 2899]
[2900 2932]
[2933 3049]
[3050 3133]
[3134 3200]
[3201 3277]
[3278 3404]
[3405 3461]
[3462 3528]
[3529 3641]
[3642 3761]
[3762 3885]
[3886 3990]
[3991 4063]
[4064 4130]
[4131 4194]
[4195 4647]
[4648 4720]
[4721 4739]
[4740 4874]
[4875 4911]
[4912 4946]
[4947 5051]
[5052 5100]
[5101 5226]
[5227 5297]
[5298 5382]
[5383 5490]
[5491 5673]
[5674 5728]
[5729 5878]
[5879 5959]
[5960 6045]
[6046 6115]
[6116 6161]
[6162 6201]
[6202 6676]
[6677 6762]
[6763 6807]
[6808 6884]
[6885 7003]
[7004 7130]
[7131 7211]
[7212 7423]
[7424 7512]
[7513 7565]
[7566 7691]
[7692 7823]
[7824 7888]
[7889 7981]
[7982 8039]
[8040 8205]
[8206 8744]
[8745 8817]
[8818 8890]
[8891 8976]
[8977 9001]
[9002 9063]
[9064 9131]
[9132 9202]
[9203 9277]
[9278 9320]
[9321 9387]
[9388 9421]
[9422 9479]
[9480 9537]
[9538 9578]
[9579 9649]
[9650 9711]
[9712 9759]
[9760 9821]
[9822 9876]
[9877 9920]
[9921 9945]
[9946 10007]
[10008 10071]
[10072 10144]
[10145 10187]
[10188 10244]
[10245 10641]
[10642 10729]
[10730 10812]
[10813 10835]
[10836 10930]
[10931 11070]
[11071 11144]
[11145 11258]
[11259 11366]
[11367 11434]
[11435 11521]
[11522 11573]
[11574 11646]
[11647 11835]
[11836 11927]
[11928 11976]
[11977 12044]
[12045 12107]
[12108 12185]
[12186 12366]
[12367 12623]
[12624 12784]
[12785 12921]
[12922 13272]
[13273 13426]
[13427 13800]
[13801 14019]
[14020 14385]
[14386 14600]
[14601 15054]
[15055 15122]
[15123 15226]
[15227 15492]
[15493 15613]
[15614 15749]
[15750 15834]
[15835 15958]
[15959 15994]
[15995 16101]
[16102 16241]
[16242 16394]
[16395 16432]
[16433 16487]
[16488 16519]
[16520 16563]
[16564 16641]
[16642 16836]
[16837 16907]
[16908 16951]
[16952 17036]
[17037 17161]
[17162 17228]
[17229 17322]
[17323 17370]
[17371 17447]
[17448 17552]
[17553 17621]
[17622 17678]
[17679 17725]
[17726 17882]
[17883 17941]
[17942 17980]
[17981 18023]
[18024 18064]
[18065 18123]
[18124 18177]
[18178 18217]
[18218 18325]
[18326 18627]
[18628 18880]
[18881 18974]
[18975 19024]
[19025 19067]
[19068 19157]
[19158 19231]
[19232 19271]
[19272 19345]
[19346 19378]
[19379 19420]
[19421 19593]
[19594 19646]
[19647 19692]
[19693 19721]
[19722 19753]
[19754 19820]
[19821 20108]
[20109 20197]
[20198 20257]
[20258 20352]
[20353 20415]
[20416 20582]
[20583 20613]
[20614 20655]
[20656 20726]
[20727 20807]
[20808 20842]
[20843 20913]
[20914 20990]
[20991 21041]
[21042 21375]
[21376 21448]
[21449 21529]
[21530 21628]
[21629 21756]
[21757 21824]
[21825 21896]
[21897 21955]
[21956 22005]
[22006 22135]
[22136 22251]
[22252 22279]
[22280 22332]
[22333 22387]
[22388 22453]
[22454 22527]
[22528 22571]
[22572 22613]
[22614 22671]
[22672 22769]
[22770 23089]
[23090 23304]
[23306 23370]
[23371 23409]
[23410 23472]
[23473 23519]
[23520 23563]
[23564 23623]
[23624 23682]
[23683 23708]
[23709 23724]
[23725 23987]
[23988 24057]
[24058 24096]
[24097 24184]
[24185 24301]
[24302 24357]
[24358 24432]
[24433 24452]
[24453 24480]
[24481 24555]
[24556 24607]
[24608 24650]
[24651 24702]
[24703 24764]
[24765 24837]
[24838 24869]
[24870 24909]
[24910 24947]
[24948 25082]
[25083 25119]
[25120 25442]
[25443 25562]
[25563 25637]
[25638 25710]
[25711 25849]
[25850 26022]
[26023 26103]
[26104 26206]
[26207 26258]
[26259 26312]
[26313 26361]
[26362 26427]
[26428 26480]
[26481 26557]
[26558 26934]
[26935 27403]
[27404 27690]
[27691 27788]
