[0 29]
[30 276]
[277 338]
[339 374]
[375 421]
[422 524]
[525 566]
[567 662]
[663 696]
[697 821]
[822 921]
[922 1473]
[1474 1530]
[1531 1573]
[1574 1615]
[1616 1673]
[1674 1717]
[1718 1739]
[1740 1781]
[1782 1889]
[1890 1942]
[1943 2002]
[2003 2027]
[2028 2071]
[2072 2107]
[2108 2144]
[2145 2196]
[2197 2283]
[2284 2338]
[2339 2430]
[2431 2487]
[2488 2546]
[2547 2598]
[2599 2660]
[2661 2739]
[2740 2828]
[2829 2847]
[2848 2938]
[2939 3264]
[3265 3375]
[3376 3505]
[3506 3563]
[3564 3581]
[3582 3642]
[3643 3689]
[3690 3740]
[3741 3786]
[3787 3828]
[3829 3920]
[3921 4009]
[4010 4068]
[4069 4157]
[4158 4206]
[4207 4262]
[4263 4328]
[4329 4409]
[4410 4824]
[4825 4846]
[4848 4891]
[4892 4932]
[4933 4971]
[4972 5019]
[5020 5033]
[5034 5072]
[5073 5134]
[5135 5191]
[5192 5244]
[5245 5275]
[5276 5328]
[5329 5412]
[5413 5491]
[5492 5553]
[5554 5614]
[5615 5661]
[5662 5707]
[5708 5760]
[5761 5786]
[5787 5937]
[5938 6477]
[6478 6544]
[6545 6597]
[6598 6628]
[6629 6690]
[6691 6757]
[6758 6771]
[6772 6814]
[6815 6861]
[6862 6896]
[6897 6933]
[6934 7061]
[7062 7098]
[7099 7125]
[7126 7200]
[7201 7258]
[7259 7410]
[7411 7466]
[7467 7503]
[7504 7549]
[7550 7593]
[7594 7630]
[7631 7689]
[7690 7741]
[7742 7787]
[7788 7813]
[7814 7854]
[7855 7921]
[7922 8328]
[8329 8430]
[8431 8494]
[8495 8561]
[8562 8669]
[8670 8823]
[8824 8937]
[8938 9111]
[9112 9158]
[9159 9200]
[9201 9219]
[9220 9325]
[9326 9402]
[9403 9477]
[9478 9521]
[9522 9590]
[9591 9763]
[9764 9842]
[9843 9906]
[9907 9956]
[9957 10025]
[10026 10418]
[10419 10475]
[10476 10528]
[10529 10580]
[10581 10644]
[10645 10689]
[10690 10737]
[10738 10777]
[10778 10853]
[10854 10913]
[10914 11002]
[11003 11054]
[11055 11114]
[11115 11197]
[11198 11232]
[11233 11338]
[11339 11390]
[11391 12011]
[12012 12082]
[12083 12121]
[12122 12167]
[12168 12322]
[12323 12373]
[12374 12441]
[12442 12481]
[12482 12566]
[12567 12602]
[12603 12636]
[12637 12707]
[12708 12783]
[12784 12929]
[12930 13003]
[13004 13070]
[13071 13168]
[13169 13352]
[13353 13556]
[13557 13650]
[13651 13756]
[13757 13814]
[13815 14001]
[14002 14139]
[14140 14227]
[14228 14296]
[14297 14369]
[14370 14468]
[14469 14554]
[14555 14628]
[14629 14674]
[14675 14927]
[14928 14984]
[14985 15057]
[15058 15115]
[15116 15183]
[15184 15265]
[15266 15313]
[15314 15364]
[15365 15383]
[15384 15440]
[15441 15478]
[15479 15539]
[15540 15857]
[15858 15883]
[15884 15938]
[15939 15968]
[15969 16003]
[16004 16061]
[16062 16093]
[16094 16136]
[16137 16209]
[16210 16261]
[16262 16341]
[16342 16448]
[16449 16526]
[16527 16580]
[16581 16617]
[16618 16714]
[16715 16775]
[16776 16837]
[16838 16864]
[16865 16953]
[16954 17006]
[17007 17043]
[17044 17160]
[17161 17459]
[17460 17519]
[17520 17572]
[17573 17738]
[17739 17789]
[17790 17858]
[17859 17908]
[17909 17945]
[17946 18093]
[18094 18134]
[18135 18189]
[18190 18236]
[18237 18304]
[18305 18368]
[18369 18437]
[18438 18506]
[18507 18564]
[18565 18674]
[18675 18717]
[18718 18833]
[18834 18894]
[18895 19174]
[19175 19297]
[19298 19472]
[19473 19537]
[19538 19603]
[19604 19660]
[19661 19848]
[19849 19904]
[19905 20049]
[20050 20178]
[20179 20227]
[20228 20364]
[20365 20420]
[20421 20462]
[20463 20492]
[20493 20709]
[20710 20860]
[20861 21058]
[21059 21127]
[21128 21224]
[21225 21291]
[21292 21351]
[21352 21411]
[21412 21461]
[21462 21516]
[21517 21619]
[21620 21725]
[21726 21797]
[21798 22066]
[22067 22145]
[22146 22170]
[22171 22379]
[22380 22534]
[22535 22633]
[22634 22763]
[22764 22844]
[22845 22901]
[22902 22978]
[22979 23014]
[23015 23062]
[23063 23085]
[23086 23166]
[23167 23252]
[23253 23534]
[23535 23573]
[23574 23623]
[23624 23669]
[23670 23711]
[23712 23759]
[23760 23829]
[23830 23856]
[23857 23912]
[23913 23951]
[23952 23991]
[23992 24030]
[24031 24071]
[24072 24132]
[24133 24174]
[24175 24230]
[24231 24382]
[24383 24423]
[24424 24477]
[24478 24650]
[24651 24689]
[24690 24732]
[24733 24768]
[24769 24871]
[24872 25173]
[25174 25311]
[25312 25367]
[25368 25437]
[25438 25472]
[25473 25522]
[25523 25583]
[25584 25620]
[25621 25688]
[25689 25759]
[25760 25840]
[25841 25897]
[25898 25938]
[25939 25969]
[25970 25987]
[25988 26034]
[26035 26090]
[26091 26201]
[26202 26245]
[26246 26302]
[26303 26384]
[26385 26426]
[26427 26472]
[26473 26571]
[26572 26947]
[26948 27141]
[27142 27430]
[27431 27473]
[27474 27627]
[27628 27766]
[27767 27974]
[27975 28208]
[28209 28540]
[28541 28641]
