[0 36]
[37 292]
[293 355]
[356 397]
[398 436]
[437 482]
[483 525]
[526 568]
[569 607]
[608 692]
[693 731]
[732 940]
[941 1411]
[1412 1444]
[1445 1484]
[1485 1527]
[1528 1565]
[1566 1602]
[1603 1643]
[1644 1704]
[1705 1733]
[1734 1928]
[1929 2053]
[2054 2133]
[2134 2224]
[2225 2306]
[2307 2343]
[2344 2364]
[2365 2490]
[2491 2517]
[2518 2572]
[2573 2621]
[2622 2656]
[2657 2684]
[2685 2742]
[2743 3201]
[3202 3218]
[3219 3286]
[3287 3326]
[3327 3367]
[3368 3413]
[3414 3452]
[3453 3474]
[3475 3689]
[3690 3726]
[3727 3776]
[3777 3905]
[3906 4070]
[4071 4116]
[4117 4162]
[4163 4349]
[4350 4395]
[4396 4474]
[4475 4559]
[4560 4592]
[4593 4640]
[4641 4666]
[4667 4721]
[4722 4768]
[4769 4776]
[4777 5434]
[5435 5498]
[5499 5557]
[5558 5604]
[5605 5657]
[5658 5707]
[5708 5855]
[5856 5899]
[5900 5957]
[5958 6011]
[6012 6077]
[6078 6138]
[6139 6186]
[6187 6248]
[6249 6278]
[6279 6456]
[6457 6497]
[6498 6549]
[6550 6593]
[6594 6649]
[6650 6689]
[6690 6732]
[6733 6777]
[6778 7231]
[7232 7290]
[7291 7342]
[7343 7393]
[7394 7425]
[7426 7427]
[7428 7546]
[7547 7944]
[7945 8001]
[8002 8080]
[8081 8214]
[8215 8294]
[8295 8433]
[8434 8572]
[8573 8613]
[8614 8672]
[8673 8715]
[8716 8756]
[8757 8791]
[8792 8876]
[8877 9116]
[9117 9597]
[9598 9768]
[9769 9800]
[9801 9842]
[9843 9925]
[9926 10268]
[10269 10765]
[10766 10836]
[10837 10920]
[10921 11433]
[11434 11579]
[11580 11652]
[11653 11717]
[11718 11856]
[11857 11921]
[11922 11990]
[11991 12042]
[12043 12080]
[12081 12109]
[12110 12157]
[12158 12214]
[12215 12270]
[12271 12489]
[12490 12599]
[12600 12617]
[12618 12700]
[12701 12793]
[12794 12811]
[12812 12857]
[12858 12896]
[12897 12967]
[12968 13014]
[13015 13170]
[13171 13252]
[13253 13345]
[13346 13419]
[13420 13698]
[13699 13796]
[13797 13926]
[13927 13993]
[13994 14080]
[14081 14123]
[14124 14159]
[14160 14247]
[14248 14348]
[14349 14441]
[14442 14518]
[14519 14607]
[14608 14703]
[14704 14790]
[14791 14834]
[14835 14972]
[14973 15023]
[15024 15070]
[15071 15111]
[15112 15152]
[15153 15211]
[15212 15254]
[15255 15305]
[15306 15418]
[15419 15855]
[15856 16170]
[16171 16320]
[16321 16400]
[16401 16515]
[16516 16782]
[16783 16832]
[16833 17013]
[17014 17082]
[17083 17154]
[17155 17207]
[17208 17284]
[17285 17384]
[17385 17443]
[17444 17642]
[17643 17773]
[17774 17794]
[17795 17894]
[17895 17925]
[17926 17976]
[17977 18243]
[18244 18395]
[18396 18542]
[18543 18578]
[18579 18720]
[18721 18858]
[18859 19018]
[19019 19090]
[19091 19121]
[19122 19193]
[19194 19243]
[19244 19301]
[19302 19342]
[19343 19481]
[19482 19657]
[19658 19719]
[19720 19975]
[19977 20031]
[20032 20087]
[20088 20181]
[20182 20297]
[20298 20389]
[20390 20432]
[20433 20520]
[20521 20589]
[20590 20636]
[20637 20806]
[20807 20882]
[20883 20974]
[20975 21055]
[21056 21073]
[21074 21173]
[21174 21431]
[21432 21476]
[21477 21540]
[21541 21600]
[21601 21650]
[21651 21746]
[21747 21895]
[21896 22003]
[22004 22058]
[22059 22128]
[22129 22215]
[22216 22275]
[22276 22329]
[22330 22454]
[22455 22524]
[22525 22584]
[22585 22662]
[22663 22715]
[22716 22782]
[22783 22824]
[22825 22911]
[22912 23231]
[23233 23258]
[23259 23381]
[23382 23452]
[23453 23508]
[23509 23561]
[23562 23607]
[23608 23661]
[23662 23697]
[23698 23803]
[23804 23878]
[23879 23915]
[23916 23949]
[23950 23994]
[23995 24087]
[24088 24182]
[24183 24240]
[24241 24310]
[24311 24405]
[24406 24463]
[24464 24510]
[24511 24940]
[24941 25097]
[25098 25187]
[25188 25363]
[25364 25469]
[25470 25709]
[25710 25797]
[25798 25895]
[25896 25915]
[25916 26057]
[26058 26214]
[26215 26783]
[26784 26869]
