[0 4]
[5 49]
[50 309]
[310 367]
[368 400]
[401 431]
[432 462]
[463 494]
[495 527]
[528 558]
[559 589]
[590 618]
[619 651]
[652 682]
[683 713]
[714 743]
[744 834]
[835 945]
[946 1334]
[1336 1430]
[1431 1520]
[1521 1584]
[1585 1648]
[1649 1724]
[1725 1746]
[1747 1831]
[1832 1884]
[1885 1960]
[1961 2050]
[2051 2128]
[2129 2180]
[2181 2257]
[2258 2316]
[2317 2356]
[2357 2508]
[2509 2587]
[2588 2662]
[2663 2744]
[2745 2817]
[2818 2868]
[2869 3166]
[3168 3297]
[3298 3458]
[3459 3506]
[3507 3611]
[3612 3723]
[3724 3799]
[3800 3932]
[3933 4052]
[4053 4169]
[4170 4367]
[4368 4414]
[4415 4451]
[4452 4495]
[4496 4548]
[4549 4590]
[4591 4639]
[4640 4684]
[4685 4726]
[4727 4758]
[4759 4798]
[4799 5052]
[5053 5329]
[5330 5619]
[5620 5639]
[5640 5744]
[5745 5788]
[5789 5910]
[5911 5953]
[5954 6015]
[6016 6113]
[6114 6176]
[6177 6278]
[6279 6347]
[6348 6432]
[6433 6495]
[6496 6548]
[6549 6568]
[6569 6635]
[6636 6699]
[6700 6759]
[6760 6832]
[6833 6937]
[6938 7009]
[7010 7087]
[7088 7191]
[7192 7808]
[7809 7860]
[7861 7907]
[7908 7965]
[7966 8109]
[8110 8161]
[8162 8238]
[8239 8295]
[8296 8355]
[8356 8408]
[8409 8458]
[8459 8505]
[8506 8555]
[8556 8605]
[8606 8676]
[8677 8913]
[8914 8954]
[8955 8999]
[9000 9042]
[9043 9080]
[9081 9118]
[9119 9158]
[9159 9218]
[9219 9259]
[9260 9306]
[9307 9357]
[9358 9398]
[9399 9441]
[9442 9490]
[9491 9500]
[9501 9543]
[9544 9572]
[9573 10086]
[10087 10385]
[10386 10500]
[10501 10624]
[10625 10748]
[10749 10873]
[10874 10997]
[10998 11138]
[11139 11589]
[11591 11684]
[11685 11747]
[11748 11897]
[11898 11978]
[11979 12051]
[12052 12101]
[12102 12146]
[12147 12263]
[12264 12353]
[12354 12417]
[12418 12515]
[12516 12527]
[12528 13017]
[13019 13147]
[13148 13253]
[13254 13438]
[13439 13856]
[13858 13957]
[13958 14018]
[14019 14113]
[14114 14190]
[14191 14285]
[14286 14351]
[14352 14421]
[14422 14496]
[14497 14543]
[14544 14618]
[14619 14733]
[14734 14845]
[14846 14929]
[14930 15019]
[15020 15161]
[15162 15212]
[15213 15273]
[15274 15302]
[15303 15341]
[15342 15406]
[15407 15437]
[15438 15469]
[15470 15495]
[15496 15521]
[15522 15601]
[15602 16139]
[16140 16175]
[16176 16235]
[16236 16362]
[16363 16504]
[16505 16579]
[16580 16653]
[16654 16739]
[16740 16849]
[16850 16960]
[16961 17419]
[17421 17580]
[17581 17672]
[17673 18000]
[18001 18009]
[18010 18142]
[18143 18242]
[18243 18483]
[18484 18578]
[18579 18629]
[18630 18732]
[18733 18834]
[18835 18913]
[18914 18966]
[18967 19013]
[19014 19187]
[19188 19267]
[19268 19342]
[19343 19409]
[19410 19535]
[19536 19661]
[19662 19744]
[19745 19836]
[19837 19881]
[19882 19949]
[19950 20001]
[20002 20078]
[20079 20106]
[20107 20197]
[20198 20248]
[20249 20293]
[20294 20333]
[20334 20378]
[20379 20418]
[20419 20515]
[20516 20843]
[20844 20957]
[20958 21034]
[21035 21094]
[21095 21164]
[21165 21243]
[21244 21418]
[21419 21767]
[21768 21907]
[21908 21960]
[21961 22013]
[22014 22102]
[22103 22433]
[22434 22613]
[22614 22745]
[22746 22894]
[22895 22901]
[22902 23125]
[23126 23377]
[23378 23453]
[23454 23473]
[23474 23641]
[23642 23813]
[23814 23932]
[23933 23953]
[23954 24169]
[24170 24379]
[24380 24450]
[24451 24592]
[24593 24688]
[24689 24761]
[24762 24791]
[24792 24914]
[24915 24954]
[24955 25003]
[25004 25153]
[25155 25269]
[25270 25323]
[25324 25399]
[25400 25493]
[25494 25557]
[25558 25626]
[25627 25675]
[25676 25706]
[25707 25747]
[25748 25777]
[25778 25847]
[25848 25896]
[25897 25929]
[25930 25975]
[25976 26089]
[26090 26137]
[26138 26244]
[26245 26424]
[26425 26569]
[26570 26831]
[26832 26982]
[26983 27083]
[27084 27200]
[27201 27325]
[27326 27450]
[27451 27575]
[27576 27669]
[27670 27758]
[27759 27856]
[27857 28179]
[28180 28290]
