[0 7]
[8 35]
[37 370]
[371 430]
[431 472]
[473 516]
[517 557]
[558 600]
[601 643]
[644 681]
[682 724]
[725 767]
[768 806]
[807 858]
[859 904]
[905 1016]
[1017 1403]
[1404 1457]
[1458 1519]
[1520 1639]
[1640 1729]
[1730 1854]
[1855 1877]
[1878 1951]
[1952 2001]
[2002 2038]
[2039 2078]
[2079 2128]
[2129 2185]
[2186 2252]
[2253 2319]
[2320 2350]
[2351 2415]
[2416 2480]
[2481 2514]
[2515 2565]
[2566 2620]
[2621 2672]
[2673 2701]
[2702 3213]
[3214 3291]
[3292 3327]
[3328 3374]
[3375 3409]
[3410 3623]
[3624 3682]
[3683 3740]
[3741 3801]
[3802 3844]
[3845 3892]
[3893 3944]
[3945 3988]
[3989 4041]
[4042 4073]
[4074 4092]
[4093 4245]
[4246 4276]
[4277 4309]
[4310 4348]
[4349 4379]
[4380 4420]
[4421 4456]
[4457 4500]
[4501 4553]
[4554 4626]
[4627 4958]
[4959 5110]
[5111 5232]
[5233 5347]
[5348 5368]
[5369 5443]
[5444 5540]
[5541 5636]
[5637 5938]
[5939 6442]
[6443 6508]
[6509 6597]
[6598 6643]
[6644 6733]
[6734 6802]
[6803 6969]
[6970 7024]
[7025 7065]
[7066 7176]
[7177 7206]
[7207 7262]
[7263 7305]
[7306 7339]
[7340 7347]
[7348 7380]
[7381 7451]
[7452 7471]
[7472 7502]
[7503 7517]
[7518 7588]
[7589 7610]
[7611 7655]
[7656 7669]
[7670 7710]
[7711 7724]
[7725 7747]
[7748 7789]
[7790 8121]
[8122 8208]
[8209 8503]
[8504 8577]
[8578 8615]
[8616 8793]
[8794 8825]
[8826 8885]
[8886 8930]
[8931 8981]
[8982 9054]
[9055 9119]
[9120 9324]
[9325 9386]
[9387 9443]
[9444 9520]
[9521 9666]
[9667 9717]
[9718 9752]
[9753 9775]
[9776 9813]
[9814 9846]
[9847 9897]
[9898 9948]
[9949 9989]
[9990 10024]
[10025 10112]
[10113 10442]
[10443 10521]
[10522 10562]
[10563 10609]
[10610 10646]
[10647 10711]
[10712 10809]
[10810 10897]
[10898 11015]
[11016 11136]
[11137 11214]
[11215 11281]
[11282 11552]
[11553 11613]
[11614 11701]
[11702 11769]
[11770 11851]
[11852 11917]
[11918 11986]
[11987 12064]
[12065 12137]
[12138 12181]
[12182 12269]
[12270 12408]
[12409 12476]
[12477 12547]
[12548 12821]
[12822 12872]
[12873 12979]
[12980 13081]
[13082 13247]
[13248 13309]
[13310 13432]
[13433 13533]
[13534 13645]
[13646 13717]
[13718 13770]
[13771 13834]
[13835 14108]
[14109 14499]
[14500 14952]
[14953 15109]
[15110 15366]
[15367 15520]
[15521 15603]
[15604 15694]
[15695 15776]
[15777 15838]
[15839 15926]
[15927 16012]
[16013 16091]
[16092 16183]
[16184 16268]
[16269 16343]
[16344 16406]
[16407 16471]
[16472 16701]
[16702 16751]
[16752 16844]
[16845 17115]
[17116 17249]
[17250 17351]
[17352 17476]
[17477 17575]
[17576 17632]
[17633 17736]
[17737 17972]
[17973 18033]
[18034 18086]
[18087 18156]
[18157 18251]
[18252 18338]
[18339 18417]
[18418 18472]
[18473 18537]
[18538 18613]
[18614 18777]
[18778 18881]
[18882 18946]
[18947 19252]
[19253 19303]
[19304 19383]
[19384 19432]
[19433 19491]
[19492 19534]
[19535 19575]
[19576 19610]
[19611 19701]
[19702 19977]
[19978 20083]
[20084 20134]
[20135 20194]
[20195 20241]
[20242 20292]
[20293 20373]
[20374 20467]
[20468 20569]
[20570 20637]
[20638 20734]
[20735 20973]
[20974 21017]
[21018 21105]
[21106 21174]
[21175 21210]
[21211 21312]
[21313 21687]
[21688 21905]
[21906 22060]
[22061 22134]
[22135 22190]
[22191 22269]
[22270 22354]
[22355 22497]
[22498 22545]
[22546 22638]
[22639 22714]
[22715 23151]
[23153 23290]
[23291 23370]
[23371 23465]
[23466 23602]
[23603 23692]
[23693 23772]
[23773 23834]
[23835 23920]
[23921 24073]
[24074 24143]
[24144 24197]
[24198 24293]
[24294 24355]
[24356 24477]
[24478 24528]
[24529 25009]
[25010 25158]
[25159 25244]
[25245 25261]
[25262 25302]
[25303 25335]
[25336 25356]
[25357 25382]
[25383 25405]
[25406 25429]
[25430 25472]
[25473 25509]
[25510 25557]
[25558 25658]
[25659 25689]
[25690 25753]
[25754 25848]
[25849 25933]
[25934 25973]
[25974 26011]
[26012 26043]
[26044 26097]
[26098 26515]
[26516 26599]
[26600 26674]
[26675 26731]
[26732 26796]
[26797 26862]
[26863 26980]
[26981 27110]
[27111 27189]
[27190 27238]
[27239 27299]
[27300 27351]
[27352 27434]
[27435 27856]
[27857 27946]
[27947 28010]
[28011 28068]
[28069 28115]
[28116 28151]
[28152 28219]
[28220 28256]
[28257 28298]
[28299 28333]
[28334 28371]
[28372 28399]
[28400 28440]
[28441 28484]
[28485 28526]
[28527 28588]
[28589 28652]
[28653 28698]
[28699 28747]
[28748 29003]
[29004 29054]
[29055 29120]
[29121 29170]
[29171 29232]
[29233 29292]
[29293 29757]
[29758 29901]
[29902 29951]
[29952 30120]
[30121 30254]
[30255 30770]
[30771 30863]
[30864 30974]
[30975 31087]
[31088 31468]
[31470 31532]
[31533 31629]
[31630 31696]
[31697 31749]
[31750 31873]
[31874 31920]
[31921 32028]
[32029 32183]
[32184 32642]
[32643 32977]
[32978 33246]
