[0 9]
[10 32]
[34 313]
[314 373]
[374 409]
[410 439]
[440 465]
[466 500]
[501 546]
[547 586]
[587 624]
[625 664]
[665 705]
[706 747]
[748 798]
[799 1110]
[1112 1356]
[1357 1530]
[1531 1789]
[1790 2003]
[2004 2596]
[2598 2653]
[2654 2702]
[2703 2818]
[2819 2856]
[2857 2884]
[2885 2928]
[2929 2956]
[2957 3014]
[3015 3037]
[3038 3074]
[3075 3116]
[3117 3178]
[3179 3216]
[3217 3250]
[3251 3290]
[3291 3326]
[3327 3414]
[3415 3474]
[3475 3550]
[3551 3609]
[3610 3647]
[3648 3682]
[3683 3721]
[3722 3746]
[3747 3827]
[3828 3872]
[3873 3988]
[3989 4507]
[4509 4558]
[4559 4598]
[4599 4637]
[4638 4690]
[4691 4733]
[4734 4783]
[4784 4805]
[4806 5071]
[5072 5398]
[5399 5452]
[5453 5519]
[5520 5580]
[5581 5642]
[5643 5686]
[5687 5745]
[5746 5802]
[5803 5857]
[5858 5901]
[5902 5943]
[5944 6018]
[6019 6529]
[6530 6591]
[6592 6678]
[6679 6745]
[6746 6861]
[6862 6958]
[6959 7156]
[7157 7300]
[7301 7391]
[7392 7551]
[7552 7639]
[7640 7729]
[7730 7786]
[7787 7888]
[7889 8032]
[8033 8642]
[8643 8691]
[8692 8744]
[8745 8783]
[8784 8860]
[8861 8910]
[8911 8948]
[8949 8984]
[8985 9051]
[9052 9190]
[9191 9214]
[9215 9334]
[9335 9421]
[9422 9475]
[9476 9515]
[9516 9564]
[9565 9595]
[9596 9623]
[9624 9651]
[9652 9736]
[9737 9771]
[9772 9811]
[9812 9859]
[9860 9923]
[9924 9967]
[9968 10008]
[10009 10044]
[10045 10079]
[10080 10140]
[10141 10178]
[10179 10221]
[10222 10261]
[10262 10385]
[10386 10418]
[10419 10453]
[10454 10493]
[10494 10530]
[10531 10565]
[10566 10605]
[10606 10636]
[10637 10677]
[10678 10720]
[10721 10817]
[10818 11155]
[11156 11217]
[11218 11290]
[11291 11361]
[11362 11428]
[11429 11503]
[11504 11582]
[11583 11638]
[11639 11708]
[11709 11770]
[11771 11843]
[11844 11912]
[11913 11971]
[11972 12030]
[12031 12098]
[12099 12151]
[12152 12207]
[12208 12724]
[12725 12789]
[12790 12857]
[12858 12919]
[12920 12974]
[12975 13029]
[13030 13104]
[13105 13151]
[13152 13258]
[13259 13385]
[13386 13426]
[13427 13487]
[13488 13581]
[13582 14067]
[14068 14154]
[14155 14196]
[14197 14271]
[14272 14359]
[14360 14444]
[14445 14478]
[14479 14551]
[14552 14624]
[14625 14700]
[14701 14769]
[14770 14836]
[14837 14888]
[14889 14949]
[14950 15020]
[15021 15059]
[15060 15084]
[15085 15155]
[15156 15188]
[15189 15223]
[15224 15263]
[15264 15300]
[15301 15335]
[15336 15404]
[15405 15491]
[15492 15586]
[15587 15979]
[15980 16061]
[16062 16126]
[16127 16196]
[16197 16262]
[16263 16328]
[16329 16396]
[16397 16460]
[16461 16494]
[16495 16596]
[16597 16663]
[16664 16729]
[16730 16800]
[16801 16865]
[16866 16933]
[16934 17000]
[17001 17065]
[17066 17146]
[17147 17213]
[17214 17278]
[17279 17324]
[17325 17405]
[17406 17764]
[17765 17840]
[17841 17905]
[17906 17963]
[17964 18032]
[18033 18074]
[18075 18141]
[18142 18211]
[18212 18274]
[18275 18338]
[18339 18506]
[18507 18562]
[18563 18716]
[18717 18807]
[18808 18894]
[18895 18941]
[18942 19027]
[19028 19085]
[19086 19142]
[19143 19216]
[19217 19282]
[19283 19755]
[19756 19823]
[19824 19909]
[19910 20048]
[20049 20166]
[20167 20261]
[20262 20323]
[20324 20386]
[20387 20475]
[20476 20504]
[20505 20558]
[20559 20597]
[20598 20722]
[20723 20764]
[20765 20820]
[20821 20870]
[20871 20929]
[20930 20978]
[20979 20994]
[20995 21079]
[21080 21108]
[21109 21139]
[21140 21186]
[21187 21223]
[21224 21284]
[21285 21571]
[21572 21627]
[21628 21702]
[21703 21764]
[21765 21845]
[21846 21888]
[21889 21907]
[21908 21980]
[21981 22061]
[22062 22118]
[22119 22214]
[22215 22258]
[22259 22333]
[22334 22379]
[22380 22407]
[22408 22442]
[22443 22463]
[22464 22508]
[22509 22525]
[22526 22597]
[22598 22653]
[22654 22699]
[22700 22740]
[22741 22810]
[22811 22829]
[22830 22852]
[22853 22934]
[22935 22976]
[22977 23375]
[23376 23440]
[23441 23497]
[23498 23567]
[23568 23789]
[23790 23863]
[23864 23939]
[23940 24013]
[24014 24078]
[24079 24164]
[24165 24283]
[24284 24588]
[24589 24643]
[24644 24708]
[24709 24789]
[24790 24891]
[24892 25167]
[25168 25577]
[25578 25666]
[25667 25750]
[25751 26115]
[26117 26200]
[26201 26269]
[26270 26349]
[26350 26549]
[26550 26651]
[26652 26815]
[26816 26893]
[26894 26979]
[26980 27051]
[27052 27153]
[27154 27226]
[27227 27308]
[27309 27379]
[27380 27443]
[27444 27515]
[27516 27581]
[27582 27631]
[27632 27959]
[27961 28023]
[28024 28086]
[28087 28130]
[28131 28179]
[28180 28229]
[28230 28277]
[28278 28336]
[28337 28402]
[28403 28603]
[28604 28664]
[28665 28772]
[28773 28827]
[28828 28892]
[28893 28986]
[28987 29238]
[29239 29288]
[29289 29340]
[29341 29392]
[29393 29449]
[29450 29758]
[29759 29818]
[29819 29859]
[29860 29954]
[29955 30000]
[30001 30045]
[30046 30115]
[30116 30161]
[30162 30260]
[30261 30332]
[30333 30385]
[30386 30764]
[30765 30861]
