[0 8]
[9 47]
[48 308]
[309 369]
[370 404]
[405 440]
[441 469]
[470 497]
[498 533]
[534 569]
[570 597]
[598 620]
[621 661]
[662 693]
[694 719]
[720 746]
[747 820]
[821 869]
[870 942]
[944 1443]
[1444 1493]
[1495 1575]
[1576 1663]
[1664 1734]
[1735 1864]
[1865 1918]
[1919 1944]
[1945 2036]
[2037 2067]
[2068 2092]
[2093 2122]
[2123 2165]
[2166 2201]
[2202 2244]
[2245 2287]
[2288 2337]
[2338 2576]
[2577 2622]
[2623 2675]
[2676 2731]
[2732 2765]
[2766 2808]
[2809 2846]
[2847 2898]
[2899 2934]
[2935 3246]
[3247 3317]
[3318 3371]
[3372 3431]
[3432 3511]
[3512 3586]
[3587 3646]
[3647 3703]
[3704 3799]
[3800 3831]
[3832 3853]
[3854 3873]
[3874 3957]
[3958 4054]
[4055 4091]
[4092 4131]
[4132 4216]
[4217 4312]
[4313 4383]
[4384 4469]
[4470 4537]
[4538 4589]
[4590 4626]
[4627 4671]
[4672 4720]
[4721 5194]
[5195 5403]
[5404 5526]
[5527 5675]
[5676 5826]
[5827 6071]
[6072 6119]
[6120 6188]
[6189 6271]
[6272 6426]
[6427 6520]
[6521 7020]
[7021 7224]
[7225 7367]
[7368 7475]
[7476 7536]
[7537 7633]
[7634 7683]
[7684 7722]
[7723 7812]
[7813 7850]
[7851 7890]
[7891 7934]
[7935 7957]
[7958 7985]
[7986 8009]
[8010 8059]
[8060 8131]
[8132 8202]
[8203 8236]
[8237 8577]
[8578 8647]
[8648 8717]
[8718 8790]
[8791 8860]
[8861 8939]
[8940 9039]
[9040 9109]
[9110 9160]
[9161 9222]
[9223 9292]
[9293 9362]
[9363 9454]
[9455 9499]
[9500 9548]
[9549 9608]
[9609 9673]
[9674 9722]
[9723 9776]
[9777 10136]
[10137 10207]
[10208 10308]
[10309 10407]
[10408 10462]
[10463 10518]
[10519 10592]
[10593 10661]
[10662 10746]
[10747 10794]
[10795 10837]
[10838 10873]
[10874 10912]
[10913 10954]
[10955 11047]
[11048 11083]
[11084 11123]
[11124 11169]
[11170 11266]
[11267 11334]
[11335 11406]
[11407 11454]
[11455 11522]
[11523 11579]
[11580 11649]
[11650 11948]
[11949 12051]
[12052 12160]
[12161 12305]
[12306 12462]
[12463 12569]
[12570 12687]
[12688 12906]
[12907 13059]
[13060 13105]
[13106 13476]
[13477 13595]
[13596 13677]
[13678 13750]
[13751 13807]
[13808 13857]
[13858 13893]
[13894 13929]
[13930 14002]
[14003 14054]
[14055 14080]
[14081 14140]
[14141 14184]
[14185 14242]
[14243 14369]
[14370 14442]
[14443 14820]
[14821 14967]
[14968 15076]
[15077 15171]
[15172 15279]
[15280 15398]
[15399 15508]
[15509 15613]
[15614 15721]
[15722 15791]
[15792 15858]
[15859 15892]
[15893 16105]
[16106 16309]
[16310 16409]
[16410 16930]
[16931 16983]
[16984 17007]
[17008 17042]
[17043 17360]
[17361 17479]
[17480 17609]
[17610 17715]
[17716 17784]
[17785 17913]
[17914 18088]
[18089 18198]
[18199 18341]
[18342 18397]
[18398 18440]
[18441 18496]
[18498 18553]
[18554 18621]
[18622 18657]
[18658 18687]
[18688 18733]
[18734 18835]
[18836 18884]
[18885 18910]
[18911 18997]
[18998 19235]
[19236 19372]
[19373 19490]
[19491 19595]
[19596 19690]
[19691 19776]
[19777 19829]
[19830 19904]
[19905 19950]
[19951 20011]
[20012 20070]
[20071 20117]
[20118 20134]
[20135 20195]
[20196 20269]
[20270 20328]
[20329 20359]
[20360 20449]
[20450 20591]
[20592 20641]
[20642 20672]
[20673 20697]
[20699 21035]
[21037 21106]
[21107 21184]
[21185 21249]
[21250 21306]
[21307 21387]
[21388 21478]
[21479 21644]
[21645 21754]
[21755 21878]
[21879 21926]
[21927 21969]
[21970 22009]
[22010 22067]
[22068 22131]
[22132 22396]
[22397 22608]
[22609 22741]
[22742 22962]
[22963 23097]
[23098 23142]
[23143 23266]
[23267 23532]
[23533 23734]
[23735 23758]
[23759 23927]
[23928 23958]
[23959 24004]
[24005 24091]
[24092 24166]
[24167 24202]
[24203 24233]
[24234 24273]
[24274 24318]
[24319 24371]
[24372 24419]
[24420 24481]
[24482 24524]
[24525 24546]
[24547 24582]
[24583 24615]
[24616 24878]
[24879 25218]
[25219 25287]
[25288 25355]
[25356 25387]
[25388 25442]
[25443 25503]
[25504 25544]
[25545 25574]
[25575 25696]
[25697 25748]
[25749 26060]
[26061 26213]
[26214 26392]
[26393 26477]
[26478 26568]
[26569 26713]
[26714 26764]
[26765 26833]
[26834 26907]
[26908 27005]
[27006 27073]
[27074 27147]
[27148 27172]
[27173 27736]
[27737 27822]
