[0 327]
[328 389]
[390 423]
[424 497]
[498 531]
[532 625]
[626 692]
[693 746]
[747 1202]
[1203 1211]
[1212 1284]
[1285 1340]
[1341 1388]
[1389 1425]
[1426 1494]
[1495 1577]
[1578 1628]
[1629 1799]
[1800 1843]
[1844 1891]
[1892 2046]
[2047 2145]
[2146 2210]
[2211 2238]
[2239 2288]
[2289 2323]
[2324 2380]
[2381 2441]
[2442 2496]
[2497 2597]
[2598 2678]
[2679 2723]
[2724 3089]
[3091 3146]
[3147 3217]
[3218 3296]
[3297 3373]
[3374 3420]
[3421 3520]
[3521 3604]
[3605 3665]
[3666 3730]
[3731 3734]
[3735 4209]
[4210 4269]
[4270 4315]
[4316 4355]
[4356 4396]
[4397 4424]
[4425 4441]
[4442 4492]
[4493 4525]
[4526 4541]
[4542 4582]
[4583 4625]
[4626 4690]
[4691 4717]
[4718 5008]
[5009 5089]
[5090 5320]
[5321 5380]
[5381 5441]
[5442 5457]
[5458 5507]
[5508 5663]
[5664 6125]
[6127 6205]
[6206 6276]
[6277 6347]
[6348 6404]
[6405 6461]
[6462 6512]
[6513 6580]
[6581 6652]
[6653 6687]
[6688 7131]
[7132 7228]
[7229 7310]
[7311 7387]
[7388 7477]
[7478 7593]
[7594 7691]
[7692 7784]
[7785 7874]
[7875 7955]
[7956 8015]
[8016 8079]
[8080 8132]
[8133 8272]
[8273 8417]
[8418 8452]
[8453 8592]
[8593 8634]
[8635 8716]
[8717 9164]
[9165 9277]
[9278 9450]
[9451 9496]
[9497 9592]
[9593 9684]
[9685 9742]
[9743 9862]
[9863 10088]
[10089 10174]
[10175 10321]
[10322 10749]
[10750 10809]
[10810 10902]
[10903 10992]
[10993 11094]
[11095 11123]
[11124 11224]
[11225 11275]
[11276 11625]
[11626 11649]
[11650 11686]
[11687 11761]
[11762 11954]
[11955 12084]
[12085 12673]
[12674 13428]
[13429 13489]
[13490 13722]
[13723 13799]
[13800 13910]
[13911 14020]
[14021 14081]
[14082 14139]
[14140 14172]
[14173 14279]
[14280 14320]
[14321 14785]
[14787 14821]
[14822 14872]
[14873 14948]
[14949 15020]
[15021 15093]
[15094 15168]
[15169 15250]
[15251 15287]
[15288 15762]
[15763 15819]
[15820 15867]
[15868 15926]
[15927 15967]
[15968 16023]
[16024 16094]
[16095 16139]
[16140 16202]
[16203 16246]
[16247 16297]
[16298 16340]
[16341 16381]
[16382 16414]
[16415 16448]
[16449 16486]
[16487 16554]
[16555 16597]
[16598 16634]
[16635 16673]
[16674 17101]
[17102 17255]
[17256 17327]
[17328 17370]
[17371 17397]
[17398 17452]
[17453 17504]
[17505 17545]
[17546 17556]
[17557 17620]
[17621 17638]
[17639 17688]
[17689 17734]
[17735 17854]
[17855 17922]
[17923 17951]
[17952 18076]
[18077 18119]
[18120 18158]
[18159 18210]
[18211 18256]
[18257 18289]
[18290 18417]
[18418 18514]
[18515 19132]
[19133 19215]
[19216 19278]
[19279 19340]
[19341 19399]
[19400 19569]
[19570 19603]
[19604 19666]
[19667 19728]
[19729 19796]
[19797 19830]
[19831 19889]
[19890 20140]
[20141 20171]
[20172 20242]
[20243 20249]
[20250 20323]
[20324 20382]
[20383 20453]
[20454 20858]
[20859 20896]
[20897 20951]
[20952 20990]
[20991 21042]
[21043 21102]
[21103 21148]
[21149 21201]
[21202 21214]
[21215 21261]
[21262 21310]
[21311 21360]
[21361 21394]
[21395 21453]
[21454 21521]
[21522 21599]
[21600 21659]
[21660 21699]
[21700 21773]
[21774 21829]
[21830 21889]
[21890 21941]
[21942 21989]
[21990 22038]
[22039 22080]
[22081 22131]
[22132 22286]
[22287 22650]
[22651 22701]
[22702 22752]
[22753 22843]
[22844 22924]
[22925 22962]
[22963 23041]
[23042 23129]
[23130 23202]
[23203 23318]
[23319 23395]
[23396 23463]
[23464 23504]
[23505 23582]
[23583 23683]
[23684 23798]
[23799 24203]
[24204 24316]
[24317 24444]
[24445 24510]
[24511 24592]
[24593 24646]
[24647 24701]
[24702 24860]
[24861 24973]
[24974 25036]
[25037 25079]
[25080 25137]
[25138 25215]
[25216 25247]
[25248 25289]
[25290 25359]
[25360 25460]
[25461 25653]
[25654 25958]
[25959 25985]
[25986 26047]
[26048 26101]
[26102 26142]
[26143 26183]
[26184 26225]
[26226 26272]
[26273 26314]
[26315 26356]
[26357 26417]
[26418 26446]
[26447 26485]
[26486 26512]
[26513 26538]
[26539 26667]
[26668 26727]
[26728 26772]
[26773 26792]
[26793 26804]
[26805 26921]
[26922 27040]
[27041 27141]
[27142 27183]
[27184 27265]
[27266 27295]
[27296 27368]
[27369 27407]
[27408 27418]
[27419 27472]
[27473 27836]
[27837 27903]
[27904 27953]
[27954 28021]
[28022 28105]
[28106 28165]
[28166 28237]
[28238 28317]
[28318 28363]
[28364 28435]
[28436 28482]
[28483 28603]
[28604 28840]
[28841 28919]
[28920 28992]
[28993 29053]
[29054 29657]
[29658 29737]
[29738 29805]
[29806 30021]
[30022 30131]
[30132 30232]
[30233 30358]
[30359 30457]
[30458 30517]
[30518 30655]
[30656 30783]
[30784 30837]
[30838 30940]
[30941 31047]
[31048 31105]
[31106 31114]
[31115 31158]
[31159 31451]
[31452 31713]
[31714 31890]
[31891 31984]
[31985 32070]
[32071 32110]
[32111 32166]
[32167 32242]
[32243 32303]
[32304 32394]
[32395 32514]
[32515 32605]
[32606 32622]
[32623 32647]
[32648 32683]
[32684 33046]
[33047 33161]
