[0 10]
[11 46]
[47 291]
[292 347]
[348 399]
[400 438]
[439 477]
[478 530]
[531 568]
[569 598]
[599 643]
[644 681]
[682 723]
[724 770]
[771 806]
[807 825]
[826 927]
[928 1394]
[1395 1454]
[1455 1524]
[1525 1611]
[1612 1680]
[1681 1713]
[1714 2156]
[2157 2177]
[2178 2255]
[2256 2353]
[2354 2368]
[2369 2437]
[2438 2603]
[2604 2716]
[2717 3016]
[3017 3065]
[3066 3104]
[3105 3162]
[3163 3221]
[3222 3256]
[3257 3279]
[3280 3726]
[3727 3783]
[3784 3845]
[3846 3922]
[3923 3995]
[3996 4057]
[4058 4133]
[4134 4190]
[4191 4226]
[4227 4264]
[4265 4311]
[4312 4810]
[4811 4879]
[4880 5096]
[5097 5206]
[5207 5275]
[5276 5337]
[5338 5395]
[5396 5521]
[5522 5705]
[5706 5774]
[5775 5836]
[5837 5893]
[5894 5942]
[5943 5997]
[5998 6055]
[6056 6112]
[6113 6163]
[6164 6220]
[6221 6302]
[6303 6779]
[6780 6863]
[6864 6897]
[6898 6942]
[6943 6999]
[7000 7039]
[7040 7168]
[7169 7236]
[7237 7307]
[7308 7336]
[7337 7466]
[7467 7529]
[7530 7577]
[7578 7620]
[7621 7669]
[7670 7955]
[7956 8039]
[8040 8089]
[8090 8151]
[8152 8193]
[8194 8254]
[8255 8296]
[8297 8639]
[8640 8784]
[8785 8928]
[8929 8996]
[8997 9089]
[9090 9163]
[9164 9250]
[9251 9377]
[9378 9433]
[9434 9479]
[9480 9540]
[9541 9593]
[9594 9644]
[9645 9779]
[9780 9822]
[9823 9884]
[9885 10011]
[10012 10145]
[10147 10197]
[10198 10253]
[10254 10316]
[10317 10336]
[10337 10379]
[10380 10436]
[10437 10520]
[10521 10551]
[10552 10642]
[10643 11511]
[11512 12171]
[12172 12470]
[12471 12537]
[12538 12597]
[12598 12764]
[12765 12831]
[12832 12918]
[12919 12983]
[12984 13090]
[13091 13176]
[13177 13303]
[13304 13614]
[13615 13956]
[13957 14195]
[14196 14364]
[14365 14538]
[14539 14558]
[14559 14901]
[14902 15029]
[15030 15100]
[15101 15185]
[15186 15228]
[15229 15287]
[15288 15410]
[15411 15472]
[15473 15597]
[15598 15616]
[15617 15673]
[15674 15765]
[15766 15800]
[15801 16113]
[16114 16189]
[16190 16222]
[16223 16302]
[16303 16362]
[16363 16417]
[16418 16461]
[16462 16515]
[16516 16588]
[16589 16693]
[16694 16776]
[16777 16861]
[16862 16964]
[16965 17239]
[17240 17364]
[17365 17502]
[17503 17783]
[17784 17862]
[17863 17928]
[17929 17987]
[17988 18052]
[18053 18381]
[18382 18559]
[18560 19007]
[19008 19132]
[19133 19417]
[19418 19474]
[19475 19532]
[19533 19588]
[19589 19620]
[19621 19660]
[19661 19713]
[19714 19783]
[19784 19918]
[19919 20427]
[20428 20572]
[20573 20735]
[20736 20880]
[20881 21115]
[21116 21171]
[21172 21224]
[21225 21298]
[21299 21338]
[21339 21389]
[21390 21552]
[21553 21599]
[21600 21660]
[21661 21732]
[21733 22059]
[22060 22164]
[22165 22274]
[22275 22425]
[22426 22443]
[22444 22677]
[22678 22725]
[22726 22769]
[22770 22804]
[22805 22826]
[22827 22881]
[22882 23180]
[23181 23235]
[23236 23271]
[23272 23323]
[23324 23363]
[23364 23788]
[23790 23817]
[23818 23862]
[23863 23981]
[23982 24026]
[24027 24094]
[24095 24269]
[24270 24345]
[24346 24520]
[24521 24630]
[24631 24714]
[24715 25003]
[25004 25108]
[25109 25171]
[25172 25203]
[25204 25248]
[25249 25291]
[25292 25630]
[25631 25689]
[25690 25770]
[25771 25847]
[25848 25941]
[25942 26021]
[26022 26103]
[26104 26189]
[26190 26430]
[26431 26508]
[26509 26588]
[26589 26668]
[26669 26751]
[26752 26819]
[26820 26895]
[26896 26970]
[26971 27052]
[27053 27120]
[27121 27150]
[27151 27242]
[27243 27330]
[27331 27492]
[27493 27582]
[27583 27656]
[27657 27726]
[27727 27890]
[27891 28056]
[28057 28152]
[28153 28258]
[28259 28301]
[28302 28344]
[28345 28390]
[28391 28434]
[28435 28524]
[28525 28632]
[28633 28682]
[28683 28767]
[28769 28858]
[28859 29335]
[29336 29454]
[29455 29553]
[29554 29597]
[29598 29656]
[29657 29690]
[29691 29724]
[29725 30014]
[30015 30072]
[30073 30215]
[30216 30273]
[30274 30325]
[30326 30364]
[30365 30392]
[30393 30439]
[30440 30472]
[30473 30652]
[30653 30683]
[30684 30724]
[30725 30789]
[30790 30846]
[30847 30878]
[30879 30965]
[30966 31363]
[31364 31558]
[31559 31626]
[31627 31756]
[31757 31820]
[31821 31891]
[31892 31999]
[32000 32106]
[32107 32184]
[32185 32290]
[32291 32352]
[32353 32386]
[32387 32456]
[32457 32514]
[32515 32581]
[32582 32640]
[32641 32700]
[32701 32761]
[32762 32855]
[32856 33164]
[33165 33288]
[33289 33413]
[33414 33614]
[33615 33720]
[33721 33829]
[33830 33881]
[33882 33932]
[33933 33981]
[33982 34025]
[34026 34161]
[34162 34230]
[34231 34355]
[34356 34442]
