[0 5]
[6 47]
[48 351]
[352 387]
[388 417]
[418 443]
[444 478]
[479 509]
[510 538]
[539 568]
[569 602]
[603 636]
[637 665]
[666 696]
[697 723]
[724 769]
[770 1221]
[1222 1271]
[1272 1348]
[1349 1375]
[1376 1462]
[1463 1502]
[1503 1549]
[1550 1601]
[1602 1665]
[1666 1701]
[1702 2147]
[2148 2238]
[2239 2283]
[2284 2333]
[2334 2377]
[2378 2407]
[2408 2505]
[2506 2550]
[2551 2591]
[2592 2659]
[2660 2705]
[2706 2826]
[2827 2875]
[2876 2933]
[2934 3065]
[3066 3088]
[3089 3162]
[3163 3200]
[3201 3280]
[3281 3313]
[3314 3378]
[3379 3471]
[3472 3789]
[3790 4060]
[4061 4119]
[4120 4160]
[4161 4189]
[4190 4300]
[4301 4403]
[4404 4504]
[4505 4566]
[4567 4680]
[4681 4705]
[4706 4731]
[4732 4877]
[4878 4899]
[4900 5154]
[5155 5223]
[5224 5315]
[5316 5428]
[5429 5511]
[5512 5865]
[5866 5960]
[5961 5975]
[5976 6023]
[6024 6069]
[6070 6137]
[6138 6201]
[6202 6222]
[6223 6285]
[6286 6349]
[6350 6394]
[6395 6439]
[6440 6501]
[6502 6571]
[6572 6602]
[6603 6963]
[6964 7124]
[7125 7181]
[7182 7263]
[7264 7334]
[7335 7429]
[7430 7483]
[7484 7558]
[7559 7615]
[7616 7665]
[7666 7717]
[7718 7843]
[7844 7918]
[7919 8026]
[8027 8099]
[8100 8152]
[8153 8209]
[8210 8271]
[8272 8354]
[8355 8418]
[8419 8480]
[8481 8853]
[8854 8935]
[8936 8976]
[8977 9057]
[9058 9526]
[9527 9657]
[9658 9958]
[9959 10158]
[10159 10306]
[10307 10348]
[10349 10417]
[10418 10479]
[10480 10523]
[10524 10574]
[10575 10651]
[10652 10758]
[10759 10790]
[10791 11068]
[11069 11116]
[11117 11170]
[11171 11223]
[11224 11404]
[11405 11444]
[11445 11516]
[11517 11557]
[11558 11609]
[11610 11674]
[11675 11683]
[11684 12115]
[12116 12180]
[12181 12245]
[12246 12292]
[12293 12328]
[12329 12375]
[12376 12407]
[12408 12500]
[12501 12557]
[12558 12620]
[12621 12707]
[12708 12755]
[12756 12830]
[12831 12855]
[12856 12891]
[12892 12941]
[12942 12965]
[12966 12997]
[12998 13053]
[13054 13158]
[13159 13514]
[13515 13648]
[13649 13738]
[13739 13779]
[13780 13831]
[13832 13883]
[13884 13933]
[13934 13981]
[13982 14031]
[14032 14366]
[14367 14440]
[14441 14505]
[14506 14572]
[14573 14635]
[14636 14684]
[14685 14740]
[14741 14788]
[14789 14847]
[14848 14898]
[14899 14938]
[14939 14986]
[14987 15027]
[15028 15070]
[15071 15124]
[15125 15143]
[15144 15185]
[15186 15271]
[15272 15617]
[15618 15721]
[15722 15807]
[15808 15899]
[15900 15989]
[15990 16060]
[16061 16114]
[16115 16170]
[16171 16308]
[16309 16350]
[16351 16445]
[16446 16713]
[16714 16758]
[16760 16930]
[16931 16995]
[16996 17062]
[17063 17153]
[17154 17201]
[17202 17240]
[17241 17296]
[17297 17373]
[17374 17418]
[17419 17461]
[17462 17518]
[17519 17581]
[17582 17651]
[17652 17738]
[17739 17831]
[17832 17889]
[17890 17972]
[17973 18038]
[18039 18400]
[18401 18441]
[18442 18522]
[18523 18670]
[18671 18755]
[18756 18848]
[18849 19033]
[19034 19104]
[19105 19439]
[19440 19552]
[19554 19662]
[19663 19859]
[19860 19905]
[19906 19973]
[19974 20161]
[20162 20207]
[20208 20503]
[20505 20676]
[20677 20728]
[20729 20782]
[20783 20899]
[20900 20939]
[20940 20974]
[20975 21017]
[21018 21092]
[21093 21256]
[21257 21284]
[21285 21465]
[21466 21588]
[21589 21719]
[21720 21801]
[21802 21858]
[21859 22204]
[22206 22269]
[22270 22331]
[22332 22423]
[22424 22511]
[22512 22568]
[22569 22722]
[22723 22825]
[22826 22926]
[22927 22982]
[22983 23030]
[23031 23095]
[23096 23134]
[23135 23171]
[23172 23205]
[23206 23241]
[23242 23280]
[23281 23335]
[23336 23378]
[23379 23428]
[23429 23492]
[23493 23543]
[23544 23972]
[23973 24032]
[24033 24083]
[24084 24154]
[24155 24266]
[24267 24477]
[24478 24508]
[24509 24578]
[24579 24685]
[24686 24753]
[24755 25508]
[25509 25607]
[25608 25729]
[25730 25977]
[25978 26325]
[26326 26366]
[26367 26449]
[26450 26537]
[26538 26573]
[26574 26646]
[26647 26703]
[26704 26772]
[26773 26834]
[26835 26887]
[26888 26936]
[26937 27079]
[27080 27142]
[27143 27202]
[27203 27265]
[27266 27359]
[27360 27749]
[27750 27792]
[27793 27867]
[27868 27940]
[27941 27975]
[27976 27993]
[27994 28137]
[28138 28170]
[28171 28206]
[28207 28236]
[28237 28274]
[28275 28340]
[28341 28388]
[28389 28513]
[28514 28606]
[28607 28685]
[28686 28819]
[28820 28900]
[28901 29275]
[29276 29373]
