[0 23]
[24 271]
[272 321]
[322 345]
[346 369]
[370 392]
[393 421]
[422 448]
[449 474]
[475 499]
[500 524]
[525 548]
[549 572]
[573 600]
[601 627]
[628 655]
[656 676]
[677 697]
[698 737]
[738 768]
[769 795]
[796 818]
[819 905]
[906 1214]
[1215 1312]
[1313 1398]
[1399 1459]
[1460 1486]
[1487 1536]
[1537 1612]
[1613 1656]
[1657 1714]
[1715 1831]
[1832 1902]
[1903 2017]
[2018 2148]
[2149 2191]
[2192 2315]
[2316 2370]
[2371 2459]
[2460 2504]
[2505 2615]
[2616 2675]
[2676 2742]
[2743 2786]
[2787 2838]
[2839 2905]
[2906 2947]
[2948 3028]
[3029 3094]
[3095 3133]
[3134 3194]
[3195 3214]
[3215 3288]
[3289 3366]
[3367 3461]
[3462 3530]
[3531 3640]
[3641 3691]
[3692 3737]
[3738 3748]
[3749 3794]
[3795 3814]
[3815 3875]
[3876 3909]
[3910 3960]
[3961 3995]
[3996 4038]
[4039 4102]
[4103 4123]
[4124 4187]
[4188 4262]
[4263 4315]
[4316 4379]
[4380 4395]
[4396 4435]
[4436 4467]
[4468 4980]
[4981 5069]
[5070 5105]
[5106 5162]
[5163 5209]
[5210 5276]
[5277 5330]
[5331 5383]
[5384 5444]
[5445 5531]
[5532 5582]
[5583 5643]
[5644 5683]
[5684 5765]
[5766 5799]
[5800 5837]
[5838 5902]
[5903 5945]
[5946 5994]
[5995 6030]
[6031 6046]
[6047 6136]
[6137 6209]
[6210 6280]
[6281 6301]
[6302 6410]
[6411 6513]
[6514 6550]
[6551 6607]
[6608 6714]
[6715 6867]
[6868 7049]
[7050 7114]
[7115 7169]
[7170 7222]
[7223 7321]
[7322 7420]
[7421 7481]
[7482 7508]
[7509 7563]
[7564 7610]
[7611 7702]
[7703 7802]
[7803 7840]
[7841 7890]
[7891 7928]
[7929 7977]
[7978 8033]
[8034 8092]
[8093 8142]
[8143 8208]
[8209 8270]
[8271 8322]
[8323 8381]
[8382 8439]
[8440 8484]
[8485 8567]
[8568 8625]
[8626 9161]
[9162 9211]
[9212 9269]
[9270 9320]
[9321 9363]
[9364 9413]
[9414 9477]
[9478 9543]
[9544 9603]
[9604 9661]
[9662 9697]
[9698 9756]
[9757 9790]
[9791 9846]
[9847 9891]
[9892 9960]
[9961 10017]
[10018 10065]
[10066 10134]
[10135 10182]
[10183 10225]
[10226 10295]
[10296 10371]
[10372 10411]
[10412 10871]
[10872 10946]
[10947 11036]
[11037 11098]
[11099 11149]
[11150 11181]
[11182 11251]
[11252 11305]
[11306 11390]
[11391 11486]
[11487 11577]
[11578 11623]
[11624 11661]
[11662 11723]
[11724 11765]
[11766 11829]
[11830 11879]
[11880 11935]
[11936 12182]
[12183 12271]
[12272 12343]
[12344 12411]
[12412 12478]
[12479 12549]
[12550 12606]
[12607 12691]
[12692 12768]
[12769 12844]
[12845 12919]
[12920 12991]
[12992 13083]
[13084 13174]
[13175 13229]
[13230 13264]
[13265 13324]
[13325 13365]
[13366 13409]
[13410 13450]
[13451 13494]
[13495 13536]
[13537 13574]
[13575 13664]
[13665 14141]
[14142 14162]
[14163 14281]
[14282 14318]
[14319 14358]
[14359 14402]
[14403 14441]
[14442 14492]
[14493 14516]
[14517 14607]
[14608 14654]
[14655 14727]
[14728 14788]
[14789 14877]
[14878 14917]
[14918 14976]
[14977 15050]
[15051 15170]
[15171 15243]
[15244 15562]
[15563 15761]
[15762 15905]
[15906 16074]
[16075 16204]
[16205 16246]
[16247 16303]
[16304 16374]
[16375 16414]
[16415 16460]
[16461 16521]
[16522 16644]
[16645 16728]
[16729 16820]
[16821 17106]
[17107 17166]
[17167 17275]
[17276 17373]
[17374 17527]
[17528 17652]
[17653 17714]
[17715 17980]
[17981 18047]
[18048 18112]
[18113 18167]
[18168 18217]
[18218 18488]
[18489 18590]
[18591 18727]
[18728 18811]
[18812 18976]
[18977 19374]
[19375 19432]
[19433 19501]
[19502 19555]
[19556 19617]
[19618 19699]
[19700 20011]
[20012 20043]
[20044 20086]
[20087 20112]
[20113 20210]
[20211 20330]
[20331 20405]
[20406 20459]
[20460 20511]
[20512 20543]
[20544 20595]
[20596 20706]
[20707 20778]
[20779 20795]
[20796 20847]
[20848 21017]
[21018 21061]
[21062 21122]
[21123 21177]
[21178 21264]
[21265 21323]
[21324 21462]
[21463 21761]
[21762 21817]
[21818 21872]
[21873 21974]
[21975 22041]
[22042 22130]
[22131 22225]
[22226 22276]
[22277 22392]
[22393 22492]
[22493 22514]
[22515 22570]
[22571 22714]
[22715 22895]
[22896 22941]
[22942 23014]
[23015 23344]
[23346 23426]
