[0 20]
[22 347]
[348 405]
[406 441]
[442 471]
[472 499]
[500 532]
[533 563]
[564 593]
[594 622]
[623 656]
[657 693]
[694 724]
[725 751]
[752 781]
[782 815]
[816 861]
[862 892]
[893 993]
[994 1511]
[1512 1566]
[1567 1630]
[1631 1681]
[1682 1732]
[1733 1791]
[1792 1846]
[1847 1882]
[1883 2162]
[2163 2224]
[2225 2281]
[2282 2334]
[2335 2399]
[2400 2470]
[2471 2532]
[2533 2609]
[2610 2649]
[2650 2706]
[2707 2759]
[2760 2828]
[2829 2909]
[2910 2963]
[2964 3360]
[3361 3465]
[3466 3553]
[3554 3698]
[3699 3764]
[3765 3800]
[3801 3904]
[3905 3976]
[3977 4043]
[4044 4104]
[4105 4162]
[4163 4234]
[4235 4329]
[4330 4393]
[4394 4449]
[4450 4498]
[4499 4560]
[4561 4622]
[4623 4996]
[4997 5053]
[5054 5095]
[5096 5140]
[5141 5187]
[5188 5255]
[5256 5291]
[5292 5349]
[5350 5527]
[5528 5581]
[5582 5600]
[5601 5646]
[5647 5741]
[5742 5831]
[5832 5952]
[5953 6034]
[6035 6124]
[6125 6187]
[6188 6251]
[6252 6296]
[6297 6373]
[6374 6454]
[6455 6767]
[6768 6881]
[6882 6971]
[6972 7050]
[7051 7118]
[7119 7200]
[7201 7281]
[7282 7360]
[7361 7431]
[7432 7540]
[7541 7727]
[7728 8109]
[8110 8140]
[8141 8206]
[8207 8265]
[8266 8323]
[8324 8383]
[8384 8444]
[8445 8505]
[8506 8570]
[8571 8628]
[8629 8684]
[8685 8703]
[8704 8746]
[8747 8831]
[8832 8960]
[8961 9011]
[9012 9030]
[9031 9071]
[9072 9108]
[9109 9168]
[9169 9204]
[9205 9266]
[9267 9336]
[9337 9367]
[9368 9452]
[9453 9525]
[9526 9585]
[9586 9635]
[9636 9685]
[9686 9721]
[9722 9768]
[9769 9805]
[9806 9843]
[9844 10304]
[10305 10582]
[10583 10704]
[10705 10751]
[10752 10808]
[10809 10861]
[10862 10896]
[10897 10941]
[10942 11058]
[11059 11103]
[11104 11123]
[11124 11149]
[11150 11212]
[11213 11273]
[11274 11318]
[11319 11381]
[11382 11413]
[11414 11467]
[11468 11497]
[11498 11532]
[11533 11577]
[11578 11614]
[11615 11653]
[11654 11697]
[11698 11746]
[11747 11816]
[11817 11870]
[11871 11959]
[11960 11996]
[11997 12032]
[12033 12069]
[12070 12104]
[12105 12139]
[12140 12184]
[12185 12229]
[12230 12271]
[12272 12306]
[12307 12400]
[12401 12863]
[12864 12937]
[12938 12999]
[13000 13077]
[13078 13153]
[13154 13219]
[13220 13280]
[13281 13407]
[13408 13461]
[13462 13554]
[13555 13606]
[13607 13674]
[13675 13767]
[13768 14097]
[14098 14192]
[14193 14358]
[14359 14550]
[14551 14632]
[14633 14946]
[14947 15132]
[15133 15299]
[15300 15724]
[15725 15764]
[15765 15825]
[15826 15885]
[15886 15942]
[15943 16011]
[16012 16081]
[16082 16122]
[16123 16150]
[16151 16237]
[16238 16298]
[16299 16335]
[16336 16375]
[16376 16445]
[16446 16481]
[16482 16542]
[16543 16574]
[16575 16633]
[16634 16696]
[16697 17030]
[17031 17139]
[17140 17265]
[17266 17361]
[17362 17469]
[17470 17601]
[17602 17721]
[17722 17820]
[17821 17904]
[17905 17991]
[17992 18308]
[18309 19366]
[19367 19417]
[19418 19464]
[19465 19505]
[19506 19546]
[19547 19590]
[19591 19620]
[19621 19649]
[19650 19681]
[19682 19716]
[19717 19810]
[19811 20079]
[20080 20187]
[20188 20337]
[20338 20613]
[20614 20843]
[20844 21133]
[21134 21172]
[21173 21270]
[21271 21334]
[21335 21385]
[21386 21476]
[21477 21571]
[21572 21692]
[21693 21724]
[21725 21856]
[21857 21972]
[21973 22086]
[22087 22128]
[22129 22296]
[22297 22523]
[22524 22692]
[22693 22804]
[22805 22864]
[22865 22925]
[22926 22966]
[22967 23018]
[23019 23165]
[23166 23223]
[23224 23278]
[23279 23335]
[23336 23380]
[23381 23466]
[23467 23549]
[23550 23609]
[23610 23640]
[23641 23704]
[23705 23772]
[23773 23826]
[23827 23887]
[23888 23993]
[23994 24246]
[24247 24338]
[24339 24388]
[24389 24447]
[24448 24560]
[24561 24638]
[24639 24726]
[24727 24833]
[24834 24900]
[24901 24970]
[24971 25060]
[25061 25123]
[25124 25275]
[25276 25336]
[25337 25379]
[25380 25455]
[25456 25497]
[25498 25686]
[25687 25737]
[25738 25788]
[25789 25862]
[25863 26111]
[26112 26220]
[26221 26514]
[26515 26610]
[26611 26645]
[26646 26691]
[26692 26870]
[26871 26911]
[26912 26938]
[26939 26992]
[26993 27006]
[27007 27038]
[27039 27100]
[27101 27126]
[27127 27148]
[27149 27189]
[27190 27225]
[27226 27267]
[27268 27666]
[27667 27722]
[27723 27824]
[27825 27951]
[27952 28033]
[28034 28124]
[28125 28188]
[28189 28363]
[28364 28448]
[28449 28568]
[28569 28662]
[28663 28982]
[28983 29159]
[29160 29225]
[29226 29263]
[29264 29346]
[29347 29452]
[29453 29560]
[29561 29606]
[29607 29753]
[29754 29797]
[29798 29823]
[29824 29950]
[29951 30029]
[30030 30095]
[30096 30150]
[30151 30574]
[30575 30660]
[30661 30732]
[30733 31058]
[31059 31152]
[31153 31195]
[31196 31280]
[31281 31461]
[31462 31561]
[31562 31660]
[31661 31742]
[31743 31815]
[31816 32216]
[32217 32334]
