[0 24]
[26 289]
[290 342]
[343 371]
[372 405]
[406 438]
[439 470]
[471 502]
[503 533]
[534 564]
[565 593]
[594 630]
[631 660]
[661 690]
[691 718]
[719 761]
[762 794]
[795 825]
[826 926]
[928 1620]
[1621 1770]
[1771 1826]
[1828 1868]
[1869 1905]
[1906 1991]
[1992 2071]
[2072 2091]
[2092 2164]
[2165 2268]
[2269 2329]
[2330 2359]
[2360 2433]
[2434 2472]
[2473 2526]
[2527 2566]
[2567 2616]
[2617 2647]
[2648 2675]
[2676 2718]
[2719 2799]
[2800 2827]
[2828 2873]
[2874 2936]
[2937 3011]
[3012 3057]
[3058 3084]
[3085 3123]
[3124 3176]
[3178 3591]
[3592 3788]
[3789 3847]
[3848 3909]
[3910 3963]
[3964 4028]
[4029 4115]
[4116 4230]
[4231 4256]
[4257 4296]
[4297 4379]
[4380 4440]
[4441 4539]
[4540 4619]
[4620 4664]
[4665 4738]
[4739 4805]
[4806 4851]
[4852 4930]
[4931 4969]
[4970 5086]
[5087 5154]
[5155 5577]
[5578 5640]
[5641 5696]
[5697 5751]
[5752 5802]
[5803 5850]
[5851 5903]
[5904 5946]
[5947 5992]
[5993 6032]
[6033 6079]
[6080 6124]
[6125 6172]
[6173 6225]
[6226 6278]
[6279 6327]
[6328 6358]
[6359 6373]
[6374 6410]
[6411 6448]
[6449 6484]
[6485 6530]
[6531 7011]
[7012 7046]
[7047 7110]
[7111 7174]
[7175 7267]
[7268 7310]
[7311 7353]
[7354 7404]
[7405 7487]
[7488 7537]
[7538 7660]
[7661 7696]
[7697 7717]
[7718 7743]
[7744 7784]
[7785 7829]
[7830 7958]
[7959 8063]
[8064 8131]
[8132 8203]
[8204 8292]
[8293 8400]
[8401 8466]
[8467 8518]
[8519 8991]
[8992 9082]
[9083 9146]
[9147 9273]
[9274 9366]
[9367 9408]
[9409 9462]
[9463 9558]
[9559 9628]
[9629 9689]
[9690 9858]
[9859 9917]
[9918 9973]
[9974 10006]
[10007 10070]
[10071 10166]
[10167 10187]
[10188 10259]
[10260 10311]
[10312 10356]
[10357 10383]
[10384 10411]
[10412 10437]
[10438 10491]
[10492 10549]
[10550 10587]
[10588 10624]
[10625 10651]
[10652 10753]
[10754 11117]
[11118 11181]
[11182 11250]
[11251 11347]
[11348 11414]
[11415 11481]
[11482 11555]
[11556 11653]
[11654 11743]
[11744 11806]
[11807 11877]
[11878 11946]
[11947 11987]
[11988 12083]
[12084 12133]
[12134 12202]
[12203 12281]
[12282 12367]
[12368 12731]
[12732 12922]
[12923 12990]
[12991 13060]
[13061 13138]
[13139 13262]
[13263 13350]
[13351 13436]
[13437 13841]
[13842 13920]
[13921 13988]
[13989 14040]
[14041 14115]
[14116 14521]
[14522 15107]
[15108 15255]
[15256 15307]
[15308 15588]
[15589 15707]
[15708 15761]
[15762 15882]
[15883 16018]
[16019 16075]
[16076 16129]
[16130 16219]
[16220 16365]
[16366 16428]
[16429 16489]
[16490 16554]
[16555 16596]
[16597 16966]
[16967 17024]
[17025 17069]
[17070 17169]
[17170 17260]
[17261 17307]
[17308 17363]
[17364 17416]
[17417 17478]
[17479 17517]
[17518 17574]
[17575 17644]
[17645 17675]
[17676 17769]
[17770 17898]
[17899 17986]
[17987 18086]
[18087 18120]
[18121 18201]
[18202 18301]
[18302 18618]
[18619 18722]
[18723 18781]
[18782 18876]
[18877 19081]
[19082 19144]
[19145 19212]
[19213 19228]
[19229 19325]
[19326 19611]
[19612 19643]
[19644 19814]
[19815 19861]
[19862 19914]
[19915 19971]
[19972 19999]
[20000 20026]
[20027 20055]
[20056 20085]
[20086 20115]
[20116 20151]
[20152 20184]
[20185 20213]
[20214 20306]
[20307 20332]
[20333 20410]
[20411 20741]
[20742 20871]
[20872 20940]
[20941 21000]
[21001 21075]
[21076 21137]
[21138 21198]
[21199 21245]
[21246 21291]
[21292 21336]
[21337 21391]
[21392 21506]
[21507 21657]
[21658 21709]
[21710 21757]
[21758 21797]
[21798 21862]
[21863 21953]
[21954 21985]
[21986 22104]
[22105 22428]
[22429 22489]
[22490 22551]
[22552 22649]
[22650 22722]
[22723 22789]
[22790 22875]
[22876 22973]
[22974 23075]
[23076 23145]
[23146 23207]
[23208 23264]
[23265 23325]
[23326 23592]
[23593 23636]
[23637 23685]
[23686 23785]
[23786 23826]
[23827 23857]
[23858 23954]
[23955 24353]
[24354 24399]
[24400 24447]
[24448 24504]
[24505 24559]
[24560 24615]
[24616 24673]
[24674 24733]
[24734 24794]
[24795 24860]
[24861 24918]
[24919 25072]
[25073 25100]
[25101 25125]
[25126 25162]
[25163 25199]
[25200 25236]
[25237 25285]
[25286 25332]
[25333 25389]
[25390 25443]
[25444 25497]
[25498 25553]
[25554 25606]
[25607 25671]
[25672 25815]
[25816 26129]
[26131 26316]
[26317 26391]
[26392 26445]
[26446 26499]
[26500 26531]
[26532 26562]
[26563 26596]
[26597 26622]
[26623 26703]
[26704 26762]
[26763 26792]
[26793 26842]
[26843 26951]
[26952 27015]
[27016 27071]
[27072 27137]
[27138 27192]
[27193 27255]
[27256 27314]
[27315 27378]
[27379 27470]
[27471 27823]
[27824 27961]
[27962 28031]
[28032 28087]
[28088 28158]
[28159 28212]
[28213 28246]
[28247 28277]
[28278 28389]
[28390 28439]
[28440 28818]
[28819 28912]
[28913 29042]
[29043 29459]
[29460 29616]
[29617 29682]
[29683 29811]
[29812 29875]
[29876 30014]
[30015 30139]
[30140 30267]
[30268 30429]
[30430 30523]
[30524 30861]
[30862 31117]
[31118 31455]
[31456 31541]
[31542 31582]
[31583 31637]
[31638 31647]
[31648 31763]
[31764 31790]
[31791 31826]
[31827 31871]
[31872 31908]
[31909 31971]
[31972 32271]
[32272 32362]
