[0 6]
[7 28]
[30 345]
[346 404]
[405 433]
[434 456]
[457 493]
[494 532]
[533 561]
[562 606]
[607 651]
[652 706]
[707 745]
[746 780]
[781 850]
[851 879]
[880 988]
[989 1437]
[1439 1503]
[1504 1559]
[1560 1585]
[1586 1652]
[1653 1677]
[1678 1745]
[1746 1779]
[1780 1825]
[1826 1868]
[1869 1897]
[1898 2046]
[2047 2133]
[2134 2164]
[2165 2244]
[2245 2281]
[2282 2312]
[2313 2341]
[2342 2367]
[2368 2402]
[2403 2432]
[2433 2542]
[2543 2575]
[2576 2648]
[2649 2697]
[2698 2752]
[2753 2800]
[2801 2854]
[2855 2928]
[2929 3283]
[3284 3357]
[3358 3408]
[3409 3526]
[3527 3602]
[3603 3664]
[3665 3752]
[3753 3808]
[3809 3893]
[3894 3971]
[3972 4099]
[4100 4165]
[4166 4220]
[4221 4318]
[4319 4797]
[4800 4856]
[4857 4904]
[4905 4953]
[4954 5009]
[5010 5060]
[5061 5117]
[5118 5296]
[5297 5465]
[5466 5479]
[5480 5543]
[5544 5616]
[5617 5672]
[5673 5909]
[5910 5950]
[5951 6000]
[6001 6054]
[6055 6113]
[6114 6155]
[6156 6192]
[6193 6250]
[6251 6308]
[6309 6369]
[6370 6923]
[6925 6945]
[6946 6986]
[6987 7012]
[7013 7057]
[7058 7086]
[7087 7114]
[7115 7159]
[7160 7189]
[7190 7221]
[7222 7252]
[7253 7303]
[7304 7338]
[7339 7370]
[7371 7421]
[7422 7487]
[7488 7538]
[7539 7605]
[7606 7636]
[7637 7663]
[7664 7703]
[7704 7748]
[7749 7788]
[7789 7819]
[7820 7865]
[7866 7922]
[7923 7964]
[7965 8036]
[8037 8087]
[8088 8166]
[8167 8231]
[8232 8260]
[8261 8288]
[8289 8336]
[8337 8383]
[8384 8501]
[8502 8608]
[8609 8670]
[8671 8732]
[8733 8789]
[8790 8809]
[8810 8865]
[8866 8962]
[8963 9046]
[9047 9275]
[9276 9424]
[9425 9556]
[9557 9716]
[9717 9858]
[9859 10007]
[10008 10123]
[10124 10243]
[10244 10384]
[10385 10696]
[10697 10788]
[10789 10877]
[10878 11002]
[11003 11127]
[11128 11244]
[11245 11364]
[11365 11489]
[11490 11603]
[11604 11703]
[11704 11803]
[11804 11911]
[11912 12014]
[12015 12319]
[12320 12374]
[12375 12433]
[12434 12496]
[12497 12546]
[12547 12599]
[12600 12656]
[12657 12718]
[12719 12813]
[12814 12863]
[12864 12918]
[12919 12969]
[12970 13020]
[13021 13076]
[13077 13136]
[13137 13187]
[13188 13243]
[13244 13304]
[13305 13349]
[13350 13387]
[13388 13413]
[13414 13454]
[13455 13505]
[13506 13561]
[13562 13611]
[13612 13843]
[13844 13899]
[13900 13978]
[13979 14058]
[14059 14136]
[14137 14150]
[14151 14214]
[14215 14292]
[14293 14398]
[14399 14523]
[14524 14595]
[14596 14656]
[14657 14740]
[14741 14857]
[14858 14884]
[14885 14921]
[14922 14953]
[14954 15000]
[15001 15037]
[15038 15067]
[15068 15142]
[15143 15190]
[15191 15238]
[15239 15296]
[15297 15827]
[15828 15864]
[15865 15911]
[15912 15980]
[15981 16059]
[16060 16104]
[16105 16164]
[16165 16209]
[16210 16272]
[16273 16322]
[16323 16354]
[16355 16401]
[16402 16435]
[16436 16478]
[16479 16561]
[16562 16639]
[16640 16661]
[16662 16824]
[16825 16866]
[16867 16924]
[16925 16955]
[16956 16991]
[16992 17407]
[17408 17449]
[17450 17497]
[17498 17544]
[17545 17595]
[17596 17645]
[17646 17711]
[17712 17780]
[17781 17871]
[17872 17959]
[17960 18007]
[18009 18067]
[18068 18122]
[18123 18165]
[18166 18258]
[18259 18333]
[18334 18408]
[18409 18476]
[18477 18534]
[18535 18578]
[18579 18615]
[18616 18665]
[18666 18705]
[18706 18773]
[18774 18833]
[18834 18877]
[18878 19163]
[19164 19258]
[19259 19407]
[19408 19576]
[19577 19610]
[19611 19648]
[19649 19681]
[19682 19763]
[19764 19868]
[19869 19967]
[19968 20014]
[20015 20090]
[20091 20168]
[20169 20248]
[20249 20271]
[20272 20333]
[20334 20415]
[20416 20517]
[20518 20837]
[20838 20924]
[20925 20992]
[20993 21067]
[21068 21142]
[21143 21217]
[21218 21301]
[21302 21403]
[21404 21483]
[21484 21561]
[21562 21669]
[21670 21759]
[21760 21848]
[21849 21941]
[21942 22035]
[22036 22302]
[22303 22381]
[22382 22471]
[22472 22530]
[22531 22573]
[22574 22631]
[22632 22668]
[22669 22772]
[22773 22797]
[22798 22857]
[22858 22905]
[22906 22960]
[22961 22985]
[22986 23092]
[23093 23191]
[23192 23287]
[23288 23312]
[23313 23339]
[23340 23378]
[23379 23406]
[23407 23494]
[23495 23609]
[23610 23664]
[23665 23734]
[23735 23808]
[23809 24113]
[24114 24178]
[24179 24249]
[24250 24341]
[24342 24420]
[24421 24537]
[24538 24700]
[24701 24727]
[24728 24812]
[24813 24943]
[24944 25000]
[25001 25044]
[25045 25081]
[25082 25112]
[25113 25432]
[25434 25640]
[25641 25687]
[25688 25819]
[25820 25867]
[25868 25969]
[25970 26069]
[26070 26121]
[26122 26213]
[26214 26267]
[26268 26302]
[26303 26342]
[26343 26440]
[26441 26470]
[26471 26496]
[26497 26527]
[26528 26664]
[26665 26802]
[26803 26967]
[26968 27013]
[27015 27122]
[27123 27201]
[27202 27354]
[27355 27406]
[27407 27499]
[27500 27533]
[27534 27843]
[27844 27935]
[27936 28039]
[28040 28308]
[28309 28429]
[28430 28566]
[28567 29070]
[29071 29169]
