[0 9]
[10 52]
[54 403]
[404 459]
[460 495]
[496 525]
[526 553]
[554 586]
[587 617]
[618 649]
[650 678]
[679 710]
[711 747]
[748 778]
[779 805]
[806 835]
[836 875]
[876 910]
[911 943]
[944 1039]
[1040 1575]
[1576 1661]
[1662 1717]
[1718 1742]
[1743 1778]
[1779 1834]
[1835 1974]
[1975 2004]
[2005 2136]
[2137 2173]
[2174 2220]
[2221 2247]
[2248 2307]
[2308 2356]
[2357 2419]
[2420 2464]
[2465 2521]
[2522 2535]
[2536 2585]
[2586 2655]
[2656 2705]
[2706 2755]
[2756 2805]
[2806 2853]
[2854 2903]
[2904 2941]
[2942 2975]
[2976 3325]
[3326 3523]
[3524 3606]
[3607 3687]
[3688 3783]
[3784 3874]
[3875 3963]
[3964 4046]
[4047 4120]
[4121 4192]
[4193 4244]
[4245 4292]
[4293 4363]
[4364 4414]
[4415 4766]
[4768 4897]
[4898 4982]
[4983 5057]
[5058 5129]
[5130 5200]
[5201 5265]
[5266 5338]
[5339 5409]
[5410 5473]
[5474 5543]
[5544 5608]
[5609 5680]
[5681 5765]
[5766 6116]
[6117 6184]
[6185 6263]
[6264 6312]
[6313 6352]
[6353 6374]
[6375 6414]
[6415 6497]
[6498 6626]
[6627 6683]
[6684 6760]
[6761 6812]
[6813 6906]
[6907 6986]
[6987 7023]
[7024 7039]
[7040 7074]
[7075 7295]
[7296 7354]
[7355 7500]
[7501 7533]
[7534 7609]
[7610 7645]
[7646 8119]
[8121 8190]
[8191 8251]
[8252 8306]
[8307 8352]
[8353 8406]
[8407 8476]
[8477 8537]
[8538 8603]
[8604 8655]
[8656 8721]
[8722 8786]
[8787 8889]
[8890 8936]
[8937 8982]
[8983 9022]
[9023 9595]
[9596 9703]
[9704 9771]
[9772 9886]
[9887 9956]
[9957 10043]
[10044 10102]
[10103 10179]
[10180 10315]
[10316 10361]
[10362 10423]
[10424 10635]
[10636 10691]
[10692 10717]
[10718 10763]
[10764 10831]
[10832 11267]
[11268 11482]
[11483 11589]
[11590 11937]
[11938 12007]
[12008 12071]
[12072 12127]
[12128 12193]
[12194 12256]
[12257 12349]
[12350 12428]
[12429 12503]
[12504 12541]
[12542 12623]
[12624 12709]
[12710 12779]
[12780 12856]
[12857 12929]
[12930 13260]
[13261 13322]
[13323 13400]
[13401 13469]
[13470 13533]
[13534 13606]
[13607 13682]
[13683 13912]
[13913 14157]
[14158 14251]
[14252 14320]
[14321 14512]
[14513 14636]
[14637 14722]
[14723 14767]
[14768 14841]
[14842 15180]
[15181 15218]
[15219 15290]
[15291 15358]
[15359 15439]
[15440 15519]
[15520 15593]
[15594 15752]
[15753 15917]
[15918 15993]
[15994 16069]
[16070 16116]
[16117 16161]
[16162 16209]
[16210 16245]
[16246 16278]
[16279 16316]
[16317 16354]
[16355 16389]
[16390 16443]
[16444 16497]
[16498 16547]
[16548 16648]
[16649 17098]
[17100 17191]
[17192 17233]
[17234 17296]
[17297 17358]
[17359 17422]
[17423 17489]
[17490 17534]
[17535 17621]
[17622 17695]
[17696 17728]
[17729 17758]
[17759 17794]
[17795 17956]
[17957 18050]
[18051 18146]
[18147 18247]
[18248 18602]
[18604 18691]
[18692 18774]
[18775 18816]
[18817 18880]
[18881 18946]
[18947 18992]
[18993 19027]
[19028 19055]
[19056 19087]
[19088 19288]
[19289 19369]
[19370 19404]
[19405 19453]
[19454 19534]
[19535 19671]
[19672 19719]
[19720 19772]
[19773 20040]
[20041 20091]
[20092 20161]
[20162 20244]
[20245 20407]
[20408 20457]
[20458 20492]
[20493 20599]
[20600 20692]
[20693 20712]
[20713 20822]
[20823 20873]
[20874 20915]
[20916 21005]
[21006 21123]
[21124 21265]
[21266 21406]
[21407 21512]
[21513 21873]
[21875 22004]
[22005 22068]
[22069 22101]
[22102 22152]
[22153 22294]
[22295 22422]
[22423 22501]
[22502 22535]
[22536 22573]
[22574 22654]
[22655 22776]
[22777 22834]
[22835 22859]
[22860 22918]
[22919 23274]
[23275 23345]
[23346 23419]
[23420 23471]
[23472 23567]
[23568 23620]
[23621 23775]
[23776 23824]
[23825 23913]
[23914 23974]
[23975 24043]
[24044 24217]
[24218 24294]
[24295 24368]
[24369 24457]
[24458 24521]
[24522 24930]
[24931 25021]
[25022 25245]
[25246 25299]
[25300 25366]
[25367 25428]
[25429 25473]
[25474 25529]
[25530 25649]
[25650 25676]
[25677 25727]
[25728 25776]
[25777 25868]
[25869 26134]
[26136 26271]
[26272 26319]
[26320 26401]
[26402 26447]
[26448 26546]
[26547 26610]
[26611 26648]
[26649 26686]
[26687 26767]
[26768 26863]
[26864 26917]
[26918 27038]
[27039 27122]
[27123 27181]
[27182 27253]
[27254 27304]
[27305 27358]
[27359 27381]
[27382 27409]
[27410 27484]
[27485 27556]
[27557 27593]
[27594 27898]
[27899 27985]
