[0 6]
[7 52]
[53 421]
[422 477]
[478 513]
[514 543]
[544 571]
[572 604]
[605 634]
[635 664]
[665 694]
[695 728]
[729 765]
[766 796]
[797 823]
[824 853]
[854 932]
[933 1061]
[1062 1527]
[1528 1622]
[1623 1689]
[1690 1741]
[1742 1814]
[1815 1844]
[1845 1888]
[1889 1992]
[1993 2023]
[2024 2201]
[2202 2320]
[2321 2373]
[2374 2425]
[2426 2565]
[2566 2712]
[2713 2889]
[2890 3011]
[3012 3106]
[3107 3399]
[3400 3494]
[3495 3590]
[3591 3672]
[3673 3756]
[3757 3812]
[3813 3904]
[3905 3980]
[3981 4051]
[4052 4136]
[4137 4235]
[4236 4322]
[4323 4362]
[4363 4766]
[4767 4831]
[4832 4895]
[4896 4981]
[4982 5030]
[5031 5099]
[5100 5176]
[5177 5266]
[5267 5412]
[5413 5458]
[5459 5481]
[5482 5538]
[5539 5807]
[5808 5858]
[5859 5930]
[5931 6042]
[6043 6116]
[6117 6735]
[6736 6817]
[6818 6890]
[6891 6970]
[6971 7044]
[7045 7113]
[7114 7188]
[7189 7256]
[7257 7273]
[7274 7543]
[7544 7565]
[7566 7594]
[7595 7632]
[7633 7663]
[7664 7684]
[7685 7819]
[7820 7877]
[7878 7943]
[7944 8015]
[8016 8073]
[8074 8124]
[8125 8138]
[8139 8219]
[8220 8284]
[8285 8326]
[8327 8373]
[8374 8402]
[8403 8980]
[8981 9048]
[9049 9099]
[9100 9187]
[9188 9311]
[9312 9439]
[9440 9492]
[9493 9608]
[9609 9702]
[9703 9804]
[9805 9846]
[9847 9994]
[9995 10113]
[10114 10257]
[10258 10326]
[10327 10430]
[10431 10517]
[10518 11093]
[11095 11178]
[11179 11308]
[11309 11356]
[11357 11598]
[11599 11666]
[11667 11747]
[11748 11895]
[11896 12197]
[12198 12278]
[12279 12351]
[12352 12417]
[12418 12456]
[12457 12507]
[12508 12586]
[12587 12636]
[12637 12739]
[12740 12808]
[12809 12919]
[12920 12975]
[12976 13029]
[13030 13085]
[13086 13179]
[13180 13828]
[13829 14005]
[14006 14113]
[14114 14286]
[14287 14337]
[14338 14409]
[14410 14529]
[14530 14531]
[14532 14620]
[14621 14772]
[14773 14876]
[14877 15056]
[15057 15270]
[15271 15640]
[15641 16062]
[16063 16430]
[16431 16563]
[16564 16685]
[16686 16947]
[16948 16999]
[17000 17051]
[17052 17142]
[17143 17206]
[17207 17281]
[17282 17337]
[17338 17392]
[17393 17474]
[17475 17590]
[17591 17685]
[17686 17813]
[17814 17847]
[17848 18109]
[18110 18191]
[18192 18263]
[18264 18334]
[18335 18409]
[18410 18471]
[18472 18542]
[18543 18611]
[18612 18674]
[18675 18734]
[18735 18803]
[18804 18874]
[18875 19379]
[19380 19509]
[19510 19715]
[19716 19927]
[19928 20014]
[20015 20187]
[20188 20512]
[20513 20598]
[20599 20759]
[20760 20823]
[20825 20875]
[20876 20955]
[20956 21022]
[21023 21098]
[21099 21198]
[21199 21250]
[21251 21330]
[21331 21360]
[21361 21381]
[21382 21457]
[21458 21599]
[21600 21650]
[21651 21697]
[21698 21779]
[21780 21889]
[21890 21945]
[21946 22038]
[22039 22360]
[22362 22416]
[22417 22517]
[22518 22594]
[22595 22704]
[22705 22792]
[22793 22819]
[22820 22918]
[22919 23022]
[23023 23128]
[23129 23246]
[23247 23288]
[23289 23355]
[23356 23456]
[23457 23503]
[23504 23555]
[23556 23943]
[23944 24126]
[24127 24264]
[24265 24369]
[24370 24415]
[24416 24586]
[24587 24696]
[24697 24740]
[24741 24864]
[24865 25066]
[25067 25185]
[25186 25613]
[25614 25665]
[25666 25764]
[25765 25931]
[25932 25974]
[25975 26203]
[26204 26339]
[26340 26429]
[26430 26507]
[26508 26534]
[26535 26727]
[26728 26869]
[26870 27337]
[27338 27417]
[27418 27513]
[27514 27606]
[27607 27678]
[27679 27798]
[27799 27967]
[27968 28002]
[28003 28229]
[28230 28342]
[28343 28442]
[28443 28624]
[28625 28748]
[28749 29140]
[29142 29266]
[29267 29452]
[29453 29613]
[29614 29892]
[29893 30036]
[30037 30139]
[30140 30188]
[30189 30283]
[30284 30351]
[30352 30401]
[30402 30471]
[30472 30524]
[30525 30896]
[30897 30974]
[30976 31194]
[31195 31512]
[31513 31583]
[31584 31732]
[31733 31820]
[31821 31914]
[31915 32049]
[32050 32200]
[32201 32330]
[32331 32602]
[32603 32717]
[32718 32808]
[32809 32946]
[32947 33168]
[33169 33260]
[33261 33326]
[33327 33516]
[33517 33598]
[33599 33731]
[33732 33790]
[33791 34142]
[34143 34246]
