[0 6]
[7 51]
[52 303]
[304 355]
[356 386]
[387 422]
[423 456]
[457 482]
[483 520]
[521 561]
[562 606]
[607 638]
[639 668]
[669 701]
[702 731]
[732 773]
[774 810]
[811 847]
[848 934]
[935 1552]
[1553 1608]
[1609 1640]
[1641 1683]
[1684 1724]
[1725 1784]
[1785 1823]
[1824 1861]
[1862 1901]
[1902 1939]
[1940 1977]
[1978 2022]
[2023 2042]
[2043 2096]
[2097 2216]
[2217 2288]
[2289 2364]
[2365 2538]
[2539 2565]
[2566 2616]
[2617 2654]
[2655 2760]
[2761 2801]
[2802 2837]
[2838 2871]
[2872 2917]
[2918 2990]
[2991 3025]
[3026 3048]
[3049 3446]
[3447 3565]
[3566 3638]
[3639 3689]
[3690 3769]
[3770 3845]
[3846 3912]
[3913 4078]
[4079 4133]
[4134 4206]
[4207 4250]
[4251 4282]
[4283 4322]
[4323 4369]
[4370 4800]
[4801 4860]
[4861 4887]
[4888 4956]
[4957 5004]
[5005 5056]
[5057 5140]
[5141 5194]
[5195 5447]
[5448 5669]
[5670 5882]
[5883 5938]
[5939 5986]
[5987 6044]
[6045 6068]
[6069 6146]
[6147 6194]
[6195 6457]
[6458 6546]
[6547 6643]
[6644 6695]
[6696 6768]
[6769 6819]
[6820 6883]
[6884 6970]
[6971 7045]
[7046 7106]
[7107 7217]
[7218 7266]
[7267 7284]
[7285 7359]
[7360 7435]
[7436 7885]
[7886 7914]
[7915 7963]
[7964 8009]
[8010 8202]
[8203 8237]
[8238 8328]
[8329 8405]
[8406 8500]
[8501 8564]
[8565 8634]
[8635 8769]
[8770 8817]
[8818 8869]
[8870 8928]
[8929 8960]
[8961 9012]
[9013 9071]
[9072 9135]
[9136 9163]
[9164 9206]
[9207 9271]
[9272 9328]
[9329 9383]
[9384 9741]
[9742 9843]
[9844 9945]
[9946 9993]
[9994 10033]
[10034 10072]
[10073 10118]
[10119 10183]
[10184 10219]
[10220 10294]
[10295 10338]
[10339 10498]
[10499 10601]
[10602 10742]
[10743 10857]
[10858 10911]
[10912 10989]
[10990 11053]
[11054 11099]
[11100 11157]
[11158 11223]
[11224 11279]
[11280 11320]
[11321 11363]
[11364 11409]
[11410 11459]
[11460 11569]
[11570 11607]
[11608 11643]
[11644 11722]
[11723 11928]
[11929 11985]
[11986 12018]
[12019 12119]
[12120 12199]
[12200 12280]
[12281 12414]
[12415 12483]
[12485 12520]
[12521 13017]
[13018 13214]
[13215 13297]
[13298 13378]
[13379 13474]
[13475 13553]
[13554 14058]
[14059 14177]
[14178 14264]
[14265 14379]
[14380 14472]
[14473 14523]
[14524 14593]
[14594 14644]
[14645 14791]
[14792 14840]
[14841 14932]
[14933 14985]
[14986 15028]
[15029 15056]
[15057 15108]
[15109 15153]
[15154 15506]
[15507 15526]
[15527 15606]
[15607 15670]
[15671 15736]
[15737 15776]
[15777 15858]
[15859 16075]
[16076 16150]
[16151 16238]
[16239 16328]
[16329 16438]
[16439 16468]
[16469 16519]
[16520 16563]
[16564 16623]
[16624 16907]
[16908 17042]
[17043 17211]
[17212 17292]
[17293 17345]
[17346 17477]
[17478 17587]
[17588 17678]
[17679 17778]
[17779 17826]
[17827 17870]
[17871 17911]
[17912 18127]
[18128 18265]
[18266 18375]
[18376 18417]
[18418 18476]
[18477 18526]
[18527 18581]
[18582 18641]
[18642 18695]
[18696 18750]
[18751 18822]
[18823 18870]
[18871 18941]
[18942 18977]
[18978 19039]
[19040 19104]
[19105 19160]
[19161 19200]
[19201 19239]
[19240 19273]
[19274 19340]
[19341 19383]
[19384 19438]
[19439 19509]
[19510 19600]
[19601 19877]
[19878 20054]
[20055 20124]
[20125 20177]
[20178 20258]
[20259 20314]
[20315 20385]
[20386 20429]
[20430 20496]
[20497 20565]
[20566 20613]
[20614 20670]
[20671 20725]
[20726 20805]
[20806 20861]
[20862 20912]
[20913 20985]
[20986 21054]
[21055 21161]
[21162 21422]
[21423 21486]
[21487 21534]
[21535 21619]
[21620 21663]
[21664 21726]
[21727 21778]
[21779 21839]
[21840 21873]
[21874 21910]
[21911 21945]
[21946 22049]
[22050 22096]
[22097 22142]
[22143 22211]
[22212 22276]
[22277 22321]
[22322 22367]
[22368 22413]
[22414 22439]
[22440 22498]
[22499 22547]
[22548 22591]
[22592 22625]
[22626 22654]
[22655 22684]
[22685 22712]
[22713 22754]
[22755 22836]
[22837 23080]
[23081 23117]
[23118 23160]
[23161 23215]
[23216 23286]
[23287 23370]
[23371 23528]
[23529 23620]
[23622 23657]
[23658 23719]
[23720 23815]
[23816 23874]
[23875 23967]
[23968 24032]
[24033 24098]
[24099 24159]
[24160 24215]
[24216 24264]
[24265 24407]
[24408 24600]
[24601 24693]
[24694 24761]
[24762 24827]
[24828 24875]
[24876 24957]
[24958 25016]
[25017 25068]
[25069 25132]
[25133 25204]
[25205 25355]
[25356 25450]
[25451 25719]
[25720 25830]
[25831 25925]
[25926 26005]
[26006 26160]
[26161 26235]
[26236 26307]
[26308 26391]
[26392 26446]
[26447 26531]
[26532 26614]
[26615 26717]
[26718 26797]
[26798 26875]
[26876 26942]
[26943 27259]
[27260 27354]
[27355 27430]
[27431 27547]
[27548 27608]
[27609 27636]
[27637 27780]
[27781 27841]
[27842 27899]
[27900 27953]
[27954 27983]
[27984 28049]
[28050 28135]
[28136 28204]
[28205 28271]
[28272 28405]
[28406 28686]
[28687 28813]
[28814 28897]
[28898 28987]
[28988 29069]
[29070 29172]
[29173 29205]
[29206 29260]
[29261 29346]
[29347 29425]
[29426 29466]
[29467 29554]
[29555 29603]
[29604 29897]
[29898 29993]
