[ 0 26]
[28 47]
[48 67]
[ 69 112]
[114 227]
[229 491]
[492 544]
[545 579]
[580 624]
[625 663]
[664 671]
[672 718]
[719 763]
[764 795]
[796 834]
[835 883]
[884 915]
[916 976]
[ 977 1587]
[1588 1639]
[1640 1699]
[1700 1738]
[1739 1779]
[1780 1828]
[1829 1895]
[1896 1923]
[1924 1960]
[1961 2002]
[2003 2052]
[2053 2108]
[2109 2176]
[2177 2238]
[2239 2305]
[2306 2375]
[2376 2445]
[2446 2505]
[2506 2571]
[2572 2629]
[2630 2665]
[2666 2758]
[2759 2834]
[2835 2916]
[2917 2999]
[3000 3065]
[3066 3598]
[3599 3622]
[3623 3654]
[3655 3742]
[3743 3791]
[3792 3833]
[3834 3887]
[3888 3949]
[3950 4012]
[4013 4027]
[4028 4067]
[4068 4112]
[4113 4161]
[4162 4213]
[4214 4294]
[4295 4319]
[4320 4362]
[4363 4416]
[4417 4466]
[4467 4517]
[4518 4576]
[4577 4642]
[4643 4696]
[4697 4754]
[4755 4811]
[4812 4854]
[4855 4882]
[4883 4925]
[4926 4954]
[4955 4985]
[4986 4995]
[4996 5288]
[5289 5369]
[5370 5454]
[5455 5540]
[5541 5670]
[5671 5700]
[5701 5769]
[5770 5882]
[5883 5955]
[5956 5994]
[5995 6091]
[6092 6125]
[6126 6220]
[6221 6303]
[6304 6369]
[6370 6782]
[6783 6868]
[6869 6985]
[6986 7101]
[7102 7172]
[7173 7248]
[7249 7342]
[7343 7429]
[7430 7546]
[7547 7634]
[7635 7712]
[7713 7799]
[7800 7893]
[7894 7988]
[7989 8299]
[8300 8343]
[8344 8456]
[8457 8526]
[8527 8572]
[8573 8630]
[8631 8697]
[8698 8764]
[8765 8872]
[8873 8972]
[8973 9025]
[9026 9114]
[9115 9218]
[9219 9304]
[9305 9414]
[9416 9470]
[9471 9543]
[9544 9611]
[9612 9653]
[9654 9703]
[9704 9785]
[9787 9911]
[ 9912 10253]
[10254 10425]
[10426 10578]
[10579 10768]
[10769 10951]
[10952 11239]
[11240 11579]
[11580 11676]
[11677 11766]
[11767 11859]
[11860 11928]
[11929 12002]
[12003 12061]
[12062 12185]
[12186 12226]
[12227 12275]
[12276 12415]
[12416 12471]
[12472 12525]
[12526 12715]
[12716 12770]
[12771 12809]
[12810 12850]
[12851 12915]
[12916 12937]
[12938 13348]
[13349 13489]
[13490 13553]
[13554 13630]
[13631 13717]
[13718 13883]
[13884 13973]
[13974 14103]
[14104 14184]
[14185 14280]
[14281 14366]
[14367 14482]
[14483 14569]
[14570 14646]
[14647 14717]
[14718 15109]
[15110 15405]
[15406 15528]
[15529 15662]
[15663 15759]
[15760 15811]
[15812 15896]
[15897 15970]
[15971 16032]
[16033 16110]
[16111 16201]
[16202 16258]
[16259 16357]
[16358 16729]
[16731 16889]
[16890 16971]
[16973 17267]
[17268 17417]
[17418 17546]
[17547 17634]
[17635 17793]
[17794 17945]
[17946 17988]
[17989 18343]
[18344 18624]
[18625 18709]
[18710 18775]
[18776 18980]
[18981 19168]
[19169 19286]
[19287 19365]
[19366 19499]
[19500 19594]
[19595 19655]
[19656 19705]
[19706 19755]
[19756 19805]
[19806 19862]
[19863 19896]
[19897 19991]
[19992 20046]
[20047 20128]
[20129 20192]
[20193 20298]
[20299 20594]
[20595 20729]
[20730 20823]
[20824 20918]
[20919 21007]
[21008 21101]
[21102 21188]
[21189 21277]
[21278 21363]
[21364 21466]
[21467 21561]
[21562 21686]
[21687 21921]
[21922 22650]
[22651 22914]
[22915 23217]
[23218 23348]
[23349 23440]
[23441 23531]
[23532 23624]
[23625 23706]
[23707 23791]
[23792 23969]
[23970 24163]
[24164 24462]
[24463 24628]
[24629 24864]
[24865 25107]
[25108 25236]
[25237 25735]
[25736 26119]
[26120 26216]
[26217 26315]
[26316 26398]
[26399 26487]
[26488 26586]
[26587 26672]
[26673 26740]
[26741 26824]
[26825 26874]
[26875 26963]
[26964 27004]
[27005 27120]
[27121 27204]
[27205 27528]
[27529 27620]
[27621 27801]
[27802 27908]
[27909 27933]
[27934 28050]
[28051 28158]
[28159 28266]
[28267 28345]
[28346 28435]
[28436 28584]
[28585 28630]
[28631 28731]
[28732 28811]
[28812 28858]
[28859 28906]
[28907 28993]
[28994 29045]
[29046 29134]
[29135 29201]
[29202 29253]
[29254 29289]
[29290 29314]
[29315 29375]
[29376 29445]
[29446 29550]
[29551 29881]
[29882 29949]
