[ 0 32]
[34 53]
[54 73]
[ 75 118]
[120 209]
[210 488]
[489 543]
[544 577]
[578 609]
[610 637]
[638 669]
[670 693]
[694 724]
[725 760]
[761 786]
[787 820]
[821 857]
[858 892]
[893 990]
[ 991 1286]
[1288 1324]
[1325 1379]
[1380 1502]
[1503 1567]
[1568 1639]
[1640 1719]
[1720 1841]
[1842 1884]
[1885 1920]
[1921 2053]
[2054 2102]
[2103 2156]
[2157 2210]
[2211 2246]
[2247 2273]
[2274 2319]
[2320 2346]
[2347 2368]
[2369 2427]
[2428 2536]
[2537 2594]
[2595 2651]
[2652 2692]
[2693 2726]
[2727 2782]
[2783 2835]
[2836 3165]
[3166 3297]
[3298 3354]
[3355 3411]
[3412 3490]
[3491 3712]
[3713 4064]
[4065 4306]
[4307 4395]
[4396 4483]
[4484 4579]
[4580 5040]
[5041 5126]
[5127 5226]
[5227 5326]
[5327 5426]
[5427 5526]
[5527 5626]
[5627 5726]
[5727 5826]
[5827 5926]
[5927 6009]
[6010 6084]
[6085 6192]
[6193 6434]
[6435 6517]
[6518 6631]
[6632 6703]
[6704 6761]
[6762 6810]
[6811 6855]
[6856 6901]
[6902 6953]
[6954 6990]
[6991 7013]
[7014 7104]
[7105 7175]
[7176 7251]
[7252 7325]
[7326 7345]
[7346 7423]
[7424 7524]
[7525 7559]
[7560 7660]
[7661 7747]
[7748 7835]
[7836 8072]
[8073 8146]
[8147 8247]
[8248 8282]
[8283 8383]
[8384 8470]
[8471 8513]
[8514 9106]
[9107 9175]
[9176 9217]
[9218 9276]
[9277 9582]
[9583 9611]
[9612 9723]
[9724 9783]
[9784 9831]
[9832 9878]
[9879 9958]
[9959 9991]
[ 9992 10181]
[10182 10254]
[10255 10332]
[10333 10401]
[10402 10426]
[10427 10462]
[10463 10793]
[10794 11349]
[11350 11461]
[11462 11531]
[11532 11697]
[11698 12090]
[12091 12632]
[12633 12719]
[12720 12799]
[12800 12907]
[12908 13001]
[13002 13123]
[13124 13274]
[13275 13411]
[13412 13481]
[13482 14124]
[14125 14224]
[14225 14316]
[14317 14418]
[14419 14525]
[14526 14547]
[14548 14600]
[14601 14643]
[14644 14762]
[14763 14860]
[14861 14898]
[14899 15051]
[15052 15115]
[15116 15206]
[15207 15293]
[15294 15451]
[15452 15533]
[15534 15631]
[15632 15698]
[15699 16137]
[16138 16233]
[16234 16324]
[16325 16421]
[16422 16523]
[16524 16622]
[16623 16741]
[16742 16755]
[16756 16844]
[16845 16935]
[16936 17029]
[17030 17079]
[17080 17176]
[17177 17278]
[17279 17377]
[17378 17397]
[17398 17703]
[17704 18387]
[18388 18487]
[18488 18591]
[18592 18991]
[18992 19077]
[19078 19180]
[19181 19232]
[19233 19343]
[19344 19456]
[19457 19623]
[19624 19729]
[19730 19877]
[19878 20087]
[20088 20207]
[20208 20331]
[20332 20452]
[20453 20570]
[20571 20691]
[20692 20963]
[20964 21076]
[21077 21481]
[21482 21549]
