[ 0 28]
[30 49]
[50 69]
[ 71 114]
[116 205]
[206 461]
[462 516]
[517 540]
[541 563]
[564 589]
[590 614]
[615 643]
[644 672]
[673 739]
[740 760]
[761 822]
[823 960]
[ 961 1343]
[1344 1372]
[1373 1425]
[1426 1448]
[1449 1478]
[1479 1513]
[1514 1553]
[1554 1588]
[1589 1747]
[1748 1772]
[1773 1800]
[1801 1844]
[1845 1867]
[1868 1900]
[1901 1930]
[1931 1963]
[1964 2011]
[2012 2229]
[2230 2339]
[2340 2398]
[2399 2755]
[2756 3019]
[3020 3152]
[3153 3223]
[3224 3303]
[3304 3379]
[3380 3481]
[3482 3558]
[3559 3605]
[3606 3687]
[3688 3728]
[3729 3819]
[3820 3851]
[3852 3902]
[3903 4399]
[4400 4515]
[4516 4582]
[4583 4650]
[4651 4716]
[4717 4766]
[4767 4820]
[4821 4919]
[4920 4940]
[4941 5006]
[5007 5037]
[5038 5096]
[5097 5172]
[5173 5225]
[5226 5294]
[5295 5326]
[5327 5367]
[5368 5434]
[5435 5576]
[5577 5613]
[5614 5644]
[5645 5704]
[5705 5727]
[5728 5762]
[5763 6233]
[6234 6269]
[6270 6340]
[6341 6396]
[6397 6424]
[6425 6476]
[6477 6554]
[6555 6677]
[6678 6712]
[6713 6787]
[6788 6831]
[6832 6955]
[6956 7013]
[7014 7075]
[7076 7148]
[7149 7177]
[7178 7252]
[7253 7333]
[7334 7370]
[7371 7410]
[7411 7475]
[7476 7527]
[7528 7576]
[7577 7624]
[7625 7667]
[7668 7720]
[7721 7743]
[7744 7990]
[7991 8072]
[8073 8196]
[8197 8299]
[8300 8390]
[8391 8439]
[8440 8544]
[8545 8623]
[8624 8707]
[8708 8799]
[8800 8928]
[8929 9044]
[9045 9190]
[9191 9338]
[9339 9626]
[9627 9684]
[9685 9727]
[9728 9826]
[9827 9933]
[9934 9970]
[ 9971 10037]
[10038 10159]
[10160 10225]
[10226 10441]
[10442 10527]
[10528 10643]
[10644 10912]
[10913 10988]
[10989 11033]
[11034 11091]
[11092 11154]
[11155 11444]
[11445 11525]
[11526 11560]
[11561 11625]
[11626 11716]
[11717 11821]
[11822 11898]
[11899 11958]
[11959 12017]
[12018 12055]
[12056 12122]
[12123 12150]
[12151 12187]
[12188 12216]
[12217 12414]
[12415 12497]
[12498 12580]
[12581 12685]
[12686 12770]
[12771 12831]
[12832 13190]
[13191 13250]
[13251 13342]
[13343 13495]
[13496 13558]
[13559 13615]
[13616 13680]
[13681 13736]
[13737 13789]
[13790 14009]
[14010 14054]
[14055 14100]
[14101 14143]
[14144 14413]
[14414 14539]
[14540 14651]
[14652 14768]
[14769 14844]
[14845 14983]
[14984 15120]
[15121 15247]
[15248 15348]
[15349 15416]
[15417 15571]
[15572 15693]
[15694 15753]
[15754 15832]
[15833 15940]
[15941 16068]
[16069 16130]
[16131 16168]
[16169 16207]
[16208 16249]
[16250 16292]
[16293 16327]
[16328 16361]
[16362 16508]
[16509 16775]
[16776 17032]
[17033 17218]
[17219 17358]
[17359 17506]
[17507 17784]
[17785 17842]
[17843 17942]
[17943 18021]
[18022 18092]
[18093 18155]
[18156 18192]
[18193 18307]
[18308 18586]
[18587 19036]
[19037 19206]
[19207 19331]
[19332 19432]
[19433 19662]
[19663 19828]
[19829 19987]
[19988 20075]
[20076 20161]
[20162 20224]
[20225 20288]
[20289 20448]
[20449 20533]
[20534 20614]
[20615 20713]
[20714 20760]
[20761 20824]
[20825 20904]
[20905 20996]
[20997 21063]
[21064 21127]
[21128 21205]
[21206 21242]
[21243 21573]
[21574 21783]
[21784 21839]
[21840 22111]
[22112 22173]
[22174 22365]
[22366 22430]
[22431 22556]
[22557 22578]
[22579 22872]
[22873 22944]
[22945 23058]
[23059 23164]
[23165 23268]
[23269 23385]
[23386 23479]
[23480 23550]
[23551 23643]
[23644 23730]
[23731 23808]
[23809 23888]
[23889 23966]
[23967 24304]
[24305 24399]
