[ 0 28]
[30 49]
[50 69]
[ 71 114]
[116 197]
[199 479]
[480 539]
[540 557]
[558 600]
[601 645]
[646 666]
[667 688]
[689 718]
[719 740]
[741 791]
[792 829]
[830 852]
[853 875]
[876 914]
[915 962]
[ 963 1380]
[1381 1430]
[1431 1534]
[1535 1696]
[1697 1763]
[1764 1808]
[1809 1870]
[1871 1910]
[1911 1959]
[1960 2015]
[2016 2083]
[2084 2140]
[2141 2173]
[2174 2583]
[2584 2843]
[2844 2927]
[2928 2980]
[2981 3168]
[3169 3210]
[3211 3652]
[3653 3749]
[3750 3802]
[3803 3887]
[3888 4073]
[4074 4375]
[4376 4495]
[4496 4598]
[4599 4629]
[4630 4685]
[4686 4783]
[4784 4843]
[4844 4889]
[4890 5006]
[5007 5312]
[5313 5397]
[5398 5486]
[5487 5579]
[5580 5663]
[5664 5748]
[5749 5840]
[5841 5940]
[5941 6024]
[6025 6117]
[6118 6712]
[6713 6742]
[6743 6859]
[6860 6900]
[6901 6979]
[6980 7113]
[7114 7126]
[7127 7226]
[7227 7308]
[7309 7401]
[7402 7466]
[7467 7501]
[7502 7565]
[7566 7659]
[7660 7728]
[7729 7767]
[7768 7794]
[7795 7856]
[7857 7906]
[7907 7976]
[7977 8026]
[8027 8079]
[8080 8143]
[8144 8183]
[8184 8214]
[8215 8453]
[8455 8490]
[8491 8521]
[8522 8574]
[8575 8632]
[8633 8699]
[8700 8766]
[8767 8834]
[8835 8903]
[8904 8966]
[8967 9010]
[9011 9087]
[9088 9101]
[9102 9544]
[9545 9603]
[9604 9653]
[9654 9691]
[9692 9740]
[9741 9841]
[9842 9865]
[9866 9911]
[9912 9947]
[ 9948 10045]
[10046 10108]
[10109 10169]
[10170 10240]
[10241 10530]
[10531 10591]
[10592 10628]
[10629 10666]
[10667 10722]
[10723 10779]
[10780 10840]
[10841 10999]
[11000 11036]
[11037 11087]
[11088 11140]
[11141 11179]
[11180 11235]
[11236 11279]
[11280 11317]
[11318 11350]
[11351 11441]
[11442 11768]
[11769 11823]
[11824 11829]
[11830 11886]
[11887 11946]
[11947 12004]
[12005 12058]
[12059 12334]
[12335 12387]
[12388 12461]
[12462 12543]
[12544 12602]
[12603 12679]
[12680 12763]
[12764 12835]
[12836 12887]
[12888 12950]
[12951 13007]
[13008 13086]
[13087 13123]
[13124 13614]
[13615 13732]
[13733 13793]
[13794 13844]
[13845 13976]
[13977 14062]
[14063 14144]
[14145 14262]
[14263 14319]
[14320 14434]
[14435 14531]
[14532 14591]
[14592 14687]
[14688 15004]
[15005 15195]
[15196 15235]
[15236 15275]
[15276 15349]
[15350 15415]
[15416 15541]
[15542 15623]
[15624 15693]
[15694 15782]
[15783 15872]
[15873 15992]
[15993 16062]
[16063 16174]
[16175 16237]
[16238 16556]
[16557 16623]
[16624 16695]
[16696 16763]
[16764 16840]
[16841 16912]
[16913 16977]
[16978 17037]
[17038 17096]
[17097 17284]
[17285 17358]
[17359 17422]
[17423 17488]
[17489 17679]
[17680 17782]
[17783 17865]
[17866 18153]
[18154 19330]
[19331 19690]
[19691 19826]
[19827 19930]
[19931 20019]
[20020 20145]
[20146 20292]
[20293 20330]
[20331 20402]
[20403 20446]
[20447 20520]
[20521 20587]
[20588 20676]
[20677 20725]
[20726 21049]
[21050 21147]
[21148 21272]
[21273 21397]
[21398 21513]
[21514 21662]
[21663 21760]
[21761 21853]
[21854 21962]
[21963 22072]
[22073 22130]
[22131 22183]
[22184 22510]
[22511 22648]
[22649 22716]
[22717 22901]
[22902 23052]
[23053 23207]
[23208 23273]
[23274 23324]
[23325 23699]
[23700 23768]
[23769 23815]
[23816 23893]
[23894 23968]
[23969 24018]
[24019 24095]
[24096 24168]
[24169 24318]
[24319 24365]
[24366 24438]
[24439 24488]
[24489 24524]
[24525 24849]
[24850 24946]
[24947 25024]
[25025 25162]
[25163 25256]
[25257 25376]
[25377 25399]
[25400 25509]
[25510 25544]
[25545 25770]
[25771 25815]
[25816 25875]
[25876 25944]
[25945 25998]
[25999 26061]
[26062 26124]
[26125 26202]
[26203 26263]
[26264 26332]
[26333 26399]
[26400 26463]
[26464 26538]
[26539 26583]
[26584 27043]
[27044 27211]
[27212 27265]
[27266 27358]
[27359 27500]
[27501 27594]
[27595 27633]
[27634 27680]
[27681 27743]
[27744 27791]
[27792 27944]
[27945 27976]
[27977 28052]
[28053 28146]
[28147 28267]
[28268 28361]
[28362 28445]
[28446 28482]
[28483 28771]
[28772 29067]
[29068 29560]
[29561 29668]
[29669 29934]
[29936 30239]
[30240 30389]
[30390 30508]
[30509 30555]
[30556 30604]
[30605 31022]
[31023 31233]
[31234 31345]
[31346 31551]
[31552 31649]
[31650 31737]
[31738 31832]
[31833 31901]
[31902 31935]
[31936 32013]
[32014 32400]
[32401 32499]
