[ 0 20]
[22 41]
[42 61]
[ 63 106]
[108 222]
[223 487]
[488 543]
[544 593]
[594 618]
[619 644]
[645 669]
[670 703]
[704 751]
[752 794]
[795 854]
[855 919]
[ 920 1023]
[1024 1317]
[1318 1457]
[1458 1511]
[1512 1565]
[1566 1620]
[1621 1667]
[1668 1726]
[1727 1783]
[1784 1847]
[1848 1922]
[1923 1958]
[1959 2032]
[2033 2127]
[2128 2280]
[2281 2403]
[2404 2450]
[2451 2569]
[2570 2652]
[2653 2768]
[2769 2803]
[2804 2841]
[2842 2880]
[2881 2958]
[2959 3373]
[3374 3424]
[3425 3471]
[3472 3520]
[3521 3575]
[3576 3613]
[3614 3631]
[3632 3673]
[3674 3734]
[3735 3758]
[3759 3782]
[3783 3817]
[3818 4112]
[4113 4174]
[4175 4236]
[4237 4264]
[4265 4294]
[4295 4330]
[4331 4417]
[4418 4451]
[4452 4491]
[4492 4561]
[4562 4600]
[4601 4622]
[4623 4742]
[4743 4860]
[4861 4929]
[4930 4986]
[4987 5011]
[5012 5122]
[5123 5415]
[5416 5476]
[5477 5529]
[5530 5560]
[5561 5609]
[5610 5632]
[5633 5723]
[5724 5770]
[5771 5804]
[5805 5832]
[5833 5847]
[5848 5912]
[5913 5945]
[5946 6044]
[6045 6119]
[6120 6170]
[6171 6235]
[6236 6314]
[6315 6348]
[6349 6409]
[6410 6447]
[6448 6495]
[6496 6551]
[6552 6591]
[6592 6677]
[6678 6694]
[6695 6735]
[6736 7065]
[7066 7102]
[7103 7140]
[7141 7180]
[7181 7261]
[7262 7299]
[7300 7349]
[7350 7457]
[7458 7503]
[7504 7543]
[7544 7583]
[7584 7613]
[7614 7674]
[7675 7784]
[7785 7873]
[7874 7939]
[7940 7982]
[7983 8021]
[8022 8053]
[8054 8103]
[8104 8159]
[8160 8698]
[8699 8761]
[8762 8804]
[8805 8855]
[8856 8899]
[8900 8956]
[8957 8997]
[8998 9029]
[9030 9307]
[9308 9379]
[9380 9425]
[9426 9459]
[9460 9496]
[9497 9534]
[9535 9571]
[9572 9854]
[9855 9888]
[9889 9930]
[9931 9964]
[ 9965 10001]
[10002 10086]
[10087 10153]
[10154 10388]
[10389 10489]
[10491 10546]
[10547 10610]
[10611 10661]
[10662 10706]
[10707 10745]
[10746 10808]
[10809 10868]
[10869 10938]
[10939 10968]
[10969 11003]
[11004 11036]
[11037 11072]
[11073 11107]
[11108 11139]
[11140 11231]
[11232 11271]
[11272 11316]
[11317 11390]
[11391 11450]
[11451 11505]
[11506 11569]
[11570 11637]
[11638 11676]
[11677 11737]
[11738 11769]
[11770 11801]
[11802 11835]
[11836 11927]
[11928 11976]
[11977 12031]
[12032 12092]
[12093 12161]
[12162 12195]
[12196 12220]
[12221 12248]
[12249 12272]
[12273 12311]
[12312 12348]
[12349 12387]
[12388 12428]
[12429 12540]
[12541 12851]
[12852 12891]
[12892 12925]
[12926 12996]
[12997 13046]
[13047 13100]
[13101 13129]
[13130 13190]
[13191 13244]
[13245 13259]
[13260 13289]
[13290 13351]
[13352 13393]
[13394 13411]
[13412 13501]
[13502 13638]
[13639 13724]
[13725 13805]
[13806 13877]
[13878 14020]
[14021 14286]
[14287 14386]
[14387 14469]
[14470 14627]
[14628 14868]
[14869 14992]
[14993 15117]
[15118 15241]
[15242 15338]
[15339 15674]
[15675 15711]
[15712 15908]
[15909 16005]
[16006 16238]
[16239 16414]
[16415 16482]
[16483 16542]
[16543 16613]
[16614 16678]
[16679 16755]
[16756 16874]
[16875 16965]
[16966 17159]
[17160 17241]
[17242 17483]
[17484 17543]
[17544 17593]
[17594 17632]
[17633 17712]
[17713 17802]
[17803 17887]
[17888 17933]
[17934 18037]
[18038 18107]
[18108 18147]
[18148 18213]
[18214 18294]
[18295 18347]
[18348 18373]
[18374 18425]
[18426 18541]
[18542 18774]
[18775 18885]
[18886 18984]
[18985 19063]
[19064 19125]
[19126 19240]
[19241 19302]
[19303 19360]
[19361 19432]
[19433 19498]
[19499 19555]
[19556 19609]
[19610 19667]
[19668 19729]
[19730 19771]
[19772 19864]
[19865 20280]
[20282 20359]
[20360 20465]
[20466 20573]
[20574 20686]
[20687 20751]
[20752 20874]
[20875 20906]
[20907 20974]
[20975 21086]
[21087 21114]
[21115 21206]
[21207 21269]
[21270 21364]
[21365 21391]
[21392 21445]
[21446 21808]
[21809 21882]
[21883 21921]
[21922 21970]
[21971 22013]
[22014 22050]
[22051 22223]
[22224 22307]
[22308 22314]
[22315 22391]
[22392 22410]
[22411 22448]
[22449 22488]
[22489 22526]
[22527 22568]
[22569 22609]
[22610 22661]
[22662 22763]
[22764 22844]
[22845 22890]
[22891 22922]
[22923 22973]
[22974 23036]
[23037 23070]
[23071 23110]
[23111 23170]
[23171 23454]
[23455 23566]
[23567 23639]
[23640 23731]
[23732 23803]
[23804 23859]
[23860 23920]
[23921 24001]
[24002 24098]
[24099 24453]
[24454 24514]
[24515 24634]
[24635 24776]
[24777 24896]
[24897 24934]
[24935 24986]
[24987 25056]
[25057 25146]
[25147 25325]
[25326 25466]
[25467 25516]
[25517 25555]
[25556 25663]
[25664 26015]
[26016 26091]
[26092 26165]
[26166 26243]
[26244 26317]
[26318 26388]
[26389 26460]
[26461 26535]
[26536 26601]
[26602 26676]
[26677 26751]
[26752 26827]
[26828 26894]
[26895 26929]
[26930 26992]
[26993 27031]
[27032 27105]
[27106 27163]
[27164 27507]
[27508 27565]
[27566 27834]
[27835 27942]
[27943 28018]
[28019 28085]
[28086 28157]
[28158 28236]
[28237 28286]
[28287 28349]
[28350 28440]
[28441 28505]
[28506 28582]
[28583 28676]
[28677 28927]
[28928 29129]
[29130 29181]
[29182 29304]
[29305 29405]
[29406 29453]
[29454 29489]
[29490 29548]
[29549 29710]
[29711 29764]
[29765 29868]
[29869 29920]
[29921 29982]
[29983 30154]
[30155 30282]
[30283 30365]
[30366 30444]
[30445 30492]
[30493 30546]
[30547 30603]
[30604 30675]
[30676 30725]
[30726 30800]
[30801 30843]
[30844 30973]
[30974 31229]
[31230 31331]
[31332 31412]
[31413 31470]
[31471 31525]
[31526 31643]
[31644 31698]
[31699 31736]
[31737 31841]
[31842 31905]
[31906 31977]
[31978 32200]
[32201 32266]
[32267 32301]
[32302 32338]
[32339 32394]
[32395 32441]
[32442 32487]
[32488 32537]
[32538 32574]
[32575 32654]
[32655 32738]
[32739 32758]
[32759 32801]
[32802 32860]
[32861 33018]
[33019 33067]
[33068 33112]
[33113 33133]
[33134 33190]
[33191 33210]
[33211 33271]
[33272 33338]
[33339 33409]
[33410 33473]
[33474 33516]
[33517 33556]
[33557 33598]
[33599 33652]
[33653 33687]
[33688 34044]
[34045 34149]
