[ 0 19]
[21 40]
[41 60]
[ 62 105]
[107 185]
[186 576]
[577 631]
[632 667]
[668 697]
[698 725]
[726 758]
[759 788]
[789 818]
[819 851]
[852 882]
[883 915]
[916 946]
[947 977]
[ 978 1007]
[1008 1061]
[1062 1483]
[1484 1554]
[1555 1621]
[1622 1687]
[1688 1752]
[1753 1809]
[1810 1912]
[1913 1979]
[1980 2086]
[2087 2163]
[2164 2225]
[2226 2278]
[2279 2331]
[2332 2419]
[2420 2470]
[2471 2516]
[2517 2559]
[2560 2607]
[2608 3016]
[3017 3075]
[3076 3129]
[3130 3188]
[3189 3246]
[3247 3319]
[3320 3365]
[3366 3416]
[3417 3456]
[3457 3491]
[3492 3529]
[3530 3559]
[3560 3607]
[3608 3914]
[3915 3951]
[3952 3986]
[3987 4008]
[4009 4062]
[4063 4420]
[4421 4675]
[4676 4749]
[4750 4804]
[4805 4847]
[4848 4902]
[4903 5021]
[5022 5053]
[5054 5082]
[5083 5123]
[5124 5156]
[5157 5202]
[5203 5254]
[5255 5292]
[5293 5323]
[5324 5401]
[5402 5455]
[5456 5496]
[5497 5536]
[5537 5578]
[5579 5626]
[5627 5671]
[5672 5715]
[5716 5762]
[5763 5806]
[5807 5919]
[5920 5977]
[5978 6099]
[6100 6143]
[6144 6181]
[6182 6218]
[6219 6648]
[6649 6731]
[6732 6848]
[6849 6912]
[6913 6982]
[6983 7042]
[7043 7079]
[7080 7202]
[7203 7257]
[7258 7313]
[7314 7345]
[7346 7369]
[7370 7406]
[7407 7432]
[7433 7481]
[7482 7508]
[7509 7542]
[7543 7654]
[7655 7751]
[7752 7825]
[7826 7912]
[7913 7989]
[7990 8019]
[8020 8521]
[8522 8690]
[8691 8747]
[8748 8779]
[8780 8834]
[8835 8865]
[8866 8937]
[8938 8982]
[8983 8997]
[8998 9051]
[9052 9113]
[9114 9352]
[9353 9402]
[9403 9444]
[9445 9483]
[9484 9522]
[9523 9561]
[9562 9648]
[9649 9706]
[9707 9765]
[9766 9810]
[9811 9921]
[ 9922 10503]
[10504 10675]
[10676 10727]
[10728 10771]
[10772 10819]
[10820 10861]
[10862 10905]
[10906 10952]
[10953 11075]
[11076 11122]
[11123 11207]
[11208 11268]
[11269 11353]
[11354 11492]
[11493 11542]
[11543 11588]
[11589 11619]
[11620 11688]
[11689 11742]
[11743 11888]
[11889 11939]
[11940 11986]
[11987 12027]
[12028 12068]
[12069 12119]
[12120 12160]
[12161 12216]
[12217 12329]
[12330 12703]
[12704 12863]
[12864 12960]
[12961 13109]
[13110 13195]
[13196 13256]
[13257 13296]
[13297 13511]
[13512 13593]
[13594 13704]
[13705 13783]
[13784 13851]
[13852 13929]
[13930 13956]
[13957 14270]
[14271 14418]
[14419 14625]
[14626 14725]
[14726 14916]
[14917 14962]
[14963 15062]
[15063 15139]
[15140 15161]
[15162 15224]
[15225 15260]
[15261 15627]
[15628 15789]
[15790 15926]
[15927 15981]
[15982 16064]
[16065 16210]
[16211 16299]
[16300 16522]
[16523 16612]
[16613 16705]
[16706 16930]
[16931 17018]
[17019 17500]
[17501 17617]
[17618 17752]
[17753 17887]
[17888 18033]
[18034 18244]
[18245 18350]
[18351 18426]
[18427 18499]
[18500 18577]
[18578 18833]
[18834 18896]
[18897 18960]
[18961 18996]
[18997 19031]
[19032 19064]
[19065 19101]
[19102 19135]
[19136 19166]
[19167 19233]
[19234 19283]
[19284 19306]
[19307 19383]
[19384 19424]
[19425 19458]
[19459 19483]
[19484 19532]
[19533 19582]
[19583 19621]
[19622 19663]
[19664 19695]
[19696 19728]
[19729 19757]
[19758 20116]
[20117 20271]
[20272 20346]
[20347 20461]
[20462 20618]
[20619 20804]
[20805 20955]
[20956 21065]
[21066 21210]
[21211 21289]
[21290 21378]
[21379 21437]
[21438 21826]
[21827 21919]
[21920 21967]
[21968 22005]
[22006 22081]
[22082 22116]
[22117 22161]
[22162 22237]
[22238 22277]
[22278 22334]
[22335 22368]
[22369 22420]
[22421 22472]
[22473 22521]
[22522 22541]
[22542 22615]
[22616 22633]
[22634 22706]
[22707 22786]
[22787 22855]
[22856 22946]
[22947 22962]
[22963 23004]
[23005 23032]
[23033 23068]
[23069 23107]
[23108 23371]
[23372 23620]
[23621 23965]
[23966 24270]
[24271 24627]
[24628 25625]
[25626 25835]
[25836 26197]
[26198 26254]
[26255 26302]
[26303 26389]
[26390 26426]
[26427 26497]
[26498 26540]
[26541 26559]
[26560 26902]
[26903 26980]
[26981 27034]
[27035 27146]
[27147 27189]
[27190 27301]
[27302 27339]
[27340 27404]
[27405 27482]
[27483 27523]
[27524 27730]
[27731 27946]
[27947 28122]
[28123 28195]
[28196 28268]
[28269 28334]
[28335 28382]
[28383 28541]
[28542 28718]
[28719 28800]
[28801 28845]
[28846 28875]
[28876 28964]
[28965 29445]
[29446 29549]
