[ 0 29]
[31 50]
[51 70]
[ 72 115]
[117 157]
[158 452]
[453 505]
[506 541]
[542 572]
[573 600]
[601 632]
[633 654]
[655 695]
[696 737]
[738 746]
[747 756]
[757 789]
[790 820]
[821 851]
[852 879]
[880 928]
[ 929 1359]
[1360 1402]
[1403 1510]
[1511 1563]
[1564 1600]
[1601 1652]
[1653 1702]
[1703 1738]
[1739 1791]
[1792 1830]
[1831 1906]
[1907 1935]
[1936 2012]
[2013 2308]
[2309 2533]
[2534 2666]
[2667 2707]
[2708 2826]
[2827 2939]
[2940 3017]
[3018 3098]
[3099 3180]
[3181 3238]
[3239 3519]
[3520 3573]
[3574 4097]
[4098 4228]
[4229 4342]
[4343 4790]
[4791 4808]
[4809 4846]
[4847 4888]
[4889 4897]
[4898 4913]
[4914 4958]
[4960 4993]
[4995 5024]
[5025 5045]
[5046 5055]
[5056 5069]
[5070 5096]
[5097 5123]
[5124 5146]
[5147 5165]
[5166 5206]
[5207 5234]
[5235 5304]
[5305 5371]
[5372 5391]
[5392 5418]
[5419 5490]
[5491 5530]
[5531 5549]
[5550 5605]
[5606 5832]
[5833 5939]
[5940 6033]
[6034 6121]
[6122 6222]
[6223 6330]
[6331 6403]
[6404 6449]
[6450 6534]
[6535 6647]
[6648 6743]
[6744 6898]
[6899 6990]
[6991 7046]
[7047 7409]
[7410 7472]
[7473 7543]
[7544 7618]
[7619 7683]
[7684 7772]
[7773 7867]
[7868 7971]
[7972 8157]
[8158 8221]
[8222 8271]
[8272 8314]
[8315 8376]
[8377 8411]
[8412 8464]
[8465 8584]
[8585 8729]
[8730 8786]
[8787 8887]
[8888 8976]
[8977 9477]
[9478 9548]
[9549 9643]
[9644 9717]
[9718 9759]
[9760 9827]
[9828 9913]
[ 9914 10043]
[10044 10162]
[10163 10221]
[10222 10265]
[10266 10341]
[10342 10379]
[10380 10435]
[10436 10491]
[10492 10591]
[10592 10638]
[10639 10688]
[10689 11127]
[11128 11212]
[11213 11260]
[11261 11333]
[11334 11378]
[11379 11440]
[11441 11562]
[11563 11613]
[11614 11680]
[11681 11736]
[11737 11779]
[11780 11806]
[11807 11889]
[11890 11967]
[11968 12018]
[12019 12121]
[12122 12191]
[12192 12244]
[12245 12298]
[12299 12367]
[12368 12432]
[12433 12518]
[12519 12897]
[12898 12960]
[12961 13009]
[13010 13089]
[13090 13155]
[13156 13205]
[13206 13243]
[13244 13304]
[13305 13403]
[13404 13491]
[13492 13558]
[13559 13643]
[13644 13702]
[13703 13799]
[13800 13834]
[13835 13886]
[13887 13906]
[13907 13953]
[13954 14010]
[14011 14035]
[14036 14072]
[14073 14156]
[14157 14198]
[14199 14318]
[14319 14662]
[14663 14766]
[14767 14824]
[14825 14930]
[14931 15071]
[15072 15222]
[15223 15332]
[15333 15392]
[15393 15452]
[15453 15567]
[15568 15612]
[15613 15692]
[15693 15742]
[15743 15802]
[15803 15892]
[15893 15966]
[15967 16265]
[16266 16352]
[16353 16449]
[16450 16520]
[16521 16570]
[16571 16617]
[16618 16684]
[16685 16753]
[16754 16815]
[16816 16867]
[16868 16924]
[16925 17283]
[17284 17335]
[17336 17433]
[17434 17512]
[17513 17583]
[17584 17646]
[17647 17683]
[17684 17896]
[17897 17938]
[17939 18048]
[18049 18125]
[18126 18214]
[18215 18267]
[18268 18683]
[18684 18851]
[18852 18943]
[18944 18999]
[19000 19077]
[19078 19150]
[19151 19227]
[19228 19299]
[19300 19369]
[19370 19412]
[19413 19475]
[19476 19533]
[19534 19591]
[19592 19661]
[19662 19786]
[19787 19878]
[19879 20238]
[20239 20423]
[20424 20548]
[20549 21017]
[21018 21023]
[21024 21187]
[21188 21320]
[21321 21574]
[21575 21632]
[21633 21989]
[21990 22049]
