[ 0 28]
[30 49]
[50 69]
[ 71 114]
[116 206]
[207 459]
[460 513]
[514 549]
[550 579]
[580 607]
[608 640]
[641 676]
[677 706]
[707 734]
[735 764]
[765 797]
[798 828]
[829 859]
[860 888]
[889 967]
[ 968 1512]
[1513 1578]
[1579 1653]
[1654 1694]
[1695 1730]
[1731 1771]
[1772 1844]
[1845 1905]
[1906 1977]
[1978 2021]
[2022 2048]
[2049 2113]
[2114 2177]
[2178 2245]
[2246 2301]
[2302 2356]
[2357 2473]
[2474 2600]
[2601 2640]
[2641 2705]
[2706 2785]
[2786 2838]
[2839 2886]
[2887 2934]
[2935 2991]
[2992 3040]
[3041 3560]
[3561 3664]
[3665 3728]
[3729 3805]
[3806 3896]
[3897 3953]
[3954 4006]
[4007 4083]
[4084 4266]
[4267 4312]
[4313 4354]
[4355 4405]
[4406 4465]
[4466 4511]
[4512 4567]
[4568 4620]
[4621 4690]
[4691 4768]
[4769 4817]
[4818 4862]
[4863 4918]
[4919 4957]
[4958 5036]
[5037 5496]
[5497 5546]
[5547 5605]
[5606 5665]
[5666 5718]
[5719 5774]
[5775 6093]
[6094 6153]
[6154 6189]
[6190 6234]
[6235 6265]
[6266 6311]
[6312 6364]
[6365 6408]
[6409 6456]
[6457 6470]
[6471 6504]
[6505 6977]
[6978 7013]
[7014 7048]
[7049 7103]
[7104 7143]
[7144 7165]
[7166 7199]
[7200 7227]
[7228 7271]
[7272 7299]
[7300 7368]
[7369 7653]
[7654 7711]
[7712 7752]
[7753 7784]
[7785 7847]
[7848 7912]
[7913 7980]
[7981 8041]
[8042 8118]
[8119 8156]
[8157 8194]
[8195 8245]
[8246 8299]
[8300 8333]
[8334 8380]
[8381 8428]
[8429 8477]
[8478 8529]
[8530 8547]
[8548 8580]
[8581 8619]
[8620 8664]
[8665 8916]
[8917 8981]
[8982 9028]
[9029 9072]
[9073 9121]
[9122 9162]
[9163 9217]
[9218 9267]
[9268 9334]
[9335 9370]
[9371 9374]
[9375 9527]
[9528 9821]
[9822 9900]
[9901 9950]
[ 9951 10018]
[10019 10063]
[10064 10104]
[10105 10143]
[10144 10354]
[10355 10403]
[10404 10465]
[10466 10520]
[10521 10589]
[10590 10616]
[10617 10677]
[10678 10709]
[10710 10763]
[10764 10827]
[10828 10898]
[10899 10953]
[10954 11022]
[11023 11084]
[11085 11127]
[11128 11160]
[11161 11210]
[11211 11261]
[11262 11303]
[11304 11355]
[11356 11391]
[11392 11439]
[11440 11496]
[11497 11872]
[11873 12070]
[12071 12142]
[12143 12224]
[12225 12311]
[12312 12409]
[12410 12463]
[12464 12521]
[12522 12788]
[12789 12911]
[12912 12987]
[12988 13105]
[13106 13410]
[13411 13510]
[13511 13562]
[13563 13602]
[13603 13649]
[13650 13689]
[13690 13751]
[13752 13852]
[13853 13891]
[13892 13930]
[13931 13969]
[13970 14010]
[14011 14075]
[14076 14148]
[14149 14235]
[14236 14309]
[14310 14373]
[14374 14452]
[14453 14496]
[14497 14544]
[14545 14676]
[14677 14726]
[14727 14896]
[14897 15029]
[15030 15065]
[15066 15166]
[15167 15236]
[15237 15444]
[15445 15534]
[15535 15623]
[15624 15684]
[15685 15719]
[15720 15822]
[15823 15911]
[15912 15967]
[15968 16045]
[16046 16277]
[16278 16462]
[16463 16527]
[16528 16621]
[16622 16659]
[16660 16711]
[16712 16853]
[16854 16880]
[16881 16914]
[16915 16948]
[16949 16986]
[16987 17084]
[17085 17180]
[17181 17213]
[17214 17256]
[17257 17294]
[17295 17365]
[17366 17441]
[17442 17509]
[17510 17547]
[17548 17620]
[17621 17679]
[17680 17723]
[17724 17767]
[17768 17811]
[17812 17859]
[17860 17955]
[17956 18007]
[18008 18119]
[18120 18438]
[18439 18526]
[18527 18637]
[18638 18689]
[18690 18865]
[18866 18923]
[18924 19011]
[19012 19087]
[19088 19173]
[19174 19213]
[19214 19549]
[19550 19670]
[19671 19824]
[19825 19996]
[19997 20081]
[20082 20289]
[20290 20482]
[20483 20714]
[20715 21313]
[21314 21472]
[21473 21594]
[21595 21910]
[21911 22177]
[22178 22265]
[22266 22329]
[22330 22417]
[22418 22497]
[22498 22598]
[22599 22653]
[22654 22713]
[22714 22790]
[22791 22837]
[22838 22881]
[22882 22933]
[22934 22973]
[22974 23011]
[23012 23307]
[23308 23414]
[23415 23478]
[23479 23548]
[23549 23593]
[23594 23686]
[23687 23747]
[23748 23827]
[23828 24077]
[24078 24142]
[24143 24211]
[24212 24267]
[24268 24318]
[24319 24378]
[24379 24733]
[24734 25086]
[25087 25307]
[25308 25366]
[25367 25412]
[25413 25459]
[25460 25488]
[25489 25568]
[25569 25607]
[25608 25691]
[25692 25824]
[25825 25898]
[25899 26199]
[26201 26299]
