[ 0 23]
[25 44]
[45 64]
[ 66 109]
[111 214]
[215 472]
[473 525]
[526 559]
[560 590]
[591 621]
[622 652]
[653 684]
[685 715]
[716 746]
[747 776]
[777 901]
[902 934]
[935 970]
[ 971 1001]
[1002 1030]
[1031 1104]
[1105 1672]
[1673 1705]
[1706 1775]
[1776 1826]
[1827 1904]
[1905 2106]
[2107 2126]
[2127 2173]
[2174 2194]
[2195 2231]
[2232 2377]
[2378 2427]
[2428 2475]
[2476 2514]
[2515 2622]
[2623 2846]
[2847 2891]
[2892 2951]
[2952 2986]
[2987 3025]
[3026 3066]
[3067 3498]
[3499 3584]
[3585 3658]
[3659 3716]
[3717 3749]
[3750 3914]
[3915 3960]
[3961 4006]
[4007 4162]
[4163 4327]
[4328 4373]
[4374 4416]
[4417 4635]
[4636 4706]
[4707 4785]
[4786 4831]
[4832 4898]
[4899 4958]
[4959 5011]
[5012 5089]
[5090 5189]
[5190 5586]
[5587 5674]
[5675 5747]
[5748 5832]
[5833 5885]
[5886 5944]
[5945 6156]
[6157 6234]
[6235 6321]
[6322 6365]
[6366 6516]
[6517 6548]
[6549 6587]
[6588 6674]
[6675 6756]
[6757 6798]
[6799 6879]
[6880 6929]
[6930 7568]
[7569 7674]
[7675 7755]
[7756 7853]
[7854 7984]
[7985 8126]
[8127 8198]
[8199 8242]
[8243 8296]
[8297 8325]
[8326 8521]
[8522 8619]
[8620 8680]
[8681 8768]
[8769 8848]
[8849 8870]
[8871 9056]
[9057 9653]
[9654 9701]
[9702 9768]
[9769 9823]
[9824 9879]
[9880 9935]
[9936 9988]
[ 9989 10039]
[10040 10082]
[10083 10123]
[10124 10177]
[10178 10235]
[10236 10289]
[10290 10340]
[10341 10397]
[10398 10457]
[10458 10522]
[10523 10580]
[10581 10640]
[10641 10698]
[10699 10754]
[10755 10807]
[10808 10869]
[10870 10913]
[10914 10958]
[10959 11001]
[11002 11049]
[11050 11098]
[11099 11145]
[11146 11188]
[11189 11225]
[11226 11316]
[11317 11679]
[11680 12074]
[12075 12291]
[12292 12492]
[12493 12817]
[12818 12869]
[12870 12996]
[12997 13057]
[13058 13112]
[13113 13240]
[13241 13346]
[13347 13414]
[13415 13536]
[13537 13602]
[13603 13710]
[13711 13784]
[13785 13835]
[13836 13915]
[13916 13989]
[13990 14035]
[14036 14150]
[14151 14298]
[14299 14354]
[14355 14443]
[14444 14521]
[14522 14597]
[14598 14665]
[14666 14736]
[14737 14819]
[14820 14880]
[14881 15052]
[15053 15109]
[15110 15169]
[15170 15223]
[15224 15536]
[15537 15603]
[15604 15690]
[15691 15766]
[15767 15844]
[15845 15938]
[15939 16010]
[16011 16047]
[16048 16088]
[16089 16122]
[16123 16172]
[16173 16268]
[16269 16329]
[16330 16365]
[16366 16422]
[16423 16482]
[16483 16541]
[16542 16616]
[16617 16676]
[16677 16978]
[16979 17086]
[17087 17140]
[17141 17200]
[17201 17283]
[17284 17402]
[17403 17450]
[17451 17583]
[17584 17664]
[17665 17720]
[17721 17798]
[17799 17930]
[17931 18043]
[18044 18136]
[18137 18216]
[18217 18309]
[18310 18417]
[18418 18552]
[18553 18634]
[18635 18920]
[18921 18983]
[18984 19053]
[19054 19085]
[19086 19130]
[19131 19199]
[19200 19296]
[19297 19356]
[19357 19436]
[19437 19522]
[19523 19654]
[19655 19702]
[19703 19808]
[19809 19851]
[19852 19884]
[19885 19935]
[19936 19994]
[19995 20174]
[20175 20222]
[20223 20254]
[20255 20297]
[20298 20332]
[20333 20433]
[20434 20678]
[20679 20720]
[20721 20779]
[20780 20839]
[20840 20892]
[20893 20956]
[20957 21014]
[21015 21073]
[21074 21132]
[21133 21187]
[21188 21268]
[21269 21301]
[21302 21339]
[21340 21404]
[21405 21666]
[21667 21981]
[21982 22223]
[22224 22617]
[22618 22661]
[22662 22724]
[22725 22786]
[22787 22849]
[22850 22911]
[22912 22974]
[22975 23036]
[23037 23099]
[23100 23159]
[23160 23220]
[23221 23280]
[23281 23356]
[23357 23448]
[23449 23539]
[23540 23636]
[23637 23754]
[23755 23809]
[23810 23844]
[23845 23910]
[23911 23981]
[23982 24032]
[24033 24377]
[24378 24434]
[24435 24639]
[24640 24679]
[24680 24730]
[24731 24818]
[24819 24941]
[24942 25015]
[25016 25101]
[25102 25175]
[25176 25310]
[25311 25732]
[25733 25786]
[25787 25857]
[25858 25964]
[25965 26049]
[26050 26112]
[26113 26197]
[26198 26264]
[26265 26334]
[26335 26398]
[26399 26458]
[26459 26517]
[26518 26578]
[26579 26673]
[26674 26733]
[26734 26793]
[26794 26844]
[26845 27074]
[27075 27338]
[27339 27516]
[27517 27567]
[27568 27864]
[27865 27949]
