[ 0 20]
[22 41]
[42 61]
[ 63 106]
[108 187]
[188 557]
[558 577]
[578 606]
[607 627]
[628 651]
[652 685]
[686 722]
[723 753]
[754 780]
[781 801]
[802 846]
[ 847 1373]
[1374 1402]
[1403 1488]
[1489 1553]
[1554 1598]
[1599 1630]
[1631 1709]
[1710 1802]
[1803 1838]
[1839 1918]
[1919 1959]
[1960 2012]
[2013 2069]
[2070 2150]
[2151 2250]
[2251 2298]
[2299 2447]
[2448 2510]
[2511 2549]
[2550 2604]
[2605 2624]
[2625 2689]
[2690 2760]
[2761 2822]
[2823 3230]
[3231 3260]
[3261 3327]
[3328 3363]
[3364 3383]
[3384 3445]
[3446 3489]
[3490 3528]
[3529 3629]
[3630 3686]
[3687 3780]
[3781 3804]
[3805 3849]
[3850 3870]
[3871 3902]
[3903 3938]
[3939 3965]
[3966 4096]
[4097 4131]
[4132 4351]
[4352 4390]
[4391 4417]
[4418 4460]
[4461 4480]
[4481 4502]
[4503 4523]
[4524 4544]
[4545 4567]
[4568 5013]
[5014 5103]
[5104 5182]
[5183 5239]
[5240 5328]
[5329 5420]
[5421 5500]
[5501 5524]
[5525 5565]
[5566 5624]
[5625 5660]
[5661 5733]
[5734 5765]
[5766 6033]
[6034 6097]
[6098 6153]
[6154 6207]
[6208 6263]
[6264 6331]
[6332 6394]
[6395 6484]
[6485 6894]
[6895 7013]
[7014 7099]
[7100 7142]
[7143 7191]
[7192 7246]
[7247 7349]
[7350 7478]
[7479 7551]
[7552 7816]
[7817 7891]
[7892 7957]
[7958 8037]
[8038 8167]
[8168 8352]
[8353 8773]
[8774 8813]
[8814 8844]
[8845 8871]
[8872 8915]
[8916 8991]
[8992 9040]
[9041 9090]
[9091 9110]
[9111 9181]
[9182 9228]
[9229 9297]
[9298 9437]
[9438 9484]
[9485 9549]
[9550 9610]
[9611 9644]
[9645 9676]
[9677 9777]
[9778 9823]
[9824 9883]
[9884 9975]
[ 9976 10031]
[10032 10073]
[10074 10093]
[10094 10150]
[10151 10186]
[10187 10203]
[10204 10231]
[10232 10443]
[10444 10833]
[10834 10872]
[10873 10929]
[10930 10962]
[10963 11043]
[11044 11143]
[11144 11233]
[11234 11376]
[11377 11396]
[11397 11546]
[11547 11673]
[11674 11847]
[11848 11965]
[11966 12028]
[12029 12097]
[12098 12221]
[12222 12244]
[12245 12269]
[12270 12331]
[12332 12368]
[12369 12401]
[12402 12485]
[12486 12545]
[12546 12569]
[12570 12664]
[12665 13124]
[13125 13190]
[13191 13279]
[13280 13369]
[13370 13457]
[13458 13550]
[13551 13622]
[13623 13669]
[13670 13717]
[13718 13789]
[13790 13886]
[13887 13965]
[13966 14046]
[14047 14150]
[14151 14249]
[14250 14350]
[14351 14390]
[14391 14724]
[14725 14775]
[14776 14913]
[14914 14975]
[14976 15037]
[15038 15135]
[15136 15275]
[15276 15329]
[15330 15461]
[15462 15640]
[15641 15727]
[15728 15770]
[15771 16111]
[16112 16172]
[16173 16231]
[16232 16242]
[16243 16281]
[16282 16358]
[16359 16388]
[16389 16438]
[16439 16468]
[16469 16484]
[16485 16641]
[16642 16703]
[16704 16754]
[16755 16798]
[16799 16882]
[16883 16922]
[16923 16956]
[16957 16996]
[16997 17036]
[17037 17060]
[17061 17096]
[17097 17131]
[17132 17153]
[17154 17191]
[17192 17565]
[17566 17704]
[17705 17759]
[17760 17974]
[17975 18063]
[18064 18126]
[18127 18204]
[18205 18253]
[18254 18373]
[18374 18441]
[18442 18505]
[18506 18546]
[18547 18618]
[18619 18726]
[18727 18852]
[18853 18943]
[18944 19203]
[19204 19290]
[19291 19390]
[19391 19490]
[19491 19629]
[19630 19730]
[19731 19863]
[19864 19915]
[19916 20001]
[20002 20122]
[20123 20412]
[20413 20496]
[20497 20556]
[20557 20618]
[20619 20690]
[20691 20761]
[20762 20985]
[20986 21034]
[21035 21099]
[21100 21148]
[21149 21221]
[21222 21278]
[21279 21326]
[21327 21396]
[21397 21449]
[21450 21508]
[21509 21559]
[21560 21619]
[21620 21743]
[21744 22064]
[22065 22203]
[22204 22507]
[22508 22861]
[22862 23307]
[23308 23365]
[23366 23408]
[23409 23453]
[23454 23487]
[23488 23534]
[23535 23575]
[23576 23622]
[23623 23646]
[23647 23684]
[23685 23720]
[23721 23750]
[23751 23799]
[23800 23835]
[23836 23847]
[23848 23874]
[23875 23915]
[23916 23945]
[23946 23965]
[23966 24298]
[24299 24359]
[24360 24443]
[24444 24504]
[24505 24539]
[24540 24601]
[24602 24730]
[24731 24804]
[24805 24870]
[24871 25044]
[25045 25108]
[25109 25181]
[25182 25261]
[25262 25378]
[25379 25401]
[25402 25663]
[25664 25711]
[25712 25791]
[25792 25824]
[25825 25840]
[25841 25876]
[25877 25982]
[25983 26016]
[26017 26045]
[26046 26089]
[26090 26126]
[26127 26154]
[26155 26195]
[26196 26236]
[26237 26269]
[26270 26300]
[26301 26328]
[26329 26369]
[26370 26425]
[26426 26514]
[26515 26792]
[26793 26867]
[26868 26937]
[26938 27007]
[27008 27087]
[27088 27144]
[27145 27262]
[27263 27326]
[27327 27397]
[27398 27441]
[27442 27747]
[27748 27859]
[27860 27954]
[27955 28009]
[28010 28196]
[28197 28424]
[28425 28502]
[28503 28624]
[28625 28735]
[28736 29106]
[29107 29199]
