[ 0 27]
[29 48]
[49 68]
[ 70 113]
[115 206]
[208 469]
[470 525]
[526 545]
[546 580]
[581 606]
[607 628]
[629 652]
[653 678]
[679 703]
[704 726]
[727 750]
[751 776]
[777 837]
[838 870]
[871 901]
[902 938]
[939 966]
[967 994]
[ 995 1021]
[1022 1112]
[1113 1388]
[1389 1581]
[1582 1643]
[1644 1719]
[1720 1801]
[1802 1875]
[1876 1942]
[1943 2070]
[2071 2121]
[2122 2175]
[2176 2334]
[2335 2397]
[2398 2429]
[2430 2492]
[2493 2517]
[2518 2578]
[2579 2652]
[2653 2725]
[2726 2791]
[2792 2859]
[2860 3194]
[3196 3248]
[3249 3306]
[3307 3366]
[3367 3421]
[3422 3511]
[3512 3547]
[3548 3606]
[3607 3674]
[3675 3705]
[3706 3784]
[3785 3927]
[3928 4008]
[4009 4059]
[4060 4119]
[4120 4149]
[4151 4493]
[4495 4544]
[4545 4590]
[4591 4735]
[4736 4752]
[4753 4775]
[4776 4806]
[4807 4823]
[4824 4884]
[4885 4974]
[4975 5055]
[5056 5098]
[5099 5146]
[5147 5169]
[5170 5207]
[5208 5242]
[5244 5285]
[5286 5339]
[5340 5380]
[5381 5400]
[5401 5437]
[5438 5459]
[5460 5484]
[5485 5523]
[5524 5552]
[5553 5617]
[5618 5727]
[5728 5801]
[5802 5873]
[5874 5961]
[5962 6475]
[6476 6520]
[6521 6599]
[6600 6629]
[6630 6688]
[6689 6764]
[6765 6830]
[6831 6866]
[6867 6902]
[6903 6947]
[6948 7020]
[7021 7036]
[7037 7099]
[7100 7124]
[7125 7183]
[7184 7220]
[7221 7287]
[7288 7310]
[7311 7344]
[7345 7411]
[7412 7471]
[7472 7502]
[7503 7609]
[7610 7728]
[7729 7780]
[7781 7818]
[7819 8414]
[8415 8500]
[8501 8578]
[8579 8684]
[8685 8719]
[8720 8801]
[8802 8859]
[8860 8946]
[8947 9019]
[9020 9091]
[9092 9167]
[9168 9244]
[9245 9361]
[9362 9428]
[9429 9589]
[9590 9663]
[9664 9777]
[9778 9816]
[9817 9871]
[9872 9956]
[9957 9978]
[ 9979 10018]
[10019 10067]
[10068 10463]
[10464 10553]
[10554 10612]
[10613 10659]
[10660 10729]
[10730 10773]
[10774 10820]
[10821 10870]
[10871 10900]
[10901 11030]
[11031 11109]
[11110 11149]
[11150 11190]
[11191 11232]
[11233 11295]
[11296 11388]
[11389 11470]
[11471 11508]
[11509 11573]
[11574 11625]
[11626 11660]
[11661 11717]
[11718 11780]
[11781 11854]
[11855 11869]
[11870 11935]
[11936 12177]
[12178 12240]
[12241 12312]
[12313 12384]
[12385 12488]
[12489 12583]
[12584 12720]
[12721 12790]
[12791 12870]
[12871 12963]
[12964 13055]
[13056 13152]
[13153 13230]
[13231 13345]
[13346 13458]
[13459 13758]
[13760 13796]
[13797 13832]
[13833 13874]
[13875 13944]
[13945 14214]
[14215 14281]
[14282 14377]
[14378 14670]
[14671 15068]
[15069 15104]
[15105 15177]
[15178 15324]
[15325 15380]
[15381 15457]
[15458 15489]
[15490 15582]
[15583 15627]
[15628 15748]
[15749 15809]
[15810 15929]
[15930 15950]
[15951 16072]
[16073 16098]
[16099 16176]
[16177 16196]
[16197 16276]
[16277 16343]
[16344 16640]
[16641 16746]
[16747 16911]
[16912 16989]
[16990 17058]
[17059 17127]
[17128 17156]
[17157 17252]
[17253 17393]
[17394 17462]
[17463 17520]
[17521 17594]
[17595 17909]
[17910 18129]
[18130 18211]
[18212 18288]
[18289 18346]
[18347 18397]
[18398 18414]
[18415 18486]
[18487 18558]
[18559 18629]
[18630 18900]
[18902 19018]
[19019 19103]
[19104 19191]
[19192 19299]
[19300 19515]
[19516 19655]
[19656 19717]
[19718 19778]
[19779 19847]
[19848 19916]
[19917 19974]
[19975 20035]
[20036 20095]
[20096 20183]
[20184 20431]
[20432 20624]
[20625 20791]
[20792 20960]
[20961 21145]
[21146 21275]
[21276 21367]
[21368 21495]
[21496 21858]
[21859 21995]
[21996 22099]
[22100 22140]
[22141 22308]
[22309 22415]
[22416 22550]
[22551 22590]
[22591 22639]
[22640 22682]
[22683 22768]
[22769 22840]
[22841 22924]
[22925 23242]
[23243 23330]
[23331 23418]
[23419 23508]
[23509 23596]
[23597 23686]
[23687 23714]
[23715 23762]
[23763 23788]
[23789 23873]
[23874 23982]
[23983 24269]
[24270 24465]
[24466 24546]
[24547 24626]
[24627 24690]
[24691 24713]
[24714 24825]
[24826 24877]
[24878 24984]
[24985 25494]
[25495 25611]
[25612 25651]
[25652 25707]
[25708 25765]
[25766 25932]
[25933 26022]
[26023 26155]
[26156 26285]
[26286 26342]
[26343 26438]
[26439 26789]
[26790 26849]
