[ 0 27]
[28 77]
[ 78 292]
[293 343]
[344 397]
[398 448]
[449 498]
[499 550]
[551 602]
[603 654]
[655 705]
[706 757]
[758 809]
[810 865]
[866 911]
[912 960]
[ 961 1010]
[1011 1478]
[1479 1530]
[1531 1548]
[1549 1589]
[1590 1610]
[1611 1641]
[1642 1659]
[1660 1680]
[1681 1698]
[1700 1726]
[1727 1758]
[1759 1790]
[1791 1827]
[1828 1923]
[1924 2271]
[2272 2334]
[2335 2428]
[2429 2524]
[2525 2655]
[2656 2726]
[2727 2840]
[2841 3420]
[3421 3499]
[3500 3633]
[3634 3976]
[3977 4123]
[4124 4191]
[4192 4273]
[4274 4317]
[4318 4406]
[4407 4472]
[4473 4638]
[4639 4686]
[4687 4786]
[4787 4828]
[4829 4967]
[4968 5046]
[5047 5085]
[5086 5241]
[5242 5272]
[5273 5387]
[5388 5477]
[5478 5544]
[5545 5585]
[5586 5739]
[5740 5780]
[5781 6244]
[6245 6399]
[6400 6485]
[6486 6579]
[6580 6659]
[6660 6891]
[6892 6917]
[6918 7090]
[7091 7210]
[7211 7434]
[7435 7675]
[7676 7872]
[7873 8086]
[8087 8433]
[8434 8546]
[8547 8727]
[8728 8901]
[8902 9039]
[9040 9175]
[9176 9297]
[9298 9411]
[9412 9522]
[9523 9619]
[9620 9715]
[ 9716 10312]
[10313 10389]
[10390 10524]
[10525 10617]
[10618 10699]
[10700 10760]
[10761 10810]
[10811 10906]
[10907 11103]
[11104 11166]
[11167 11322]
[11323 11445]
[11446 11503]
[11504 11693]
[11694 11808]
[11809 11946]
[11947 12121]
[12122 12216]
[12217 12303]
[12304 12390]
[12391 12524]
[12525 12589]
[12590 12793]
[12794 13006]
[13007 13093]
[13094 13181]
[13182 13314]
[13315 13379]
[13380 13583]
[13584 13659]
[13660 14143]
[14144 14320]
[14321 14378]
[14379 14469]
[14470 14513]
[14514 14639]
[14640 14807]
[14808 14881]
[14882 14960]
[14961 15033]
[15034 15103]
[15104 15193]
[15194 15263]
[15264 15330]
[15331 15419]
[15420 15496]
[15497 15570]
[15571 15632]
[15633 15696]
[15697 15740]
[15741 15812]
[15813 15821]
[15822 15901]
[15902 15933]
[15934 16056]
[16057 16176]
[16177 16598]
[16599 16736]
[16737 16833]
[16834 16885]
[16886 16997]
[16998 17066]
[17067 17163]
[17164 17266]
[17267 17447]
[17448 17536]
[17537 17865]
[17866 17975]
[17976 18065]
[18066 18114]
[18115 18243]
[18244 18346]
[18347 18612]
[18613 18678]
[18679 18748]
[18749 18839]
[18840 19087]
[19088 19300]
[19301 19735]
[19736 19904]
[19905 20021]
[20022 20093]
[20094 20346]
[20347 20421]
[20422 20488]
[20489 20542]
[20543 20679]
[20680 20766]
[20767 21030]
[21031 21405]
[21406 21938]
[21939 22049]
