[ 0 29]
[30 81]
[ 82 241]
[242 304]
[305 414]
[415 468]
[469 520]
[521 574]
[575 628]
[629 682]
[683 736]
[737 790]
[791 844]
[845 898]
[899 952]
[ 953 1006]
[1007 1064]
[1065 1112]
[1113 1163]
[1164 1216]
[1217 1635]
[1636 1698]
[1699 1752]
[1753 1771]
[1772 1813]
[1814 1835]
[1836 1867]
[1868 1886]
[1887 1908]
[1909 1928]
[1929 1956]
[1957 1989]
[1990 2023]
[2024 2061]
[2062 2161]
[2162 2521]
[2522 2602]
[2603 2683]
[2684 2767]
[2768 2833]
[2834 2919]
[2920 2972]
[2973 3026]
[3027 3081]
[3082 3124]
[3125 3164]
[3165 3206]
[3207 3325]
[3326 3453]
[3454 3572]
[3573 3684]
[3685 3800]
[3801 3920]
[3921 4005]
[4006 4287]
[4288 4427]
[4428 4511]
[4512 4619]
[4620 4722]
[4723 4798]
[4799 4886]
[4887 4960]
[4961 5047]
[5048 5121]
[5122 5205]
[5206 5302]
[5303 5380]
[5381 5437]
[5438 5497]
[5498 5543]
[5544 5881]
[5882 5917]
[5918 6047]
[6048 6092]
[6093 6212]
[6213 6309]
[6310 6364]
[6365 6467]
[6468 6591]
[6592 6681]
[6682 6786]
[6787 6874]
[6875 6974]
[6975 7435]
[7436 7501]
[7502 7624]
[7625 7755]
[7756 7919]
[7920 7993]
[7994 8144]
[8145 8279]
[8280 8344]
[8345 8454]
[8455 8992]
[8993 9044]
[9045 9444]
[9445 9569]
[9570 9694]
[9695 9819]
[9820 9944]
[ 9945 10345]
[10346 10445]
[10446 10764]
[10765 10859]
[10860 10938]
[10939 11031]
[11032 11113]
[11114 11204]
[11205 11288]
[11289 11375]
[11376 11462]
[11463 11551]
[11552 11642]
[11643 11724]
[11725 11800]
[11801 11877]
[11878 11963]
[11964 12076]
[12077 12493]
[12494 12559]
[12560 12625]
[12626 12700]
[12701 12762]
[12763 12837]
[12838 12912]
[12913 12978]
[12979 13078]
[13079 13140]
[13141 13219]
[13220 13284]
[13285 13370]
[13371 13502]
[13503 13639]
[13640 13775]
[13776 13847]
[13848 13899]
[13900 14022]
[14023 14064]
[14065 14165]
[14166 14206]
[14207 14302]
[14303 14356]
[14357 14402]
[14403 14477]
[14478 14569]
[14571 14603]
[14604 14731]
[14732 15468]
[15469 15524]
[15525 15584]
[15585 15645]
[15646 15707]
[15708 15776]
[15777 15835]
[15836 15893]
[15894 15958]
[15959 16077]
[16078 16130]
[16131 16188]
[16189 16245]
[16246 16301]
[16302 16671]
[16672 17276]
[17277 17685]
[17686 17833]
[17834 18020]
[18021 18162]
[18163 18203]
[18204 18272]
[18273 18350]
[18351 18751]
[18752 18787]
[18788 18823]
[18824 18874]
[18875 18916]
[18917 18984]
[18985 19034]
[19035 19077]
[19078 19154]
[19155 19913]
[19914 20041]
[20042 20130]
[20131 20216]
[20217 20294]
[20295 20367]
[20368 20496]
[20497 21268]
[21269 21823]
[21824 21899]
