[ 0 29]
[30 81]
[ 82 181]
[182 260]
[261 314]
[315 400]
[401 451]
[452 513]
[514 703]
[704 805]
[806 841]
[ 842 1324]
[1325 1424]
[1425 1478]
[1479 1497]
[1498 1539]
[1540 1561]
[1562 1593]
[1594 1612]
[1613 1634]
[1635 1654]
[1655 1682]
[1683 1715]
[1716 1749]
[1750 1810]
[1811 2186]
[2187 2245]
[2246 2289]
[2290 2328]
[2329 2389]
[2390 2468]
[2469 2545]
[2546 4600]
[4601 4644]
[4645 4686]
[4687 4726]
[4727 4788]
[4789 4908]
[4909 5205]
[5206 5267]
[5268 5318]
[5319 5363]
[5364 5414]
[5415 5468]
[5469 5510]
[5511 5564]
[5565 5604]
[5605 5644]
[5645 5674]
[5675 5743]
[5744 5839]
[5840 5887]
[5888 5933]
[5934 5975]
[5976 6023]
[6024 6062]
[6063 6096]
[6097 6185]
[6186 6218]
[6219 6260]
[6261 6360]
[6361 6408]
[6409 6455]
[6456 6494]
[6495 6564]
[6565 6613]
[6614 6873]
[6874 7240]
[7241 7495]
[7496 7760]
[7761 7912]
[7913 8033]
[8034 8148]
[8149 8264]
[8265 8411]
[8412 8499]
[8500 8599]
[8600 8927]
[8928 9041]
[9042 9223]
[9224 9353]
[9354 9440]
[9441 9565]
[9566 9627]
[9628 9717]
[ 9718 10005]
[10006 10214]
[10215 10371]
[10372 10593]
[10594 10756]
[10757 10919]
[10920 11033]
[11034 11285]
[11286 11373]
[11374 11460]
[11461 11606]
[11607 11696]
[11697 12128]
[12129 12174]
[12175 12249]
[12250 12342]
[12343 12375]
[12376 12503]
[12504 12603]
[12604 12951]
[12952 13300]
[13301 13399]
[13400 13474]
[13475 13546]
[13547 13609]
[13610 13671]
[13672 13735]
[13736 13799]
[13800 13861]
[13862 13935]
[13936 15243]
[15244 15328]
[15329 15413]
[15414 15438]
[15439 15507]
[15508 15523]
[15524 15544]
[15545 15562]
[15563 15583]
[15584 15602]
[15603 15624]
[15625 15643]
[15644 15665]
[15666 15767]
[15768 15789]
[15790 16946]
[16947 17015]
[17016 17059]
[17060 17110]
[17111 17175]
[17176 17237]
[17238 17308]
[17309 18066]
[18067 18223]
[18224 18277]
[18278 18332]
[18333 18368]
[18369 18484]
[18485 18545]
[18546 18590]
[18591 18669]
[18670 18734]
[18735 18772]
[18773 18815]
[18816 18845]
[18846 19074]
[19075 19128]
[19129 19762]
[19763 20234]
[20235 20249]
