[ 0 29]
[30 81]
[ 82 181]
[182 217]
[218 262]
[263 304]
[305 358]
[359 414]
[415 468]
[469 520]
[521 574]
[575 628]
[629 682]
[683 736]
[737 790]
[791 844]
[845 902]
[903 950]
[ 951 1001]
[1002 1054]
[1055 1550]
[1551 1604]
[1605 1623]
[1624 1665]
[1666 1687]
[1688 1719]
[1720 1738]
[1739 1760]
[1761 1780]
[1781 1808]
[1809 1841]
[1842 1875]
[1876 1913]
[1914 2013]
[2014 2513]
[2514 2553]
[2554 2608]
[2609 2674]
[2675 2730]
[2731 2773]
[2774 2826]
[2827 2876]
[2877 2924]
[2925 2977]
[2978 3008]
[3009 3047]
[3048 3083]
[3084 3154]
[3155 3292]
[3293 3377]
[3378 3447]
[3448 3515]
[3516 3573]
[3574 3640]
[3641 3735]
[3736 3811]
[3812 4044]
[4045 4169]
[4170 4294]
[4295 4419]
[4420 4544]
[4545 4669]
[4670 4794]
[4795 4919]
[4920 5044]
[5045 5171]
[5172 5606]
[5607 5675]
[5676 5714]
[5715 5768]
[5769 5809]
[5810 5884]
[5885 5972]
[5973 6049]
[6050 6202]
[6203 6243]
[6244 6299]
[6300 6349]
[6350 6401]
[6402 6456]
[6457 6504]
[6505 6597]
[6598 6624]
[6625 6724]
[6725 7180]
[7181 7301]
[7302 7420]
[7421 7492]
[7493 7579]
[7580 7769]
[7770 7873]
[7874 7958]
[7959 8047]
[8048 8146]
[8147 8247]
[8248 8393]
[8394 8483]
[8484 8670]
[8671 9239]
[9240 9397]
[9398 9801]
[ 9802 10436]
[10437 10495]
[10496 10545]
[10546 10622]
[10623 10670]
[10671 10681]
[10682 10848]
[10849 11149]
[11150 11294]
[11295 11603]
[11604 12204]
[12205 12313]
[12314 12496]
[12497 12596]
[12597 12823]
[12824 12915]
[12916 12998]
[12999 13106]
[13107 13215]
[13216 13328]
[13329 13442]
[13443 13600]
[13601 13692]
[13693 13784]
[13785 14111]
[14112 14213]
[14214 14257]
[14258 14300]
[14301 14344]
[14345 14636]
[14637 15394]
[15395 15440]
[15441 15515]
[15516 15607]
[15608 15641]
[15642 15769]
[15770 15894]
[15895 16224]
[16225 16575]
[16576 16681]
[16682 16753]
[16754 16862]
[16863 17040]
[17041 17113]
[17114 17230]
[17231 17361]
[17362 17522]
[17523 17865]
[17866 18046]
[18047 18196]
[18197 18303]
[18304 18378]
[18379 18479]
[18480 18622]
[18623 18682]
[18683 18855]
[18856 18962]
[18963 19680]
[19681 19849]
[19850 20002]
[20003 20062]
[20063 20209]
[20210 20329]
[20330 20381]
[20382 20505]
[20506 20608]
[20609 20680]
[20681 20841]
[20842 21007]
[21008 21121]
[21122 21246]
[21247 21477]
[21478 21675]
[21676 21782]
[21783 21950]
[21951 22463]
[22464 22689]
[22690 23266]
[23267 23821]
[23822 23899]
