[ 0 29]
[30 81]
[ 82 181]
[182 264]
[265 319]
[320 366]
[367 406]
[407 449]
[450 547]
[548 584]
[585 633]
[634 737]
[738 783]
[784 818]
[819 859]
[ 860 1402]
[1403 1488]
[1489 1542]
[1543 1561]
[1562 1603]
[1604 1625]
[1626 1657]
[1658 1676]
[1677 1698]
[1699 1718]
[1719 1746]
[1747 1779]
[1780 1813]
[1814 1851]
[1852 2184]
[2185 2298]
[2299 3043]
[3044 3138]
[3139 3162]
[3163 3432]
[3433 3537]
[3538 3591]
[3592 3696]
[3697 3742]
[3743 3800]
[3801 3926]
[3927 3982]
[3983 4034]
[4035 4095]
[4096 4162]
[4163 4213]
[4214 4272]
[4273 4330]
[4331 4377]
[4378 4455]
[4456 4514]
[4515 4636]
[4637 4981]
[4982 5079]
[5080 5476]
[5477 5919]
[5920 6238]
[6239 6774]
[6775 6803]
[6804 6871]
[6872 6991]
[6992 7107]
[7108 7454]
[7455 7526]
[7527 7596]
[7597 7822]
[7823 7947]
[7948 8021]
[8022 8104]
[8105 8180]
[8181 8410]
[8411 8535]
[8536 8654]
[8655 8971]
[8972 9033]
[9034 9256]
[9257 9342]
[9343 9747]
[9748 9888]
[9889 9956]
[ 9957 10040]
[10041 10164]
[10165 10275]
[10276 10361]
[10362 10442]
[10443 10834]
[10835 10923]
[10924 11005]
[11006 11083]
[11084 11186]
[11187 11345]
[11346 11389]
[11390 11475]
[11476 11725]
[11726 11819]
[11820 12102]
[12103 12243]
[12244 12359]
[12360 12478]
[12479 12614]
[12615 12732]
[12733 12870]
[12871 12944]
[12945 12998]
[12999 13017]
[13018 13059]
[13060 13081]
[13082 13113]
[13114 13132]
[13133 13154]
[13155 13174]
[13175 13202]
[13203 13235]
[13236 13269]
[13270 13307]
[13308 13393]
[13394 14026]
[14027 14336]
[14338 14550]
[14551 14616]
[14617 14688]
[14689 14760]
[14761 14857]
[14858 14910]
[14911 14960]
[14961 15028]
[15029 15079]
[15080 15195]
[15196 15327]
[15328 15414]
[15415 15913]
[15914 16018]
[16019 16173]
[16174 16270]
[16271 16378]
[16379 16492]
[16493 16584]
[16585 16678]
[16679 16766]
[16767 16859]
[16860 16930]
[16931 17042]
[17043 17181]
[17182 18147]
[18148 18228]
[18229 18334]
[18335 18435]
[18436 18579]
[18580 18641]
[18642 18829]
[18830 18989]
[18990 19097]
[19098 19177]
[19178 19255]
[19256 19369]
[19370 19428]
[19429 19550]
[19551 20222]
[20223 20695]
[20696 20799]
