[ 0 29]
[30 81]
[ 82 181]
[182 241]
[242 305]
[306 358]
[359 414]
[415 468]
[469 520]
[521 574]
[575 628]
[629 736]
[737 790]
[791 844]
[845 902]
[903 950]
[ 951 1001]
[1002 1537]
[1538 1591]
[1592 1610]
[1611 1652]
[1653 1674]
[1675 1706]
[1707 1725]
[1726 1747]
[1748 1766]
[1768 1795]
[1796 1828]
[1829 1862]
[1863 1900]
[1901 2000]
[2001 2432]
[2433 2488]
[2489 2550]
[2551 2605]
[2606 2660]
[2661 2703]
[2704 2761]
[2762 2831]
[2832 2882]
[2883 2964]
[2965 3107]
[3108 3150]
[3151 3191]
[3192 3241]
[3242 3284]
[3285 3328]
[3329 3373]
[3374 3716]
[3717 3769]
[3770 3803]
[3804 3856]
[3857 3902]
[3903 3958]
[3959 4033]
[4034 4057]
[4058 4109]
[4110 4152]
[4153 4199]
[4200 4258]
[4259 4344]
[4345 4372]
[4373 4407]
[4408 4431]
[4432 4698]
[4699 4823]
[4824 4948]
[4949 5073]
[5074 5198]
[5199 5344]
[5345 5469]
[5470 5594]
[5595 5694]
[5695 6157]
[6158 6206]
[6207 6295]
[6296 6381]
[6382 6469]
[6470 6565]
[6566 6731]
[6732 6820]
[6821 6887]
[6888 6961]
[6962 7291]
[7292 7351]
[7352 7417]
[7418 7482]
[7483 7568]
[7569 7618]
[7619 7671]
[7672 7735]
[7736 7802]
[7803 7840]
[7841 7965]
[7966 8175]
[8176 8227]
[8228 8258]
[8259 8312]
[8313 8361]
[8362 8402]
[8403 8444]
[8445 8483]
[8484 8528]
[8529 8569]
[8570 8621]
[8622 9812]
[9813 9863]
[9864 9909]
[9910 9951]
[9952 9989]
[ 9990 10022]
[10023 10063]
[10064 10163]
[10164 10385]
[10386 10450]
[10451 10520]
[10521 10601]
[10602 10661]
[10662 10716]
[10717 10772]
[10773 10837]
[10838 10899]
[10900 10957]
[10958 11024]
[11025 11096]
[11097 11152]
[11153 11224]
[11225 11293]
[11294 11352]
[11353 11402]
[11403 11458]
[11459 11922]
[11923 12039]
[12040 12112]
[12113 12253]
[12254 12325]
[12326 12414]
[12415 12469]
[12470 12529]
[12530 12593]
[12594 12656]
[12657 12721]
[12722 12786]
[12787 12910]
[12911 12973]
[12974 13041]
[13042 13087]
[13088 13162]
[13163 13288]
[13289 13416]
[13417 13541]
[13542 14172]
[14173 14273]
[14274 14353]
[14354 14427]
[14428 14520]
[14521 14592]
[14593 14703]
[14704 14831]
[14832 14942]
[14943 15063]
[15064 15181]
[15182 15295]
[15296 15991]
[15992 16168]
[16169 16241]
[16242 16306]
[16307 16370]
[16371 16442]
[16443 16534]
[16535 16615]
[16616 16704]
[16705 17667]
[17668 17767]
[17768 17849]
[17850 17923]
[17924 17996]
[17997 18083]
[18084 18183]
[18184 18256]
[18257 18344]
[18345 19420]
[19421 19506]
[19507 19594]
[19595 19687]
[19688 19791]
[19792 19879]
[19880 19963]
[19964 20054]
[20055 20126]
[20127 20194]
[20195 20334]
[20335 21105]
[21106 21660]
[21661 21749]
