[ 0 29]
[30 81]
[ 82 247]
[249 276]
[277 303]
[304 358]
[359 414]
[415 468]
[469 520]
[521 574]
[575 628]
[629 682]
[683 736]
[737 790]
[791 844]
[845 902]
[903 950]
[ 951 1001]
[1002 1054]
[1055 1486]
[1487 1525]
[1526 1579]
[1580 1598]
[1599 1640]
[1641 1662]
[1663 1694]
[1695 1713]
[1714 1735]
[1736 1754]
[1756 1783]
[1784 1816]
[1817 1850]
[1851 1888]
[1889 1988]
[1989 2417]
[2418 2542]
[2543 2674]
[2675 2799]
[2800 2924]
[2925 3049]
[3050 3174]
[3175 3299]
[3300 3424]
[3425 3908]
[3909 3974]
[3976 4003]
[4004 4054]
[4055 4127]
[4128 4199]
[4200 4260]
[4261 4318]
[4319 4376]
[4377 4425]
[4426 4480]
[4481 4526]
[4527 4584]
[4585 4655]
[4656 4722]
[4723 4807]
[4808 4895]
[4896 5000]
[5001 5082]
[5083 5621]
[5622 5751]
[5752 5876]
[5877 6001]
[6002 6126]
[6127 6251]
[6252 6350]
[6351 6445]
[6446 6545]
[6546 6870]
[6871 6922]
[6923 7056]
[7057 7156]
[7157 7245]
[7246 7336]
[7337 7446]
[7447 7540]
[7541 7626]
[7627 7721]
[7722 7805]
[7806 7891]
[7892 8031]
[8032 8114]
[8115 8511]
[8512 8574]
[8575 8636]
[8637 8698]
[8699 9040]
[9041 9174]
[9175 9250]
[9251 9317]
[9318 9417]
[9418 9718]
[9719 9923]
[9924 9965]
[ 9966 10016]
[10017 10071]
[10072 10129]
[10130 10179]
[10180 10312]
[10313 10365]
[10366 10419]
[10420 10473]
[10474 10530]
[10531 10589]
[10590 10654]
[10655 10719]
[10720 10769]
[10770 10914]
[10915 10965]
[10966 11017]
[11018 11077]
[11078 11128]
[11129 11188]
[11189 11439]
[11440 11635]
[11636 11784]
[11785 11835]
[11836 11898]
[11899 11959]
[11960 12011]
[12012 12069]
[12070 12140]
[12141 12199]
[12200 12275]
[12276 12336]
[12337 12398]
[12399 12491]
[12492 12591]
[12592 12681]
[12682 12825]
[12826 12871]
[12872 12946]
[12947 13038]
[13040 13072]
[13073 13200]
[13201 13325]
[13326 14124]
[14125 14214]
[14215 14298]
[14299 14354]
[14355 14460]
[14461 14522]
[14523 14586]
[14587 14678]
[14679 14860]
[14861 14950]
[14951 15024]
[15025 15155]
[15156 15206]
[15207 15250]
[15251 15319]
[15320 15413]
[15414 15505]
[15506 15599]
[15600 15691]
[15692 15759]
[15760 15816]
[15817 15906]
[15907 15983]
[15984 16052]
[16053 16120]
[16121 16207]
[16208 16397]
[16398 16557]
[16558 16698]
[16699 16774]
[16775 16835]
[16836 16880]
[16881 16939]
[16940 16995]
[16996 17096]
[17097 17172]
[17173 17268]
[17269 17356]
[17357 17446]
[17447 17516]
[17517 17587]
[17588 17675]
[17676 17747]
[17748 17833]
[17834 18092]
[18093 18154]
[18155 18243]
[18244 18341]
[18342 18620]
[18621 18728]
[18729 18923]
[18924 19023]
[19024 19150]
[19151 19921]
[19922 20476]
[20477 20549]
