[ 0 29]
[30 81]
[ 82 181]
[182 235]
[236 287]
[288 343]
[344 395]
[396 447]
[448 505]
[506 563]
[564 613]
[614 667]
[668 723]
[724 773]
[774 884]
[885 934]
[935 986]
[ 987 1039]
[1040 1494]
[1495 1548]
[1549 1567]
[1568 1609]
[1610 1631]
[1632 1663]
[1664 1682]
[1683 1704]
[1705 1724]
[1725 1752]
[1753 1785]
[1786 1819]
[1820 1857]
[1858 1957]
[1958 2280]
[2281 2357]
[2358 2425]
[2426 2518]
[2519 2592]
[2593 2657]
[2658 2725]
[2726 2782]
[2783 2849]
[2850 2951]
[2952 3022]
[3023 3095]
[3096 3154]
[3155 3212]
[3213 3279]
[3280 3335]
[3336 3393]
[3394 3771]
[3772 3838]
[3839 3968]
[3969 4096]
[4097 4191]
[4192 4261]
[4262 4336]
[4337 4386]
[4387 4458]
[4459 4555]
[4556 4632]
[4633 4810]
[4811 5077]
[5078 5184]
[5185 5224]
[5225 5286]
[5287 5318]
[5319 5358]
[5359 5535]
[5536 5570]
[5571 5620]
[5621 5690]
[5691 5732]
[5733 5787]
[5788 5833]
[5834 5877]
[5878 5922]
[5923 5966]
[5967 6014]
[6015 6067]
[6068 6287]
[6288 6373]
[6374 6424]
[6425 6602]
[6603 6648]
[6649 6682]
[6683 6743]
[6744 6782]
[6783 6837]
[6838 6876]
[6877 6913]
[6914 6947]
[6948 6981]
[6982 7063]
[7064 7096]
[7097 7131]
[7132 7180]
[7181 7237]
[7238 7315]
[7316 7379]
[7380 7446]
[7447 7489]
[7490 7546]
[7547 7606]
[7607 7654]
[7655 7699]
[7700 7752]
[7753 7792]
[7793 7838]
[7839 7891]
[7892 7941]
[7942 7990]
[7991 8040]
[8041 8087]
[8088 8138]
[8139 8178]
[8179 8215]
[8216 8266]
[8267 8320]
[8321 8368]
[8369 8427]
[8428 8474]
[8475 8528]
[8529 8584]
[8585 8729]
[8730 8782]
[8783 8832]
[8833 8890]
[8891 8940]
[8941 8995]
[8996 9050]
[9051 9633]
[9634 9692]
[9693 9732]
[9733 9772]
[9773 9815]
[9816 9854]
[9855 9901]
[9902 9958]
[ 9959 10013]
[10014 10055]
[10056 10095]
[10096 10144]
[10145 10246]
[10247 10338]
[10339 10444]
[10445 10528]
[10529 10769]
[10770 10873]
[10874 10973]
[10974 11044]
[11045 11175]
[11176 11230]
[11231 11302]
[11303 11379]
[11380 11479]
[11480 11637]
[11638 11836]
[11837 12298]
[12299 12403]
[12404 12478]
[12479 12533]
[12534 12569]
[12570 12623]
[12624 12676]
[12677 12750]
[12751 12823]
[12824 12897]
[12898 12970]
[12971 13044]
[13045 13170]
[13171 13262]
[13263 13366]
[13367 13497]
[13498 13637]
[13638 13717]
[13718 13895]
[13896 13957]
[13958 14003]
[14004 14078]
[14079 14170]
[14172 14204]
[14205 14332]
[14333 14457]
[14458 14989]
[14990 15073]
[15074 15262]
[15263 15327]
[15328 15423]
[15424 15479]
[15480 15605]
[15606 15728]
[15729 16460]
[16461 16639]
[16640 17250]
[17251 17310]
[17311 17567]
[17568 17757]
[17758 17991]
[17992 18222]
[18223 18944]
[18945 19121]
[19122 19221]
[19222 19293]
[19294 19420]
[19421 19638]
[19639 19678]
[19679 19774]
[19775 19845]
[19846 20051]
[20052 20296]
[20297 20451]
[20452 20521]
[20522 20660]
[20661 20790]
[20791 20876]
[20877 21040]
[21041 21246]
[21247 21436]
[21437 21763]
[21764 22236]
[22237 22349]
