[ 0 29]
[30 81]
[ 82 181]
[182 314]
[315 381]
[382 621]
[622 708]
[709 754]
[755 816]
[817 870]
[871 919]
[ 920 1411]
[1412 1511]
[1512 1565]
[1566 1584]
[1585 1626]
[1627 1648]
[1649 1680]
[1681 1699]
[1700 1721]
[1722 1741]
[1742 1769]
[1770 1802]
[1803 1836]
[1837 1897]
[1898 2331]
[2332 2719]
[2720 2866]
[2867 3139]
[3140 3315]
[3316 3467]
[3468 3657]
[3658 3757]
[3758 3824]
[3825 3888]
[3889 3965]
[3966 4043]
[4044 4120]
[4121 4204]
[4205 4291]
[4292 4395]
[4396 4448]
[4449 4503]
[4504 4541]
[4542 4579]
[4580 4630]
[4631 5161]
[5162 5389]
[5390 5503]
[5504 5611]
[5612 5782]
[5783 5912]
[5913 5996]
[5997 6079]
[6080 6181]
[6182 6230]
[6231 6659]
[6660 6983]
[6984 7143]
[7144 8571]
[8572 8858]
[8859 9092]
[9093 9418]
[9419 9544]
[9545 9661]
[9662 9775]
[9776 9866]
[9867 9968]
[ 9969 10085]
[10086 10122]
[10123 10161]
[10162 10239]
[10240 10339]
[10340 11102]
[11103 11234]
[11235 11347]
[11348 11543]
[11544 11758]
[11759 11848]
[11849 11950]
[11951 12048]
[12049 12346]
[12347 12441]
[12442 12587]
[12588 12658]
[12659 12757]
[12758 12822]
[12823 12869]
[12870 12924]
[12925 12989]
[12990 13055]
[13056 13129]
[13130 13179]
[13180 13234]
[13235 13306]
[13307 13619]
[13620 13807]
[13808 13867]
[13868 13954]
[13955 14134]
[14135 14216]
[14217 14313]
[14314 14404]
[14405 14472]
[14473 14591]
[14592 14690]
[14691 14760]
[14761 14848]
[14849 14904]
[14905 14979]
[14980 15142]
[15143 15217]
[15218 15309]
[15310 15343]
[15344 15471]
[15472 15596]
[15597 16251]
[16252 16355]
[16356 16439]
[16440 16526]
[16527 16624]
[16625 16733]
[16734 16826]
[16827 16926]
[16927 17008]
[17009 17085]
[17086 17157]
[17158 18026]
[18027 18110]
[18111 18193]
[18194 18269]
[18270 18333]
[18334 18403]
[18404 18489]
[18490 18993]
[18994 19060]
[19061 19125]
[19126 19183]
[19184 19246]
[19247 19302]
[19303 19363]
[19364 19517]
[19518 19615]
[19616 19713]
[19714 20282]
[20283 21338]
[21339 21398]
[21399 21447]
[21448 21508]
[21509 21570]
[21571 21626]
[21627 21709]
[21710 21877]
[21878 22380]
[22381 22852]
[22853 22949]
