[ 0 29]
[30 81]
[ 82 181]
[182 233]
[234 278]
[279 340]
[341 417]
[418 541]
[542 585]
[586 627]
[628 658]
[659 733]
[734 861]
[862 945]
[946 982]
[ 983 1458]
[1459 1558]
[1559 1612]
[1613 1631]
[1632 1673]
[1674 1695]
[1696 1727]
[1728 1746]
[1747 1768]
[1769 1787]
[1788 1816]
[1817 1849]
[1850 1883]
[1884 1944]
[1945 2175]
[2176 2301]
[2302 2339]
[2340 2445]
[2446 2541]
[2542 2657]
[2658 2715]
[2716 2771]
[2772 2835]
[2836 2905]
[2906 4359]
[4360 4491]
[4492 4655]
[4656 4746]
[4747 5414]
[5415 5827]
[5828 6011]
[6012 6263]
[6264 6431]
[6432 6659]
[6660 6947]
[6948 6992]
[6993 7273]
[7274 7329]
[7330 7375]
[7376 7410]
[7411 7440]
[7441 7481]
[7482 7523]
[7524 7566]
[7567 7595]
[7596 7628]
[7629 7672]
[7673 7714]
[7715 7761]
[7762 7803]
[7804 7910]
[7911 7986]
[7987 8041]
[8042 8090]
[8091 8155]
[8156 9311]
[9312 9371]
[9372 9457]
[9458 9534]
[9535 9605]
[9606 9662]
[9663 9717]
[9718 9779]
[9780 9828]
[9829 9911]
[ 9912 10572]
[10573 10630]
[10631 10685]
[10686 10747]
[10748 10784]
[10785 10833]
[10834 10863]
[10864 10963]
[10964 11427]
[11428 11560]
[11561 11640]
[11641 11728]
[11729 11841]
[11842 11896]
[11897 12044]
[12045 12282]
[12283 12389]
[12390 12596]
[12597 13025]
[13026 13117]
[13118 13239]
[13240 13299]
[13300 13368]
[13369 13421]
[13422 13482]
[13483 13598]
[13599 13774]
[13775 13833]
[13834 13918]
[13919 13954]
[13955 14311]
[14312 14409]
[14410 14498]
[14499 14590]
[14591 14776]
[14777 14870]
[14871 14963]
[14964 15049]
[15050 15137]
[15138 15221]
[15222 15293]
[15294 15377]
[15378 15421]
[15422 15496]
[15497 15588]
[15589 15622]
[15623 15667]
[15668 15750]
[15751 15875]
[15876 16438]
[16439 16507]
[16508 16591]
[16592 16674]
[16675 16752]
[16753 16890]
[16891 17022]
[17023 17171]
[17172 17586]
[17587 17709]
[17710 17889]
[17890 18564]
[18565 18663]
[18664 18744]
[18745 18849]
[18850 18944]
[18945 19060]
[19061 19190]
[19191 19320]
[19321 19460]
[19461 20378]
[20379 20482]
[20483 20580]
[20581 20706]
[20707 20829]
[20830 20927]
[20928 21084]
[21085 21239]
[21240 21837]
[21838 21977]
[21978 22171]
[22172 22344]
[22345 22971]
[22972 23001]
[23002 23030]
[23031 23162]
[23163 23255]
[23256 23330]
[23331 23419]
[23420 23516]
[23517 23557]
[23558 24151]
[24152 24623]
[24624 24699]
