[ 0 29]
[30 81]
[ 82 181]
[182 212]
[213 282]
[283 313]
[314 359]
[360 385]
[386 491]
[492 536]
[537 606]
[607 647]
[648 691]
[692 727]
[728 838]
[ 839 1018]
[1019 1101]
[1102 1180]
[1181 1234]
[1235 1253]
[1254 1295]
[1296 1317]
[1318 1349]
[1350 1368]
[1369 1390]
[1391 1410]
[1411 1438]
[1439 1471]
[1472 1505]
[1506 1543]
[1544 1643]
[1644 1933]
[1934 2026]
[2027 2130]
[2131 2229]
[2230 2334]
[2335 2449]
[2450 2552]
[2553 2663]
[2664 2904]
[2905 3265]
[3266 3972]
[3973 4116]
[4117 4190]
[4191 4271]
[4272 4839]
[4840 4906]
[4907 4993]
[4994 5180]
[5181 5218]
[5219 5269]
[5270 5307]
[5308 5375]
[5376 5548]
[5549 5579]
[5580 5669]
[5670 5717]
[5718 5762]
[5763 5800]
[5801 5860]
[5861 5908]
[5909 5986]
[5987 6058]
[6059 6144]
[6145 6687]
[6688 6774]
[6775 6866]
[6867 6929]
[6930 7294]
[7295 7717]
[7718 7860]
[7861 7973]
[7974 8050]
[8051 8131]
[8132 8698]
[8699 8770]
[8771 8843]
[8844 8899]
[8900 8980]
[8981 9045]
[9046 9098]
[9099 9528]
[9529 9623]
[9624 9678]
[9679 9836]
[9837 9978]
[ 9979 10090]
[10091 10179]
[10180 10292]
[10293 10427]
[10428 10527]
[10528 10910]
[10911 11477]
[11478 11649]
[11650 11772]
[11773 11912]
[11913 12040]
[12041 12246]
[12247 12293]
[12294 12624]
[12625 12691]
[12692 12923]
[12924 13474]
[13475 13898]
[13899 13969]
[13970 14083]
[14084 14196]
[14197 14309]
[14310 14412]
[14413 14521]
[14522 14641]
[14642 14727]
[14728 14773]
[14774 14848]
[14849 14857]
[14858 14940]
[14941 14974]
[14975 15102]
[15103 15227]
[15228 15990]
[15991 16064]
[16065 16230]
[16231 16422]
[16423 16579]
[16580 17642]
[17643 17735]
[17736 17798]
[17799 17855]
[17856 17918]
[17919 18007]
[18008 18681]
[18682 18769]
[18770 18829]
[18830 18899]
[18900 18980]
[18981 19043]
[19044 19181]
[19182 19733]
[19734 19834]
[19835 19934]
[19935 20012]
[20013 20059]
[20060 20237]
[20238 20595]
[20596 20703]
[20704 20765]
[20766 20850]
[20851 20925]
[20926 21216]
[21217 21348]
[21349 21513]
[21514 21857]
[21858 22015]
[22016 22114]
[22115 22327]
[22328 22395]
[22396 22555]
[22556 22703]
[22704 22771]
[22772 22856]
[22857 23614]
[23615 23740]
[23741 23875]
[23876 24012]
[24013 24080]
[24081 24147]
[24149 24268]
[24269 24415]
[24416 24678]
[24679 24938]
[24939 25411]
[25412 25499]
