[ 0 29]
[30 81]
[ 82 241]
[242 305]
[306 358]
[359 414]
[415 468]
[469 574]
[575 628]
[629 736]
[737 790]
[791 844]
[845 902]
[903 950]
[ 951 1001]
[1002 1054]
[1055 1499]
[1500 1553]
[1554 1572]
[1573 1614]
[1615 1636]
[1637 1668]
[1669 1687]
[1688 1709]
[1710 1729]
[1730 1757]
[1758 1790]
[1791 1824]
[1825 1862]
[1863 1962]
[1963 2245]
[2246 2394]
[2395 2503]
[2504 2653]
[2654 2683]
[2684 2717]
[2718 2755]
[2756 2792]
[2793 2826]
[2827 2866]
[2867 2913]
[2914 2967]
[2968 3023]
[3024 3056]
[3057 3243]
[3244 3306]
[3307 3400]
[3401 3523]
[3524 3577]
[3578 3739]
[3740 3881]
[3882 3964]
[3965 4032]
[4033 4146]
[4147 4253]
[4254 4493]
[4494 4578]
[4579 4611]
[4612 4661]
[4662 4707]
[4708 4751]
[4752 4792]
[4793 4850]
[4851 4925]
[4926 4967]
[4968 5043]
[5044 5087]
[5088 5160]
[5161 5220]
[5221 5238]
[5239 5283]
[5284 5342]
[5343 5364]
[5365 5464]
[5465 5819]
[5820 5884]
[5885 5974]
[5975 6022]
[6023 6115]
[6116 6155]
[6156 6214]
[6215 6262]
[6263 6301]
[6302 6343]
[6344 6393]
[6394 6442]
[6443 6480]
[6481 6533]
[6534 6616]
[6617 6665]
[6666 6713]
[6714 6747]
[6748 6884]
[6885 6936]
[6937 7001]
[7002 7039]
[7040 7092]
[7093 7195]
[7196 7342]
[7343 7438]
[7439 7509]
[7510 7565]
[7566 7626]
[7627 7683]
[7684 8131]
[8132 8210]
[8211 8295]
[8296 8433]
[8434 8530]
[8531 8609]
[8610 8722]
[8723 8788]
[8789 8826]
[8827 8885]
[8886 8933]
[8934 9033]
[9034 9325]
[9326 9351]
[9352 9487]
[9488 9552]
[9553 9665]
[9666 9806]
[9807 9978]
[ 9979 10062]
[10063 10437]
[10438 10496]
[10497 10804]
[10805 10967]
[10968 11038]
[11039 11102]
[11103 11192]
[11193 11474]
[11475 11561]
[11562 11650]
[11651 11737]
[11738 11975]
[11976 12260]
[12261 12317]
[12318 12435]
[12436 12544]
[12545 12743]
[12744 12872]
[12873 12977]
[12978 13152]
[13153 13278]
[13279 13324]
[13325 13399]
[13400 13491]
[13493 13525]
[13526 13653]
[13654 13778]
[13779 14219]
[14220 14488]
[14489 14576]
[14577 14619]
[14620 14665]
[14666 14737]
[14738 14810]
[14811 14898]
[14899 14975]
[14976 15061]
[15062 15153]
[15154 15818]
[15819 15874]
[15875 15932]
[15933 16005]
[16006 16072]
[16073 16411]
[16412 16537]
[16538 16617]
[16618 16663]
[16664 16716]
[16717 16769]
[16770 16847]
[16848 16939]
[16940 17154]
[17155 17261]
[17262 17358]
[17359 17452]
[17453 17677]
[17678 18163]
[18164 18362]
[18363 18470]
[18471 18570]
[18571 18652]
[18653 18712]
[18713 18828]
[18829 18891]
[18892 19301]
[19302 19418]
[19419 19499]
[19500 19610]
[19611 19748]
[19749 19877]
[19878 20136]
[20137 20222]
[20223 20332]
[20333 20453]
[20454 20582]
[20583 20693]
[20694 20880]
[20881 21168]
[21169 21385]
[21386 21940]
[21941 22049]
