[ 0 29]
[30 81]
[ 82 181]
[182 309]
[310 359]
[360 403]
[404 447]
[448 486]
[487 518]
[519 546]
[547 582]
[583 635]
[636 717]
[718 759]
[760 793]
[ 794 1269]
[1270 1325]
[1326 1411]
[1412 1465]
[1466 1484]
[1485 1526]
[1527 1548]
[1549 1580]
[1581 1599]
[1600 1621]
[1622 1641]
[1642 1669]
[1670 1702]
[1703 1736]
[1737 1774]
[1775 2270]
[2271 2453]
[2454 2632]
[2633 3239]
[3240 3353]
[3354 3480]
[3481 3782]
[3783 3925]
[3926 4081]
[4082 4224]
[4225 4367]
[4368 4523]
[4524 4666]
[4667 4835]
[4836 5004]
[5005 5152]
[5153 5247]
[5248 5558]
[5559 5606]
[5607 5653]
[5654 5716]
[5717 5776]
[5777 6082]
[6083 6160]
[6161 6241]
[6242 6631]
[6632 6680]
[6681 6714]
[6715 6746]
[6747 6787]
[6788 6823]
[6824 6863]
[6864 6891]
[6892 6930]
[6931 6981]
[6982 7036]
[7037 7115]
[7116 7157]
[7158 7197]
[7198 7481]
[7482 7516]
[7517 7555]
[7556 7592]
[7593 7647]
[7648 7702]
[7703 7747]
[7748 7822]
[7823 7885]
[7886 7962]
[7963 8057]
[8058 8263]
[8264 8306]
[8307 8368]
[8369 8422]
[8423 8476]
[8477 8554]
[8555 8670]
[8671 8734]
[8735 8793]
[8794 8836]
[8837 8906]
[8907 8955]
[8956 8992]
[8993 9038]
[9039 9124]
[9125 9456]
[9457 9525]
[9526 9610]
[9611 9909]
[9910 9987]
[ 9988 10059]
[10060 10139]
[10140 10453]
[10454 10557]
[10558 10663]
[10664 10714]
[10715 10789]
[10790 10880]
[10881 10983]
[10984 11062]
[11063 11136]
[11137 11281]
[11282 11300]
[11301 11342]
[11343 11364]
[11365 11396]
[11397 11415]
[11416 11437]
[11438 11456]
[11457 11485]
[11486 11518]
[11519 11552]
[11553 11590]
[11591 11676]
[11677 12067]
[12068 12198]
[12199 12311]
[12312 12439]
[12440 12570]
[12571 12630]
[12631 12694]
[12695 12798]
[12799 13213]
[13214 13308]
[13309 13387]
[13388 13458]
[13459 13536]
[13537 13612]
[13613 13687]
[13688 13786]
[13787 13886]
[13887 13958]
[13959 14631]
[14632 15169]
[15170 15818]
[15819 15882]
[15883 15982]
[15983 16072]
[16073 16144]
[16145 16225]
[16226 16394]
[16395 16538]
[16539 16608]
[16609 16781]
[16782 17044]
[17045 17298]
[17299 17321]
[17322 17794]
[17795 17899]
