[ 0 29]
[30 81]
[ 82 181]
[182 241]
[242 305]
[306 358]
[359 414]
[415 468]
[469 520]
[521 574]
[575 628]
[629 682]
[683 736]
[737 790]
[791 844]
[845 902]
[903 950]
[ 951 1001]
[1002 1054]
[1055 1502]
[1503 1556]
[1557 1575]
[1576 1617]
[1618 1639]
[1640 1671]
[1672 1690]
[1691 1712]
[1713 1731]
[1733 1760]
[1761 1793]
[1794 1827]
[1828 1865]
[1866 1965]
[1966 2234]
[2235 2323]
[2324 2387]
[2388 2514]
[2515 2607]
[2608 2649]
[2650 2703]
[2704 2799]
[2800 2869]
[2870 2930]
[2931 3099]
[3100 3158]
[3159 3219]
[3220 3698]
[3699 3767]
[3768 3800]
[3801 3852]
[3853 3917]
[3918 4042]
[4043 4115]
[4116 4207]
[4208 4273]
[4274 4357]
[4358 4453]
[4454 4564]
[4565 4636]
[4637 4719]
[4720 4835]
[4836 5262]
[5263 5301]
[5302 5337]
[5338 5375]
[5376 5421]
[5422 5461]
[5462 5506]
[5507 5543]
[5544 5586]
[5587 5627]
[5628 5663]
[5664 5700]
[5701 5745]
[5746 5780]
[5781 5819]
[5820 5854]
[5855 5891]
[5892 5925]
[5926 5972]
[5973 6013]
[6014 6053]
[6054 6113]
[6114 6166]
[6167 6238]
[6239 6297]
[6298 6346]
[6347 6404]
[6405 6465]
[6466 6514]
[6515 6614]
[6615 7056]
[7057 7096]
[7097 7148]
[7149 7204]
[7205 7264]
[7265 7320]
[7321 7390]
[7391 7461]
[7462 7529]
[7530 7613]
[7614 7678]
[7679 7753]
[7754 7794]
[7795 7842]
[7843 8066]
[8067 8191]
[8192 8316]
[8317 8423]
[8424 8506]
[8507 8579]
[8580 8650]
[8651 8728]
[8729 8812]
[8813 8893]
[8894 8939]
[8940 9011]
[9012 9099]
[9100 9167]
[9168 9518]
[9519 9585]
[9586 9648]
[9649 9703]
[9704 9768]
[9769 9843]
[9844 9950]
[ 9951 10034]
[10035 10100]
[10101 10183]
[10184 10255]
[10256 10335]
[10336 10411]
[10412 10481]
[10482 10527]
[10528 10602]
[10603 10694]
[10696 10728]
[10729 10856]
[10857 10981]
[10982 11581]
[11582 11717]
[11719 11783]
[11784 11909]
[11910 12001]
[12002 12101]
[12102 12237]
[12238 12363]
[12364 12487]
[12488 12617]
[12618 13069]
[13070 13179]
[13180 13268]
[13269 13350]
[13351 13438]
[13439 13548]
[13549 13653]
[13654 14733]
[14734 14811]
[14812 14900]
[14901 15030]
[15031 15139]
[15140 15362]
[15363 15483]
[15484 15742]
[15743 16229]
[16230 16547]
[16548 16769]
[16770 16917]
[16918 17022]
[17023 17126]
[17127 17223]
[17224 17353]
[17354 18058]
[18059 18613]
[18614 18699]
