[ 0 29]
[30 81]
[ 82 202]
[203 258]
[259 313]
[314 370]
[371 436]
[437 494]
[495 533]
[534 580]
[581 648]
[649 711]
[712 758]
[759 813]
[ 814 1315]
[1316 1415]
[1416 1469]
[1470 1488]
[1489 1530]
[1531 1552]
[1553 1584]
[1585 1603]
[1604 1625]
[1626 1645]
[1646 1673]
[1674 1706]
[1707 1740]
[1741 1801]
[1802 2492]
[2493 2545]
[2546 2592]
[2593 2663]
[2664 2729]
[2730 2785]
[2786 2795]
[2796 2846]
[2847 2914]
[2915 3523]
[3524 3626]
[3627 3706]
[3707 3762]
[3763 3862]
[3863 3924]
[3925 3972]
[3973 4146]
[4147 4228]
[4229 4316]
[4317 4727]
[4728 4798]
[4799 4889]
[4890 4971]
[4972 5052]
[5053 5093]
[5094 5704]
[5705 5900]
[5901 5977]
[5978 6084]
[6085 6218]
[6219 6267]
[6268 6306]
[6307 6510]
[6511 6606]
[6607 6685]
[6686 6758]
[6759 6956]
[6957 7259]
[7260 7327]
[7328 7398]
[7399 7470]
[7471 7539]
[7540 7663]
[7664 8006]
[8007 8068]
[8069 8143]
[8144 8211]
[8212 8260]
[8261 8382]
[8383 8438]
[8439 8508]
[8509 8573]
[8574 8680]
[8681 8756]
[8757 8856]
[8857 9182]
[9183 9261]
[9262 9332]
[9333 9404]
[9405 9472]
[9473 9529]
[9530 9605]
[9606 9678]
[9679 9751]
[9752 9810]
[9811 9885]
[9886 9955]
[ 9956 10025]
[10026 10103]
[10104 10190]
[10191 10240]
[10241 10635]
[10636 10795]
[10796 10970]
[10971 11128]
[11129 11307]
[11308 11419]
[11420 11544]
[11545 11653]
[11654 11758]
[11759 11782]
[11783 12048]
[12049 12149]
[12150 12233]
[12234 12316]
[12317 12407]
[12408 12490]
[12491 12580]
[12581 12627]
[12628 12689]
[12690 12765]
[12766 12840]
[12841 12899]
[12900 12953]
[12954 12999]
[13000 13074]
[13075 13167]
[13168 13200]
[13201 13328]
[13329 13453]
[13454 14014]
[14015 14034]
[14035 14157]
[14158 14266]
[14267 14377]
[14378 14486]
[14487 14659]
[14660 15573]
[15574 15743]
[15744 15917]
[15918 16047]
[16048 16154]
[16155 16255]
[16256 16450]
[16451 18017]
[18018 18105]
[18106 18206]
[18207 18313]
[18314 18422]
[18423 18504]
[18505 18596]
[18597 18929]
[18930 19177]
[19178 21358]
[21359 21458]
[21459 21543]
[21544 21641]
[21642 21749]
[21750 21908]
[21909 21996]
[21997 22079]
[22080 22569]
[22570 23041]
[23042 23149]
