[ 0 29]
[30 81]
[ 82 181]
[182 232]
[233 333]
[334 400]
[401 466]
[467 657]
[658 749]
[750 786]
[787 823]
[824 887]
[ 888 1372]
[1373 1392]
[1393 1492]
[1493 1546]
[1547 1565]
[1566 1607]
[1608 1629]
[1630 1661]
[1662 1680]
[1681 1702]
[1703 1721]
[1722 1750]
[1751 1783]
[1784 1878]
[1879 2430]
[2431 2525]
[2526 2612]
[2613 2702]
[2703 2819]
[2820 2912]
[2913 3003]
[3004 3104]
[3105 3862]
[3863 3944]
[3945 4006]
[4007 4051]
[4052 4112]
[4113 4150]
[4151 4511]
[4512 4603]
[4604 4665]
[4666 4733]
[4734 4806]
[4807 4871]
[4872 4948]
[4949 5023]
[5024 5093]
[5094 5159]
[5160 5199]
[5200 5289]
[5290 5377]
[5378 5489]
[5490 5605]
[5606 5693]
[5694 5787]
[5788 6082]
[6083 6156]
[6157 6226]
[6227 6308]
[6309 6396]
[6397 6482]
[6483 6573]
[6574 6645]
[6646 6710]
[6711 6810]
[6811 7112]
[7113 7170]
[7171 7823]
[7824 7914]
[7915 8011]
[8012 8104]
[8105 8332]
[8333 8993]
[8994 9054]
[9055 9116]
[9117 9186]
[9187 9560]
[ 9561 10357]
[10358 10632]
[10633 10709]
[10710 10796]
[10797 11055]
[11056 11140]
[11141 11221]
[11222 11296]
[11297 11372]
[11373 11481]
[11482 11567]
[11568 11662]
[11663 11756]
[11757 11781]
[11782 11850]
[11851 11896]
[11897 11971]
[11972 12064]
[12065 12097]
[12098 12225]
[12226 12350]
[12351 12898]
[12899 12970]
[12971 13097]
[13098 13162]
[13163 13229]
[13230 13304]
[13305 13373]
[13374 13418]
[13419 13473]
[13474 14070]
[14071 14148]
[14149 14212]
[14213 14289]
[14290 14366]
[14367 15175]
[15176 15284]
[15285 15373]
[15374 15473]
[15474 15547]
[15548 15620]
[15621 16880]
[16881 16983]
[16984 17086]
[17087 17184]
[17185 17334]
[17335 17436]
[17437 17591]
[17592 18079]
[18080 18155]
[18156 18222]
[18223 18300]
[18301 18382]
[18383 18450]
[18451 18536]
[18537 19909]
[19910 19982]
[19983 20040]
[20041 20100]
[20101 20167]
[20168 20222]
[20223 20290]
[20291 20371]
[20372 20456]
[20457 20533]
[20534 20607]
[20608 20691]
[20692 20800]
[20801 21509]
[21510 21981]
[21982 22099]
