[ 0 29]
[30 81]
[ 82 343]
[344 430]
[431 505]
[506 563]
[564 613]
[614 667]
[668 723]
[724 775]
[776 829]
[830 884]
[885 934]
[935 986]
[ 987 1502]
[1503 1556]
[1557 1575]
[1576 1617]
[1618 1639]
[1640 1671]
[1672 1690]
[1691 1712]
[1713 1732]
[1733 1760]
[1761 1793]
[1794 1827]
[1828 1865]
[1866 1965]
[1966 2497]
[2498 2995]
[2996 3250]
[3251 3796]
[3797 4469]
[4470 4909]
[4910 5750]
[5751 5850]
[5851 6346]
[6347 6391]
[6392 6469]
[6470 6544]
[6545 6619]
[6620 6694]
[6695 6763]
[6764 6832]
[6833 6907]
[6908 6995]
[6996 7051]
[7052 7382]
[7383 7424]
[7425 7468]
[7469 7539]
[7540 7627]
[7628 7697]
[7698 7766]
[7767 7892]
[7893 8015]
[8016 8136]
[8137 8268]
[8269 8337]
[8338 8482]
[8483 8830]
[8831 8887]
[8888 8936]
[8937 8988]
[8989 9033]
[9034 9091]
[9092 9155]
[9156 9245]
[ 9246 10448]
[10449 10555]
[10556 10644]
[10645 10757]
[10758 10838]
[10839 10955]
[10956 11047]
[11048 11131]
[11132 11211]
[11212 11298]
[11299 11382]
[11383 11493]
[11494 11560]
[11561 11667]
[11668 11823]
[11824 12162]
[12163 12249]
[12250 12338]
[12339 12422]
[12423 12514]
[12515 12623]
[12624 12726]
[12727 12815]
[12816 12911]
[12912 13007]
[13008 13090]
[13091 13179]
[13180 13255]
[13256 13340]
[13341 13435]
[13436 13510]
[13511 13610]
[13611 14148]
[14149 14212]
[14213 14274]
[14275 14376]
[14377 14478]
[14479 14566]
[14567 14664]
[14665 14745]
[14746 14884]
[14885 14986]
[14987 15179]
[15180 15233]
[15234 15335]
[15336 15389]
[15390 15452]
[15453 15499]
[15500 15542]
[15543 15590]
[15591 15642]
[15643 15688]
[15689 15737]
[15738 15792]
[15793 15843]
[15844 15889]
[15890 15930]
[15931 15972]
[15973 16034]
[16035 16093]
[16094 16141]
[16142 16194]
[16195 16240]
[16241 16280]
[16281 16331]
[16332 16364]
[16365 16403]
[16404 16883]
[16884 17009]
[17010 17157]
[17159 17282]
[17283 17388]
[17389 17493]
[17494 17588]
[17589 17682]
[17683 17819]
[17820 17888]
[17889 17972]
[17973 18062]
[18063 18150]
[18151 18196]
[18197 18271]
[18272 18363]
[18365 18397]
[18398 18525]
[18526 18650]
[18651 19079]
[19080 19138]
[19139 19192]
[19193 19264]
[19265 19325]
[19326 19422]
[19423 19971]
[19972 20057]
[20058 20136]
[20137 20221]
[20222 20959]
[20960 21058]
[21059 21157]
[21158 21236]
[21237 21314]
[21315 21380]
[21381 21758]
[21759 21866]
[21867 22078]
[22079 22118]
[22119 22191]
[22192 22278]
[22279 22379]
[22380 22462]
[22463 22532]
[22533 22634]
[22635 22741]
[22742 22820]
[22821 22961]
[22962 23197]
[23198 23644]
[23645 24117]
[24118 24199]
