[ 0 29]
[30 81]
[ 82 181]
[182 215]
[216 242]
[243 292]
[293 331]
[332 366]
[367 403]
[404 552]
[553 608]
[609 667]
[668 706]
[707 760]
[761 976]
[ 977 1239]
[1240 1335]
[1336 1389]
[1390 1408]
[1409 1450]
[1451 1472]
[1473 1504]
[1505 1523]
[1524 1545]
[1546 1565]
[1566 1593]
[1594 1626]
[1627 1660]
[1661 1698]
[1699 1798]
[1799 2200]
[2201 2397]
[2398 2552]
[2553 2706]
[2707 2826]
[2827 2910]
[2911 3062]
[3063 3151]
[3152 3215]
[3216 3273]
[3274 3388]
[3389 3452]
[3453 3542]
[3543 3611]
[3612 3684]
[3685 3757]
[3758 3852]
[3853 3932]
[3933 4014]
[4015 4085]
[4086 4185]
[4186 4286]
[4287 4385]
[4386 4482]
[4483 4548]
[4549 4606]
[4607 5370]
[5371 5488]
[5489 5607]
[5608 5706]
[5707 5784]
[5785 5927]
[5928 6027]
[6028 6885]
[6886 6981]
[6982 7042]
[7043 7094]
[7095 7146]
[7147 7274]
[7275 7333]
[7334 7439]
[7440 7817]
[7818 7881]
[7882 7957]
[7958 8052]
[8053 8129]
[8130 8228]
[8229 8369]
[8370 8444]
[8445 8541]
[8542 8641]
[8642 8827]
[8828 8875]
[8876 8937]
[8938 9002]
[9003 9064]
[9065 9134]
[9135 9193]
[9194 9231]
[9232 9271]
[9272 9317]
[9318 9381]
[9382 9447]
[9448 9493]
[9494 9549]
[9550 9598]
[9599 9638]
[9639 9693]
[9694 9743]
[9744 9786]
[9787 9825]
[9826 9895]
[9896 9960]
[ 9961 10002]
[10003 10767]
[10768 11471]
[11472 11528]
[11529 11580]
[11581 11646]
[11647 11674]
[11675 11712]
[11713 12439]
[12440 12649]
[12650 12750]
[12751 12841]
[12842 12944]
[12945 13048]
[13049 13150]
[13151 13250]
[13251 13352]
[13353 13433]
[13434 13516]
[13517 13570]
[13571 13624]
[13625 13670]
[13671 13745]
[13746 13754]
[13755 13837]
[13838 13871]
[13872 13999]
[14000 14124]
[14125 15216]
[15217 15306]
[15307 15361]
[15362 15419]
[15420 15498]
[15499 15534]
[15535 15590]
[15591 15667]
[15668 15725]
[15726 15833]
[15834 15912]
[15913 15988]
[15989 16038]
[16039 16143]
[16144 16208]
[16209 16278]
[16279 16393]
[16394 16479]
[16480 16788]
[16789 16895]
[16896 17001]
[17002 17114]
[17115 17228]
[17229 17317]
[17318 17404]
[17405 17484]
[17485 17588]
[17589 17853]
[17854 17953]
[17954 18051]
[18052 18155]
[18156 18263]
[18264 18359]
[18360 18501]
[18502 18606]
[18607 18686]
[18687 18783]
[18784 18874]
[18875 18975]
[18976 19065]
[19066 19360]
[19361 19473]
[19474 19561]
[19562 19645]
[19646 19711]
[19712 19816]
[19817 20277]
[20278 20397]
[20398 20465]
[20466 20551]
[20552 20634]
[20635 20701]
[20702 20816]
[20817 20897]
[20898 20962]
[20963 21066]
[21067 21121]
[21122 21215]
[21216 21478]
[21479 21904]
[21905 22377]
[22378 22449]
