[ 0 27]
[28 77]
[ 78 173]
[174 213]
[214 246]
[247 270]
[271 307]
[308 334]
[335 371]
[372 399]
[400 440]
[441 490]
[491 527]
[528 562]
[563 664]
[665 707]
[ 708 1220]
[1221 1272]
[1273 1291]
[1292 1331]
[1332 1352]
[1353 1383]
[1384 1401]
[1402 1422]
[1423 1440]
[1442 1468]
[1469 1500]
[1501 1532]
[1533 1569]
[1570 1665]
[1666 1970]
[1971 2046]
[2047 2095]
[2096 2148]
[2149 2186]
[2187 2227]
[2228 2264]
[2265 2300]
[2301 2348]
[2349 2386]
[2387 2431]
[2432 2480]
[2481 2529]
[2530 2607]
[2608 2684]
[2685 2758]
[2759 2822]
[2823 3102]
[3103 3195]
[3196 3275]
[3276 3349]
[3350 3539]
[3540 3603]
[3604 3707]
[3708 3885]
[3886 3965]
[3966 4039]
[4040 4100]
[4101 4182]
[4183 4278]
[4279 4545]
[4546 4901]
[4902 5129]
[5130 5169]
[5170 5211]
[5212 5265]
[5266 5315]
[5316 5360]
[5361 5404]
[5405 5437]
[5438 5527]
[5528 5617]
[5618 5670]
[5671 6000]
[6001 6089]
[6090 6159]
[6160 6233]
[6234 6314]
[6315 6392]
[6393 6463]
[6464 6548]
[6549 6615]
[6616 6675]
[6676 6740]
[6741 6828]
[6829 6904]
[6905 6980]
[6981 7056]
[7057 7134]
[7135 7209]
[7210 7232]
[7233 7610]
[7611 7676]
[7677 7730]
[7731 7782]
[7783 7842]
[7843 7904]
[7905 8027]
[8028 8168]
[8169 8226]
[8227 8274]
[8275 8400]
[8401 8449]
[8450 8539]
[8540 8581]
[8582 8880]
[8881 8991]
[8992 9075]
[9076 9080]
[9081 9111]
[9112 9137]
[9138 9160]
[9161 9254]
[9255 9331]
[9332 9408]
[9409 9480]
[9481 9594]
[9595 9689]
[9690 9805]
[9806 9896]
[9897 9940]
[ 9941 10012]
[10013 10021]
[10022 10101]
[10102 10133]
[10134 10256]
[10257 10376]
[10377 11030]
[11031 11237]
[11238 11310]
[11311 11386]
[11387 11461]
[11462 11526]
[11527 11597]
[11598 11684]
[11685 12005]
[12006 12105]
[12106 12179]
[12180 12273]
[12274 13408]
[13409 13499]
[13500 13650]
[13651 13780]
[13781 13921]
[13922 14008]
[14009 14406]
[14407 14586]
[14587 14693]
[14694 15053]
[15054 15148]
[15149 15225]
[15226 15298]
[15299 15387]
[15388 15470]
[15471 15568]
[15569 15709]
[15710 15799]
[15800 15866]
[15867 15943]
[15944 16049]
[16050 16145]
[16146 16254]
[16255 16413]
[16414 16699]
[16700 16852]
[16853 17205]
[17206 17314]
[17315 17442]
[17443 17664]
[17665 17766]
[17767 17922]
[17923 18337]
[18338 18450]
[18451 18555]
[18556 18643]
[18644 18729]
[18730 18898]
[18899 18970]
[18971 19143]
[19144 19223]
[19224 19395]
[19396 19590]
[19591 20044]
[20045 20149]
