[ 0 29]
[30 81]
[ 82 241]
[242 305]
[306 358]
[359 414]
[415 468]
[469 520]
[521 574]
[575 628]
[629 682]
[683 736]
[737 790]
[791 844]
[845 902]
[903 950]
[ 951 1001]
[1002 1054]
[1055 1549]
[1550 1603]
[1604 1622]
[1623 1664]
[1665 1686]
[1687 1718]
[1719 1737]
[1738 1759]
[1760 1778]
[1780 1807]
[1808 1840]
[1841 1874]
[1875 1912]
[1913 2012]
[2013 2261]
[2262 2447]
[2448 2487]
[2488 2612]
[2613 2683]
[2684 2810]
[2811 2879]
[2880 3246]
[3247 3322]
[3323 3396]
[3397 3466]
[3467 3530]
[3531 3599]
[3600 3698]
[3699 3776]
[3777 3863]
[3864 3950]
[3951 4019]
[4020 4326]
[4327 4407]
[4408 4491]
[4492 4572]
[4573 4640]
[4641 4683]
[4684 4749]
[4750 4849]
[4850 5299]
[5300 5349]
[5350 5422]
[5423 5504]
[5505 5670]
[5671 5768]
[5769 5887]
[5888 6244]
[6245 6835]
[6836 6906]
[6907 6975]
[6976 7033]
[7034 7091]
[7092 7167]
[7168 7234]
[7235 7314]
[7315 7395]
[7396 7691]
[7692 7787]
[7788 7882]
[7883 7986]
[7987 8085]
[8086 8214]
[8215 8287]
[8288 8362]
[8363 8437]
[8438 8524]
[8525 8594]
[8595 8678]
[8679 8778]
[8779 8996]
[8997 9071]
[9072 9155]
[9156 9238]
[9239 9334]
[9335 9432]
[9433 9528]
[9529 9619]
[9620 9724]
[9725 9834]
[9835 9938]
[ 9939 10033]
[10034 10147]
[10148 10241]
[10242 10531]
[10532 10597]
[10598 10678]
[10679 10755]
[10756 10842]
[10843 10914]
[10915 10976]
[10977 11037]
[11038 11095]
[11096 11192]
[11193 11287]
[11288 11390]
[11391 11509]
[11510 11792]
[11793 11834]
[11835 11894]
[11895 12026]
[12027 12082]
[12083 12145]
[12146 12211]
[12212 12286]
[12287 12346]
[12347 12397]
[12398 12448]
[12449 12518]
[12519 12594]
[12595 12667]
[12668 12752]
[12753 12820]
[12821 12890]
[12891 12963]
[12964 13037]
[13038 13083]
[13084 13158]
[13159 13284]
[13285 13412]
[13413 13537]
[13538 14457]
[14458 14509]
[14510 14551]
[14552 14610]
[14611 14655]
[14656 14776]
[14777 14908]
[14909 15592]
[15593 15639]
[15640 15683]
[15684 15778]
[15779 15873]
[15874 15989]
[15990 16075]
[16076 16486]
[16487 16552]
[16553 16611]
[16612 16691]
[16692 16756]
[16757 16809]
[16810 16873]
[16874 16948]
[16949 17129]
[17130 17193]
[17194 17244]
[17245 17309]
[17310 17394]
[17395 17509]
[17510 17618]
[17619 17687]
[17688 17741]
[17742 17806]
[17807 17877]
[17878 17924]
[17925 17982]
[17983 18033]
[18034 18079]
[18080 18148]
[18149 18830]
[18831 18945]
[18946 19022]
[19023 19129]
[19130 19297]
[19298 19424]
[19425 19503]
[19504 19592]
[19593 19710]
[19711 20022]
[20023 20126]
[20127 20349]
[20350 20394]
[20395 20457]
[20458 20509]
[20510 20555]
[20556 20601]
[20602 20646]
[20647 20710]
[20711 20776]
[20777 20853]
[20854 20915]
[20916 20975]
[20976 21026]
[21027 21116]
[21117 21897]
[21898 22452]
[22453 22549]
