[ 0 27]
[28 77]
[ 78 173]
[174 214]
[215 272]
[273 351]
[352 372]
[373 409]
[410 483]
[484 562]
[563 570]
[571 631]
[632 705]
[706 843]
[844 910]
[ 911 1381]
[1382 1477]
[1478 1528]
[1529 1547]
[1548 1587]
[1588 1608]
[1609 1639]
[1640 1657]
[1658 1678]
[1679 1696]
[1697 1724]
[1725 1756]
[1757 1847]
[1848 2247]
[2248 2317]
[2318 2380]
[2381 2469]
[2470 2515]
[2516 2573]
[2574 2646]
[2647 2718]
[2719 2774]
[2775 2840]
[2841 3045]
[3046 3079]
[3080 3157]
[3158 3186]
[3187 3227]
[3228 3263]
[3264 3696]
[3697 4216]
[4217 4281]
[4282 4399]
[4400 4486]
[4487 4531]
[4532 4565]
[4566 4617]
[4618 4658]
[4659 4726]
[4727 5000]
[5001 5071]
[5072 5120]
[5121 5180]
[5181 5253]
[5254 5317]
[5318 5381]
[5382 5451]
[5452 5511]
[5512 5571]
[5572 5632]
[5633 5701]
[5702 5772]
[5773 5851]
[5852 5927]
[5928 6007]
[6008 6078]
[6079 6330]
[6331 6552]
[6553 6741]
[6742 6823]
[6824 6897]
[6898 6964]
[6965 7059]
[7060 7125]
[7126 7699]
[7700 7749]
[7750 7778]
[7779 7860]
[7861 7894]
[7895 7999]
[8000 8076]
[8077 8172]
[8173 8280]
[8281 8526]
[8527 8625]
[8626 8731]
[8732 8776]
[8777 8850]
[8851 8944]
[8945 9059]
[9060 9148]
[9149 9293]
[9294 9389]
[9390 9689]
[9690 9763]
[9764 9841]
[9842 9922]
[9923 9997]
[ 9998 10069]
[10070 10095]
[10096 10152]
[10153 10233]
[10234 10299]
[10300 10368]
[10369 10389]
[10390 10458]
[10459 10530]
[10531 10609]
[10610 10687]
[10688 10760]
[10761 10840]
[10841 10860]
[10861 10929]
[10930 10950]
[10951 11328]
[11329 11458]
[11459 11561]
[11562 11651]
[11652 11710]
[11711 11745]
[11746 11946]
[11947 12022]
[12023 12209]
[12210 12563]
[12564 13184]
[13185 13228]
[13229 13300]
[13301 13308]
[13309 13388]
[13389 13420]
[13421 13543]
[13544 13663]
[13664 14414]
[14415 14567]
[14568 14816]
[14817 14919]
[14920 14948]
[14949 14980]
[14981 15026]
[15027 15147]
[15148 15322]
[15323 15375]
[15376 15530]
[15531 15801]
[15802 15868]
[15869 15951]
[15952 15983]
[15984 16014]
[16015 16044]
[16045 16100]
[16101 16126]
[16127 16144]
[16145 16168]
[16169 16188]
[16189 16236]
[16237 16262]
[16263 16318]
[16319 16330]
[16331 16435]
[16436 16467]
[16468 16483]
[16484 16602]
[16603 16678]
[16679 16717]
[16718 18654]
[18655 18718]
[18719 18867]
[18868 18944]
[18945 19093]
[19094 19215]
[19216 19331]
[19332 19557]
[19558 20219]
[20220 20672]
[20673 20749]
