[ 0 27]
[28 77]
[ 78 173]
[174 195]
[196 231]
[232 292]
[293 343]
[344 397]
[398 448]
[449 550]
[551 602]
[603 654]
[655 705]
[706 757]
[758 809]
[810 865]
[866 911]
[912 960]
[ 961 1010]
[1011 1434]
[1435 1461]
[1462 1513]
[1514 1531]
[1532 1572]
[1573 1593]
[1594 1623]
[1624 1663]
[1664 1681]
[1683 1709]
[1710 1740]
[1741 1773]
[1774 1809]
[1810 1905]
[1906 2528]
[2529 2660]
[2661 2714]
[2715 2792]
[2793 2817]
[2818 2850]
[2851 2880]
[2881 2903]
[2904 2930]
[2931 2996]
[2997 3017]
[3018 3050]
[3051 3090]
[3091 3110]
[3111 3302]
[3303 3336]
[3337 3410]
[3411 3492]
[3493 3562]
[3563 3677]
[3678 3804]
[3805 3903]
[3904 3983]
[3984 4036]
[4037 4404]
[4405 4607]
[4608 4767]
[4768 4946]
[4947 5094]
[5095 5145]
[5146 5241]
[5242 5619]
[5620 5727]
[5728 5837]
[5838 5950]
[5951 6018]
[6019 6141]
[6142 6240]
[6241 6452]
[6453 6596]
[6597 6682]
[6683 7119]
[7120 7312]
[7313 7371]
[7372 7427]
[7428 7488]
[7489 7548]
[7549 7652]
[7653 7725]
[7726 7782]
[7783 7838]
[7839 7908]
[7909 8012]
[8013 8102]
[8103 8191]
[8192 8280]
[8281 8351]
[8352 8385]
[8386 8481]
[8482 8904]
[8905 8960]
[8961 9084]
[9085 9112]
[9113 9120]
[9121 9187]
[9188 9211]
[9212 9335]
[9336 9385]
[9386 9387]
[9388 9511]
[9512 9561]
[9562 9604]
[9605 9635]
[9636 9928]
[9929 9974]
[ 9975 10046]
[10047 10114]
[10115 10182]
[10183 10254]
[10255 10323]
[10324 10393]
[10394 10466]
[10467 10531]
[10532 10604]
[10605 10675]
[10676 10739]
[10740 10817]
[10818 10881]
[10882 11134]
[11135 11190]
[11191 11256]
[11257 11320]
[11321 11388]
[11389 11455]
[11456 11506]
[11507 11536]
[11537 11607]
[11608 11677]
[11678 11760]
[11761 11829]
[11830 11874]
[11875 11945]
[11946 12034]
[12035 12066]
[12067 12109]
[12110 12189]
[12190 12309]
[12310 12815]
[12816 12888]
[12889 12967]
[12968 13023]
[13024 13081]
[13082 13127]
[13128 13195]
[13196 13259]
[13260 13363]
[13364 13462]
[13463 13586]
[13587 13666]
[13667 13764]
[13765 13853]
[13854 13960]
[13961 14052]
[14053 14151]
[14152 15082]
[15083 15203]
[15204 15365]
[15366 15477]
[15478 15558]
[15559 15640]
[15641 15714]
[15715 15773]
[15774 15879]
[15880 16323]
[16324 16365]
[16366 16526]
[16527 16600]
[16601 16723]
[16724 16781]
[16782 16938]
[16939 17114]
[17115 17619]
[17620 18151]
[18152 18249]
