[ 0 29]
[30 81]
[ 82 235]
[236 287]
[288 395]
[396 447]
[448 505]
[506 564]
[565 613]
[614 667]
[668 723]
[724 773]
[774 829]
[830 884]
[885 934]
[935 985]
[ 986 1491]
[1492 1545]
[1546 1564]
[1565 1606]
[1607 1628]
[1629 1660]
[1661 1679]
[1680 1701]
[1702 1721]
[1722 1749]
[1750 1782]
[1783 1816]
[1817 1854]
[1855 1954]
[1955 2475]
[2476 2513]
[2514 2569]
[2570 2630]
[2631 2688]
[2689 2738]
[2739 2788]
[2789 2834]
[2835 2881]
[2882 2933]
[2934 2972]
[2973 3038]
[3039 3115]
[3117 3196]
[3197 3257]
[3258 3311]
[3312 3368]
[3369 3425]
[3426 3548]
[3549 3654]
[3655 3710]
[3711 3773]
[3774 3900]
[3901 3946]
[3947 4000]
[4001 4057]
[4058 4100]
[4101 4147]
[4148 4188]
[4189 4229]
[4230 4307]
[4308 4360]
[4361 4429]
[4430 4491]
[4492 4542]
[4543 4604]
[4606 4649]
[4650 4694]
[4695 4741]
[4742 4830]
[4831 5077]
[5078 5142]
[5143 5213]
[5214 5296]
[5297 5387]
[5388 6131]
[6132 6225]
[6226 6317]
[6318 6368]
[6369 6441]
[6442 6550]
[6551 6877]
[6878 6964]
[6965 7649]
[7650 7774]
[7775 7899]
[7900 8277]
[8278 8320]
[8321 8360]
[8361 8415]
[8416 8476]
[8477 8663]
[8664 8846]
[8847 8991]
[8992 9071]
[9072 9132]
[9133 9207]
[9208 9267]
[9268 9429]
[9430 9472]
[9473 9531]
[9532 9631]
[ 9632 10155]
[10156 10207]
[10208 10383]
[10384 10453]
[10454 10530]
[10531 10654]
[10655 10761]
[10762 10870]
[10871 11056]
[11057 11384]
[11385 11509]
[11510 11634]
[11635 11759]
[11760 11884]
[11885 12009]
[12010 12134]
[12135 12214]
[12215 12288]
[12289 12344]
[12345 12402]
[12403 12637]
[12638 12726]
[12727 12797]
[12798 12851]
[12852 12914]
[12915 13176]
[13177 13242]
[13243 13322]
[13323 13423]
[13424 13537]
[13538 13608]
[13609 13653]
[13654 13699]
[13700 13774]
[13775 13867]
[13868 13900]
[13901 14028]
[14029 14153]
[14154 14780]
[14781 14855]
[14856 14929]
[14930 15065]
[15066 15186]
[15187 15265]
[15266 15372]
[15373 15449]
[15450 15513]
[15514 15599]
[15600 15710]
[15711 15841]
[15842 15924]
[15925 16666]
[16667 16758]
[16759 16821]
[16822 16913]
[16914 16974]
[16975 17040]
[17041 17115]
[17116 17185]
[17186 17265]
[17266 18037]
[18038 18109]
[18110 18170]
[18171 18235]
[18236 18316]
[18317 18378]
[18379 18448]
[18449 18537]
[18538 18617]
[18618 18706]
[18707 18786]
[18787 19000]
[19001 19292]
[19293 19456]
[19457 19535]
[19536 19580]
[19581 19650]
[19651 19695]
[19696 19774]
[19775 19873]
[19874 19956]
[19957 20034]
[20035 20110]
[20111 20966]
[20967 21034]
[21035 21090]
[21091 21154]
[21155 21217]
[21218 21273]
[21274 21342]
[21343 21397]
[21398 21448]
[21449 21489]
[21490 21540]
[21541 21725]
[21726 21926]
[21927 22451]
[22452 22924]
[22925 22999]
