[ 0 27]
[28 77]
[ 78 173]
[174 210]
[211 289]
[290 325]
[326 361]
[362 442]
[443 494]
[495 516]
[517 542]
[543 586]
[587 722]
[723 797]
[798 865]
[866 896]
[ 897 1308]
[1309 1404]
[1405 1455]
[1456 1474]
[1475 1514]
[1515 1535]
[1536 1566]
[1567 1584]
[1585 1605]
[1606 1623]
[1625 1651]
[1652 1683]
[1684 1715]
[1716 1774]
[1775 2236]
[2237 2282]
[2283 2356]
[2357 2412]
[2413 2484]
[2485 2542]
[2543 2598]
[2599 2646]
[2647 2694]
[2695 2730]
[2731 2886]
[2887 2963]
[2964 3047]
[3048 3083]
[3084 3163]
[3164 3226]
[3227 3287]
[3288 3366]
[3367 3478]
[3479 3779]
[3780 3854]
[3855 3913]
[3914 3962]
[3963 4025]
[4026 4090]
[4091 4132]
[4133 4187]
[4188 4312]
[4313 4386]
[4387 4446]
[4447 4499]
[4500 4568]
[4569 4628]
[4629 4703]
[4704 4776]
[4777 4849]
[4850 4920]
[4921 4995]
[4996 5116]
[5117 5163]
[5164 5365]
[5366 5421]
[5422 5527]
[5528 5726]
[5727 5777]
[5778 5838]
[5839 5887]
[5888 5948]
[5949 5992]
[5993 6107]
[6108 6174]
[6175 6305]
[6306 6448]
[6449 6483]
[6484 6579]
[6580 6784]
[6785 7192]
[7193 7229]
[7230 7611]
[7612 7925]
[7926 8021]
[8022 8102]
[8103 8149]
[8150 8206]
[8207 8252]
[8253 8332]
[8333 8392]
[8393 8467]
[8468 8546]
[8547 8622]
[8623 8743]
[8744 8811]
[8812 8877]
[8878 8935]
[8936 9004]
[9005 9059]
[9060 9221]
[9222 9276]
[9277 9586]
[9587 9762]
[ 9763 10099]
[10100 10351]
[10352 10413]
[10414 10518]
[10519 10617]
[10618 10714]
[10715 10811]
[10812 10907]
[10908 11003]
[11004 11101]
[11102 11198]
[11199 11300]
[11301 11403]
[11404 11495]
[11496 11598]
[11599 11698]
[11699 11796]
[11797 11893]
[11894 11994]
[11995 12063]
[12064 12108]
[12109 12179]
[12180 12268]
[12269 12300]
[12301 12343]
[12344 12423]
[12424 12543]
[12544 13022]
[13023 13274]
[13275 13349]
[13350 13417]
[13418 13508]
[13509 13574]
[13575 13637]
[13638 14491]
[14492 15391]
[15392 15582]
[15583 15748]
[15749 15815]
[15816 15855]
[15856 15960]
[15961 17126]
[17127 17187]
[17188 17261]
[17262 17312]
[17313 17377]
[17378 17588]
[17589 17685]
[17686 17783]
[17784 17982]
[17983 18131]
[18132 18707]
[18708 19159]
[19160 19249]
