[ 0 29]
[30 81]
[ 82 181]
[182 236]
[237 297]
[298 646]
[647 814]
[815 865]
[866 921]
[ 922 1429]
[1430 1464]
[1465 1564]
[1565 1618]
[1619 1637]
[1638 1679]
[1680 1701]
[1702 1733]
[1734 1752]
[1753 1774]
[1775 1793]
[1795 1822]
[1823 1855]
[1856 1950]
[1951 2488]
[2489 2552]
[2553 2617]
[2618 2710]
[2711 2797]
[2798 2864]
[2865 2980]
[2981 3078]
[3079 3248]
[3249 3350]
[3351 3490]
[3491 3543]
[3544 3577]
[3578 4066]
[4067 4097]
[4098 4184]
[4185 4284]
[4285 4382]
[4383 4583]
[4584 4671]
[4672 4744]
[4745 4839]
[4840 4947]
[4948 5038]
[5039 5628]
[5629 5703]
[5704 5777]
[5778 5855]
[5856 5927]
[5928 5994]
[5995 6041]
[6042 6103]
[6104 6153]
[6154 6204]
[6205 6258]
[6259 6308]
[6309 6350]
[6351 7113]
[7114 7141]
[7142 7169]
[7170 7209]
[7210 7250]
[7251 7290]
[7291 7326]
[7327 7362]
[7363 7462]
[7463 7780]
[7781 7976]
[7977 8327]
[8328 8874]
[8875 8928]
[8929 9310]
[9311 9523]
[9524 9658]
[9659 9914]
[ 9915 10160]
[10161 10264]
[10265 10363]
[10364 10580]
[10581 11506]
[11507 11701]
[11702 11769]
[11770 11867]
[11868 11962]
[11963 12066]
[12067 12332]
[12333 12493]
[12494 12520]
[12521 12566]
[12567 12641]
[12642 12733]
[12734 12767]
[12768 12895]
[12896 12995]
[12996 13550]
[13551 13601]
[13602 13657]
[13658 13710]
[13711 13856]
[13857 13910]
[13911 13975]
[13976 14040]
[14041 14653]
[14654 15222]
[15223 15271]
[15272 15312]
[15313 15355]
[15356 15402]
[15403 15448]
[15449 15490]
[15491 15533]
[15534 15574]
[15575 15606]
[15607 15635]
[15636 15747]
[15748 15861]
[15862 16271]
[16272 16560]
[16561 16657]
[16658 16736]
[16737 16803]
[16804 16898]
[16899 17002]
[17003 17274]
[17275 17398]
[17399 17561]
[17562 17752]
[17753 17848]
[17849 17940]
[17941 18017]
[18018 18089]
[18090 18174]
[18175 18309]
[18310 19042]
[19043 19514]
[19515 19599]
