[ 0 29]
[30 81]
[ 82 181]
[182 223]
[224 264]
[265 309]
[310 375]
[376 419]
[420 484]
[485 554]
[555 593]
[594 620]
[621 651]
[652 689]
[690 719]
[720 758]
[759 824]
[ 825 1088]
[1089 1289]
[1290 1375]
[1376 1429]
[1430 1448]
[1449 1490]
[1491 1512]
[1513 1544]
[1545 1563]
[1564 1585]
[1586 1604]
[1606 1633]
[1634 1666]
[1667 1700]
[1701 1738]
[1739 2107]
[2108 2266]
[2267 2385]
[2386 2436]
[2437 2526]
[2527 2595]
[2596 2696]
[2697 2788]
[2789 2869]
[2870 2918]
[2919 3050]
[3051 3449]
[3450 3549]
[3550 3628]
[3629 3687]
[3688 3777]
[3778 3836]
[3837 3901]
[3902 3952]
[3953 4067]
[4068 4104]
[4105 4208]
[4209 4304]
[4305 4376]
[4377 4433]
[4434 4478]
[4479 5035]
[5036 5106]
[5107 5162]
[5163 5228]
[5229 5755]
[5756 5797]
[5798 6280]
[6281 6309]
[6310 6392]
[6393 6444]
[6445 6500]
[6501 6574]
[6575 6661]
[6662 6828]
[6829 6908]
[6909 6994]
[6995 7037]
[7038 7106]
[7107 7168]
[7169 7212]
[7213 7466]
[7467 7714]
[7715 7886]
[7887 7989]
[7990 8101]
[8102 8855]
[8856 8980]
[8981 9105]
[9106 9230]
[9231 9355]
[9356 9480]
[9481 9605]
[9606 9685]
[9686 9771]
[ 9772 10139]
[10140 10189]
[10190 10240]
[10241 10295]
[10296 10350]
[10351 10409]
[10410 10471]
[10472 10531]
[10532 10591]
[10592 10651]
[10652 10713]
[10714 10756]
[10757 10870]
[10871 10995]
[10996 11119]
[11120 11194]
[11195 11855]
[11856 11925]
[11926 12001]
[12002 12044]
[12045 12073]
[12074 12109]
[12110 12162]
[12163 12211]
[12212 12266]
[12267 12315]
[12317 12344]
[12345 12407]
[12408 12453]
[12454 12527]
[12528 12575]
[12576 13169]
[13170 13239]
[13240 13316]
[13317 13396]
[13397 13471]
[13472 13548]
[13549 13629]
[13630 13697]
[13698 13826]
[13827 14109]
[14110 14128]
[14129 14170]
[14171 14192]
[14193 14224]
[14225 14243]
[14244 14265]
[14266 14285]
[14286 14313]
[14314 14346]
[14347 14380]
[14381 14418]
[14419 14504]
[14505 14918]
[14919 14998]
[14999 15087]
[15088 15178]
[15179 15278]
[15279 15361]
[15362 15436]
[15437 15515]
[15516 15600]
[15601 15690]
[15691 15752]
[15753 15818]
[15819 15901]
[15902 15976]
[15977 16071]
[16072 16196]
[16197 16258]
[16259 16318]
[16319 16496]
[16497 16895]
[16896 16970]
[16971 17102]
[17103 17256]
[17257 17834]
[17835 18118]
[18119 18292]
[18293 18823]
[18824 20174]
[20175 21009]
[21010 22048]
[22049 22101]
[22102 22175]
[22176 22243]
[22244 22325]
[22326 22385]
[22386 22446]
[22447 22502]
[22503 22766]
[22767 23151]
[23152 23624]
[23625 23699]
