[ 0 29]
[30 81]
[ 82 233]
[234 323]
[324 365]
[366 414]
[415 445]
[446 523]
[524 629]
[630 694]
[695 729]
[730 777]
[778 821]
[822 853]
[854 896]
[897 919]
[ 920 1348]
[1349 1448]
[1449 1502]
[1503 1521]
[1522 1563]
[1564 1585]
[1586 1617]
[1618 1636]
[1637 1658]
[1659 1677]
[1679 1706]
[1707 1739]
[1740 1773]
[1774 1834]
[1835 2073]
[2074 2177]
[2178 2234]
[2235 2349]
[2350 2477]
[2478 2584]
[2585 2706]
[2707 2799]
[2800 2885]
[2886 3004]
[3005 3233]
[3234 3345]
[3346 3445]
[3446 3923]
[3924 3965]
[3966 4035]
[4036 4109]
[4110 4183]
[4184 4217]
[4218 4294]
[4295 4372]
[4373 4424]
[4425 4810]
[4811 4878]
[4879 4944]
[4945 5011]
[5012 5058]
[5059 5113]
[5114 5176]
[5177 5224]
[5225 5307]
[5308 5373]
[5374 5437]
[5438 5492]
[5493 5605]
[5606 5679]
[5680 5744]
[5745 5810]
[5811 5882]
[5883 5943]
[5944 6000]
[6001 6426]
[6427 6488]
[6489 6542]
[6543 6579]
[6580 6624]
[6625 6670]
[6671 6735]
[6736 7086]
[7087 7186]
[7187 7271]
[7272 7372]
[7373 7467]
[7468 7521]
[7522 7575]
[7576 7661]
[7662 7761]
[7762 8044]
[8045 8113]
[8114 8188]
[8189 8253]
[8254 8323]
[8324 8380]
[8381 8458]
[8459 8550]
[8551 8628]
[8629 8675]
[8676 8744]
[8745 8808]
[8810 8888]
[8889 8992]
[8993 9082]
[9083 9162]
[9163 9219]
[9220 9692]
[9693 9757]
[9758 9827]
[9828 9891]
[9892 9958]
[ 9959 10018]
[10019 10086]
[10087 10144]
[10145 10206]
[10207 10266]
[10267 10330]
[10331 10392]
[10393 10457]
[10458 10520]
[10521 10581]
[10582 10647]
[10648 10712]
[10713 10746]
[10747 11130]
[11131 11376]
[11377 11573]
[11574 11689]
[11690 11904]
[11905 12017]
[12018 12137]
[12138 12336]
[12337 12514]
[12515 12631]
[12632 12793]
[12794 12887]
[12888 12953]
[12954 13089]
[13090 13325]
[13326 13417]
[13418 13556]
[13557 13582]
[13583 13628]
[13629 13703]
[13704 13795]
[13796 13829]
[13830 13873]
[13874 13957]
[13958 14082]
[14083 14655]
[14656 14765]
[14766 15024]
[15025 15084]
[15085 15128]
[15129 15160]
[15161 15203]
[15204 15239]
[15240 15313]
[15314 15803]
[15804 16409]
[16410 16462]
[16463 16552]
[16553 16649]
[16650 16722]
[16723 16784]
[16785 16836]
[16837 16880]
[16881 16924]
[16925 16981]
[16982 17705]
[17706 17987]
[17988 18049]
[18050 18130]
[18131 18210]
[18211 18277]
[18278 18385]
[18386 18493]
[18494 18570]
[18571 18623]
[18624 18684]
[18685 18735]
[18736 18800]
[18801 18864]
[18865 18943]
[18944 19005]
[19006 19187]
[19188 19237]
[19238 19796]
[19797 20268]
[20269 20349]
