[ 0 29]
[30 81]
[ 82 181]
[182 231]
[232 276]
[277 449]
[450 534]
[535 598]
[599 662]
[663 726]
[727 775]
[ 776 1248]
[1249 1348]
[1349 1402]
[1403 1421]
[1422 1463]
[1464 1485]
[1486 1517]
[1518 1536]
[1537 1558]
[1559 1577]
[1579 1606]
[1607 1639]
[1640 1673]
[1674 1734]
[1735 2019]
[2020 2140]
[2141 2258]
[2259 2347]
[2348 2432]
[2433 2544]
[2545 2652]
[2653 2751]
[2752 2861]
[2862 3000]
[3001 3108]
[3109 3209]
[3210 3367]
[3368 3511]
[3512 3582]
[3583 3702]
[3703 3799]
[3800 3891]
[3892 3975]
[3976 4051]
[4052 4124]
[4125 4249]
[4250 4328]
[4329 4383]
[4384 4451]
[4452 4539]
[4540 4610]
[4611 4730]
[4731 4827]
[4828 4919]
[4920 4975]
[4976 5075]
[5076 5404]
[5405 5569]
[5570 5699]
[5700 5784]
[5785 5882]
[5883 5945]
[5946 6064]
[6065 6248]
[6249 6308]
[6309 6394]
[6395 6472]
[6473 6808]
[6809 7110]
[7111 7907]
[7908 8033]
[8034 8195]
[8196 8430]
[8431 8493]
[8494 8546]
[8547 8595]
[8596 8657]
[8658 8715]
[8716 8783]
[8784 8834]
[8835 8892]
[8893 8961]
[8962 9019]
[9020 9087]
[9088 9146]
[9147 9203]
[9204 9269]
[9270 9315]
[9316 9372]
[9373 9425]
[9426 9496]
[9497 9650]
[9651 9720]
[9721 9811]
[ 9812 10212]
[10213 10477]
[10478 10674]
[10675 10744]
[10745 10887]
[10888 11006]
[11007 11116]
[11117 11232]
[11233 11297]
[11298 11420]
[11421 11597]
[11598 11902]
[11903 12011]
[12012 12090]
[12091 12192]
[12193 12299]
[12300 12405]
[12406 12521]
[12522 12634]
[12635 12764]
[12765 12877]
[12878 13000]
[13001 13122]
[13123 13213]
[13214 13259]
[13260 13334]
[13335 13426]
[13427 13460]
[13461 13588]
[13589 13713]
[13714 14339]
[14340 14411]
[14412 14471]
[14472 14528]
[14529 14587]
[14588 14671]
[14672 14744]
[14745 14808]
[14809 14880]
[14881 15994]
[15995 16068]
[16069 16142]
[16143 16215]
[16216 16284]
[16285 16369]
[16370 16455]
[16456 16530]
[16531 16609]
[16610 17374]
[17375 17448]
[17449 17511]
[17512 17580]
[17581 17678]
[17679 17783]
[17784 17901]
[17902 19110]
[19111 19184]
[19185 19251]
[19252 19316]
[19317 19371]
[19372 19895]
[19896 19975]
[19976 20051]
[20052 20130]
[20131 20229]
[20230 21122]
[21123 21226]
[21227 21305]
[21306 21418]
[21419 21514]
[21515 21610]
[21611 21770]
[21771 21853]
[21854 22449]
[22450 22899]
