[ 0 29]
[30 81]
[ 82 181]
[182 233]
[234 255]
[256 309]
[310 357]
[358 384]
[385 428]
[429 465]
[466 550]
[551 649]
[650 695]
[696 743]
[744 784]
[ 785 1239]
[1240 1325]
[1326 1379]
[1380 1398]
[1399 1440]
[1441 1462]
[1463 1494]
[1495 1513]
[1514 1535]
[1536 1555]
[1556 1583]
[1584 1616]
[1617 1650]
[1651 1688]
[1689 2075]
[2076 2137]
[2138 2262]
[2263 2335]
[2336 2427]
[2428 2493]
[2494 2577]
[2578 2610]
[2611 2650]
[2651 2679]
[2680 2740]
[2741 2809]
[2810 2819]
[2820 3107]
[3108 3236]
[3237 3345]
[3346 3441]
[3442 3509]
[3510 3611]
[3612 3710]
[3711 3792]
[3793 3860]
[3861 4162]
[4163 4278]
[4279 4351]
[4352 4426]
[4427 4516]
[4517 4587]
[4588 4667]
[4668 4714]
[4715 4777]
[4778 4863]
[4864 4886]
[4887 4972]
[4973 5274]
[5275 5348]
[5349 5452]
[5453 5541]
[5542 5596]
[5597 5650]
[5651 5720]
[5721 5790]
[5791 5875]
[5876 5964]
[5965 6051]
[6052 6126]
[6127 6195]
[6196 6266]
[6267 6331]
[6332 6463]
[6464 6521]
[6523 6572]
[6573 6655]
[6656 6713]
[6714 6765]
[6767 6827]
[6828 6913]
[6914 7035]
[7036 7400]
[7401 7466]
[7467 7556]
[7557 7751]
[7752 7982]
[7983 8154]
[8155 8259]
[8260 8345]
[8346 8733]
[8734 9015]
[9016 9346]
[9347 9426]
[9427 9491]
[9492 9529]
[9530 9585]
[9586 9637]
[9638 9670]
[9671 9711]
[ 9712 10023]
[10024 10180]
[10181 10328]
[10329 10490]
[10491 10602]
[10603 10752]
[10753 10856]
[10857 11015]
[11016 11107]
[11108 11161]
[11162 11180]
[11181 11222]
[11223 11244]
[11245 11276]
[11277 11295]
[11296 11317]
[11318 11336]
[11338 11365]
[11366 11398]
[11399 11432]
[11433 11470]
[11471 11556]
[11557 12357]
[12358 12422]
[12423 12466]
[12467 12518]
[12519 12568]
[12569 12608]
[12609 12661]
[12662 12705]
[12706 12755]
[12756 12818]
[12819 12888]
[12889 12961]
[12962 13036]
[13037 13090]
[13091 13170]
[13171 13249]
[13250 13479]
[13480 13669]
[13670 13827]
[13828 13917]
[13918 14035]
[14036 14145]
[14146 14270]
[14271 14397]
[14398 14476]
[14477 14571]
[14572 14683]
[14684 14982]
[14983 15098]
[15099 15194]
[15195 15302]
[15303 15577]
[15578 15650]
[15651 15733]
[15734 15850]
[15851 16008]
[16009 16166]
[16167 16344]
[16345 16414]
[16415 16472]
[16473 16543]
[16544 16673]
[16674 16786]
[16787 16901]
[16902 17024]
[17025 17446]
[17447 17530]
[17531 17613]
[17614 17690]
[17691 17827]
[17828 17956]
[17957 18247]
[18248 18367]
[18368 18484]
[18485 18561]
[18562 18663]
[18664 18757]
[18758 18855]
[18856 19004]
[19005 19105]
[19106 19174]
[19175 19257]
[19258 19437]
[19438 19520]
[19521 19626]
[19627 19799]
[19800 20272]
[20273 20349]
