[ 0 20]
[ 21 267]
[268 323]
[324 352]
[353 375]
[376 399]
[400 422]
[423 450]
[451 480]
[481 520]
[521 551]
[552 575]
[576 603]
[604 636]
[637 666]
[667 699]
[700 814]
[815 910]
[ 911 1196]
[1197 1261]
[1262 1331]
[1332 1370]
[1371 1450]
[1451 1514]
[1515 1540]
[1541 1602]
[1603 1628]
[1629 1688]
[1689 1759]
[1760 1820]
[1821 1873]
[1874 1914]
[1915 1938]
[1939 2020]
[2021 2084]
[2085 2115]
[2116 2156]
[2157 2179]
[2180 2238]
[2239 2289]
[2290 2327]
[2328 2371]
[2372 2794]
[2795 2870]
[2871 2907]
[2908 2968]
[2969 3007]
[3008 3086]
[3087 3165]
[3166 3248]
[3249 3296]
[3297 3326]
[3327 3359]
[3360 3400]
[3401 3452]
[3453 3528]
[3529 3576]
[3577 3629]
[3630 3682]
[3683 3744]
[3745 3808]
[3809 3840]
[3841 3867]
[3868 3934]
[3935 3999]
[4000 4059]
[4060 4109]
[4110 4161]
[4162 4536]
[4537 4685]
[4686 4755]
[4756 4842]
[4843 5030]
[5031 5146]
[5147 5271]
[5272 5396]
[5397 5522]
[5523 5634]
[5635 5691]
[5692 5774]
[5775 5847]
[5848 5917]
[5918 5994]
[5995 6056]
[6057 6124]
[6125 6193]
[6194 6265]
[6266 6338]
[6339 6389]
[6390 6466]
[6467 6531]
[6532 6598]
[6599 6637]
[6638 6671]
[6672 6733]
[6734 6773]
[6774 6911]
[6912 7271]
[7272 7349]
[7350 7386]
[7387 7428]
[7429 7461]
[7462 7526]
[7527 7582]
[7583 7623]
[7624 7657]
[7658 7712]
[7713 7766]
[7767 7821]
[7823 7866]
[7867 7905]
[7906 8005]
[8006 8096]
[8097 8133]
[8134 8185]
[8186 8198]
[8199 8294]
[8295 8330]
[8331 8378]
[8379 8504]
[8505 8527]
[8528 8578]
[8579 8629]
[8630 8732]
[8733 8788]
[8789 8839]
[8840 8885]
[8886 8941]
[8942 8977]
[8978 9022]
[9023 9061]
[9062 9096]
[9097 9121]
[9122 9174]
[9175 9221]
[9222 9266]
[9267 9383]
[9384 9650]
[9651 9733]
[9734 9810]
[9811 9893]
[9894 9959]
[ 9960 10038]
[10039 10109]
[10110 10180]
[10181 10268]
[10269 10335]
[10336 10487]
[10488 10587]
[10588 10840]
[10841 10920]
[10921 11022]
[11023 11119]
[11120 11397]
[11398 11473]
[11474 11539]
[11540 11665]
[11666 11993]
[11994 12844]
[12845 13185]
[13186 13284]
[13285 13326]
[13327 13374]
[13375 13492]
[13493 13557]
[13558 13781]
[13782 13895]
[13896 13974]
[13975 14058]
[14059 14153]
[14154 14361]
[14362 14445]
[14446 14527]
[14528 14572]
[14573 14640]
[14641 14709]
[14710 14788]
[14789 14856]
[14857 14913]
[14914 14952]
[14953 14998]
[14999 15053]
[15055 15107]
[15108 15176]
[15177 15206]
[15207 15233]
[15234 15260]
[15261 15287]
[15288 15314]
[15315 15343]
[15344 15407]
[15408 15465]
[15466 15544]
[15545 15957]
[15958 16048]
[16049 16130]
[16131 16253]
[16254 16264]
[16265 16303]
[16304 16340]
[16341 16374]
[16375 16423]
[16424 16463]
[16464 16502]
[16503 16552]
[16553 16611]
[16612 16669]
[16670 16794]
[16795 16850]
[16851 16909]
[16910 16965]
[16966 17042]
[17043 17100]
[17101 17158]
[17159 17508]
[17509 17635]
[17636 17741]
[17742 17760]
[17761 17885]
[17886 17960]
[17961 18088]
[18089 18152]
[18153 18210]
[18211 18314]
[18315 18333]
[18334 18387]
[18388 18473]
[18474 18495]
[18496 18749]
[18751 18860]
[18861 18911]
[18912 18985]
[18986 19028]
[19029 19074]
[19075 19104]
[19105 19168]
[19169 19244]
[19245 19283]
[19284 19341]
[19342 19433]
[19434 19484]
[19485 19545]
[19546 19588]
[19589 19639]
[19640 20090]
[20091 20196]
[20197 20249]
[20250 20288]
[20289 20352]
[20353 20454]
[20455 20499]
[20500 20567]
[20568 20745]
[20746 20796]
[20797 20822]
[20823 20872]
[20873 20894]
[20895 20935]
[20936 20982]
[20983 21041]
[21042 21334]
[21335 21404]
[21405 21664]
[21665 21773]
[21774 21861]
[21862 21911]
[21912 21999]
[22000 22082]
[22083 22132]
[22133 22153]
[22154 22199]
[22200 22240]
[22241 22304]
[22305 22344]
[22345 22386]
[22387 22447]
[22449 22779]
[22780 22904]
[22905 23063]
[23064 23184]
[23185 23328]
[23329 23470]
[23471 23572]
[23573 23641]
[23642 23769]
[23770 23826]
[23827 23890]
[23891 23954]
[23955 24055]
[24056 24152]
[24153 24169]
[24170 24257]
[24258 24316]
[24317 24365]
[24366 24421]
[24422 24529]
[24530 24588]
[24589 24632]
[24633 24681]
[24682 24745]
[24746 24816]
[24817 24839]
[24840 24894]
[24895 24923]
[24924 25064]
[25065 25118]
[25119 25187]
[25188 25253]
[25254 25280]
[25281 25303]
[25304 25320]
[25321 25358]
[25359 25387]
[25388 25405]
[25406 25498]
[25499 25608]
[25609 25666]
[25667 25741]
[25742 25844]
[25845 25915]
[25916 25958]
[25959 26020]
[26021 26053]
[26054 26103]
[26104 26592]
[26593 26649]
