[ 0 42]
[ 43 386]
[387 443]
[444 485]
[486 513]
[514 549]
[550 575]
[576 601]
[602 667]
[668 698]
[699 743]
[744 774]
[775 818]
[819 875]
[ 876 1287]
[1288 1350]
[1351 1401]
[1402 1486]
[1487 1565]
[1566 1625]
[1626 1708]
[1709 2012]
[2013 2174]
[2175 2232]
[2233 2282]
[2283 2593]
[2594 2666]
[2667 2688]
[2689 2742]
[2743 2790]
[2791 2832]
[2833 2864]
[2865 2876]
[2877 2910]
[2911 2959]
[2960 3006]
[3007 3067]
[3068 3100]
[3101 3154]
[3155 3209]
[3210 3215]
[3216 3338]
[3339 3392]
[3393 3462]
[3463 3532]
[3533 3589]
[3590 3646]
[3647 3693]
[3694 3745]
[3746 3786]
[3787 3814]
[3815 3905]
[3906 4060]
[4061 4589]
[4590 4661]
[4662 4734]
[4735 4782]
[4783 4846]
[4847 4903]
[4904 4936]
[4937 4979]
[4980 5018]
[5019 5069]
[5070 5156]
[5157 5193]
[5194 5221]
[5222 5508]
[5509 5605]
[5606 5647]
[5648 5686]
[5687 5729]
[5730 5778]
[5779 5859]
[5860 5908]
[5909 5945]
[5946 5994]
[5995 6073]
[6074 6563]
[6564 6596]
[6597 6619]
[6620 6636]
[6637 6663]
[6664 6729]
[6730 6773]
[6774 6912]
[6913 6975]
[6976 7037]
[7038 7075]
[7076 7136]
[7137 7181]
[7182 7228]
[7229 7275]
[7276 7306]
[7307 7448]
[7449 7469]
[7470 7493]
[7494 7522]
[7523 7548]
[7549 7604]
[7605 7676]
[7677 7774]
[7775 8346]
[8347 8496]
[8497 8546]
[8547 8606]
[8607 8660]
[8661 8817]
[8818 8880]
[8881 8919]
[8920 9050]
[9051 9153]
[9154 9185]
[9186 9261]
[9262 9311]
[9312 9510]
[9511 9588]
[9589 9657]
[9658 9689]
[9690 9727]
[9728 9784]
[9785 9822]
[ 9823 10285]
[10286 10350]
[10351 10421]
[10422 10461]
[10462 10524]
[10525 10595]
[10596 10631]
[10632 10667]
[10668 10729]
[10730 10777]
[10778 10851]
[10852 10931]
[10932 10985]
[10986 11021]
[11022 11061]
[11062 11119]
[11120 11177]
[11178 11297]
[11298 11342]
[11343 11380]
[11381 11839]
[11840 11904]
[11905 11949]
[11950 11962]
[11963 12027]
[12028 12074]
[12075 12107]
[12108 12296]
[12297 12614]
[12615 12834]
[12835 13109]
[13110 13168]
[13169 13207]
[13208 13333]
[13334 13366]
[13367 13508]
[13509 13580]
[13581 13676]
[13677 13789]
[13790 14114]
[14115 14184]
[14185 14298]
[14299 14357]
[14358 14437]
[14438 14553]
[14554 14681]
[14682 14757]
[14758 14847]
[14848 14903]
[14904 14940]
[14941 14971]
[14972 15034]
[15035 15096]
[15097 15134]
[15135 15187]
[15188 15256]
[15257 15319]
[15320 15391]
[15392 15433]
[15434 15497]
[15498 15551]
[15552 15595]
[15596 15661]
[15662 15693]
[15694 15790]
[15791 15846]
[15847 15919]
[15920 15940]
[15941 15978]
[15979 16099]
[16100 16160]
[16161 16229]
[16230 16287]
[16288 16339]
[16340 16541]
[16542 16957]
[16958 17341]
[17342 17436]
[17437 17578]
[17579 17721]
[17722 17819]
[17820 17920]
[17921 18024]
[18025 18154]
[18155 18231]
[18232 18277]
[18278 18598]
[18599 18671]
[18672 18730]
[18731 18794]
[18795 18868]
[18869 19003]
[19004 19044]
[19045 19084]
[19085 19124]
[19125 19190]
[19191 19270]
[19271 19322]
[19323 19393]
[19394 19459]
[19460 19511]
[19512 19580]
[19581 19649]
[19650 19738]
[19739 19817]
[19818 20148]
[20149 20176]
[20177 20270]
[20271 20394]
[20395 20420]
[20421 20556]
[20557 20606]
[20607 20696]
[20697 20752]
[20753 20897]
[20898 21149]
[21150 21269]
[21270 21460]
[21461 21800]
[21802 21854]
[21855 21898]
[21899 22116]
[22117 22240]
[22241 22297]
[22298 22417]
[22418 22505]
[22506 22576]
[22577 22624]
[22625 22920]
[22921 23042]
[23043 23214]
[23215 23387]
[23388 23691]
[23692 23847]
[23848 23938]
[23939 24104]
[24105 24245]
[24246 24278]
[24279 24373]
[24374 24424]
[24425 24499]
[24500 24834]
[24835 24949]
