[ 0 22]
[ 23 280]
[281 337]
[338 373]
[374 403]
[404 431]
[432 464]
[465 496]
[497 528]
[529 557]
[558 588]
[589 621]
[622 652]
[653 684]
[685 713]
[714 752]
[753 787]
[788 825]
[826 917]
[ 918 1460]
[1461 1522]
[1523 1571]
[1572 1614]
[1615 1659]
[1660 1697]
[1698 1742]
[1743 1782]
[1783 1833]
[1834 1961]
[1962 2001]
[2002 2047]
[2048 2085]
[2086 2143]
[2144 2204]
[2205 2303]
[2304 2331]
[2332 2357]
[2358 2406]
[2407 2449]
[2450 2479]
[2480 2548]
[2549 2602]
[2603 2781]
[2782 2823]
[2824 2877]
[2878 3255]
[3256 3444]
[3445 3462]
[3463 3489]
[3490 3613]
[3614 3695]
[3696 3756]
[3757 3829]
[3830 3848]
[3849 3876]
[3877 3938]
[3939 3968]
[3969 4055]
[4056 4118]
[4119 4213]
[4214 4320]
[4321 4410]
[4411 4506]
[4507 4564]
[4565 4680]
[4681 5035]
[5036 5120]
[5121 5207]
[5208 5300]
[5301 5360]
[5361 5433]
[5434 5500]
[5501 5573]
[5574 5650]
[5651 5737]
[5738 5806]
[5807 5885]
[5886 5942]
[5943 6011]
[6012 6336]
[6337 6409]
[6410 6444]
[6445 6499]
[6500 6567]
[6568 6650]
[6651 6795]
[6796 6866]
[6867 6947]
[6948 6990]
[6991 7054]
[7055 7113]
[7114 7167]
[7168 7245]
[7246 7294]
[7295 7447]
[7448 7562]
[7563 7681]
[7682 7890]
[7891 8105]
[8106 8166]
[8167 8190]
[8191 8230]
[8231 8251]
[8252 8299]
[8300 8327]
[8328 8385]
[8386 8439]
[8440 8476]
[8477 8555]
[8556 8629]
[8630 8674]
[8675 8748]
[8749 8807]
[8808 8825]
[8826 8946]
[8947 8975]
[8976 8990]
[8991 9074]
[9075 9097]
[9098 9200]
[9201 9250]
[9251 9294]
[9295 9331]
[9332 9365]
[9366 9420]
[9421 9467]
[9468 9564]
[9565 9596]
[9597 9653]
[9654 9704]
[9705 9751]
[9752 9792]
[9793 9833]
[9834 9890]
[9891 9943]
[9944 9999]
[10000 10094]
[10095 10730]
[10731 10822]
[10823 10908]
[10909 10941]
[10942 11001]
[11002 11075]
[11076 11170]
[11171 11259]
[11260 11353]
[11354 11445]
[11446 11542]
[11543 11650]
[11651 11727]
[11728 11777]
[11778 11844]
[11845 11888]
[11889 11961]
[11962 12028]
[12029 12089]
[12090 12134]
[12135 12173]
[12174 12235]
[12236 12544]
[12545 12606]
[12607 12690]
[12691 12755]
[12756 12840]
[12841 12945]
[12946 13333]
[13334 13608]
[13609 13912]
[13913 14086]
[14087 14141]
[14142 14218]
[14219 14341]
[14342 14411]
[14412 14524]
[14525 14568]
[14569 14668]
[14669 14718]
[14719 14950]
[14951 15019]
[15020 15069]
[15070 15121]
[15122 15168]
[15169 15215]
[15216 15286]
[15287 15337]
[15338 15404]
[15405 15466]
[15467 15543]
[15544 15620]
[15621 15664]
[15665 15859]
[15860 15936]
[15937 16024]
[16025 16115]
[16116 16210]
[16211 16307]
[16308 16385]
[16386 16450]
[16451 16515]
[16516 16618]
[16619 16797]
[16798 16831]
[16832 16866]
[16867 16898]
[16899 16936]
[16937 16977]
[16978 17038]
[17039 17064]
[17065 17102]
[17103 17138]
[17139 17236]
[17237 17529]
[17530 17578]
[17579 17620]
[17621 17686]
[17687 17724]
[17725 17766]
[17767 17824]
[17825 17892]
[17893 17940]
[17941 17947]
[17948 18025]
[18026 18500]
[18501 18539]
[18540 18648]
[18649 18692]
[18693 18839]
[18840 18941]
[18942 19013]
[19014 19112]
[19113 19357]
[19358 19396]
[19397 19425]
[19426 19511]
[19512 19791]
[19792 19858]
[19859 19920]
[19921 20010]
[20011 20094]
[20096 20488]
[20489 20566]
[20567 20621]
[20622 20659]
[20660 20695]
[20696 20807]
[20808 20882]
[20883 20899]
[20900 20952]
[20953 21016]
[21017 21065]
[21066 21148]
[21149 21211]
[21212 21253]
[21254 21318]
[21319 21399]
[21400 21454]
[21455 21548]
[21549 21620]
[21621 21768]
[21770 21822]
[21823 21869]
[21870 21914]
[21915 21987]
[21988 22014]
[22015 22058]
[22059 22092]
[22093 22122]
[22123 22233]
[22234 22283]
[22284 22334]
[22335 22375]
[22376 22431]
[22432 22486]
[22487 22533]
[22534 22574]
[22575 22607]
[22608 22632]
[22633 22981]
[22982 23099]
