[ 0 21]
[ 22 253]
[254 309]
[310 336]
[337 365]
[366 389]
[390 411]
[412 436]
[437 468]
[469 501]
[502 532]
[533 560]
[561 593]
[594 629]
[630 658]
[659 685]
[686 790]
[791 814]
[815 888]
[ 889 1380]
[1381 1464]
[1465 1513]
[1514 1571]
[1572 1626]
[1627 1673]
[1674 1757]
[1758 1845]
[1846 1885]
[1886 2028]
[2029 2199]
[2200 2502]
[2503 2557]
[2558 2631]
[2632 2696]
[2697 2764]
[2765 2925]
[2926 3245]
[3246 3321]
[3322 3381]
[3382 3462]
[3463 3520]
[3521 3561]
[3562 3633]
[3634 3707]
[3708 3792]
[3793 3867]
[3868 3935]
[3936 3986]
[3987 4443]
[4444 4513]
[4514 4649]
[4650 4766]
[4767 4821]
[4822 4931]
[4932 5004]
[5005 5133]
[5134 5253]
[5254 5384]
[5385 5446]
[5447 5504]
[5505 5583]
[5584 5695]
[5696 5755]
[5756 5809]
[5810 6343]
[6344 6382]
[6383 6456]
[6457 6520]
[6521 6635]
[6636 6657]
[6658 6734]
[6735 6792]
[6793 6903]
[6904 6965]
[6966 7209]
[7210 7371]
[7372 7427]
[7428 7492]
[7493 7656]
[7657 7736]
[7737 7775]
[7776 7838]
[7839 7903]
[7904 8283]
[8284 8355]
[8356 8423]
[8424 8500]
[8501 8579]
[8580 8646]
[8647 8733]
[8734 8805]
[8806 8885]
[8886 8944]
[8945 9010]
[9011 9084]
[9085 9150]
[9151 9266]
[9267 9331]
[9332 9366]
[9367 9393]
[9394 9418]
[9419 9446]
[9447 9533]
[9534 9575]
[9576 9709]
[ 9710 10064]
[10065 10146]
[10147 10211]
[10212 10289]
[10290 10367]
[10368 10444]
[10445 10526]
[10527 10600]
[10601 10667]
[10668 10738]
[10739 10807]
[10808 10878]
[10879 10947]
[10948 10986]
[10987 11344]
[11345 11446]
[11447 11549]
[11550 11853]
[11854 11954]
[11955 12055]
[12056 12165]
[12166 12170]
[12171 12529]
[12530 12817]
[12818 12919]
[12920 13021]
[13022 13099]
[13100 13180]
[13181 13265]
[13266 13343]
[13344 13452]
[13453 13518]
[13519 13611]
[13612 13704]
[13705 13801]
[13802 14075]
[14076 14193]
[14194 14263]
[14264 14353]
[14354 14433]
[14434 14509]
[14510 14587]
[14588 14777]
[14778 14849]
[14850 14914]
[14915 14978]
[14979 15039]
[15040 15142]
[15143 15181]
[15182 15229]
[15230 15265]
[15266 15294]
[15295 15322]
[15323 15390]
[15391 15428]
[15429 15457]
[15458 15494]
[15495 15582]
[15583 15893]
[15894 15986]
[15987 16056]
[16057 16131]
[16132 16284]
[16285 16353]
[16354 16429]
[16430 16523]
[16524 16553]
[16554 16616]
[16617 16753]
[16754 16800]
[16801 16843]
[16844 17182]
[17183 17260]
[17261 17340]
[17341 17445]
[17446 17504]
[17505 17633]
[17634 17724]
[17725 17791]
[17792 17980]
[17981 18215]
[18216 18311]
[18312 18394]
[18395 18453]
[18454 18538]
[18539 18609]
[18610 18684]
[18685 19104]
[19105 19178]
[19179 19307]
[19308 19412]
[19413 19538]
[19539 19606]
[19607 19748]
[19749 20026]
[20027 20111]
[20112 20366]
[20367 20442]
[20443 20533]
[20534 20701]
[20702 21122]
[21124 21228]
[21229 21290]
[21291 21335]
[21336 21378]
[21379 21421]
[21422 21500]
[21501 21646]
[21647 21744]
[21745 21831]
[21832 22052]
[22053 22272]
[22273 22318]
[22319 22376]
[22377 22451]
[22452 22572]
[22573 23003]
[23004 23106]
[23107 23157]
[23158 23232]
[23233 23339]
[23340 23447]
[23448 23507]
[23508 23535]
[23536 23602]
[23603 23689]
[23690 23761]
[23762 23851]
[23852 23901]
[23902 23938]
[23939 24022]
[24023 24066]
[24067 24118]
[24119 24214]
[24215 24262]
[24263 24354]
[24355 24407]
[24408 24460]
[24461 24509]
[24510 24853]
[24854 24931]
[24932 24976]
[24977 25060]
[25061 25108]
[25109 25155]
[25156 25265]
[25266 25504]
[25505 25589]
[25590 25618]
[25619 25647]
[25648 25776]
[25777 25841]
[25842 25908]
[25909 26000]
[26001 26092]
[26093 26185]
[26186 26247]
[26248 26424]
[26425 26485]
[26486 26560]
[26561 26816]
[26817 27318]
[27319 27537]
[27538 27746]
[27747 27800]
[27801 27885]
[27886 27926]
[27927 28322]
[28323 28399]
[28400 28459]
[28460 28516]
[28517 28578]
[28579 28616]
[28617 28794]
[28795 28998]
[28999 29114]
[29115 29487]
[29488 29599]
