[ 0 14]
[ 15 262]
[263 319]
[320 355]
[356 385]
[386 416]
[417 446]
[447 481]
[482 511]
[512 540]
[541 570]
[571 607]
[608 638]
[639 665]
[666 695]
[696 729]
[730 764]
[765 803]
[804 902]
[ 903 1267]
[1268 1320]
[1321 1376]
[1377 1532]
[1533 1591]
[1592 1645]
[1646 1677]
[1678 1710]
[1711 1745]
[1746 1782]
[1783 1834]
[1835 1896]
[1897 1951]
[1952 2014]
[2015 2070]
[2071 2090]
[2091 2152]
[2153 2190]
[2191 2240]
[2241 2683]
[2684 2765]
[2766 2874]
[2875 3064]
[3065 3188]
[3189 3329]
[3330 3442]
[3443 3568]
[3569 3628]
[3629 3690]
[3691 3746]
[3747 3820]
[3821 4271]
[4272 4395]
[4396 4462]
[4463 4518]
[4519 4586]
[4587 4643]
[4644 4667]
[4668 4737]
[4738 4821]
[4822 4872]
[4873 4938]
[4939 5008]
[5009 5049]
[5050 5132]
[5133 5184]
[5185 5292]
[5293 5355]
[5356 5416]
[5417 5492]
[5493 5658]
[5659 5696]
[5697 5740]
[5741 6222]
[6223 6290]
[6291 6354]
[6355 6416]
[6417 6476]
[6477 6529]
[6530 6600]
[6601 6678]
[6679 6747]
[6748 6818]
[6819 6864]
[6865 6911]
[6912 7285]
[7286 7405]
[7406 7548]
[7549 7644]
[7645 7750]
[7751 7800]
[7801 7846]
[7847 7917]
[7918 8006]
[8007 8042]
[8043 8130]
[8131 8180]
[8181 8226]
[8227 8289]
[8290 8388]
[8389 8464]
[8465 8521]
[8522 8587]
[8588 8654]
[8655 9214]
[9215 9282]
[9283 9345]
[9346 9406]
[9407 9477]
[9478 9540]
[9541 9663]
[9664 9712]
[9713 9761]
[9762 9801]
[9802 9843]
[9844 9899]
[9900 9953]
[ 9954 10009]
[10010 10109]
[10110 10394]
[10395 10470]
[10471 10587]
[10588 10621]
[10622 10725]
[10726 10779]
[10780 10839]
[10840 10919]
[10920 10958]
[10959 11097]
[11098 11196]
[11197 11561]
[11562 11694]
[11695 11758]
[11759 11858]
[11859 11926]
[11927 11970]
[11971 12061]
[12062 12160]
[12161 12271]
[12272 12353]
[12354 12613]
[12614 12725]
[12726 12808]
[12809 12886]
[12887 12966]
[12967 13069]
[13070 13160]
[13161 13344]
[13345 13440]
[13441 13514]
[13515 13931]
[13932 14024]
[14025 14122]
[14123 14211]
[14212 14498]
[14499 14588]
[14589 14651]
[14652 14765]
[14766 14814]
[14815 14959]
[14960 14973]
[14974 15536]
[15537 15580]
[15581 15658]
[15659 15706]
[15707 15808]
[15809 16059]
[16060 16118]
[16119 16249]
[16250 16305]
[16306 16596]
[16597 16704]
[16705 16835]
[16836 16930]
[16931 17029]
[17030 17114]
[17115 17216]
[17217 17260]
[17261 17384]
[17385 17576]
[17577 17647]
[17648 17660]
[17661 18051]
[18052 18125]
[18126 18200]
[18201 18277]
[18278 18353]
[18354 18428]
[18429 18506]
[18507 18581]
[18582 18658]
[18659 18735]
[18736 18777]
[18778 18839]
[18840 18917]
[18918 18996]
[18997 19071]
[19072 19120]
[19121 19232]
[19233 19253]
[19254 19280]
[19281 19299]
[19300 19330]
[19331 19371]
[19372 19412]
[19413 19466]
[19467 19522]
[19523 19578]
[19579 19673]
[19674 20060]
[20061 20078]
[20079 20105]
[20106 20124]
[20125 20159]
[20160 20201]
[20202 20246]
[20247 20265]
[20266 20302]
[20303 20387]
[20388 20458]
[20459 20532]
[20533 20561]
[20562 20629]
[20630 20699]
[20700 20748]
[20749 20815]
[20816 20878]
[20879 21426]
[21428 21772]
[21773 21779]
[21780 21909]
[21910 22116]
[22117 22299]
[22300 22362]
[22363 22436]
[22437 22579]
[22580 22632]
[22633 22674]
[22676 22836]
[22837 22974]
[22975 23313]
[23314 23390]
[23391 23544]
[23545 23621]
[23622 23777]
[23778 23791]
[23792 23893]
[23894 23978]
[23979 24061]
[24062 24337]
[24338 24470]
[24471 24506]
[24507 24556]
[24558 24645]
[24646 25155]
[25157 25236]
[25237 25331]
[25332 25538]
[25539 25635]
[25636 25728]
[25729 25819]
[25820 25850]
[25851 25952]
[25953 26068]
[26069 26177]
[26178 26280]
[26281 26382]
[26383 26493]
[26494 26592]
[26593 27131]
[27132 27212]
[27213 27249]
[27250 27310]
[27311 27380]
[27381 27476]
[27477 27551]
[27552 27576]
[27577 27595]
[27596 27635]
[27636 27695]
[27696 27755]
[27756 27820]
[27821 27867]
[27868 27928]
[27929 27962]
[27963 28308]
[28309 28399]
