[ 0 13]
[ 15 336]
[337 394]
[395 431]
[432 479]
[480 525]
[526 570]
[571 608]
[609 648]
[649 705]
[706 735]
[736 773]
[774 807]
[808 887]
[888 973]
[ 974 1459]
[1460 1537]
[1538 1559]
[1560 1613]
[1614 1661]
[1662 1703]
[1704 1735]
[1736 1765]
[1766 1799]
[1800 1848]
[1849 1895]
[1896 1956]
[1957 1989]
[1990 2043]
[2044 2095]
[2096 2155]
[2156 2195]
[2196 2244]
[2245 2265]
[2266 2611]
[2612 2683]
[2684 2729]
[2730 2789]
[2790 2842]
[2843 2885]
[2886 3053]
[3054 3120]
[3121 3163]
[3164 3203]
[3204 3250]
[3251 3302]
[3303 3344]
[3345 3382]
[3383 3420]
[3421 3461]
[3462 3516]
[3517 3689]
[3690 3739]
[3740 3821]
[3822 3888]
[3889 3922]
[3923 3977]
[3978 4032]
[4033 4077]
[4078 4125]
[4126 4187]
[4188 4242]
[4243 4292]
[4293 4350]
[4351 4387]
[4388 4426]
[4427 4545]
[4546 4819]
[4820 4893]
[4894 4964]
[4965 5042]
[5043 5107]
[5108 5157]
[5158 5240]
[5241 5277]
[5278 5321]
[5322 5383]
[5384 5417]
[5418 5463]
[5464 5501]
[5502 5554]
[5555 5611]
[5612 5683]
[5684 5808]
[5809 5855]
[5856 5911]
[5912 6065]
[6066 6101]
[6102 6149]
[6150 6191]
[6192 6225]
[6226 6288]
[6289 6323]
[6324 6647]
[6648 6688]
[6689 6739]
[6740 6796]
[6797 6870]
[6871 6897]
[6898 7121]
[7122 7180]
[7181 7237]
[7238 7305]
[7306 7355]
[7356 7395]
[7396 7431]
[7432 7643]
[7644 7690]
[7691 7730]
[7731 7768]
[7769 7811]
[7812 7846]
[7847 7883]
[7884 7935]
[7936 7975]
[7976 8013]
[8014 8056]
[8057 8097]
[8098 8123]
[8124 8150]
[8151 8366]
[8367 8544]
[8545 8599]
[8600 8618]
[8619 8662]
[8663 8686]
[8687 8727]
[8728 8755]
[8756 8808]
[8809 8877]
[8878 8934]
[8935 8987]
[8988 9052]
[9053 9098]
[9099 9154]
[9155 9267]
[9268 9308]
[9309 9337]
[9338 9381]
[9382 9395]
[9396 9422]
[9423 9460]
[9461 9619]
[9620 9678]
[9679 9755]
[9756 9864]
[9865 9892]
[9893 9932]
[9933 9982]
[ 9983 10022]
[10023 10066]
[10067 10119]
[10120 10168]
[10169 10224]
[10225 10288]
[10289 10325]
[10326 10408]
[10409 10471]
[10472 10545]
[10546 10672]
[10673 10988]
[10989 11069]
[11070 11162]
[11163 11282]
[11283 11390]
[11391 11482]
[11483 11593]
[11594 11700]
[11701 11802]
[11803 11852]
[11853 12204]
[12205 12268]
[12269 12339]
[12340 12402]
[12403 12445]
[12446 12485]
[12486 12509]
[12510 12546]
[12547 12601]
[12602 12646]
[12647 12686]
[12687 12725]
[12726 12810]
[12811 12894]
[12895 13002]
[13003 13025]
[13026 13101]
[13102 13453]
[13454 13541]
[13542 13610]
[13611 13678]
[13679 13804]
[13805 13857]
[13858 13912]
[13913 13972]
[13973 14045]
[14046 14171]
[14172 14576]
[14577 14620]
[14621 14675]
[14676 14735]
[14736 14799]
[14800 14947]
[14948 14991]
[14992 15037]
[15038 15065]
[15066 15086]
[15087 15128]
[15129 15149]
[15150 15212]
[15213 15233]
[15234 15299]
[15300 15412]
[15413 15463]
[15464 15518]
[15519 15569]
[15570 15652]
[15653 15695]
[15696 15739]
[15740 15780]
[15781 15860]
[15861 15892]
[15893 15929]
[15930 15968]
[15969 16005]
[16006 16310]
[16311 16521]
[16522 16595]
[16596 16673]
[16674 16795]
[16796 16910]
[16911 16942]
[16943 16994]
[16995 17042]
[17043 17083]
[17084 17190]
[17191 17215]
[17216 17295]
[17296 17369]
[17370 17429]
[17430 17530]
[17531 17588]
[17589 17652]
[17653 17721]
[17722 17774]
[17775 17812]
[17814 17838]
[17840 17875]
[17876 17926]
[17928 18026]
[18027 18399]
[18400 18513]
[18514 18625]
[18626 18753]
[18754 18882]
[18883 19005]
[19006 19174]
[19175 19443]
[19444 19518]
[19519 19623]
[19624 19652]
[19653 20129]
[20130 20173]
[20174 20489]
[20490 20591]
[20592 20640]
[20641 20681]
[20682 20896]
[20897 20981]
[20982 21522]
[21523 21553]
[21554 21634]
[21635 21700]
[21701 21750]
[21751 21800]
[21801 21864]
[21865 21888]
[21889 21997]
[21998 22016]
[22017 22028]
[22029 22116]
[22117 22223]
[22224 22276]
[22277 22326]
[22327 22374]
[22375 22444]
[22445 22488]
[22489 22533]
[22534 22575]
[22576 22615]
[22616 22715]
[22716 22981]
[22983 23085]
[23086 23193]
[23194 23284]
[23285 23362]
[23363 23452]
[23453 23654]
[23655 23755]
[23756 23815]
[23816 23908]
[23909 24332]
[24333 24391]
[24392 24471]
[24472 24521]
[24522 24572]
[24573 24605]
[24606 24645]
[24646 24701]
[24702 24772]
[24773 24817]
[24818 24880]
[24881 24964]
[24965 25127]
[25128 25213]
[25214 25270]
[25271 25321]
[25322 25382]
[25383 25435]
[25436 25520]
[25521 25594]
[25595 25644]
[25645 25675]
[25676 25714]
[25715 25731]
[25732 25774]
[25775 25812]
[25813 25869]
[25870 25983]
[25984 26120]
[26121 26161]
[26162 26240]
[26241 26272]
[26273 26348]
[26349 26509]
[26510 26520]
[26521 26570]
[26571 26643]
[26644 26920]
[26921 26995]
[26996 27081]
[27082 27154]
[27155 27389]
[27390 27455]
[27456 27621]
[27622 27723]
[27724 27749]
[27750 27909]
[27910 27958]
[27959 27994]
[27995 28094]
[28095 28150]
[28151 28253]
[28254 28273]
[28274 28460]
[28461 28581]
[28582 28661]
[28662 28725]
[28726 29045]
[29047 29087]
[29088 29179]
[29180 29253]
[29254 29312]
[29313 29323]
[29324 29365]
[29366 29418]
[29419 29443]
[29444 29516]
[29517 29591]
[29592 29647]
[29648 29766]
[29767 29865]
[29866 29921]
[29922 30193]
[30194 30298]
[30299 30387]
[30388 30425]
[30426 30462]
[30463 30538]
[30539 30620]
[30621 30697]
[30698 30728]
[30729 30807]
[30808 30914]
[30915 30979]
[30980 31016]
[31017 31080]
[31081 31137]
[31138 31485]
[31486 31599]
