[ 0 13]
[ 14 273]
[274 320]
[321 404]
[405 447]
[448 510]
[511 570]
[571 616]
[617 660]
[661 694]
[695 756]
[ 757 1267]
[1268 1700]
[1701 1778]
[1779 1857]
[1858 1911]
[1912 2021]
[2022 2058]
[2059 2100]
[2101 2163]
[2164 2290]
[2291 2529]
[2531 2649]
[2650 3099]
[3100 3194]
[3195 3271]
[3272 3345]
[3346 3539]
[3540 3652]
[3653 3773]
[3774 3891]
[3892 3972]
[3973 4066]
[4067 4152]
[4153 4236]
[4237 4307]
[4308 4400]
[4401 4510]
[4511 4742]
[4743 4838]
[4839 4917]
[4918 5026]
[5027 5074]
[5075 5153]
[5154 5272]
[5273 5422]
[5424 5493]
[5494 5540]
[5541 5594]
[5595 5648]
[5649 5681]
[5682 5831]
[5832 5880]
[5881 5952]
[5953 6184]
[6185 6221]
[6222 6281]
[6282 6401]
[6402 6461]
[6462 6521]
[6522 6581]
[6582 6610]
[6611 6681]
[6682 6715]
[6716 6781]
[6782 6811]
[6812 6881]
[6882 6959]
[6960 7009]
[7010 7059]
[7060 7118]
[7119 7179]
[7180 7239]
[7240 7311]
[7312 7385]
[7386 7474]
[7475 7939]
[7940 8014]
[8015 8063]
[8064 8144]
[8145 8216]
[8217 8270]
[8271 8362]
[8363 8456]
[8457 8511]
[8512 8568]
[8569 8617]
[8618 8658]
[8659 8700]
[8701 8772]
[8773 8971]
[8972 9011]
[9012 9079]
[9080 9171]
[9172 9212]
[9213 9778]
[9779 9879]
[ 9880 10050]
[10051 10084]
[10085 10132]
[10133 10173]
[10174 10249]
[10250 10334]
[10335 10465]
[10466 10666]
[10667 11073]
[11074 11992]
[11993 12043]
[12044 12094]
[12095 12142]
[12143 12182]
[12183 12223]
[12224 12269]
[12270 12396]
[12397 12482]
[12483 12791]
[12792 12891]
[12892 13039]
[13040 13139]
[13140 13218]
[13219 13367]
[13368 13448]
[13449 13529]
[13530 13607]
[13608 13726]
[13727 14057]
[14058 14134]
[14135 14178]
[14179 14284]
[14285 14368]
[14369 14490]
[14491 14636]
[14637 14798]
[14800 14909]
[14910 15186]
[15187 15306]
[15307 15339]
[15340 15389]
[15390 15449]
[15450 15524]
[15525 15558]
[15559 16089]
[16090 16185]
[16186 16233]
[16234 16293]
[16294 16459]
[16460 16608]
[16609 16741]
[16742 16882]
[16883 17004]
[17005 17123]
[17124 17260]
[17261 17314]
[17315 17442]
[17443 17591]
[17592 17669]
[17670 17796]
[17797 17821]
[17822 17831]
[17832 17905]
[17906 18169]
[18170 18307]
[18308 18506]
[18507 18569]
[18570 18626]
[18627 18720]
[18721 18788]
[18789 18860]
[18861 18945]
[18946 19026]
[19027 19096]
[19097 19176]
[19177 19365]
[19366 19377]
[19378 19466]
[19467 19545]
[19546 19665]
[19666 19789]
[19790 19812]
[19813 19894]
[19895 20413]
[20414 20563]
[20564 20650]
[20651 21040]
[21042 21149]
