[ 0 23]
[ 24 350]
[351 412]
[413 449]
[450 481]
[482 513]
[514 539]
[540 580]
[581 609]
[610 636]
[637 663]
[664 713]
[714 744]
[745 765]
[766 789]
[790 831]
[832 877]
[878 912]
[913 991]
[ 992 1517]
[1518 1596]
[1597 1661]
[1662 1743]
[1744 1823]
[1824 1882]
[1883 1947]
[1948 1997]
[1998 2078]
[2079 2160]
[2161 2203]
[2204 2325]
[2326 2363]
[2364 2456]
[2457 2498]
[2499 2568]
[2569 2641]
[2642 2727]
[2728 2809]
[2810 2888]
[2889 2949]
[2950 2989]
[2990 3546]
[3547 3624]
[3625 3705]
[3706 3789]
[3790 3864]
[3865 3914]
[3915 3951]
[3952 4010]
[4011 4062]
[4063 4132]
[4133 4171]
[4172 4235]
[4236 4340]
[4341 4413]
[4414 4468]
[4469 4530]
[4531 4608]
[4609 4665]
[4666 4727]
[4728 4795]
[4796 4864]
[4865 4935]
[4936 4988]
[4989 5023]
[5024 5064]
[5065 5452]
[5453 5493]
[5494 5553]
[5554 5611]
[5612 5666]
[5667 5729]
[5730 5814]
[5815 5906]
[5907 5969]
[5970 5996]
[5997 6068]
[6069 6109]
[6110 6160]
[6161 6226]
[6227 6282]
[6283 6335]
[6336 6416]
[6417 6515]
[6516 6596]
[6597 6675]
[6676 6750]
[6751 6827]
[6828 6880]
[6881 6903]
[6904 6996]
[6997 7325]
[7326 7424]
[7425 7661]
[7662 7725]
[7726 7764]
[7765 7832]
[7833 7847]
[7848 7904]
[7905 7954]
[7955 8025]
[8026 8072]
[8073 8101]
[8102 8159]
[8160 8184]
[8185 8230]
[8231 8280]
[8281 8308]
[8309 8330]
[8331 8371]
[8372 8413]
[8414 8453]
[8454 8486]
[8487 8528]
[8529 8549]
[8550 8615]
[8616 8645]
[8646 8690]
[8691 8729]
[8730 8782]
[8783 8843]
[8844 8900]
[8901 8949]
[8950 8968]
[8969 9038]
[9039 9118]
[9119 9170]
[9171 9194]
[9195 9749]
[9750 9796]
[9797 9853]
[9854 9907]
[9908 9950]
[9951 9999]
[10000 10054]
[10055 10104]
[10105 10134]
[10135 10179]
[10180 10224]
[10225 10287]
[10288 10324]
[10325 10643]
[10644 10712]
[10713 10761]
[10762 10833]
[10834 10873]
[10874 11020]
[11021 11084]
[11085 11140]
[11141 11186]
[11187 11233]
[11234 11293]
[11294 11782]
[11783 11838]
[11839 11881]
[11882 11963]
[11964 11992]
[11993 12069]
[12070 12127]
[12128 12184]
[12185 12205]
[12206 12284]
[12285 12350]
[12351 12426]
[12427 12496]
[12497 12539]
[12540 12577]
[12578 12619]
[12620 12665]
[12666 12689]
[12690 12747]
[12748 12770]
[12771 12842]
[12843 12881]
[12882 12903]
[12904 12984]
[12985 13003]
[13004 13056]
[13057 13132]
[13133 13192]
[13193 13272]
[13273 13302]
[13303 13411]
[13412 13433]
[13434 13480]
[13481 13526]
[13527 13566]
[13567 13591]
[13592 13659]
[13660 13713]
[13714 13746]
[13747 13769]
[13770 13853]
[13854 14092]
[14093 14185]
[14186 14257]
[14258 14337]
[14338 14426]
[14427 14471]
[14472 14519]
[14520 14587]
[14588 14640]
[14641 14692]
[14693 14755]
[14756 14827]
[14828 14878]
[14879 14933]
[14934 15288]
[15289 15358]
[15359 15421]
[15422 15495]
[15496 15570]
[15571 15648]
[15649 15720]
[15721 15818]
[15819 15883]
[15884 15942]
[15943 16004]
[16005 16054]
[16055 16106]
[16107 16158]
[16159 16196]
[16197 16494]
[16495 16582]
[16583 16707]
[16708 16774]
[16775 16848]
[16849 16918]
[16919 16985]
[16986 17058]
[17059 17130]
[17131 17200]
[17201 17266]
[17267 17335]
[17336 17394]
[17395 17568]
[17569 17728]
[17729 17775]
[17776 17801]
[17802 17841]
[17842 17893]
[17894 18230]
[18231 18322]
[18323 18403]
[18404 18465]
[18466 18557]
[18558 18627]
[18628 18655]
[18656 18720]
[18721 18799]
[18800 18869]
[18870 18941]
[18942 19032]
[19033 19084]
[19085 19137]
[19138 19190]
[19191 19258]
[19259 19295]
[19296 19373]
[19374 19615]
[19616 19691]
[19692 19753]
[19754 19804]
[19805 19892]
[19893 19965]
[19966 20007]
[20008 20067]
[20068 20133]
[20134 20182]
[20183 20267]
[20268 20349]
[20350 20411]
[20412 20484]
[20485 20524]
[20525 20610]
[20612 20666]
[20667 20735]
[20736 20794]
[20795 20821]
[20822 20846]
[20847 20884]
[20885 20914]
[20915 20947]
[20948 20998]
[20999 21100]
[21101 21558]
[21559 21648]
[21649 21768]
[21769 21860]
[21861 21955]
[21956 22057]
[22058 22359]
[22360 22431]
[22432 22483]
[22484 22626]
[22627 22760]
[22761 22813]
[22814 22904]
[22905 22963]
[22964 23027]
[23028 23063]
[23064 23356]
[23357 23547]
[23548 23722]
[23723 23905]
[23906 23955]
[23956 24026]
[24027 24101]
[24102 24488]
[24489 24570]
[24571 24674]
[24675 24741]
[24742 24831]
[24832 25028]
[25029 25058]
[25059 25125]
[25126 25150]
[25151 25225]
[25226 25253]
[25254 25300]
[25301 25336]
[25337 25378]
[25379 25508]
[25509 25543]
[25544 25619]
[25620 25676]
[25677 25836]
[25837 26332]
[26333 26411]
[26412 26538]
[26539 26606]
[26607 26656]
[26657 26743]
[26744 26855]
[26856 27021]
[27022 27078]
[27079 27108]
[27109 27163]
[27164 27204]
[27205 27254]
[27255 27308]
[27309 27355]
[27356 27380]
[27381 27772]
[27773 27952]
[27953 28001]
[28002 28053]
[28054 28118]
[28119 28218]
[28219 28277]
[28278 28322]
[28323 28386]
[28387 28457]
[28458 28517]
[28518 28737]
[28738 28799]
[28800 28847]
[28848 28957]
[28958 29086]
[29087 29237]
[29238 29283]
[29284 29638]
[29639 29699]
[29700 29746]
[29747 29803]
[29804 29850]
[29851 29894]
[29895 29945]
[29946 30003]
[30004 30073]
[30074 30394]
[30395 30440]
[30441 30758]
[30759 30809]
[30810 30848]
[30849 30900]
[30901 30926]
[30927 30992]
[30993 31044]
[31045 31097]
[31098 31243]
[31244 31458]
[31459 31495]
[31496 31570]
[31571 31613]
[31614 31757]
[31758 31803]
[31804 31854]
[31855 31905]
[31906 32002]
[32003 32069]
[32070 32168]
[32169 32222]
[32223 32312]
[32313 32364]
[32365 32434]
[32435 32495]
[32496 32551]
[32552 32580]
[32581 32611]
[32612 32688]
[32689 32775]
[32776 32835]
[32836 32862]
[32863 32899]
[32900 33001]
[33002 33463]
[33464 33589]
[33590 33629]
[33630 33677]
[33678 33766]
[33767 33845]
[33846 33896]
[33897 33966]
[33967 34091]
[34092 34127]
[34128 34211]
[34212 34274]
[34275 34351]
[34352 34605]
[34606 34650]
[34651 35040]
[35041 35149]
