[ 0 11]
[ 12 334]
[335 393]
[394 436]
[437 477]
[478 523]
[524 561]
[562 603]
[604 684]
[685 726]
[727 772]
[773 796]
[797 816]
[817 846]
[847 881]
[882 981]
[ 982 1495]
[1496 1533]
[1534 1597]
[1598 1641]
[1642 1669]
[1670 1717]
[1718 1743]
[1744 1831]
[1832 1854]
[1855 1902]
[1903 1949]
[1950 2004]
[2005 2066]
[2067 2137]
[2138 2187]
[2188 2204]
[2205 2256]
[2257 2314]
[2315 2501]
[2502 2623]
[2624 2687]
[2688 2759]
[2760 2832]
[2833 2877]
[2878 2914]
[2915 2958]
[2959 3147]
[3148 3502]
[3503 3633]
[3634 3656]
[3657 3723]
[3724 3806]
[3807 3885]
[3886 3914]
[3915 4085]
[4086 4140]
[4141 4176]
[4177 4300]
[4301 4382]
[4383 4456]
[4457 4524]
[4525 4568]
[4569 4629]
[4630 4687]
[4688 4781]
[4782 5094]
[5095 5159]
[5160 5206]
[5207 5247]
[5248 5289]
[5290 5343]
[5344 5387]
[5388 5447]
[5448 5508]
[5509 5576]
[5577 5632]
[5633 5692]
[5693 5794]
[5795 5862]
[5863 5917]
[5918 5964]
[5965 6003]
[6004 6050]
[6051 6644]
[6645 6709]
[6710 6786]
[6787 6835]
[6836 6880]
[6881 6901]
[6902 6924]
[6925 6979]
[6980 7076]
[7077 7159]
[7160 7295]
[7296 7327]
[7328 7395]
[7396 7472]
[7473 7549]
[7550 7669]
[7670 7691]
[7692 7714]
[7715 7770]
[7771 7817]
[7818 7884]
[7885 7928]
[7929 7983]
[7984 8026]
[8027 8076]
[8077 8218]
[8219 8275]
[8276 8316]
[8317 8354]
[8355 8398]
[8399 8456]
[8457 8499]
[8500 8541]
[8542 8646]
[8647 8910]
[8911 8985]
[8986 9140]
[9141 9347]
[9348 9485]
[9486 9609]
[9610 9706]
[9707 9767]
[ 9768 10155]
[10156 10213]
[10214 10283]
[10284 10341]
[10342 10405]
[10406 10485]
[10486 10511]
[10512 10576]
[10577 10728]
[10729 10766]
[10767 10807]
[10808 10855]
[10856 10915]
[10916 11021]
[11022 11104]
[11105 11156]
[11157 11414]
[11415 11443]
[11444 11479]
[11480 11490]
[11491 11543]
[11544 11604]
[11605 11645]
[11646 11694]
[11695 11749]
[11750 11811]
[11812 11984]
[11985 12011]
[12012 12064]
[12065 12106]
[12107 12173]
[12174 12340]
[12341 12388]
[12389 12467]
[12468 12491]
[12492 12549]
[12550 12614]
[12615 12679]
[12680 12751]
[12752 12796]
[12797 12851]
[12852 12881]
[12882 12939]
[12940 13016]
[13017 13054]
[13055 13103]
[13104 13119]
[13120 13143]
[13144 13201]
[13202 13266]
[13267 13319]
[13320 13368]
[13369 13756]
[13757 13816]
[13817 13891]
[13892 13944]
[13945 13965]
[13966 14040]
[14041 14088]
[14089 14156]
[14157 14213]
[14214 14262]
[14263 14342]
[14343 14394]
[14395 14483]
[14484 14559]
[14560 14914]
[14915 15044]
[15045 15183]
[15184 15215]
[15216 15297]
[15298 15389]
[15390 15466]
[15467 15488]
[15489 15640]
[15641 15672]
[15673 15764]
[15765 15839]
[15840 15892]
[15893 15953]
[15954 15974]
[15975 16001]
[16002 16043]
[16044 16103]
[16104 16222]
[16223 16291]
[16292 16348]
[16349 16402]
[16403 16460]
[16461 16515]
[16516 16553]
[16554 16576]
[16577 16660]
[16661 17112]
[17113 17173]
[17174 17229]
[17230 17316]
[17317 17396]
[17397 17454]
[17455 17516]
[17517 17572]
[17573 17907]
[17908 17983]
[17984 18030]
[18031 18084]
[18085 18134]
[18135 18183]
[18184 18236]
[18237 18301]
[18302 18687]
[18688 18781]
[18782 18958]
[18959 19094]
[19095 19133]
[19134 19528]
[19529 19653]
[19654 19776]
[19777 19923]
[19924 19981]
[19982 20069]
[20070 20097]
[20098 20142]
[20143 20508]
[20509 20647]
[20648 20730]
[20731 20775]
[20776 20821]
[20822 20894]
[20895 20939]
[20940 20990]
[20991 21050]
[21051 21090]
[21091 21171]
[21172 21282]
[21283 21314]
[21315 21441]
[21442 21519]
[21520 21596]
[21597 21652]
[21653 21705]
[21706 21759]
[21760 21865]
[21866 22233]
[22234 22301]
[22302 22405]
[22406 22470]
[22471 22515]
[22516 22551]
[22552 22648]
[22649 22805]
[22806 22840]
[22841 22920]
[22921 22961]
[22962 23001]
[23002 23181]
[23182 23271]
[23272 23311]
[23312 23393]
[23394 23427]
[23428 23471]
[23472 23641]
[23642 23732]
[23733 23940]
[23941 24007]
[24008 24095]
[24096 24148]
[24149 24203]
[24204 24368]
[24369 24571]
[24572 24627]
[24628 24671]
[24672 24730]
[24731 24779]
[24780 24956]
[24957 25035]
[25036 25164]
[25165 25197]
[25198 25327]
[25328 25421]
[25422 25525]
[25526 25595]
[25596 25634]
[25635 26056]
[26057 26227]
[26228 26283]
[26284 26399]
[26400 26468]
[26469 26639]
[26640 26899]
[26900 27004]
[27005 27013]
[27014 27369]
[27370 27458]
[27459 27555]
[27556 27642]
[27643 27699]
[27700 27746]
[27747 27814]
[27815 27973]
[27974 28057]
[28058 28301]
[28302 28376]
[28377 28450]
[28451 28520]
[28521 28566]
[28567 28744]
[28745 28838]
[28839 28898]
[28899 28958]
[28959 29025]
[29026 29091]
[29092 29203]
[29204 29272]
[29273 29380]
[29381 29567]
[29568 29638]
[29639 29851]
[29852 30124]
[30126 30196]
[30197 30281]
[30282 30323]
[30324 30418]
[30419 30553]
[30554 30613]
[30614 30682]
[30683 30783]
[30784 30805]
[30806 31167]
[31168 31249]
