[ 0 27]
[29 48]
[49 68]
[ 70 113]
[115 202]
[203 508]
[509 562]
[563 621]
[622 650]
[651 688]
[689 753]
[754 777]
[778 813]
[814 844]
[845 875]
[876 906]
[907 937]
[938 990]
[ 991 1361]
[1362 1384]
[1385 1428]
[1429 1480]
[1481 1669]
[1670 1725]
[1726 1786]
[1787 1861]
[1862 1925]
[1926 1977]
[1978 2027]
[2028 2205]
[2206 2241]
[2242 2303]
[2304 2524]
[2525 2564]
[2565 2621]
[2622 2678]
[2679 2754]
[2755 2874]
[2875 3239]
[3240 3312]
[3313 3406]
[3407 3477]
[3478 3536]
[3537 3604]
[3605 3681]
[3682 3765]
[3766 3842]
[3843 3959]
[3960 4152]
[4153 4185]
[4186 4232]
[4233 5054]
[5055 5083]
[5084 5125]
[5126 5170]
[5171 5205]
[5206 5242]
[5243 5281]
[5282 5305]
[5306 5340]
[5341 5376]
[5377 5434]
[5435 5653]
[5654 6163]
[6164 6247]
[6248 6302]
[6303 6341]
[6342 6431]
[6432 6478]
[6479 6520]
[6521 6552]
[6553 6592]
[6593 7061]
[7062 7163]
[7164 7204]
[7205 7238]
[7239 7359]
[7360 7453]
[7454 7504]
[7505 7542]
[7543 7578]
[7579 7766]
[7767 7807]
[7808 7892]
[7893 7950]
[7951 7999]
[8000 8117]
[8118 8150]
[8151 8197]
[8198 8238]
[8239 8264]
[8265 8291]
[8292 8363]
[8364 8426]
[8427 8753]
[8754 8805]
[8806 8966]
[8967 9006]
[9007 9145]
[9146 9198]
[9199 9235]
[9236 9289]
[9290 9338]
[9339 9383]
[9384 9440]
[9441 9471]
[9472 9597]
[9598 9653]
[9654 9686]
[9687 9718]
[9719 9769]
[9770 9828]
[9829 9895]
[ 9896 10573]
[10574 10706]
[10707 10774]
[10775 10867]
[10868 10934]
[10935 11041]
[11042 11176]
[11177 11242]
[11243 11324]
[11325 11523]
[11524 11564]
[11565 11688]
[11689 11714]
[11715 11745]
[11746 11781]
[11782 11827]
[11828 11861]
[11862 11952]
[11953 12019]
[12020 12045]
[12046 12078]
[12079 12136]
[12137 12185]
[12186 12250]
[12251 12278]
[12279 12557]
[12558 12623]
[12624 12669]
[12670 12781]
[12782 12863]
[12864 12901]
[12902 12936]
[12937 12988]
[12989 13067]
[13068 13135]
[13136 13183]
[13184 13463]
[13465 13535]
[13536 13603]
[13604 13678]
[13679 13772]
[13773 13875]
[13876 13946]
[13947 14024]
[14025 14088]
[14089 14154]
[14155 14225]
[14226 14298]
[14299 14380]
[14381 14451]
[14452 14609]
[14610 14661]
[14662 14707]
[14708 14737]
[14738 14789]
[14790 14867]
[14868 14906]
[14907 14940]
[14941 15053]
[15054 15521]
[15522 15575]
[15576 15635]
[15636 15678]
[15679 15832]
[15833 15911]
[15912 15952]
[15953 16041]
[16042 16390]
[16391 16457]
[16458 16494]
[16495 16584]
[16585 16657]
[16658 16722]
[16723 16760]
[16761 16814]
[16815 16864]
[16865 16924]
[16925 16967]
[16968 17026]
[17027 17310]
[17311 17469]
[17470 17539]
[17540 17675]
[17676 17726]
[17727 17776]
[17777 17843]
[17844 17896]
[17897 17974]
[17975 18268]
[18269 18304]
[18305 18354]
[18355 18450]
[18451 18559]
[18560 18608]
[18609 18684]
[18685 18804]
[18805 18833]
[18834 18972]
[18973 18998]
[18999 19146]
[19147 19185]
[19186 19237]
[19238 19707]
[19708 19768]
[19769 19847]
[19848 19919]
[19920 19989]
[19990 20066]
[20067 20123]
[20124 20200]
[20201 20297]
[20298 20384]
[20385 20443]
[20444 20496]
[20497 20543]
[20544 20600]
[20601 20629]
[20630 21094]
[21095 21156]
[21157 21219]
[21220 21270]
[21271 21322]
[21323 21359]
[21360 21415]
[21416 21504]
[21505 21559]
[21560 21639]
[21640 21695]
[21696 21762]
[21763 21826]
[21827 21888]
[21889 21954]
[21955 21997]
[21998 22062]
[22063 23248]
[23249 23349]
