[ 0 26]
[28 47]
[48 67]
[ 69 112]
[114 217]
[219 564]
[565 627]
[628 684]
[685 707]
[708 732]
[733 753]
[754 821]
[822 846]
[847 878]
[879 914]
[915 943]
[944 968]
[ 969 1003]
[1004 1084]
[1085 1498]
[1499 1555]
[1556 1611]
[1612 1659]
[1660 1712]
[1713 1769]
[1770 1820]
[1821 1858]
[1859 1908]
[1909 1961]
[1962 2013]
[2014 2059]
[2060 2120]
[2121 2167]
[2168 2210]
[2211 2261]
[2262 2335]
[2336 2384]
[2385 2442]
[2443 2467]
[2468 2524]
[2525 2633]
[2635 2679]
[2680 2736]
[2737 2771]
[2772 3075]
[3076 3134]
[3135 3187]
[3188 3246]
[3247 3304]
[3305 3363]
[3364 3431]
[3432 3501]
[3502 3541]
[3542 3571]
[3572 3623]
[3624 3657]
[3658 3704]
[3705 3740]
[3741 3779]
[3780 3812]
[3813 3845]
[3846 3907]
[3908 3965]
[3966 4245]
[4246 4311]
[4312 4383]
[4384 4446]
[4447 4518]
[4519 4598]
[4599 4680]
[4681 4739]
[4740 4834]
[4835 4941]
[4942 4987]
[4988 5026]
[5027 5073]
[5074 5097]
[5098 5218]
[5219 5269]
[5270 5327]
[5328 5351]
[5352 5384]
[5385 5404]
[5405 5446]
[5447 5491]
[5492 5521]
[5522 5604]
[5605 5677]
[5678 5711]
[5712 5806]
[5807 5893]
[5894 5964]
[5965 6017]
[6018 6078]
[6079 6155]
[6156 6214]
[6215 6261]
[6262 6329]
[6330 6384]
[6385 6445]
[6446 6521]
[6522 6577]
[6578 6642]
[6643 6705]
[6706 6758]
[6759 6813]
[6814 6847]
[6848 7230]
[7231 7288]
[7289 7353]
[7354 7452]
[7453 7567]
[7568 7624]
[7625 7703]
[7704 7773]
[7774 7827]
[7828 7871]
[7872 7923]
[7924 7953]
[7954 8005]
[8006 8031]
[8032 8054]
[8055 8077]
[8078 8114]
[8115 8136]
[8137 8172]
[8173 8200]
[8201 8225]
[8226 8237]
[8238 8258]
[8259 8291]
[8292 8328]
[8329 8355]
[8356 8401]
[8402 8466]
[8467 8497]
[8498 8523]
[8524 8554]
[8555 8579]
[8580 8597]
[8598 8622]
[8623 8646]
[8647 8724]
[8725 8754]
[8755 8777]
[8778 8802]
[8803 8829]
[8830 8910]
[8911 9326]
[9327 9469]
[9470 9546]
[9547 9646]
[9647 9749]
[9750 9840]
[9841 9907]
[ 9908 10011]
[10012 10097]
[10098 10166]
[10167 10266]
[10267 10359]
[10360 10439]
[10440 10744]
[10745 10827]
[10828 10898]
[10899 10946]
[10947 10997]
[10998 11087]
[11088 11119]
[11120 11174]
[11175 11253]
[11254 11312]
[11313 11376]
[11377 11402]
[11403 11509]
[11510 11738]
[11739 11815]
[11816 11862]
[11863 11938]
[11939 11996]
[11997 12088]
[12089 12116]
[12117 12166]
[12167 12266]
[12267 12313]
[12314 12357]
[12358 12444]
[12445 12485]
[12486 12537]
[12538 12584]
[12585 12621]
[12622 12655]
[12656 12698]
[12699 12730]
[12731 12934]
[12935 12984]
[12985 13026]
[13027 13070]
[13071 13109]
[13110 13142]
[13143 13171]
[13172 13196]
[13197 13223]
[13224 13248]
[13249 13287]
[13288 13330]
[13331 13362]
[13363 13392]
[13393 13430]
[13431 13459]
[13460 13522]
[13523 13561]
[13562 13610]
[13611 13991]
[13992 14138]
[14139 14281]
[14282 14348]
[14349 14477]
[14478 14632]
[14633 14724]
[14725 14838]
[14839 14876]
[14877 14974]
[14975 15024]
[15025 15108]
[15109 15129]
[15130 15196]
[15197 15350]
[15351 15412]
[15413 15772]
[15773 15831]
[15832 15929]
[15930 15992]
[15993 16048]
[16049 16106]
[16107 16265]
[16266 16406]
[16407 16469]
[16470 16564]
[16565 16673]
[16674 16768]
[16769 16887]
[16888 16955]
[16956 17007]
[17008 17033]
[17034 17071]
[17072 17110]
[17111 17135]
[17136 17194]
[17195 17222]
[17223 17242]
[17243 17266]
[17267 17285]
[17286 17310]
[17311 17395]
[17396 17675]
[17676 17745]
[17746 17811]
[17812 17880]
[17881 17938]
[17939 18002]
[18003 18069]
[18070 18137]
[18138 18191]
[18192 18262]
[18263 18327]
[18328 18381]
[18382 18449]
[18450 18497]
[18498 18549]
[18550 18605]
[18606 18645]
[18646 18704]
[18705 18828]
[18829 18865]
[18866 18910]
[18911 18960]
[18961 18995]
[18996 19022]
[19023 19071]
[19072 19143]
[19144 19188]
[19189 19430]
[19431 19567]
[19568 19633]
[19634 19693]
[19694 19751]
[19752 19814]
[19815 19866]
[19867 19896]
[19897 19959]
[19960 19998]
[19999 20043]
[20044 20085]
[20086 20140]
[20141 20200]
[20201 20552]
[20553 20649]
