[ 0 26]
[28 47]
[48 67]
[ 69 112]
[114 214]
[215 491]
[492 551]
[552 555]
[556 585]
[586 617]
[618 647]
[648 678]
[679 705]
[706 736]
[737 770]
[771 802]
[803 927]
[928 962]
[963 996]
[ 997 1030]
[1031 1128]
[1129 1495]
[1496 1563]
[1564 1630]
[1631 1916]
[1917 1966]
[1967 2026]
[2027 2136]
[2137 2175]
[2176 2250]
[2251 2319]
[2320 2455]
[2456 2562]
[2563 2587]
[2588 2630]
[2631 2690]
[2691 2927]
[2928 3003]
[3004 3056]
[3057 3120]
[3121 3154]
[3155 3230]
[3231 3300]
[3301 3334]
[3335 3360]
[3361 3415]
[3416 3466]
[3467 3522]
[3523 3563]
[3564 3592]
[3593 3662]
[3663 3713]
[3714 3777]
[3778 3840]
[3841 3912]
[3913 3978]
[3979 4300]
[4301 4386]
[4387 4456]
[4457 4523]
[4524 4592]
[4593 4660]
[4661 4700]
[4701 4747]
[4748 4776]
[4777 4815]
[4816 4840]
[4841 4888]
[4889 4949]
[4950 5105]
[5106 5171]
[5172 5235]
[5236 5314]
[5315 5479]
[5480 5541]
[5542 5607]
[5608 5660]
[5661 5713]
[5714 5757]
[5758 5797]
[5798 5964]
[5965 6409]
[6410 6725]
[6726 6844]
[6845 6989]
[6990 7568]
[7570 7679]
[7680 7752]
[7753 7830]
[7831 7894]
[7895 7951]
[7952 8010]
[8011 8075]
[8076 8141]
[8142 8211]
[8212 8281]
[8282 8357]
[8358 8441]
[8442 8493]
[8494 8593]
[8594 8693]
[8694 8865]
[8866 9050]
[9051 9228]
[9229 9270]
[9271 9354]
[9356 9443]
[9444 9493]
[9494 9538]
[9539 9617]
[9618 9694]
[9695 9771]
[9772 9829]
[9830 9913]
[ 9914 10019]
[10020 10057]
[10058 10096]
[10097 10438]
[10439 10472]
[10473 10503]
[10504 10535]
[10536 10563]
[10564 10592]
[10593 10626]
[10627 10653]
[10654 10704]
[10705 10732]
[10733 10753]
[10754 10769]
[10770 10804]
[10805 10852]
[10853 10909]
[10910 10935]
[10936 10986]
[10987 11066]
[11067 11104]
[11105 11161]
[11162 11213]
[11214 11268]
[11269 11326]
[11327 11382]
[11383 11446]
[11447 11469]
[11470 11557]
[11558 11624]
[11625 11651]
[11652 12129]
[12130 12293]
[12294 12358]
[12359 12410]
[12411 12527]
[12528 12641]
[12642 12757]
[12758 12823]
[12824 12862]
[12863 12989]
[12990 13236]
[13237 13359]
[13360 13449]
[13450 13506]
[13507 13554]
[13555 13592]
[13593 13629]
[13630 13661]
[13662 13686]
[13687 13708]
[13709 13949]
[13950 14271]
[14272 14348]
[14349 14413]
[14414 14483]
[14484 14515]
[14516 14558]
[14559 14597]
[14598 14702]
[14703 14774]
[14775 14812]
[14813 15289]
[15290 15392]
[15393 15479]
[15480 15567]
[15568 15653]
[15654 15735]
[15736 15788]
[15789 15904]
[15905 16026]
[16027 16149]
[16150 16211]
[16212 16281]
[16282 16392]
[16393 16492]
[16493 16608]
[16609 16755]
[16756 17268]
[17269 17382]
[17383 17476]
[17477 17565]
[17566 17644]
[17645 17967]
[17968 18077]
[18078 18142]
[18143 18225]
[18226 18283]
[18284 18349]
[18350 18702]
[18703 18801]
[18802 18853]
[18854 18967]
[18968 19022]
[19023 19130]
[19131 19179]
[19180 19233]
[19234 19305]
[19306 19382]
[19383 19411]
[19412 19511]
[19512 19579]
[19580 19656]
[19657 19708]
[19709 19737]
[19738 19809]
[19810 20129]
[20130 20184]
[20185 20425]
[20426 20539]
[20540 20586]
[20587 20634]
[20635 20662]
[20663 20685]
[20686 20756]
[20757 20827]
[20828 20879]
[20880 21004]
[21005 21134]
[21135 21303]
[21304 21327]
[21328 21375]
[21376 21471]
[21472 21541]
[21542 21913]
[21914 21976]
[21977 22029]
[22030 22199]
[22200 22296]
[22297 22325]
[22326 22379]
[22380 22450]
[22451 22469]
[22470 22506]
[22507 22558]
[22559 22621]
[22622 22637]
[22638 22701]
[22702 22772]
[22773 22905]
[22906 22999]
[23000 23058]
[23059 23177]
[23178 23207]
[23208 23238]
[23239 23295]
[23296 23332]
[23333 23411]
[23412 23492]
[23493 23949]
[23950 24324]
[24325 24989]
[24990 25194]
[25196 25553]
[25556 25726]
[25727 26111]
[26112 26197]
[26198 26256]
[26257 26317]
[26318 26365]
[26366 26407]
[26408 26463]
[26464 26506]
[26507 26572]
[26573 26631]
[26632 26713]
[26714 26753]
[26754 26807]
[26808 26837]
[26838 26886]
[26887 26950]
[26951 27006]
[27007 27040]
[27041 27304]
[27305 27499]
[27500 27562]
[27563 27968]
[27969 28088]
[28089 28135]
[28136 28193]
[28194 28266]
[28267 28797]
[28798 28983]
[28984 29133]
[29134 29187]
[29188 29361]
[29362 29412]
[29413 29495]
[29496 29611]
[29612 29773]
[29774 30176]
[30177 30249]
