[ 0 32]
[34 57]
[58 82]
[ 83 106]
[108 136]
[137 256]
[257 579]
[580 649]
[650 728]
[729 801]
[802 853]
[854 936]
[937 950]
[ 951 1018]
[1019 1265]
[1266 1829]
[1830 1862]
[1863 2015]
[2016 2421]
[2422 2955]
[2956 3032]
[3033 3297]
[3298 3362]
[3363 3542]
[3543 3602]
[3603 3899]
[3900 3913]
[3914 3944]
[3945 3999]
[4000 4019]
[4020 4052]
[4053 4105]
[4106 4186]
[4187 4670]
[4671 4773]
[4774 4826]
[4827 4876]
[4877 4936]
[4937 4982]
[4983 5041]
[5042 5086]
[5087 5128]
[5129 5146]
[5147 5179]
[5180 5420]
[5421 5489]
[5490 5615]
[5616 5770]
[5771 5840]
[5841 6213]
[6214 6284]
[6285 6349]
[6350 6431]
[6432 6514]
[6515 6611]
[6612 7096]
[7097 7837]
[7838 7913]
[7914 7941]
[7942 7969]
[7970 8005]
[8006 8045]
[8046 8146]
[8147 8297]
[8298 8433]
[8434 8469]
[8470 8561]
[8562 8588]
[8589 8629]
[8630 8825]
[8826 8935]
[8936 8985]
[8986 9099]
[9100 9149]
[9150 9316]
[9317 9460]
[9461 9883]
[9884 9951]
[ 9952 10054]
[10055 10222]
[10223 10509]
[10510 10672]
[10673 10780]
[10781 10871]
[10872 11107]
[11108 11223]
[11224 11243]
[11244 11313]
[11314 11741]
[11742 11885]
[11886 12011]
[12012 12050]
[12051 12094]
[12095 12197]
[12198 12224]
[12225 12272]
[12273 12333]
[12334 12417]
[12418 12515]
[12516 12616]
[12617 12694]
[12695 12743]
[12744 12825]
[12826 12877]
[12878 12905]
[12906 12969]
[12970 13007]
[13008 13047]
[13048 13078]
[13079 13174]
[13175 13244]
[13245 13345]
[13346 13376]
[13377 13407]
[13408 13443]
[13444 13474]
[13475 13557]
[13558 13593]
[13594 13773]
[13774 14320]
[14321 14352]
[14353 14437]
[14438 14533]
[14534 14619]
[14620 14785]
[14786 14916]
[14917 15114]
[15115 15140]
[15141 15184]
[15185 15248]
[15249 15319]
[15320 15378]
[15379 15421]
[15422 15543]
[15544 15632]
[15633 15903]
[15904 16078]
[16079 16141]
[16142 16291]
[16292 16392]
[16393 16443]
[16444 16507]
[16508 16674]
[16675 16699]
[16700 16723]
[16724 16814]
[16815 16923]
[16924 17025]
[17026 17113]
[17114 17137]
[17138 17335]
[17336 17448]
[17449 17560]
[17561 17622]
[17623 17899]
[17900 17923]
[17924 18038]
[18039 18135]
[18136 18184]
[18185 18234]
[18235 18283]
[18284 18332]
[18333 18381]
[18382 18417]
[18418 18460]
[18461 18643]
[18644 18692]
[18693 18738]
[18739 18874]
[18875 19333]
[19334 19430]
[19431 19471]
[19472 19537]
[19538 19646]
[19647 19749]
[19750 19785]
[19786 19872]
[19873 19964]
[19965 20032]
[20033 20156]
[20157 20259]
[20260 20323]
[20324 20451]
[20452 20835]
[20836 20882]
[20883 20994]
[20995 21056]
[21057 21146]
[21147 21380]
[21381 21446]
[21447 21480]
[21481 21586]
[21587 21655]
[21656 21759]
[21760 21828]
[21829 21969]
[21970 22080]
[22081 22312]
[22313 22765]
[22766 22852]
[22853 22922]
[22923 22984]
[22985 23054]
[23055 23061]
[23062 23118]
[23119 23137]
[23138 23200]
[23201 23449]
[23450 23486]
[23487 23571]
[23572 23672]
[23673 23780]
[23781 24044]
[24045 24156]
[24157 24205]
[24206 24252]
[24253 24337]
[24338 24404]
[24405 24481]
[24482 24548]
[24549 24622]
[24623 24698]
[24699 24758]
[24759 24807]
[24808 24927]
[24928 25233]
[25234 25300]
[25301 25317]
[25318 25367]
[25368 25431]
[25432 25453]
[25454 25514]
[25515 25569]
[25570 25607]
[25608 25665]
[25666 25741]
[25742 25816]
[25817 25941]
[25942 26036]
[26037 26087]
[26088 26548]
[26549 26669]
[26670 26726]
[26727 26782]
[26783 26837]
[26838 26896]
[26897 26959]
[26960 27022]
[27023 27088]
[27089 27143]
[27144 27206]
[27207 27327]
[27328 27476]
[27477 27890]
[27891 27963]
[27964 28031]
[28032 28079]
[28080 28168]
[28169 28262]
[28263 28324]
[28325 28372]
[28373 28455]
[28456 28544]
[28545 28618]
[28619 28707]
[28708 28774]
[28775 28858]
[28859 29026]
[29027 29071]
[29072 29105]
[29106 29408]
[29409 29534]
[29535 29631]
[29632 29762]
[29763 29902]
[29903 29974]
[29975 30062]
[30063 30165]
[30166 30231]
[30232 30347]
[30348 30451]
[30452 30811]
[30812 31157]
[31158 31241]
[31242 31301]
[31302 31321]
[31322 31381]
[31382 31457]
[31458 31969]
[31970 32067]
[32068 32246]
[32247 32325]
[32326 32387]
[32388 32788]
[32789 32861]
[32862 32923]
[32924 32953]
[32954 33014]
[33015 33384]
[33385 33427]
[33428 33485]
[33486 33531]
[33532 33626]
[33627 33740]
[33741 33867]
[33868 34005]
[34006 34141]
[34142 34335]
[34336 34358]
[34359 34403]
[34404 34439]
[34440 34493]
[34494 34771]
[34772 34819]
[34820 34859]
[34861 34903]
[34904 34946]
[34947 34980]
[34981 35005]
[35006 35021]
[35022 35045]
[35046 35053]
[35054 35086]
[35088 35124]
[35125 35183]
[35184 35202]
[35203 35219]
[35220 35235]
[35236 35259]
[35260 35275]
[35277 35328]
[35329 35342]
[35343 35377]
[35378 35815]
[35816 36015]
[36016 36284]
[36285 36398]
[36399 36531]
[36532 36785]
[36786 36815]
[36816 37046]
[37047 37099]
[37100 37106]
[37107 37449]
[37450 37559]
[37560 37736]
[37737 37917]
[37918 37950]
[37951 37983]
[37984 38011]
[38012 38051]
[38052 38143]
[38144 38264]
[38265 38334]
[38335 38465]
[38466 38629]
[38630 38685]
[38686 38761]
[38762 38790]
[38791 38901]
[38902 38999]
[39000 39090]
[39091 39144]
[39145 39199]
[39200 39231]
[39232 39462]
[39463 39609]
[39610 39702]
[39703 39773]
[39774 39816]
[39817 40312]
[40313 40399]
