[ 0 19]
[21 40]
[41 60]
[ 62 105]
[107 193]
[194 461]
[462 517]
[518 543]
[544 569]
[570 595]
[596 620]
[621 644]
[645 671]
[672 698]
[699 721]
[722 746]
[747 768]
[769 798]
[799 850]
[851 872]
[873 892]
[893 944]
[ 945 1245]
[1246 1285]
[1286 1346]
[1347 1417]
[1418 1478]
[1479 1531]
[1532 1581]
[1582 1631]
[1632 1685]
[1686 1736]
[1737 1785]
[1786 1870]
[1871 1912]
[1913 1967]
[1968 2014]
[2015 2059]
[2060 2157]
[2158 2198]
[2199 2250]
[2251 2293]
[2294 2324]
[2325 2885]
[2886 2948]
[2949 3006]
[3007 3042]
[3043 3085]
[3086 3114]
[3115 3150]
[3151 3258]
[3259 3293]
[3294 3338]
[3339 3383]
[3384 3410]
[3411 3450]
[3451 3580]
[3581 3892]
[3893 3910]
[3911 3931]
[3932 3955]
[3956 3993]
[3994 4007]
[4008 4024]
[4025 4047]
[4048 4072]
[4073 4092]
[4093 4131]
[4132 4151]
[4152 4169]
[4170 4184]
[4185 4203]
[4204 4220]
[4221 4260]
[4261 4333]
[4334 4636]
[4637 4765]
[4766 4799]
[4800 4829]
[4830 4988]
[4989 5022]
[5023 5148]
[5149 5206]
[5207 5254]
[5255 5576]
[5577 5712]
[5713 5774]
[5775 5908]
[5909 5967]
[5968 6042]
[6043 6173]
[6174 6569]
[6570 6635]
[6636 6699]
[6700 6741]
[6742 6794]
[6795 6849]
[6850 6893]
[6894 6933]
[6934 6985]
[6986 7016]
[7017 7212]
[7213 7264]
[7265 7312]
[7313 7367]
[7368 7420]
[7421 7464]
[7465 7613]
[7614 7760]
[7761 7814]
[7815 7873]
[7874 7934]
[7935 8006]
[8007 8037]
[8038 8354]
[8355 8428]
[8429 8498]
[8499 8539]
[8540 8590]
[8591 8628]
[8629 8667]
[8668 8745]
[8746 8892]
[8893 8944]
[8945 9110]
[9111 9186]
[9187 9269]
[9270 9380]
[9382 9515]
[9516 9568]
[9569 9639]
[9640 9733]
[9734 9906]
[9907 9971]
[ 9972 10041]
[10042 10089]
[10090 10197]
[10198 10257]
[10258 10350]
[10351 10572]
[10573 10714]
[10715 10772]
[10773 10856]
[10857 10942]
[10943 11162]
[11163 11320]
[11321 11434]
[11435 11522]
[11523 11551]
[11552 11929]
[11931 11977]
[11978 12054]
[12055 12139]
[12140 12207]
[12208 12262]
[12263 12329]
[12330 12500]
[12501 12572]
[12573 12634]
[12635 12711]
[12712 12882]
[12883 13299]
[13300 13391]
[13392 13451]
[13452 13527]
[13528 13573]
[13574 13619]
[13620 13658]
[13659 13711]
[13712 13798]
[13799 13894]
[13895 13974]
[13975 14019]
[14020 14089]
[14090 14141]
[14142 14216]
[14217 14283]
[14284 14363]
[14364 14434]
[14435 14511]
[14512 14541]
[14542 14610]
[14611 14699]
[14700 14723]
[14724 14754]
[14755 14814]
[14815 14868]
[14869 14902]
[14903 14933]
[14934 14965]
[14966 14994]
[14995 15044]
[15045 15085]
[15086 15125]
[15126 15162]
[15163 15254]
[15255 15628]
[15629 15706]
[15707 16088]
[16089 16324]
[16325 16434]
[16435 16678]
[16679 16756]
[16757 16797]
[16798 16846]
[16847 16898]
[16899 16927]
[16928 16983]
[16984 17015]
[17016 17063]
[17064 17093]
[17094 17149]
[17150 17196]
[17197 17239]
[17240 17572]
[17573 17670]
[17671 17762]
[17763 17811]
[17812 17861]
[17862 17911]
[17912 17986]
[17987 18025]
[18026 18076]
[18077 18134]
[18135 18185]
[18186 18241]
[18242 18284]
[18285 18339]
[18340 18399]
[18400 18456]
[18457 18679]
[18680 18747]
[18748 18802]
[18803 18912]
[18913 18982]
[18983 19045]
[19046 19152]
[19153 19200]
[19201 19270]
[19271 19544]
[19545 19982]
[19983 20161]
[20162 20588]
[20589 20660]
[20661 20726]
[20727 20764]
[20765 20835]
[20836 20908]
[20909 20957]
[20958 21071]
[21072 21107]
[21108 21182]
[21183 21241]
[21242 21299]
[21300 21356]
[21357 21399]
[21400 21655]
[21656 21816]
[21817 21951]
[21952 22084]
[22085 22232]
[22233 22779]
[22780 22849]
