[ 0 26]
[28 47]
[48 67]
[ 69 112]
[114 197]
[198 578]
[579 636]
[637 683]
[684 734]
[735 763]
[764 806]
[807 848]
[849 889]
[890 932]
[933 969]
[ 970 1012]
[1013 1072]
[1073 1110]
[1111 1211]
[1212 1756]
[1758 2255]
[2256 2306]
[2307 2353]
[2354 2394]
[2395 2446]
[2447 2496]
[2497 2543]
[2544 2604]
[2605 2654]
[2655 2705]
[2706 2753]
[2754 2768]
[2769 3217]
[3218 3302]
[3303 3346]
[3347 3362]
[3363 3385]
[3386 3429]
[3430 3469]
[3470 3600]
[3601 3634]
[3635 3675]
[3676 3714]
[3715 3779]
[3780 3815]
[3816 3876]
[3877 3926]
[3927 3981]
[3982 4033]
[4034 4120]
[4121 4163]
[4164 4189]
[4190 4217]
[4218 4392]
[4393 4439]
[4440 4474]
[4475 4505]
[4506 4553]
[4554 4572]
[4573 4604]
[4605 4638]
[4639 4672]
[4673 5068]
[5069 5171]
[5172 5223]
[5224 5273]
[5274 5302]
[5303 5378]
[5379 5396]
[5397 5428]
[5429 5470]
[5471 5494]
[5495 5531]
[5532 5561]
[5562 5591]
[5592 5635]
[5636 5654]
[5655 5710]
[5711 5785]
[5786 5823]
[5824 5908]
[5909 5983]
[5984 6087]
[6088 6130]
[6131 6168]
[6169 6208]
[6209 6255]
[6256 6271]
[6272 6301]
[6302 6322]
[6323 6345]
[6346 6385]
[6386 6428]
[6429 6456]
[6457 6488]
[6489 6775]
[6776 6839]
[6840 6892]
[6893 6941]
[6942 7018]
[7019 7074]
[7075 7113]
[7114 7279]
[7280 7364]
[7365 7416]
[7417 7444]
[7445 7478]
[7479 7502]
[7503 7522]
[7523 7564]
[7565 7697]
[7698 7778]
[7779 7839]
[7840 7894]
[7895 8029]
[8030 8088]
[8089 8147]
[8148 8274]
[8275 8338]
[8339 8388]
[8389 8436]
[8437 8465]
[8466 8743]
[8744 8899]
[8900 9006]
[9007 9087]
[9088 9208]
[9209 9320]
[9321 9402]
[9403 9496]
[9497 9569]
[9570 9664]
[9665 9702]
[ 9703 10013]
[10014 10116]
[10117 10210]
[10211 10244]
[10245 10321]
[10322 10392]
[10393 10624]
[10625 10753]
[10754 10949]
[10950 11037]
[11038 11146]
[11147 11180]
[11181 11273]
[11274 11678]
[11679 11716]
[11717 11760]
[11761 11790]
[11791 11830]
[11831 11876]
[11877 11924]
[11925 12116]
[12117 12153]
[12154 12252]
[12253 12298]
[12299 12333]
[12334 12414]
[12415 12494]
[12495 12607]
[12608 12740]
[12741 12818]
[12819 12874]
[12875 12937]
[12938 13015]
[13016 13368]
[13369 13460]
[13461 13520]
[13521 13561]
[13562 13706]
[13707 13777]
[13778 13825]
[13826 13845]
[13846 13919]
[13920 13967]
[13968 14057]
[14058 14090]
[14091 14132]
[14133 14241]
[14242 14309]
[14310 14401]
[14402 14424]
[14425 14449]
[14450 14503]
[14504 14545]
[14546 14605]
[14606 14630]
[14631 14653]
[14654 14704]
[14705 15091]
[15092 15142]
[15143 15190]
[15191 15235]
[15236 15269]
[15270 15287]
[15288 15332]
[15333 15373]
[15374 15409]
[15410 15442]
[15443 15477]
[15478 15520]
[15521 15566]
[15567 15605]
[15606 15641]
[15642 15683]
[15684 15730]
[15731 15776]
[15777 15820]
[15821 15867]
[15868 15940]
[15941 16029]
[16030 16344]
[16345 16445]
[16446 16523]
[16524 16614]
[16615 16661]
[16662 16741]
[16742 16781]
[16782 16818]
[16819 16868]
[16869 16918]
[16919 16948]
[16949 17112]
[17113 17278]
[17279 17432]
[17433 17487]
[17488 17542]
[17543 17631]
[17632 17701]
[17702 17755]
[17756 17813]
[17814 17854]
[17855 17916]
[17917 17956]
[17957 18068]
[18069 19019]
[19020 19295]
[19296 19351]
[19352 19383]
[19384 19432]
[19433 19476]
[19477 19512]
[19513 19552]
[19554 19589]
[19590 19696]
[19697 19745]
[19746 19801]
[19802 19849]
[19850 19919]
[19920 19962]
[19963 20171]
[20172 20431]
[20432 20601]
[20602 20727]
[20728 20812]
[20813 21010]
[21011 21071]
[21072 21370]
[21371 21461]
[21462 21558]
[21559 21635]
[21636 21701]
[21702 21726]
[21727 21764]
[21765 21835]
[21836 21920]
[21921 21957]
[21958 22023]
[22024 22050]
[22051 22123]
[22124 22142]
[22143 22175]
[22176 22194]
[22195 22259]
[22260 22531]
[22532 22620]
[22621 22643]
[22644 22712]
[22713 22742]
[22743 22809]
[22810 22905]
[22906 22948]
[22949 22986]
[22987 23297]
[23298 23387]
[23388 23453]
[23454 23507]
[23508 23549]
[23550 23625]
[23626 23743]
[23744 23995]
[23996 24084]
[24085 24107]
[24108 24181]
[24182 24327]
[24328 24407]
[24408 24488]
[24489 24559]
[24560 24633]
[24634 24703]
[24704 24766]
[24767 25098]
[25099 25236]
[25238 25360]
[25361 25485]
[25486 25610]
[25611 25707]
[25708 25797]
[25798 25929]
[25930 25975]
[25976 26014]
[26015 26037]
[26038 26332]
[26333 26389]
[26390 26451]
[26452 26493]
[26494 26556]
[26557 26588]
[26589 26635]
[26636 26676]
[26677 26734]
[26735 26779]
[26780 26810]
[26811 26845]
[26846 26874]
[26875 26907]
[26908 26934]
[26935 26963]
[26964 27012]
[27013 27084]
[27085 27133]
[27134 27181]
[27182 27227]
[27228 27268]
[27269 27323]
[27324 28040]
[28041 28090]
[28091 28150]
[28151 28203]
[28204 28244]
[28245 28283]
[28284 28319]
[28320 28369]
[28370 28437]
[28438 28483]
[28484 28543]
[28544 28615]
[28616 28679]
[28680 28728]
[28729 28757]
[28758 28790]
[28791 28831]
[28832 28912]
[28913 28953]
[28954 29059]
[29060 29131]
[29132 29160]
[29161 29422]
[29423 29499]
