[ 0 16]
[17 47]
[49 70]
[ 71 115]
[116 132]
[133 151]
[152 169]
[170 191]
[192 200]
[201 209]
[210 265]
[266 281]
[282 291]
[292 300]
[301 309]
[310 331]
[332 344]
[345 354]
[355 363]
[364 372]
[373 381]
[382 390]
[391 428]
[429 482]
[484 503]
[504 523]
[525 568]
[570 658]
[660 907]
[908 968]
[ 969 1017]
[1018 1051]
[1052 1094]
[1095 1149]
[1150 1185]
[1186 1219]
[1220 1250]
[1251 1287]
[1288 1316]
[1317 1344]
[1345 1392]
[1393 1437]
[1438 1462]
[1463 1547]
[1548 2046]
[2047 2092]
[2093 2127]
[2128 2205]
[2206 2276]
[2277 2507]
[2508 2539]
[2540 2578]
[2579 2615]
[2616 2640]
[2641 2680]
[2681 2751]
[2752 3234]
[3235 3278]
[3279 3329]
[3330 3400]
[3401 3459]
[3460 3549]
[3550 4028]
[4029 4109]
[4110 4157]
[4158 4248]
[4249 4309]
[4310 4357]
[4358 4599]
[4600 4731]
[4732 4824]
[4825 4886]
[4887 4963]
[4964 5016]
[5017 5079]
[5080 5148]
[5149 5189]
[5190 5229]
[5230 5274]
[5275 5326]
[5327 5358]
[5359 5403]
[5404 5467]
[5468 6208]
[6210 6310]
[6311 6741]
[6742 6963]
[6964 6986]
[6987 7053]
[7054 7229]
[7230 7289]
[7290 7360]
[7361 7431]
[7432 7495]
[7496 7548]
[7549 7619]
[7620 7663]
[7664 7695]
[7696 7737]
[7738 7771]
[7772 7854]
[7855 7958]
[7959 8036]
[8037 8172]
[8173 8200]
[8201 8242]
[8243 8300]
[8301 8377]
[8378 8526]
[8527 8662]
[8663 8857]
[8858 8970]
[8971 9009]
[9010 9088]
[9089 9140]
[9141 9188]
[9189 9220]
[9221 9268]
[9269 9332]
[9333 9389]
[9390 9433]
[9434 9482]
[9483 9531]
[9532 9588]
[9589 9628]
[9629 9667]
[9668 9710]
[9711 9746]
[9747 9796]
[ 9797 10025]
[10026 10073]
[10074 10170]
[10171 10248]
[10249 10327]
[10328 10421]
[10422 10504]
[10505 10557]
[10558 10647]
[10648 10745]
[10746 10822]
[10823 10875]
[10876 10917]
[10918 10925]
[10926 11090]
[11091 11193]
[11194 11509]
[11510 11598]
[11599 11629]
[11630 11646]
[11647 11691]
[11692 11716]
[11717 11736]
[11737 11757]
[11758 11771]
[11772 11796]
[11797 11817]
[11818 11832]
[11833 11856]
[11857 11881]
[11882 11912]
[11913 11916]
[11917 11934]
[11935 11960]
[11961 12013]
[12014 12067]
[12068 12091]
[12092 12114]
[12115 12145]
[12146 12174]
[12175 12199]
[12200 12255]
[12256 12349]
[12350 12401]
[12402 12434]
[12435 12543]
[12544 12583]
[12584 12619]
[12620 12646]
[12647 12667]
[12668 12687]
[12688 12741]
[12742 12761]
[12762 12784]
[12785 12896]
[12897 12940]
[12941 13017]
[13018 13083]
[13084 13257]
[13258 13359]
[13360 13492]
[13493 13538]
[13539 13612]
[13613 13684]
[13685 13733]
[13734 13790]
[13791 13823]
[13824 13885]
[13886 13953]
[13954 14008]
[14009 14076]
[14077 14126]
[14127 14175]
[14176 14234]
[14235 14521]
[14522 14609]
[14610 14695]
[14696 14785]
[14786 14859]
[14860 14934]
[14935 14984]
[14985 15078]
[15079 15157]
[15158 15212]
[15213 15367]
[15368 15435]
[15436 15477]
[15478 15523]
[15524 15871]
[15872 15937]
[15938 15994]
[15995 16012]
[16013 16112]
[16113 16147]
[16148 16220]
[16221 16267]
[16268 16358]
[16359 16369]
[16370 16417]
[16418 16491]
[16492 16545]
[16546 16603]
[16604 16627]
[16628 16683]
[16684 16795]
[16796 16819]
[16820 16860]
[16861 17175]
[17176 17487]
[17488 17672]
[17673 17774]
[17775 17881]
[17882 17962]
[17963 18017]
[18018 18065]
[18066 18121]
[18122 18262]
[18263 18350]
[18351 18393]
[18394 18442]
[18443 18534]
[18535 18576]
[18577 18620]
[18621 18703]
[18704 19061]
[19062 19112]
[19113 19130]
[19131 19179]
[19180 19238]
[19239 19286]
[19287 19672]
[19673 19707]
[19708 19777]
[19778 19836]
[19837 19878]
[19879 19970]
[19971 20059]
[20060 20108]
[20109 20160]
[20161 20201]
[20202 20251]
[20252 20325]
[20326 20604]
[20605 20696]
[20697 20857]
[20858 21025]
[21026 21273]
[21274 21406]
[21407 21613]
[21614 21755]
[21756 21879]
[21880 21959]
[21960 22281]
[22282 22341]
[22342 22413]
[22414 22475]
[22476 22541]
[22542 22607]
[22608 22674]
[22675 22739]
[22740 22799]
[22800 22869]
[22870 22949]
[22950 23043]
[23044 23083]
[23084 23200]
[23201 23246]
[23247 23297]
[23298 23349]
[23350 23396]
[23397 23667]
[23668 24514]
[24515 24922]
[24923 25023]
[25024 25094]
[25095 25180]
[25181 25233]
[25234 25315]
[25316 25360]
[25361 25461]
[25462 25573]
[25574 25619]
[25620 26347]
[26348 26405]
[26406 26529]
[26530 26613]
[26614 26669]
[26670 27095]
[27096 27203]
[27204 27366]
[27367 27461]
[27462 27585]
[27586 27950]
[27951 28036]
[28037 28128]
[28129 28222]
[28223 28272]
[28273 28332]
[28333 28393]
[28394 28441]
[28442 28526]
[28527 28623]
[28624 28688]
[28689 28742]
[28743 28984]
[28986 29050]
[29051 29143]
[29144 29193]
[29194 29362]
[29363 29411]
[29412 29491]
[29492 29526]
[29527 29604]
[29605 29671]
[29672 29721]
[29722 29776]
[29777 29847]
[29848 29903]
[29904 30007]
[30008 30103]
[30104 30236]
[30237 30305]
[30306 30333]
[30334 30699]
