[ 0 38]
[39 62]
[64 87]
[ 89 111]
[113 141]
[142 246]
[248 590]
[591 658]
[659 705]
[706 736]
[737 769]
[770 809]
[810 864]
[865 888]
[889 912]
[913 937]
[938 959]
[ 960 1000]
[1001 1031]
[1032 1060]
[1061 1079]
[1080 1102]
[1103 1160]
[1162 1624]
[1625 1688]
[1689 1725]
[1726 1777]
[1778 1805]
[1806 1847]
[1848 1899]
[1900 1942]
[1943 2059]
[2060 2146]
[2147 2230]
[2231 2306]
[2307 2384]
[2385 2434]
[2435 2678]
[2679 2721]
[2722 2771]
[2772 2852]
[2853 2926]
[2927 3022]
[3023 3116]
[3117 3221]
[3222 3284]
[3285 3641]
[3642 3866]
[3867 3902]
[3903 3926]
[3927 3952]
[3953 4019]
[4020 4065]
[4066 4103]
[4104 4160]
[4161 4197]
[4198 4264]
[4265 4318]
[4319 4406]
[4407 4913]
[4914 5015]
[5016 5101]
[5102 5206]
[5207 5319]
[5320 5422]
[5423 5482]
[5483 5573]
[5574 5605]
[5606 5662]
[5663 5723]
[5724 5775]
[5776 5817]
[5818 5919]
[5920 6595]
[6596 6704]
[6705 6805]
[6806 6961]
[6962 7066]
[7067 7178]
[7179 7262]
[7263 7396]
[7397 7475]
[7476 7567]
[7568 7609]
[7610 7674]
[7675 7789]
[7790 7879]
[7880 8252]
[8253 8293]
[8294 8374]
[8375 8408]
[8409 8499]
[8500 8561]
[8562 8619]
[8620 8693]
[8694 8758]
[8759 8840]
[8841 8914]
[8915 8996]
[8997 9049]
[9050 9081]
[9083 9139]
[9140 9195]
[9196 9290]
[9291 9371]
[9372 9431]
[9432 9721]
[9722 9808]
[9809 9855]
[9856 9884]
[9885 9968]
[ 9969 10065]
[10066 10142]
[10143 10211]
[10212 10267]
[10268 10310]
[10311 10341]
[10342 10409]
[10410 10513]
[10514 10585]
[10586 10637]
[10638 10700]
[10701 10732]
[10733 10814]
[10815 10869]
[10870 10941]
[10942 10984]
[10985 11024]
[11025 11067]
[11068 11122]
[11123 11187]
[11188 11217]
[11218 11277]
[11278 11343]
[11344 11407]
[11408 11479]
[11480 11558]
[11559 11601]
[11602 11632]
[11633 11665]
[11666 11695]
[11696 11768]
[11769 11805]
[11806 11836]
[11837 11872]
[11873 12001]
[12002 12452]
[12453 12539]
[12540 12611]
[12612 12668]
[12669 12730]
[12731 12917]
[12918 13140]
[13141 13186]
[13187 13276]
[13277 13334]
[13335 13397]
[13398 13526]
[13527 13606]
[13607 13660]
[13661 13768]
[13769 13853]
[13854 13948]
[13949 14088]
[14089 14558]
[14559 14625]
[14626 14706]
[14707 14796]
[14797 14886]
[14887 14951]
[14952 15029]
[15030 15107]
[15108 15176]
[15177 15233]
[15234 15268]
[15269 15328]
[15329 15425]
[15426 15470]
[15471 15561]
[15562 16002]
[16003 16106]
[16107 16280]
[16281 16527]
[16528 16691]
[16692 16854]
[16855 16878]
[16879 17049]
[17050 17193]
[17194 17292]
[17293 17369]
[17370 17564]
[17565 17660]
[17661 17795]
[17796 18111]
[18112 18291]
[18292 18406]
[18407 18462]
[18463 18576]
[18577 18711]
[18712 18880]
[18881 18940]
[18941 19012]
[19013 19070]
[19071 19120]
[19121 19167]
[19168 19248]
[19249 19287]
[19288 19326]
[19327 19365]
[19366 19406]
[19407 19474]
[19475 19498]
[19499 19545]
[19546 19659]
[19660 20075]
[20077 20120]
[20121 20176]
[20177 20264]
[20265 20326]
[20327 20393]
[20394 20645]
[20646 20718]
[20719 20751]
[20752 20814]
[20815 20865]
[20866 20930]
[20931 20972]
[20973 21009]
[21010 21046]
[21047 21165]
[21166 21601]
[21602 22004]
[22005 22174]
[22175 22384]
[22385 22594]
[22595 22804]
[22805 22987]
[22988 23070]
[23071 23268]
[23270 23328]
[23329 23369]
[23370 23420]
[23421 23499]
[23500 23543]
[23544 23610]
[23611 23664]
[23665 23745]
[23746 23817]
[23818 23865]
[23866 23991]
[23992 24023]
[24024 24222]
[24223 24746]
[24747 24840]
[24841 24950]
[24951 25037]
[25038 25131]
[25132 25230]
[25231 25352]
[25353 25446]
[25447 25542]
[25543 25634]
[25635 25667]
[25668 25767]
[25768 25814]
[25815 25914]
[25915 26300]
[26301 26400]
[26401 26474]
[26475 26521]
[26522 26595]
[26596 26659]
[26660 26705]
[26706 26750]
[26751 26787]
[26788 27060]
[27061 27231]
[27232 27234]
[27235 27269]
[27270 27272]
[27273 27283]
[27284 27287]
[27288 27577]
[27578 27588]
[27589 27591]
[27592 27599]
[27600 27602]
[27603 27609]
[27610 27672]
[27673 27782]
[27783 27815]
[27816 27872]
[27873 27921]
[27922 27965]
[27966 27991]
[27992 28413]
[28414 29021]
[29022 29139]
[29140 29270]
[29271 29321]
[29322 29474]
[29475 29610]
[29611 29998]
[29999 30096]
[30097 30137]
[30138 30208]
[30209 30249]
[30250 30298]
[30299 30356]
[30357 30408]
[30409 30466]
[30467 30483]
[30484 30532]
[30533 30611]
[30612 30674]
[30675 30734]
[30735 30806]
[30807 30868]
[30869 30903]
[30904 31194]
[31196 31299]
