[ 0 28]
[ 29 311]
[312 365]
[366 398]
[399 426]
[427 458]
[459 492]
[493 518]
[519 545]
[546 571]
[572 593]
[594 616]
[617 668]
[669 743]
[744 772]
[773 802]
[803 833]
[834 941]
[ 942 1967]
[1968 2047]
[2048 2114]
[2115 2173]
[2174 2228]
[2229 2291]
[2292 2374]
[2375 2452]
[2453 2560]
[2561 2603]
[2604 2653]
[2654 2689]
[2690 2764]
[2765 2859]
[2860 3010]
[3011 3163]
[3164 3231]
[3232 3935]
[3936 3990]
[3991 4059]
[4060 4113]
[4114 4149]
[4150 4201]
[4202 4245]
[4246 4294]
[4295 4351]
[4352 4392]
[4393 4445]
[4446 4489]
[4490 4558]
[4559 4594]
[4595 4642]
[4643 4669]
[4670 4698]
[4699 4756]
[4757 4783]
[4784 4833]
[4834 4878]
[4879 4928]
[4929 4988]
[4989 5030]
[5031 5066]
[5067 5139]
[5140 5198]
[5199 5246]
[5247 5301]
[5302 5341]
[5342 5378]
[5379 5410]
[5411 5454]
[5455 5906]
[5907 5955]
[5956 5988]
[5989 6105]
[6106 6139]
[6140 6174]
[6175 6328]
[6329 6403]
[6404 6458]
[6459 6517]
[6518 6657]
[6658 6784]
[6785 6881]
[6882 6897]
[6898 6934]
[6935 6974]
[6975 7018]
[7019 7147]
[7148 7195]
[7196 7238]
[7239 7291]
[7292 7331]
[7332 7379]
[7380 7651]
[7652 7760]
[7761 7853]
[7854 8037]
[8038 8115]
[8116 8186]
[8187 8248]
[8249 8340]
[8341 8412]
[8413 8469]
[8470 8549]
[8550 9044]
[9045 9143]
[9144 9181]
[9182 9329]
[9330 9393]
[9394 9477]
[9478 9533]
[9534 9634]
[9635 9705]
[9706 9776]
[9777 9854]
[9855 9949]
[ 9950 10032]
[10033 10118]
[10119 10176]
[10177 10231]
[10232 10293]
[10294 10322]
[10323 10353]
[10354 10384]
[10385 10411]
[10412 10437]
[10438 10477]
[10478 10531]
[10532 10569]
[10570 10671]
[10672 11083]
[11084 11223]
[11224 11296]
[11297 11481]
[11482 11667]
[11668 11921]
[11922 12186]
[12187 12337]
[12338 12469]
[12470 12569]
[12570 12797]
[12798 13015]
[13016 13157]
[13158 13378]
[13379 14071]
[14072 14149]
[14150 14530]
[14531 14670]
[14671 14763]
[14764 14915]
[14916 15089]
[15090 15205]
[15206 15308]
[15309 15381]
[15382 15450]
[15451 15590]
[15591 15684]
[15685 15874]
[15875 15924]
[15925 16205]
[16206 16245]
[16246 16275]
[16276 16316]
[16317 16394]
[16395 16409]
[16410 16438]
[16439 16496]
[16497 16538]
[16539 16578]
[16579 16631]
[16632 16687]
[16688 16777]
[16778 16838]
[16839 16949]
[16950 16983]
[16984 17048]
[17049 17134]
[17135 17197]
[17198 17306]
[17307 17355]
[17356 17411]
[17412 17465]
[17466 17540]
[17541 18069]
[18070 18265]
[18266 18708]
[18709 18753]
[18754 18847]
[18848 19092]
[19093 19139]
[19140 19277]
[19278 19474]
[19475 19540]
[19541 19605]
[19606 19654]
[19655 19685]
[19686 19714]
[19715 19734]
[19735 19755]
[19756 19777]
[19778 19803]
[19804 19834]
[19835 19874]
[19875 19911]
[19912 19946]
[19947 19975]
[19976 20007]
[20008 20094]
[20095 20420]
[20421 20464]
[20465 20520]
[20521 20561]
[20562 20661]
[20662 20746]
[20747 20851]
[20852 20931]
[20932 20998]
[20999 21071]
[21072 21115]
[21116 21160]
[21161 21185]
[21186 21240]
[21241 21280]
[21281 21330]
[21331 21377]
[21378 21409]
[21410 21463]
[21464 21509]
[21510 21566]
[21567 21620]
[21621 21661]
[21662 21985]
[21986 22042]
[22043 22100]
[22101 22223]
[22224 22319]
[22320 22363]
[22364 22422]
[22423 22471]
[22472 22496]
[22497 22541]
[22542 22604]
[22605 22631]
[22632 22693]
[22694 22756]
[22757 22817]
[22818 22863]
[22864 22919]
[22920 22964]
[22965 23018]
[23019 23073]
[23074 23122]
[23123 23163]
[23164 23189]
[23190 23251]
[23252 23297]
[23298 23339]
[23340 23667]
[23668 23751]
[23752 23834]
[23835 23919]
[23920 24002]
[24003 24114]
[24115 24239]
[24240 24364]
[24365 24466]
[24467 24525]
[24526 24627]
[24628 24717]
[24718 24806]
[24807 24880]
[24881 25149]
[25150 25287]
[25288 25335]
[25336 25394]
[25395 25473]
[25474 25547]
[25548 25634]
[25635 25748]
[25749 25876]
[25877 25965]
[25966 26001]
[26002 26216]
[26217 26261]
[26262 26523]
[26524 26869]
[26870 26975]
[26976 27025]
[27026 27100]
[27101 27156]
[27157 27227]
[27228 27316]
[27317 27389]
[27390 27456]
[27457 27508]
[27509 27806]
[27807 28035]
[28036 28231]
[28232 28396]
[28397 28760]
[28761 28887]
[28888 29102]
[29103 29242]
[29243 29336]
[29337 29481]
[29482 29561]
[29562 29640]
[29641 29705]
[29706 29823]
[29824 29905]
[29906 29957]
[29958 30033]
[30034 30054]
[30055 30318]
[30320 30399]
