[0 9]
[ 11 259]
[260 313]
[314 341]
[342 367]
[368 396]
[397 418]
[419 440]
[441 468]
[469 500]
[501 532]
[533 564]
[565 597]
[598 626]
[627 655]
[656 690]
[691 770]
[771 805]
[806 895]
[ 896 1270]
[1271 1352]
[1353 1434]
[1435 1540]
[1541 1598]
[1599 1648]
[1649 1703]
[1704 1763]
[1764 1813]
[1814 1889]
[1890 1927]
[1928 1983]
[1984 2043]
[2044 2080]
[2081 2124]
[2125 2176]
[2177 2281]
[2282 2314]
[2315 2350]
[2351 2401]
[2402 2516]
[2517 2584]
[2585 2640]
[2641 2715]
[2716 2775]
[2776 2839]
[2840 3234]
[3235 3271]
[3272 3341]
[3342 3396]
[3397 3414]
[3415 3460]
[3461 3484]
[3485 3520]
[3521 3562]
[3563 3591]
[3592 3639]
[3640 3778]
[3779 3853]
[3854 4100]
[4101 4177]
[4178 4245]
[4246 4371]
[4372 4444]
[4445 4502]
[4503 4561]
[4562 4568]
[4569 4847]
[4848 4928]
[4929 4986]
[4987 5035]
[5036 5093]
[5094 5142]
[5143 5279]
[5280 5325]
[5326 5372]
[5373 5393]
[5394 5479]
[5480 5530]
[5531 5576]
[5577 5629]
[5630 5676]
[5677 5705]
[5706 5775]
[5776 5821]
[5822 5888]
[5889 5967]
[5968 5995]
[5996 6070]
[6071 6127]
[6128 6169]
[6170 6241]
[6242 6662]
[6663 6688]
[6689 6741]
[6742 6782]
[6783 6820]
[6821 6872]
[6873 6968]
[6969 7039]
[7040 7081]
[7082 7142]
[7143 7206]
[7207 7290]
[7291 7365]
[7366 7428]
[7429 7488]
[7489 7544]
[7545 7622]
[7623 7688]
[7689 7708]
[7709 7755]
[7756 7794]
[7795 7847]
[7848 7881]
[7882 7909]
[7910 7965]
[7966 8394]
[8395 8420]
[8421 8718]
[8719 8789]
[8790 8861]
[8862 8934]
[8935 8936]
[8937 9074]
[9075 9147]
[9148 9194]
[9195 9247]
[9248 9298]
[9299 9322]
[9323 9427]
[9428 9491]
[9492 9534]
[9535 9616]
[9617 9709]
[9710 9844]
[9845 9894]
[9895 9944]
[ 9945 10032]
[10033 10089]
[10090 10130]
[10131 10158]
[10159 10181]
[10182 10221]
[10222 10246]
[10247 10269]
[10270 10302]
[10303 10327]
[10328 10352]
[10353 10372]
[10373 10402]
[10403 10424]
[10425 10535]
[10536 10905]
[10906 11123]
[11124 11258]
[11259 11381]
[11382 11490]
[11491 11580]
[11581 11680]
[11681 11767]
[11768 11839]
[11840 11973]
[11974 12067]
[12068 12131]
[12132 12187]
[12188 12457]
[12458 12601]
[12602 12649]
[12650 12716]
[12717 12923]
[12924 13003]
[13004 13080]
[13081 13141]
[13142 13191]
[13192 13245]
[13246 13386]
[13387 13421]
[13422 13591]
[13592 13696]
[13697 13792]
[13793 14036]
[14037 14132]
[14133 14240]
[14241 14373]
[14374 14479]
[14480 14687]
[14688 14796]
[14797 14899]
[14900 15072]
[15073 15574]
[15575 15628]
[15629 15752]
[15753 15877]
[15878 15905]
[15906 15962]
[15963 16084]
[16085 16213]
[16214 16235]
[16236 16439]
[16440 16552]
[16553 16627]
[16628 16753]
[16754 16789]
[16790 16836]
[16837 17192]
[17193 17275]
[17276 17327]
[17328 17389]
[17390 17443]
[17444 17489]
[17490 17522]
[17523 17614]
[17615 17658]
[17659 17719]
[17720 17755]
[17756 17819]
[17820 17873]
[17874 17916]
[17917 17947]
[17948 18024]
[18025 18059]
[18060 18088]
[18089 18116]
[18117 18184]
[18185 18215]
[18216 18249]
[18250 18292]
[18293 18436]
[18437 18489]
[18490 18554]
[18555 18826]
[18827 18894]
[18895 18967]
[18968 19013]
[19014 19105]
[19106 19149]
[19150 19212]
[19213 19271]
[19272 19282]
[19283 19367]
[19368 19562]
[19563 19605]
[19606 19624]
[19625 19673]
[19674 19709]
[19710 19810]
[19811 19865]
[19866 19910]
[19911 19996]
[19997 20072]
[20073 20156]
[20157 20221]
[20222 20262]
[20263 20297]
[20298 20457]
[20458 20516]
[20517 20585]
[20586 20639]
[20640 20696]
[20697 20721]
[20722 20762]
[20763 20778]
[20779 20841]
[20842 20868]
[20869 20959]
[20960 21277]
[21278 21329]
[21330 21456]
[21457 21606]
[21607 21671]
[21672 21890]
[21891 21964]
[21965 22301]
[22302 22487]
[22488 22756]
[22757 23009]
[23010 23291]
[23292 23469]
[23470 23640]
[23641 23671]
[23672 23727]
[23728 23978]
[23979 24048]
[24049 24115]
[24116 24189]
[24190 24256]
[24257 24396]
[24397 24462]
[24463 24530]
[24531 24595]
[24596 24658]
[24659 24720]
[24721 24780]
[24781 24837]
[24838 24897]
[24898 24962]
[24963 25016]
[25017 25083]
[25084 25505]
[25506 25552]
[25553 25573]
[25574 25647]
[25648 25689]
[25690 25742]
[25743 25787]
[25788 25862]
[25863 25925]
[25926 25968]
[25969 26030]
[26031 26114]
[26115 26159]
[26160 26248]
[26249 26282]
[26283 26364]
[26365 26446]
[26447 26485]
[26486 26511]
[26512 26796]
[26797 26901]
[26902 26962]
[26963 27064]
[27065 27302]
[27303 27346]
[27347 27401]
[27402 27421]
[27422 27559]
[27560 27599]
[27600 27727]
[27728 27773]
[27774 27833]
[27834 27970]
[27971 28550]
[28552 28649]
