[ 0 43]
[ 45 306]
[307 367]
[368 403]
[404 429]
[430 461]
[462 494]
[495 525]
[526 562]
[563 587]
[588 618]
[619 651]
[652 682]
[683 713]
[714 730]
[731 776]
[ 777 1128]
[1129 1191]
[1192 1237]
[1238 1262]
[1263 1288]
[1289 1336]
[1337 1385]
[1386 1438]
[1439 1542]
[1543 1575]
[1576 1614]
[1615 1659]
[1660 1710]
[1711 1778]
[1779 1833]
[1834 1902]
[1903 1942]
[1943 1987]
[1988 2036]
[2037 2088]
[2089 2134]
[2135 2178]
[2179 2208]
[2209 2219]
[2220 2287]
[2288 2356]
[2357 2384]
[2385 2419]
[2420 2491]
[2492 2539]
[2540 2588]
[2589 2665]
[2666 3078]
[3079 3098]
[3099 3157]
[3158 3181]
[3182 3204]
[3205 3259]
[3260 3336]
[3337 3364]
[3365 3410]
[3411 3445]
[3446 3534]
[3535 3654]
[3655 3687]
[3688 3712]
[3713 3744]
[3745 3775]
[3776 3827]
[3828 3903]
[3904 3946]
[3947 3984]
[3985 4042]
[4043 4067]
[4068 4124]
[4125 4180]
[4181 4238]
[4239 4298]
[4299 4332]
[4333 4365]
[4366 4408]
[4409 4498]
[4499 4792]
[4793 4817]
[4818 4873]
[4874 4921]
[4922 4972]
[4973 5021]
[5022 5069]
[5070 5114]
[5115 5165]
[5166 5216]
[5217 5268]
[5269 5316]
[5317 5368]
[5369 5432]
[5433 5490]
[5491 5543]
[5544 5592]
[5593 5942]
[5943 6013]
[6014 6066]
[6067 6117]
[6118 6162]
[6163 6200]
[6201 6266]
[6267 6312]
[6313 6686]
[6687 7118]
[7119 7149]
[7150 7198]
[7199 7253]
[7254 7313]
[7314 7437]
[7438 7483]
[7484 7622]
[7623 7639]
[7640 7739]
[7740 7783]
[7784 7814]
[7815 7920]
[7921 7940]
[7941 7997]
[7998 8067]
[8068 8174]
[8175 8295]
[8296 8320]
[8321 8422]
[8423 8469]
[8470 8500]
[8501 8574]
[8575 8622]
[8623 8690]
[8691 8752]
[8753 8970]
[8971 9260]
[9262 9303]
[9304 9351]
[9352 9399]
[9400 9485]
[9486 9540]
[9541 9595]
[9596 9659]
[9660 9710]
[9711 9733]
[9734 9867]
[9868 9974]
[ 9975 10029]
[10030 10054]
[10055 10111]
[10112 10160]
[10161 10218]
[10219 10337]
[10338 10409]
[10410 10489]
[10490 10544]
[10545 10618]
[10619 10669]
[10670 10740]
[10741 10859]
[10860 10903]
[10904 10933]
[10934 10974]
[10975 11004]
[11005 11039]
[11040 11098]
[11099 11149]
[11150 11205]
[11206 11765]
[11766 11795]
[11796 11836]
[11837 11866]
[11867 11950]
[11951 11980]
[11981 12025]
[12026 12096]
[12097 12129]
[12130 12214]
[12215 12267]
[12268 12316]
[12317 12399]
[12400 12495]
[12496 12560]
[12561 12647]
[12648 12766]
[12767 12883]
[12884 12969]
[12970 13026]
[13027 13091]
[13092 13199]
[13200 13595]
[13596 13677]
[13678 13734]
[13735 13795]
[13796 13851]
[13852 13896]
[13897 14023]
[14024 14101]
[14102 14362]
[14363 14417]
[14418 14548]
[14549 14656]
[14657 14758]
[14759 14830]
[14831 14860]
[14861 15240]
[15242 15471]
[15472 15650]
[15651 15760]
[15761 15854]
[15855 15890]
[15891 15952]
[15953 15992]
[15993 16034]
[16035 16062]
[16063 16092]
[16093 16117]
[16118 16147]
[16148 16193]
[16194 16263]
[16264 16364]
[16365 16435]
[16436 16567]
[16568 16930]
[16931 17011]
[17012 17072]
[17073 17151]
[17152 17399]
[17400 17551]
[17552 17742]
[17743 17874]
[17875 17999]
[18000 18237]
[18238 18588]
[18589 18642]
[18643 18710]
[18711 18801]
[18802 18855]
[18856 18987]
[18988 19078]
[19079 19133]
[19134 19188]
[19189 19232]
[19233 19356]
[19357 19520]
[19521 19590]
[19591 19690]
[19691 19778]
[19779 19869]
[19870 19941]
[19942 20000]
[20001 20306]
[20307 20351]
[20352 20392]
[20393 20444]
[20445 20562]
[20563 20621]
[20622 20655]
[20656 20706]
[20707 20751]
[20752 20798]
[20799 20857]
[20858 20955]
[20956 21113]
[21114 21173]
[21174 21206]
[21207 21290]
[21291 21343]
[21344 21406]
[21407 21484]
[21485 21533]
[21534 21601]
[21602 21660]
[21661 21722]
[21723 21803]
[21804 21858]
[21859 22016]
[22017 22067]
[22068 22114]
[22115 22155]
[22156 22196]
[22197 22251]
[22252 22300]
[22301 22359]
[22360 22449]
[22450 22841]
[22842 22946]
[22947 23008]
[23009 23062]
[23063 23132]
[23133 23175]
[23176 23204]
[23205 23263]
[23264 23314]
[23315 23368]
[23369 23421]
[23422 23470]
[23471 23557]
[23558 24065]
[24066 24159]
[24160 24247]
[24248 24335]
[24336 24408]
[24409 24499]
[24500 24583]
[24584 24678]
[24679 24761]
[24762 24841]
[24842 25231]
[25232 25414]
[25415 25514]
[25515 25678]
[25679 25788]
[25789 25922]
[25923 26039]
[26040 26346]
[26347 26417]
[26418 26479]
[26480 26548]
[26549 26600]
[26601 26710]
[26711 26773]
[26774 26822]
[26823 26902]
[26903 26950]
[26951 27019]
[27020 27417]
[27418 27492]
[27493 27583]
[27584 27666]
[27667 28113]
[28114 28183]
[28184 28218]
[28219 28308]
[28309 28363]
[28364 28427]
[28428 28494]
[28495 28553]
[28554 28619]
[28620 29112]
[29113 29161]
[29162 29183]
[29184 29225]
[29226 29334]
[29335 29393]
[29394 29496]
[29497 29558]
[29559 29654]
[29655 29775]
[29776 29876]
[29877 29973]
[29974 30034]
[30035 30130]
[30131 30248]
[30249 30344]
[30345 30742]
[30743 30819]
[30820 30878]
[30879 30937]
[30938 30994]
[30995 31109]
[31110 31166]
[31167 31307]
[31308 31358]
[31359 31417]
[31418 31472]
[31473 31532]
[31533 31573]
[31574 31630]
[31631 31688]
[31689 31747]
[31748 31788]
[31789 31841]
[31842 31884]
[31885 31939]
[31940 32176]
[32177 32249]
