[ 0 17]
[ 18 345]
[346 403]
[404 434]
[435 465]
[466 496]
[497 530]
[531 561]
[562 592]
[593 623]
[624 654]
[655 685]
[686 716]
[717 747]
[748 779]
[780 810]
[811 841]
[842 872]
[873 901]
[902 978]
[ 980 1321]
[1322 1366]
[1367 1416]
[1417 1449]
[1450 1489]
[1490 1533]
[1534 1570]
[1571 1667]
[1668 1748]
[1749 1833]
[1834 1936]
[1937 2016]
[2017 2049]
[2050 2082]
[2083 2117]
[2118 2160]
[2161 2200]
[2201 2337]
[2338 2393]
[2394 2452]
[2453 2498]
[2499 2549]
[2550 2601]
[2602 2637]
[2638 2756]
[2757 2843]
[2844 2907]
[2908 3030]
[3031 3083]
[3084 3477]
[3478 3544]
[3545 3586]
[3587 3617]
[3618 3670]
[3671 3729]
[3730 3796]
[3797 3842]
[3843 3963]
[3964 4024]
[4025 4098]
[4099 4188]
[4189 4282]
[4283 4350]
[4351 4394]
[4395 4475]
[4476 4531]
[4532 4930]
[4931 5006]
[5007 5071]
[5072 5123]
[5124 5168]
[5169 5223]
[5224 5276]
[5277 5332]
[5333 5369]
[5370 5407]
[5408 5458]
[5459 5608]
[5609 5664]
[5665 5717]
[5718 5774]
[5775 5831]
[5832 5894]
[5895 5942]
[5943 5991]
[5992 6035]
[6036 6082]
[6083 6122]
[6123 6161]
[6162 6204]
[6205 6246]
[6247 6584]
[6585 6770]
[6771 6804]
[6805 6867]
[6868 6900]
[6901 6952]
[6953 6976]
[6977 7006]
[7007 7032]
[7033 7090]
[7091 7110]
[7111 7163]
[7164 7211]
[7212 7252]
[7253 7273]
[7274 7297]
[7298 7331]
[7332 7356]
[7357 7398]
[7399 7443]
[7444 7514]
[7515 7569]
[7570 7612]
[7613 7661]
[7662 7712]
[7713 7748]
[7749 7785]
[7786 7797]
[7798 8106]
[8107 8285]
[8286 8322]
[8323 8358]
[8359 8380]
[8381 8431]
[8432 8507]
[8508 8583]
[8584 8659]
[8660 8735]
[8736 8806]
[8807 8867]
[8868 8938]
[8939 8993]
[8994 9060]
[9061 9131]
[9132 9219]
[9220 9283]
[9284 9359]
[9360 9435]
[9436 9495]
[9496 9555]
[9556 9615]
[9616 9646]
[9647 9689]
[9690 9745]
[9746 9781]
[9782 9817]
[9818 9853]
[9854 9889]
[9890 9925]
[9926 9961]
[9962 9997]
[ 9998 10033]
[10034 10069]
[10070 10105]
[10106 10190]
[10191 10676]
[10677 10706]
[10707 10780]
[10781 10850]
[10851 10901]
[10902 10953]
[10954 11016]
[11017 11055]
[11056 11290]
[11291 11387]
[11388 11442]
[11443 11503]
[11504 11536]
[11537 11566]
[11567 11598]
[11599 11645]
[11646 11679]
[11680 11717]
[11718 11761]
[11762 12055]
[12056 12111]
[12112 12147]
[12148 12194]
[12195 12269]
[12270 12640]
[12641 12738]
[12739 12914]
[12915 13002]
[13003 13075]
[13076 13219]
[13220 13295]
[13296 13363]
[13364 13694]
[13695 13755]
[13756 13814]
[13815 13863]
[13864 13901]
[13902 14286]
[14287 14347]
[14348 14384]
[14385 14437]
[14438 14474]
[14475 14579]
[14580 14627]
[14628 14737]
[14738 14758]
[14759 14809]
[14810 14867]
[14868 14919]
[14920 14968]
[14969 15009]
[15010 15112]
[15113 15216]
[15217 15261]
[15262 15312]
[15313 15536]
[15537 15587]
[15588 15748]
[15749 15928]
[15929 15986]
[15987 16040]
[16041 16092]
[16093 16131]
[16132 16185]
[16186 16290]
[16291 16336]
[16337 16446]
[16447 16536]
[16537 16626]
[16627 16841]
[16842 16886]
[16887 16932]
[16933 17227]
[17228 17255]
[17256 17306]
[17307 17372]
[17373 17398]
[17399 17440]
[17441 17638]
[17639 17818]
[17819 17860]
[17861 17902]
[17903 17962]
[17963 18071]
[18072 18130]
[18131 18156]
[18157 18230]
[18231 18580]
[18581 18664]
[18665 18756]
[18757 18808]
[18809 18880]
[18881 18927]
[18928 18990]
[18991 19071]
[19072 19126]
[19127 19434]
[19435 19497]
[19498 19563]
[19564 19632]
[19633 19680]
[19681 19705]
[19706 19772]
[19773 19793]
[19794 19873]
[19874 20208]
[20209 20301]
[20302 20504]
[20505 20557]
[20558 20603]
[20604 20687]
[20688 20839]
[20840 21027]
[21028 21080]
[21081 21131]
[21132 21188]
[21189 21235]
[21236 21320]
[21321 21369]
[21370 21428]
[21429 21464]
[21465 21500]
[21501 21536]
[21537 21572]
[21573 21608]
[21609 21644]
[21645 21680]
[21681 21716]
[21717 21752]
[21753 21788]
[21789 21864]
[21865 22311]
[22312 22561]
[22562 22681]
[22682 22722]
[22723 22844]
[22845 22977]
[22978 23090]
[23091 23241]
[23242 23529]
[23530 23662]
[23663 23778]
[23779 23843]
[23844 23903]
[23904 23974]
[23975 24254]
[24255 24427]
[24428 24543]
[24544 24657]
[24658 24802]
[24803 24922]
[24923 25007]
[25008 25074]
[25075 25121]
[25122 25169]
[25170 25210]
[25211 25246]
[25247 25564]
[25565 25632]
[25633 25692]
[25693 25724]
[25725 25772]
[25773 25810]
[25811 25887]
[25888 25929]
[25930 26005]
[26006 26046]
[26047 26138]
[26139 26233]
[26234 26258]
[26259 26326]
[26327 26370]
[26371 26475]
[26476 26528]
[26529 26592]
[26593 26632]
[26633 26722]
[26723 27043]
[27044 27260]
[27261 27342]
[27343 27379]
[27380 27464]
[27465 27569]
[27570 27780]
[27781 27858]
[27859 27909]
[27910 27974]
[27975 28049]
[28050 28101]
[28102 28135]
[28136 28223]
[28224 28259]
[28260 28289]
[28290 28388]
[28389 28470]
[28471 28678]
[28679 28987]
[28988 29062]
[29063 29092]
[29093 29118]
[29119 29202]
[29203 29270]
[29271 29431]
[29432 29478]
[29479 29549]
[29550 29625]
[29626 29717]
[29718 29803]
[29804 29856]
[29857 30151]
[30152 30233]
[30234 30307]
[30308 30378]
[30379 30523]
[30524 30624]
[30625 30747]
[30748 30801]
[30802 30856]
[30857 30906]
[30907 30970]
[30971 30990]
[30991 31075]
[31076 31411]
[31412 31649]
[31650 31749]
[31750 31892]
[31893 32010]
[32011 32138]
[32139 32276]
[32277 32368]
[32369 32514]
[32515 32618]
[32619 32714]
[32715 32772]
[32773 32968]
[32969 33389]
[33390 33550]
[33551 33608]
[33609 33941]
[33942 34043]
[34044 34092]
[34093 34130]
[34131 34157]
[34158 34246]
[34247 34297]
[34298 34369]
[34370 34446]
[34447 34539]
[34540 34630]
[34631 34676]
[34677 34740]
[34741 34801]
[34802 35068]
[35069 35149]
