[ 0 36]
[ 37 356]
[357 392]
[393 422]
[423 450]
[451 483]
[484 516]
[517 547]
[548 579]
[580 607]
[608 644]
[645 675]
[676 732]
[733 776]
[777 811]
[812 840]
[841 938]
[ 939 1221]
[1223 1276]
[1277 1321]
[1322 1381]
[1382 1431]
[1432 1471]
[1472 1512]
[1513 1568]
[1569 1635]
[1636 1696]
[1697 1762]
[1763 1842]
[1843 1907]
[1908 1979]
[1980 2037]
[2038 2089]
[2090 2134]
[2135 2157]
[2158 2482]
[2483 2570]
[2571 2652]
[2653 2711]
[2712 2767]
[2768 2831]
[2832 3114]
[3115 3813]
[3814 3864]
[3865 3976]
[3977 4024]
[4025 4074]
[4075 4128]
[4129 4163]
[4164 4201]
[4202 4280]
[4281 4391]
[4392 4459]
[4460 4497]
[4498 4668]
[4669 4723]
[4724 4789]
[4790 4825]
[4826 5075]
[5076 5287]
[5288 5394]
[5395 5524]
[5525 5617]
[5618 5694]
[5695 5785]
[5786 5929]
[5930 6042]
[6043 6134]
[6135 6360]
[6361 6431]
[6432 6501]
[6502 6789]
[6790 6855]
[6856 6920]
[6921 7031]
[7032 7121]
[7122 7197]
[7198 7272]
[7273 7335]
[7336 7556]
[7557 7604]
[7605 7652]
[7653 7706]
[7707 7750]
[7751 7848]
[7849 7924]
[7925 7987]
[7988 8049]
[8050 8114]
[8115 8165]
[8166 8224]
[8225 8291]
[8292 8353]
[8354 8386]
[8387 8631]
[8632 8845]
[8846 8887]
[8888 8917]
[8918 8940]
[8941 8963]
[8964 8997]
[8998 9029]
[9030 9064]
[9065 9087]
[9088 9157]
[9158 9434]
[9435 9515]
[9516 9549]
[9550 9597]
[9598 9653]
[9654 9706]
[9707 9757]
[9758 9779]
[9780 9829]
[9830 9886]
[9887 9918]
[9919 9967]
[ 9968 10013]
[10014 10071]
[10072 10130]
[10131 10155]
[10156 10181]
[10182 10210]
[10211 10239]
[10240 10272]
[10273 10310]
[10311 10369]
[10370 10406]
[10407 10465]
[10466 10569]
[10570 11042]
[11043 11103]
[11104 11151]
[11152 11229]
[11230 11285]
[11286 11343]
[11344 11399]
[11400 11463]
[11464 11505]
[11506 11551]
[11552 11604]
[11605 11654]
[11655 11710]
[11711 11771]
[11772 11887]
[11888 11973]
[11974 12052]
[12053 12113]
[12114 12170]
[12171 12224]
[12225 12277]
[12278 12327]
[12328 12402]
[12403 12494]
[12495 12761]
[12762 12841]
[12842 12906]
[12907 12967]
[12968 13036]
[13037 13191]
[13192 13355]
[13356 13502]
[13503 13584]
[13585 13682]
[13683 13797]
[13798 13882]
[13883 14218]
[14219 14404]
[14405 14548]
[14549 14595]
[14596 14644]
[14645 14770]
[14771 14868]
[14869 15149]
[15150 15282]
[15283 15518]
[15519 15848]
[15849 15892]
[15893 15926]
[15927 15974]
[15975 16005]
[16006 16038]
[16039 16076]
[16077 16104]
[16105 16137]
[16138 16206]
[16207 16240]
[16241 16296]
[16297 16348]
[16349 16388]
[16389 16427]
[16428 16473]
[16474 16515]
[16516 16574]
[16576 16623]
[16624 16663]
[16664 16712]
[16713 17054]
[17055 17678]
[17679 17712]
[17713 17888]
[17889 17933]
[17934 18382]
[18383 18425]
[18426 18610]
[18611 18817]
[18818 18854]
[18855 18910]
[18911 18942]
[18943 18999]
[19000 19149]
[19150 19259]
[19260 19354]
[19355 19458]
[19459 19517]
[19518 19636]
[19637 19687]
[19688 19724]
[19725 19767]
[19768 19877]
[19878 19917]
[19918 19943]
[19944 20031]
[20032 20105]
[20106 20160]
[20161 20196]
[20197 20239]
[20240 20293]
[20294 20314]
[20315 20370]
[20371 20411]
[20412 20491]
[20492 20534]
[20535 20593]
[20594 20644]
[20645 20680]
[20681 20709]
[20710 20739]
[20740 20773]
[20774 20800]
[20801 20838]
[20839 20886]
[20887 20922]
[20923 21027]
[21028 21386]
[21387 21513]
[21514 21573]
[21574 21633]
[21634 21693]
[21694 21753]
[21754 21800]
[21801 21824]
[21825 21928]
[21929 21988]
[21989 22023]
[22024 22076]
[22077 22182]
[22183 22242]
[22243 22302]
[22303 22340]
[22341 22362]
[22363 22422]
[22423 22514]
[22515 22574]
[22575 22674]
[22675 22737]
[22738 23031]
[23032 23188]
[23189 23258]
[23259 23342]
[23343 23426]
[23427 23497]
[23498 23546]
[23547 23599]
[23600 23652]
[23653 23739]
[23740 23823]
[23824 23879]
[23880 23938]
[23939 23976]
[23977 23989]
[23990 24121]
[24122 24268]
[24269 24753]
[24754 24830]
[24831 24891]
[24892 25047]
[25048 25140]
[25141 25175]
[25176 25294]
[25295 25431]
[25432 25492]
[25493 25575]
[25576 25648]
[25649 25688]
[25689 25771]
[25772 25877]
[25878 25985]
[25986 26327]
[26328 26449]
[26450 26555]
[26556 26614]
[26615 26755]
[26756 26850]
[26851 26889]
[26890 26909]
[26910 26991]
[26992 27100]
[27101 27258]
[27259 27369]
[27370 27845]
[27846 27918]
[27919 27971]
[27972 28050]
[28051 28241]
[28242 28325]
[28326 28388]
[28389 28471]
[28472 28513]
[28514 28619]
[28620 28731]
[28732 28782]
[28783 28833]
[28834 28886]
[28887 28992]
[28993 29020]
[29021 29262]
[29263 29458]
[29459 29532]
[29533 29590]
[29591 29649]
[29650 29722]
[29723 29789]
[29790 29856]
[29857 29915]
[29916 29939]
[29940 29972]
[29973 30045]
[30046 30118]
[30119 30167]
[30168 30249]
[30251 30306]
[30307 30350]
[30351 30620]
[30621 30765]
[30766 30908]
[30909 31077]
[31078 31220]
[31221 31240]
[31241 31399]
[31400 31446]
[31447 31507]
[31508 31537]
[31538 31614]
[31615 31730]
[31731 31759]
[31760 31849]
[31850 31932]
[31933 32054]
[32055 32130]
[32131 32260]
[32261 32336]
[32337 32384]
[32385 32640]
[32641 32787]
[32788 33009]
[33010 33129]
[33130 33252]
[33253 33389]
[33390 33650]
[33651 33749]
