[ 0 36]
[ 37 289]
[290 342]
[343 378]
[379 408]
[409 436]
[437 469]
[470 495]
[496 520]
[521 544]
[545 568]
[569 594]
[595 626]
[627 688]
[689 718]
[719 759]
[760 787]
[788 816]
[817 921]
[ 922 1367]
[1368 1565]
[1566 1647]
[1648 1729]
[1730 1807]
[1808 1862]
[1863 1926]
[1927 1994]
[1995 2079]
[2080 2152]
[2153 2197]
[2198 2245]
[2246 2955]
[2956 3002]
[3003 3039]
[3040 3097]
[3098 3139]
[3140 3195]
[3196 3235]
[3236 3293]
[3294 3416]
[3417 3443]
[3444 3489]
[3490 3536]
[3537 3571]
[3572 3618]
[3619 3670]
[3671 3707]
[3708 3733]
[3734 3770]
[3771 3810]
[3811 3854]
[3855 3889]
[3890 3928]
[3929 3981]
[3982 4083]
[4084 4141]
[4142 4180]
[4181 4231]
[4232 4286]
[4287 4327]
[4328 4386]
[4387 4688]
[4689 4763]
[4764 4794]
[4795 4860]
[4861 4913]
[4914 4957]
[4958 4994]
[4995 5035]
[5036 5138]
[5139 5263]
[5264 5356]
[5357 5465]
[5466 5546]
[5547 5643]
[5644 5768]
[5769 5785]
[5786 5890]
[5891 5972]
[5973 6007]
[6008 6041]
[6042 6420]
[6421 6504]
[6505 6562]
[6563 6625]
[6626 6701]
[6702 6832]
[6833 6923]
[6924 7060]
[7061 7121]
[7122 7192]
[7193 7247]
[7248 7289]
[7290 7320]
[7321 7363]
[7364 7425]
[7426 7500]
[7501 7565]
[7566 7647]
[7648 7705]
[7706 7792]
[7793 7897]
[7898 7966]
[7967 8047]
[8048 8391]
[8392 8482]
[8483 8574]
[8575 8607]
[8608 8672]
[8673 8722]
[8723 8776]
[8777 8825]
[8826 8903]
[8904 8939]
[8940 8988]
[8989 9022]
[9023 9058]
[9059 9086]
[9087 9230]
[9231 9286]
[9287 9347]
[9348 9411]
[9412 9520]
[9521 9557]
[9558 9665]
[9666 9706]
[9707 9729]
[9730 9749]
[9750 9827]
[ 9828 10278]
[10279 10365]
[10366 10441]
[10442 10519]
[10520 10587]
[10588 10729]
[10730 10756]
[10757 10791]
[10792 10824]
[10825 10852]
[10853 10903]
[10904 10951]
[10952 11008]
[11009 11052]
[11053 11096]
[11097 11133]
[11134 11171]
[11172 11203]
[11204 11238]
[11239 11323]
[11324 11435]
[11436 11536]
[11537 11585]
[11586 11640]
[11641 11666]
[11667 11705]
[11706 11733]
[11734 11759]
[11760 11800]
[11801 11862]
[11863 11913]
[11914 11947]
[11948 11978]
[11979 12010]
[12011 12043]
[12044 12073]
[12074 12104]
[12105 12138]
[12139 12172]
[12173 12206]
[12207 12311]
[12312 12591]
[12592 12843]
[12844 13054]
[13055 13233]
[13235 13457]
[13458 13693]
[13695 13867]
[13868 14061]
[14062 14146]
[14147 14432]
[14433 14502]
[14503 14578]
[14579 14641]
[14642 14686]
[14687 14773]
[14774 14849]
[14850 14928]
[14929 15000]
[15001 15047]
[15048 15090]
[15091 15151]
[15152 15225]
[15226 15297]
[15298 15327]
[15328 15598]
[15599 15666]
[15667 15738]
[15739 15817]
[15818 15912]
[15913 16019]
[16020 16101]
[16102 16141]
[16142 16198]
[16199 16248]
[16249 16298]
[16299 16347]
[16348 16410]
[16411 16463]
[16464 16509]
[16510 16580]
[16581 16664]
[16665 16702]
[16703 16744]
[16745 16784]
[16785 16837]
[16838 16894]
[16895 16961]
[16962 17010]
[17011 17101]
[17102 17271]
[17272 17575]
[17576 17669]
[17670 17723]
[17724 17796]
[17797 17881]
[17882 17957]
[17958 18038]
[18039 18082]
[18083 18169]
[18170 18235]
[18236 18281]
[18282 18340]
[18341 18393]
[18394 18478]
[18479 18522]
[18523 18586]
[18587 18627]
[18628 18679]
[18680 18734]
[18735 18778]
[18779 18877]
[18878 18934]
[18935 19089]
[19090 19156]
[19157 19256]
[19257 19356]
[19357 19456]
[19457 19559]
[19560 19623]
[19624 19720]
[19721 19774]
[19775 19862]
[19863 19939]
[19940 20027]
[20028 20097]
[20098 20191]
[20192 20266]
[20267 20501]
[20502 20580]
[20581 20671]
[20672 20751]
[20752 20817]
[20818 20884]
[20885 20961]
[20962 21007]
[21008 21236]
[21237 21352]
[21353 21475]
[21476 21582]
[21583 21844]
[21845 21909]
[21910 21965]
[21966 22040]
[22041 22080]
[22081 22151]
[22152 22208]
[22209 22255]
[22256 22303]
[22304 22365]
[22366 22436]
[22437 22474]
[22475 22532]
[22533 22584]
[22585 22640]
[22641 22690]
[22691 22748]
[22749 22854]
[22855 23089]
[23090 23210]
[23211 23310]
[23311 23448]
[23449 23571]
[23572 23644]
[23645 24025]
[24026 24056]
[24057 24099]
[24100 24158]
[24159 24238]
[24239 24255]
[24256 24331]
[24332 24398]
[24399 24459]
[24460 24495]
[24496 24866]
[24867 24994]
[24995 25121]
[25122 25246]
[25247 25369]
[25370 25494]
[25495 25560]
[25561 25890]
[25891 25973]
[25974 26051]
[26052 26124]
[26125 26216]
[26217 26281]
[26282 26370]
[26371 26442]
[26443 26506]
[26507 26589]
[26590 26682]
[26683 27497]
[27499 27549]
