[ 0 23]
[ 24 271]
[272 334]
[335 365]
[366 396]
[397 427]
[428 461]
[462 492]
[493 523]
[524 554]
[555 585]
[586 647]
[648 678]
[679 710]
[711 741]
[742 772]
[773 803]
[804 916]
[ 917 1344]
[1345 1402]
[1403 1468]
[1469 1522]
[1523 1570]
[1571 1626]
[1627 1725]
[1726 1816]
[1817 1891]
[1892 1948]
[1949 2258]
[2259 2336]
[2337 2394]
[2395 2470]
[2471 2516]
[2517 2591]
[2592 2663]
[2664 2748]
[2749 2851]
[2852 2884]
[2885 3426]
[3427 3498]
[3499 3555]
[3556 3603]
[3604 3659]
[3660 3730]
[3731 3802]
[3803 3890]
[3891 3965]
[3966 4048]
[4049 4096]
[4097 4122]
[4123 4177]
[4178 4186]
[4187 4500]
[4501 4546]
[4547 4594]
[4595 4650]
[4651 4693]
[4694 4733]
[4734 4791]
[4792 4852]
[4853 4903]
[4904 5104]
[5105 5161]
[5162 5208]
[5209 5253]
[5254 5316]
[5317 5369]
[5370 5395]
[5396 5433]
[5434 5557]
[5558 5655]
[5656 5814]
[5815 5864]
[5865 5972]
[5973 6024]
[6025 6096]
[6097 6158]
[6159 6226]
[6227 6287]
[6288 6344]
[6345 6386]
[6387 6454]
[6455 6521]
[6522 6579]
[6580 6624]
[6625 6694]
[6695 6765]
[6766 6822]
[6823 6872]
[6873 6890]
[6891 6968]
[6969 7043]
[7044 7105]
[7106 7180]
[7181 7247]
[7248 7308]
[7309 7377]
[7378 7462]
[7463 7611]
[7612 7986]
[7987 8076]
[8077 8150]
[8151 8231]
[8232 8310]
[8311 8387]
[8388 8462]
[8463 8534]
[8535 8614]
[8615 9144]
[9145 9573]
[9574 9820]
[9821 9876]
[9877 9912]
[ 9913 10035]
[10036 10082]
[10083 10152]
[10153 10273]
[10274 10315]
[10316 10449]
[10450 10514]
[10515 10569]
[10570 10661]
[10662 10750]
[10751 10918]
[10919 10945]
[10946 10964]
[10965 11001]
[11002 11034]
[11035 11066]
[11067 11098]
[11099 11134]
[11135 11170]
[11171 11206]
[11207 11242]
[11243 11278]
[11279 12229]
[12230 12368]
[12369 12500]
[12501 12641]
[12642 12746]
[12747 13072]
[13073 13182]
[13183 13281]
[13282 13395]
[13396 13495]
[13496 13610]
[13611 13699]
[13700 13822]
[13823 13854]
[13855 13906]
[13907 13953]
[13954 13999]
[14000 14073]
[14074 14148]
[14149 14222]
[14223 14290]
[14291 14368]
[14369 14440]
[14441 14515]
[14516 14806]
[14807 14973]
[14974 15010]
[15011 15043]
[15044 15075]
[15076 15107]
[15108 15140]
[15141 15161]
[15162 15186]
[15187 15265]
[15266 15339]
[15340 15464]
[15465 15524]
[15525 15628]
[15629 15692]
[15693 15785]
[15786 15899]
[15900 15974]
[15975 16487]
[16488 16551]
[16552 16630]
[16631 16791]
[16792 16871]
[16872 16957]
[16958 17007]
[17008 17137]
[17138 17294]
[17295 17321]
[17322 17425]
[17426 18064]
[18065 18176]
[18177 18311]
[18312 18497]
[18498 18717]
[18718 18815]
[18816 18891]
[18892 19145]
[19146 19365]
[19366 19823]
[19824 20074]
[20075 20174]
[20175 20284]
[20285 20332]
[20333 20400]
[20401 20470]
[20471 20699]
[20700 20790]
[20791 20881]
[20882 20993]
[20994 21153]
[21154 21229]
[21230 21329]
[21330 21420]
[21421 21551]
[21552 21558]
[21559 21652]
[21653 21723]
[21724 21848]
[21849 22132]
[22133 22219]
[22220 22278]
[22279 22338]
[22339 22390]
[22391 22503]
[22504 22540]
[22541 22617]
[22618 22670]
[22671 22720]
[22721 22781]
[22782 22809]
[22810 23059]
[23060 23161]
[23162 23265]
[23266 23387]
[23388 23484]
[23485 23559]
[23560 23629]
[23630 23772]
[23773 23932]
[23933 23991]
[23992 24089]
[24090 24202]
[24203 24469]
[24470 24562]
[24563 24661]
[24662 24761]
[24762 24856]
[24857 24956]
[24957 25056]
[25057 25156]
[25157 25273]
[25274 25677]
[25678 25853]
[25854 25907]
[25908 25974]
[25975 26076]
[26077 26126]
[26127 26178]
[26179 26223]
[26224 26297]
[26298 26333]
[26334 26361]
[26362 26400]
[26401 26462]
[26463 26513]
[26514 26675]
[26676 26744]
[26745 26821]
[26822 27012]
[27013 27067]
[27068 27151]
[27152 27212]
[27213 27331]
[27332 27415]
[27416 27492]
[27493 27590]
[27591 27646]
[27647 27682]
[27683 27718]
[27719 27758]
[27759 27826]
[27827 27862]
[27863 27898]
[27899 27934]
[27935 27970]
[27971 28006]
[28007 28503]
[28504 28575]
[28576 28647]
[28648 28715]
[28716 28795]
[28796 28866]
[28867 28940]
[28941 29011]
[29012 29055]
[29056 29130]
[29131 29225]
[29226 29322]
[29323 29415]
[29416 29517]
[29518 29611]
[29612 29706]
[29707 29835]
[29836 29923]
[29924 29997]
[29998 30051]
[30052 30098]
[30100 30163]
[30164 30216]
[30217 30294]
[30295 30368]
[30369 30422]
[30423 30538]
[30539 30637]
[30638 30681]
[30682 30825]
[30826 30854]
[30855 30961]
[30962 31008]
[31009 31043]
[31044 31086]
[31087 31123]
[31124 31157]
[31158 31220]
[31221 31364]
[31365 31487]
[31488 31544]
[31545 31808]
[31809 31899]
