[ 0 25]
[ 26 438]
[439 467]
[468 502]
[503 534]
[535 565]
[566 586]
[587 619]
[620 643]
[644 670]
[671 689]
[690 714]
[715 747]
[748 768]
[769 792]
[793 814]
[815 847]
[848 882]
[883 918]
[ 919 1018]
[1019 1551]
[1552 1599]
[1600 1648]
[1649 1693]
[1694 1744]
[1745 1776]
[1777 1843]
[1844 1887]
[1888 1922]
[1923 2064]
[2065 2144]
[2145 2193]
[2194 2235]
[2236 2306]
[2307 2360]
[2361 2446]
[2447 2567]
[2568 2599]
[2600 2694]
[2695 2718]
[2719 2742]
[2743 2831]
[2832 2896]
[2897 2963]
[2964 3043]
[3044 3118]
[3119 3644]
[3645 3723]
[3724 3808]
[3809 3857]
[3858 3977]
[3978 4074]
[4075 4122]
[4123 4189]
[4190 4239]
[4240 4284]
[4285 4322]
[4323 4412]
[4413 4466]
[4467 4516]
[4517 4568]
[4569 4634]
[4635 4705]
[4706 4756]
[4757 4809]
[4810 4887]
[4888 4951]
[4952 4994]
[4995 5049]
[5050 5115]
[5116 5473]
[5474 5600]
[5601 5663]
[5664 5721]
[5722 5781]
[5782 5875]
[5876 5933]
[5934 6208]
[6209 6288]
[6289 6839]
[6840 6861]
[6862 6910]
[6911 6944]
[6945 6988]
[6989 7073]
[7074 7187]
[7188 7229]
[7230 7265]
[7266 7280]
[7281 7324]
[7325 7380]
[7381 7410]
[7411 7446]
[7447 7478]
[7479 7589]
[7590 7644]
[7645 7749]
[7750 8088]
[8089 8120]
[8121 8146]
[8147 8189]
[8190 8228]
[8229 8263]
[8264 8310]
[8311 8350]
[8351 8941]
[8942 8974]
[8975 9036]
[9037 9248]
[9249 9445]
[9446 9505]
[9506 9545]
[9546 9585]
[9586 9649]
[9650 9669]
[9670 9686]
[9687 9756]
[9757 9815]
[ 9816 10173]
[10174 10285]
[10286 10318]
[10319 10417]
[10418 10502]
[10503 10532]
[10533 10554]
[10555 10575]
[10576 10605]
[10606 10641]
[10642 10666]
[10667 10682]
[10683 10755]
[10756 10779]
[10780 10814]
[10815 10838]
[10839 10859]
[10860 10943]
[10944 11324]
[11325 11378]
[11379 11413]
[11414 11434]
[11435 11491]
[11492 11537]
[11538 11578]
[11579 11872]
[11873 11939]
[11940 11983]
[11984 12122]
[12123 12187]
[12188 12236]
[12237 12279]
[12280 12332]
[12333 12432]
[12433 12495]
[12496 12556]
[12557 12590]
[12591 12636]
[12637 12671]
[12672 12707]
[12708 12726]
[12727 12807]
[12808 12891]
[12892 13182]
[13183 13416]
[13417 13521]
[13522 13657]
[13658 13813]
[13814 13953]
[13954 14078]
[14079 14139]
[14140 14203]
[14204 14583]
[14584 14696]
[14697 14839]
[14840 14900]
[14901 14966]
[14967 15069]
[15070 15121]
[15122 15166]
[15167 15199]
[15200 15251]
[15252 15332]
[15333 15408]
[15409 15473]
[15474 15564]
[15565 15646]
[15647 15705]
[15706 15740]
[15741 15874]
[15875 16038]
[16039 16096]
[16097 16468]
[16469 16620]
[16621 16715]
[16716 17012]
[17013 17167]
[17168 17219]
[17220 17356]
[17357 17517]
[17518 17896]
[17897 17972]
[17973 18085]
[18086 18207]
[18208 18280]
[18281 18348]
[18349 18438]
[18439 18742]
[18743 18807]
[18808 18881]
[18882 18931]
[18932 19002]
[19003 19063]
[19064 19138]
[19139 19553]
[19554 19609]
[19610 19654]
[19655 19731]
[19732 19799]
[19800 19865]
[19866 19917]
[19918 20098]
[20099 20227]
[20228 20336]
[20337 20385]
[20386 20455]
[20456 20538]
[20539 20645]
[20646 20693]
[20694 20737]
[20738 21025]
[21026 21130]
[21131 21170]
[21171 21233]
[21234 21488]
[21489 21587]
[21588 21643]
[21644 21774]
[21775 21885]
[21886 21942]
[21943 21992]
[21993 22032]
[22033 22240]
[22241 22308]
[22309 22405]
[22406 22565]
[22566 22626]
[22627 22683]
[22684 22726]
[22727 22792]
[22793 22824]
[22825 22855]
[22856 22864]
[22865 22940]
[22941 22976]
[22977 23092]
[23093 23193]
[23194 23264]
[23265 23330]
[23331 23428]
[23429 23528]
[23529 23562]
[23563 23632]
[23633 23677]
[23678 23856]
[23857 23946]
[23947 24087]
[24088 24330]
[24331 24835]
[24836 24960]
[24961 25085]
[25086 25532]
[25533 25671]
[25672 25742]
[25743 25814]
[25815 25851]
[25852 25910]
[25911 25969]
[25970 26034]
[26035 26058]
[26059 26094]
[26095 26158]
[26159 26171]
[26172 26204]
[26205 26244]
[26245 26272]
[26273 26319]
[26320 26415]
[26416 26456]
[26457 26499]
[26500 26545]
[26546 26893]
[26894 26987]
[26988 27078]
[27079 27190]
[27191 27302]
[27303 27354]
[27355 27455]
[27456 27553]
[27554 27623]
[27624 27697]
[27698 27820]
[27821 27915]
[27916 28032]
[28033 28116]
[28117 28156]
[28157 28175]
[28176 28230]
[28231 28268]
[28269 28343]
[28344 28392]
[28393 28455]
[28456 28496]
[28497 28570]
[28571 28649]
[28650 28715]
[28716 28746]
[28747 28799]
[28800 28831]
[28832 28858]
[28859 28895]
[28896 28999]
[29000 29022]
[29023 29055]
[29056 29088]
[29089 29159]
[29160 29225]
[29226 29660]
[29661 29757]
[29758 29837]
[29838 29921]
[29922 29961]
[29962 30052]
[30053 30328]
[30329 30396]
[30397 30474]
[30475 30780]
[30781 30887]
[30888 30924]
[30925 30971]
[30972 31030]
[31031 31091]
[31092 31210]
[31211 31280]
[31281 31328]
[31329 31406]
[31407 31475]
[31476 31518]
[31519 31571]
[31572 31616]
[31617 31692]
[31693 31982]
[31983 32490]
[32491 32547]
[32548 32631]
[32632 32744]
[32745 32826]
[32827 32920]
[32921 33309]
[33310 33399]
