[ 0 30]
[ 32 346]
[347 403]
[404 423]
[424 455]
[456 490]
[491 515]
[516 530]
[531 567]
[568 606]
[607 630]
[631 651]
[652 707]
[ 708 1271]
[1272 1302]
[1303 1334]
[1335 1369]
[1370 1399]
[1400 1429]
[1430 1479]
[1480 1514]
[1515 1530]
[1531 1565]
[1566 1596]
[1597 1621]
[1622 1768]
[1769 1846]
[1847 1867]
[1868 1903]
[1904 1945]
[1946 1973]
[1974 2021]
[2022 2063]
[2064 2089]
[2090 2147]
[2148 2185]
[2186 2331]
[2332 2602]
[2603 2650]
[2651 2703]
[2704 2732]
[2733 2770]
[2771 2820]
[2821 2872]
[2873 3311]
[3312 3376]
[3377 3437]
[3438 3503]
[3504 3567]
[3568 3617]
[3618 3663]
[3664 3720]
[3721 3771]
[3772 3856]
[3857 3908]
[3909 3954]
[3955 4003]
[4004 4043]
[4044 4094]
[4095 4131]
[4132 4173]
[4174 4205]
[4206 4246]
[4247 4313]
[4314 4684]
[4685 4794]
[4795 4828]
[4829 4851]
[4852 4893]
[4894 4908]
[4909 4961]
[4962 5006]
[5007 5051]
[5052 5158]
[5159 5364]
[5365 5404]
[5405 5479]
[5480 5516]
[5517 5542]
[5543 5594]
[5595 5635]
[5636 5671]
[5672 5728]
[5729 5755]
[5756 5799]
[5800 5841]
[5842 5897]
[5898 5916]
[5917 5968]
[5969 6012]
[6013 6139]
[6140 6202]
[6203 6586]
[6587 6627]
[6628 6669]
[6670 6714]
[6715 6756]
[6757 6801]
[6802 6857]
[6858 6904]
[6905 7183]
[7184 7355]
[7356 7418]
[7419 7467]
[7468 7513]
[7514 7576]
[7577 7594]
[7595 7677]
[7678 7704]
[7705 7745]
[7746 8378]
[8380 8425]
[8426 8495]
[8496 8571]
[8572 8629]
[8630 8696]
[8697 8732]
[8733 8764]
[8765 8830]
[8831 8856]
[8857 8925]
[8926 8976]
[8977 9022]
[9023 9070]
[9071 9128]
[9129 9195]
[9196 9306]
[9307 9352]
[9353 9375]
[9376 9411]
[9412 9452]
[9453 9497]
[9498 9575]
[9576 9690]
[9691 9918]
[ 9919 10581]
[10582 10640]
[10641 10710]
[10711 10779]
[10780 10846]
[10847 10916]
[10917 10985]
[10986 11117]
[11118 11180]
[11181 11252]
[11253 11282]
[11283 11335]
[11336 11407]
[11408 11462]
[11463 11507]
[11508 11570]
[11571 11624]
[11625 11756]
[11757 11819]
[11820 11847]
[11848 11887]
[11888 11936]
[11937 11968]
[11969 12024]
[12025 12071]
[12072 12117]
[12118 12481]
[12482 12524]
[12525 12549]
[12550 12590]
[12591 12614]
[12615 12684]
[12685 12769]
[12770 12832]
[12833 12867]
[12868 12967]
[12968 13011]
[13012 13051]
[13052 13125]
[13126 13170]
[13171 13217]
[13218 13280]
[13281 13340]
[13341 13406]
[13407 13476]
[13477 13488]
[13489 13558]
[13559 13590]
[13591 13695]
[13696 13721]
[13722 13798]
[13799 14141]
[14142 14316]
[14317 14455]
[14456 14556]
[14557 14642]
[14643 15119]
[15120 15221]
[15222 15304]
[15305 15404]
[15405 15743]
[15744 15787]
[15788 15853]
[15854 15894]
[15895 15950]
[15951 15997]
[15998 16043]
[16044 16096]
[16097 16253]
[16254 16300]
[16301 16342]
[16343 16386]
[16387 16530]
[16531 16591]
[16592 16645]
[16646 16705]
[16706 16732]
[16733 16805]
[16806 16860]
[16861 16917]
[16918 16958]
[16959 16989]
[16990 17013]
[17014 17040]
[17041 17118]
[17119 17293]
[17294 17839]
[17840 17920]
[17921 17961]
[17962 17992]
[17993 18033]
[18034 18074]
[18075 18176]
[18177 18339]
[18340 18569]
[18570 18637]
[18638 18708]
[18709 18759]
[18760 18806]
[18807 18855]
[18856 19301]
[19302 19384]
[19385 19469]
[19470 19548]
[19549 19619]
[19620 19670]
[19671 19725]
[19726 19761]
[19762 19804]
[19805 19841]
[19842 19870]
[19871 19934]
[19935 20001]
[20002 20079]
[20080 20173]
[20174 20306]
[20307 20589]
[20590 20683]
[20684 20736]
[20737 20785]
[20786 20857]
[20858 20885]
[20886 20960]
[20961 21060]
[21061 21148]
[21149 21231]
[21232 21336]
[21337 21423]
[21424 21502]
[21503 21572]
[21573 21846]
[21847 21913]
[21914 21944]
[21945 21973]
[21974 22277]
[22278 22339]
[22340 22392]
[22393 22445]
[22446 22487]
[22488 22530]
[22531 22578]
[22579 22628]
[22629 22679]
[22680 22783]
[22784 23083]
[23084 23462]
[23463 23942]
[23943 24214]
[24215 24559]
[24560 24711]
[24712 24842]
[24843 25013]
[25014 25124]
[25125 25237]
[25238 25384]
[25385 25608]
[25609 25930]
[25932 25962]
[25963 25990]
[25991 26028]
[26029 26064]
[26065 26120]
[26121 26246]
[26247 26370]
[26371 26463]
[26464 26607]
[26608 26732]
[26733 26828]
[26829 27118]
[27119 27199]
