[ 0 15]
[ 16 353]
[354 411]
[412 442]
[443 473]
[474 504]
[505 538]
[539 600]
[601 632]
[633 662]
[663 693]
[694 724]
[725 786]
[787 845]
[ 846 1392]
[1393 1410]
[1411 1457]
[1458 1517]
[1518 1547]
[1548 1622]
[1623 1675]
[1676 1741]
[1742 1807]
[1808 1892]
[1893 1929]
[1930 1950]
[1951 2016]
[2017 2148]
[2149 2204]
[2205 2251]
[2252 2316]
[2317 2382]
[2383 2410]
[2411 2524]
[2525 2571]
[2572 2611]
[2612 2649]
[2650 2680]
[2681 2715]
[2716 2757]
[2758 2851]
[2852 2889]
[2890 2936]
[2937 3205]
[3206 3261]
[3262 3325]
[3326 3387]
[3388 3446]
[3447 3508]
[3509 3536]
[3537 3602]
[3603 3676]
[3677 3822]
[3823 3912]
[3913 4035]
[4036 4095]
[4096 4184]
[4185 4283]
[4284 4355]
[4356 4663]
[4664 4714]
[4715 4754]
[4755 4790]
[4791 4826]
[4827 4880]
[4881 4927]
[4928 4970]
[4971 5040]
[5041 5105]
[5106 5157]
[5158 5192]
[5193 5257]
[5258 5303]
[5304 5353]
[5354 5441]
[5442 5497]
[5498 5557]
[5558 5604]
[5605 5640]
[5641 5660]
[5661 5671]
[5672 5707]
[5708 5819]
[5820 5878]
[5879 5959]
[5960 6095]
[6096 6179]
[6180 6227]
[6228 6335]
[6336 6439]
[6440 6546]
[6547 6964]
[6965 7049]
[7050 7123]
[7124 7188]
[7189 7252]
[7253 7318]
[7319 7368]
[7369 7437]
[7438 7498]
[7499 7530]
[7531 7554]
[7555 7677]
[7678 7720]
[7721 7741]
[7742 7768]
[7769 7853]
[7854 7945]
[7946 8019]
[8020 8129]
[8130 8203]
[8204 8278]
[8279 8356]
[8357 8435]
[8436 8530]
[8531 8572]
[8573 8649]
[8650 8723]
[8724 8907]
[8908 8958]
[8959 9130]
[9131 9212]
[9213 9241]
[9242 9340]
[9341 9452]
[9453 9514]
[9515 9543]
[9544 9741]
[9742 9756]
[9757 9830]
[9831 9912]
[9913 9997]
[ 9998 10449]
[10450 10495]
[10496 10516]
[10517 10542]
[10543 10557]
[10558 10579]
[10580 10594]
[10595 10639]
[10640 10655]
[10656 10670]
[10671 10686]
[10687 10699]
[10700 10744]
[10745 10778]
[10779 10807]
[10808 10830]
[10831 10842]
[10843 10867]
[10868 10883]
[10884 10897]
[10898 10910]
[10911 10963]
[10964 10977]
[10978 11001]
[11002 11016]
[11017 11035]
[11036 11048]
[11049 11069]
[11070 11173]
[11175 11217]
[11220 11261]
[11262 11275]
[11276 11290]
[11291 11309]
[11310 11337]
[11338 11367]
[11368 11397]
[11398 11418]
[11419 11438]
[11439 11706]
[11707 11779]
[11780 11872]
[11873 11970]
[11971 12044]
[12045 12096]
[12097 12205]
[12206 12263]
[12264 12462]
[12463 12534]
[12535 12586]
[12587 12649]
[12650 12705]
[12706 12783]
[12784 12871]
[12872 12907]
[12908 12966]
[12967 13022]
[13023 13082]
[13083 13110]
[13111 13155]
[13156 13217]
[13218 13326]
[13327 13383]
[13384 13469]
[13470 13585]
[13586 13653]
[13654 13719]
[13720 13845]
[13846 13909]
[13910 13964]
[13965 14031]
[14032 14089]
[14090 14152]
[14153 14205]
[14206 14267]
[14268 14323]
[14324 14382]
[14383 14440]
[14441 14511]
[14512 14841]
[14842 14894]
[14895 14993]
[14994 15099]
[15100 15216]
[15217 15423]
[15424 15544]
[15545 15665]
[15666 15786]
[15787 15927]
[15928 16069]
[16070 16317]
[16318 16412]
[16413 16519]
[16520 16674]
[16675 16813]
[16814 16940]
[16941 17133]
[17134 17169]
[17170 17205]
[17206 17241]
[17242 17277]
[17278 17313]
[17314 17349]
[17350 17421]
[17422 17457]
[17458 17572]
[17573 17882]
[17883 17958]
[17959 17990]
[17991 18061]
[18062 18133]
[18134 18307]
[18308 18359]
[18360 18473]
[18474 18554]
[18555 18588]
[18589 18648]
[18649 18698]
[18699 18982]
[18983 19077]
[19078 19148]
[19149 19228]
[19229 19278]
[19279 19361]
[19362 19420]
[19421 19490]
[19491 19604]
[19605 19673]
[19674 19768]
[19769 19829]
[19830 20153]
[20154 20324]
[20325 20440]
[20441 20547]
[20548 20875]
[20876 20933]
[20934 20979]
[20980 21017]
[21018 21061]
[21062 21132]
[21133 21321]
[21322 21376]
[21377 21422]
[21423 21760]
[21761 21815]
[21816 21873]
[21874 21924]
[21925 21982]
[21983 22035]
[22036 22094]
[22095 22154]
[22155 22213]
[22214 22273]
[22274 22326]
[22327 22381]
[22382 22433]
[22434 22493]
[22494 22639]
[22640 22844]
[22845 23040]
[23042 23201]
[23202 23396]
[23397 23568]
[23569 23633]
[23634 23716]
[23717 23921]
[23922 23999]
[24000 24059]
[24060 24119]
[24120 24252]
[24253 24371]
[24372 24514]
[24515 24717]
[24718 24972]
[24973 25150]
[25151 25231]
[25232 25309]
[25310 25374]
[25375 25425]
[25426 25621]
[25622 25999]
