[ 0 31]
[ 32 339]
[340 404]
[405 435]
[436 466]
[467 497]
[498 531]
[532 562]
[563 593]
[594 624]
[625 655]
[656 686]
[687 717]
[718 748]
[749 780]
[781 811]
[812 842]
[843 873]
[874 904]
[905 985]
[ 986 1606]
[1607 1662]
[1663 1745]
[1746 1813]
[1814 1872]
[1873 1936]
[1937 2012]
[2013 2066]
[2067 2135]
[2136 2181]
[2182 2261]
[2262 2289]
[2290 2357]
[2358 2423]
[2424 2478]
[2479 2519]
[2520 2585]
[2586 2629]
[2630 2695]
[2696 2755]
[2756 2813]
[2814 2889]
[2890 2942]
[2943 3038]
[3039 3112]
[3113 3473]
[3474 3553]
[3554 3600]
[3601 3649]
[3650 3680]
[3681 3737]
[3738 3793]
[3794 3865]
[3866 3932]
[3933 3995]
[3996 4062]
[4063 4131]
[4132 4202]
[4203 4281]
[4282 4328]
[4329 4377]
[4378 4408]
[4409 4465]
[4466 4521]
[4522 4587]
[4588 4646]
[4647 4709]
[4710 4767]
[4768 5075]
[5076 5115]
[5116 5164]
[5165 5216]
[5217 5262]
[5263 5306]
[5307 5359]
[5360 5398]
[5399 5466]
[5467 5531]
[5532 5548]
[5549 5603]
[5604 5660]
[5661 5739]
[5740 5784]
[5785 5851]
[5852 5899]
[5900 5948]
[5949 5983]
[5984 6033]
[6034 6080]
[6081 6120]
[6121 6156]
[6157 6205]
[6206 6256]
[6257 6298]
[6299 6586]
[6587 6658]
[6659 6724]
[6725 6796]
[6797 6851]
[6852 6914]
[6915 6936]
[6937 7123]
[7124 7274]
[7275 7320]
[7321 7389]
[7390 7455]
[7456 7496]
[7497 7610]
[7611 7678]
[7679 7741]
[7742 7765]
[7766 7824]
[7825 7891]
[7892 7959]
[7960 8009]
[8010 8499]
[8500 8561]
[8562 8615]
[8616 8680]
[8681 8750]
[8751 8823]
[8824 8877]
[8878 8942]
[8943 9001]
[9002 9066]
[9067 9108]
[9109 9161]
[9162 9218]
[9219 9262]
[9263 9319]
[9320 9362]
[9363 9421]
[9422 9865]
[9866 9907]
[9908 9957]
[ 9958 10010]
[10011 10051]
[10052 10118]
[10119 10182]
[10183 10250]
[10251 10337]
[10338 10358]
[10359 10404]
[10405 10560]
[10561 10620]
[10621 10689]
[10690 10777]
[10778 10973]
[10974 11029]
[11030 11092]
[11093 11121]
[11122 11172]
[11173 11230]
[11231 11290]
[11291 11447]
[11448 11942]
[11943 12171]
[12172 12359]
[12360 12409]
[12410 12489]
[12490 12564]
[12565 12621]
[12622 12678]
[12679 12756]
[12757 12804]
[12805 12872]
[12873 13045]
[13046 13121]
[13122 13175]
[13176 13232]
[13233 13568]
[13569 13623]
[13624 13681]
[13682 13733]
[13734 13797]
[13798 13873]
[13874 13964]
[13965 14080]
[14081 14205]
[14206 14255]
[14256 14301]
[14302 14345]
[14346 14397]
[14398 14450]
[14451 14530]
[14531 14592]
[14593 14656]
[14657 14717]
[14718 14757]
[14758 14935]
[14936 14990]
[14991 15039]
[15040 15073]
[15074 15150]
[15151 15205]
[15206 15267]
[15268 15313]
[15314 15361]
[15362 15414]
[15415 15469]
[15470 15538]
[15539 15589]
[15590 15646]
[15647 15708]
[15709 15869]
[15870 15951]
[15952 16036]
[16037 16119]
[16120 16195]
[16196 16285]
[16286 16347]
[16348 16559]
[16560 16865]
[16866 16921]
[16922 16975]
[16976 17039]
[17040 17320]
[17321 17387]
[17388 17460]
[17461 17486]
[17487 17536]
[17537 17613]
[17614 17694]
[17695 17812]
[17813 17855]
[17856 17886]
[17887 17987]
[17988 18034]
[18035 18084]
[18085 18209]
[18210 18255]
[18256 18303]
[18304 18422]
[18423 18532]
[18533 18568]
[18569 18604]
[18605 18640]
[18641 18712]
[18713 18748]
[18749 18784]
[18785 18892]
[18893 18975]
[18976 19338]
[19339 19411]
[19412 19436]
[19437 19489]
[19490 19554]
[19555 19765]
[19766 19823]
[19824 19869]
[19870 19942]
[19943 19986]
[19987 20052]
[20053 20103]
[20104 20150]
[20151 20216]
[20217 20282]
[20283 20384]
[20385 20501]
[20502 20540]
[20541 20706]
[20707 21000]
[21001 21171]
[21172 22123]
[22124 22501]
[22502 22833]
[22834 22913]
[22914 23010]
[23011 23090]
[23091 23381]
[23382 23622]
[23623 24134]
[24135 24176]
[24177 24236]
[24237 24262]
[24263 24809]
[24810 24828]
[24829 24910]
[24911 24925]
[24926 24969]
[24970 24996]
[24997 25041]
[25042 25090]
[25091 25159]
[25160 25165]
[25166 25225]
[25226 25251]
[25252 25297]
[25298 25341]
[25342 25437]
[25438 25467]
[25468 25492]
[25493 25535]
[25536 25605]
[25606 25986]
[25987 26029]
[26030 26079]
[26080 26156]
[26157 26230]
[26231 26287]
[26288 26386]
[26387 26478]
[26479 26585]
[26586 26682]
[26683 26773]
[26774 26959]
[26960 27006]
[27007 27125]
[27126 27386]
[27387 27431]
[27432 27751]
[27752 27806]
[27807 27839]
[27840 27944]
[27945 27983]
[27984 28039]
[28040 28107]
[28108 28193]
[28194 28226]
[28227 28269]
[28270 28323]
[28324 28359]
[28360 28395]
[28396 28431]
[28432 28467]
[28468 28503]
[28504 28539]
[28540 28575]
[28576 28611]
[28612 28647]
[28648 28683]
[28684 28766]
[28767 28977]
[28978 29031]
[29032 29148]
[29149 29190]
[29191 29238]
[29239 29321]
[29322 29406]
[29407 29479]
[29480 29560]
[29561 29688]
[29689 29738]
[29739 29805]
[29806 29884]
[29885 29918]
[29920 30003]
[30004 30061]
[30062 30154]
[30155 30329]
[30330 30447]
[30448 30499]
[30500 30628]
[30629 30726]
[30727 30802]
[30803 30895]
[30896 31044]
[31045 31289]
[31290 31393]
[31394 31509]
[31510 31612]
[31613 31714]
[31715 31988]
[31989 32125]
[32126 32496]
[32498 32568]
[32569 32623]
[32624 32675]
[32676 32735]
[32736 32799]
[32800 32889]
[32890 33043]
[33044 33088]
[33089 33147]
[33148 33217]
[33218 33275]
[33276 33375]
[33376 33435]
[33436 33503]
[33504 33574]
[33575 33908]
[33909 33999]
