[ 0 16]
[ 17 269]
[270 323]
[324 366]
[367 403]
[404 455]
[456 490]
[491 528]
[529 616]
[617 658]
[659 684]
[685 719]
[ 720 1238]
[1239 1290]
[1291 1352]
[1353 1424]
[1425 1496]
[1497 1570]
[1571 1632]
[1633 1727]
[1728 1771]
[1772 1840]
[1841 1910]
[1911 1927]
[1928 1982]
[1983 2038]
[2039 2116]
[2117 2162]
[2163 2228]
[2229 2266]
[2267 2291]
[2292 2333]
[2334 2388]
[2389 2447]
[2448 2504]
[2505 2545]
[2546 2597]
[2598 2653]
[2654 2678]
[2679 3025]
[3026 3093]
[3094 3162]
[3163 3229]
[3230 3298]
[3299 3365]
[3366 3442]
[3443 3499]
[3500 3569]
[3570 3634]
[3635 3708]
[3709 3757]
[3758 4148]
[4149 4253]
[4254 4312]
[4313 4428]
[4429 4533]
[4534 4576]
[4577 4594]
[4595 4642]
[4643 4666]
[4667 4754]
[4755 4811]
[4812 4975]
[4976 5040]
[5041 5075]
[5076 5256]
[5257 5309]
[5310 5340]
[5341 5398]
[5399 5486]
[5487 5561]
[5562 5613]
[5614 5642]
[5643 5715]
[5716 5751]
[5752 5816]
[5817 6203]
[6204 6334]
[6335 6392]
[6393 6441]
[6442 6510]
[6511 6573]
[6574 6681]
[6682 6712]
[6713 6781]
[6782 7077]
[7078 7148]
[7149 7217]
[7218 7282]
[7283 7311]
[7312 7376]
[7377 7421]
[7422 7510]
[7511 7577]
[7578 7641]
[7642 7712]
[7713 7770]
[7771 7815]
[7816 7866]
[7867 7923]
[7924 7980]
[7981 8041]
[8042 8103]
[8104 8173]
[8174 8215]
[8216 8245]
[8246 8364]
[8365 8775]
[8776 8801]
[8802 8859]
[8860 8973]
[8974 9066]
[9067 9168]
[9169 9261]
[9262 9373]
[9374 9634]
[9635 9722]
[9723 9826]
[9827 9926]
[ 9927 10003]
[10004 10075]
[10076 10161]
[10162 10227]
[10228 10292]
[10293 10798]
[10799 10958]
[10959 11169]
[11170 11347]
[11348 11516]
[11517 11656]
[11657 11722]
[11723 11832]
[11833 11966]
[11967 12020]
[12021 12380]
[12381 12461]
[12462 12517]
[12518 12596]
[12597 12704]
[12705 12760]
[12761 12837]
[12838 12869]
[12870 12907]
[12908 12955]
[12956 13050]
[13051 13152]
[13153 13211]
[13212 13268]
[13269 13334]
[13335 13391]
[13392 13445]
[13446 13499]
[13500 13562]
[13563 13609]
[13610 13654]
[13655 14074]
[14075 14186]
[14187 14232]
[14233 14349]
[14350 14416]
[14417 14457]
[14458 14525]
[14526 14587]
[14588 14627]
[14628 14668]
[14669 14721]
[14722 14787]
[14789 14937]
[14938 15014]
[15015 15154]
[15155 15299]
[15300 15383]
[15384 15688]
[15689 15807]
[15808 15909]
[15910 16033]
[16034 16257]
[16258 16327]
[16328 16431]
[16432 16669]
[16670 16780]
[16781 16895]
[16896 16980]
[16981 17078]
[17079 17151]
[17152 17237]
[17238 17430]
[17431 17671]
[17672 17708]
[17709 17752]
[17753 17807]
[17808 17878]
[17879 17934]
[17935 18024]
[18025 18065]
[18066 18159]
[18160 18227]
[18228 18314]
[18315 18411]
[18412 18466]
[18467 18527]
[18528 18627]
[18628 18691]
[18692 18745]
[18746 18836]
[18837 18872]
[18873 18926]
[18927 18983]
[18984 19044]
[19045 19106]
[19107 19368]
[19369 19774]
[19775 19838]
[19839 19902]
[19903 19971]
[19972 20047]
[20048 20103]
[20104 20162]
[20163 20274]
[20275 20352]
[20353 20409]
[20410 20465]
[20466 20508]
[20509 20567]
[20568 20612]
[20613 20710]
[20711 20744]
[20745 20812]
[20813 20851]
[20852 20895]
[20896 20930]
[20931 20960]
[20961 20998]
[20999 21051]
[21052 21107]
[21108 21635]
[21636 21997]
[21998 22066]
[22067 22114]
[22115 22247]
[22248 22378]
[22379 22462]
[22463 22551]
[22552 22645]
[22646 22704]
[22705 22777]
[22778 22834]
[22835 22880]
[22881 22928]
[22929 22975]
[22976 23070]
[23071 23150]
[23151 23459]
[23460 23548]
[23549 23673]
[23674 24455]
[24456 24666]
[24667 24921]
[24922 25027]
[25028 25073]
[25074 25115]
[25116 25162]
[25163 25203]
[25204 25285]
[25286 25321]
[25322 25369]
[25370 25440]
[25441 25497]
[25498 25549]
[25550 25602]
[25603 25652]
[25653 25737]
[25738 26151]
[26152 26844]
[26845 26887]
[26888 27256]
[27257 27306]
[27307 27370]
[27371 27421]
[27422 27442]
[27443 27492]
[27493 27608]
[27609 27680]
[27681 27711]
[27712 27808]
[27809 27869]
[27870 27905]
[27906 27952]
[27953 27998]
[27999 28033]
[28034 28088]
[28089 28130]
[28131 28156]
[28157 28167]
[28168 28200]
[28201 28258]
[28259 28305]
[28306 28327]
[28328 28358]
[28359 28372]
[28373 28413]
[28414 28676]
[28677 28744]
[28745 28819]
[28820 28859]
[28860 28918]
[28919 28948]
[28949 29068]
[29069 29132]
[29133 29167]
[29168 29224]
[29225 29276]
[29277 29322]
[29323 29385]
[29386 29441]
[29442 29483]
[29484 29541]
[29542 29609]
[29610 29687]
[29688 29754]
[29755 29838]
[29839 30094]
[30095 30169]
[30170 30267]
[30268 30342]
[30343 30688]
[30689 30853]
[30854 30991]
[30992 31032]
[31033 31142]
[31143 31233]
[31234 31379]
[31380 31713]
[31714 31799]
