[ 0 28]
[ 29 333]
[334 364]
[365 395]
[396 426]
[427 460]
[461 491]
[492 522]
[523 553]
[554 584]
[585 615]
[616 646]
[647 709]
[710 903]
[ 904 1354]
[1355 1411]
[1412 1473]
[1474 1610]
[1611 1718]
[1719 1756]
[1757 1842]
[1843 1956]
[1957 2017]
[2018 2078]
[2079 2139]
[2140 2200]
[2201 2268]
[2269 2366]
[2367 2431]
[2432 2487]
[2488 2524]
[2525 2573]
[2574 2622]
[2623 2734]
[2735 2786]
[2787 2884]
[2885 3364]
[3365 3430]
[3431 3514]
[3515 3533]
[3534 3606]
[3607 3712]
[3713 3745]
[3746 3786]
[3787 3827]
[3828 3857]
[3858 3910]
[3911 3941]
[3942 3978]
[3979 4087]
[4088 4116]
[4117 4158]
[4159 4199]
[4200 4238]
[4239 4280]
[4281 4302]
[4303 4331]
[4332 4402]
[4403 4429]
[4430 4463]
[4464 4501]
[4502 4562]
[4563 4588]
[4589 4613]
[4614 4648]
[4649 4672]
[4673 4708]
[4709 4751]
[4752 4782]
[4783 4827]
[4828 4854]
[4855 5320]
[5321 5368]
[5369 5400]
[5401 5484]
[5485 5519]
[5520 5574]
[5575 5674]
[5675 5705]
[5706 5750]
[5751 5803]
[5804 5848]
[5849 6062]
[6063 6096]
[6097 6181]
[6182 6281]
[6282 6310]
[6311 6328]
[6329 6380]
[6381 6446]
[6447 6509]
[6510 6575]
[6576 6619]
[6620 6646]
[6647 6782]
[6783 7384]
[7386 7435]
[7436 7502]
[7503 7631]
[7632 7788]
[7789 7876]
[7877 7933]
[7934 8016]
[8017 8080]
[8081 8191]
[8192 8252]
[8253 8325]
[8326 8410]
[8411 8482]
[8483 8597]
[8598 8655]
[8656 8718]
[8719 8780]
[8781 8846]
[8847 8929]
[8930 9248]
[9250 9309]
[9310 9382]
[9383 9440]
[9441 9589]
[9590 9622]
[9623 9688]
[9689 9763]
[9764 9887]
[9888 9949]
[9950 9996]
[ 9997 10043]
[10044 10119]
[10120 10139]
[10140 10183]
[10184 10453]
[10454 10639]
[10640 11007]
[11008 11200]
[11201 11303]
[11304 11383]
[11384 11464]
[11465 11807]
[11808 11913]
[11914 11963]
[11964 12012]
[12013 12110]
[12111 12199]
[12200 12285]
[12286 12431]
[12432 12523]
[12524 12594]
[12595 12699]
[12700 12797]
[12798 12843]
[12844 12886]
[12887 12921]
[12922 13229]
[13230 13315]
[13316 13395]
[13396 13422]
[13423 13500]
[13501 13571]
[13572 13612]
[13613 13694]
[13695 13746]
[13747 13783]
[13784 13813]
[13814 13861]
[13862 13901]
[13902 13924]
[13925 14010]
[14011 14052]
[14053 14140]
[14141 14207]
[14208 14234]
[14235 14257]
[14258 14275]
[14276 14296]
[14297 14337]
[14338 14356]
[14357 14494]
[14495 14656]
[14658 14746]
[14747 14794]
[14795 14873]
[14874 14920]
[14921 15038]
[15039 15109]
[15110 15194]
[15195 15331]
[15332 15421]
[15422 15485]
[15486 15562]
[15563 15611]
[15612 15711]
[15712 15819]
[15820 15949]
[15950 16056]
[16057 16388]
[16389 16502]
[16503 16627]
[16628 16708]
[16709 16819]
[16820 16926]
[16927 17025]
[17026 17091]
[17092 17236]
[17237 17506]
[17507 17566]
[17567 17640]
[17641 17794]
[17795 17910]
[17911 18042]
[18043 18135]
[18136 18286]
[18287 18437]
[18438 18515]
[18516 18553]
[18555 18617]
[18618 18653]
[18654 18689]
[18690 18725]
[18726 18761]
[18762 18792]
[18793 18797]
[18798 18833]
[18834 18869]
[18870 18905]
[18906 18941]
[18942 18977]
[18978 19055]
[19056 19311]
[19312 19754]
[19755 19916]
[19917 19988]
[19989 20048]
[20049 20110]
[20111 20181]
[20182 20516]
[20517 20634]
[20635 20753]
[20754 20842]
[20843 20936]
[20937 20997]
[20998 21075]
[21076 21173]
[21174 21278]
[21279 21364]
[21365 21396]
[21397 21733]
[21734 21826]
[21827 21893]
[21894 21932]
[21933 22068]
[22069 22117]
[22118 22170]
[22171 22230]
[22231 22321]
[22322 22360]
[22361 22395]
[22396 22633]
[22634 22734]
[22735 22826]
[22827 22935]
[22936 23012]
[23013 23103]
[23104 23190]
[23191 23270]
[23271 23375]
[23376 23459]
[23460 23545]
[23546 23628]
[23629 23891]
[23892 23992]
[23993 24039]
[24040 24145]
[24146 24179]
[24180 24207]
[24208 24276]
[24277 24365]
[24366 24432]
[24433 24477]
[24478 24510]
[24511 24747]
[24748 24883]
[24884 25078]
[25079 25173]
[25174 25375]
[25376 25428]
[25429 25466]
[25467 25509]
[25510 25561]
[25562 25600]
[25601 25642]
[25643 25995]
[25997 25998]
[25999 26051]
[26052 26095]
[26096 26148]
[26149 26267]
[26268 26366]
[26367 26685]
[26686 26759]
[26760 26905]
[26906 26952]
[26953 27047]
[27048 27112]
[27113 27236]
[27237 27362]
[27363 27520]
[27521 27632]
[27633 27759]
[27760 27835]
[27836 27942]
[27943 28206]
[28207 28299]
