[ 0 30]
[ 31 405]
[406 464]
[465 496]
[497 521]
[522 550]
[551 592]
[593 628]
[629 675]
[676 715]
[716 750]
[751 813]
[814 841]
[842 903]
[904 962]
[ 963 1040]
[1041 1603]
[1604 1664]
[1665 1680]
[1681 1744]
[1745 1801]
[1802 1846]
[1847 1918]
[1919 1972]
[1973 2002]
[2003 2032]
[2033 2067]
[2068 2112]
[2113 2126]
[2127 2184]
[2185 2234]
[2235 2313]
[2314 2376]
[2377 2448]
[2449 2487]
[2488 2598]
[2599 2701]
[2702 2733]
[2734 2770]
[2771 2802]
[2803 2829]
[2830 2861]
[2862 2905]
[2906 2960]
[2961 3304]
[3305 3405]
[3406 3470]
[3471 3540]
[3541 3584]
[3585 3634]
[3635 3675]
[3676 3737]
[3738 3778]
[3779 3839]
[3840 3887]
[3888 3963]
[3964 4024]
[4025 4072]
[4073 4151]
[4152 4200]
[4201 4562]
[4563 4885]
[4886 5021]
[5022 5164]
[5165 5298]
[5299 5418]
[5419 5516]
[5517 5666]
[5667 5813]
[5814 5970]
[5971 6130]
[6131 6163]
[6164 6205]
[6206 6258]
[6259 6299]
[6300 6347]
[6348 6393]
[6394 6450]
[6451 6474]
[6475 6508]
[6509 6622]
[6623 6666]
[6667 6713]
[6714 6766]
[6767 6806]
[6807 6878]
[6879 6912]
[6913 6947]
[6948 6982]
[6983 7045]
[7046 7071]
[7072 7552]
[7553 7754]
[7755 7837]
[7838 7901]
[7902 7963]
[7964 8016]
[8017 8078]
[8079 8103]
[8104 8142]
[8143 8246]
[8247 8287]
[8288 8301]
[8302 8742]
[8744 8790]
[8791 8815]
[8816 8879]
[8880 8944]
[8945 9004]
[9005 9026]
[9027 9049]
[9050 9162]
[9163 9231]
[9232 9327]
[9328 9347]
[9348 9429]
[9430 9582]
[9583 9761]
[9762 9797]
[9798 9869]
[9870 9996]
[ 9997 10127]
[10128 10199]
[10200 10239]
[10240 10264]
[10265 10298]
[10299 10373]
[10375 10431]
[10432 10460]
[10461 10500]
[10501 10536]
[10537 10561]
[10562 10587]
[10588 10611]
[10612 10679]
[10680 10719]
[10720 10762]
[10763 10873]
[10874 11228]
[11229 11322]
[11323 11493]
[11494 11575]
[11576 11645]
[11646 11692]
[11693 11811]
[11812 11895]
[11896 11970]
[11971 12106]
[12107 12154]
[12155 12201]
[12202 12259]
[12260 12312]
[12313 12337]
[12338 12369]
[12370 12408]
[12409 12841]
[12842 12876]
[12877 12942]
[12943 13012]
[13013 13065]
[13066 13152]
[13153 13204]
[13205 13250]
[13251 13531]
[13532 13662]
[13663 13876]
[13877 14403]
[14405 14505]
[14506 14595]
[14596 14645]
[14646 14785]
[14786 14916]
[14917 14955]
[14956 14990]
[14991 15074]
[15075 15144]
[15145 15212]
[15213 15277]
[15278 15320]
[15321 15404]
[15405 15463]
[15464 15559]
[15560 15622]
[15623 15704]
[15705 15767]
[15768 16015]
[16016 16059]
[16061 16132]
[16133 16191]
[16192 16258]
[16259 16323]
[16324 16378]
[16379 16441]
[16442 16499]
[16500 16552]
[16553 16602]
[16603 16650]
[16651 16711]
[16712 16764]
[16765 16810]
[16811 16862]
[16863 16893]
[16894 16967]
[16968 17275]
[17277 17346]
[17347 17425]
[17426 17484]
[17485 17548]
[17549 17798]
[17799 17857]
[17858 17925]
[17926 17988]
[17989 18055]
[18056 18110]
[18111 18160]
[18161 18247]
[18248 18328]
[18329 18444]
[18445 18758]
[18759 18807]
[18808 18873]
[18874 18919]
[18920 18995]
[18996 19067]
[19068 19130]
[19131 19177]
[19178 19240]
[19241 19297]
[19298 19357]
[19358 19405]
[19406 19468]
[19469 19533]
[19534 19588]
[19589 19686]
[19687 19730]
[19731 19881]
[19882 19949]
[19950 19985]
[19986 20020]
[20021 20061]
[20062 20127]
[20128 20317]
[20318 20779]
[20780 20928]
[20929 21113]
[21114 21297]
[21298 21406]
[21407 21523]
[21524 21806]
[21807 21943]
[21944 22126]
[22127 22370]
[22371 22509]
[22510 22617]
[22618 22735]
[22736 22976]
[22977 23341]
[23342 23424]
[23425 23720]
[23721 23786]
[23787 24038]
[24039 24160]
[24161 24531]
[24532 24617]
[24618 24657]
[24658 24758]
[24759 24790]
[24791 24853]
[24854 24898]
[24899 24907]
[24908 24978]
[24979 25035]
[25036 25063]
[25064 25135]
[25136 25227]
[25228 25289]
[25290 25364]
[25365 25445]
[25446 25501]
[25502 25574]
[25575 25659]
[25660 25710]
[25711 25801]
[25802 25891]
[25892 25992]
[25993 26056]
[26057 26411]
[26412 26469]
[26470 26519]
[26520 26600]
[26601 26673]
[26674 26708]
[26709 26844]
[26845 26900]
[26901 26953]
[26954 26994]
[26995 27048]
[27049 27095]
[27096 27169]
[27170 27224]
[27225 27283]
[27284 27342]
[27343 27394]
[27395 27555]
[27556 27604]
[27605 27667]
[27668 27724]
[27725 27762]
[27763 27821]
[27822 27881]
[27882 27930]
[27931 28202]
[28203 28285]
[28286 28446]
[28447 28537]
[28538 28648]
[28649 28685]
[28686 28736]
[28737 29242]
[29243 29349]
