[ 0 21]
[ 22 392]
[393 419]
[420 444]
[445 466]
[467 493]
[494 519]
[520 549]
[550 579]
[580 612]
[613 643]
[644 676]
[677 707]
[708 738]
[739 767]
[768 814]
[ 815 2075]
[2076 2116]
[2117 2141]
[2142 2273]
[2274 2373]
[2374 2688]
[2689 2746]
[2747 2803]
[2804 2864]
[2865 2925]
[2926 2985]
[2986 3038]
[3039 3094]
[3095 3141]
[3142 3204]
[3205 3281]
[3282 3345]
[3346 3418]
[3419 3496]
[3497 3632]
[3633 3722]
[3723 3780]
[3781 3858]
[3859 3915]
[3916 4363]
[4364 4450]
[4451 4507]
[4508 4562]
[4563 4657]
[4658 4715]
[4716 4766]
[4767 5131]
[5132 5180]
[5181 5228]
[5229 5272]
[5273 5326]
[5327 5386]
[5387 5428]
[5429 5448]
[5449 5484]
[5485 5543]
[5544 5630]
[5631 5673]
[5674 5718]
[5719 5770]
[5771 5800]
[5801 5974]
[5975 6037]
[6038 6077]
[6078 6119]
[6120 6173]
[6174 6346]
[6347 6396]
[6397 6432]
[6433 6458]
[6459 6491]
[6492 6520]
[6521 6549]
[6550 6869]
[6870 6950]
[6951 7010]
[7011 7059]
[7060 7114]
[7115 7178]
[7179 7258]
[7259 7321]
[7322 7426]
[7427 7481]
[7482 7555]
[7556 7615]
[7616 7750]
[7751 7823]
[7824 7867]
[7868 7914]
[7915 7934]
[7935 7992]
[7993 8053]
[8054 8116]
[8117 8175]
[8176 8232]
[8233 8274]
[8275 8328]
[8329 8433]
[8434 8455]
[8456 8497]
[8498 8545]
[8546 8568]
[8569 8601]
[8602 8631]
[8632 8711]
[8712 8789]
[8790 8815]
[8816 8939]
[8940 8976]
[8977 9345]
[9346 9429]
[9430 9610]
[9611 9787]
[9788 9999]
[10000 10206]
[10207 10458]
[10459 10654]
[10655 11012]
[11013 11113]
[11114 11175]
[11176 11242]
[11243 11300]
[11301 11368]
[11369 11601]
[11602 11685]
[11686 11761]
[11762 11839]
[11840 11938]
[11939 11983]
[11984 12044]
[12045 12103]
[12104 12158]
[12159 12206]
[12207 12247]
[12248 12287]
[12288 12315]
[12316 12361]
[12363 12417]
[12418 12522]
[12523 12546]
[12547 12597]
[12598 12633]
[12634 12669]
[12670 12705]
[12706 12777]
[12778 12861]
[12862 13247]
[13248 13363]
[13364 13387]
[13388 13425]
[13426 13500]
[13501 13552]
[13553 13689]
[13690 13719]
[13720 13817]
[13818 13900]
[13901 13950]
[13951 14014]
[14015 14057]
[14058 14129]
[14130 14210]
[14211 14238]
[14239 14621]
[14622 14680]
[14681 14721]
[14722 14757]
[14758 14862]
[14863 15080]
[15081 15197]
[15198 15237]
[15238 15284]
[15285 15327]
[15328 15360]
[15361 15426]
[15427 15493]
[15494 15556]
[15557 15607]
[15608 15822]
[15823 15904]
[15905 15998]
[15999 16423]
[16424 16514]
[16515 16570]
[16571 16621]
[16622 16745]
[16746 16804]
[16805 16861]
[16862 16925]
[16926 16994]
[16995 17070]
[17071 17145]
[17146 17229]
[17230 17291]
[17292 17358]
[17359 17670]
[17671 17770]
[17771 17833]
[17834 17903]
[17904 17976]
[17977 18038]
[18039 18120]
[18121 18261]
[18262 18315]
[18316 18636]
[18637 18700]
[18701 18758]
[18759 18802]
[18803 18875]
[18876 19013]
[19014 19113]
[19114 19156]
[19157 19230]
[19231 19295]
[19296 19336]
[19337 19373]
[19374 19407]
[19408 19472]
[19473 19937]
[19938 20008]
[20009 20059]
[20060 20126]
[20127 20166]
[20167 20239]
[20240 20288]
[20289 20337]
[20338 20376]
[20377 20421]
[20422 20491]
[20492 20536]
[20537 20584]
[20585 20628]
[20629 20676]
[20677 20728]
[20729 20783]
[20784 20826]
[20827 20868]
[20869 20920]
[20921 20967]
[20968 21285]
[21286 21382]
[21383 21470]
[21471 21570]
[21571 21673]
[21674 21748]
[21749 21790]
[21791 21893]
[21894 21995]
[21996 22102]
[22103 22141]
[22142 22215]
[22216 22306]
[22307 22355]
[22356 22393]
[22394 22414]
[22415 22447]
[22448 22495]
[22496 22523]
[22524 22639]
[22640 22673]
[22674 22728]
[22729 22880]
[22881 22911]
[22912 22941]
[22942 22977]
[22978 23053]
[23054 23329]
[23330 23557]
[23558 23660]
[23661 23758]
[23759 23840]
[23841 24091]
[24092 24155]
[24156 24425]
[24426 24516]
[24517 24602]
[24603 24690]
[24691 24773]
[24774 24856]
[24857 24937]
[24938 25206]
[25207 25299]
