[  0 359]
[360 420]
[421 502]
[503 545]
[546 586]
[587 623]
[624 703]
[704 751]
[752 838]
[839 884]
[ 885 1002]
[1003 1277]
[1278 1353]
[1354 1437]
[1438 1555]
[1556 1679]
[1680 1774]
[1775 1927]
[1928 2285]
[2286 2599]
[2600 2808]
[2810 2910]
[2911 3000]
[3001 3091]
[3092 3179]
[3181 3244]
[3245 3322]
[3324 3359]
[3361 3694]
[3695 3774]
[3775 3836]
[3837 3931]
[3932 4003]
[4004 4074]
[4075 4153]
[4154 4223]
[4224 4301]
[4302 4367]
[4368 4423]
[4424 4483]
[4484 4529]
[4530 4578]
[4579 4633]
[4634 4680]
[4681 4725]
[4726 4768]
[4769 5133]
[5134 5213]
[5214 5286]
[5287 5370]
[5371 5407]
[5408 5457]
[5458 5622]
[5623 5645]
[5646 5686]
[5687 5731]
[5732 5773]
[5774 5817]
[5818 5862]
[5863 5895]
[5896 5936]
[5937 6003]
[6004 6031]
[6032 6075]
[6076 6098]
[6099 6145]
[6146 6168]
[6169 6203]
[6204 6299]
[6300 6329]
[6330 6357]
[6358 6448]
[6449 6491]
[6492 6526]
[6527 6556]
[6557 6594]
[6595 6630]
[6631 6660]
[6661 7276]
[7277 7335]
[7336 7448]
[7449 7497]
[7498 7606]
[7607 7645]
[7646 7687]
[7688 7753]
[7754 7799]
[7800 7835]
[7836 7873]
[7874 7931]
[7932 8001]
[8002 8044]
[8045 8154]
[8155 8282]
[8283 8311]
[8312 8365]
[8366 8385]
[8386 8472]
[8473 8503]
[8504 8529]
[8530 8554]
[8555 8599]
[8600 8637]
[8638 8667]
[8668 8709]
[8710 8767]
[8768 8821]
[8822 8852]
[8853 8963]
[8964 9059]
[9060 9146]
[9147 9231]
[9232 9286]
[9287 9354]
[9355 9398]
[9399 9443]
[9444 9490]
[9491 9534]
[9535 9579]
[9580 9613]
[9614 9676]
[9677 9720]
[9721 9879]
[9880 9931]
[9932 9999]
[10000 10046]
[10047 10085]
[10086 10131]
[10132 10177]
[10178 10229]
[10230 10318]
[10319 10376]
[10377 10436]
[10437 10499]
[10500 10565]
[10566 10646]
[10647 10711]
[10712 10775]
[10776 10883]
[10884 10942]
[10943 10983]
[10984 11055]
[11056 11122]
[11123 11192]
[11193 11264]
[11265 11375]
[11376 11720]
[11721 11838]
[11839 11987]
[11988 12064]
[12065 12170]
[12171 12320]
[12321 12368]
[12369 12438]
[12439 12529]
[12530 13015]
[13016 13085]
[13086 13134]
[13135 13179]
[13180 13424]
[13426 13547]
[13548 13665]
[13666 13741]
[13742 13771]
[13772 13877]
[13878 14036]
[14037 14347]
[14348 14451]
[14452 14580]
[14581 14683]
[14684 14731]
[14732 14841]
[14842 14906]
[14907 15065]
[15066 15150]
[15151 15239]
[15240 15314]
[15315 15560]
[15561 15614]
[15615 15685]
[15686 15794]
[15795 15886]
[15887 16173]
[16174 16339]
[16340 16399]
[16400 16477]
[16478 16565]
[16566 16647]
[16648 16795]
[16796 16917]
[16918 17032]
[17033 17147]
[17148 17329]
[17330 17406]
[17407 17513]
[17514 17545]
[17546 17626]
[17627 17669]
[17670 18098]
[18099 18186]
[18187 18261]
[18262 18362]
[18363 18465]
[18466 18548]
[18549 18658]
[18659 18749]
[18750 18830]
[18831 18919]
[18920 19008]
[19009 19102]
[19103 19228]
[19229 19317]
[19318 19389]
[19390 19659]
[19660 19853]
[19854 19905]
[19906 19965]
[19966 20231]
[20232 20367]
[20368 20658]
[20659 20749]
[20750 20808]
[20809 20872]
[20873 20937]
[20938 20989]
[20990 21036]
[21037 21081]
[21082 21128]
[21129 21244]
[21245 21532]
[21533 21605]
[21606 21658]
[21659 21714]
[21715 21767]
[21768 21818]
[21819 21870]
[21871 21928]
[21929 21990]
[21991 22042]
[22043 22108]
[22109 22192]
[22193 22248]
[22249 22305]
[22306 22376]
[22377 22427]
[22428 22462]
[22463 22553]
[22554 22648]
[22649 22718]
[22719 22792]
[22793 22925]
[22926 23007]
[23008 23120]
[23121 23191]
[23192 23235]
[23236 23279]
[23280 23623]
[23624 23739]
[23740 23813]
[23814 23933]
[23934 24050]
[24051 24122]
[24123 24158]
[24159 24241]
[24242 24327]
[24328 24418]
[24419 24453]
[24454 24487]
[24488 24589]
[24590 24678]
[24679 24751]
[24752 24778]
[24779 24995]
[24996 25131]
[25132 25248]
[25249 25669]
[25670 25937]
[25938 26165]
[26166 26423]
[26424 26540]
[26541 26584]
[26585 26673]
[26674 26741]
[26742 26825]
[26826 26924]
[26925 27001]
[27002 27106]
[27107 27223]
[27224 27303]
[27304 27622]
[27623 27706]
[27707 27758]
[27759 27817]
[27818 27869]
[27870 27916]
[27917 27984]
[27985 28039]
[28040 28096]
[28097 28178]
[28179 28248]
[28249 28297]
[28298 28341]
[28342 28414]
[28415 28454]
[28455 28498]
[28499 28532]
[28533 28577]
[28578 28629]
[28630 28696]
[28697 28789]
[28790 28816]
[28817 28960]
[28961 29082]
[29083 29182]
[29183 29258]
[29259 29355]
[29356 29437]
[29438 29513]
[29514 29595]
[29596 29678]
[29679 29790]
[29791 29939]
[29940 30078]
[30079 30727]
[30728 30766]
[30767 30806]
[30807 30845]
[30846 30972]
[30973 31015]
[31016 31054]
[31055 31096]
[31097 31152]
[31153 31250]
[31251 31402]
[31403 31494]
[31495 31534]
[31535 31596]
[31597 31807]
[31808 31868]
[31869 31983]
[31984 32081]
[32082 32289]
[32290 32380]
[32381 32449]
[32450 32491]
[32492 32556]
[32557 32620]
[32621 32680]
[32681 32747]
[32748 32774]
[32775 32813]
[32814 32939]
[32940 32976]
[32977 33185]
[33186 33299]
