[ 0 32]
[ 33 263]
[264 320]
[321 364]
[365 406]
[407 447]
[448 489]
[490 530]
[531 571]
[572 614]
[615 656]
[657 696]
[697 745]
[746 792]
[793 899]
[ 900 1205]
[1206 1348]
[1349 1417]
[1418 1486]
[1487 1562]
[1563 1642]
[1643 1707]
[1708 1780]
[1781 1849]
[1850 1920]
[1921 1993]
[1994 2058]
[2059 2115]
[2116 2181]
[2182 2250]
[2251 2313]
[2314 2377]
[2378 2406]
[2407 2930]
[2931 3005]
[3006 3077]
[3078 3157]
[3158 3232]
[3233 3422]
[3423 3461]
[3462 3491]
[3492 3530]
[3531 3563]
[3564 3605]
[3606 3629]
[3630 3669]
[3670 3838]
[3839 3912]
[3913 3935]
[3936 3974]
[3975 4019]
[4020 4054]
[4055 4089]
[4090 4152]
[4153 4191]
[4192 4236]
[4237 4260]
[4261 4303]
[4304 4399]
[4400 4429]
[4430 4553]
[4554 4631]
[4632 4703]
[4704 4778]
[4779 4843]
[4844 4911]
[4912 4980]
[4981 5050]
[5051 5121]
[5122 5195]
[5196 5414]
[5415 5476]
[5477 5548]
[5549 5571]
[5572 5611]
[5612 5649]
[5650 5685]
[5686 5734]
[5735 5786]
[5787 5843]
[5844 5901]
[5902 5966]
[5967 6003]
[6004 6074]
[6075 6146]
[6147 6215]
[6216 6286]
[6287 6324]
[6325 6344]
[6345 6384]
[6385 6443]
[6444 6494]
[6495 6623]
[6624 6660]
[6661 6732]
[6733 6835]
[6836 6888]
[6889 6993]
[6994 7022]
[7023 7065]
[7066 7091]
[7092 7360]
[7362 7412]
[7413 7463]
[7464 7503]
[7504 7577]
[7578 7642]
[7643 7713]
[7714 7854]
[7855 7920]
[7921 7979]
[7980 8046]
[8047 8109]
[8110 8173]
[8174 8228]
[8229 8255]
[8256 8281]
[8282 8655]
[8656 8683]
[8684 8756]
[8757 8813]
[8814 8846]
[8847 8898]
[8899 8928]
[8929 8965]
[8966 9038]
[9039 9114]
[9115 9155]
[9156 9185]
[9186 9213]
[9214 9256]
[9257 9285]
[9286 9384]
[9385 9457]
[9458 9555]
[9556 9615]
[9616 9720]
[9721 9767]
[9768 9796]
[9797 9832]
[9833 9873]
[9874 9914]
[9915 9953]
[9954 9998]
[ 9999 10042]
[10043 10063]
[10064 10100]
[10101 10128]
[10129 10651]
[10652 10730]
[10731 10793]
[10794 10870]
[10871 10911]
[10912 10950]
[10951 10997]
[10998 11046]
[11047 11084]
[11085 11114]
[11115 11156]
[11157 11257]
[11258 11396]
[11397 11469]
[11470 11545]
[11546 11617]
[11618 11683]
[11684 11783]
[11784 11906]
[11907 11957]
[11958 12003]
[12004 12045]
[12046 12090]
[12091 12137]
[12138 12390]
[12391 12639]
[12640 12735]
[12736 12786]
[12787 12938]
[12939 12968]
[12969 12983]
[12984 13144]
[13145 13169]
[13170 13224]
[13225 13238]
[13239 13278]
[13279 13313]
[13314 13333]
[13334 13359]
[13360 13428]
[13429 13473]
[13474 13527]
[13528 13589]
[13590 13649]
[13650 13725]
[13726 13831]
[13832 13917]
[13918 13996]
[13997 14226]
[14227 14300]
[14301 14353]
[14354 14406]
[14407 14467]
[14468 14522]
[14523 14576]
[14577 14633]
[14634 14692]
[14693 14752]
[14753 14810]
[14811 14863]
[14864 14914]
[14915 14969]
[14970 15018]
[15019 15038]
[15039 15067]
[15068 15149]
[15150 15210]
[15211 15248]
[15249 15307]
[15308 15372]
[15373 15441]
[15442 15513]
[15514 15601]
[15602 15670]
[15671 15696]
[15697 15864]
[15865 16335]
[16336 16684]
[16685 16766]
[16767 16826]
[16827 16896]
[16897 16940]
[16941 16990]
[16991 17044]
[17045 17078]
[17079 17124]
[17125 17172]
[17173 17227]
[17228 17281]
[17282 17339]
[17340 17400]
[17401 17479]
[17480 17584]
[17585 17628]
[17629 17680]
[17681 17731]
[17732 17774]
[17775 17820]
[17821 17864]
[17865 17975]
[17976 18188]
[18189 18446]
[18447 18525]
[18526 18581]
[18582 18650]
[18651 18774]
[18775 18907]
[18908 19085]
[19086 19149]
[19150 19543]
[19545 19659]
[19660 19770]
[19771 19827]
[19828 19870]
[19871 19916]
[19917 19965]
[19966 20015]
[20016 20122]
[20123 20193]
[20194 20243]
[20244 20311]
[20312 20415]
[20416 20506]
[20507 20569]
[20570 20590]
[20591 20615]
[20616 20660]
[20661 20702]
[20703 20749]
[20750 20798]
[20799 20840]
[20841 20914]
[20915 21003]
[21004 21323]
[21324 21349]
[21350 21426]
[21427 21607]
[21608 22035]
[22036 22236]
[22237 22342]
[22343 22391]
[22392 22755]
[22756 22823]
[22824 22888]
[22889 22945]
[22946 23013]
[23014 23076]
[23077 23132]
[23133 23189]
[23190 23246]
[23247 23301]
[23302 23357]
[23358 23412]
[23413 23466]
[23467 23553]
[23554 23773]
[23774 23837]
[23838 23939]
[23940 24016]
[24017 24088]
[24089 24157]
[24158 24225]
[24226 24298]
[24299 24366]
[24367 24433]
[24434 24502]
[24503 24566]
[24567 24616]
[24617 24837]
[24838 24924]
[24925 24985]
[24986 25050]
[25051 25131]
[25132 25187]
[25188 25267]
[25268 25339]
[25340 25414]
[25415 25488]
[25489 25553]
[25554 25628]
[25629 25717]
[25718 25789]
[25790 25866]
[25867 25927]
[25928 26033]
[26034 26126]
[26127 26216]
[26217 26303]
[26304 26414]
[26415 26457]
[26458 26546]
[26547 26652]
[26653 26727]
[26728 26795]
[26796 26862]
[26863 26891]
[26892 26963]
[26964 27017]
[27018 27055]
[27056 27238]
[27239 27626]
[27627 27801]
[27802 27905]
[27906 27976]
[27977 28238]
[28239 28326]
[28327 28394]
[28395 28515]
[28516 28558]
[28559 28623]
[28624 28680]
[28681 28744]
[28745 28815]
[28816 28870]
[28871 28938]
[28939 29003]
[29004 29056]
[29057 29107]
[29108 29134]
[29135 29176]
[29177 29233]
[29234 29285]
[29286 29331]
[29332 29366]
[29367 29418]
[29419 29465]
[29466 29514]
[29515 29726]
[29727 30096]
[30097 30226]
[30227 30277]
[30278 30439]
[30440 30476]
[30477 30684]
[30685 30743]
[30744 30823]
[30824 30898]
[30899 30973]
[30974 31114]
[31115 31198]
[31199 31285]
[31286 31369]
[31370 31444]
[31445 31499]
[31500 31542]
[31543 31609]
[31610 31694]
[31695 31762]
[31763 31841]
[31842 32212]
[32213 32382]
[32383 32501]
[32502 32555]
[32556 32668]
[32669 32700]
[32701 32814]
[32815 32920]
[32921 33016]
[33017 33101]
[33102 33194]
[33195 33276]
[33277 33528]
[33529 33618]
[33619 33638]
[33639 33661]
[33662 33701]
[33702 33731]
[33732 33762]
[33763 33832]
[33833 33907]
[33908 33975]
[33976 34047]
[34048 34195]
[34196 34268]
[34269 34342]
[34343 34414]
[34415 34487]
[34488 34559]
[34560 34626]
[34627 34755]
[34756 34821]
[34822 34887]
[34888 34951]
[34952 35127]
[35128 35245]
[35246 35484]
[35485 35672]
[35673 35794]
[35795 35840]
[35841 35956]
[35957 35991]
[35992 36031]
[36032 36088]
[36089 36157]
[36158 36247]
[36248 36308]
[36309 36335]
[36336 36659]
[36660 37346]
[37347 37414]
[37415 38334]
[38335 38449]
