[ 0 24]
[ 25 262]
[263 323]
[324 354]
[355 385]
[386 416]
[417 450]
[451 481]
[482 512]
[513 543]
[544 574]
[575 605]
[606 636]
[637 667]
[668 699]
[700 730]
[731 761]
[762 792]
[793 823]
[824 898]
[ 899 1117]
[1118 1223]
[1224 1315]
[1316 1710]
[1711 1761]
[1762 1913]
[1914 1982]
[1983 2471]
[2472 2540]
[2541 2598]
[2599 2671]
[2672 2722]
[2723 2760]
[2761 2823]
[2824 2897]
[2898 2967]
[2968 3007]
[3008 3057]
[3058 3125]
[3126 3182]
[3183 3238]
[3239 3300]
[3301 3340]
[3341 3607]
[3608 3652]
[3653 3700]
[3701 3763]
[3764 3806]
[3807 3850]
[3851 3927]
[3928 3968]
[3969 4031]
[4032 4117]
[4118 4154]
[4155 4594]
[4595 4644]
[4645 4719]
[4720 4803]
[4804 4835]
[4836 4895]
[4896 4942]
[4943 4970]
[4971 5043]
[5044 5121]
[5122 5171]
[5172 5246]
[5247 5322]
[5323 5341]
[5342 5415]
[5416 5444]
[5445 5492]
[5493 5530]
[5531 5558]
[5559 6029]
[6030 6105]
[6106 6135]
[6136 6168]
[6169 6195]
[6196 6248]
[6249 6290]
[6291 6376]
[6377 6394]
[6395 6427]
[6428 6580]
[6581 6644]
[6645 6711]
[6712 6780]
[6781 6842]
[6843 6861]
[6862 6914]
[6915 6950]
[6951 6982]
[6983 7017]
[7018 7043]
[7044 7071]
[7072 7099]
[7100 7780]
[7781 7820]
[7821 7934]
[7935 7983]
[7984 8009]
[8010 8095]
[8096 8154]
[8155 8194]
[8195 8239]
[8240 8297]
[8298 8332]
[8333 8508]
[8509 8550]
[8551 8597]
[8598 8639]
[8640 8684]
[8685 8736]
[8737 8775]
[8776 8878]
[8879 8929]
[8930 8978]
[8979 9092]
[9093 9154]
[9155 9211]
[9212 9246]
[9247 9276]
[9277 9313]
[9314 9373]
[9374 9657]
[9659 9790]
[9792 9915]
[ 9917 10041]
[10042 10165]
[10166 10273]
[10274 10309]
[10310 10381]
[10382 10417]
[10418 10453]
[10454 10489]
[10490 10525]
[10526 10561]
[10562 10597]
[10598 10633]
[10634 10720]
[10721 11082]
[11083 11263]
[11264 11504]
[11505 11631]
[11632 11720]
[11721 11912]
[11913 12136]
[12137 12484]
[12485 12545]
[12546 12649]
[12650 12698]
[12699 12728]
[12729 12814]
[12815 12897]
[12898 12967]
[12968 13004]
[13005 13055]
[13056 13113]
[13114 13159]
[13160 13227]
[13228 13280]
[13281 13388]
[13389 13721]
[13722 13845]
[13846 13950]
[13951 14060]
[14061 14177]
[14178 14206]
[14207 14396]
[14397 14463]
[14464 14524]
[14525 14574]
[14575 14648]
[14649 15137]
[15138 15185]
[15186 15244]
[15245 15288]
[15289 15332]
[15333 15384]
[15385 15419]
[15420 15456]
[15457 15483]
[15484 15516]
[15517 15663]
[15664 15715]
[15716 15762]
[15763 15809]
[15810 15872]
[15873 16002]
[16003 16059]
[16060 16109]
[16110 16165]
[16166 16539]
[16540 16622]
[16623 16691]
[16692 16731]
[16732 16789]
[16790 16848]
[16849 16940]
[16941 17027]
[17028 17138]
[17139 17191]
[17192 17299]
[17300 17585]
[17586 17658]
[17659 17700]
[17701 17780]
[17781 17882]
[17883 17926]
[17927 18263]
[18265 18355]
[18356 18414]
[18415 18474]
[18475 18525]
[18526 18587]
[18588 18655]
[18656 18819]
[18820 18917]
[18918 18997]
[18998 19078]
[19079 19138]
[19139 19278]
[19279 19369]
[19370 19572]
[19573 19608]
[19609 19644]
[19645 19680]
[19681 19716]
[19717 19752]
[19753 19788]
[19789 19824]
[19825 19860]
[19861 19896]
[19897 19932]
[19933 20005]
[20006 20628]
[20629 20777]
[20778 20898]
[20899 21070]
[21071 21160]
[21161 21285]
[21286 21498]
[21499 21627]
[21628 21741]
[21742 21823]
[21824 22106]
[22107 22202]
[22203 22278]
[22279 22360]
[22361 22422]
[22423 22495]
[22496 22562]
[22563 22586]
[22587 22685]
[22686 22786]
[22787 23233]
[23234 23475]
[23476 23554]
[23555 23664]
[23665 23878]
[23879 23998]
[23999 24108]
[24109 24172]
[24173 24236]
[24237 24568]
[24569 24600]
[24601 24634]
[24635 24667]
[24668 24705]
[24706 24804]
[24805 24846]
[24847 24874]
[24875 24961]
[24962 24992]
[24993 25046]
[25047 25113]
[25114 25188]
[25189 25256]
[25257 25296]
[25297 25356]
[25357 25421]
[25422 25496]
[25497 25571]
[25572 25625]
[25626 26120]
[26121 26184]
[26185 26238]
[26239 26317]
[26318 26371]
[26372 26431]
[26432 26492]
[26493 26546]
[26547 26591]
[26592 26637]
[26638 26680]
[26681 26736]
[26737 26805]
[26806 26855]
[26856 26906]
[26907 26973]
[26974 27033]
[27034 27090]
[27091 27135]
[27136 27195]
[27196 27258]
[27259 27305]
[27306 27348]
[27349 27396]
[27397 27448]
[27449 27484]
[27485 27812]
[27813 27876]
[27877 27913]
[27914 27968]
[27969 28019]
[28020 28078]
[28079 28140]
[28141 28176]
[28177 28216]
[28217 28319]
[28320 28343]
[28344 28392]
[28393 28438]
[28439 28490]
[28491 28648]
[28649 28682]
[28683 28742]
[28743 28814]
[28815 28865]
[28866 28924]
[28925 28977]
[28978 29014]
[29015 29056]
[29057 29094]
[29095 29397]
[29399 29469]
[29470 29572]
[29573 29686]
[29687 29735]
[29736 29864]
[29865 30003]
[30004 30178]
[30179 30255]
[30256 30343]
[30344 30435]
[30436 30559]
[30560 30944]
[30945 31067]
[31068 31184]
[31185 31249]
[31250 31319]
[31320 31450]
[31451 31551]
[31552 31617]
[31618 31799]
[31800 31916]
[31917 32024]
[32025 32252]
[32253 32453]
[32454 32549]
