[ 0 30]
[ 31 276]
[277 328]
[329 364]
[365 394]
[395 422]
[423 455]
[456 485]
[486 508]
[509 534]
[535 561]
[562 579]
[580 613]
[614 644]
[645 673]
[674 702]
[703 759]
[ 760 1220]
[1221 1261]
[1262 1330]
[1331 1409]
[1410 1445]
[1446 1483]
[1484 1523]
[1524 1569]
[1570 1591]
[1592 1663]
[1664 1711]
[1712 1746]
[1747 1780]
[1781 1897]
[1898 1952]
[1953 2044]
[2045 2112]
[2113 2193]
[2194 2253]
[2254 2347]
[2348 2391]
[2392 2496]
[2497 2556]
[2557 2585]
[2586 2626]
[2627 2656]
[2657 2677]
[2678 2725]
[2726 2760]
[2761 2811]
[2812 3372]
[3373 3403]
[3404 3441]
[3442 3472]
[3473 3496]
[3497 3551]
[3552 3569]
[3570 3592]
[3593 3615]
[3616 3656]
[3657 3687]
[3688 3748]
[3749 3775]
[3776 3798]
[3799 3830]
[3831 3857]
[3858 3886]
[3887 3922]
[3923 3949]
[3950 3980]
[3981 4004]
[4005 4077]
[4078 4094]
[4095 4120]
[4121 4145]
[4146 4198]
[4199 4223]
[4224 4275]
[4276 4423]
[4424 4447]
[4448 4469]
[4470 4490]
[4491 4518]
[4519 4534]
[4535 4562]
[4563 4619]
[4620 4694]
[4695 4716]
[4717 4760]
[4761 4804]
[4805 4838]
[4839 4878]
[4879 4903]
[4904 4934]
[4935 5343]
[5344 5399]
[5400 5462]
[5463 5535]
[5536 5584]
[5585 5601]
[5602 5636]
[5637 5652]
[5653 5896]
[5897 5966]
[5967 6037]
[6038 6106]
[6107 6148]
[6149 6190]
[6191 6275]
[6276 6285]
[6286 6348]
[6349 6412]
[6413 6485]
[6486 6635]
[6636 6968]
[6969 7177]
[7178 8032]
[8033 8103]
[8104 8210]
[8211 8283]
[8284 8367]
[8368 8443]
[8444 8502]
[8503 8560]
[8561 8620]
[8621 8676]
[8677 8733]
[8734 8774]
[8775 8858]
[8859 9173]
[9174 9451]
[9452 9752]
[9753 9845]
[9846 9964]
[ 9965 10102]
[10103 10157]
[10158 10207]
[10208 10250]
[10251 10287]
[10288 10337]
[10338 10392]
[10393 10447]
[10448 10503]
[10504 10598]
[10599 10789]
[10790 11099]
[11100 11122]
[11123 11279]
[11280 11613]
[11614 11678]
[11679 11738]
[11739 11798]
[11799 11872]
[11873 11928]
[11929 11996]
[11997 12080]
[12081 12150]
[12151 12222]
[12223 12272]
[12273 12374]
[12375 12400]
[12401 12451]
[12452 12502]
[12503 12563]
[12564 12624]
[12625 12680]
[12681 12734]
[12735 12801]
[12802 12865]
[12866 13179]
[13180 13464]
[13465 13605]
[13606 13721]
[13722 13759]
[13760 13786]
[13787 13814]
[13815 13870]
[13871 13903]
[13904 13984]
[13985 14058]
[14059 14133]
[14134 14210]
[14211 14286]
[14287 14343]
[14344 14406]
[14407 14474]
[14475 14522]
[14523 14555]
[14556 14580]
[14581 14663]
[14664 14871]
[14872 14906]
[14907 14949]
[14950 14986]
[14987 15113]
[15114 15190]
[15191 15330]
[15331 15399]
[15400 15439]
[15440 15475]
[15476 15565]
[15566 15720]
[15721 15771]
[15772 15848]
[15849 15911]
[15912 15997]
[15998 16109]
[16110 16182]
[16183 16438]
[16439 16504]
[16505 16604]
[16605 16676]
[16677 16776]
[16777 16873]
[16874 16959]
[16960 17011]
[17012 17153]
[17154 17232]
[17233 17323]
[17324 17429]
[17430 17512]
[17513 17600]
[17601 18017]
[18018 18092]
[18093 18142]
[18143 18188]
[18189 18239]
[18240 18314]
[18315 18359]
[18360 18387]
[18388 18413]
[18414 18462]
[18463 18505]
[18506 18592]
[18593 18637]
[18638 18678]
[18679 18734]
[18735 18776]
[18777 18811]
[18812 18909]
[18910 18988]
[18989 19096]
[19097 19142]
[19143 19197]
[19198 19240]
[19241 19344]
[19345 19398]
[19399 19449]
[19450 19496]
[19497 19537]
[19538 19578]
[19579 19688]
[19689 19744]
[19745 19844]
[19845 20197]
[20198 20467]
[20468 20653]
[20654 21081]
[21082 21166]
[21167 21329]
[21330 21681]
[21682 21901]
[21902 21981]
[21982 22329]
[22330 22414]
[22415 22457]
[22458 22529]
[22530 22746]
[22747 22827]
[22828 22851]
[22852 22915]
[22916 22976]
[22977 23024]
[23025 23077]
[23078 23137]
[23138 23185]
[23186 23226]
[23227 23635]
[23636 23737]
[23738 23773]
[23774 23811]
[23812 23841]
[23842 23913]
[23914 23962]
[23963 23991]
[23992 24040]
[24041 24094]
[24095 24145]
[24146 24205]
[24206 24260]
[24261 24309]
[24310 24356]
[24357 24416]
[24417 24642]
[24643 24778]
[24779 24904]
[24905 25004]
[25005 25099]
[25100 25304]
[25305 25380]
[25381 25705]
[25706 25799]
