[ 0 10]
[ 12 382]
[383 438]
[439 469]
[470 500]
[501 531]
[532 565]
[566 596]
[597 627]
[628 658]
[659 689]
[690 720]
[721 751]
[752 782]
[783 814]
[815 845]
[846 876]
[877 907]
[908 938]
[ 939 1019]
[1020 1471]
[1472 1531]
[1532 1590]
[1591 1674]
[1675 1717]
[1718 1777]
[1778 1809]
[1810 1892]
[1893 1963]
[1964 2019]
[2020 2152]
[2153 2187]
[2188 2228]
[2229 2297]
[2298 2448]
[2449 2557]
[2558 2675]
[2676 2731]
[2732 2782]
[2783 2869]
[2870 2919]
[2920 2973]
[2974 3009]
[3010 3227]
[3228 3283]
[3284 3370]
[3371 3429]
[3430 3489]
[3490 3539]
[3540 3605]
[3606 3675]
[3676 3749]
[3750 3830]
[3831 3835]
[3836 4135]
[4136 4165]
[4166 4271]
[4272 4376]
[4377 4460]
[4461 4565]
[4566 4756]
[4757 4837]
[4838 4968]
[4969 4994]
[4995 5044]
[5045 5091]
[5092 5111]
[5112 5144]
[5145 5194]
[5195 5279]
[5280 5351]
[5352 5421]
[5422 5497]
[5498 5570]
[5571 5663]
[5664 5752]
[5753 5833]
[5834 5904]
[5905 6164]
[6165 6218]
[6219 6285]
[6286 6351]
[6352 6407]
[6408 6460]
[6461 6518]
[6519 6576]
[6577 6796]
[6797 6919]
[6920 7001]
[7002 7045]
[7046 7237]
[7238 7306]
[7307 7381]
[7382 7422]
[7423 7486]
[7487 7554]
[7555 7619]
[7620 8010]
[8011 8091]
[8092 8132]
[8133 8157]
[8158 8186]
[8187 8229]
[8230 8352]
[8353 8414]
[8415 8481]
[8482 8591]
[8592 8664]
[8665 8712]
[8713 8783]
[8784 8836]
[8837 8863]
[8864 8942]
[8943 9004]
[9005 9124]
[9125 9155]
[9156 9204]
[9205 9261]
[9262 9299]
[9300 9363]
[9364 9412]
[9413 9462]
[9463 9956]
[ 9957 10008]
[10009 10045]
[10046 10086]
[10087 10129]
[10130 10170]
[10171 10274]
[10275 10340]
[10341 10408]
[10409 10478]
[10479 10521]
[10522 10573]
[10574 10615]
[10616 10665]
[10666 10758]
[10759 10814]
[10815 10864]
[10865 10911]
[10912 10995]
[10996 11082]
[11083 11176]
[11177 11256]
[11257 11367]
[11368 11424]
[11425 11508]
[11509 11557]
[11558 11604]
[11605 11640]
[11641 11676]
[11677 11712]
[11713 11748]
[11749 11784]
[11785 11872]
[11873 12218]
[12219 12290]
[12292 12373]
[12374 12670]
[12671 12725]
[12726 12758]
[12759 12828]
[12829 12874]
[12875 12908]
[12909 12964]
[12965 13250]
[13251 13319]
[13320 13568]
[13569 13682]
[13683 13777]
[13778 13866]
[13867 14201]
[14202 14254]
[14255 14336]
[14337 14433]
[14434 14503]
[14504 14558]
[14559 14624]
[14625 14779]
[14780 14869]
[14870 15066]
[15067 15469]
[15470 15555]
[15556 15632]
[15633 15712]
[15713 15770]
[15771 15852]
[15853 15957]
[15958 15994]
[15995 16020]
[16021 16063]
[16064 16105]
[16106 16170]
[16171 16277]
[16278 16376]
[16377 16426]
[16427 16451]
[16452 16551]
[16552 16643]
[16644 17112]
[17113 17204]
[17205 17338]
[17339 17478]
[17479 17563]
[17564 17687]
[17688 17803]
[17804 17873]
[17874 17896]
[17897 17942]
[17943 18028]
[18029 18142]
[18143 18207]
[18208 18273]
[18274 18325]
[18326 18384]
[18385 18473]
[18474 18598]
[18599 18894]
[18895 18909]
[18910 19063]
[19064 19158]
[19159 19253]
[19254 19306]
[19307 19387]
[19388 19503]
[19504 19628]
[19629 19753]
[19754 19826]
[19827 19943]
[19944 20082]
[20083 20126]
[20127 20218]
[20219 20475]
[20476 20535]
[20536 20613]
[20614 20669]
[20670 20735]
[20736 20810]
[20811 20854]
[20855 20923]
[20924 20962]
[20963 21072]
[21073 21132]
[21133 21192]
[21193 21250]
[21251 21304]
[21305 21391]
[21392 21457]
[21458 21545]
[21546 21636]
[21637 21724]
[21725 21810]
[21811 21899]
[21900 21987]
[21988 22104]
[22105 22184]
[22185 22271]
[22272 22346]
[22347 22615]
[22616 22698]
[22700 23049]
[23051 23112]
[23113 23158]
[23159 23189]
[23190 23502]
[23503 23897]
[23898 23972]
[23973 24010]
[24011 24092]
[24093 24202]
[24203 24255]
[24256 24305]
[24306 24391]
[24392 24436]
[24437 24494]
[24495 24567]
[24568 24607]
[24608 24693]
[24694 24763]
[24764 25043]
[25044 25109]
[25110 25218]
[25219 25279]
[25280 25363]
[25364 25422]
[25423 25534]
[25535 25631]
[25632 25720]
[25721 25833]
[25834 25994]
[25995 26048]
[26049 26371]
[26372 26464]
[26465 26560]
[26561 26741]
[26742 26888]
[26889 26992]
[26993 27055]
[27056 27075]
[27076 27132]
[27133 27184]
[27185 27231]
[27232 27302]
[27303 27398]
[27399 27461]
[27462 27494]
[27495 27514]
[27515 27535]
[27536 27556]
[27557 27573]
[27574 27603]
[27604 27629]
[27630 27654]
[27655 27674]
[27675 27706]
[27707 27724]
[27725 27732]
[27733 28014]
[28015 28121]
[28122 28207]
[28208 28264]
[28265 28446]
[28447 28700]
[28701 28867]
[28868 28965]
[28966 29010]
[29011 29141]
[29142 29170]
[29171 29268]
[29269 29367]
[29368 29437]
[29438 29778]
[29779 29876]
[29877 29947]
[29948 30032]
[30033 30157]
[30158 30277]
[30278 30368]
[30369 30424]
[30425 30605]
[30606 30710]
[30711 30867]
[30868 30922]
[30923 30979]
[30980 31373]
[31374 31842]
[31843 32076]
[32077 32127]
[32128 32201]
[32202 32342]
[32343 32686]
[32688 32799]
