[0 11]
[13 380]
[381 439]
[440 472]
[473 517]
[518 566]
[567 599]
[600 643]
[644 690]
[691 731]
[732 774]
[775 815]
[816 867]
[868 912]
[913 1028]
[1029 1483]
[1485 1560]
[1561 1647]
[1648 1729]
[1730 1807]
[1808 1851]
[1852 1886]
[1887 1947]
[1948 2009]
[2010 2030]
[2031 2089]
[2090 2103]
[2104 2146]
[2147 2196]
[2197 2278]
[2279 2316]
[2317 2362]
[2363 2414]
[2415 2485]
[2486 2517]
[2518 2547]
[2548 2606]
[2607 2667]
[2668 2729]
[2730 2796]
[2797 3261]
[3262 3321]
[3322 3358]
[3359 3409]
[3410 3444]
[3445 3470]
[3471 3508]
[3509 3551]
[3552 3577]
[3578 3621]
[3622 3741]
[3742 3814]
[3815 3904]
[3905 3977]
[3978 4054]
[4055 4091]
[4092 4163]
[4164 4282]
[4283 4359]
[4360 4422]
[4423 4576]
[4577 4644]
[4645 4686]
[4687 4746]
[4747 5275]
[5277 5400]
[5401 5510]
[5511 5608]
[5609 5684]
[5685 5808]
[5809 5872]
[5873 5933]
[5934 5973]
[5974 6031]
[6032 6119]
[6120 6155]
[6156 6187]
[6188 6227]
[6228 6244]
[6245 6313]
[6314 6412]
[6413 6499]
[6500 6583]
[6584 6661]
[6662 6748]
[6749 7278]
[7279 7332]
[7333 7393]
[7394 7469]
[7470 7600]
[7601 7641]
[7642 7702]
[7703 7760]
[7761 7813]
[7814 7868]
[7869 7944]
[7945 8021]
[8022 8072]
[8073 8127]
[8128 8175]
[8176 8255]
[8256 8300]
[8301 8627]
[8628 8880]
[8883 8972]
[8973 9018]
[9019 9068]
[9069 9105]
[9106 9254]
[9255 9423]
[9424 9452]
[9453 9510]
[9511 9635]
[9636 9658]
[9659 9661]
[9662 9712]
[9713 9785]
[9786 9843]
[9844 9879]
[9880 9909]
[9910 9928]
[9929 9965]
[9966 9994]
[9995 10053]
[10054 10105]
[10106 10182]
[10183 10460]
[10461 10524]
[10525 10605]
[10606 10701]
[10702 10760]
[10761 10822]
[10823 10865]
[10866 10920]
[10921 10995]
[10996 11046]
[11047 11104]
[11105 11185]
[11186 11238]
[11239 11261]
[11262 11328]
[11329 11380]
[11381 11437]
[11438 11531]
[11532 11565]
[11566 11841]
[11842 12097]
[12098 12117]
[12118 12158]
[12159 12168]
[12169 12203]
[12204 12252]
[12253 12309]
[12310 12357]
[12358 12408]
[12409 12459]
[12460 12468]
[12469 12489]
[12490 12497]
[12498 12509]
[12510 12518]
[12519 12529]
[12530 12549]
[12550 12559]
[12560 12579]
[12580 12744]
[12745 13046]
[13047 13193]
[13194 13300]
[13301 13555]
[13556 13673]
[13674 14021]
[14023 14278]
[14279 14333]
[14334 14423]
[14424 14485]
[14486 14612]
[14613 14685]
[14686 14839]
[14840 14943]
[14944 15060]
[15061 15134]
[15135 15209]
[15210 15327]
[15328 15592]
[15593 15718]
[15719 15931]
[15932 16030]
[16031 16114]
[16115 16239]
[16240 16281]
[16282 16526]
[16527 16791]
[16792 16868]
[16869 17121]
[17122 17190]
[17191 17256]
[17257 17317]
[17318 17371]
[17372 17505]
[17506 17596]
[17597 17751]
[17752 17813]
[17814 17887]
[17888 17998]
[17999 18157]
[18158 18434]
[18435 18476]
[18477 18604]
[18605 18652]
[18653 18709]
[18710 18765]
[18766 18821]
[18822 18865]
[18866 18922]
[18923 19013]
[19014 19094]
[19095 19217]
[19218 19268]
[19269 19307]
[19308 19355]
[19356 19397]
[19398 19445]
[19446 19481]
[19482 19522]
[19523 19563]
[19564 19655]
[19656 20403]
[20404 20471]
[20472 20573]
[20574 20738]
[20739 20843]
[20844 21103]
[21104 21251]
[21252 21338]
[21339 21384]
[21385 21429]
[21430 21493]
[21494 21799]
[21801 22004]
[22006 22209]
[22210 22422]
[22424 22635]
[22636 22656]
[22657 22740]
[22741 22830]
[22831 23364]
[23365 23467]
[23468 23497]
[23498 23553]
[23554 23596]
[23597 23715]
[23716 23860]
[23861 23915]
[23916 24143]
[24144 24427]
[24428 24600]
[24601 24770]
[24771 24878]
[24879 25205]
[25206 25323]
[25324 25388]
[25389 25450]
[25451 25563]
[25564 25703]
[25704 25749]
[25750 25823]
[25824 25878]
[25879 25947]
[25948 26017]
[26018 26064]
[26065 26118]
[26119 26466]
[26467 26550]
[26551 26576]
[26577 26612]
[26613 26657]
[26658 26696]
[26697 26821]
[26822 27010]
[27011 27066]
[27067 27099]
[27100 27140]
[27141 27172]
[27173 27265]
[27266 27346]
[27347 27383]
[27384 27448]
[27449 27509]
[27510 27565]
[27566 27631]
[27632 27708]
[27709 27827]
[27828 28041]
[28042 28161]
[28162 28236]
[28237 28299]
[28300 28339]
[28340 28401]
[28402 28426]
[28427 28462]
[28463 28492]
[28493 28523]
[28524 28574]
[28575 28604]
[28605 28656]
[28657 28707]
[28708 28767]
[28768 28840]
[28841 28865]
[28866 28897]
[28898 28984]
[28985 29008]
[29009 29036]
[29037 29086]
[29087 29395]
[29396 29515]
[29516 29598]
[29599 29674]
[29675 29721]
[29722 29783]
[29784 29810]
[29811 29846]
[29847 29931]
[29932 29965]
[29966 30017]
[30018 30071]
[30072 30107]
[30108 30156]
[30157 30199]
[30200 30232]
[30233 30260]
[30261 30295]
[30296 30351]
[30352 30384]
[30385 30424]
[30425 30472]
[30473 30515]
[30516 30545]
[30546 30575]
[30576 30914]
[30915 31021]
[31022 31094]
[31095 31245]
[31246 31311]
[31312 31434]
[31435 31502]
[31503 31612]
[31613 31686]
[31687 31752]
[31753 31814]
[31815 31858]
[31859 31928]
[31929 31989]
[31990 32587]
[32588 32687]
