[0 2]
[3 59]
[60 365]
[366 418]
[419 454]
[455 484]
[485 512]
[513 545]
[546 576]
[577 606]
[607 635]
[636 669]
[670 706]
[707 737]
[738 764]
[765 839]
[840 1560]
[1561 1622]
[1623 1691]
[1692 1752]
[1753 1800]
[1801 1849]
[1850 1896]
[1897 1947]
[1948 2015]
[2016 2056]
[2057 2124]
[2125 2166]
[2167 2225]
[2226 2285]
[2286 2334]
[2335 2373]
[2374 2678]
[2679 2858]
[2859 2913]
[2914 2971]
[2972 3030]
[3031 3088]
[3089 3152]
[3153 3225]
[3226 3295]
[3296 3353]
[3354 3421]
[3422 3503]
[3504 3555]
[3556 3640]
[3641 3701]
[3702 4104]
[4105 4189]
[4190 4221]
[4222 4303]
[4304 4349]
[4350 4465]
[4466 4544]
[4545 4583]
[4584 4624]
[4625 4656]
[4657 4688]
[4689 4811]
[4812 4829]
[4830 4883]
[4884 4899]
[4900 4929]
[4930 4976]
[4977 5002]
[5003 5050]
[5051 5255]
[5256 5303]
[5304 5359]
[5360 5388]
[5389 5442]
[5443 5472]
[5473 5546]
[5547 5597]
[5598 5686]
[5687 5773]
[5774 6069]
[6070 6100]
[6101 6153]
[6154 6179]
[6180 6227]
[6228 6276]
[6277 6324]
[6325 6370]
[6371 6398]
[6399 6446]
[6447 6504]
[6505 6569]
[6570 6586]
[6587 6664]
[6665 6699]
[6700 6765]
[6766 6817]
[6818 6857]
[6858 6915]
[6916 6945]
[6946 6991]
[6992 7072]
[7073 7332]
[7333 7581]
[7582 7658]
[7659 7720]
[7721 7801]
[7802 7852]
[7853 7956]
[7957 8033]
[8034 8166]
[8167 8242]
[8243 8326]
[8327 8354]
[8355 8436]
[8437 8464]
[8465 8491]
[8492 8510]
[8511 8574]
[8575 8666]
[8667 8718]
[8719 8783]
[8784 8802]
[8803 8829]
[8830 8876]
[8877 8907]
[8908 8949]
[8950 8968]
[8969 9087]
[9088 9488]
[9489 9568]
[9569 9622]
[9623 9694]
[9695 9772]
[9773 9863]
[9864 10032]
[10033 10108]
[10109 10172]
[10173 10262]
[10263 10368]
[10369 10459]
[10460 10560]
[10561 10623]
[10624 10716]
[10717 10749]
[10750 10801]
[10802 10843]
[10844 10905]
[10906 10956]
[10957 11007]
[11008 11054]
[11055 11095]
[11096 11136]
[11137 11171]
[11172 11205]
[11206 11240]
[11241 11277]
[11278 11313]
[11314 11400]
[11401 11686]
[11687 11736]
[11737 11803]
[11804 11890]
[11891 11962]
[11963 12046]
[12047 12132]
[12133 12190]
[12191 12241]
[12242 12335]
[12336 12416]
[12417 12463]
[12464 12730]
[12731 12809]
[12810 12881]
[12882 12957]
[12958 13007]
[13008 13073]
[13074 13134]
[13135 13188]
[13189 13252]
[13253 13294]
[13295 13344]
[13345 13386]
[13387 13621]
[13622 13982]
[13983 14092]
[14093 14147]
[14148 14237]
[14238 14310]
[14311 14361]
[14362 14766]
[14767 14852]
[14853 14964]
[14965 15051]
[15052 15126]
[15127 15176]
[15177 15247]
[15248 15329]
[15330 15426]
[15427 15494]
[15495 15587]
[15588 15641]
[15642 15713]
[15714 15773]
[15774 16001]
[16002 16090]
[16091 16177]
[16178 16240]
[16241 16302]
[16303 16394]
[16395 16470]
[16471 16572]
[16573 16655]
[16656 16745]
[16746 16872]
[16873 16950]
[16951 17038]
[17039 17324]
[17325 17418]
[17419 17541]
[17542 17604]
[17605 17654]
[17655 17797]
[17798 17832]
[17833 17958]
[17959 18004]
[18005 18161]
[18162 18530]
[18531 18603]
[18604 18677]
[18678 18766]
[18767 18855]
[18856 18953]
[18954 19000]
[19001 19114]
[19115 19178]
[19179 19279]
[19280 19350]
[19351 19453]
[19454 19512]
[19513 19563]
[19564 19610]
[19611 19651]
[19652 19692]
[19693 19757]
[19758 19802]
[19803 19852]
[19853 19957]
[19958 20072]
[20073 20384]
[20385 20449]
[20450 20508]
[20509 20569]
[20570 20673]
[20674 20722]
[20723 20811]
[20812 20881]
[20882 20938]
[20939 21030]
[21031 21121]
[21122 21207]
[21208 21257]
[21258 21310]
[21311 21398]
[21399 21551]
[21552 21626]
[21627 21684]
[21685 21833]
[21834 21903]
[21904 22173]
[22174 22320]
[22321 22462]
[22463 22496]
[22497 22547]
[22548 22599]
[22600 22636]
[22637 22705]
[22706 22745]
[22746 22786]
[22787 22870]
[22871 22904]
[22905 22938]
[22939 22982]
[22983 23089]
[23090 23158]
[23159 23213]
[23214 23261]
[23262 23313]
[23314 23357]
[23358 23403]
[23404 23432]
[23433 23503]
[23504 23629]
[23630 24001]
[24002 24092]
[24093 24160]
[24161 24231]
[24232 24260]
[24261 24299]
[24300 24390]
[24391 24459]
[24460 24507]
[24508 24540]
[24541 24625]
[24626 24699]
[24700 24791]
[24792 24862]
[24863 24916]
[24917 25217]
[25218 25284]
[25285 25321]
[25322 25365]
[25366 25435]
[25436 25543]
[25544 25634]
[25635 25670]
[25671 25730]
[25731 25782]
[25783 25871]
[25872 25935]
[25936 26006]
[26007 26090]
[26091 26139]
[26140 26191]
[26192 26596]
[26597 26654]
[26655 26706]
[26707 26758]
[26759 26811]
[26812 26868]
[26869 26916]
[26917 26982]
[26983 27042]
[27043 27158]
[27159 27232]
[27233 27307]
[27308 27402]
[27403 27527]
[27528 27579]
[27580 27631]
[27632 27690]
[27691 27745]
[27746 27791]
[27792 27836]
[27837 27873]
[27874 28291]
[28292 28395]
