[0 4]
[5 30]
[31 262]
[263 325]
[326 386]
[387 426]
[427 452]
[453 509]
[510 549]
[550 578]
[579 621]
[622 659]
[660 704]
[705 762]
[763 794]
[795 906]
[907 1291]
[1292 1352]
[1353 1415]
[1416 1478]
[1479 1514]
[1515 1549]
[1550 1595]
[1596 1645]
[1646 1700]
[1701 1735]
[1736 1787]
[1788 1844]
[1845 1909]
[1910 1974]
[1975 2041]
[2042 2094]
[2095 2113]
[2114 2187]
[2188 2261]
[2262 2327]
[2328 2396]
[2397 2469]
[2470 2488]
[2489 2538]
[2539 2948]
[2949 2970]
[2971 3030]
[3031 3091]
[3092 3146]
[3147 3184]
[3185 3235]
[3236 3280]
[3281 3333]
[3334 3381]
[3382 3427]
[3428 3497]
[3498 3561]
[3562 3596]
[3597 3864]
[3865 4050]
[4051 4095]
[4096 4130]
[4131 4164]
[4165 4216]
[4217 4281]
[4282 4382]
[4383 4641]
[4642 4722]
[4723 4810]
[4811 4898]
[4899 4990]
[4991 5076]
[5077 5165]
[5166 5276]
[5277 5384]
[5385 5477]
[5478 5578]
[5579 5666]
[5667 5753]
[5754 5838]
[5839 6356]
[6357 6467]
[6468 6500]
[6501 6531]
[6532 6591]
[6592 6644]
[6645 6695]
[6696 6790]
[6791 6835]
[6836 6900]
[6901 6945]
[6946 6983]
[6984 7060]
[7061 7129]
[7130 7202]
[7203 7264]
[7265 7336]
[7337 7407]
[7408 7464]
[7465 7529]
[7530 7593]
[7594 7655]
[7657 7712]
[7713 7819]
[7820 8033]
[8034 8141]
[8142 8194]
[8195 8301]
[8302 8363]
[8364 8425]
[8426 8493]
[8494 8548]
[8549 8608]
[8609 8678]
[8679 8744]
[8745 8810]
[8811 8863]
[8864 8923]
[8924 8987]
[8988 9042]
[9043 9090]
[9091 9146]
[9147 9203]
[9204 9342]
[9343 9621]
[9622 9730]
[9731 9797]
[9798 9862]
[9863 9905]
[9906 9998]
[9999 10088]
[10089 10111]
[10112 10195]
[10196 10251]
[10252 10312]
[10313 10370]
[10371 10448]
[10449 10548]
[10549 10704]
[10705 10763]
[10764 10804]
[10805 10843]
[10844 10886]
[10887 10942]
[10943 10998]
[10999 11038]
[11039 11143]
[11144 11573]
[11574 11626]
[11627 11658]
[11659 11707]
[11708 11740]
[11741 11804]
[11805 11841]
[11842 11897]
[11898 11979]
[11980 12036]
[12037 12066]
[12067 12109]
[12110 12133]
[12134 12185]
[12186 12288]
[12289 12339]
[12340 12410]
[12411 12439]
[12440 12460]
[12461 12524]
[12525 12618]
[12619 12656]
[12657 12674]
[12675 12705]
[12706 12790]
[12791 12836]
[12837 12892]
[12893 12934]
[12935 12988]
[12989 13070]
[13071 13338]
[13339 13397]
[13398 13469]
[13470 13593]
[13594 13673]
[13674 13737]
[13738 13773]
[13775 13894]
[13895 13992]
[13993 14054]
[14055 14107]
[14108 14140]
[14141 14200]
[14201 14238]
[14239 14298]
[14299 14336]
[14337 14384]
[14385 14424]
[14425 14686]
[14687 14760]
[14761 14855]
[14856 14962]
[14963 15037]
[15038 15130]
[15131 15242]
[15243 15329]
[15330 15437]
[15438 15490]
[15491 15535]
[15536 15882]
[15883 15974]
[15975 16080]
[16081 16410]
[16411 16478]
[16479 16550]
[16551 16617]
[16618 16731]
[16732 16844]
[16845 16948]
[16949 17011]
[17012 17183]
[17184 17283]
[17284 17403]
[17404 17519]
[17520 17619]
[17620 17737]
[17738 17797]
[17798 17895]
[17896 18107]
[18108 18228]
[18229 18283]
[18284 18349]
[18350 18541]
[18542 18670]
[18671 18733]
[18734 18898]
[18899 18957]
[18958 19010]
[19011 19044]
[19045 19083]
[19084 19136]
[19137 19198]
[19199 19334]
[19335 19672]
[19673 19848]
[19849 20115]
[20116 20155]
[20156 20304]
[20305 20347]
[20348 20460]
[20461 20516]
[20517 20574]
[20575 20645]
[20646 20698]
[20699 20869]
[20870 20963]
[20964 21066]
[21067 21122]
[21123 21213]
[21214 21262]
[21263 21369]
[21370 21774]
[21775 21843]
[21844 21902]
[21903 21968]
[21969 22041]
[22042 22084]
[22085 22111]
[22112 22155]
[22156 22193]
[22194 22228]
[22229 22285]
[22286 22319]
[22320 22350]
[22351 22575]
[22576 22634]
[22635 22671]
[22672 22745]
[22746 22837]
[22838 22893]
[22894 22947]
[22948 22993]
[22994 23062]
[23063 23251]
[23252 23732]
[23733 23861]
[23862 23911]
[23912 23961]
[23962 24030]
[24031 24121]
[24122 24191]
[24192 24298]
[24299 24375]
[24376 24440]
[24441 24504]
[24505 24588]
[24589 24691]
[24692 24741]
[24742 24798]
[24799 24842]
[24843 24930]
[24931 24985]
[24986 25065]
[25066 25122]
[25123 25163]
[25164 25262]
[25263 25472]
[25473 25592]
[25593 25638]
[25639 25688]
[25689 25738]
[25739 25838]
[25839 25887]
[25888 25963]
[25964 26079]
[26080 26131]
[26132 26189]
[26190 26236]
[26237 26293]
[26294 26438]
[26439 26476]
[26477 26516]
[26517 26566]
[26567 26710]
[26711 26765]
[26766 26820]
[26821 26900]
[26901 26949]
[26950 26981]
[26982 27014]
[27015 27058]
[27059 27088]
[27089 27303]
[27304 27427]
[27428 27659]
[27660 27832]
[27833 27885]
[27886 27922]
[27923 28036]
[28037 28152]
[28153 28260]
[28261 28630]
[28631 28726]
