[0 36]
[37 373]
[374 435]
[436 477]
[478 518]
[519 562]
[563 603]
[604 623]
[624 655]
[656 686]
[687 781]
[782 808]
[809 864]
[865 1618]
[1619 1660]
[1661 1714]
[1715 1762]
[1763 1834]
[1835 1897]
[1898 1973]
[1974 2021]
[2022 2268]
[2269 2418]
[2419 2474]
[2475 2526]
[2527 2598]
[2599 2659]
[2660 2720]
[2721 2788]
[2789 2976]
[2977 3003]
[3004 3104]
[3105 3168]
[3169 3190]
[3191 3235]
[3236 3257]
[3258 3308]
[3309 3361]
[3362 3708]
[3710 3776]
[3777 3820]
[3821 3861]
[3862 3897]
[3898 3931]
[3932 3976]
[3977 4016]
[4017 4085]
[4086 4142]
[4143 4188]
[4189 4226]
[4227 4278]
[4279 4494]
[4495 4536]
[4537 4578]
[4579 4692]
[4693 4746]
[4747 4855]
[4856 4911]
[4912 4925]
[4926 4972]
[4973 5018]
[5019 5099]
[5100 5643]
[5644 5812]
[5813 5986]
[5987 6052]
[6053 6237]
[6238 6284]
[6285 6336]
[6337 6374]
[6375 6415]
[6416 6465]
[6466 6551]
[6552 6660]
[6661 6769]
[6770 6890]
[6891 7001]
[7002 7058]
[7059 7106]
[7107 7157]
[7158 7203]
[7204 7272]
[7273 7359]
[7360 7761]
[7762 7812]
[7813 7869]
[7870 7931]
[7932 7993]
[7994 8121]
[8122 8181]
[8182 8233]
[8234 8300]
[8301 8348]
[8349 8379]
[8380 8555]
[8556 8674]
[8675 8712]
[8713 8741]
[8742 8772]
[8773 8811]
[8812 8853]
[8854 8891]
[8892 8929]
[8930 9157]
[9158 9189]
[9190 9235]
[9236 9283]
[9284 9325]
[9326 9365]
[9366 9403]
[9404 9757]
[9759 9860]
[9861 9923]
[9924 10136]
[10137 10197]
[10198 10256]
[10257 10310]
[10311 10379]
[10380 10419]
[10420 10541]
[10542 10635]
[10636 10745]
[10746 10913]
[10914 11002]
[11003 11066]
[11067 11124]
[11125 11172]
[11173 11224]
[11225 11278]
[11279 11311]
[11312 11379]
[11380 11789]
[11790 12131]
[12132 12727]
[12728 13063]
[13064 13291]
[13292 13339]
[13340 13394]
[13395 13495]
[13496 13559]
[13560 13591]
[13592 13622]
[13623 13698]
[13699 13771]
[13772 13830]
[13831 13905]
[13906 14319]
[14320 14357]
[14358 14422]
[14423 14498]
[14499 14570]
[14571 14638]
[14639 14658]
[14659 14702]
[14703 14741]
[14742 14774]
[14775 14856]
[14857 14895]
[14896 14965]
[14966 15203]
[15204 15358]
[15359 15487]
[15488 15953]
[15954 16025]
[16026 16098]
[16099 16167]
[16168 16631]
[16632 16991]
[16992 17049]
[17050 17133]
[17134 17170]
[17171 17256]
[17257 17352]
[17353 17421]
[17422 17489]
[17490 17554]
[17555 17806]
[17807 17871]
[17872 17943]
[17944 18035]
[18036 18097]
[18098 18155]
[18156 18316]
[18317 18385]
[18386 18423]
[18424 18463]
[18464 18496]
[18497 18564]
[18565 18612]
[18613 18645]
[18646 18676]
[18677 18751]
[18752 19008]
[19009 19150]
[19151 19253]
[19254 19397]
[19398 19775]
[19776 19819]
[19820 19916]
[19917 20018]
[20019 20079]
[20080 20152]
[20153 20267]
[20268 20307]
[20308 20403]
[20404 20472]
[20473 20534]
[20535 20689]
[20690 20769]
[20770 20891]
[20892 21020]
[21021 21085]
[21086 21175]
[21176 21289]
[21290 21348]
[21349 21703]
[21704 21767]
[21768 21815]
[21816 21871]
[21872 21907]
[21908 22032]
[22033 22120]
[22121 22171]
[22172 22211]
[22212 22338]
[22339 22387]
[22388 22557]
[22558 22620]
[22621 22663]
[22664 22716]
[22717 22786]
[22787 22969]
[22970 23055]
[23056 23204]
[23205 23330]
[23331 23381]
[23382 23459]
[23460 23503]
[23504 23565]
[23566 23653]
[23654 23795]
[23796 23865]
[23866 23925]
[23926 23981]
[23982 24098]
[24099 24181]
[24182 24281]
[24282 24450]
[24451 24495]
[24496 24637]
[24638 24967]
[24968 25073]
[25074 25182]
[25183 25256]
[25257 25293]
[25294 25374]
[25375 25425]
[25426 25518]
[25519 25549]
[25550 25591]
[25592 25646]
[25647 25692]
[25693 25789]
[25790 25850]
[25851 25909]
[25910 25965]
[25966 26021]
[26022 26101]
[26102 26181]
[26182 26259]
[26260 26321]
[26322 26647]
[26648 26794]
[26796 26895]
[26896 26959]
[26960 27022]
[27023 27072]
[27073 27114]
[27115 27170]
[27171 27229]
[27230 27256]
[27257 27300]
[27301 27349]
[27350 27384]
[27385 27450]
[27451 27555]
[27556 27637]
[27638 27690]
[27691 27747]
[27748 27772]
[27773 27819]
[27820 27858]
[27859 27892]
[27893 27966]
[27967 28223]
[28224 28296]
[28297 28341]
[28342 28420]
[28421 28477]
[28478 28504]
[28505 28570]
[28571 28596]
[28597 28665]
[28666 28822]
[28823 29027]
[29028 29085]
[29086 29161]
[29162 29230]
[29231 29289]
[29290 29374]
[29375 29494]
[29495 29560]
[29561 29617]
[29618 29666]
[29667 29759]
[29760 29844]
[29845 29873]
[29874 29929]
[29930 29981]
[29982 30034]
[30035 30112]
[30113 30144]
[30145 30237]
[30238 30262]
[30263 30302]
[30303 30356]
[30357 30440]
[30441 30499]
[30500 30931]
[30932 31027]
