[0 9]
[10 43]
[44 333]
[334 390]
[391 439]
[440 484]
[485 518]
[519 572]
[573 600]
[601 646]
[647 691]
[692 719]
[720 761]
[762 817]
[818 1269]
[1270 1326]
[1327 1398]
[1399 1471]
[1472 1535]
[1536 1605]
[1606 1675]
[1676 1744]
[1745 1794]
[1795 1871]
[1872 1938]
[1939 1982]
[1983 2039]
[2040 2106]
[2107 2198]
[2199 2263]
[2264 2354]
[2355 2411]
[2412 2477]
[2478 2506]
[2507 2577]
[2578 2630]
[2631 2675]
[2676 3081]
[3082 3140]
[3141 3177]
[3178 3251]
[3252 3295]
[3296 3332]
[3333 3429]
[3430 3479]
[3480 3502]
[3503 3550]
[3551 3638]
[3639 3727]
[3728 3742]
[3743 3874]
[3875 3920]
[3921 3994]
[3995 4046]
[4047 4206]
[4207 4312]
[4313 4417]
[4418 4500]
[4501 4551]
[4552 4613]
[4614 5065]
[5066 5129]
[5130 5182]
[5183 5220]
[5221 5272]
[5273 5299]
[5300 5326]
[5327 5420]
[5421 5469]
[5470 5516]
[5517 5556]
[5557 5607]
[5608 5660]
[5661 5699]
[5700 5854]
[5855 5903]
[5904 5942]
[5943 5985]
[5986 6081]
[6082 6109]
[6110 6160]
[6161 6206]
[6207 6240]
[6241 6302]
[6303 6350]
[6351 6379]
[6380 6430]
[6431 6491]
[6492 6524]
[6525 6888]
[6889 6938]
[6939 7002]
[7003 7052]
[7053 7117]
[7118 7179]
[7180 7248]
[7249 7350]
[7351 7434]
[7435 7485]
[7486 7548]
[7549 8105]
[8106 8154]
[8155 8285]
[8286 8312]
[8313 8348]
[8349 8533]
[8534 8739]
[8740 8892]
[8893 8941]
[8942 8981]
[8982 9037]
[9038 9088]
[9089 9199]
[9200 9358]
[9359 9438]
[9439 9538]
[9539 9617]
[9618 9676]
[9677 9688]
[9689 10062]
[10063 10130]
[10131 10221]
[10222 10320]
[10321 10439]
[10440 10551]
[10552 10671]
[10672 10781]
[10782 10890]
[10891 10998]
[10999 11080]
[11081 11136]
[11137 11221]
[11222 11279]
[11280 11335]
[11336 11391]
[11392 11433]
[11434 11486]
[11487 11542]
[11543 11608]
[11609 11650]
[11651 11700]
[11701 11757]
[11758 11805]
[11806 11864]
[11865 11918]
[11919 11974]
[11975 12032]
[12033 12083]
[12084 12133]
[12134 12196]
[12197 12239]
[12240 12300]
[12301 12353]
[12354 12422]
[12423 12496]
[12497 12611]
[12612 12793]
[12794 12863]
[12864 12900]
[12901 12942]
[12943 13057]
[13058 13342]
[13343 13424]
[13425 13557]
[13558 13635]
[13636 13727]
[13728 13762]
[13763 13822]
[13823 13920]
[13921 14012]
[14013 14103]
[14104 14216]
[14217 14489]
[14490 14550]
[14551 14731]
[14732 14864]
[14865 15112]
[15113 15274]
[15275 15310]
[15311 15372]
[15373 15518]
[15519 15737]
[15738 16130]
[16131 16226]
[16227 16346]
[16347 16442]
[16443 16538]
[16539 16612]
[16613 16686]
[16687 16759]
[16760 16877]
[16878 16936]
[16937 16996]
[16997 17081]
[17082 17146]
[17147 17290]
[17291 17343]
[17344 17392]
[17393 17681]
[17682 17699]
[17700 17927]
[17928 17992]
[17993 18064]
[18065 18330]
[18331 18392]
[18393 18448]
[18449 18509]
[18510 18565]
[18566 18623]
[18624 18675]
[18676 18731]
[18732 19006]
[19007 19087]
[19088 19196]
[19197 19341]
[19343 19487]
[19488 19567]
[19568 19678]
[19679 19725]
[19726 19822]
[19823 20013]
[20014 20131]
[20132 20200]
[20201 20239]
[20240 20291]
[20292 20602]
[20603 20891]
[20892 21357]
[21358 21445]
[21446 21805]
[21806 22089]
[22090 22179]
[22180 22340]
[22341 22468]
[22469 22593]
[22594 22718]
[22719 22836]
[22837 23091]
[23092 23144]
[23145 23202]
[23203 23275]
[23276 23327]
[23328 23370]
[23371 23404]
[23405 23473]
[23474 23532]
[23533 23822]
[23823 23934]
[23935 24079]
[24080 24180]
[24181 24263]
[24264 24362]
[24363 24727]
[24728 24940]
[24941 25079]
[25080 25245]
[25246 25261]
[25262 25711]
[25712 25757]
[25758 25806]
[25807 25851]
[25852 25894]
[25895 25939]
[25940 25983]
[25984 26034]
[26035 26083]
[26084 26136]
[26137 26392]
[26393 26448]
[26449 26497]
[26498 26550]
[26551 26631]
[26632 26711]
[26712 27263]
[27264 27441]
[27442 27567]
[27568 27693]
[27694 27819]
[27820 27872]
[27873 27899]
[27900 28091]
[28092 28206]
[28207 28326]
[28327 28383]
[28384 28503]
[28504 28557]
[28558 28635]
[28636 28756]
[28757 28832]
[28833 28862]
[28863 28902]
[28903 29132]
[29133 29368]
[29369 29441]
[29442 29491]
[29492 29564]
[29565 29625]
[29626 29674]
[29675 29766]
[29767 29823]
[29824 29879]
[29880 29969]
[29970 30032]
[30033 30077]
[30078 30242]
[30243 30284]
[30285 30323]
[30324 30355]
[30356 30406]
[30407 30466]
[30467 30520]
[30521 30612]
[30613 30714]
[30715 31149]
[31150 31192]
[31193 31260]
[31261 31293]
[31294 31364]
[31365 31433]
[31434 31503]
[31504 31548]
[31549 31627]
[31628 31701]
[31702 31766]
[31767 31835]
[31836 31867]
[31868 31911]
[31912 31961]
[31962 31984]
[31985 32018]
[32019 32058]
[32059 32103]
[32104 32142]
[32143 32168]
[32169 32205]
[32206 32266]
[32267 32423]
[32424 32700]
[32701 32776]
[32777 32819]
[32820 32864]
[32865 32908]
[32909 33001]
[33002 33117]
[33118 33151]
[33152 33183]
[33184 33202]
[33203 33251]
[33252 33280]
[33281 33320]
[33321 33412]
[33413 33497]
[33498 33540]
[33541 33585]
[33586 33670]
[33671 33712]
[33713 33785]
[33786 33829]
[33830 33868]
[33869 33911]
[33912 33955]
[33956 34002]
[34003 34038]
[34039 34125]
[34126 34356]
[34357 34505]
[34506 34532]
[34533 34663]
[34664 34770]
[34771 34832]
[34833 34949]
[34950 35057]
[35058 35227]
[35228 35275]
[35276 35446]
[35447 35631]
[35632 35714]
[35715 35981]
[35982 36035]
[36036 36090]
[36091 36144]
[36145 36196]
[36197 36247]
[36248 36302]
[36303 36357]
[36358 36414]
[36415 36465]
[36466 36524]
[36525 36576]
[36577 36626]
[36627 36986]
[36987 37064]
