[0 14]
[15 406]
[407 458]
[459 490]
[491 521]
[522 554]
[555 585]
[586 614]
[615 646]
[647 676]
[677 706]
[707 759]
[760 1077]
[1078 1120]
[1121 1178]
[1179 1238]
[1239 1301]
[1302 1377]
[1378 1445]
[1446 1512]
[1513 1581]
[1582 1650]
[1651 1727]
[1728 1800]
[1801 1872]
[1873 1940]
[1941 2005]
[2006 2044]
[2045 2080]
[2081 2512]
[2513 2717]
[2718 2876]
[2877 3022]
[3023 3133]
[3134 3193]
[3194 3213]
[3214 3334]
[3335 3510]
[3511 3579]
[3580 3650]
[3651 3745]
[3746 3841]
[3842 3917]
[3918 4001]
[4002 4281]
[4282 4329]
[4330 4386]
[4387 4444]
[4445 4573]
[4574 4616]
[4617 4762]
[4763 4829]
[4830 4861]
[4862 4900]
[4901 4946]
[4947 4991]
[4992 5033]
[5034 5069]
[5070 5133]
[5134 5208]
[5209 5232]
[5233 5276]
[5277 5367]
[5368 5407]
[5408 5856]
[5857 6089]
[6090 6333]
[6334 6710]
[6711 6830]
[6831 6917]
[6918 6977]
[6978 7031]
[7032 7103]
[7104 7153]
[7154 7219]
[7220 7278]
[7279 7329]
[7330 7513]
[7514 7643]
[7644 7713]
[7714 7736]
[7737 7801]
[7802 7892]
[7893 7936]
[7937 8010]
[8011 8059]
[8060 8119]
[8120 8173]
[8174 8314]
[8315 8395]
[8396 8423]
[8424 8490]
[8491 8574]
[8575 8670]
[8671 8718]
[8719 8789]
[8790 8887]
[8888 8990]
[8991 9046]
[9047 9093]
[9094 9193]
[9194 9246]
[9247 9299]
[9300 9416]
[9417 9596]
[9597 9627]
[9628 9647]
[9648 9678]
[9679 9711]
[9712 9740]
[9741 9767]
[9768 9858]
[9859 10325]
[10326 10770]
[10771 10856]
[10857 10945]
[10946 10981]
[10982 11052]
[11053 11160]
[11161 11250]
[11251 11356]
[11357 11533]
[11534 11603]
[11604 11640]
[11641 11668]
[11669 11727]
[11728 11802]
[11803 11948]
[11949 12015]
[12016 12077]
[12078 12142]
[12143 12203]
[12204 12322]
[12323 12356]
[12357 12444]
[12445 12506]
[12507 12547]
[12548 12873]
[12874 13000]
[13001 13030]
[13031 13094]
[13095 13243]
[13244 13295]
[13296 13356]
[13357 13386]
[13387 13442]
[13443 13491]
[13492 13533]
[13534 13563]
[13564 13627]
[13628 13692]
[13693 13757]
[13758 13825]
[13826 13895]
[13896 13953]
[13954 13997]
[13998 14213]
[14214 14297]
[14298 14385]
[14386 14458]
[14459 14555]
[14556 14669]
[14670 14718]
[14719 14773]
[14774 14869]
[14870 14965]
[14966 15016]
[15017 15042]
[15043 15104]
[15105 15284]
[15285 15345]
[15346 15394]
[15395 15418]
[15419 15462]
[15463 15542]
[15543 15952]
[15953 15981]
[15982 16014]
[16015 16048]
[16049 16090]
[16091 16370]
[16371 16487]
[16488 16646]
[16647 16693]
[16694 16773]
[16774 16814]
[16815 16851]
[16852 16903]
[16904 16963]
[16964 17022]
[17023 17089]
[17090 17154]
[17155 17210]
[17211 17291]
[17292 17340]
[17341 17586]
[17587 17662]
[17663 17836]
[17837 17894]
[17895 18047]
[18048 18102]
[18103 18219]
[18220 18270]
[18271 18312]
[18313 18363]
[18364 18451]
[18453 18510]
[18511 18595]
[18596 18613]
[18614 18701]
[18702 18738]
[18739 19185]
[19186 19304]
[19305 19385]
[19386 19410]
[19411 19492]
[19493 19535]
[19536 19613]
[19614 19740]
[19741 19785]
[19786 19813]
[19814 19846]
[19847 19908]
[19909 19984]
[19985 20112]
[20113 20211]
[20212 20251]
[20252 20286]
[20287 20325]
[20326 20385]
[20386 20449]
[20450 20502]
[20503 20541]
[20542 20567]
[20568 20595]
[20596 20640]
[20641 21012]
[21013 21238]
[21239 21285]
[21286 21481]
[21482 21666]
[21667 21800]
[21801 21821]
[21822 21946]
[21947 21974]
[21975 22043]
[22044 22099]
[22100 22194]
[22195 22480]
[22481 22506]
[22507 22546]
[22547 22584]
[22585 22610]
[22611 22669]
[22670 22691]
[22692 22822]
[22823 23098]
[23099 23190]
[23191 23274]
[23275 23340]
[23341 23392]
[23393 23474]
[23475 23565]
[23566 23633]
[23634 23681]
[23682 23744]
[23745 23794]
[23795 24142]
[24143 24242]
