[0 50]
[52 341]
[342 398]
[399 434]
[435 464]
[465 495]
[496 525]
[526 574]
[575 619]
[620 649]
[650 686]
[687 717]
[718 744]
[745 774]
[775 818]
[819 853]
[854 888]
[889 986]
[987 1385]
[1386 1452]
[1453 1515]
[1516 1600]
[1601 1663]
[1664 1725]
[1726 1783]
[1784 1916]
[1917 1991]
[1992 2061]
[2062 2126]
[2127 2182]
[2183 2245]
[2246 2299]
[2300 2361]
[2362 2433]
[2434 2521]
[2522 2587]
[2588 2724]
[2725 3282]
[3283 3341]
[3342 3374]
[3375 3417]
[3418 3493]
[3494 3526]
[3527 3582]
[3583 3640]
[3641 3919]
[3920 3945]
[3946 3978]
[3979 4015]
[4016 4039]
[4040 4083]
[4084 4120]
[4121 4246]
[4247 4294]
[4295 4339]
[4340 4404]
[4405 4425]
[4426 4632]
[4633 4677]
[4678 4707]
[4708 4752]
[4753 4818]
[4819 5077]
[5078 5181]
[5182 5273]
[5274 5514]
[5515 5752]
[5753 5944]
[5945 6009]
[6010 6093]
[6094 6119]
[6120 6210]
[6211 6811]
[6812 6891]
[6892 6968]
[6969 7042]
[7043 7110]
[7111 7172]
[7173 7220]
[7221 7383]
[7384 7449]
[7450 7577]
[7578 7644]
[7645 7707]
[7708 7727]
[7728 7788]
[7789 7813]
[7814 8128]
[8129 8174]
[8175 8244]
[8245 8326]
[8327 8367]
[8368 8411]
[8412 8436]
[8437 8984]
[8986 9040]
[9041 9072]
[9073 9118]
[9119 9162]
[9163 9215]
[9216 9238]
[9239 9276]
[9277 9317]
[9318 9404]
[9405 9512]
[9513 9582]
[9583 9635]
[9636 9689]
[9690 9750]
[9751 9852]
[9853 9911]
[9912 9992]
[9993 10025]
[10026 10066]
[10067 10137]
[10138 10208]
[10209 10250]
[10251 10302]
[10303 10368]
[10369 10420]
[10421 10558]
[10559 10738]
[10739 10790]
[10791 10826]
[10827 10869]
[10870 10911]
[10912 11002]
[11003 11634]
[11635 11704]
[11705 12513]
[12514 12850]
[12851 12958]
[12959 13061]
[13062 13118]
[13119 13185]
[13186 13282]
[13283 13400]
[13401 13485]
[13486 13583]
[13584 13688]
[13689 13820]
[13821 13883]
[13884 13959]
[13960 14087]
[14088 14402]
[14403 14476]
[14477 14566]
[14567 14648]
[14649 14738]
[14739 14834]
[14835 14898]
[14899 14975]
[14976 15032]
[15033 15114]
[15115 15197]
[15198 15291]
[15292 15350]
[15351 15418]
[15419 15431]
[15432 15758]
[15759 15811]
[15812 15865]
[15866 15944]
[15945 16013]
[16014 16079]
[16080 16158]
[16159 16228]
[16229 16293]
[16294 16364]
[16365 16422]
[16423 16483]
[16484 16550]
[16551 16674]
[16675 16745]
[16746 16826]
[16827 16893]
[16894 16985]
[16986 17059]
[17060 17114]
[17115 17246]
[17247 17297]
[17298 17337]
[17338 17378]
[17379 17426]
[17427 17446]
[17447 17494]
[17495 17515]
[17516 17560]
[17561 17689]
[17690 17784]
[17785 18144]
[18145 18219]
[18220 18268]
[18269 18398]
[18399 18441]
[18442 18481]
[18482 18527]
[18528 18617]
[18618 18746]
[18747 18804]
[18805 18836]
[18837 18903]
[18904 18975]
[18976 19020]
[19021 19078]
[19079 19132]
[19133 19226]
[19227 19713]
[19714 19783]
[19784 19989]
[19990 20120]
[20121 20260]
[20261 20348]
[20349 20430]
[20431 20485]
[20486 20574]
[20575 20660]
[20661 20933]
[20934 21016]
[21017 21122]
[21123 21225]
[21226 21315]
[21316 21625]
[21626 22030]
[22031 22106]
[22107 22162]
[22163 22249]
[22250 22394]
[22395 22492]
[22493 22596]
[22597 22685]
[22686 23031]
[23032 23572]
[23573 23638]
[23639 23686]
[23687 23732]
[23733 23761]
[23762 23797]
[23798 23860]
[23861 23929]
[23930 24038]
[24039 24084]
[24085 24159]
[24160 24239]
[24240 24384]
[24385 24420]
[24421 24459]
[24460 24640]
[24641 24727]
[24728 24775]
[24776 24841]
[24842 24918]
[24919 25005]
[25006 25064]
[25065 25174]
[25175 25471]
[25472 25580]
[25582 25652]
[25653 25727]
[25728 25776]
[25777 25796]
[25797 25849]
[25850 25870]
[25871 25941]
[25942 26018]
[26019 26064]
[26065 26151]
[26152 26167]
[26168 26239]
[26240 26299]
[26300 26369]
[26370 26436]
[26437 26509]
[26510 26536]
[26537 26594]
[26595 26656]
[26657 26681]
[26682 26828]
[26829 26874]
[26875 27147]
[27149 27206]
[27207 27277]
[27278 27343]
[27344 27401]
[27402 27466]
[27467 27505]
[27506 27590]
[27591 27661]
[27662 27989]
[27990 28076]
