[0 29]
[31 361]
[362 417]
[418 448]
[449 472]
[473 501]
[502 526]
[527 546]
[547 590]
[592 631]
[632 668]
[669 793]
[794 847]
[848 864]
[865 890]
[891 996]
[997 1559]
[1560 1697]
[1698 1793]
[1794 1831]
[1832 1856]
[1857 1900]
[1901 1934]
[1935 1978]
[1979 1998]
[1999 2089]
[2090 2143]
[2144 2211]
[2212 2280]
[2281 2334]
[2335 2396]
[2397 2495]
[2496 2557]
[2558 2610]
[2611 2889]
[2890 2936]
[2937 2980]
[2981 3133]
[3134 3450]
[3451 3528]
[3529 3599]
[3600 3688]
[3689 3756]
[3757 3859]
[3860 3969]
[3970 4062]
[4063 4123]
[4124 4179]
[4180 4242]
[4243 4310]
[4311 4376]
[4377 4494]
[4495 4545]
[4546 4633]
[4634 4928]
[4929 5197]
[5198 5318]
[5319 5404]
[5405 5554]
[5555 5618]
[5619 5687]
[5688 5877]
[5878 5910]
[5911 5986]
[5987 6038]
[6039 6116]
[6117 6324]
[6325 6378]
[6379 6669]
[6670 6781]
[6782 6900]
[6901 6990]
[6991 7114]
[7115 7207]
[7208 7243]
[7244 7317]
[7318 7426]
[7427 7503]
[7504 8213]
[8214 8271]
[8272 8328]
[8329 8388]
[8389 8435]
[8436 8493]
[8494 8553]
[8554 8574]
[8575 8639]
[8640 8898]
[8899 8934]
[8935 8999]
[9000 9073]
[9074 9099]
[9100 9147]
[9148 9168]
[9169 9232]
[9233 9280]
[9281 9323]
[9324 9338]
[9339 9404]
[9405 9429]
[9430 9488]
[9489 9556]
[9557 9619]
[9620 9682]
[9683 9786]
[9787 9835]
[9836 9873]
[9874 9967]
[9968 10234]
[10235 10737]
[10738 10823]
[10824 10894]
[10895 10950]
[10951 11015]
[11016 11103]
[11104 11190]
[11191 11243]
[11244 11310]
[11311 11382]
[11383 11450]
[11451 11527]
[11528 11593]
[11594 11651]
[11652 11758]
[11759 11846]
[11847 11933]
[11934 12024]
[12025 12103]
[12104 12169]
[12170 12227]
[12228 12306]
[12307 12604]
[12605 12611]
[12612 12691]
[12692 12783]
[12784 13024]
[13025 13102]
[13103 13188]
[13189 13251]
[13252 13311]
[13312 13454]
[13455 13610]
[13611 13728]
[13729 13784]
[13785 13844]
[13845 13980]
[13981 15100]
[15101 15473]
[15474 16291]
[16292 16801]
[16802 16861]
[16862 16932]
[16933 16963]
[16964 17005]
[17006 17046]
[17047 17074]
[17075 17149]
[17150 17249]
[17250 17308]
[17309 17344]
[17345 17357]
[17358 17482]
[17483 17697]
[17698 17753]
[17754 17844]
[17845 17918]
[17919 18054]
[18055 18144]
[18145 18243]
[18244 18361]
[18362 18540]
[18541 18573]
[18574 18616]
[18617 18673]
[18674 18721]
[18722 18761]
[18762 18792]
[18793 18837]
[18838 18899]
[18900 18986]
[18987 19282]
[19283 19422]
[19423 19775]
[19776 19786]
[19787 20091]
[20092 20589]
[20590 20922]
[20923 21066]
[21067 21150]
[21151 21316]
[21317 21436]
[21437 21590]
[21591 21632]
[21633 21809]
[21810 21928]
[21929 22022]
[22023 22456]
[22457 22531]
[22532 22664]
[22665 22711]
[22712 22799]
[22800 22845]
[22846 22880]
[22881 23115]
[23116 23184]
[23185 23296]
[23297 23389]
[23390 23690]
[23691 23744]
[23746 23837]
[23838 23957]
[23958 24061]
[24062 24164]
[24165 24234]
[24235 24315]
[24316 24405]
[24406 24500]
[24501 24573]
[24574 24638]
[24639 24747]
[24748 24793]
[24794 24867]
[24868 24925]
[24926 24974]
[24975 25016]
[25017 25052]
[25053 25137]
[25138 25198]
[25199 25675]
[25676 25802]
[25804 25927]
[25928 26125]
[26126 26172]
[26173 26252]
[26253 26306]
[26307 26341]
[26342 26403]
[26404 26467]
[26468 26524]
[26525 26568]
[26569 26970]
[26971 27132]
[27133 27428]
[27429 27515]
[27516 27539]
[27540 27780]
[27781 27890]
[27891 28006]
[28007 28094]
[28095 28457]
[28458 28610]
[28611 28810]
[28811 28935]
[28936 29060]
[29061 29185]
[29186 29293]
[29294 29470]
[29471 29595]
[29596 29654]
[29655 29747]
[29748 30161]
[30162 30264]
