[0 21]
[22 327]
[328 363]
[364 393]
[394 421]
[422 454]
[455 534]
[535 578]
[579 615]
[616 646]
[647 673]
[674 703]
[704 760]
[761 820]
[821 907]
[908 1317]
[1318 1370]
[1371 1416]
[1417 1471]
[1472 1515]
[1516 1553]
[1554 1615]
[1616 1685]
[1686 1726]
[1727 1761]
[1762 1826]
[1827 1876]
[1877 1939]
[1940 1986]
[1987 2046]
[2047 2096]
[2097 2141]
[2142 2178]
[2179 2217]
[2218 2256]
[2257 2281]
[2282 2312]
[2313 2352]
[2353 2927]
[2928 2988]
[2989 3043]
[3044 3097]
[3098 3173]
[3174 3255]
[3256 3293]
[3294 3394]
[3395 3480]
[3481 3521]
[3522 3575]
[3576 3616]
[3617 3755]
[3756 3827]
[3828 3895]
[3896 3958]
[3959 4030]
[4031 4101]
[4102 4177]
[4178 4267]
[4268 4321]
[4322 4375]
[4376 4402]
[4403 4730]
[4731 4817]
[4818 4971]
[4972 5080]
[5081 5224]
[5225 5329]
[5330 5348]
[5349 5496]
[5497 5568]
[5569 5660]
[5661 5697]
[5698 5721]
[5722 6037]
[6038 6444]
[6446 6490]
[6491 6571]
[6572 6611]
[6612 6697]
[6698 6746]
[6747 6765]
[6766 6827]
[6828 6872]
[6873 6941]
[6942 7038]
[7039 7106]
[7107 7180]
[7181 7214]
[7215 7259]
[7260 7328]
[7329 7425]
[7426 7478]
[7479 7550]
[7551 7613]
[7614 7726]
[7727 7824]
[7825 7865]
[7866 7906]
[7907 7963]
[7964 8016]
[8017 8051]
[8052 8087]
[8088 8164]
[8165 8434]
[8435 8484]
[8485 8551]
[8552 8586]
[8587 8608]
[8609 8652]
[8653 8691]
[8692 8747]
[8748 8789]
[8790 8832]
[8833 8896]
[8897 8996]
[8997 9065]
[9066 9128]
[9129 9197]
[9198 9265]
[9266 9329]
[9330 9683]
[9684 10037]
[10038 10115]
[10116 10207]
[10208 10316]
[10317 10371]
[10372 10463]
[10464 10920]
[10921 11321]
[11322 11499]
[11500 11553]
[11554 11612]
[11613 11673]
[11674 11738]
[11739 11786]
[11787 11842]
[11843 11897]
[11898 11957]
[11958 12148]
[12149 12202]
[12203 12322]
[12323 12377]
[12378 12400]
[12401 12751]
[12752 12940]
[12941 13085]
[13086 13253]
[13254 13345]
[13346 13459]
[13460 13556]
[13557 13740]
[13741 13972]
[13973 14023]
[14024 14070]
[14071 14111]
[14112 14152]
[14153 14179]
[14180 14220]
[14221 14262]
[14263 14300]
[14301 14332]
[14333 14404]
[14405 15004]
[15005 15209]
[15210 15433]
[15434 15490]
[15491 15550]
[15551 15610]
[15611 15714]
[15715 15760]
[15761 15814]
[15815 15877]
[15878 15935]
[15936 16005]
[16006 16304]
[16305 16389]
[16390 16450]
[16451 16529]
[16530 16576]
[16577 16613]
[16614 16733]
[16734 16806]
[16807 16842]
[16843 16896]
[16897 16950]
[16951 17044]
[17045 17103]
[17104 17160]
[17161 17223]
[17224 17289]
[17290 17364]
[17365 17422]
[17423 17727]
[17729 17774]
[17775 17836]
[17837 17876]
[17877 17925]
[17926 17984]
[17985 18054]
[18055 18094]
[18095 18190]
[18191 18246]
[18247 18300]
[18301 18349]
[18350 18398]
[18399 18466]
[18467 18514]
[18515 18562]
[18563 18607]
[18608 18655]
[18656 18710]
[18711 18762]
[18763 18809]
[18810 18855]
[18856 18905]
[18906 18953]
[18954 19460]
[19461 19515]
[19516 19565]
[19566 19612]
[19613 19672]
[19673 19726]
[19727 19784]
[19785 19843]
[19844 19909]
[19910 20138]
[20139 20196]
[20197 20252]
[20253 20291]
[20292 20357]
[20358 20451]
[20452 20496]
[20497 20534]
[20535 20798]
[20799 20830]
[20831 20925]
[20926 21062]
[21063 21116]
[21117 21204]
[21205 21243]
[21244 21281]
[21282 21385]
[21386 21517]
[21518 21581]
[21582 21728]
[21729 21804]
[21805 21898]
[21899 22028]
[22029 22374]
[22375 22463]
[22464 22556]
[22557 22667]
[22668 22707]
[22708 22751]
[22752 22789]
[22790 22827]
[22828 22868]
[22869 22915]
[22916 22969]
[22970 23216]
[23217 23293]
[23294 23396]
[23397 23492]
[23493 23583]
[23584 23680]
[23681 23743]
[23744 23826]
[23827 23881]
[23882 23954]
[23955 24013]
[24014 24061]
[24062 24114]
[24115 24348]
[24349 24420]
[24421 24588]
[24589 24651]
[24652 24726]
[24727 24801]
[24802 24870]
[24871 24929]
[24930 25003]
[25004 25055]
[25056 25128]
[25129 25163]
[25164 25280]
[25281 25835]
[25836 25930]
