[0 6]
[7 63]
[64 315]
[316 365]
[366 408]
[409 446]
[447 533]
[534 569]
[570 621]
[622 656]
[657 698]
[699 735]
[736 792]
[793 1294]
[1295 1380]
[1381 1428]
[1429 1487]
[1488 1777]
[1778 1819]
[1820 1878]
[1879 1912]
[1913 1946]
[1947 1985]
[1986 2025]
[2026 2081]
[2082 2249]
[2250 2316]
[2317 2352]
[2353 2642]
[2643 2956]
[2957 3004]
[3005 3071]
[3072 3125]
[3126 3183]
[3184 3244]
[3245 3317]
[3318 3367]
[3368 3430]
[3431 3495]
[3496 3542]
[3543 3656]
[3657 3755]
[3756 3863]
[3864 3958]
[3959 4053]
[4054 4149]
[4150 4232]
[4233 4316]
[4317 4412]
[4413 4487]
[4488 4850]
[4851 4884]
[4885 4982]
[4983 5065]
[5066 5162]
[5163 5232]
[5233 5314]
[5315 5402]
[5403 5472]
[5473 5542]
[5543 5592]
[5593 5622]
[5623 5682]
[5683 5712]
[5713 5782]
[5783 5842]
[5843 5896]
[5897 5982]
[5983 6029]
[6030 6097]
[6098 6181]
[6182 6289]
[6290 6511]
[6512 6543]
[6544 6597]
[6598 6655]
[6656 6712]
[6713 6765]
[6766 6840]
[6841 6950]
[6951 7003]
[7004 7063]
[7064 7125]
[7126 7194]
[7195 7237]
[7238 7310]
[7311 7367]
[7368 7434]
[7435 7818]
[7819 7950]
[7951 8010]
[8011 8217]
[8218 8280]
[8281 8330]
[8331 8500]
[8501 8550]
[8551 8608]
[8609 8723]
[8724 8823]
[8824 8908]
[8909 8977]
[8978 9027]
[9028 9112]
[9113 9169]
[9170 9216]
[9217 9243]
[9244 9291]
[9292 9349]
[9350 9424]
[9425 9487]
[9488 9609]
[9610 10131]
[10132 10256]
[10257 10406]
[10407 10465]
[10466 10519]
[10520 10557]
[10558 10618]
[10619 10672]
[10673 10732]
[10733 10795]
[10796 10868]
[10869 10897]
[10898 10974]
[10975 11044]
[11045 11111]
[11112 11212]
[11213 11261]
[11262 11325]
[11326 11364]
[11365 11466]
[11467 11508]
[11509 11567]
[11568 11611]
[11612 11671]
[11672 12091]
[12092 12593]
[12595 12831]
[12832 13257]
[13258 13333]
[13334 13418]
[13419 13503]
[13504 13571]
[13572 13683]
[13684 13773]
[13774 13853]
[13854 13913]
[13914 14033]
[14034 14093]
[14094 14245]
[14246 14495]
[14496 14668]
[14669 14809]
[14810 14936]
[14937 15027]
[15028 15153]
[15154 15323]
[15324 15617]
[15618 15646]
[15647 15714]
[15715 15754]
[15755 15834]
[15835 15884]
[15885 15967]
[15968 16037]
[16038 16087]
[16088 16167]
[16168 16243]
[16244 16358]
[16359 16441]
[16442 16526]
[16527 16596]
[16597 16653]
[16654 16731]
[16732 16805]
[16806 16845]
[16846 17361]
[17362 17450]
[17451 17520]
[17521 17587]
[17588 17634]
[17635 17695]
[17696 17742]
[17743 17776]
[17777 17814]
[17815 17865]
[17866 17906]
[17907 18042]
[18043 18169]
[18170 18206]
[18207 18235]
[18236 18265]
[18266 18318]
[18319 18340]
[18341 18428]
[18429 18494]
[18495 18633]
[18634 18666]
[18667 18725]
[18726 18770]
[18771 18824]
[18825 18869]
[18870 18921]
[18922 18982]
[18983 19033]
[19034 19101]
[19102 19172]
[19173 19224]
[19225 19273]
[19274 19360]
[19361 19888]
[19889 19981]
[19982 20076]
[20077 20147]
[20148 20217]
[20218 20284]
[20285 20347]
[20348 20466]
[20467 20539]
[20540 20572]
[20573 20596]
[20597 20850]
[20851 21136]
[21137 21247]
[21248 21274]
[21275 21335]
[21336 21414]
[21415 21503]
[21504 21637]
[21638 21750]
[21751 21801]
[21802 21852]
[21853 21908]
[21909 22187]
[22188 22241]
[22242 22317]
[22318 22431]
[22432 22574]
[22575 22678]
[22679 22748]
[22749 22790]
[22791 22830]
[22831 22873]
[22874 22956]
[22957 23455]
[23456 23521]
[23522 23591]
[23592 23681]
[23682 23746]
[23747 23800]
[23801 23875]
[23876 23917]
[23918 23954]
[23955 24030]
[24031 24114]
[24115 24184]
[24185 24244]
[24245 24315]
[24316 24368]
[24369 24491]
[24492 24935]
[24936 24993]
[24994 25046]
[25047 25103]
[25104 25150]
[25151 25207]
[25208 25282]
[25283 25362]
[25363 25432]
[25433 25671]
[25672 25726]
[25727 25771]
[25772 25867]
[25868 25949]
[25950 25991]
[25992 26077]
[26078 26148]
[26149 26210]
[26211 26250]
[26251 26303]
[26304 26717]
[26718 26762]
[26763 26893]
[26894 26976]
[26977 27046]
[27047 27115]
[27116 27188]
[27189 27241]
[27242 27322]
[27323 27406]
[27407 27476]
[27477 27515]
[27516 27573]
[27574 27593]
[27594 27718]
[27719 27809]
[27810 27881]
[27882 27953]
[27954 27997]
[27998 28080]
[28081 28151]
[28152 28198]
[28199 28247]
[28248 28697]
[28698 28752]
[28753 28854]
[28855 28897]
[28898 28934]
[28935 28990]
[28991 29026]
[29027 29058]
[29059 29095]
[29096 29146]
[29147 29194]
[29195 29246]
[29247 29306]
[29307 29406]
[29407 29455]
[29456 29501]
[29502 29545]
[29546 29656]
[29657 29723]
[29724 30137]
[30138 30206]
