[0 4]
[5 49]
[50 467]
[468 521]
[522 557]
[558 576]
[577 616]
[617 648]
[649 734]
[735 772]
[773 835]
[836 888]
[889 932]
[933 1591]
[1592 1642]
[1643 1661]
[1662 1733]
[1734 1787]
[1788 1867]
[1868 1894]
[1895 1952]
[1953 1988]
[1989 2268]
[2269 2382]
[2383 2507]
[2508 2588]
[2589 2786]
[2787 2912]
[2913 2980]
[2981 3031]
[3032 3070]
[3071 3169]
[3170 3235]
[3236 3537]
[3538 3581]
[3582 3616]
[3617 3672]
[3673 3798]
[3799 3836]
[3837 3908]
[3909 3974]
[3975 4031]
[4032 4069]
[4070 4093]
[4094 4129]
[4130 4194]
[4195 4256]
[4257 4323]
[4324 4392]
[4393 4452]
[4453 4491]
[4492 4537]
[4538 4572]
[4573 4616]
[4617 4682]
[4683 4717]
[4718 5244]
[5245 5313]
[5314 5457]
[5458 5543]
[5544 5604]
[5605 5767]
[5768 5839]
[5840 5968]
[5969 6039]
[6040 6092]
[6093 6163]
[6164 6340]
[6341 6440]
[6441 6496]
[6497 6683]
[6684 6896]
[6897 6962]
[6963 7030]
[7031 7086]
[7087 7185]
[7186 7249]
[7250 7694]
[7695 7738]
[7739 7870]
[7871 7931]
[7932 8037]
[8038 8092]
[8093 8224]
[8225 8462]
[8463 8527]
[8528 8617]
[8618 9052]
[9053 9108]
[9109 9178]
[9179 9216]
[9217 9309]
[9310 9393]
[9394 9511]
[9512 9599]
[9600 9672]
[9673 9903]
[9904 9938]
[9939 9972]
[9973 10029]
[10030 10170]
[10171 10246]
[10247 10567]
[10568 10580]
[10581 10680]
[10681 10767]
[10768 10829]
[10830 10874]
[10875 10943]
[10944 11027]
[11028 11126]
[11127 11194]
[11195 11242]
[11243 11306]
[11307 11370]
[11371 11481]
[11482 11544]
[11545 11623]
[11624 11669]
[11670 11750]
[11751 11811]
[11812 11958]
[11959 11991]
[11992 12057]
[12058 12172]
[12173 12258]
[12259 12551]
[12552 12816]
[12817 12976]
[12977 13251]
[13252 13355]
[13356 13475]
[13476 13595]
[13596 13667]
[13668 13924]
[13925 14234]
[14235 14610]
[14611 14714]
[14715 14839]
[14840 14964]
[14965 15089]
[15090 15214]
[15215 15247]
[15248 15555]
[15556 15708]
[15709 15860]
[15861 16233]
[16234 16282]
[16283 16721]
[16722 17035]
[17036 17562]
[17563 17633]
[17634 17755]
[17756 17818]
[17819 18006]
[18007 18080]
[18082 18156]
[18157 18231]
[18232 18294]
[18295 18348]
[18349 18676]
[18677 18960]
[18961 19076]
[19077 19251]
[19252 19379]
[19380 19504]
[19505 19629]
[19630 19726]
[19727 19970]
[19971 20023]
[20024 20074]
[20075 20121]
[20122 20170]
[20171 20203]
[20204 20258]
[20259 20313]
[20314 20369]
[20370 20462]
[20463 20692]
[20693 20795]
[20796 20908]
[20909 20967]
[20968 21035]
[21036 21163]
[21164 21204]
[21205 21398]
[21399 21467]
[21468 21565]
[21566 21816]
[21817 21878]
[21879 21939]
[21940 22005]
[22006 22015]
[22016 22071]
[22072 22180]
[22181 22242]
[22243 22362]
[22363 22406]
[22407 22755]
[22756 22991]
[22992 23114]
[23115 23364]
[23365 23550]
[23551 23564]
[23565 23705]
[23706 23802]
[23803 23937]
[23938 23946]
[23947 24220]
[24221 24297]
[24298 24377]
[24378 24457]
[24458 24543]
[24544 24623]
[24624 24672]
[24673 24792]
[24793 24831]
[24832 24903]
[24904 25072]
[25073 25138]
[25139 25231]
[25232 25292]
[25293 25418]
[25419 25928]
[25929 25940]
[25941 25983]
[25984 26019]
[26020 26033]
[26034 26059]
[26060 26091]
[26092 26110]
[26111 26126]
[26127 26155]
[26156 26200]
[26201 26287]
[26288 26296]
[26297 26318]
[26319 26378]
[26379 26438]
[26439 26472]
[26473 26495]
[26496 26513]
[26514 26530]
[26531 26539]
[26540 26557]
[26558 26583]
[26584 26607]
[26608 26750]
[26751 26865]
[26866 27066]
[27067 27157]
[27158 27331]
[27332 27515]
[27516 27900]
[27901 28022]
[28023 28084]
[28085 28124]
[28125 28235]
[28236 28292]
[28293 28380]
[28381 28470]
[28471 28590]
[28591 28653]
[28654 28692]
[28693 28890]
[28891 28948]
[28949 29043]
[29044 29110]
[29111 29198]
[29199 29243]
[29244 29364]
[29365 29646]
[29647 29714]
[29715 29835]
[29836 29934]
[29935 29936]
[29937 30063]
[30064 30315]
[30316 30432]
[30433 30541]
[30542 30779]
[30780 30986]
[30987 31196]
[31197 31451]
[31452 31795]
[31796 32032]
[32033 32355]
[32356 32448]
[32449 32558]
[32559 33027]
[33029 33110]
