[0 15]
[16 38]
[40 281]
[282 342]
[343 393]
[394 432]
[433 471]
[472 548]
[549 593]
[594 631]
[632 683]
[684 698]
[699 716]
[717 768]
[769 1223]
[1224 1302]
[1303 1362]
[1363 1496]
[1497 1510]
[1511 1589]
[1590 1617]
[1618 1655]
[1656 1696]
[1697 1750]
[1751 1851]
[1852 1887]
[1888 2012]
[2013 2056]
[2057 2108]
[2109 2191]
[2192 2338]
[2339 2373]
[2374 2468]
[2469 2547]
[2548 2723]
[2724 3029]
[3030 3068]
[3071 3119]
[3120 3159]
[3160 3198]
[3199 3263]
[3264 3393]
[3394 3432]
[3433 3495]
[3496 3570]
[3571 3602]
[3603 3817]
[3818 3980]
[3981 4026]
[4027 4082]
[4083 4148]
[4149 4190]
[4191 4261]
[4262 4337]
[4338 4397]
[4398 4468]
[4469 4545]
[4546 4985]
[4986 5060]
[5061 5139]
[5140 5328]
[5329 5404]
[5405 5515]
[5516 5642]
[5643 5739]
[5740 5838]
[5839 5949]
[5950 6047]
[6048 6071]
[6072 6323]
[6324 6526]
[6527 6658]
[6659 6803]
[6804 6876]
[6877 6946]
[6947 7092]
[7093 7542]
[7543 7597]
[7598 7676]
[7677 7747]
[7748 7805]
[7806 7884]
[7885 7913]
[7914 8013]
[8014 8123]
[8124 8211]
[8212 8264]
[8265 8308]
[8309 8352]
[8353 8423]
[8424 8440]
[8441 8494]
[8495 8510]
[8511 8552]
[8553 8617]
[8618 8665]
[8666 8693]
[8694 8734]
[8735 8854]
[8855 8922]
[8923 8965]
[8966 9043]
[9044 9629]
[9631 9699]
[9700 9754]
[9755 9831]
[9832 9886]
[9887 9919]
[9920 9979]
[9980 10043]
[10044 10096]
[10097 10170]
[10171 10218]
[10219 10279]
[10280 10305]
[10306 10363]
[10364 10479]
[10480 10545]
[10546 10576]
[10577 10614]
[10615 10681]
[10682 10769]
[10770 10833]
[10834 10888]
[10889 10932]
[10933 10970]
[10971 11282]
[11283 11344]
[11345 11375]
[11376 11432]
[11433 11512]
[11513 11589]
[11590 11634]
[11635 11714]
[11715 11796]
[11797 11865]
[11866 11943]
[11944 12022]
[12023 12097]
[12098 12148]
[12149 12271]
[12272 12346]
[12347 12431]
[12432 12536]
[12537 12719]
[12720 12873]
[12874 13048]
[13049 13214]
[13215 13357]
[13358 13654]
[13655 13883]
[13884 14011]
[14012 14186]
[14187 14280]
[14281 14346]
[14347 14559]
[14560 14664]
[14665 14853]
[14854 14971]
[14972 15016]
[15017 15170]
[15171 15275]
[15276 15432]
[15433 15520]
[15521 15660]
[15661 15725]
[15726 15784]
[15785 15842]
[15843 15903]
[15904 15938]
[15939 16101]
[16102 16449]
[16450 16864]
[16865 17131]
[17132 17181]
[17182 17240]
[17241 17272]
[17273 17341]
[17342 17371]
[17372 17410]
[17411 17443]
[17444 17492]
[17493 17858]
[17859 17915]
[17916 17952]
[17953 17988]
[17989 18042]
[18043 18087]
[18088 18205]
[18206 18304]
[18305 18337]
[18338 18372]
[18373 18410]
[18411 18455]
[18456 18506]
[18507 18557]
[18558 18601]
[18602 18660]
[18661 18756]
[18757 18800]
[18801 18843]
[18844 18888]
[18889 18962]
[18963 19089]
[19090 19565]
[19566 20012]
[20013 20053]
[20054 20359]
[20360 20422]
[20423 20473]
[20474 20773]
[20774 20841]
[20842 20927]
[20928 20972]
[20973 21046]
[21047 21123]
[21124 21180]
[21181 21265]
[21266 21517]
[21518 21589]
[21590 21663]
[21664 21742]
[21743 21802]
[21803 22151]
[22152 22239]
