[0 32]
[33 380]
[381 435]
[436 462]
[463 499]
[500 538]
[539 562]
[563 600]
[601 624]
[625 646]
[647 665]
[666 688]
[689 813]
[814 853]
[854 895]
[896 1020]
[1021 1387]
[1388 1462]
[1463 1501]
[1502 1541]
[1542 1597]
[1598 1636]
[1637 1673]
[1674 1724]
[1725 1823]
[1824 1864]
[1865 1900]
[1901 1940]
[1941 1996]
[1997 2058]
[2059 2105]
[2106 2162]
[2163 2212]
[2213 2278]
[2279 2585]
[2586 2636]
[2637 2711]
[2712 2748]
[2749 2803]
[2804 2852]
[2853 3188]
[3189 3409]
[3410 3479]
[3480 3515]
[3516 3560]
[3561 3628]
[3629 3687]
[3688 3738]
[3739 4403]
[4404 4461]
[4462 4511]
[4512 4559]
[4560 4604]
[4605 4649]
[4650 4710]
[4711 4759]
[4760 4785]
[4786 4846]
[4847 4917]
[4918 5014]
[5015 5084]
[5085 5141]
[5142 5158]
[5159 5247]
[5248 5317]
[5318 5419]
[5420 5454]
[5455 5489]
[5490 5541]
[5542 5593]
[5594 5647]
[5648 5928]
[5929 5971]
[5972 6011]
[6012 6066]
[6067 6108]
[6109 6160]
[6161 6292]
[6293 6346]
[6347 6390]
[6391 6606]
[6607 6642]
[6643 6682]
[6683 6710]
[6711 6756]
[6757 6808]
[6809 6839]
[6840 7045]
[7046 7093]
[7094 7118]
[7119 7147]
[7148 7184]
[7185 7215]
[7216 7671]
[7673 7771]
[7772 7824]
[7825 7889]
[7890 7954]
[7955 8015]
[8016 8061]
[8062 8106]
[8107 8143]
[8144 8162]
[8163 8245]
[8246 8357]
[8358 8391]
[8392 8438]
[8439 8458]
[8459 8483]
[8484 8526]
[8527 8606]
[8607 8653]
[8654 8676]
[8677 8733]
[8734 8831]
[8832 8880]
[8881 8938]
[8939 9020]
[9021 9125]
[9126 9174]
[9175 9271]
[9272 9366]
[9367 9413]
[9414 9453]
[9454 9480]
[9481 9550]
[9551 9587]
[9588 9631]
[9632 9721]
[9722 10050]
[10051 10210]
[10211 10318]
[10319 10559]
[10560 10639]
[10640 10679]
[10680 10739]
[10740 10793]
[10794 10861]
[10862 11166]
[11168 11279]
[11280 11331]
[11332 11482]
[11483 11623]
[11624 11816]
[11817 11902]
[11903 12003]
[12004 12295]
[12296 12377]
[12378 12446]
[12447 12593]
[12594 12695]
[12696 12974]
[12975 13112]
[13113 13242]
[13243 13309]
[13310 13482]
[13483 13783]
[13784 13925]
[13926 14059]
[14060 14306]
[14307 14386]
[14387 14496]
[14497 14559]
[14560 14623]
[14624 14705]
[14706 14780]
[14781 14857]
[14858 14926]
[14927 15002]
[15003 15054]
[15055 15115]
[15116 15424]
[15425 15535]
[15536 15617]
[15618 15700]
[15701 15835]
[15836 15943]
[15944 16086]
[16087 16169]
[16170 16255]
[16256 16346]
[16347 16412]
[16413 16694]
[16695 16784]
[16785 16840]
[16841 16881]
[16882 16941]
[16942 17003]
[17004 17146]
[17147 17214]
[17215 17298]
[17299 17359]
[17360 17414]
[17415 17539]
[17540 17572]
[17573 17618]
[17619 17674]
[17675 17707]
[17708 17721]
[17722 17775]
[17776 17824]
[17825 17979]
[17980 18626]
[18627 18691]
[18692 18769]
[18770 18798]
[18799 18842]
[18843 18961]
[18962 19025]
[19026 19091]
[19092 19206]
[19207 19256]
[19257 19337]
[19338 19438]
[19439 19562]
[19563 19620]
[19621 19683]
[19684 19718]
[19719 19800]
[19801 19931]
[19932 20040]
[20041 20068]
[20069 20215]
[20216 20291]
[20292 20327]
[20328 20381]
[20382 20420]
[20421 20466]
[20467 20512]
[20513 20568]
[20569 20601]
[20602 20630]
[20631 20662]
[20663 20956]
[20957 21005]
[21006 21062]
[21063 21133]
[21134 21221]
[21222 21505]
[21506 21548]
[21549 21595]
[21596 21640]
[21641 21677]
[21678 21720]
[21721 21767]
[21768 21813]
[21814 21860]
[21861 21905]
[21906 21946]
[21947 22066]
[22067 22110]
[22111 22170]
[22171 22266]
[22267 22315]
[22316 22363]
[22364 22419]
[22420 22462]
[22463 22521]
[22522 22585]
[22586 22654]
[22655 22990]
[22991 23056]
[23057 23132]
[23133 23234]
[23235 23290]
[23291 23386]
[23387 23484]
[23485 23593]
[23594 23660]
[23661 23754]
[23755 23874]
[23875 23960]
[23961 24055]
[24056 24093]
[24094 24251]
[24252 24417]
[24419 24479]
[24480 24598]
[24599 24723]
[24724 24758]
[24759 24826]
[24828 24872]
[24873 24914]
[24915 24945]
[24946 25009]
[25010 25048]
[25049 25184]
[25185 25215]
[25216 25422]
[25423 25507]
[25508 25574]
[25575 25630]
[25631 25961]
[25962 26178]
[26179 26230]
[26231 26288]
[26289 26330]
[26331 26390]
[26391 26443]
[26444 26480]
[26481 26524]
[26525 26590]
[26591 26611]
[26612 26839]
[26841 26878]
[26879 26923]
[26924 27023]
[27024 27123]
[27124 27223]
[27224 27320]
[27321 27705]
[27706 27809]
