[0 6]
[7 61]
[62 397]
[398 451]
[452 487]
[488 517]
[518 545]
[546 578]
[579 610]
[611 636]
[637 666]
[667 702]
[703 767]
[768 797]
[798 824]
[825 887]
[888 1345]
[1346 1411]
[1412 1452]
[1453 1498]
[1499 1542]
[1543 1587]
[1588 1640]
[1641 1709]
[1710 1787]
[1788 1853]
[1854 2005]
[2006 2045]
[2046 2108]
[2109 2174]
[2175 2283]
[2284 2331]
[2332 2382]
[2383 2783]
[2784 2838]
[2839 2899]
[2900 2957]
[2958 3012]
[3013 3076]
[3077 3132]
[3133 3185]
[3186 3245]
[3246 3301]
[3302 3363]
[3364 3562]
[3563 3631]
[3632 3725]
[3726 3883]
[3884 3948]
[3949 4017]
[4018 4093]
[4094 4157]
[4158 4237]
[4238 4305]
[4306 4398]
[4399 4972]
[4974 5027]
[5028 5087]
[5088 5132]
[5133 5211]
[5212 5255]
[5256 5366]
[5367 5412]
[5413 5505]
[5506 5577]
[5578 5688]
[5689 5767]
[5768 5856]
[5857 5928]
[5929 5968]
[5969 6040]
[6041 6116]
[6117 6167]
[6168 6200]
[6201 6237]
[6238 6274]
[6275 6337]
[6338 6404]
[6405 6492]
[6493 6548]
[6549 6605]
[6606 6952]
[6954 6991]
[6992 7028]
[7029 7060]
[7061 7099]
[7100 7135]
[7136 7252]
[7253 7376]
[7377 7552]
[7553 7590]
[7591 7639]
[7640 7693]
[7694 7740]
[7741 7782]
[7783 7831]
[7832 7884]
[7885 7939]
[7940 7985]
[7986 8148]
[8149 8173]
[8174 8230]
[8231 8311]
[8312 8388]
[8389 9001]
[9003 9335]
[9336 9516]
[9517 9556]
[9557 9594]
[9595 9676]
[9677 9743]
[9744 9767]
[9768 9826]
[9827 9865]
[9866 9926]
[9927 9978]
[9979 10014]
[10015 10084]
[10085 10103]
[10104 10153]
[10154 10180]
[10181 10263]
[10264 10317]
[10318 10439]
[10440 10489]
[10490 10558]
[10559 10870]
[10871 10929]
[10930 10978]
[10979 11024]
[11025 11086]
[11087 11156]
[11157 11232]
[11233 11276]
[11277 11335]
[11336 11416]
[11417 11467]
[11468 11503]
[11504 11573]
[11574 11659]
[11660 11736]
[11737 11829]
[11830 11911]
[11912 11988]
[11989 12044]
[12045 12120]
[12121 12164]
[12165 12289]
[12290 12358]
[12359 12469]
[12470 12505]
[12506 12537]
[12538 12576]
[12577 12614]
[12615 12651]
[12652 12732]
[12733 14154]
[14155 14432]
[14433 14505]
[14506 14526]
[14527 14567]
[14568 14632]
[14633 14690]
[14691 14770]
[14771 14825]
[14826 14876]
[14877 14934]
[14935 14985]
[14986 15037]
[15038 15093]
[15094 15170]
[15171 15506]
[15507 15575]
[15576 15643]
[15644 15708]
[15709 15788]
[15789 15865]
[15866 15943]
[15944 16013]
[16014 16077]
[16078 16148]
[16149 16202]
[16203 16293]
[16294 16602]
[16603 16697]
[16698 16761]
[16762 16864]
[16865 16914]
[16915 17026]
[17027 17109]
[17110 17158]
[17159 17218]
[17219 17285]
[17286 17339]
[17340 17405]
[17406 17445]
[17446 17506]
[17507 17553]
[17554 17604]
[17605 17672]
[17673 17795]
[17796 17826]
[17827 17932]
[17933 17998]
[17999 18030]
[18031 18118]
[18119 18587]
[18588 18654]
[18655 18712]
[18713 18806]
[18807 18878]
[18879 18941]
[18942 19073]
[19074 19119]
[19120 19237]
[19238 19371]
[19372 19415]
[19416 19524]
[19525 19593]
[19594 19637]
[19638 19701]
[19702 19823]
[19824 19872]
[19873 19921]
[19922 19962]
[19963 20003]
[20004 20061]
[20062 20113]
[20114 20169]
[20170 20277]
[20278 20593]
[20594 20667]
[20668 20730]
[20731 21043]
[21044 21185]
[21186 21249]
[21250 21375]
[21376 21442]
[21443 21573]
[21574 21625]
[21626 22022]
[22023 22089]
[22090 22133]
[22134 22184]
[22185 22233]
[22234 22266]
[22267 22323]
[22324 22390]
[22391 22500]
[22501 22562]
[22563 22631]
[22632 22682]
[22683 22749]
[22750 22845]
[22846 22908]
[22909 22971]
[22972 23033]
[23034 23089]
[23090 23145]
[23146 23194]
[23195 23246]
[23247 23346]
[23347 23418]
[23419 23494]
[23495 23918]
[23919 23969]
[23970 24019]
[24020 24092]
[24093 24143]
[24144 24197]
[24198 24234]
[24235 24286]
[24287 24327]
[24328 24455]
[24456 24489]
[24490 24855]
[24856 24918]
[24919 24996]
[24997 25039]
[25040 25093]
[25094 25141]
[25142 25243]
[25244 25365]
[25366 25416]
[25417 25484]
[25485 25797]
[25798 25885]
[25886 25992]
[25993 26096]
[26097 26180]
[26181 26217]
[26218 26337]
[26338 26375]
[26376 26443]
[26444 26484]
[26485 26537]
[26538 26566]
[26567 26610]
[26611 26702]
[26703 26750]
[26751 26797]
[26798 26853]
[26854 26900]
[26901 26950]
[26951 26997]
[26998 27041]
[27042 27090]
[27091 27239]
[27240 27280]
[27281 27395]
[27396 27792]
[27793 27968]
[27969 28126]
[28127 28179]
[28180 28421]
[28422 28626]
[28627 28720]
[28721 28786]
[28787 28891]
[28892 28977]
[28978 29035]
[29036 29095]
[29096 29177]
[29178 29251]
[29252 29366]
[29367 29426]
[29427 29516]
[29518 29622]
[29623 29682]
[29683 29904]
[29905 30050]
[30051 30196]
[30197 30256]
[30257 30413]
[30414 30603]
[30604 30623]
[30624 30672]
[30673 30770]
[30771 30826]
[30827 31001]
[31002 31103]
[31104 31291]
[31292 31465]
[31466 31618]
[31619 31673]
[31674 31774]
[31775 31966]
[31967 32076]
[32077 32136]
[32137 32189]
[32190 32245]
[32246 33071]
[33072 33141]
[33142 33186]
[33187 33225]
[33226 33270]
[33271 33435]
[33436 33625]
[33626 33696]
[33697 33744]
[33745 33793]
[33794 33840]
[33841 33870]
[33871 33921]
[33922 33963]
[33964 34011]
[34012 34049]
[34050 34075]
[34076 34511]
[34512 34589]
