[0 9]
[10 47]
[48 422]
[423 470]
[471 513]
[514 554]
[555 596]
[597 638]
[639 680]
[681 761]
[762 803]
[804 921]
[922 1054]
[1055 1418]
[1419 1498]
[1499 1540]
[1541 1678]
[1679 1743]
[1744 1787]
[1788 1832]
[1833 1890]
[1891 1934]
[1935 1995]
[1996 2088]
[2089 2176]
[2177 2249]
[2250 2385]
[2386 2553]
[2554 2617]
[2618 2679]
[2680 2768]
[2769 2857]
[2858 2949]
[2950 3036]
[3037 3444]
[3445 3534]
[3535 3615]
[3616 3681]
[3682 3776]
[3777 3870]
[3871 3991]
[3992 4066]
[4067 4125]
[4126 4144]
[4145 4224]
[4225 4294]
[4295 4358]
[4359 4456]
[4457 4496]
[4497 4817]
[4818 4847]
[4848 4938]
[4939 5088]
[5089 5149]
[5150 5213]
[5214 5287]
[5288 5353]
[5354 5425]
[5426 5484]
[5485 5550]
[5551 5594]
[5595 5665]
[5666 5729]
[5730 5789]
[5790 5856]
[5857 5903]
[5904 5951]
[5952 6015]
[6016 6089]
[6090 6155]
[6156 6189]
[6190 6273]
[6274 6357]
[6358 6768]
[6769 6794]
[6795 6850]
[6851 6909]
[6910 6964]
[6965 7000]
[7001 7035]
[7036 7060]
[7061 7087]
[7088 7168]
[7169 7231]
[7232 7317]
[7318 7345]
[7346 7384]
[7385 7407]
[7408 7420]
[7421 7485]
[7486 7514]
[7515 7559]
[7560 7578]
[7579 7661]
[7662 7701]
[7702 7728]
[7729 7773]
[7774 7810]
[7811 7841]
[7842 7883]
[7884 7942]
[7943 7964]
[7965 8070]
[8071 8095]
[8096 8139]
[8140 8167]
[8168 8216]
[8217 8240]
[8241 8281]
[8282 8302]
[8303 8344]
[8345 8677]
[8678 8734]
[8735 8783]
[8784 8821]
[8822 8851]
[8852 8880]
[8881 9099]
[9100 9265]
[9266 9310]
[9311 9358]
[9359 9406]
[9407 9459]
[9460 9491]
[9492 9530]
[9531 9744]
[9745 9788]
[9789 9820]
[9821 9875]
[9876 9915]
[9916 9956]
[9957 10013]
[10014 10066]
[10067 10113]
[10114 10188]
[10189 10246]
[10247 10286]
[10287 10321]
[10322 10384]
[10385 10507]
[10508 10850]
[10851 10961]
[10962 11123]
[11124 11242]
[11243 11370]
[11371 11456]
[11457 11535]
[11536 11712]
[11713 11775]
[11776 11826]
[11827 11940]
[11941 12111]
[12112 12408]
[12409 12492]
[12493 12656]
[12657 12806]
[12807 12890]
[12891 13014]
[13015 13077]
[13078 13157]
[13158 13193]
[13194 13308]
[13309 13614]
[13615 13648]
[13649 13690]
[13691 13752]
[13753 13949]
[13950 14040]
[14041 14078]
[14079 14239]
[14240 14279]
[14280 14321]
[14322 14383]
[14384 14440]
[14441 14755]
[14756 14825]
[14826 14864]
[14865 14918]
[14919 14982]
[14983 15056]
[15057 15088]
[15089 15150]
[15151 15200]
[15201 15258]
[15259 15303]
[15304 15343]
[15344 15389]
[15390 15433]
[15434 15470]
[15471 15513]
[15514 15560]
[15561 15627]
[15628 15676]
[15677 16037]
[16038 16069]
[16070 16121]
[16122 16224]
[16225 16281]
[16282 16414]
[16415 16481]
[16482 16533]
[16534 16611]
[16612 16655]
[16656 16706]
[16707 16785]
[16786 16842]
[16843 16910]
[16911 16971]
[16972 17019]
[17020 17071]
[17072 17124]
[17125 17179]
[17180 17231]
[17232 17315]
[17316 17432]
[17433 17479]
[17480 17566]
[17567 17622]
[17623 17657]
[17658 17699]
[17700 17745]
[17746 17802]
[17803 17877]
[17878 17940]
[17941 18051]
[18052 18698]
[18699 19145]
[19146 19498]
[19499 19568]
[19569 19680]
[19681 19749]
[19750 19879]
[19880 20229]
[20230 20258]
[20259 20331]
[20332 20406]
[20407 20481]
[20482 20555]
[20556 20630]
[20631 20706]
[20707 20781]
[20782 20856]
[20857 20957]
[20958 21022]
[21023 21119]
[21120 21169]
[21170 21216]
[21217 21251]
[21252 21284]
[21285 21601]
[21602 21653]
[21654 21719]
[21720 22256]
[22257 22296]
[22297 22375]
[22376 22482]
[22483 22538]
[22539 22693]
[22694 22730]
[22731 22805]
[22806 22854]
[22855 22910]
[22911 22967]
[22968 23021]
[23022 23313]
[23314 23437]
[23438 23472]
[23473 23513]
[23514 23603]
[23604 23817]
[23818 23875]
[23876 23936]
[23937 23990]
[23991 24053]
[24054 24107]
[24108 24163]
[24164 24210]
[24211 24656]
[24657 24792]
[24793 24882]
[24883 25030]
[25031 25142]
[25143 25238]
[25239 25348]
[25349 25461]
[25462 25556]
[25557 25871]
[25872 25993]
[25994 26074]
[26075 26266]
[26267 26351]
[26352 26403]
[26404 26450]
[26451 26479]
[26480 26505]
[26506 26554]
[26555 26583]
[26584 26655]
[26656 26807]
[26808 26886]
[26887 27315]
[27317 27399]
