[0 52]
[53 303]
[304 369]
[370 401]
[402 432]
[433 465]
[466 470]
[471 584]
[585 680]
[681 789]
[790 1180]
[1181 1259]
[1260 1326]
[1327 1424]
[1425 1458]
[1459 1530]
[1532 1606]
[1608 1710]
[1711 1814]
[1816 1908]
[1909 1984]
[1985 2037]
[2038 2090]
[2091 2154]
[2155 2298]
[2299 2362]
[2363 2683]
[2684 2783]
[2784 2862]
[2863 2953]
[2954 3005]
[3006 3078]
[3079 3127]
[3128 3344]
[3345 3426]
[3427 3499]
[3500 3604]
[3605 3690]
[3691 3781]
[3782 3860]
[3861 3955]
[3956 4023]
[4024 4056]
[4057 4337]
[4338 4378]
[4379 4437]
[4438 4490]
[4491 4534]
[4535 4583]
[4584 4632]
[4633 4674]
[4675 5113]
[5114 5228]
[5229 5353]
[5354 5474]
[5475 5522]
[5523 5587]
[5588 5673]
[5674 6097]
[6098 6186]
[6187 6241]
[6242 6302]
[6303 6354]
[6355 6389]
[6390 6436]
[6437 6469]
[6470 6593]
[6594 6891]
[6892 6943]
[6944 6986]
[6987 7023]
[7024 7091]
[7092 7126]
[7127 7181]
[7182 7424]
[7425 7463]
[7464 7573]
[7574 7586]
[7587 7877]
[7878 8427]
[8428 8498]
[8499 8620]
[8621 8683]
[8684 8860]
[8861 8923]
[8924 9045]
[9046 9108]
[9109 9238]
[9239 9309]
[9310 9369]
[9370 9694]
[9695 9841]
[9842 10849]
[10850 11111]
[11112 11230]
[11231 11320]
[11321 11743]
[11744 11894]
[11895 12020]
[12021 12195]
[12196 12323]
[12324 12337]
[12338 12417]
[12418 12543]
[12544 12649]
[12650 12751]
[12752 12848]
[12849 12975]
[12976 13137]
[13138 13169]
[13170 13239]
[13240 13303]
[13304 13340]
[13341 13381]
[13382 13419]
[13420 13449]
[13450 13480]
[13481 13524]
[13525 13563]
[13564 13597]
[13598 13670]
[13671 13968]
[13969 14057]
[14058 14131]
[14132 14193]
[14194 14261]
[14262 14326]
[14327 14407]
[14408 14489]
[14490 14560]
[14561 14632]
[14633 14706]
[14707 14790]
[14791 14869]
[14870 14906]
[14907 14974]
[14975 15058]
[15059 15107]
[15108 15160]
[15161 15221]
[15222 15259]
[15260 15336]
[15337 15379]
[15380 15662]
[15663 15797]
[15798 15922]
[15923 16047]
[16048 16169]
[16170 16371]
[16372 16462]
[16463 16632]
[16633 16838]
[16839 16947]
[16948 17009]
[17010 17221]
[17222 17355]
[17356 17534]
[17535 17723]
[17724 17847]
[17848 18000]
[18001 18082]
[18083 18206]
[18207 18299]
[18300 18397]
[18398 18500]
[18501 18690]
[18691 18933]
[18934 18977]
[18978 19200]
[19201 19254]
[19255 19293]
[19294 19338]
[19339 19396]
[19397 19448]
[19449 19541]
[19542 19869]
[19870 20831]
[20832 21096]
[21097 21222]
[21223 21317]
[21318 21356]
[21357 21397]
[21398 21441]
[21442 21485]
[21486 21522]
[21523 21598]
[21599 21657]
[21658 21741]
[21742 21804]
[21805 21883]
[21884 21890]
[21891 22669]
[22670 22738]
[22739 22765]
[22766 22811]
[22812 22848]
[22849 22895]
[22896 22923]
[22924 22971]
[22972 23065]
[23066 23127]
[23128 23203]
[23204 23316]
[23317 23501]
[23502 23669]
[23670 23716]
[23717 23767]
[23768 23816]
[23817 23849]
[23850 23900]
[23901 23937]
[23938 23974]
[23975 24019]
[24020 24056]
[24057 24086]
[24087 24181]
[24183 24555]
[24556 24778]
[24779 24858]
[24859 24973]
[24974 25170]
[25171 25247]
[25248 25432]
[25433 25512]
[25513 25607]
[25608 25708]
[25709 25786]
[25787 25892]
[25893 26015]
[26016 26360]
[26361 26414]
[26415 26472]
[26473 26519]
[26520 26569]
[26570 26613]
[26614 26656]
[26657 26692]
[26693 26736]
[26737 26783]
[26784 26880]
[26881 26926]
[26927 26976]
[26977 27027]
[27028 27088]
[27090 27430]
[27431 27670]
[27671 27740]
[27741 27817]
[27818 27884]
[27885 28005]
[28006 28059]
[28060 28084]
[28085 28106]
[28107 28159]
[28160 28205]
[28206 28246]
[28247 28319]
[28320 28398]
[28399 28551]
[28552 28822]
[28823 28958]
[28959 29067]
[29068 29278]
[29279 29377]
[29378 29479]
[29480 29574]
[29575 29631]
[29632 29710]
[29711 30048]
[30049 30146]
