[0 34]
[35 278]
[279 336]
[337 379]
[380 420]
[421 504]
[505 546]
[547 627]
[628 669]
[670 746]
[747 787]
[788 828]
[829 920]
[921 1401]
[1402 1510]
[1511 1560]
[1561 1621]
[1622 1687]
[1688 1737]
[1738 1808]
[1809 1879]
[1880 1964]
[1965 2060]
[2061 2161]
[2162 2204]
[2205 2267]
[2268 2333]
[2334 2360]
[2361 2391]
[2392 2785]
[2786 2812]
[2813 2873]
[2874 2913]
[2914 2931]
[2932 2999]
[3000 3072]
[3073 3117]
[3118 3152]
[3153 3260]
[3261 3393]
[3394 3465]
[3466 3695]
[3696 3820]
[3821 3949]
[3950 4050]
[4051 4204]
[4205 4271]
[4272 4336]
[4337 4385]
[4386 4455]
[4456 4532]
[4533 4598]
[4599 4711]
[4712 4834]
[4835 4879]
[4880 5239]
[5240 5355]
[5356 5412]
[5413 5462]
[5463 5527]
[5528 5559]
[5560 5654]
[5655 5696]
[5697 5742]
[5743 5835]
[5836 5896]
[5897 6003]
[6004 6062]
[6063 6137]
[6138 6191]
[6192 6253]
[6254 6305]
[6306 6431]
[6432 6519]
[6520 6557]
[6558 6620]
[6621 6702]
[6703 7032]
[7033 7376]
[7377 7525]
[7526 7741]
[7742 7772]
[7774 7807]
[7808 7820]
[7821 7862]
[7863 7871]
[7872 7897]
[7898 7935]
[7936 7981]
[7982 8018]
[8019 8126]
[8127 8181]
[8182 8256]
[8257 8304]
[8305 8361]
[8362 8437]
[8438 8498]
[8499 8623]
[8624 8900]
[8901 9037]
[9039 9121]
[9124 9359]
[9360 9642]
[9643 9772]
[9775 10021]
[10022 10089]
[10090 10185]
[10186 10273]
[10274 10474]
[10475 10598]
[10599 10657]
[10658 10738]
[10739 10852]
[10853 10976]
[10977 11068]
[11069 11264]
[11265 11396]
[11397 11490]
[11491 11587]
[11588 11682]
[11683 11771]
[11772 11862]
[11863 12140]
[12141 12230]
[12231 12325]
[12326 12382]
[12383 12458]
[12459 12551]
[12552 12645]
[12646 12710]
[12711 12753]
[12754 12831]
[12832 12902]
[12903 12976]
[12977 13040]
[13041 13085]
[13086 13119]
[13120 13558]
[13559 13617]
[13618 13675]
[13676 13723]
[13724 13769]
[13770 13808]
[13809 13843]
[13844 13906]
[13907 13949]
[13950 13995]
[13996 14040]
[14041 14079]
[14080 14119]
[14120 14773]
[14774 15005]
[15006 15062]
[15063 15147]
[15148 15257]
[15258 15369]
[15370 15408]
[15409 15490]
[15491 15695]
[15696 15782]
[15783 16010]
[16011 16269]
[16270 16380]
[16381 16451]
[16452 16566]
[16567 16694]
[16695 16741]
[16742 16816]
[16817 16874]
[16875 16949]
[16950 16987]
[16988 17016]
[17017 17131]
[17132 17526]
[17527 17613]
[17614 17744]
[17745 17788]
[17789 17893]
[17894 17969]
[17970 18016]
[18017 18073]
[18074 18130]
[18131 18248]
[18249 18285]
[18286 18343]
[18344 18411]
[18412 18484]
[18485 18516]
[18517 18782]
[18783 18863]
[18864 18982]
[18983 19074]
[19075 19337]
[19338 19436]
[19437 19486]
[19487 19653]
[19654 19784]
[19785 19985]
[19986 20092]
[20093 20124]
[20125 20529]
[20530 20661]
[20662 20733]
[20734 20820]
[20821 20898]
[20899 20947]
[20948 21055]
[21056 21108]
[21109 21204]
[21205 21274]
[21275 21326]
[21327 21403]
[21404 21470]
[21471 21529]
[21530 21595]
[21596 21665]
[21666 21707]
[21708 21731]
[21732 22305]
[22306 22515]
[22516 22567]
[22568 22618]
[22619 22650]
[22651 22695]
[22696 22803]
[22804 22838]
[22839 22956]
[22957 23002]
[23003 23056]
[23057 23230]
[23231 23337]
[23338 23510]
[23511 23684]
[23685 23812]
[23813 23909]
[23910 23984]
[23985 24501]
[24502 24564]
[24565 24602]
[24603 24665]
[24666 24774]
[24775 24821]
[24822 24902]
[24903 24951]
[24952 25049]
[25050 25150]
[25151 25210]
[25211 25307]
[25308 25364]
[25365 25427]
[25428 25514]
[25515 25548]
[25549 25631]
[25632 25709]
[25710 25758]
[25759 25843]
[25844 25884]
[25885 26211]
[26212 26299]
