[0 8]
[9 58]
[59 460]
[461 511]
[512 547]
[548 577]
[578 605]
[606 638]
[639 674]
[675 708]
[709 762]
[763 799]
[800 830]
[831 857]
[858 886]
[887 939]
[940 1297]
[1298 1336]
[1337 1406]
[1407 1467]
[1468 1543]
[1544 1625]
[1626 1696]
[1697 1764]
[1765 1824]
[1825 1943]
[1944 2005]
[2006 2127]
[2128 2198]
[2199 2266]
[2267 2341]
[2342 2371]
[2372 2475]
[2476 2509]
[2510 3172]
[3173 3224]
[3225 3408]
[3409 3474]
[3475 3530]
[3531 3541]
[3542 3990]
[3991 4034]
[4035 4102]
[4103 4210]
[4211 4287]
[4288 4351]
[4352 4453]
[4454 4516]
[4517 4585]
[4586 4696]
[4697 4851]
[4852 4902]
[4903 4949]
[4950 5013]
[5014 5077]
[5078 5164]
[5165 5560]
[5561 5791]
[5792 5942]
[5943 6032]
[6033 6088]
[6089 6171]
[6172 6226]
[6227 6293]
[6294 6432]
[6433 6949]
[6950 7005]
[7006 7056]
[7057 7100]
[7101 7144]
[7145 7185]
[7186 7250]
[7251 7295]
[7296 7351]
[7352 7443]
[7444 7727]
[7728 7803]
[7804 7847]
[7848 7917]
[7918 7977]
[7978 8038]
[8039 8087]
[8088 8157]
[8158 8206]
[8207 8277]
[8278 8344]
[8345 8427]
[8428 8685]
[8686 8742]
[8743 9222]
[9223 9299]
[9300 9492]
[9493 9649]
[9650 9776]
[9777 9919]
[9920 10075]
[10076 10125]
[10126 10157]
[10158 10250]
[10251 10547]
[10548 11207]
[11208 11387]
[11388 11462]
[11463 11530]
[11531 11848]
[11849 11906]
[11907 11954]
[11955 11998]
[11999 12031]
[12032 12077]
[12078 12127]
[12128 12217]
[12218 12284]
[12285 12369]
[12370 12496]
[12497 12583]
[12584 12646]
[12647 12724]
[12725 12814]
[12815 12904]
[12905 12966]
[12967 13058]
[13059 13211]
[13212 13403]
[13404 13593]
[13594 13663]
[13664 13713]
[13714 13764]
[13765 13811]
[13812 13852]
[13853 13893]
[13894 13953]
[13954 13998]
[13999 14158]
[14159 14721]
[14722 14866]
[14867 14944]
[14945 14988]
[14989 15050]
[15051 15086]
[15087 15136]
[15137 15187]
[15188 15246]
[15247 15285]
[15286 15369]
[15370 15428]
[15429 15504]
[15505 15625]
[15626 15669]
[15670 15855]
[15856 15975]
[15976 16041]
[16042 16099]
[16100 16163]
[16164 16615]
[16616 16734]
[16735 16834]
[16835 16984]
[16985 17096]
[17097 17238]
[17239 17465]
[17466 17592]
[17593 17714]
[17715 17799]
[17800 17945]
[17946 18014]
[18015 18063]
[18064 18327]
[18328 18394]
[18395 18516]
[18517 18666]
[18667 18801]
[18802 18840]
[18841 18975]
[18976 19130]
[19131 19230]
[19231 19328]
[19329 19389]
[19390 19538]
[19539 19888]
[19889 20009]
[20010 20277]
[20278 20384]
[20385 20495]
[20496 20618]
[20619 20664]
[20665 20824]
[20825 21368]
[21369 21592]
[21593 21673]
[21674 21823]
[21824 21870]
[21871 21960]
[21961 22205]
[22206 22363]
[22364 22439]
[22440 22550]
[22551 22682]
[22683 22732]
[22733 22802]
[22803 22876]
[22877 23212]
[23213 23395]
[23396 23452]
[23453 23511]
[23512 23601]
[23602 23673]
[23674 23778]
[23779 23817]
[23818 23890]
[23891 24030]
[24031 24145]
[24146 24194]
[24195 24262]
[24263 24359]
[24360 24475]
[24476 24984]
[24985 25161]
[25162 25230]
[25231 25306]
[25307 25337]
[25338 25411]
[25412 25469]
[25470 25540]
[25541 25591]
[25592 25707]
[25708 25753]
[25754 25811]
[25812 25852]
[25853 25883]
[25884 25987]
[25988 26025]
[26026 26108]
[26109 26182]
[26183 26213]
[26214 26266]
[26267 26300]
[26301 26372]
[26373 26834]
[26835 26914]
[26915 26968]
[26969 27020]
[27021 27083]
[27084 27181]
[27182 27235]
[27236 27315]
[27316 27415]
[27417 27581]
[27582 27635]
[27637 27756]
[27757 27821]
[27822 27867]
[27868 27909]
[27910 27958]
[27959 28013]
[28014 28121]
[28122 28165]
[28166 28633]
[28634 28721]
