[0 25]
[26 287]
[288 344]
[345 385]
[386 414]
[415 473]
[474 508]
[509 529]
[530 565]
[566 597]
[598 630]
[631 657]
[658 683]
[684 720]
[721 755]
[756 788]
[789 839]
[840 923]
[924 1388]
[1389 1542]
[1543 1573]
[1574 1602]
[1603 1663]
[1664 1707]
[1708 1782]
[1783 1804]
[1805 1859]
[1860 1974]
[1975 2027]
[2028 2100]
[2101 2212]
[2213 2310]
[2311 2411]
[2412 2459]
[2460 2506]
[2507 2639]
[2640 2883]
[2884 2947]
[2948 3019]
[3020 3179]
[3180 3242]
[3243 3296]
[3297 3417]
[3418 3480]
[3481 4122]
[4123 4154]
[4155 4191]
[4192 4239]
[4240 4281]
[4282 4343]
[4344 4402]
[4403 4437]
[4438 4481]
[4482 4525]
[4526 4566]
[4567 4625]
[4626 4647]
[4648 4699]
[4700 4769]
[4770 4815]
[4816 4895]
[4896 4925]
[4926 4973]
[4974 5017]
[5018 5063]
[5064 5083]
[5084 5124]
[5125 5207]
[5208 5244]
[5245 5294]
[5295 5347]
[5348 5438]
[5439 5523]
[5524 5599]
[5600 5660]
[5661 5721]
[5722 5842]
[5843 5924]
[5925 6079]
[6080 6247]
[6248 6309]
[6310 6370]
[6371 6429]
[6430 6490]
[6491 6511]
[6512 6535]
[6536 6583]
[6584 6639]
[6640 6682]
[6683 6804]
[6805 6852]
[6853 6938]
[6939 7140]
[7141 7204]
[7205 7270]
[7271 7333]
[7334 7402]
[7403 7441]
[7442 7482]
[7483 7532]
[7533 7575]
[7576 7615]
[7616 8180]
[8181 8212]
[8213 8257]
[8258 8302]
[8303 8351]
[8352 8390]
[8391 8455]
[8456 8520]
[8521 8571]
[8572 8636]
[8637 8685]
[8686 8750]
[8751 8821]
[8822 8886]
[8887 8929]
[8930 9007]
[9008 9085]
[9086 9158]
[9159 9239]
[9240 9754]
[9755 9829]
[9830 9892]
[9893 9950]
[9951 10008]
[10009 10056]
[10057 10146]
[10147 10212]
[10213 10290]
[10291 10376]
[10377 10425]
[10426 10504]
[10505 10570]
[10571 10630]
[10631 10704]
[10705 10752]
[10753 10788]
[10789 10862]
[10863 11063]
[11064 11121]
[11122 11149]
[11150 11188]
[11189 11217]
[11218 11257]
[11258 11301]
[11302 11353]
[11354 11484]
[11485 11559]
[11560 12050]
[12051 12135]
[12136 12222]
[12223 12270]
[12271 12317]
[12318 12387]
[12388 12512]
[12513 12576]
[12577 12644]
[12645 12700]
[12701 12767]
[12768 12820]
[12821 12873]
[12874 12933]
[12934 12983]
[12984 13084]
[13085 13153]
[13154 13217]
[13218 13276]
[13277 13340]
[13341 13395]
[13396 13459]
[13460 13475]
[13476 13549]
[13550 13573]
[13574 14053]
[14054 14202]
[14203 14243]
[14244 14367]
[14368 14420]
[14421 14479]
[14480 14572]
[14573 14696]
[14697 14742]
[14743 14799]
[14800 15045]
[15046 15141]
[15142 15294]
[15295 15457]
[15458 15590]
[15591 15718]
[15719 15774]
[15775 15834]
[15835 15898]
[15899 16174]
[16175 16249]
[16250 16366]
[16367 16398]
[16399 16484]
[16485 16516]
[16517 16602]
[16603 16710]
[16711 16783]
[16784 16867]
[16868 16952]
[16953 17061]
[17062 17157]
[17158 17205]
[17206 17289]
[17290 17399]
[17400 17431]
[17432 17485]
[17486 17565]
[17566 17832]
[17833 18123]
[18124 18215]
[18216 18381]
[18382 18450]
[18451 18513]
[18514 18605]
[18606 18839]
[18840 18933]
[18934 19173]
[19174 19406]
[19407 19468]
[19469 19496]
[19497 19530]
[19531 19578]
[19579 19632]
[19633 19649]
[19650 19701]
[19702 19746]
[19747 19826]
[19827 19903]
[19904 20271]
[20272 20425]
[20426 20538]
[20539 20574]
[20575 20667]
[20668 20943]
[20944 20988]
[20989 21044]
[21045 21090]
[21091 21158]
[21159 21226]
[21227 21279]
[21280 21351]
[21352 21415]
[21416 21500]
[21501 21781]
[21782 21868]
[21869 22019]
[22020 22221]
[22222 22301]
[22302 22442]
[22443 22499]
[22500 22659]
[22660 22869]
[22870 23041]
[23042 23131]
[23132 23253]
[23254 23672]
[23673 23747]
[23748 23795]
[23796 23861]
[23862 23956]
[23957 23974]
[23975 24053]
[24054 24144]
[24145 24243]
[24244 24302]
[24303 24400]
[24401 24536]
[24537 24665]
[24666 24746]
[24747 24870]
[24871 25027]
[25028 25099]
[25100 25145]
[25146 25168]
[25169 25249]
[25250 25449]
[25450 25563]
[25564 25626]
[25627 25730]
[25731 25767]
[25768 25792]
[25793 25849]
[25850 25895]
[25896 25970]
[25971 26069]
[26070 26191]
[26192 26213]
[26214 26247]
[26248 26292]
[26293 26336]
[26337 26456]
[26457 26809]
[26810 26883]
[26884 26926]
[26927 26963]
[26964 27004]
[27005 27074]
[27075 27123]
[27124 27212]
[27213 27512]
[27513 27581]
[27582 27629]
[27630 27690]
[27691 27747]
[27748 27805]
[27806 27870]
[27871 27938]
[27939 28005]
[28006 28072]
[28073 28163]
[28164 28522]
[28523 28683]
[28684 28729]
[28730 28777]
[28778 28857]
[28858 29020]
[29021 29224]
[29225 29291]
[29292 29375]
[29376 29519]
[29520 29599]
[29600 29651]
[29652 29873]
[29874 29928]
[29929 30011]
[30012 30065]
[30066 30169]
[30170 30264]
[30265 30323]
[30324 30366]
[30367 30409]
[30410 30803]
[30804 30915]
