[0 6]
[7 26]
[27 435]
[436 493]
[494 529]
[530 557]
[558 588]
[589 620]
[621 646]
[647 676]
[677 710]
[711 744]
[745 780]
[781 811]
[812 839]
[840 869]
[870 906]
[907 941]
[942 977]
[978 1074]
[1075 1590]
[1591 1656]
[1657 1745]
[1746 1799]
[1800 1862]
[1863 1907]
[1908 1950]
[1951 1980]
[1981 2013]
[2014 2044]
[2045 2073]
[2074 2172]
[2173 2218]
[2219 2393]
[2394 2516]
[2517 2734]
[2735 2843]
[2844 3221]
[3222 3251]
[3252 3370]
[3371 3439]
[3440 3455]
[3456 3523]
[3524 3546]
[3547 3640]
[3641 3686]
[3687 3796]
[3797 3837]
[3838 3883]
[3884 4006]
[4007 4068]
[4069 4148]
[4149 4178]
[4179 4233]
[4234 4269]
[4270 4331]
[4332 4376]
[4377 4398]
[4399 4495]
[4496 4568]
[4569 4604]
[4605 4676]
[4677 5026]
[5027 5124]
[5125 5177]
[5178 5223]
[5224 5261]
[5262 5309]
[5310 5349]
[5350 5488]
[5489 5545]
[5546 5594]
[5595 5647]
[5648 5704]
[5705 5749]
[5750 5807]
[5808 5871]
[5872 5933]
[5934 6005]
[6006 6066]
[6067 6120]
[6121 6166]
[6167 6432]
[6433 6472]
[6473 6494]
[6495 6525]
[6526 6579]
[6580 6678]
[6679 6723]
[6724 6757]
[6758 6798]
[6799 6838]
[6839 6904]
[6905 6962]
[6963 7015]
[7016 7040]
[7041 7420]
[7421 7479]
[7480 7525]
[7526 7576]
[7577 7646]
[7647 7692]
[7693 7735]
[7736 7778]
[7779 7834]
[7835 7861]
[7862 7899]
[7900 7944]
[7945 7972]
[7973 8088]
[8089 8141]
[8142 8175]
[8176 8214]
[8215 8277]
[8278 8316]
[8317 8344]
[8345 8377]
[8378 8422]
[8423 8463]
[8464 8528]
[8529 8575]
[8576 8604]
[8605 8734]
[8735 8774]
[8775 8807]
[8808 8857]
[8858 8894]
[8895 8939]
[8940 8976]
[8977 9082]
[9083 9133]
[9134 9180]
[9181 9221]
[9222 9262]
[9263 9318]
[9319 9362]
[9363 9414]
[9415 9430]
[9431 9527]
[9528 9764]
[9765 9833]
[9834 9859]
[9860 9898]
[9899 9992]
[9993 10093]
[10094 10129]
[10130 10207]
[10208 10286]
[10287 10340]
[10341 10459]
[10460 10508]
[10509 10574]
[10575 10625]
[10626 11162]
[11163 11264]
[11265 11301]
[11302 11332]
[11333 11356]
[11357 11468]
[11469 11568]
[11569 11658]
[11659 11736]
[11737 11803]
[11804 11887]
[11888 12306]
[12307 12366]
[12367 12423]
[12424 12482]
[12483 12545]
[12546 12605]
[12606 12651]
[12652 12707]
[12708 12754]
[12755 12796]
[12797 12841]
[12842 12893]
[12894 12942]
[12943 12987]
[12988 13036]
[13037 13076]
[13077 13118]
[13119 13348]
[13349 13390]
[13391 13420]
[13421 13452]
[13453 13493]
[13494 13556]
[13557 13594]
[13595 13648]
[13649 13712]
[13713 13757]
[13758 13804]
[13805 13880]
[13881 13916]
[13917 13970]
[13971 14482]
[14483 14526]
[14527 14612]
[14613 14692]
[14693 14756]
[14757 14822]
[14823 14852]
[14853 14927]
[14928 14987]
[14988 15044]
[15045 15084]
[15085 15452]
[15453 15647]
[15648 15868]
[15869 16081]
[16082 16464]
[16465 16515]
[16516 16562]
[16563 16644]
[16645 16709]
[16710 16754]
[16755 16810]
[16811 16906]
[16907 17260]
[17261 17349]
[17350 17461]
[17462 17536]
[17537 17800]
[17801 18023]
[18024 18170]
[18171 18291]
[18292 18388]
[18389 18486]
[18487 18564]
[18565 19045]
[19046 19108]
[19109 19155]
[19156 19199]
[19200 19241]
[19242 19309]
[19310 19368]
[19369 19415]
[19416 19474]
[19475 19529]
[19530 19578]
[19579 19615]
[19616 19656]
[19657 19761]
[19762 19796]
[19797 19842]
[19843 20102]
[20103 20241]
[20242 20337]
[20338 20417]
[20418 20477]
[20478 20780]
[20781 20936]
[20937 21034]
[21035 21119]
[21120 21162]
[21163 21333]
[21334 21372]
[21373 21392]
[21393 21458]
[21459 21516]
[21517 21554]
[21555 21607]
[21608 21628]
[21629 21662]
[21663 21700]
[21701 21721]
[21722 21749]
[21750 21890]
[21891 21939]
[21940 22010]
[22011 22028]
[22029 22060]
[22061 22071]
[22072 22095]
[22096 22150]
[22151 22207]
[22208 22607]
[22608 22703]
[22704 22775]
[22776 22824]
[22825 22877]
[22878 22938]
[22939 23011]
[23012 23136]
[23137 23160]
[23161 23334]
[23335 23383]
[23384 23443]
[23444 23487]
[23488 23529]
[23530 23581]
[23582 23720]
[23721 23780]
[23781 23842]
[23843 23862]
[23863 23936]
[23937 23994]
[23995 24029]
[24030 24087]
[24088 24236]
[24237 24294]
[24295 24337]
[24338 24448]
[24449 24814]
[24815 24928]
[24929 24992]
[24993 25061]
[25062 25164]
[25165 25214]
[25215 25416]
[25417 25466]
[25467 25561]
[25562 25641]
[25642 25699]
[25700 25843]
[25844 26038]
[26039 26139]
[26140 26240]
[26241 26275]
[26276 26332]
[26333 26365]
[26366 26405]
[26406 26436]
[26437 26594]
[26595 26659]
[26660 26698]
[26699 26725]
[26726 26746]
[26747 26770]
[26771 26792]
[26793 26820]
[26821 26861]
[26862 26908]
[26909 26956]
[26957 26986]
[26987 27028]
[27029 27063]
[27064 27084]
[27085 27129]
[27130 27162]
[27163 27187]
[27188 27223]
[27224 27348]
[27349 27555]
[27557 27592]
[27593 27689]
[27690 27795]
[27796 27836]
[27837 27872]
[27873 27897]
[27898 27945]
[27946 28092]
[28093 28151]
[28152 28208]
[28209 28302]
[28303 28338]
[28339 28377]
[28378 28418]
[28419 28471]
[28472 28516]
[28517 28570]
[28571 28616]
[28617 28682]
[28683 29057]
[29058 29182]
[29183 29215]
[29216 29283]
[29284 29349]
[29350 29433]
[29434 29492]
[29493 29561]
[29562 29681]
[29682 29738]
[29739 29828]
[29829 29886]
[29887 29928]
[29929 30024]
[30025 30050]
[30051 30145]
[30146 30188]
[30189 30284]
[30285 30331]
[30332 30373]
[30374 30713]
[30714 30801]
[30802 30890]
[30891 31058]
[31059 31270]
[31271 31377]
[31378 31600]
[31601 31671]
[31672 31800]
[31801 31911]
[31912 32244]
[32245 32301]
[32302 32382]
[32383 33331]
[33332 33661]
[33662 33768]
