[0 5]
[6 48]
[49 437]
[438 492]
[493 519]
[520 547]
[548 620]
[621 649]
[650 670]
[671 695]
[696 717]
[718 743]
[744 772]
[773 807]
[808 867]
[868 935]
[936 1249]
[1250 1293]
[1294 1346]
[1347 1415]
[1416 1501]
[1502 1573]
[1574 1647]
[1648 1760]
[1761 1817]
[1818 1897]
[1898 1963]
[1964 2066]
[2067 2207]
[2209 2298]
[2299 2336]
[2337 2637]
[2638 2683]
[2684 2745]
[2746 2804]
[2805 2865]
[2866 2921]
[2922 2978]
[2979 3045]
[3046 3112]
[3113 3147]
[3148 3204]
[3205 3226]
[3227 3300]
[3301 3357]
[3358 3424]
[3425 3490]
[3491 3544]
[3545 3590]
[3591 3621]
[3622 4098]
[4099 4149]
[4150 4221]
[4222 4288]
[4289 4416]
[4417 4584]
[4585 4661]
[4662 4696]
[4697 4723]
[4724 4797]
[4798 4863]
[4864 4915]
[4916 4978]
[4979 5029]
[5030 5079]
[5080 5134]
[5135 5238]
[5239 5296]
[5297 5320]
[5321 5693]
[5694 5760]
[5761 5856]
[5857 6043]
[6044 6140]
[6141 6162]
[6163 6203]
[6204 6241]
[6242 6272]
[6273 6298]
[6299 6353]
[6354 6392]
[6393 6435]
[6436 6480]
[6481 6519]
[6520 6563]
[6564 6584]
[6585 6628]
[6629 6678]
[6679 6728]
[6729 6778]
[6779 6818]
[6819 6864]
[6865 6941]
[6942 6999]
[7000 7036]
[7037 7084]
[7085 7276]
[7277 7320]
[7321 7379]
[7380 7529]
[7530 7575]
[7576 7601]
[7602 7644]
[7645 7721]
[7722 7776]
[7777 7837]
[7838 7897]
[7898 7939]
[7940 7977]
[7978 8059]
[8060 8105]
[8106 8218]
[8219 8275]
[8276 8331]
[8332 8380]
[8381 8398]
[8399 8541]
[8542 8599]
[8600 8662]
[8663 8748]
[8749 8799]
[8800 8860]
[8861 8901]
[8902 8954]
[8955 9024]
[9025 9468]
[9469 9545]
[9546 9621]
[9622 9696]
[9697 9773]
[9774 9852]
[9853 9928]
[9929 10007]
[10008 10075]
[10076 10153]
[10154 10230]
[10231 10307]
[10308 10386]
[10387 10461]
[10462 10506]
[10507 10551]
[10552 10849]
[10850 11062]
[11063 11136]
[11137 11497]
[11498 11581]
[11582 12183]
[12184 12289]
[12290 12383]
[12384 12469]
[12470 12548]
[12549 12649]
[12650 12707]
[12708 12761]
[12762 12808]
[12809 12905]
[12906 12986]
[12987 13016]
[13017 13271]
[13272 13343]
[13344 13347]
[13348 13350]
[13351 13354]
[13355 13357]
[13358 13364]
[13365 13372]
[13373 13378]
[13379 13385]
[13386 13392]
[13393 13399]
[13400 13411]
[13412 13429]
[13430 13583]
[13584 13750]
[13751 13916]
[13917 14081]
[14082 14131]
[14132 14133]
[14134 14138]
[14139 14140]
[14141 14145]
[14146 14147]
[14148 14152]
[14153 14154]
[14155 14159]
[14160 14161]
[14162 14166]
[14167 14168]
[14169 14173]
[14174 14175]
[14176 14180]
[14181 14182]
[14183 14187]
[14188 14189]
[14190 14194]
[14195 14196]
[14197 14201]
[14202 14203]
[14204 14215]
[14216 14217]
[14218 14228]
[14229 14235]
[14236 14246]
[14247 14628]
[14629 14948]
[14949 15283]
[15284 15596]
[15597 15994]
[15995 16044]
[16045 16103]
[16104 16152]
[16153 16202]
[16203 16272]
[16273 16319]
[16320 16386]
[16387 16434]
[16435 16489]
[16490 16534]
[16535 16576]
[16577 16624]
[16625 16685]
[16686 16792]
[16793 16853]
[16854 16900]
[16901 16941]
[16942 16974]
[16975 17001]
[17002 17033]
[17034 17057]
[17058 17081]
[17082 17131]
[17132 17167]
[17168 17196]
[17197 17289]
[17290 17658]
[17659 17744]
[17745 17870]
[17871 17984]
[17985 18063]
[18064 18123]
[18124 18248]
[18249 18373]
[18374 18477]
[18478 18534]
[18535 18604]
[18605 18658]
[18659 18703]
[18704 18739]
[18740 19099]
[19100 19294]
[19295 19419]
[19420 19544]
[19545 19680]
[19681 19805]
[19806 19929]
[19930 19977]
[19978 20014]
[20015 20053]
[20054 20105]
[20106 20150]
[20151 20181]
[20182 20222]
[20223 20259]
[20260 20287]
[20288 20391]
[20392 20467]
[20468 20569]
[20570 20571]
[20572 20866]
[20867 21008]
[21009 21085]
[21086 21221]
[21222 21284]
[21285 21405]
[21406 21486]
[21487 21586]
[21587 21807]
[21808 21956]
[21957 22055]
[22056 22483]
[22484 22556]
[22557 22619]
[22620 22733]
[22734 22806]
[22807 22916]
[22917 22971]
[22972 23037]
[23038 23108]
[23109 23424]
[23425 23556]
[23557 23622]
[23623 23747]
[23748 23864]
[23865 23935]
[23936 24244]
[24245 24362]
[24363 24474]
[24475 24647]
[24648 24789]
[24790 24867]
[24868 24975]
[24976 25090]
[25091 25354]
[25355 25517]
[25518 25637]
[25638 25976]
[25977 26029]
[26030 26110]
[26111 26138]
[26139 26230]
[26231 26247]
[26248 26278]
[26279 26363]
[26364 26414]
[26415 26446]
[26447 26493]
[26494 26548]
[26549 26579]
[26580 26606]
[26607 26673]
[26674 26713]
[26714 26751]
[26752 26798]
[26799 26893]
[26894 27046]
[27047 27097]
[27098 27143]
[27144 27191]
[27192 27246]
[27247 27286]
[27287 27314]
[27315 27345]
[27346 27490]
[27491 27559]
[27560 27628]
[27629 27683]
[27684 27726]
[27727 27872]
[27873 27898]
[27899 28010]
[28011 28154]
[28155 28347]
[28348 28629]
[28630 28764]
[28765 28914]
[28915 29030]
[29031 29095]
[29096 29381]
[29382 29487]
[29488 29622]
[29623 30094]
[30095 30143]
[30144 30188]
[30189 30316]
[30317 30390]
[30391 30488]
[30489 30597]
[30598 30702]
[30703 30725]
[30726 30735]
[30736 30885]
[30886 30933]
[30934 31254]
[31255 31353]
