[ 0 16]
[18 37]
[38 57]
[ 59 102]
[104 183]
[184 538]
[539 593]
[594 626]
[627 652]
[653 720]
[721 764]
[765 801]
[802 844]
[845 883]
[884 935]
[936 969]
[ 970 1081]
[1082 1318]
[1319 1386]
[1387 1442]
[1443 1488]
[1489 1534]
[1535 1578]
[1579 1629]
[1630 1659]
[1660 1686]
[1687 1719]
[1720 1767]
[1768 1802]
[1803 1847]
[1848 1900]
[1901 1945]
[1946 2006]
[2007 2058]
[2059 2120]
[2121 2183]
[2184 2225]
[2226 2267]
[2268 2315]
[2316 2364]
[2365 2419]
[2420 2466]
[2467 2483]
[2484 2804]
[2805 2853]
[2854 2907]
[2908 2991]
[2992 3067]
[3068 3137]
[3138 3162]
[3163 3214]
[3215 3331]
[3332 3363]
[3364 3406]
[3407 3471]
[3472 3483]
[3485 4029]
[4030 4097]
[4098 4110]
[4111 4170]
[4171 4217]
[4218 4250]
[4251 4307]
[4308 4363]
[4364 4437]
[4438 4513]
[4514 4534]
[4535 4629]
[4630 4701]
[4702 4767]
[4768 4790]
[4791 4834]
[4835 4893]
[4894 4915]
[4916 4958]
[4959 5003]
[5004 5066]
[5067 5134]
[5135 5185]
[5186 5245]
[5246 5328]
[5329 5403]
[5404 5504]
[5505 5580]
[5581 5603]
[5604 5932]
[5933 5998]
[5999 6070]
[6071 6137]
[6138 6189]
[6190 6263]
[6264 6323]
[6324 6414]
[6415 6490]
[6491 6555]
[6556 6571]
[6572 6622]
[6623 6699]
[6700 6775]
[6776 7357]
[7358 7524]
[7525 7626]
[7627 7749]
[7750 7882]
[7883 7897]
[7898 8016]
[8017 8132]
[8133 8191]
[8192 8221]
[8222 8363]
[8364 8409]
[8410 8488]
[8489 8561]
[8562 8727]
[8728 8807]
[8808 8861]
[8862 8911]
[8912 8990]
[8991 9041]
[9042 9106]
[9107 9151]
[9152 9305]
[9306 9542]
[9543 9664]
[9665 9760]
[9761 9834]
[9835 9913]
[9914 9998]
[ 9999 10046]
[10047 10079]
[10080 10107]
[10108 10151]
[10152 10221]
[10222 10306]
[10307 10367]
[10368 10404]
[10405 10456]
[10457 10488]
[10489 10751]
[10752 11626]
[11627 11934]
[11935 12098]
[12099 12193]
[12194 12226]
[12227 12281]
[12282 12867]
[12868 12949]
[12950 13237]
[13238 13300]
[13301 13348]
[13349 13368]
[13369 13425]
[13426 13482]
[13483 13540]
[13541 13589]
[13590 13693]
[13694 13762]
[13763 13830]
[13831 13892]
[13893 13970]
[13971 14039]
[14040 14114]
[14115 14184]
[14185 14238]
[14239 14306]
[14307 14355]
[14356 14377]
[14378 14680]
[14681 14799]
[14800 14908]
[14909 15033]
[15034 15163]
[15164 15264]
[15265 15288]
[15289 15384]
[15385 15416]
[15417 15944]
[15945 15982]
[15983 16042]
[16043 16109]
[16110 16133]
[16134 16209]
[16210 16355]
[16356 16394]
[16395 16401]
[16402 16448]
[16449 16511]
[16512 16584]
[16585 16712]
[16713 16787]
[16788 16825]
[16826 16850]
[16851 17283]
[17284 17418]
[17419 17517]
[17518 17647]
[17648 17726]
[17727 17796]
[17797 17847]
[17848 17898]
[17899 17993]
[17994 18063]
[18064 18208]
[18209 18312]
[18313 18379]
[18380 18426]
[18427 19123]
[19124 19183]
[19184 19264]
[19265 19345]
[19346 19397]
[19398 19451]
[19452 19754]
[19755 19870]
[19871 19920]
[19921 19975]
[19976 20026]
[20027 20076]
[20077 20261]
[20262 20319]
[20320 20356]
[20357 20426]
[20427 20896]
[20897 20949]
