[0 3]
[ 4 38]
[40 63]
[64 87]
[ 89 112]
[114 142]
[143 258]
[260 771]
[772 842]
[843 922]
[923 955]
[956 994]
[ 995 1035]
[1036 1065]
[1066 1102]
[1103 1143]
[1144 1213]
[1214 1293]
[1294 1340]
[1341 1375]
[1376 1413]
[1414 1448]
[1449 1544]
[1545 2010]
[2012 2042]
[2043 2083]
[2084 2131]
[2132 2175]
[2176 2261]
[2262 2384]
[2385 2481]
[2482 2589]
[2590 2717]
[2718 2788]
[2789 3327]
[3328 3549]
[3550 3633]
[3634 3680]
[3681 3717]
[3718 3808]
[3809 3860]
[3861 3898]
[3899 3943]
[3944 3989]
[3990 4075]
[4076 4145]
[4146 4210]
[4211 4258]
[4259 4307]
[4308 4366]
[4367 4413]
[4414 5263]
[5264 5305]
[5306 5360]
[5361 5434]
[5435 5486]
[5487 5529]
[5530 5566]
[5567 5710]
[5711 5843]
[5844 5883]
[5884 5927]
[5928 5968]
[5969 6015]
[6016 6049]
[6050 6087]
[6088 6217]
[6218 6263]
[6264 6302]
[6303 6386]
[6387 6466]
[6467 6525]
[6526 6643]
[6644 6687]
[6688 6745]
[6746 6784]
[6785 6835]
[6836 6871]
[6872 6910]
[6911 6952]
[6953 6998]
[6999 7029]
[7030 7069]
[7070 7411]
[7412 7541]
[7542 7690]
[7691 7766]
[7767 7870]
[7871 7970]
[7971 8079]
[8080 8161]
[8162 8264]
[8265 8324]
[8325 9104]
[9105 9136]
[9137 9292]
[9293 9343]
[9344 9387]
[9388 9476]
[9477 9561]
[9562 9722]
[9723 9833]
[9834 9978]
[ 9979 10087]
[10088 10142]
[10143 10204]
[10205 10342]
[10343 10420]
[10421 10491]
[10492 10652]
[10653 10766]
[10767 10832]
[10833 10921]
[10922 10993]
[10994 11069]
[11070 11120]
[11121 11174]
[11175 11209]
[11210 11253]
[11254 11311]
[11312 11349]
[11350 11383]
[11384 11426]
[11427 11529]
[11530 12087]
[12088 12179]
[12180 12273]
[12274 12365]
[12366 12461]
[12462 12551]
[12552 12646]
[12647 12716]
[12717 12920]
[12921 13021]
[13022 13114]
[13115 13204]
[13205 13304]
[13305 13401]
[13402 13487]
[13488 13545]
[13546 13609]
[13610 13982]
[13983 14306]
[14307 14426]
[14427 14507]
[14508 14589]
[14590 14696]
[14697 14781]
[14782 14845]
[14846 14899]
[14900 14942]
[14943 15013]
[15014 15133]
[15134 15439]
[15440 15627]
[15628 15734]
[15735 15967]
[15968 16168]
[16169 16299]
[16300 16442]
[16443 16562]
[16563 16682]
[16683 16851]
[16852 17147]
[17148 17227]
[17228 17267]
[17268 17380]
[17381 17432]
[17433 17492]
[17493 17547]
[17548 17662]
[17663 17738]
[17739 17799]
[17800 17851]
[17852 17913]
[17914 18229]
[18230 18277]
[18278 18310]
[18311 18359]
[18360 18399]
[18400 18460]
[18461 18545]
[18546 18589]
[18590 18637]
[18638 18686]
[18687 18746]
[18747 18820]
[18821 18860]
[18861 18887]
[18888 19009]
[19010 19082]
[19083 19180]
[19181 19210]
[19211 19231]
[19232 19258]
[19259 19298]
[19299 19385]
[19386 19495]
[19496 19614]
[19615 19956]
[19957 20015]
[20016 20067]
[20068 20118]
[20119 20169]
[20170 20236]
[20237 20303]
[20304 20373]
[20374 20487]
[20488 20587]
[20588 20692]
[20693 21053]
[21054 21106]
[21107 21250]
[21251 21643]
[21644 21903]
[21904 22009]
[22010 22107]
[22108 22183]
[22184 22233]
[22234 22299]
[22300 22451]
[22452 22509]
[22510 22573]
[22574 22626]
[22627 22709]
[22710 22783]
[22784 22846]
[22847 22893]
[22894 22948]
[22949 22998]
[22999 23358]
[23359 23436]
[23437 23515]
[23516 23616]
[23617 23653]
[23654 23753]
[23754 23859]
[23860 23933]
[23934 24003]
[24004 24126]
[24127 24184]
[24185 24256]
[24257 24334]
[24335 24406]
[24407 24469]
[24470 24593]
[24594 24765]
[24766 24881]
[24882 24943]
[24944 25123]
[25124 25173]
[25174 25290]
[25291 25344]
[25345 25417]
[25418 25489]
[25490 25672]
[25673 25738]
[25739 25818]
[25819 25896]
[25897 26002]
[26003 26116]
[26117 26157]
[26158 26225]
[26226 26293]
[26294 26340]
[26341 26358]
[26359 26404]
[26405 26440]
[26441 26469]
[26470 26528]
[26529 26670]
[26671 26717]
[26718 26796]
[26797 26872]
[26873 26961]
[26962 27026]
[27027 27120]
[27121 27194]
[27195 27242]
[27243 27293]
[27294 27435]
[27436 27612]
[27613 27674]
[27675 27734]
[27735 27789]
[27790 27840]
[27841 27915]
[27916 27968]
[27969 28041]
[28042 28534]
[28535 28649]
