[ 0 25]
[27 46]
[47 66]
[ 68 111]
[113 181]
[182 238]
[239 280]
[281 305]
[306 332]
[333 365]
[366 424]
[425 450]
[451 489]
[490 538]
[539 579]
[580 604]
[605 661]
[662 982]
[ 983 1026]
[1027 1117]
[1118 1283]
[1284 1415]
[1416 1537]
[1538 1662]
[1663 1735]
[1736 1808]
[1809 1875]
[1876 1931]
[1932 1984]
[1985 2099]
[2100 2151]
[2152 2230]
[2231 2381]
[2382 2435]
[2438 2518]
[2519 2562]
[2563 2640]
[2641 2687]
[2688 2723]
[2724 2767]
[2768 2884]
[2885 2946]
[2947 2979]
[2980 3041]
[3042 3099]
[3100 3178]
[3179 3221]
[3222 3488]
[3489 3562]
[3563 3633]
[3634 3708]
[3709 3774]
[3775 3848]
[3849 4217]
[4218 4261]
[4262 4299]
[4300 4316]
[4317 4367]
[4368 4395]
[4396 4422]
[4423 4454]
[4455 4487]
[4488 4511]
[4512 4568]
[4569 4594]
[4595 4664]
[4665 4703]
[4704 4736]
[4737 4770]
[4771 4797]
[4798 4847]
[4848 4897]
[4898 4941]
[4942 4973]
[4974 5027]
[5028 5048]
[5049 5109]
[5110 5154]
[5155 5183]
[5184 5250]
[5251 5326]
[5327 5359]
[5360 5392]
[5393 5410]
[5411 5448]
[5449 5515]
[5516 5548]
[5549 5589]
[5590 5629]
[5630 5676]
[5677 5733]
[5734 6180]
[6181 6196]
[6197 6245]
[6246 6350]
[6351 6404]
[6405 6454]
[6455 6502]
[6503 6544]
[6545 6593]
[6594 6647]
[6648 6823]
[6824 6825]
[6826 6873]
[6874 6922]
[6923 6950]
[6951 7048]
[7049 7108]
[7109 7169]
[7170 7225]
[7226 7270]
[7271 7331]
[7332 7368]
[7369 7686]
[7687 7791]
[7792 7851]
[7852 7914]
[7915 7974]
[7975 8036]
[8037 8150]
[8151 8212]
[8213 8310]
[8311 8367]
[8368 8427]
[8428 8487]
[8488 8595]
[8596 8692]
[8693 8804]
[8805 8845]
[8846 8892]
[8893 9178]
[9179 9233]
[9234 9309]
[9310 9344]
[9345 9409]
[9410 9469]
[9470 9521]
[9522 9596]
[9597 9657]
[9658 9737]
[9738 9798]
[9799 9845]
[9846 9925]
[9926 9958]
[ 9959 10032]
[10033 10365]
[10366 10564]
[10565 10633]
[10634 10689]
[10690 10745]
[10746 10805]
[10806 10861]
[10862 10942]
[10943 11017]
[11018 11093]
[11094 11147]
[11148 11304]
[11305 11631]
[11632 11727]
[11728 11813]
[11814 11871]
[11872 11936]
[11937 11991]
[11992 12058]
[12059 12111]
[12112 12170]
[12171 12250]
[12251 12297]
[12298 12355]
[12356 12401]
[12402 12455]
[12456 12516]
[12517 12556]
[12557 12598]
[12599 12640]
[12641 12696]
[12697 12734]
[12735 12764]
[12765 12872]
[12873 12960]
[12961 13430]
[13431 13489]
[13490 13571]
[13572 13657]
[13658 13722]
[13723 13788]
[13789 13909]
[13910 13929]
[13930 13984]
[13985 14059]
[14060 14134]
[14135 14209]
[14210 14284]
[14285 14342]
[14343 14389]
[14390 14409]
[14410 14604]
[14605 14676]
[14677 14729]
[14730 14799]
[14800 15180]
[15181 15248]
[15249 15291]
[15292 15351]
[15352 15395]
[15396 15494]
[15495 15590]
[15591 15648]
[15649 15714]
[15715 15782]
[15783 16019]
[16020 16292]
[16293 16334]
[16335 16411]
[16412 16452]
[16453 16510]
[16511 16576]
[16577 16647]
[16648 16766]
[16767 16829]
[16830 16944]
[16945 17012]
[17013 17125]
[17126 17197]
[17198 17297]
[17298 17385]
[17386 17586]
[17587 17716]
[17718 17794]
[17795 17855]
[17856 17938]
[17939 18035]
[18036 18192]
[18193 18320]
[18321 18442]
[18443 18538]
[18539 18580]
[18581 18637]
[18638 18685]
[18686 18731]
[18732 18770]
[18771 18818]
[18819 19199]
[19200 19299]
