[ 0 17]
[19 38]
[39 58]
[ 60 103]
[105 192]
[193 483]
[484 533]
[534 572]
[573 600]
[601 637]
[638 660]
[661 688]
[689 719]
[720 764]
[765 784]
[785 795]
[796 856]
[857 875]
[876 987]
[ 988 1359]
[1360 1411]
[1412 1492]
[1493 1610]
[1611 1670]
[1671 1712]
[1713 1855]
[1856 1888]
[1889 1944]
[1945 1965]
[1966 2009]
[2010 2036]
[2037 2092]
[2093 2591]
[2592 2629]
[2630 2675]
[2676 2719]
[2720 2771]
[2772 2841]
[2842 2899]
[2900 2960]
[2961 3017]
[3018 3057]
[3058 3102]
[3103 3155]
[3156 3209]
[3210 3277]
[3278 3334]
[3335 3404]
[3405 3477]
[3478 3532]
[3533 3589]
[3590 3642]
[3643 3698]
[3699 3761]
[3762 3832]
[3833 3904]
[3905 3913]
[3914 4286]
[4287 4339]
[4340 4376]
[4377 4425]
[4426 4470]
[4471 4635]
[4636 4703]
[4704 4760]
[4761 4932]
[4933 4981]
[4982 5035]
[5036 5113]
[5114 5173]
[5174 5209]
[5210 5625]
[5626 5719]
[5720 6006]
[6007 6090]
[6091 6126]
[6127 6221]
[6222 6346]
[6347 6471]
[6472 6580]
[6581 6935]
[6936 7035]
[7036 7143]
[7144 7223]
[7224 7324]
[7325 7406]
[7407 7512]
[7513 7549]
[7550 7666]
[7667 7787]
[7788 7935]
[7936 8074]
[8075 8502]
[8503 8731]
[8732 8856]
[8857 9054]
[9055 9329]
[9330 9630]
[9631 9708]
[9709 9753]
[9754 9800]
[9801 9849]
[9850 9875]
[ 9876 10116]
[10117 10375]
[10376 10500]
[10501 10781]
[10782 10832]
[10833 10909]
[10910 11012]
[11013 11198]
[11199 11296]
[11297 11333]
[11334 11403]
[11404 11464]
[11465 11588]
[11589 11654]
[11655 11723]
[11724 11752]
[11753 11818]
[11819 11860]
[11861 11898]
[11899 11946]
[11947 11981]
[11982 12008]
[12009 12066]
[12067 12109]
[12110 12159]
[12160 12198]
[12199 12231]
[12232 12310]
[12311 12662]
[12663 12711]
[12712 12752]
[12753 12799]
[12800 12861]
[12862 12915]
[12916 12993]
[12994 13020]
[13021 13096]
[13097 13247]
[13248 13324]
[13325 13465]
[13466 13485]
[13486 13563]
[13564 13793]
[13794 13873]
[13874 13965]
[13966 14043]
[14044 14128]
[14129 14202]
[14203 14267]
[14268 14335]
[14336 14465]
[14466 14818]
[14820 14949]
