[0 9]
[10 22]
[23 37]
[38 62]
[63 93]
[ 95 116]
[117 161]
[162 178]
[179 197]
[198 215]
[216 237]
[238 246]
[247 255]
[256 311]
[312 327]
[328 337]
[338 346]
[347 355]
[356 377]
[378 390]
[391 400]
[401 409]
[410 418]
[419 427]
[428 436]
[437 474]
[475 528]
[530 549]
[550 569]
[571 614]
[616 722]
[ 723 1001]
[1002 1057]
[1058 1096]
[1097 1132]
[1133 1165]
[1166 1184]
[1185 1220]
[1221 1260]
[1261 1284]
[1285 1308]
[1309 1376]
[1377 1407]
[1408 1432]
[1433 1640]
[1641 2014]
[2015 2050]
[2051 2120]
[2121 2167]
[2168 2215]
[2216 2308]
[2309 2415]
[2416 2454]
[2455 2535]
[2536 2604]
[2605 2656]
[2657 2701]
[2702 2735]
[2736 2776]
[2777 2792]
[2793 2828]
[2829 2886]
[2887 2949]
[2950 3023]
[3024 3078]
[3079 3135]
[3136 3202]
[3203 3265]
[3266 3521]
[3522 3590]
[3591 3684]
[3685 3856]
[3857 3918]
[3919 3960]
[3961 4007]
[4008 4052]
[4053 4084]
[4085 4140]
[4141 4186]
[4187 4245]
[4246 4326]
[4327 4364]
[4365 4431]
[4432 4476]
[4477 4516]
[4517 4599]
[4600 4668]
[4669 4737]
[4738 4784]
[4785 4906]
[4907 5027]
[5028 5726]
[5727 5784]
[5785 5830]
[5831 5887]
[5888 6007]
[6008 6200]
[6201 6231]
[6232 6274]
[6275 6349]
[6350 6451]
[6452 6523]
[6524 6618]
[6619 6690]
[6691 6789]
[6790 6861]
[6862 6947]
[6948 7172]
[7173 7405]
[7406 7476]
[7477 7544]
[7546 7663]
[7664 7768]
[7769 7838]
[7839 8046]
[8047 8112]
[8113 8286]
[8287 8377]
[8378 8643]
[8644 8927]
[8928 8984]
[8985 9031]
[9032 9064]
[9065 9166]
[9167 9347]
[9348 9420]
[9421 9454]
[9455 9497]
[9498 9608]
[ 9609 10099]
[10100 10323]
[10324 10422]
[10423 10572]
[10573 10662]
[10663 11038]
[11039 11939]
[11940 12271]
[12272 12341]
[12342 12420]
[12421 12496]
[12497 12521]
[12522 12587]
[12588 12655]
[12656 12720]
[12721 12796]
[12797 12826]
[12827 12936]
[12937 13004]
[13005 13066]
[13067 13233]
[13234 13717]
[13718 13797]
[13798 13856]
[13857 13907]
[13908 13978]
[13979 14042]
[14043 14111]
[14112 14152]
[14153 14209]
[14210 14253]
[14254 14315]
[14316 14372]
[14373 14423]
[14424 14466]
[14467 14542]
[14543 14664]
[14665 15021]
[15022 15264]
[15265 15492]
[15493 15569]
[15570 15635]
[15636 15808]
[15809 15920]
[15921 16064]
[16065 16155]
[16156 16256]
[16257 16296]
[16297 16335]
[16336 16425]
[16426 16464]
[16465 16597]
[16598 16876]
[16877 16932]
[16933 17115]
[17116 17255]
[17256 17355]
[17356 17573]
[17574 17680]
[17681 17788]
[17789 17877]
[17878 18108]
[18109 18380]
[18381 18764]
[18765 18811]
[18812 18872]
[18873 18945]
[18946 18971]
[18972 19197]
[19198 19250]
[19251 19289]
[19290 19329]
[19330 19386]
[19387 19446]
[19447 19495]
[19496 19521]
[19522 19628]
[19629 19696]
[19697 19762]
[19763 19835]
[19836 19886]
[19887 19935]
[19936 19964]
[19965 20002]
[20003 20074]
[20075 20446]
[20447 20555]
[20556 20585]
[20586 20744]
[20745 21063]
[21064 21175]
[21176 21300]
[21301 21366]
[21367 21529]
[21530 21568]
[21569 21897]
[21898 21986]
[21987 22121]
[22122 22190]
[22191 22211]
[22212 22299]
[22300 22335]
[22336 22403]
[22404 22445]
[22446 22467]
[22468 22506]
[22507 22535]
[22536 22584]
[22585 22612]
[22613 22821]
[22822 22939]
[22940 23146]
[23147 23341]
[23342 23408]
[23409 23457]
[23458 23496]
[23497 23566]
[23567 23630]
[23631 23667]
[23668 23705]
[23706 23750]
[23751 23841]
[23842 23909]
[23910 23969]
[23970 24036]
[24037 24105]
[24106 24195]
[24196 24265]
[24266 24637]
[24638 24699]
