[ 0 26]
[28 47]
[48 67]
[ 69 112]
[114 204]
[205 479]
[480 531]
[532 567]
[568 585]
[586 625]
[626 658]
[659 691]
[692 746]
[747 782]
[783 811]
[812 850]
[851 877]
[878 907]
[908 960]
[ 961 1473]
[1474 1562]
[1563 1619]
[1620 1690]
[1691 1720]
[1721 1796]
[1797 1858]
[1859 1911]
[1912 1976]
[1977 2027]
[2028 2095]
[2096 2180]
[2181 2207]
[2208 2247]
[2248 2296]
[2297 2341]
[2342 2383]
[2384 2422]
[2423 2456]
[2457 2507]
[2508 2551]
[2552 2586]
[2587 2629]
[2630 2685]
[2686 2739]
[2740 3088]
[3089 3195]
[3196 3271]
[3272 3360]
[3361 3415]
[3416 3498]
[3499 3571]
[3572 3633]
[3634 3698]
[3699 4077]
[4078 4147]
[4148 4227]
[4228 4294]
[4295 4362]
[4363 4445]
[4446 4495]
[4496 4965]
[4966 5018]
[5019 5057]
[5058 5128]
[5129 5197]
[5198 5256]
[5257 5307]
[5308 5462]
[5463 5490]
[5491 5523]
[5524 5578]
[5579 5636]
[5637 5721]
[5722 5786]
[5787 5956]
[5957 5993]
[5994 6060]
[6061 6144]
[6145 6176]
[6177 6214]
[6215 6252]
[6253 6297]
[6298 7269]
[7270 7357]
[7358 7383]
[7384 7441]
[7442 7534]
[7535 7605]
[7606 7652]
[7653 7722]
[7723 7804]
[7805 7850]
[7851 7877]
[7878 7971]
[7972 8115]
[8116 8170]
[8171 8187]
[8188 8233]
[8234 8612]
[8613 8736]
[8737 8909]
[8910 8982]
[8983 9154]
[9155 9214]
[9216 9272]
[9273 9383]
[9385 9456]
[9457 9512]
[9513 9869]
[9870 9924]
[ 9925 10009]
[10010 10045]
[10046 10115]
[10116 10162]
[10163 10212]
[10213 10262]
[10263 10303]
[10304 10354]
[10355 10401]
[10402 10466]
[10467 10491]
[10492 10757]
[10758 11523]
[11524 11923]
[11924 11990]
[11991 12025]
[12026 12075]
[12076 12127]
[12128 12167]
[12168 12195]
[12196 12247]
[12248 12279]
[12280 12320]
[12321 12365]
[12366 12404]
[12405 12456]
[12457 12501]
[12502 12536]
[12537 12575]
[12576 12616]
[12617 12663]
[12664 12710]
[12711 12753]
[12754 12809]
[12810 12843]
[12844 12867]
[12868 12910]
[12911 12968]
[12969 13003]
[13004 13041]
[13042 13069]
[13070 13343]
[13344 13398]
[13399 13427]
[13428 13463]
[13464 13530]
[13531 13577]
[13578 13625]
[13626 13701]
[13702 13757]
[13758 13799]
[13800 13971]
[13972 14010]
[14011 14081]
[14082 14158]
[14159 14196]
[14197 14495]
[14496 14573]
[14574 14669]
[14670 14718]
[14719 14781]
[14782 14857]
[14858 14929]
[14930 14982]
[14983 15027]
[15028 15084]
[15085 15138]
[15139 15207]
[15208 15245]
[15246 15282]
[15283 15318]
[15319 15383]
[15384 15428]
[15429 15467]
[15468 15578]
[15579 15794]
[15795 15852]
[15853 15915]
[15916 16029]
[16030 16133]
[16134 16243]
[16244 16674]
[16675 16838]
[16839 16886]
[16887 16938]
[16939 17003]
[17004 17113]
[17114 17170]
[17171 17265]
[17266 17304]
[17305 17366]
[17367 17419]
[17420 17460]
[17461 17483]
[17484 17545]
[17546 17594]
[17595 17652]
[17653 17718]
[17719 17759]
[17760 17897]
[17898 18211]
[18212 18246]
[18247 18306]
[18307 18373]
[18374 18423]
[18424 18462]
[18463 18541]
[18542 18612]
[18613 18674]
[18675 18785]
[18786 18973]
[18974 19054]
[19055 19138]
[19139 19223]
[19224 19334]
[19335 19414]
[19415 19489]
[19490 19515]
[19516 19827]
[19828 19914]
[19915 19947]
[19948 19998]
[19999 20124]
[20125 20174]
[20175 20230]
[20231 20429]
[20430 20474]
[20475 20502]
[20503 20605]
[20606 20776]
[20777 20816]
[20817 20853]
[20854 20885]
[20886 20924]
[20925 20966]
[20967 21010]
[21011 21048]
[21049 21082]
[21083 21426]
[21428 21499]
