[ 0 14]
[16 35]
[36 55]
[57 77]
[ 78 100]
[102 200]
[201 514]
[515 568]
[569 608]
[609 656]
[657 695]
[696 741]
[742 779]
[780 819]
[820 870]
[871 908]
[909 944]
[945 970]
[ 971 1064]
[1065 1151]
[1152 1724]
[1725 1779]
[1780 1837]
[1838 1868]
[1869 1930]
[1931 1975]
[1976 2018]
[2019 2062]
[2063 2131]
[2132 2193]
[2194 2253]
[2254 2330]
[2331 2381]
[2382 2445]
[2446 2503]
[2504 2551]
[2552 2563]
[2564 2655]
[2656 2777]
[2778 2958]
[2959 3018]
[3019 3066]
[3067 3106]
[3107 3154]
[3155 3207]
[3208 3257]
[3258 3679]
[3680 3748]
[3749 3844]
[3845 3914]
[3915 3969]
[3970 4081]
[4082 4131]
[4132 4183]
[4184 4285]
[4286 4308]
[4309 4361]
[4362 4435]
[4436 4551]
[4552 4596]
[4597 4641]
[4642 4696]
[4697 4817]
[4818 4863]
[4865 5287]
[5288 5339]
[5340 5401]
[5402 5528]
[5529 5597]
[5598 5652]
[5653 5692]
[5693 5760]
[5761 5837]
[5838 5910]
[5911 5945]
[5946 5990]
[5991 6055]
[6056 6167]
[6168 6239]
[6240 6285]
[6286 6358]
[6359 6402]
[6403 6467]
[6468 6542]
[6543 6586]
[6587 6623]
[6624 6692]
[6693 6762]
[6764 7070]
[7071 7105]
[7106 7155]
[7156 7209]
[7210 7258]
[7259 7318]
[7319 7376]
[7377 7466]
[7467 7507]
[7508 7571]
[7572 7614]
[7615 7662]
[7663 7714]
[7715 7787]
[7788 7873]
[7874 7949]
[7950 8023]
[8024 8057]
[8058 8105]
[8106 8155]
[8156 8211]
[8212 8283]
[8284 8348]
[8349 8407]
[8408 8521]
[8522 8567]
[8568 8616]
[8617 8641]
[8642 8654]
[8655 8701]
[8702 8966]
[8967 9380]
[9381 9663]
[9664 9879]
[ 9880 10172]
[10173 10522]
[10523 10570]
[10571 10619]
[10620 10671]
[10672 10712]
[10713 10756]
[10757 10782]
[10783 10852]
[10853 11026]
[11027 11094]
[11095 11162]
[11163 11467]
[11468 12142]
[12143 12344]
[12345 12391]
[12392 12441]
[12442 12482]
[12483 12520]
[12521 12591]
[12592 12644]
[12645 12693]
[12694 12755]
[12756 12777]
[12778 12803]
[12804 12881]
[12882 12901]
[12902 12978]
[12979 13038]
[13039 13097]
[13098 13123]
[13124 13167]
[13168 13218]
[13219 13484]
[13485 13798]
[13799 13843]
[13844 13987]
[13988 14082]
[14083 14122]
[14123 14182]
[14183 14249]
[14250 14306]
[14307 14350]
[14351 14377]
[14378 14454]
[14455 14555]
[14556 14603]
[14604 14695]
[14696 14815]
[14816 14857]
[14858 15200]
[15201 15298]
[15299 15379]
[15380 15423]
[15424 15485]
[15486 15622]
[15623 15758]
[15759 15844]
[15845 15871]
[15872 15876]
[15877 15885]
[15886 15901]
[15902 15928]
[15929 15999]
[16000 16050]
[16051 16121]
[16122 16234]
[16235 16405]
[16406 16545]
[16546 16637]
[16638 16739]
[16740 16854]
[16855 16917]
[16918 17043]
[17044 17090]
[17091 17185]
[17186 17224]
[17225 17324]
[17325 17414]
[17415 17681]
[17682 18021]
[18022 18064]
[18065 18133]
[18134 18190]
[18191 18251]
[18252 18367]
[18368 18656]
[18658 18757]
[18758 18858]
[18859 18923]
[18924 18957]
[18958 19001]
[19002 19044]
[19045 19084]
[19085 19122]
[19123 19162]
[19163 19199]
[19200 19222]
[19223 19470]
[19471 19495]
[19496 19603]
[19604 19643]
[19644 19721]
[19722 19821]
[19822 19942]
[19943 19998]
[19999 20131]
[20132 20329]
[20330 20440]
[20441 20598]
[20599 20765]
[20766 20796]
[20797 20892]
[20893 20946]
[20947 21054]
[21055 21114]
[21115 21153]
[21154 21278]
[21279 21418]
[21419 21488]
[21489 21632]
[21633 21712]
[21713 21850]
[21851 22468]
[22470 22549]
