[ 0 19]
[21 40]
[41 60]
[ 62 105]
[107 180]
[181 375]
[376 433]
[434 468]
[469 485]
[486 522]
[523 560]
[561 605]
[606 633]
[634 658]
[659 684]
[685 711]
[712 732]
[733 749]
[750 777]
[778 805]
[806 860]
[ 861 1211]
[1212 1255]
[1256 1351]
[1352 1414]
[1415 1515]
[1516 1567]
[1568 1642]
[1643 1705]
[1706 1773]
[1774 1829]
[1830 1857]
[1858 1886]
[1887 1930]
[1931 2019]
[2020 2143]
[2144 2198]
[2199 2285]
[2286 2320]
[2321 2355]
[2356 2386]
[2387 2429]
[2430 2473]
[2474 2492]
[2493 2516]
[2517 2543]
[2544 2604]
[2606 2664]
[2665 3037]
[3038 3384]
[3386 3463]
[3464 3533]
[3534 3602]
[3603 3676]
[3677 3744]
[3745 3862]
[3863 3925]
[3926 4002]
[4003 4067]
[4068 4383]
[4384 4421]
[4422 4496]
[4497 4548]
[4549 4600]
[4601 4639]
[4640 4691]
[4692 4732]
[4733 4810]
[4811 5276]
[5278 5333]
[5334 5372]
[5373 5417]
[5418 5467]
[5468 5508]
[5509 5814]
[5815 5920]
[5921 5980]
[5981 6022]
[6023 6256]
[6257 6288]
[6289 6354]
[6355 6407]
[6408 6461]
[6462 6545]
[6546 7107]
[7108 7136]
[7137 7193]
[7194 7249]
[7250 7309]
[7310 7375]
[7376 7408]
[7409 7449]
[7450 7499]
[7500 7552]
[7553 7625]
[7626 7694]
[7695 7744]
[7745 7783]
[7784 7859]
[7860 7884]
[7885 7913]
[7914 7951]
[7952 7985]
[7986 8009]
[8010 8045]
[8046 8085]
[8086 8125]
[8126 8169]
[8170 8200]
[8201 8256]
[8257 8305]
[8306 8338]
[8339 8374]
[8375 8428]
[8429 8448]
[8449 8500]
[8501 8796]
[8797 8885]
[8886 9177]
[9178 9244]
[9245 9288]
[9289 9370]
[9371 9538]
[9539 9599]
[9600 9724]
[9725 9788]
[9789 9849]
[9850 9912]
[ 9913 10005]
[10006 10109]
[10110 10320]
[10321 10379]
[10380 10421]
[10422 10450]
[10451 10501]
[10502 10540]
[10541 10574]
[10575 10606]
[10607 10640]
[10641 10674]
[10675 10761]
[10762 10992]
[10993 11179]
[11180 11304]
[11305 11482]
[11483 11643]
[11644 11768]
[11769 11905]
[11906 12228]
[12229 12273]
[12274 12316]
[12317 12377]
[12378 12418]
[12419 12471]
[12472 12525]
[12526 12572]
[12573 12625]
[12626 12684]
[12685 12717]
[12718 12758]
[12759 13203]
[13204 13254]
[13255 13295]
[13296 13327]
[13328 13380]
[13381 13437]
[13438 13468]
[13469 13520]
[13521 13652]
[13653 13964]
[13965 14020]
[14021 14097]
[14098 14154]
[14155 14196]
[14197 14267]
[14268 14338]
[14339 14397]
[14398 14468]
[14469 14600]
[14601 14743]
[14744 14794]
[14795 14840]
[14841 14881]
[14882 14923]
[14924 14971]
[14972 15003]
[15004 15033]
[15034 15061]
[15062 15089]
[15090 15183]
[15184 15634]
[15635 15753]
[15754 15852]
[15853 15954]
[15955 16054]
[16055 16151]
[16152 16375]
[16376 16504]
[16505 16631]
[16632 16903]
[16904 17002]
[17003 17085]
[17086 17163]
[17164 17241]
[17242 17289]
[17290 17363]
[17364 17418]
[17419 17484]
[17485 17537]
[17538 17614]
[17615 17734]
[17735 17798]
[17799 17869]
[17870 17952]
[17953 18034]
[18035 18434]
[18435 18496]
[18497 18555]
[18556 18631]
[18632 18687]
[18688 18753]
[18754 18814]
[18815 18880]
[18881 18946]
[18947 19008]
[19009 19072]
[19073 19154]
[19155 19220]
[19221 19256]
[19257 19328]
[19329 19412]
[19413 19560]
[19561 19636]
[19637 19775]
[19776 20111]
[20112 20183]
[20184 20248]
[20249 20321]
[20322 20426]
[20427 20462]
[20463 20597]
[20598 20650]
[20651 20706]
[20707 20746]
[20747 20791]
[20792 20858]
[20859 20895]
[20896 20944]
[20945 21042]
[21043 21109]
[21110 21167]
[21168 21240]
[21241 21282]
[21283 21348]
[21349 21412]
[21413 21831]
[21832 21948]
[21949 21995]
[21996 22049]
[22050 22113]
[22114 22177]
[22178 22225]
[22226 22293]
[22294 22362]
[22363 22430]
[22431 22546]
[22547 22622]
[22623 22681]
[22682 23141]
[23142 23249]
