[0 8]
[9 35]
[36 303]
[304 364]
[365 431]
[432 458]
[459 491]
[492 527]
[528 557]
[558 585]
[586 615]
[616 648]
[649 679]
[680 710]
[711 739]
[740 802]
[803 1274]
[1275 1310]
[1311 1483]
[1484 1540]
[1541 1694]
[1695 1735]
[1736 1903]
[1904 1962]
[1963 2030]
[2031 2184]
[2185 2259]
[2260 2295]
[2296 2455]
[2456 2541]
[2542 2618]
[2619 2823]
[2824 3240]
[3241 3401]
[3402 3438]
[3439 3472]
[3473 3505]
[3506 3539]
[3540 3569]
[3570 3591]
[3592 3646]
[3647 3704]
[3705 3874]
[3875 3925]
[3926 3976]
[3977 4066]
[4067 4117]
[4118 4155]
[4156 4194]
[4195 4230]
[4231 4363]
[4364 4414]
[4415 4788]
[4789 5476]
[5477 5534]
[5535 5599]
[5600 5657]
[5658 5764]
[5765 5800]
[5801 5836]
[5837 5987]
[5988 6030]
[6031 6067]
[6068 6115]
[6116 6158]
[6159 6197]
[6198 6230]
[6231 6299]
[6300 6346]
[6347 6379]
[6380 6526]
[6527 6620]
[6621 6666]
[6667 6723]
[6724 6812]
[6813 6914]
[6915 6992]
[6993 7063]
[7064 7619]
[7620 7657]
[7658 7693]
[7694 7748]
[7749 7802]
[7803 7850]
[7851 7889]
[7890 7913]
[7914 7992]
[7993 8022]
[8023 8053]
[8054 8145]
[8146 8173]
[8174 8222]
[8223 8246]
[8247 8303]
[8304 8371]
[8372 8419]
[8420 8469]
[8470 8505]
[8506 8567]
[8568 8605]
[8606 8668]
[8669 8719]
[8720 8766]
[8767 8831]
[8832 8862]
[8863 8939]
[8940 8975]
[8976 9005]
[9006 9038]
[9039 9100]
[9101 9141]
[9142 9162]
[9163 9190]
[9191 9536]
[9538 9582]
[9583 9608]
[9609 9701]
[9702 9744]
[9745 9806]
[9807 9864]
[9865 9905]
[9906 9953]
[9954 9995]
[9996 10047]
[10048 10067]
[10068 10093]
[10094 10643]
[10644 10712]
[10713 10773]
[10774 10853]
[10854 10927]
[10928 11088]
[11089 11129]
[11130 11199]
[11200 11263]
[11264 11300]
[11301 11373]
[11374 11433]
[11434 11457]
[11458 11497]
[11498 11574]
[11575 11594]
[11595 11656]
[11657 11712]
[11713 11768]
[11769 11851]
[11852 11975]
[11976 12096]
[12097 12191]
[12192 12385]
[12386 12455]
[12456 12518]
[12519 13106]
[13107 13143]
[13144 13195]
[13196 13232]
[13233 13265]
[13266 13313]
[13314 13339]
[13340 13384]
[13385 13416]
[13417 13449]
[13450 13493]
[13494 13535]
[13536 13573]
[13574 13611]
[13612 13646]
[13647 13678]
[13679 13728]
[13729 13771]
[13772 13824]
[13825 13888]
[13889 13933]
[13934 13974]
[13975 13997]
[13998 14037]
[14038 14064]
[14065 14102]
[14103 14170]
[14171 14229]
[14230 14303]
[14304 14357]
[14358 14425]
[14426 14464]
[14465 14584]
[14585 14628]
[14629 14673]
[14674 14716]
[14717 14764]
[14765 14813]
[14814 14854]
[14855 14933]
[14934 15015]
[15016 15497]
[15498 15540]
[15541 15600]
[15601 15712]
[15713 15780]
[15781 15806]
[15807 15850]
[15851 15887]
[15888 15955]
[15956 16044]
[16045 16236]
[16237 16280]
[16281 16326]
[16327 16373]
[16374 16426]
[16427 16483]
[16484 16549]
[16550 16604]
[16605 16651]
[16652 16701]
[16702 16746]
[16747 17007]
[17008 17218]
[17219 17281]
[17282 17339]
[17340 17399]
[17400 17494]
[17495 17549]
[17550 17584]
[17585 17619]
[17620 17660]
[17661 17703]
[17704 17759]
[17760 17817]
[17818 17864]
[17865 17932]
[17933 18295]
[18296 18378]
[18379 18433]
[18434 18508]
[18509 18564]
[18565 18622]
[18623 18685]
[18686 18780]
[18781 18834]
[18835 18925]
[18926 19025]
[19026 19101]
[19102 19241]
[19242 19319]
[19320 19382]
[19383 19453]
[19454 19529]
[19530 19853]
[19854 19910]
[19911 19965]
[19966 20014]
[20015 20043]
[20044 20082]
[20083 20128]
[20129 20183]
[20184 20212]
[20213 20252]
[20253 20288]
[20289 20352]
[20353 20388]
[20389 20627]
[20628 20659]
[20660 20690]
[20691 20725]
[20726 20830]
[20831 21095]
[21096 21244]
[21245 21355]
[21356 21549]
[21550 21784]
[21785 21951]
[21952 22018]
[22019 22075]
[22076 22116]
[22117 22241]
[22242 22399]
[22400 22613]
[22614 22821]
[22823 22876]
[22877 23059]
[23060 23145]
[23146 23265]
[23266 23304]
[23305 23425]
[23426 23499]
[23500 23577]
[23578 23628]
[23629 23656]
[23657 23696]
[23697 23744]
[23745 23790]
[23791 23932]
[23933 23969]
[23970 24084]
[24085 24206]
[24207 24261]
[24262 24315]
[24316 24370]
[24371 24414]
[24415 24459]
[24460 24502]
[24503 24550]
[24551 24599]
[24600 24646]
[24647 24689]
[24690 24726]
[24727 24808]
[24809 25290]
[25291 25351]
[25352 25404]
[25405 25464]
[25465 25620]
[25621 25661]
[25662 25785]
[25786 25838]
[25839 25891]
[25892 25947]
[25948 26006]
[26007 26099]
[26100 26223]
[26224 26269]
[26270 26345]
[26346 26749]
[26750 26807]
[26808 26879]
[26880 26960]
[26961 27031]
[27032 27084]
[27085 27167]
[27168 27242]
[27243 27299]
[27300 27388]
[27389 27461]
[27462 27619]
[27620 27709]
[27710 27800]
[27801 27902]
[27903 27946]
[27947 28300]
[28301 28371]
[28372 28425]
[28426 28514]
[28515 28567]
[28568 28662]
[28663 28712]
[28713 28761]
[28762 28803]
[28804 28874]
[28875 28911]
[28912 28998]
[28999 29113]
[29114 29180]
[29181 29390]
[29391 29474]
[29475 29546]
[29547 29644]
[29645 29767]
[29768 29892]
[29893 30013]
[30014 30083]
[30084 30141]
[30142 30367]
[30368 30455]
[30456 30531]
[30532 30605]
[30606 30685]
[30686 30736]
[30737 30815]
[30816 30889]
[30890 30959]
[30960 31034]
[31035 31092]
[31093 31145]
[31146 31213]
[31214 31442]
[31443 31616]
[31617 31830]
[31831 32301]
[32302 32367]
[32368 32500]
[32501 32947]
