[0 34]
[35 273]
[274 325]
[326 361]
[362 391]
[392 419]
[420 452]
[453 488]
[489 518]
[519 546]
[547 576]
[577 609]
[610 640]
[641 671]
[672 701]
[702 733]
[734 764]
[765 794]
[795 824]
[825 904]
[905 1346]
[1347 1389]
[1390 1407]
[1408 1465]
[1466 1514]
[1515 1580]
[1581 1642]
[1643 1673]
[1674 1827]
[1828 1885]
[1886 1959]
[1960 1987]
[1988 2034]
[2035 2221]
[2222 2264]
[2265 2318]
[2319 2356]
[2357 2381]
[2382 2455]
[2456 2523]
[2524 2584]
[2585 2624]
[2625 2675]
[2676 2736]
[2737 2770]
[2771 2819]
[2820 3295]
[3296 3357]
[3358 3422]
[3423 3436]
[3437 3481]
[3482 3557]
[3558 3610]
[3611 3646]
[3647 3689]
[3690 3729]
[3730 3759]
[3760 3778]
[3779 3829]
[3830 3882]
[3883 3919]
[3920 3965]
[3966 4014]
[4015 4064]
[4065 4107]
[4108 4146]
[4147 4196]
[4197 4235]
[4236 4384]
[4385 4409]
[4410 4481]
[4482 4544]
[4545 4602]
[4603 4649]
[4650 4678]
[4679 4713]
[4714 4748]
[4749 4774]
[4775 4804]
[4805 5308]
[5309 5357]
[5358 5402]
[5403 5452]
[5453 5507]
[5508 5541]
[5542 5589]
[5590 5642]
[5643 5671]
[5672 5750]
[5751 5771]
[5772 5792]
[5793 5830]
[5831 5883]
[5884 5917]
[5918 5972]
[5973 6003]
[6004 6105]
[6106 6164]
[6165 6203]
[6204 6261]
[6262 6288]
[6289 6321]
[6322 6347]
[6348 6418]
[6419 6477]
[6478 6542]
[6543 6561]
[6562 6595]
[6596 6645]
[6646 7078]
[7079 7124]
[7125 7180]
[7181 7230]
[7231 7293]
[7294 7342]
[7343 7448]
[7449 7492]
[7493 7535]
[7536 7586]
[7587 7633]
[7634 7676]
[7677 7705]
[7706 7766]
[7767 7839]
[7840 7879]
[7880 7921]
[7922 7961]
[7962 8004]
[8005 8119]
[8120 8165]
[8166 8215]
[8216 8258]
[8259 8304]
[8305 8362]
[8363 8398]
[8399 8436]
[8437 8474]
[8475 8507]
[8508 8551]
[8552 8599]
[8600 8702]
[8703 8822]
[8823 8946]
[8948 9073]
[9075 9180]
[9181 9211]
[9212 9267]
[9268 9351]
[9352 9376]
[9377 9404]
[9405 9476]
[9477 9526]
[9527 9566]
[9567 9586]
[9587 9643]
[9644 9701]
[9702 9771]
[9772 9820]
[9821 9884]
[9885 9925]
[9926 9971]
[9972 10025]
[10026 10080]
[10081 10136]
[10137 10171]
[10172 10209]
[10210 10320]
[10321 10757]
[10758 10799]
[10800 10826]
[10827 10863]
[10864 10899]
[10900 11002]
[11003 11024]
[11025 11069]
[11070 11092]
[11093 11143]
[11144 11205]
[11206 11238]
[11239 11350]
[11351 11395]
[11396 11459]
[11460 11517]
[11518 11670]
[11671 11719]
[11720 11774]
[11775 11814]
[11815 11856]
[11857 11910]
[11911 11960]
[11961 12040]
[12041 12091]
[12092 12124]
[12125 12199]
[12200 12406]
[12407 12526]
[12527 12590]
[12591 12723]
[12724 12795]
[12796 12869]
[12870 12993]
[12994 13121]
[13122 13169]
[13170 13205]
[13206 13258]
[13259 13301]
[13302 13349]
[13350 13433]
[13434 13468]
[13469 13506]
[13507 13610]
[13611 14004]
[14005 14095]
[14096 14206]
[14207 14291]
[14292 14384]
[14385 14522]
[14523 14614]
[14615 14732]
[14733 14795]
[14796 14909]
[14910 15018]
[15019 15124]
[15125 15194]
[15195 15260]
[15261 15348]
[15349 15437]
[15438 15764]
[15765 15799]
[15800 15913]
[15914 16040]
[16041 16183]
[16184 16324]
[16325 16393]
[16394 16564]
[16565 16689]
[16690 16765]
[16766 16864]
[16865 16981]
[16982 17115]
[17116 17248]
[17249 17501]
[17502 17554]
[17555 17580]
[17581 17620]
[17621 17657]
[17658 17725]
[17726 17771]
[17772 17796]
[17797 17821]
[17822 17835]
[17836 17851]
[17852 17869]
[17870 17894]
[17895 17914]
[17915 18003]
[18004 18111]
[18112 18197]
[18198 18265]
[18266 18388]
[18389 18523]
[18524 18933]
[18934 19009]
[19010 19111]
[19112 19150]
[19151 19189]
[19190 19286]
[19287 19343]
[19344 19424]
[19425 19522]
[19523 19555]
[19556 19596]
[19597 19630]
[19631 19659]
[19660 19740]
[19741 19788]
[19789 19881]
[19882 19952]
[19953 20044]
[20045 20184]
[20185 20239]
[20240 20520]
[20521 20641]
[20642 20705]
[20706 20776]
[20777 20848]
[20849 20915]
[20916 20992]
[20993 21180]
[21181 21283]
[21284 21312]
[21313 21362]
[21363 21411]
[21412 21449]
[21450 21529]
[21530 21596]
[21597 21652]
[21653 21980]
[21981 22044]
[22045 22125]
[22126 22235]
[22236 22294]
[22295 22380]
[22381 22479]
[22480 22575]
[22576 22675]
[22676 22772]
[22773 22877]
[22878 22949]
[22950 23041]
[23042 23156]
[23157 23227]
[23228 23298]
[23299 23416]
[23417 23641]
[23642 23691]
[23692 23777]
[23778 23831]
[23832 23872]
[23873 23923]
[23924 24092]
[24093 24125]
[24126 24330]
[24331 24420]
[24421 24498]
[24499 24586]
[24587 24684]
[24685 24749]
[24750 25026]
[25027 25495]
[25496 25551]
[25552 25622]
[25623 25728]
[25729 25815]
[25816 25884]
[25885 25931]
[25932 26028]
[26029 26266]
[26267 26348]
[26349 26442]
[26443 26522]
[26523 26582]
[26583 26669]
[26670 26763]
[26764 26851]
[26852 26917]
[26918 26983]
[26984 27056]
[27057 27137]
[27138 27216]
[27217 27388]
[27389 27553]
[27554 27612]
[27613 27672]
[27673 27725]
[27726 27784]
[27785 27837]
[27838 27916]
[27917 27977]
[27978 28047]
[28048 28127]
[28128 28180]
[28181 28241]
[28242 28342]
[28343 28614]
[28615 28728]
[28729 28993]
[28994 29057]
[29058 29128]
[29129 29202]
[29203 29275]
[29276 29345]
[29346 29416]
[29417 29494]
[29495 29775]
[29776 30232]
[30233 30566]
[30567 30766]
[30768 30877]
