[0 13]
[14 610]
[611 634]
[635 664]
[665 691]
[692 737]
[738 765]
[766 796]
[797 830]
[831 860]
[861 915]
[916 947]
[948 1064]
[1065 1751]
[1752 1814]
[1815 1849]
[1850 1917]
[1918 1949]
[1950 2062]
[2063 2125]
[2126 2168]
[2169 2243]
[2244 2339]
[2340 2379]
[2380 2423]
[2424 2537]
[2538 2574]
[2575 2636]
[2637 2673]
[2674 2728]
[2729 2813]
[2814 2874]
[2875 2907]
[2908 2973]
[2974 3036]
[3037 3096]
[3097 3149]
[3150 3227]
[3228 3626]
[3627 3726]
[3727 3811]
[3812 3859]
[3860 3939]
[3940 3972]
[3973 4140]
[4141 4281]
[4282 4303]
[4304 4338]
[4339 4365]
[4366 4387]
[4388 4405]
[4406 4441]
[4442 4455]
[4456 4475]
[4476 4516]
[4517 4561]
[4562 4627]
[4628 4667]
[4668 4729]
[4730 4749]
[4750 5245]
[5246 5315]
[5316 5422]
[5423 5475]
[5476 5583]
[5584 5641]
[5642 5665]
[5666 5705]
[5706 5764]
[5765 5788]
[5789 5822]
[5823 5860]
[5861 5920]
[5921 5959]
[5960 5991]
[5992 6045]
[6046 6167]
[6168 6200]
[6201 6268]
[6269 6307]
[6308 6375]
[6376 6411]
[6412 6448]
[6449 6500]
[6501 6551]
[6552 6584]
[6585 6613]
[6614 6636]
[6637 6661]
[6662 6712]
[6713 6756]
[6757 6788]
[6789 7315]
[7316 7358]
[7359 7476]
[7477 7537]
[7538 7593]
[7594 7634]
[7635 7655]
[7656 7688]
[7689 7712]
[7713 7753]
[7754 7872]
[7873 7933]
[7934 7971]
[7972 8081]
[8082 8159]
[8160 8203]
[8204 8245]
[8246 8264]
[8265 8312]
[8313 8340]
[8341 8395]
[8396 8453]
[8454 8510]
[8511 8536]
[8537 8558]
[8559 8601]
[8602 8668]
[8669 8696]
[8697 8738]
[8739 8799]
[8800 8824]
[8825 8849]
[8850 9370]
[9371 9435]
[9436 9508]
[9509 9557]
[9558 9695]
[9696 9794]
[9795 9835]
[9836 9874]
[9875 9912]
[9913 10039]
[10040 10069]
[10070 10094]
[10095 10141]
[10142 10200]
[10201 10282]
[10283 10326]
[10327 10404]
[10405 10447]
[10448 10507]
[10508 10624]
[10625 10678]
[10679 10713]
[10714 10784]
[10785 10847]
[10848 10886]
[10887 11466]
[11467 11488]
[11489 11522]
[11523 11700]
[11701 11788]
[11789 11861]
[11862 11912]
[11913 11967]
[11968 12291]
[12292 12415]
[12416 12470]
[12471 12527]
[12528 12545]
[12546 12592]
[12593 12768]
[12769 12813]
[12814 12846]
[12847 12864]
[12865 12899]
[12900 12936]
[12937 12974]
[12975 13002]
[13003 13053]
[13056 13111]
[13112 13168]
[13169 13214]
[13215 13251]
[13252 13291]
[13292 13343]
[13344 13383]
[13384 13438]
[13439 13466]
[13467 13548]
[13549 13809]
[13810 13912]
[13913 14024]
[14025 14166]
[14167 14273]
[14274 14385]
[14386 14492]
[14493 14532]
[14533 14687]
[14688 14796]
[14797 14825]
[14826 15227]
[15228 15312]
[15313 15392]
[15393 15484]
[15485 15745]
[15746 15930]
[15931 16056]
[16057 16215]
[16216 16296]
[16297 16349]
[16350 16560]
[16561 16625]
[16626 16715]
[16716 16821]
[16822 16929]
[16930 17011]
[17012 17051]
[17052 17106]
[17107 17154]
[17155 17225]
[17226 17352]
[17353 17546]
[17547 17761]
[17762 18071]
[18072 18394]
[18395 18482]
[18483 18620]
[18621 18723]
[18724 18772]
[18773 18860]
[18861 18935]
[18936 18980]
[18981 19052]
[19053 19089]
[19090 19108]
[19109 19191]
[19192 19318]
[19319 19421]
[19422 19483]
[19484 19806]
[19807 19863]
[19864 19955]
[19956 20019]
[20020 20066]
[20067 20178]
[20179 20290]
[20291 20367]
[20368 20504]
[20505 20566]
[20567 20654]
[20655 20751]
[20752 20780]
[20781 21088]
[21089 21281]
[21282 21345]
[21346 21462]
[21463 21540]
[21541 21609]
[21610 21718]
[21719 21764]
[21765 21809]
[21810 21841]
[21842 21886]
[21887 21947]
[21948 22041]
[22042 22127]
[22128 22206]
[22207 22264]
[22265 22391]
[22392 22726]
[22727 22776]
