[0 29]
[30 500]
[501 536]
[537 566]
[567 594]
[595 627]
[628 663]
[664 693]
[694 721]
[722 751]
[752 784]
[785 815]
[816 846]
[847 875]
[876 949]
[950 1401]
[1402 1409]
[1410 1473]
[1474 1504]
[1505 1535]
[1536 1613]
[1614 1704]
[1705 1763]
[1764 1787]
[1788 1855]
[1856 1939]
[1940 1974]
[1975 2022]
[2023 2075]
[2076 2327]
[2328 2518]
[2519 2605]
[2606 2641]
[2642 2689]
[2690 2733]
[2734 2784]
[2785 2825]
[2826 2869]
[2870 2913]
[2914 3311]
[3312 3519]
[3520 3690]
[3691 3830]
[3831 3914]
[3915 3993]
[3994 4077]
[4078 4094]
[4095 4583]
[4584 4634]
[4635 4705]
[4706 4752]
[4753 4796]
[4797 4845]
[4846 4916]
[4917 4968]
[4969 5029]
[5030 5093]
[5094 5120]
[5121 5173]
[5174 5315]
[5316 5386]
[5387 5442]
[5443 5505]
[5506 5554]
[5555 5654]
[5655 5737]
[5738 5814]
[5815 5888]
[5889 6109]
[6110 6172]
[6173 6244]
[6245 6345]
[6346 6418]
[6419 6486]
[6487 6611]
[6612 6669]
[6670 6802]
[6803 6870]
[6871 6996]
[6997 7076]
[7077 7121]
[7122 7218]
[7219 7276]
[7277 7340]
[7341 7409]
[7410 7454]
[7455 7505]
[7506 7586]
[7587 7951]
[7952 7980]
[7981 8022]
[8023 8076]
[8077 8115]
[8116 8153]
[8154 8183]
[8184 8219]
[8220 8282]
[8283 8315]
[8316 8417]
[8418 8479]
[8480 8529]
[8530 8620]
[8621 8671]
[8672 8724]
[8725 8802]
[8803 8818]
[8819 8905]
[8906 8961]
[8962 9011]
[9012 9086]
[9087 9171]
[9172 9283]
[9284 9357]
[9358 9437]
[9438 9481]
[9482 9523]
[9524 9716]
[9717 9820]
[9821 10001]
[10002 10042]
[10043 10084]
[10085 10121]
[10122 10176]
[10177 10217]
[10218 10247]
[10248 10291]
[10292 10338]
[10339 10372]
[10373 10397]
[10398 10447]
[10448 10484]
[10485 10534]
[10535 10596]
[10597 10658]
[10659 10708]
[10709 10750]
[10751 10812]
[10813 10862]
[10863 10920]
[10921 10962]
[10963 11012]
[11013 11054]
[11055 11109]
[11110 11157]
[11158 11202]
[11203 11239]
[11240 11289]
[11290 11351]
[11352 11405]
[11406 11451]
[11452 11512]
[11514 11568]
[11569 11613]
[11614 11657]
[11658 11700]
[11701 11748]
[11749 11797]
[11798 11844]
[11845 11883]
[11884 11923]
[11924 12000]
[12001 12329]
[12330 12367]
[12368 12457]
[12458 12516]
[12517 12677]
[12678 12710]
[12711 12806]
[12807 12873]
[12874 12938]
[12939 13005]
[13006 13116]
[13117 13207]
[13208 13327]
[13328 13389]
[13390 13442]
[13443 13781]
[13782 13815]
[13816 14013]
[14014 14065]
[14066 14203]
[14204 14270]
[14271 14340]
[14341 14608]
[14609 14650]
[14651 14776]
[14777 14841]
[14842 14916]
[14917 14978]
[14979 15019]
[15020 15306]
[15307 15393]
[15394 15446]
[15447 15514]
[15515 15585]
[15586 15634]
[15635 15686]
[15687 15748]
[15749 15803]
[15804 15874]
[15875 15946]
[15947 16014]
[16015 16071]
[16072 16401]
[16402 16563]
[16564 16626]
[16627 16775]
[16776 16924]
[16925 16986]
[16987 17050]
[17051 17070]
[17071 17121]
[17122 17188]
[17189 17367]
[17368 17430]
[17431 17496]
[17497 17883]
[17884 18020]
[18021 18055]
[18056 18097]
[18098 18153]
[18154 18157]
[18158 18253]
[18254 18344]
[18345 18457]
[18458 18488]
[18489 18527]
[18528 18563]
[18564 18602]
[18603 18645]
[18646 18795]
[18796 18912]
[18913 19050]
[19051 19294]
[19295 19411]
[19412 19877]
[19878 19992]
[19993 20039]
[20040 20230]
[20231 20389]
[20390 20420]
[20421 20465]
[20466 20518]
[20519 20655]
[20656 20799]
[20800 20818]
[20819 20924]
[20925 21032]
[21033 21121]
[21122 21156]
[21157 21220]
[21221 21487]
[21488 21606]
[21607 21716]
[21717 21802]
[21803 21857]
[21858 21921]
[21922 21961]
[21962 22011]
[22012 22059]
[22060 22101]
[22102 22159]
[22160 22237]
[22238 22376]
[22377 22411]
[22412 22538]
[22540 22796]
[22797 22838]
[22839 22907]
[22908 22998]
[22999 23078]
[23079 23122]
[23123 23173]
[23174 23223]
[23224 23286]
[23287 23351]
[23352 23397]
[23398 23420]
[23421 23484]
[23485 23520]
[23521 23557]
[23558 23618]
[23619 23682]
[23683 23711]
[23712 23817]
[23818 23861]
[23862 23906]
[23907 23949]
[23950 23997]
[23998 24046]
[24047 24093]
[24094 24173]
[24174 24258]
[24259 24537]
[24538 24666]
[24667 24790]
[24791 24914]
[24915 25024]
[25025 25119]
[25120 25225]
[25226 25308]
[25309 25377]
[25378 25700]
[25701 25847]
[25848 25907]
[25908 26653]
[26654 26694]
[26695 26757]
[26758 26845]
[26846 26895]
[26896 26972]
[26973 27059]
[27060 27129]
[27130 27179]
[27180 27243]
[27244 27311]
[27312 27371]
[27372 27410]
[27411 27447]
[27448 27509]
[27510 27599]
[27600 27656]
[27657 27696]
[27697 27733]
[27734 27765]
[27766 28014]
[28015 28092]
[28093 28183]
[28184 28221]
[28222 28272]
[28273 28292]
[28293 28325]
[28326 28356]
[28357 28373]
[28374 28422]
[28423 28460]
[28461 28506]
[28507 28546]
[28547 28581]
[28582 28628]
[28629 28671]
[28672 28765]
[28766 28810]
[28811 28853]
[28854 28891]
[28892 28933]
[28934 28970]
[28971 28985]
[28986 29010]
[29011 29039]
[29040 29064]
[29065 29328]
[29329 29409]
