[0 22]
[24 298]
[299 353]
[354 379]
[380 412]
[413 441]
[442 480]
[481 511]
[512 544]
[545 576]
[577 604]
[605 635]
[636 666]
[667 698]
[699 728]
[729 776]
[777 1260]
[1261 1289]
[1290 1337]
[1338 1380]
[1381 1413]
[1414 1442]
[1443 1476]
[1477 1580]
[1581 1616]
[1617 1696]
[1697 1754]
[1755 1788]
[1789 1822]
[1823 1859]
[1860 1890]
[1891 1933]
[1934 1968]
[1969 2000]
[2001 2130]
[2131 2188]
[2189 2233]
[2234 2267]
[2268 2297]
[2298 2337]
[2338 2474]
[2475 2514]
[2515 2574]
[2575 2607]
[2608 2655]
[2656 2705]
[2706 2774]
[2775 3516]
[3517 3559]
[3560 3634]
[3635 3660]
[3661 3700]
[3701 3756]
[3757 3833]
[3834 3862]
[3863 3939]
[3940 3978]
[3979 4006]
[4007 4026]
[4027 4117]
[4118 4165]
[4166 4207]
[4208 4252]
[4253 4345]
[4346 4400]
[4401 4455]
[4456 4509]
[4510 4570]
[4571 4635]
[4636 4694]
[4695 4747]
[4748 4796]
[4797 4840]
[4841 4876]
[4877 4928]
[4929 5195]
[5196 5232]
[5233 5297]
[5298 5345]
[5346 5384]
[5385 5475]
[5476 5513]
[5514 5542]
[5543 5582]
[5583 5621]
[5622 5784]
[5785 5806]
[5807 5842]
[5843 5917]
[5918 5944]
[5945 5971]
[5972 6013]
[6014 6032]
[6033 6072]
[6073 6117]
[6118 6186]
[6187 6366]
[6367 6402]
[6403 6458]
[6459 6504]
[6505 6540]
[6541 6612]
[6613 6676]
[6677 7065]
[7066 7119]
[7120 7153]
[7154 7193]
[7194 7222]
[7223 7261]
[7262 7303]
[7304 7377]
[7378 7422]
[7423 7456]
[7457 7493]
[7494 7538]
[7539 7563]
[7564 7616]
[7617 7650]
[7651 7709]
[7710 7743]
[7744 7760]
[7761 7813]
[7814 7832]
[7833 7870]
[7871 7889]
[7890 7966]
[7967 8003]
[8004 8117]
[8118 8159]
[8160 8197]
[8198 8252]
[8253 8277]
[8278 8371]
[8372 8478]
[8479 8700]
[8701 8748]
[8749 8802]
[8803 8889]
[8890 8971]
[8972 9123]
[9124 9178]
[9179 9257]
[9258 9294]
[9295 9340]
[9341 9381]
[9382 9493]
[9494 9594]
[9595 9637]
[9638 9804]
[9805 9863]
[9864 9907]
[9908 9952]
[9953 10021]
[10022 10063]
[10064 10111]
[10112 10581]
[10582 10628]
[10629 10797]
[10798 10904]
[10905 11012]
[11013 11109]
[11110 11222]
[11223 11298]
[11299 11410]
[11411 11502]
[11503 11630]
[11631 11750]
[11751 11906]
[11907 11984]
[11985 12023]
[12024 12459]
[12461 12535]
[12536 12588]
[12589 12656]
[12657 12715]
[12716 12778]
[12779 12839]
[12840 12875]
[12876 12924]
[12925 13215]
[13216 13510]
[13511 13758]
[13759 14263]
[14264 14336]
[14337 14671]
[14673 14717]
[14718 14759]
[14760 14804]
[14805 14848]
[14849 14901]
[14902 14950]
[14951 15145]
[15146 15192]
[15193 15233]
[15234 15269]
[15270 15323]
[15324 15368]
[15369 15410]
[15411 15430]
[15431 15478]
[15479 15531]
[15532 15584]
[15585 15643]
[15644 15706]
[15707 15750]
[15751 15893]
[15894 15956]
[15957 15997]
[15998 16134]
[16135 16196]
[16197 16242]
[16243 16293]
[16294 16340]
[16341 16405]
[16406 16485]
[16486 16518]
[16519 16558]
[16559 16720]
[16721 16740]
[16741 16783]
[16784 16866]
[16867 16956]
[16957 17041]
[17042 17113]
[17114 17479]
[17480 17548]
[17549 17620]
[17621 17686]
[17687 17781]
[17782 17857]
[17858 17892]
[17893 18013]
[18014 18105]
[18106 18227]
[18228 18297]
[18298 18407]
[18408 18484]
[18485 18566]
[18567 18636]
[18637 18719]
[18720 18771]
[18772 18809]
[18810 18868]
[18869 19121]
[19123 19169]
[19170 19219]
[19220 19274]
[19275 19338]
[19339 19481]
[19482 19510]
[19511 19725]
[19726 19780]
[19781 19815]
[19816 19862]
[19863 19914]
[19915 19948]
[19949 20005]
[20006 20340]
[20341 20446]
[20447 20516]
[20517 20549]
[20550 20635]
[20636 20779]
[20780 20857]
[20858 20946]
[20947 21020]
[21021 21040]
[21041 21096]
[21097 21188]
[21189 21226]
[21227 21324]
[21325 21403]
[21404 21491]
[21492 21644]
[21645 21752]
[21753 21776]
[21777 21824]
[21825 21884]
[21885 21960]
[21961 22085]
[22086 22355]
[22356 22498]
[22499 22543]
[22544 22598]
[22599 22643]
[22644 22694]
[22695 22724]
[22725 22782]
[22783 22869]
[22870 22921]
[22922 23063]
[23064 23110]
[23111 23193]
[23194 23322]
[23323 23398]
[23399 23448]
[23449 23537]
[23538 23648]
[23649 23746]
[23747 23812]
[23813 24150]
[24151 24297]
[24298 24444]
[24445 24599]
[24600 24777]
[24778 25002]
[25003 25067]
[25068 25109]
[25110 25155]
[25156 25228]
[25229 25297]
[25298 25364]
[25365 25440]
[25441 25509]
[25510 25558]
[25559 25607]
[25608 25676]
[25677 25726]
[25727 25790]
[25791 26195]
[26196 26228]
[26229 26299]
[26300 26400]
[26401 26454]
[26455 26495]
[26496 26574]
[26575 26607]
[26608 26644]
[26645 26689]
[26690 26765]
[26766 26803]
[26804 26853]
[26854 26908]
[26909 26953]
[26954 26998]
[26999 27049]
[27050 27108]
[27109 27154]
[27155 27194]
[27195 27235]
[27236 27299]
[27300 27348]
[27349 27395]
[27396 27467]
[27468 27531]
[27532 27578]
[27579 27626]
[27627 27670]
[27671 27716]
[27717 27797]
[27798 28092]
[28093 28177]
[28178 28218]
[28219 28280]
[28281 28324]
[28325 28448]
[28449 28452]
[28453 28493]
[28494 28524]
[28525 28576]
[28577 28588]
[28589 28619]
[28620 28674]
[28675 28883]
[28884 28906]
[28907 28953]
[28954 29006]
[29007 29097]
[29098 29194]
[29195 29551]
[29552 29623]
[29624 29685]
[29686 29754]
[29755 29813]
[29814 29880]
[29881 29950]
[29951 30022]
[30023 30094]
[30095 30148]
[30149 30222]
[30223 30275]
[30276 30385]
[30386 30455]
[30456 30819]
[30820 30925]
