[0 17]
[18 398]
[399 456]
[457 511]
[512 536]
[537 583]
[584 623]
[624 653]
[654 708]
[709 764]
[765 803]
[804 831]
[832 878]
[879 909]
[910 948]
[949 1040]
[1041 1509]
[1510 1547]
[1548 1621]
[1622 1703]
[1704 1774]
[1775 1823]
[1824 1853]
[1854 1885]
[1886 1942]
[1943 2009]
[2010 2052]
[2053 2102]
[2103 2136]
[2137 2275]
[2276 2309]
[2310 2366]
[2367 2403]
[2404 2505]
[2506 2558]
[2559 2616]
[2617 2667]
[2668 2710]
[2711 2770]
[2771 2807]
[2808 2836]
[2837 2888]
[2889 2934]
[2935 2981]
[2982 3430]
[3431 3473]
[3474 3503]
[3504 3528]
[3529 3585]
[3586 3611]
[3612 3680]
[3681 3722]
[3723 3871]
[3872 3890]
[3891 3929]
[3930 3980]
[3981 4031]
[4032 4090]
[4091 4105]
[4106 4146]
[4147 4176]
[4177 4198]
[4199 4245]
[4246 4271]
[4272 4295]
[4296 4323]
[4324 4370]
[4371 4394]
[4395 4408]
[4409 4479]
[4480 4521]
[4522 4643]
[4644 4664]
[4665 4698]
[4699 4739]
[4740 4788]
[4789 4886]
[4887 4924]
[4925 4966]
[4967 5002]
[5003 5042]
[5043 5084]
[5085 5466]
[5467 5529]
[5530 5559]
[5560 5630]
[5631 5687]
[5688 5736]
[5737 5788]
[5789 5845]
[5846 5888]
[5889 5958]
[5959 6040]
[6041 6074]
[6075 6114]
[6115 6161]
[6162 6196]
[6197 6245]
[6246 6414]
[6415 6454]
[6455 6508]
[6509 6573]
[6574 6626]
[6627 6670]
[6671 6716]
[6717 6764]
[6765 6841]
[6842 6954]
[6955 7001]
[7002 7424]
[7425 7485]
[7486 7546]
[7547 7570]
[7571 7676]
[7677 7741]
[7742 7793]
[7794 7859]
[7860 7923]
[7924 8048]
[8049 8095]
[8096 8162]
[8163 8225]
[8226 8268]
[8269 8398]
[8399 8451]
[8452 8760]
[8761 8826]
[8827 8945]
[8946 8963]
[8965 9024]
[9025 9130]
[9131 9225]
[9226 9322]
[9323 9420]
[9421 9611]
[9612 9646]
[9647 9716]
[9717 9752]
[9753 9803]
[9804 9862]
[9863 9916]
[9917 9955]
[9956 10006]
[10007 10044]
[10045 10085]
[10086 10125]
[10126 10162]
[10163 10190]
[10191 10243]
[10244 10294]
[10295 10332]
[10333 10450]
[10451 10487]
[10488 10519]
[10520 10560]
[10561 10630]
[10631 10698]
[10699 10807]
[10808 10887]
[10888 11325]
[11326 11466]
[11467 11561]
[11562 11669]
[11670 11778]
[11779 11885]
[11886 11988]
[11989 12019]
[12020 12148]
[12149 12198]
[12199 12236]
[12237 12302]
[12303 12692]
[12693 12873]
[12874 13036]
[13037 13161]
[13162 13244]
[13245 13306]
[13307 13364]
[13365 13440]
[13441 13658]
[13659 13746]
[13747 13785]
[13786 13821]
[13822 13883]
[13884 14051]
[14052 14136]
[14137 14433]
[14434 14464]
[14465 14626]
[14627 14764]
[14765 14873]
[14874 14985]
[14986 15128]
[15129 15265]
[15266 15384]
[15385 15430]
[15431 15839]
[15841 15913]
[15914 15969]
[15970 16014]
[16015 16085]
[16086 16154]
[16155 16221]
[16222 16321]
[16322 16448]
[16449 16486]
[16487 16534]
[16535 16719]
[16720 16768]
[16769 16814]
[16815 16851]
[16852 16900]
[16901 16942]
[16943 16997]
[16998 17039]
[17040 17079]
[17080 17551]
[17552 17595]
[17596 17640]
[17641 17676]
[17677 17757]
[17758 17803]
[17804 17853]
[17854 17941]
[17942 17985]
[17986 18056]
[18057 18107]
[18108 18185]
[18186 18223]
[18224 18263]
[18264 18315]
[18316 18358]
[18359 18399]
[18400 18447]
[18448 18485]
[18486 18525]
[18526 18590]
[18591 18692]
[18693 18770]
[18771 18814]
[18815 19235]
[19236 19389]
[19390 19451]
[19452 19528]
[19529 19617]
[19618 19619]
[19620 19703]
[19704 19775]
[19776 19830]
[19831 19864]
[19865 19965]
[19966 20020]
[20021 20073]
[20074 20142]
[20143 20187]
[20188 20239]
[20240 20305]
[20306 20479]
[20480 20521]
[20522 20595]
[20596 20640]
[20641 20733]
[20734 20802]
[20803 20839]
[20840 20878]
[20879 20915]
[20916 20979]
[20980 21017]
[21018 21049]
[21050 21081]
[21082 21173]
[21174 21538]
[21539 21637]
[21638 21761]
[21762 21887]
[21888 21996]
[21997 22119]
[22120 22225]
[22226 22387]
[22388 22572]
[22573 22762]
[22763 22830]
[22831 23174]
[23175 23239]
[23240 23302]
[23303 23370]
[23371 23495]
[23496 23561]
[23562 23635]
[23636 23706]
[23707 23780]
[23781 23856]
[23857 23921]
[23922 24002]
[24003 24070]
[24071 24133]
[24134 24188]
[24189 24256]
[24257 24516]
[24517 24624]
[24625 24740]
[24741 24816]
[24817 24902]
[24903 25027]
[25028 25125]
[25126 25205]
[25206 25275]
[25276 25369]
[25370 25458]
[25459 25553]
[25554 25623]
[25624 25694]
[25695 25761]
[25762 25922]
[25923 25980]
[25981 26020]
[26021 26116]
[26117 26145]
[26146 26250]
[26251 26278]
[26279 26328]
[26329 26374]
[26375 26423]
[26424 26468]
[26469 26517]
[26518 26555]
[26556 26762]
[26763 26949]
[26950 27261]
[27262 27381]
[27382 27490]
[27491 27633]
[27634 27943]
[27944 27993]
[27994 28072]
[28073 28207]
[28208 28296]
[28297 28416]
[28417 28616]
[28617 28693]
[28694 29095]
[29096 29158]
[29159 29198]
[29199 29247]
[29248 29279]
[29280 29317]
[29318 29380]
[29381 29545]
[29546 29639]
[29640 29682]
[29683 29807]
[29808 29882]
[29883 29933]
[29934 29995]
[29996 30091]
[30092 30158]
[30159 30269]
[30270 30292]
[30293 30346]
[30347 30373]
[30374 30579]
[30580 30704]
[30705 30804]
[30805 30902]
[30903 30994]
[30995 31080]
[31081 31179]
[31180 31279]
[31280 31326]
[31327 31492]
[31493 31527]
[31528 31560]
[31561 31709]
[31710 32039]
[32040 32123]
