[0 14]
[15 470]
[471 528]
[529 568]
[569 624]
[625 655]
[656 680]
[681 734]
[735 779]
[780 816]
[817 865]
[866 901]
[902 962]
[963 1285]
[1286 1367]
[1368 1418]
[1419 1470]
[1471 1533]
[1534 1570]
[1571 1602]
[1603 1646]
[1647 1803]
[1804 1843]
[1844 1956]
[1957 2003]
[2004 2065]
[2066 2136]
[2137 2284]
[2285 2312]
[2313 2353]
[2354 2399]
[2400 2487]
[2488 2537]
[2538 2556]
[2557 2588]
[2589 2636]
[2637 3310]
[3311 3388]
[3389 3461]
[3462 3530]
[3531 3587]
[3588 3642]
[3643 3692]
[3693 3806]
[3807 3817]
[3818 3853]
[3854 3918]
[3919 3940]
[3941 3969]
[3970 4023]
[4024 4058]
[4059 4100]
[4101 4140]
[4141 4171]
[4172 4196]
[4197 4232]
[4233 4317]
[4318 4390]
[4391 4439]
[4440 4557]
[4558 4586]
[4587 4648]
[4649 4687]
[4688 4708]
[4709 4754]
[4755 4861]
[4862 4911]
[4912 4986]
[4987 5382]
[5383 5402]
[5403 5439]
[5440 5485]
[5486 5534]
[5535 5576]
[5577 5610]
[5611 5655]
[5656 5705]
[5706 5856]
[5857 5900]
[5901 5957]
[5958 6027]
[6028 6106]
[6107 6123]
[6124 6154]
[6155 6163]
[6164 6200]
[6201 6251]
[6252 6303]
[6304 6356]
[6357 6408]
[6409 6491]
[6492 6673]
[6674 6714]
[6715 6750]
[6751 6784]
[6785 6849]
[6850 6889]
[6890 6944]
[6945 7317]
[7319 7349]
[7350 7403]
[7404 7452]
[7453 7544]
[7545 7565]
[7566 7604]
[7605 7638]
[7639 7771]
[7772 7837]
[7838 7881]
[7882 7928]
[7929 7970]
[7971 8008]
[8009 8224]
[8225 8272]
[8273 8295]
[8296 8351]
[8352 8444]
[8445 8513]
[8514 8553]
[8554 8584]
[8585 8606]
[8607 8647]
[8648 8688]
[8689 8722]
[8723 8767]
[8768 9440]
[9442 9728]
[9729 9765]
[9766 9818]
[9819 9875]
[9876 9936]
[9937 9992]
[9993 10026]
[10027 10053]
[10054 10083]
[10084 10127]
[10128 10192]
[10193 10259]
[10260 10315]
[10316 10367]
[10368 10416]
[10417 10466]
[10467 10532]
[10533 10573]
[10574 10629]
[10630 10722]
[10723 11151]
[11152 11227]
[11228 11258]
[11259 11317]
[11318 11368]
[11369 11405]
[11406 11443]
[11444 11455]
[11456 11507]
[11508 11566]
[11567 11639]
[11640 11719]
[11720 11809]
[11810 11879]
[11880 11894]
[11895 11937]
[11938 11971]
[11972 11999]
[12000 12024]
[12025 12062]
[12063 12104]
[12105 12136]
[12137 12155]
[12156 12189]
[12190 12251]
[12252 12279]
[12280 12386]
[12387 12485]
[12486 12534]
[12535 12608]
[12609 12929]
[12930 12984]
[12986 13050]
[13051 13114]
[13115 13161]
[13162 13215]
[13216 13273]
[13274 13337]
[13338 13389]
[13390 13444]
[13445 13516]
[13517 13571]
[13572 13614]
[13615 13663]
[13664 13721]
[13722 13762]
[13763 13825]
[13826 13869]
[13870 13946]
[13947 14001]
[14002 14045]
[14046 14096]
[14097 14156]
[14157 14202]
[14203 14257]
[14258 14311]
[14312 14357]
[14358 14409]
[14410 14449]
[14450 14496]
[14497 14652]
[14653 14717]
[14718 14755]
[14756 14790]
[14791 14832]
[14833 14864]
[14865 14893]
[14894 14931]
[14932 14974]
[14975 15012]
[15013 15091]
[15092 15389]
[15390 15413]
[15414 15478]
[15479 15528]
[15529 15626]
[15627 15643]
[15644 15685]
[15686 15776]
[15777 15873]
[15874 15950]
[15951 16042]
[16043 16325]
[16326 16359]
[16360 16978]
[16979 17044]
[17045 17097]
[17098 17139]
[17140 17168]
[17169 17306]
[17307 17356]
[17357 17414]
[17415 17469]
[17470 17527]
[17528 17550]
[17551 17594]
[17595 17601]
[17602 17621]
[17622 17774]
[17775 17838]
[17839 17889]
[17890 17945]
[17946 18025]
[18026 18070]
[18071 18090]
[18091 18109]
[18110 18163]
[18164 18172]
[18173 18186]
[18187 18228]
[18229 18256]
[18257 18315]
[18316 18361]
[18362 18721]
[18722 18769]
[18770 18798]
[18799 18876]
[18877 18943]
[18944 19033]
[19034 19113]
[19114 19191]
[19192 19228]
[19229 19320]
[19321 19383]
[19384 19457]
[19458 19494]
[19495 19517]
[19518 19537]
[19538 19555]
[19556 19568]
[19569 19579]
[19580 19623]
[19624 19642]
[19643 19674]
[19675 19713]
[19714 19751]
[19752 19775]
[19776 19800]
[19801 19827]
[19828 19836]
[19837 19925]
[19926 19963]
[19964 19976]
[19977 20013]
[20014 20072]
[20073 20093]
[20094 20109]
[20110 20150]
[20151 20175]
[20176 20231]
[20232 20546]
[20547 20723]
[20724 20808]
[20809 20856]
[20857 20904]
[20905 20958]
[20959 21027]
[21028 21119]
[21120 21146]
[21147 21315]
[21316 21388]
[21389 21450]
[21451 21505]
[21506 21553]
[21554 21598]
[21599 21661]
[21662 22059]
[22060 22120]
[22121 22174]
[22175 22258]
[22259 22299]
[22300 22348]
[22349 22417]
[22418 22459]
[22460 22551]
[22552 22614]
[22615 22684]
[22685 22761]
[22762 22832]
[22833 22916]
[22917 22983]
[22984 23038]
[23039 23101]
[23102 23133]
[23134 23191]
[23192 23232]
[23233 23290]
[23291 23333]
[23334 23371]
[23372 23418]
[23419 23477]
[23478 23524]
[23525 23631]
[23632 24009]
[24010 24051]
[24052 24123]
[24124 24219]
[24220 24265]
[24266 24363]
[24364 24542]
[24543 24600]
[24601 24620]
[24621 24651]
[24652 24726]
[24727 24813]
[24814 24867]
[24868 24935]
[24936 24980]
[24981 25036]
[25037 25084]
[25085 25133]
[25134 25183]
[25184 25226]
[25227 25266]
[25267 25318]
[25319 25644]
[25645 25732]
[25733 25789]
[25790 25848]
[25849 25899]
[25900 25970]
[25971 26010]
[26011 26085]
[26086 26130]
[26131 26527]
[26528 26580]
[26581 26609]
[26610 26678]
[26679 26744]
[26745 26980]
[26981 27005]
[27006 27049]
[27050 27116]
[27117 27184]
[27185 27283]
[27284 27483]
[27485 27563]
[27564 27632]
[27633 27695]
[27696 27752]
[27753 27825]
[27826 27892]
[27893 27930]
[27931 28134]
[28135 28199]
[28200 28257]
[28258 28300]
[28301 28346]
[28347 28417]
[28418 28444]
[28445 28512]
[28513 28570]
[28571 28623]
[28624 28649]
[28650 28688]
[28689 28850]
[28851 28907]
[28908 28953]
[28954 29012]
[29013 29088]
[29089 29654]
[29655 29732]
[29733 29816]
[29817 29876]
[29877 29918]
[29919 29958]
[29959 30022]
[30023 30053]
[30054 30118]
[30119 30160]
[30161 30232]
[30233 30267]
[30268 30290]
[30291 30354]
[30355 30386]
[30387 30454]
[30455 30506]
[30507 30563]
[30564 30896]
[30897 31007]
[31008 31066]
[31067 31147]
[31148 31400]
[31401 31488]
[31489 31515]
[31516 31590]
[31591 31723]
[31724 31967]
[31968 32037]
[32038 32086]
[32087 32143]
[32144 32202]
[32203 32262]
[32263 32325]
[32326 32377]
[32378 32419]
[32420 32476]
[32477 32655]
[32656 32907]
[32908 33071]
[33072 33135]
[33136 33187]
[33188 33251]
[33252 33536]
[33537 33607]
[33608 33668]
[33669 33718]
[33719 33795]
[33796 33861]
[33862 33944]
[33945 34033]
[34034 34151]
[34152 34224]
[34225 34283]
[34284 34310]
[34311 34439]
[34440 34876]
[34877 34966]
