[0 23]
[24 371]
[372 426]
[427 462]
[463 492]
[493 520]
[521 553]
[554 589]
[590 619]
[620 647]
[648 677]
[678 709]
[710 740]
[741 770]
[771 802]
[803 833]
[834 863]
[864 893]
[894 1001]
[1002 1695]
[1696 1746]
[1747 1788]
[1789 1825]
[1826 1858]
[1859 1899]
[1900 1938]
[1939 1969]
[1970 2004]
[2005 2041]
[2042 2066]
[2067 2093]
[2094 2245]
[2246 2297]
[2298 2359]
[2360 2467]
[2468 2527]
[2528 2591]
[2592 2698]
[2699 2752]
[2753 2831]
[2832 2891]
[2892 2936]
[2937 2990]
[2991 3458]
[3459 3516]
[3517 3658]
[3659 3711]
[3712 3816]
[3817 3866]
[3867 3900]
[3901 3938]
[3939 3978]
[3979 4008]
[4009 4042]
[4043 4124]
[4125 4192]
[4193 4297]
[4298 4338]
[4339 4380]
[4381 4411]
[4412 4446]
[4447 4536]
[4537 4597]
[4598 4645]
[4646 4726]
[4727 4760]
[4761 4813]
[4814 5275]
[5276 5332]
[5333 5387]
[5388 5465]
[5466 5514]
[5515 5550]
[5551 5596]
[5597 5631]
[5632 5683]
[5684 5737]
[5738 5790]
[5791 5838]
[5839 5860]
[5861 5909]
[5910 5954]
[5955 6005]
[6006 6048]
[6049 6171]
[6172 6210]
[6211 6271]
[6272 6325]
[6326 6384]
[6385 6414]
[6415 6444]
[6445 6477]
[6478 6511]
[6512 6561]
[6562 6636]
[6637 6692]
[6693 6748]
[6749 6801]
[6802 6813]
[6814 6843]
[6844 6849]
[6850 7283]
[7284 7351]
[7352 7396]
[7397 7474]
[7475 7561]
[7562 7622]
[7623 7689]
[7690 7723]
[7724 7805]
[7806 7925]
[7926 7957]
[7958 8007]
[8008 8133]
[8134 8230]
[8231 8287]
[8288 8347]
[8348 8469]
[8470 8539]
[8540 8566]
[8567 8619]
[8620 8686]
[8687 8747]
[8748 8784]
[8785 8877]
[8878 8942]
[8943 9005]
[9006 9047]
[9048 9797]
[9798 10255]
[10256 10307]
[10308 10357]
[10358 10403]
[10404 10448]
[10449 10479]
[10480 10532]
[10533 10560]
[10561 10616]
[10617 10676]
[10677 10718]
[10719 10755]
[10756 10819]
[10820 10877]
[10878 10937]
[10938 10973]
[10974 11014]
[11015 11052]
[11053 11094]
[11095 11162]
[11163 11238]
[11239 11315]
[11316 11367]
[11368 11441]
[11442 11502]
[11503 11555]
[11556 11625]
[11626 11662]
[11663 11709]
[11710 11756]
[11757 11802]
[11803 11860]
[11861 11914]
[11915 11953]
[11954 12002]
[12003 12055]
[12056 12099]
[12100 12144]
[12145 12187]
[12188 12235]
[12236 12284]
[12285 12332]
[12333 12374]
[12375 12411]
[12412 12498]
[12499 12892]
[12893 12913]
[12914 12956]
[12957 13071]
[13072 13126]
[13127 13236]
[13237 13319]
[13320 13377]
[13378 13442]
[13443 13473]
[13474 13540]
[13541 13601]
[13602 13670]
[13671 13713]
[13714 13779]
[13780 13819]
[13820 13917]
[13918 14057]
[14058 14157]
[14158 14188]
[14189 14241]
[14242 14263]
[14264 14297]
[14298 14643]
[14644 14717]
[14718 14825]
[14826 14916]
[14917 15035]
[15036 15132]
[15133 15501]
[15502 15619]
[15620 15696]
[15697 15774]
[15775 15785]
[15786 16386]
[16387 16527]
[16528 16574]
[16575 16658]
[16659 16737]
[16738 16790]
[16791 16989]
[16990 17089]
[17090 17190]
[17191 17228]
[17229 17326]
[17327 17384]
[17385 17436]
[17437 17575]
[17576 17652]
[17653 17758]
[17759 18044]
[18045 18107]
[18108 18162]
[18163 18211]
[18212 18331]
[18332 18415]
[18416 18452]
[18453 18490]
[18491 18548]
[18549 18571]
[18572 18625]
[18626 18665]
[18666 18697]
[18698 18720]
[18721 18831]
[18832 18881]
[18882 19009]
[19010 19372]
[19374 19472]
[19473 19513]
[19514 19545]
[19546 19585]
[19586 19616]
[19617 19650]
[19651 19680]
[19681 19726]
[19727 19764]
[19765 19834]
[19835 19883]
[19884 19936]
[19937 20013]
[20014 20055]
[20056 20099]
[20100 20130]
[20131 20206]
[20207 20248]
[20249 20287]
[20288 20343]
[20344 20366]
[20367 20410]
[20411 20854]
[20855 20924]
[20925 21030]
[21031 21099]
[21100 21180]
[21181 21244]
[21245 21312]
[21313 21370]
[21371 21432]
[21433 21483]
[21484 21528]
[21529 21642]
[21643 21764]
[21765 21898]
[21899 21974]
[21975 22032]
[22033 22099]
[22100 22156]
[22157 22244]
[22245 22298]
[22299 22342]
[22343 22387]
[22388 22430]
[22431 22478]
[22479 22574]
[22575 22617]
[22618 22734]
[22735 22996]
[22997 23081]
[23082 23243]
[23244 23299]
[23300 23339]
[23340 23383]
[23384 23558]
[23559 23613]
[23614 23754]
[23755 24017]
[24018 24178]
[24179 24434]
[24435 24535]
[24536 24680]
[24681 24846]
[24847 24919]
[24920 25044]
[25045 25091]
[25092 25181]
[25182 25225]
[25226 25284]
[25285 25311]
[25312 25402]
[25403 25507]
[25508 25595]
[25596 25702]
[25703 25818]
[25819 25908]
[25909 25997]
[25998 26133]
[26134 26212]
[26213 26562]
[26563 27470]
[27471 27710]
[27711 27869]
[27870 27972]
[27973 28086]
[28087 28137]
[28138 28227]
[28228 28302]
[28303 28349]
[28350 28419]
[28420 28464]
[28465 28573]
[28574 28877]
[28878 28992]
[28993 29210]
[29211 29268]
[29269 29280]
[29281 29328]
[29329 29334]
[29335 29388]
[29389 29401]
[29402 29452]
[29453 29529]
[29530 29597]
[29598 29648]
[29649 29856]
[29857 30254]
[30255 30574]
[30575 30673]
[30674 30715]
[30716 30778]
[30779 30803]
[30804 30837]
[30838 30910]
[30911 30977]
[30978 31044]
[31045 31090]
[31091 31177]
[31178 31278]
[31279 31604]
[31605 31687]
