[0 7]
[8 44]
[45 570]
[571 626]
[627 662]
[663 691]
[692 720]
[721 753]
[754 789]
[790 877]
[878 914]
[915 943]
[944 972]
[973 1001]
[1002 1058]
[1059 1585]
[1586 1626]
[1627 1655]
[1656 1690]
[1691 1720]
[1721 1748]
[1749 1783]
[1784 1818]
[1819 1843]
[1844 1888]
[1889 1912]
[1913 1957]
[1958 1991]
[1992 2028]
[2029 2066]
[2067 2102]
[2103 2145]
[2146 2170]
[2171 2223]
[2224 2259]
[2260 2323]
[2324 2351]
[2352 2386]
[2387 2414]
[2415 2428]
[2429 2510]
[2511 2544]
[2545 2595]
[2596 2899]
[2901 2980]
[2981 3030]
[3031 3087]
[3088 3182]
[3183 3216]
[3217 3248]
[3249 3273]
[3274 3303]
[3304 3330]
[3331 3429]
[3430 3482]
[3483 3524]
[3525 3604]
[3605 3635]
[3636 3658]
[3659 3733]
[3734 3800]
[3801 3851]
[3852 3887]
[3888 3922]
[3923 4000]
[4001 4034]
[4035 4075]
[4076 4117]
[4118 4157]
[4158 4198]
[4199 4236]
[4237 4303]
[4304 4335]
[4336 4435]
[4436 4529]
[4530 4565]
[4566 4611]
[4612 4665]
[4666 4712]
[4713 4791]
[4792 4837]
[4838 4874]
[4875 5238]
[5239 5282]
[5283 5377]
[5378 5409]
[5410 5458]
[5459 5589]
[5590 5700]
[5701 5809]
[5810 5954]
[5955 6006]
[6007 6038]
[6039 6062]
[6063 6146]
[6147 6606]
[6607 6756]
[6757 6808]
[6809 6862]
[6863 6919]
[6920 6962]
[6963 6986]
[6987 7088]
[7089 7133]
[7134 7219]
[7220 7251]
[7252 7298]
[7299 7671]
[7672 7714]
[7715 7759]
[7760 7798]
[7799 7870]
[7871 7914]
[7915 8096]
[8097 8265]
[8266 8349]
[8350 8397]
[8398 8509]
[8510 8562]
[8563 8603]
[8604 8625]
[8626 8674]
[8675 8750]
[8751 8810]
[8812 8893]
[8894 8968]
[8969 9015]
[9016 9066]
[9067 9109]
[9110 9188]
[9189 9253]
[9254 9330]
[9331 9378]
[9379 9431]
[9432 9463]
[9464 9481]
[9482 9553]
[9554 9619]
[9620 9676]
[9677 9713]
[9714 9755]
[9756 10112]
[10113 10172]
[10173 10200]
[10201 10232]
[10233 10267]
[10268 10302]
[10303 10346]
[10347 10537]
[10538 10565]
[10566 10612]
[10613 10637]
[10638 10698]
[10699 10742]
[10743 10785]
[10786 10835]
[10836 10870]
[10871 10908]
[10909 10943]
[10944 11103]
[11104 11168]
[11169 11205]
[11206 11237]
[11238 11270]
[11271 11315]
[11316 11346]
[11347 11370]
[11371 11417]
[11418 11473]
[11474 11531]
[11532 11572]
[11573 11612]
[11613 11653]
[11654 11714]
[11715 11819]
[11820 11915]
[11916 12119]
[12120 12293]
[12294 12382]
[12383 12430]
[12431 12544]
[12545 12601]
[12602 12636]
[12637 12670]
[12671 12705]
[12706 12741]
[12742 12778]
[12779 12855]
[12856 12906]
[12907 12932]
[12933 12961]
[12962 12991]
[12992 13037]
[13038 13078]
[13079 13119]
[13120 13159]
[13160 13199]
[13200 13230]
[13231 13265]
[13266 13300]
[13301 13361]
[13362 13413]
[13414 13453]
[13454 13702]
[13703 13962]
[13963 14004]
[14005 14034]
[14035 14064]
[14065 14195]
[14196 14295]
[14296 14414]
[14415 14453]
[14454 14511]
[14512 14560]
[14561 14621]
[14622 14679]
[14680 14767]
[14768 14838]
[14839 14907]
[14908 14974]
[14975 15023]
[15024 15075]
[15076 15100]
[15101 15211]
[15212 15245]
[15246 15288]
[15289 15330]
[15331 15683]
[15684 15786]
[15787 15829]
[15830 15905]
[15906 15960]
[15961 16003]
[16004 16050]
[16051 16085]
[16086 16098]
[16099 16157]
[16158 16191]
[16192 16235]
[16236 16279]
[16280 16301]
[16302 16344]
[16345 16389]
[16390 16430]
[16431 16445]
[16446 16483]
[16484 16720]
[16721 16806]
[16807 16948]
[16949 17002]
[17003 17066]
[17067 17147]
[17148 17200]
[17201 17310]
[17311 17351]
[17352 17392]
[17393 17440]
[17441 17545]
[17546 17596]
[17597 17744]
[17745 17850]
[17851 17913]
[17914 17976]
[17977 18051]
[18052 18110]
[18111 18207]
[18208 18513]
[18515 18584]
[18585 18644]
[18645 18699]
[18700 18725]
[18726 18778]
[18779 18891]
[18892 18963]
[18964 19010]
[19011 19087]
[19088 19355]
[19356 19429]
[19430 19528]
[19529 19572]
[19573 19619]
[19620 19658]
[19659 19695]
[19696 19773]
[19774 19824]
[19825 19885]
[19886 19969]
[19970 20054]
[20055 20135]
[20136 20201]
[20202 20242]
[20243 20292]
[20293 20429]
[20430 20466]
[20467 20502]
[20503 20548]
[20549 20630]
[20631 20679]
[20680 20714]
[20715 20751]
[20752 20789]
[20790 20816]
[20817 20850]
[20851 20967]
[20968 20997]
[20998 21023]
[21024 21060]
[21061 21178]
[21179 21267]
[21268 21321]
[21322 21456]
[21457 21514]
[21515 21704]
[21705 21782]
[21783 21833]
[21834 21910]
[21911 21958]
[21959 22027]
[22028 22134]
[22135 22244]
[22245 22361]
[22362 22519]
[22520 22562]
[22563 22596]
[22597 22630]
[22631 22668]
[22669 22983]
[22984 23082]
[23083 23196]
[23197 23292]
[23293 23431]
[23432 23677]
[23678 23718]
[23719 23821]
[23822 23870]
[23871 23932]
[23933 23974]
[23975 24080]
[24081 24130]
[24131 24469]
[24470 24601]
[24602 24723]
[24724 24777]
[24778 24848]
[24849 24929]
[24930 25050]
[25051 25128]
[25129 25237]
[25238 25350]
[25351 25426]
[25427 25846]
[25847 26083]
[26084 26271]
[26272 26530]
[26531 26684]
[26685 26770]
[26771 26941]
[26942 27211]
[27212 27771]
[27772 28154]
[28155 28576]
[28577 28743]
[28744 28825]
[28826 28908]
[28909 28928]
[28929 28970]
[28971 29042]
[29043 29049]
[29050 29075]
[29076 29124]
[29125 29182]
[29183 29237]
[29238 29299]
[29300 29344]
[29345 29375]
[29376 29399]
[29400 29657]
[29658 29797]
[29798 29893]
[29894 30067]
[30068 30209]
[30210 30299]
[30300 30362]
[30363 30421]
[30422 30471]
[30472 30546]
[30547 30731]
[30732 31107]
[31108 31199]
