[0 20]
[21 475]
[476 539]
[540 575]
[576 605]
[606 633]
[634 666]
[667 702]
[703 732]
[733 760]
[761 790]
[791 823]
[824 854]
[855 885]
[886 971]
[972 1342]
[1344 1393]
[1394 1454]
[1455 1561]
[1562 1679]
[1680 1763]
[1764 1868]
[1869 1982]
[1983 2038]
[2039 2078]
[2079 2111]
[2112 2297]
[2298 2355]
[2356 2408]
[2409 2499]
[2500 2578]
[2579 2666]
[2667 2738]
[2739 2865]
[2866 3212]
[3213 3286]
[3287 3369]
[3370 3439]
[3440 3514]
[3515 3570]
[3571 3640]
[3641 3685]
[3686 3779]
[3780 3811]
[3812 3879]
[3880 3914]
[3915 4336]
[4337 4402]
[4403 4546]
[4547 4574]
[4575 4641]
[4642 4697]
[4698 4751]
[4752 4800]
[4801 4967]
[4968 5002]
[5003 5061]
[5062 5114]
[5115 5163]
[5164 5221]
[5222 5249]
[5250 5277]
[5278 5371]
[5372 5469]
[5470 5527]
[5528 5583]
[5584 5634]
[5635 5686]
[5687 5736]
[5737 5798]
[5799 6273]
[6274 6322]
[6323 6363]
[6364 6404]
[6405 6441]
[6442 6485]
[6486 6530]
[6531 6687]
[6688 6718]
[6719 6769]
[6770 6818]
[6819 6853]
[6854 6883]
[6884 6923]
[6924 6968]
[6969 7018]
[7019 7062]
[7063 7110]
[7111 7291]
[7292 7340]
[7341 7530]
[7531 7569]
[7570 7589]
[7590 7631]
[7632 7652]
[7653 7689]
[7690 7749]
[7750 8141]
[8143 8215]
[8216 8291]
[8292 8367]
[8368 8431]
[8432 8552]
[8553 8614]
[8615 8715]
[8716 8926]
[8927 9052]
[9053 9154]
[9155 9181]
[9182 9290]
[9291 9331]
[9332 9408]
[9409 9494]
[9495 9582]
[9583 9661]
[9662 9992]
[9993 10030]
[10031 10073]
[10074 10116]
[10117 10165]
[10166 10241]
[10242 10316]
[10317 10428]
[10429 10471]
[10472 10503]
[10504 10534]
[10535 10574]
[10575 10606]
[10607 10636]
[10637 10665]
[10666 10689]
[10690 10839]
[10840 10899]
[10900 10946]
[10947 10985]
[10986 11026]
[11027 11084]
[11085 11130]
[11131 11187]
[11188 11285]
[11286 11365]
[11366 11408]
[11409 11471]
[11472 11837]
[11838 11918]
[11919 11984]
[11985 12044]
[12045 12126]
[12127 12207]
[12208 12288]
[12289 12367]
[12368 12441]
[12442 12520]
[12521 12589]
[12590 12684]
[12685 12744]
[12745 12809]
[12810 12858]
[12859 13582]
[13583 13652]
[13653 13715]
[13716 13845]
[13846 13909]
[13910 14002]
[14003 14043]
[14044 14067]
[14068 14107]
[14108 14167]
[14168 14226]
[14227 14276]
[14277 14311]
[14312 14366]
[14367 14441]
[14442 14521]
[14522 14583]
[14584 14662]
[14663 14706]
[14707 14777]
[14778 14857]
[14858 14936]
[14937 15249]
[15250 15315]
[15316 15404]
[15405 15473]
[15474 15544]
[15545 15633]
[15634 15706]
[15707 15843]
[15844 15879]
[15880 15929]
[15930 16055]
[16056 16104]
[16105 16152]
[16153 16214]
[16215 16274]
[16275 16369]
[16370 16430]
[16431 16485]
[16486 16921]
[16922 16984]
[16985 17034]
[17035 17066]
[17067 17134]
[17135 17254]
[17255 17289]
[17290 17319]
[17320 17425]
[17426 17457]
[17458 17495]
[17496 17530]
[17531 17562]
[17563 17586]
[17587 17758]
[17759 17801]
[17802 17845]
[17846 17908]
[17909 17973]
[17974 18060]
[18061 18147]
[18148 18227]
[18228 18331]
[18332 18373]
[18374 18450]
[18451 18530]
[18531 18617]
[18618 18703]
[18704 18783]
[18784 18869]
[18870 18928]
[18929 18971]
[18972 18996]
[18997 19026]
[19027 19047]
[19048 19068]
[19069 19093]
[19094 19115]
[19116 19149]
[19150 19269]
[19270 19319]
[19320 19368]
[19369 19428]
[19429 19492]
[19493 19521]
[19522 19551]
[19552 19672]
[19674 19783]
[19784 19871]
[19872 20261]
[20262 20346]
[20347 20452]
[20453 20542]
[20543 20686]
[20687 20808]
[20809 20871]
[20872 20955]
[20956 21006]
[21007 21120]
[21121 21164]
[21165 21209]
[21210 21252]
[21253 21300]
[21301 21349]
[21350 21396]
[21397 21438]
[21439 21476]
[21477 21567]
[21568 21895]
[21896 22600]
[22601 22722]
[22723 23262]
[23264 23345]
[23346 23420]
[23421 23502]
[23503 23563]
[23564 23641]
[23642 23712]
[23713 23777]
[23778 24073]
[24074 24148]
[24149 24213]
[24214 24248]
[24249 24288]
[24289 24351]
[24352 24387]
[24388 24498]
[24499 24621]
[24622 24674]
[24675 24720]
[24721 24826]
[24827 24885]
[24886 25243]
[25244 25304]
[25305 25361]
[25362 25394]
[25395 25448]
[25449 25512]
[25513 25558]
[25559 25629]
[25630 25702]
[25703 25800]
[25801 25866]
[25867 25928]
[25929 26007]
[26008 26082]
[26083 26148]
[26149 26195]
[26196 26228]
[26229 26254]
[26255 26320]
[26321 26636]
[26637 26762]
[26763 26947]
[26948 27290]
[27291 27341]
[27342 27702]
[27703 27822]
[27823 27899]
[27900 27978]
[27979 28100]
[28101 28188]
[28189 28319]
[28320 28446]
[28447 28567]
[28568 28691]
[28692 28823]
[28824 28918]
[28919 29011]
[29012 29073]
[29074 29113]
[29114 29195]
[29196 29478]
[29479 30045]
[30046 30360]
[30361 30719]
[30720 30776]
[30777 30829]
[30830 30887]
[30888 30940]
[30941 30989]
[30990 31057]
[31058 31111]
[31112 31204]
[31205 31280]
[31281 31360]
[31361 31449]
[31450 31507]
[31508 31544]
[31545 31578]
[31579 31942]
[31943 32029]
