[0 33]
[34 265]
[266 332]
[333 368]
[369 398]
[399 426]
[427 459]
[460 495]
[496 525]
[526 553]
[554 583]
[584 616]
[617 647]
[648 678]
[679 702]
[703 751]
[752 1204]
[1205 1275]
[1276 1339]
[1340 1383]
[1384 1470]
[1472 1536]
[1537 1689]
[1690 1753]
[1754 1793]
[1794 1833]
[1834 1901]
[1902 1981]
[1982 2088]
[2089 2328]
[2329 2435]
[2436 2494]
[2495 2557]
[2558 2618]
[2619 2680]
[2681 2733]
[2734 3220]
[3221 3311]
[3312 3356]
[3357 3424]
[3425 3486]
[3487 3553]
[3554 3816]
[3817 3871]
[3872 3944]
[3945 4000]
[4001 4098]
[4099 4213]
[4214 4348]
[4349 4403]
[4404 4480]
[4481 4533]
[4534 4619]
[4620 4828]
[4829 5161]
[5162 5210]
[5211 5255]
[5256 5296]
[5297 5352]
[5353 5402]
[5403 5446]
[5447 5487]
[5488 5528]
[5529 5595]
[5596 5644]
[5645 5688]
[5689 5879]
[5880 5911]
[5912 5964]
[5965 6009]
[6010 6065]
[6066 6109]
[6110 6235]
[6236 6356]
[6357 6430]
[6431 6485]
[6486 6543]
[6544 6629]
[6630 6698]
[6699 6776]
[6777 6800]
[6801 7159]
[7160 7215]
[7216 7282]
[7283 7336]
[7337 7374]
[7375 7420]
[7421 7486]
[7487 7516]
[7517 7578]
[7579 7640]
[7641 7664]
[7665 7711]
[7712 7765]
[7766 7799]
[7800 7957]
[7958 8011]
[8012 8033]
[8034 8073]
[8074 8115]
[8116 8169]
[8170 8205]
[8206 8234]
[8235 8299]
[8300 8367]
[8368 8515]
[8516 8556]
[8557 8602]
[8603 8650]
[8651 8713]
[8714 8780]
[8781 9034]
[9035 9081]
[9082 9120]
[9121 9172]
[9173 9205]
[9206 9261]
[9262 9330]
[9331 9367]
[9368 9403]
[9404 9466]
[9467 9515]
[9516 9558]
[9559 9612]
[9613 9703]
[9704 9743]
[9744 9778]
[9779 9805]
[9806 9883]
[9884 9931]
[9932 9994]
[9995 10035]
[10036 10059]
[10060 10117]
[10118 10157]
[10158 10208]
[10209 10256]
[10257 10305]
[10306 10360]
[10361 10425]
[10426 10487]
[10489 10953]
[10954 11031]
[11032 11083]
[11084 11135]
[11136 11200]
[11201 11272]
[11273 11328]
[11329 11464]
[11465 11519]
[11520 11572]
[11573 11633]
[11634 11689]
[11690 11855]
[11856 11905]
[11906 12007]
[12008 12113]
[12114 12272]
[12273 12442]
[12443 12486]
[12487 12531]
[12532 12574]
[12575 12622]
[12623 12671]
[12672 12718]
[12719 12761]
[12762 12798]
[12799 12881]
[12882 13158]
[13159 13279]
[13280 13373]
[13374 13485]
[13486 13600]
[13601 13695]
[13696 13738]
[13739 13800]
[13801 13876]
[13877 13964]
[13965 14217]
[14218 14479]
[14480 14648]
[14649 14771]
[14772 14833]
[14834 14899]
[14900 14959]
[14960 15048]
[15049 15110]
[15111 15164]
[15165 15323]
[15324 15389]
[15390 15450]
[15451 15571]
[15572 15719]
[15720 15804]
[15805 15895]
[15896 15959]
[15960 16036]
[16037 16131]
[16132 16244]
[16245 16540]
[16541 16595]
[16596 16640]
[16641 16687]
[16688 16738]
[16739 16769]
[16770 16909]
[16910 16932]
[16933 16967]
[16968 16991]
[16992 17045]
[17046 17248]
[17249 17306]
[17307 17362]
[17363 17416]
[17417 17473]
[17474 17637]
[17638 17695]
[17696 17759]
[17760 17898]
[17899 18062]
[18063 18152]
[18153 18195]
[18196 18240]
[18241 18284]
[18285 18330]
[18331 18364]
[18365 18410]
[18411 18490]
[18491 18547]
[18548 18596]
[18597 18686]
[18687 18726]
[18727 18775]
[18776 18815]
[18816 18862]
[18863 18903]
[18904 18948]
[18949 19087]
[19088 19177]
[19178 19255]
[19256 19303]
[19304 19345]
[19346 19654]
[19655 19904]
[19905 19948]
[19949 20043]
[20044 20084]
[20085 20120]
[20121 20193]
[20194 20233]
[20234 20311]
[20312 20447]
[20448 20597]
[20598 20742]
[20743 20796]
[20797 20916]
[20917 20986]
[20987 21080]
[21081 21133]
[21134 21170]
[21171 21222]
[21223 21265]
[21266 21313]
[21314 21409]
[21410 21452]
[21453 21489]
[21490 21573]
[21574 21837]
[21838 21934]
[21935 21996]
[21997 22057]
[22058 22105]
[22106 22174]
[22175 22234]
[22235 22286]
[22287 22352]
[22353 22447]
[22448 22528]
[22529 22604]
[22605 22681]
[22682 22758]
[22759 22857]
[22858 22891]
[22892 22926]
[22927 22966]
[22967 23038]
[23039 23099]
[23100 23133]
[23134 23186]
[23187 23236]
[23237 23600]
[23601 23706]
[23707 23747]
[23748 23793]
[23794 23838]
[23839 23867]
[23868 23980]
[23981 24059]
[24060 24105]
[24106 24141]
[24142 24212]
[24213 24320]
[24321 24402]
[24403 24446]
[24447 24534]
[24535 24591]
[24592 24650]
[24651 24701]
[24702 24798]
[24799 24855]
[24856 24920]
[24921 24954]
[24955 25004]
[25005 25050]
[25051 25080]
[25081 25310]
[25311 25497]
[25498 25784]
[25785 25906]
[25907 26080]
[26081 26147]
[26148 26265]
[26266 26358]
[26359 26466]
[26467 26738]
[26739 26847]
[26848 26963]
[26964 27165]
[27166 27204]
[27206 27288]
[27289 27373]
[27374 27428]
[27429 27490]
[27491 27585]
[27586 27648]
[27649 27704]
[27705 27778]
[27779 27890]
[27891 28064]
[28065 28132]
[28133 28184]
[28185 28246]
[28247 28310]
[28311 28376]
[28377 28465]
[28466 28509]
[28510 28561]
[28562 28878]
[28879 28904]
[28905 28992]
[28993 29035]
[29036 29068]
[29069 29134]
[29135 29177]
[29178 29227]
[29228 29285]
[29286 29356]
[29357 29422]
[29423 29454]
[29455 29741]
[29742 29850]
[29851 29925]
[29926 30003]
[30004 30115]
[30116 30164]
[30165 30212]
[30213 30794]
[30795 30896]
