[0 9]
[10 489]
[490 549]
[550 610]
[611 642]
[643 676]
[677 706]
[707 736]
[737 769]
[770 800]
[801 833]
[834 864]
[865 895]
[896 925]
[926 958]
[959 991]
[992 1024]
[1025 1057]
[1058 1133]
[1134 1641]
[1642 1683]
[1684 1772]
[1773 1812]
[1813 1963]
[1964 2105]
[2106 2163]
[2164 2351]
[2352 2406]
[2407 2451]
[2452 2575]
[2576 2626]
[2627 2679]
[2680 2715]
[2716 2777]
[2778 2809]
[2810 2867]
[2868 2910]
[2911 2952]
[2953 2993]
[2994 3333]
[3334 3388]
[3389 3455]
[3456 3497]
[3498 3517]
[3518 3577]
[3578 3626]
[3627 3658]
[3659 3702]
[3703 3739]
[3740 3787]
[3788 3811]
[3812 3942]
[3943 4093]
[4094 4145]
[4146 4169]
[4170 4211]
[4212 4236]
[4237 4264]
[4265 4316]
[4317 4358]
[4359 4415]
[4416 4458]
[4459 4498]
[4499 4543]
[4544 4591]
[4592 4642]
[4643 4689]
[4690 4719]
[4720 4798]
[4799 4819]
[4820 4862]
[4863 5280]
[5281 5502]
[5503 5569]
[5570 5667]
[5668 5820]
[5821 5874]
[5875 5916]
[5917 5955]
[5956 6061]
[6062 6132]
[6133 6193]
[6194 6229]
[6230 6377]
[6378 6502]
[6503 6557]
[6558 6606]
[6607 6667]
[6668 6727]
[6728 6763]
[6764 6801]
[6802 6840]
[6841 7383]
[7384 7498]
[7499 7638]
[7639 7716]
[7717 7791]
[7792 7826]
[7827 7878]
[7879 7934]
[7935 7995]
[7996 8044]
[8045 8135]
[8136 8200]
[8201 8261]
[8262 8303]
[8304 8335]
[8336 8393]
[8394 8418]
[8419 8482]
[8483 8525]
[8526 8651]
[8652 8681]
[8682 8706]
[8707 8746]
[8747 8787]
[8788 8810]
[8811 8856]
[8857 9011]
[9012 9310]
[9311 9362]
[9363 9429]
[9430 9491]
[9492 9572]
[9573 9692]
[9693 9775]
[9776 9830]
[9831 9884]
[9885 9898]
[9899 9941]
[9942 10008]
[10009 10091]
[10092 10123]
[10124 10161]
[10162 10187]
[10188 10376]
[10377 10460]
[10461 10518]
[10519 10639]
[10640 10722]
[10723 11109]
[11110 11185]
[11186 11237]
[11238 11285]
[11286 11341]
[11342 11414]
[11415 11487]
[11488 11576]
[11577 11700]
[11701 11753]
[11754 11818]
[11819 11845]
[11846 11911]
[11912 11961]
[11962 12003]
[12004 12052]
[12053 12109]
[12110 12160]
[12161 12233]
[12234 12377]
[12378 12818]
[12820 12935]
[12936 12989]
[12990 13062]
[13063 13108]
[13109 13170]
[13171 13223]
[13224 13307]
[13308 13313]
[13314 13432]
[13433 13533]
[13534 13575]
[13576 13603]
[13604 13635]
[13636 13724]
[13725 13767]
[13768 13841]
[13842 13894]
[13895 13974]
[13975 14047]
[14048 14102]
[14103 14164]
[14165 14205]
[14206 14244]
[14245 14310]
[14311 14387]
[14388 14431]
[14432 14880]
[14881 14926]
[14927 14990]
[14991 15054]
[15055 15095]
[15096 15119]
[15120 15153]
[15154 15197]
[15198 15227]
[15228 15265]
[15266 15382]
[15383 15424]
[15425 15486]
[15487 15513]
[15514 15594]
[15595 15635]
[15636 15725]
[15726 15809]
[15810 15856]
[15857 15911]
[15912 15948]
[15949 16049]
[16050 16097]
[16098 16144]
[16145 16178]
[16179 16209]
[16210 16251]
[16252 16289]
[16290 16330]
[16331 16377]
[16378 16497]
[16498 16595]
[16596 16636]
[16637 16677]
[16678 16716]
[16717 16781]
[16782 16821]
[16822 16858]
[16859 16942]
[16943 17244]
[17245 17324]
[17325 17422]
[17423 17498]
[17499 17555]
[17556 17661]
[17662 17761]
[17762 17866]
[17867 17954]
[17955 18030]
[18031 18099]
[18100 18180]
[18181 18264]
[18265 18320]
[18321 18394]
[18395 18461]
[18462 18810]
[18811 18988]
[18989 19000]
[19001 19052]
[19053 19155]
[19156 19235]
[19236 19388]
[19389 19453]
[19454 19601]
[19602 19696]
[19697 19810]
[19811 19878]
[19879 19937]
[19938 20020]
[20021 20415]
[20416 20579]
[20580 20667]
[20668 20737]
[20738 20826]
[20827 20857]
[20858 20898]
[20899 20920]
[20921 20953]
[20954 20979]
[20980 21027]
[21028 21060]
[21061 21096]
[21097 21127]
[21128 21158]
[21159 21186]
[21187 21207]
[21208 21229]
[21230 21251]
[21252 21291]
[21292 21503]
[21504 21583]
[21584 21654]
[21655 21739]
[21740 21771]
[21772 21805]
[21806 21862]
[21863 21914]
[21915 21997]
[21998 22035]
[22036 22090]
[22091 22122]
[22123 22188]
[22189 22223]
[22224 22266]
[22267 22313]
[22314 22341]
[22342 22375]
[22376 22418]
[22419 22440]
[22441 22474]
[22475 22524]
[22525 22559]
[22560 22604]
[22605 22652]
[22653 22683]
[22684 22732]
[22733 22782]
[22783 22826]
[22827 22935]
[22936 23025]
[23026 23318]
[23319 23464]
[23465 23539]
[23540 23660]
[23661 23752]
[23753 23796]
[23797 23834]
[23835 23937]
[23938 24039]
[24040 24118]
[24119 24460]
[24461 24559]
[24560 24636]
[24637 24709]
[24710 24761]
[24762 24788]
[24789 24860]
[24861 25005]
[25006 25038]
[25039 25095]
[25096 25136]
[25137 25172]
[25173 25192]
[25193 25274]
[25275 25363]
[25364 25404]
[25405 25449]
[25450 25476]
[25477 25548]
[25549 25693]
[25694 25796]
[25797 25851]
[25852 25876]
[25877 26176]
[26177 26249]
[26250 26302]
[26303 26366]
[26367 26438]
[26439 26503]
[26504 26572]
[26573 26663]
[26664 26718]
[26719 26782]
[26783 26870]
[26871 26934]
[26935 26976]
[26977 27050]
[27051 27342]
[27343 27415]
[27416 27461]
[27462 27497]
[27498 27543]
[27544 27621]
[27622 27678]
[27679 27706]
[27707 27771]
[27772 27823]
[27824 27884]
[27885 27954]
[27955 28019]
[28020 28078]
[28079 28128]
[28129 28182]
[28183 28238]
[28239 28306]
[28307 28369]
[28370 28411]
[28412 28475]
[28476 28765]
[28766 28808]
[28809 28856]
[28857 28915]
[28916 29048]
[29049 29121]
[29122 29201]
[29202 29263]
[29264 29342]
[29343 29409]
[29410 29507]
[29508 29622]
[29623 29769]
[29770 30368]
[30369 30452]
