[0 21]
[22 286]
[287 347]
[348 388]
[389 429]
[430 513]
[514 559]
[560 585]
[586 646]
[647 1082]
[1083 1109]
[1110 1156]
[1157 1210]
[1211 1258]
[1259 1305]
[1306 1358]
[1359 1478]
[1479 1523]
[1524 1580]
[1581 1641]
[1642 1664]
[1665 2143]
[2144 2210]
[2211 2382]
[2383 2425]
[2426 2613]
[2614 2668]
[2669 2887]
[2888 2940]
[2941 3044]
[3045 3112]
[3113 3208]
[3209 3610]
[3611 3642]
[3643 3729]
[3730 3815]
[3816 3912]
[3913 3976]
[3977 3991]
[3992 4048]
[4049 4142]
[4143 4459]
[4460 4501]
[4502 4551]
[4552 4649]
[4650 4714]
[4715 4755]
[4756 4837]
[4838 4906]
[4907 5004]
[5005 5017]
[5018 5119]
[5120 5173]
[5174 5361]
[5362 5405]
[5406 5443]
[5444 5475]
[5476 5504]
[5505 5539]
[5540 5578]
[5579 5641]
[5642 5720]
[5721 5799]
[5800 5872]
[5873 5958]
[5959 6020]
[6021 6072]
[6073 6124]
[6125 6189]
[6190 6226]
[6227 6278]
[6279 6347]
[6348 6391]
[6392 6427]
[6428 6458]
[6459 6518]
[6519 6734]
[6735 6951]
[6952 7027]
[7028 7094]
[7095 7151]
[7152 7254]
[7255 7292]
[7293 7322]
[7323 7373]
[7374 7411]
[7412 7432]
[7433 7486]
[7487 7531]
[7532 7569]
[7570 7590]
[7591 7659]
[7660 7678]
[7679 7726]
[7727 7792]
[7793 7825]
[7826 7880]
[7881 7948]
[7949 7993]
[7994 8056]
[8057 8098]
[8099 8137]
[8138 8639]
[8640 8687]
[8688 8731]
[8732 8785]
[8786 8832]
[8833 8901]
[8902 9016]
[9017 9179]
[9180 9257]
[9258 9314]
[9315 9482]
[9483 9552]
[9553 9679]
[9680 9718]
[9719 9831]
[9832 9891]
[9892 9958]
[9959 9994]
[9995 10134]
[10135 10199]
[10200 10257]
[10258 10321]
[10322 10379]
[10380 10432]
[10433 10462]
[10463 10506]
[10507 10534]
[10535 10639]
[10640 10952]
[10953 11115]
[11116 11147]
[11148 11528]
[11529 11784]
[11785 12006]
[12007 12331]
[12332 12381]
[12382 12424]
[12425 12481]
[12482 12542]
[12543 12592]
[12593 12649]
[12650 12736]
[12737 12795]
[12796 12857]
[12858 12905]
[12906 12959]
[12960 13006]
[13007 13047]
[13048 13092]
[13093 13132]
[13133 13178]
[13179 13536]
[13537 13612]
[13613 13670]
[13671 13746]
[13747 13770]
[13771 13799]
[13800 13846]
[13847 13890]
[13891 13951]
[13952 14082]
[14083 14283]
[14284 14451]
[14452 14570]
[14571 14661]
[14662 14673]
[14674 14757]
[14758 14944]
[14945 15084]
[15085 15106]
[15107 15141]
[15142 15174]
[15175 15212]
[15213 15251]
[15252 15286]
[15287 15321]
[15322 15355]
[15356 15387]
[15388 15417]
[15418 15449]
[15450 15482]
[15483 15513]
[15514 15544]
[15545 15572]
[15573 15598]
[15599 15627]
[15628 15655]
[15656 15685]
[15686 15710]
[15711 15738]
[15739 15767]
[15768 15793]
[15794 15815]
[15816 15855]
[15856 16245]
[16246 16318]
[16319 16414]
[16415 16479]
[16480 16547]
[16548 16608]
[16609 16684]
[16685 16769]
[16770 16877]
[16878 16937]
[16938 16999]
[17000 17065]
[17066 17104]
[17105 17170]
[17171 17242]
[17243 17301]
[17302 17371]
[17372 17432]
[17433 17487]
[17488 17524]
[17525 17587]
[17588 17652]
[17653 17710]
[17711 17752]
[17753 17796]
[17797 17833]
[17834 17915]
[17916 17970]
[17971 18094]
[18095 18457]
[18458 18501]
[18502 18556]
[18557 18636]
[18637 18715]
[18716 18798]
[18799 18828]
[18829 18885]
[18886 18908]
[18909 18922]
[18923 18994]
[18995 19010]
[19011 19031]
[19032 19167]
[19168 19178]
[19179 19238]
[19239 19282]
[19283 19300]
[19301 19354]
[19355 19419]
[19420 19436]
[19437 19474]
[19475 19602]
[19603 19657]
[19658 19698]
[19699 19769]
[19770 20082]
[20083 20185]
[20186 20480]
[20481 20614]
[20615 20693]
[20694 20810]
[20811 20925]
[20926 21236]
[21237 21316]
[21317 21371]
[21372 21419]
[21420 21466]
[21467 21511]
[21512 21555]
[21556 21594]
[21595 21630]
[21631 21667]
[21668 21702]
[21703 21767]
[21768 21808]
[21809 21848]
[21849 21891]
[21892 22269]
[22270 22319]
[22320 22375]
[22376 22436]
[22437 22496]
[22497 22556]
[22557 22589]
[22590 22653]
[22654 22735]
[22736 22812]
[22813 22867]
[22868 22904]
[22905 22980]
[22981 23007]
[23008 23031]
[23032 23401]
[23402 23449]
[23450 23601]
[23602 23679]
[23680 23760]
[23761 24058]
[24059 24243]
[24244 24444]
[24445 24505]
[24506 24630]
[24631 24735]
[24736 24785]
[24786 24827]
[24828 24995]
[24996 25062]
[25063 25130]
[25131 25216]
[25217 25233]
[25234 25286]
[25287 25309]
[25310 25387]
[25388 25466]
[25467 25570]
[25571 25642]
[25643 25799]
[25800 25862]
[25863 25956]
[25957 26022]
[26023 26099]
[26100 26170]
[26171 26285]
[26286 26354]
[26355 26383]
[26384 26431]
[26432 26525]
[26526 26801]
[26802 26869]
[26870 26914]
[26915 26975]
[26976 27017]
[27018 27098]
[27099 27209]
[27210 27286]
[27287 27347]
[27348 27399]
[27400 27534]
[27535 27587]
[27588 27619]
[27620 27671]
[27672 27720]
[27721 28139]
[28141 28222]
