[0 27]
[28 283]
[284 342]
[343 378]
[379 408]
[409 436]
[437 469]
[470 505]
[506 535]
[536 563]
[564 593]
[594 626]
[627 657]
[658 688]
[689 718]
[719 750]
[751 781]
[782 811]
[812 841]
[842 917]
[918 1329]
[1330 1415]
[1416 1461]
[1462 1532]
[1533 1580]
[1581 1820]
[1821 1909]
[1910 1961]
[1962 1995]
[1996 2049]
[2050 2119]
[2120 2149]
[2150 2193]
[2194 2253]
[2254 2277]
[2278 2421]
[2422 2479]
[2480 2567]
[2568 2655]
[2656 2686]
[2687 2718]
[2719 2789]
[2790 2838]
[2839 2875]
[2876 3257]
[3258 3594]
[3595 3654]
[3655 3739]
[3740 3768]
[3769 3829]
[3830 3885]
[3886 3931]
[3932 3967]
[3968 4088]
[4089 4137]
[4138 4184]
[4185 4276]
[4277 4314]
[4315 4565]
[4566 4811]
[4812 4858]
[4859 4914]
[4915 4951]
[4952 5004]
[5005 5539]
[5540 5595]
[5596 5639]
[5640 5680]
[5681 5725]
[5726 5761]
[5762 5785]
[5786 5861]
[5862 5915]
[5916 5987]
[5988 6029]
[6030 6093]
[6094 6158]
[6159 6218]
[6219 6268]
[6269 6324]
[6325 6362]
[6363 6392]
[6393 6440]
[6441 6481]
[6483 6953]
[6955 7095]
[7096 7366]
[7367 7609]
[7610 7776]
[7777 7903]
[7904 8134]
[8135 8291]
[8292 8348]
[8349 8406]
[8407 8466]
[8467 8528]
[8529 8767]
[8768 8836]
[8837 8911]
[8912 8986]
[8987 9044]
[9045 9108]
[9109 9177]
[9178 9232]
[9233 9288]
[9289 9344]
[9345 9405]
[9406 9480]
[9481 9555]
[9556 9630]
[9631 9659]
[9660 9724]
[9725 10145]
[10146 10210]
[10211 10233]
[10234 10284]
[10285 10318]
[10319 10367]
[10368 10564]
[10565 10608]
[10609 10647]
[10648 10703]
[10704 10748]
[10749 10796]
[10797 10815]
[10816 10874]
[10875 10927]
[10928 11115]
[11116 11152]
[11153 11184]
[11185 11216]
[11217 11234]
[11235 11269]
[11270 11314]
[11315 11375]
[11376 11424]
[11425 11471]
[11472 11512]
[11513 11551]
[11552 11597]
[11598 11934]
[11935 12120]
[12121 12215]
[12216 12317]
[12318 12409]
[12410 12578]
[12579 12686]
[12687 12794]
[12795 12897]
[12898 13018]
[13019 13247]
[13248 13327]
[13328 13687]
[13688 13823]
[13824 13890]
[13891 13975]
[13976 14051]
[14052 14123]
[14124 14191]
[14192 14245]
[14246 14419]
[14420 14470]
[14471 14527]
[14528 14572]
[14573 14605]
[14606 14889]
[14890 14944]
[14945 15001]
[15002 15066]
[15067 15106]
[15107 15460]
[15461 15558]
[15559 15627]
[15628 15673]
[15674 15744]
[15745 15805]
[15806 15866]
[15867 15937]
[15938 16087]
[16088 16138]
[16139 16182]
[16183 16231]
[16232 16272]
[16273 16326]
[16327 16439]
[16440 16517]
[16518 16563]
[16564 16636]
[16637 16672]
[16673 16756]
[16757 16846]
[16847 16922]
[16923 17451]
[17452 17556]
[17557 17595]
[17596 17650]
[17651 17754]
[17755 17778]
[17779 17864]
[17865 18015]
[18016 18103]
[18104 18165]
[18166 18224]
[18225 18290]
[18291 18348]
[18349 18392]
[18393 18435]
[18436 18522]
[18523 18647]
[18648 18691]
[18692 18826]
[18827 19062]
[19063 19115]
[19116 19182]
[19183 19219]
[19220 19260]
[19261 19289]
[19290 19337]
[19338 19378]
[19379 19421]
[19422 19461]
[19462 19548]
[19549 19594]
[19595 19636]
[19637 19678]
[19679 19710]
[19711 19759]
[19760 19806]
[19807 19844]
[19845 19876]
[19877 19901]
[19902 19947]
[19948 19987]
[19988 20030]
[20031 20080]
[20081 20337]
[20338 20392]
[20393 20429]
[20430 20470]
[20471 20520]
[20521 20572]
[20573 20640]
[20641 20697]
[20698 20766]
[20767 20840]
[20841 20914]
[20915 20993]
[20994 21047]
[21048 21119]
[21120 21317]
[21318 21413]
[21414 21575]
[21576 21730]
[21731 21933]
[21934 22031]
[22032 22146]
[22147 22452]
[22453 22497]
[22498 22592]
[22593 22639]
[22640 22737]
[22738 22870]
[22871 22978]
[22979 23063]
[23064 23128]
[23129 23199]
[23200 23275]
[23276 23358]
[23359 23425]
[23426 23519]
[23520 24051]
[24052 24135]
