[0 9]
[10 35]
[36 411]
[412 467]
[468 496]
[497 518]
[519 539]
[540 569]
[570 594]
[595 620]
[621 650]
[651 684]
[685 718]
[719 746]
[747 773]
[774 800]
[801 821]
[822 842]
[843 919]
[921 1281]
[1283 1308]
[1309 1367]
[1368 1434]
[1435 1519]
[1520 1555]
[1556 1628]
[1629 1652]
[1653 1709]
[1710 1726]
[1727 1749]
[1750 1780]
[1781 1819]
[1820 1852]
[1853 1879]
[1880 2484]
[2485 2525]
[2526 2574]
[2575 2616]
[2617 2661]
[2662 2701]
[2702 2748]
[2749 2795]
[2796 2854]
[2855 2893]
[2894 2940]
[2941 3064]
[3065 3147]
[3148 3220]
[3221 3298]
[3299 3406]
[3407 3460]
[3461 3483]
[3484 3522]
[3523 3546]
[3547 3573]
[3574 3617]
[3618 3656]
[3657 3716]
[3717 3763]
[3764 3850]
[3851 3905]
[3906 3961]
[3962 4027]
[4028 4504]
[4505 4577]
[4578 4658]
[4659 4733]
[4734 4811]
[4812 4847]
[4848 4906]
[4907 4934]
[4935 4987]
[4988 5016]
[5017 5065]
[5066 5116]
[5117 5162]
[5163 5223]
[5224 5293]
[5294 5392]
[5393 5429]
[5430 5475]
[5476 5548]
[5549 5666]
[5667 5740]
[5741 5811]
[5812 5876]
[5877 5915]
[5916 5967]
[5968 6403]
[6404 6480]
[6481 6536]
[6537 6620]
[6621 6671]
[6672 6682]
[6683 6723]
[6724 6770]
[6771 6801]
[6802 6973]
[6974 7007]
[7008 7048]
[7049 7075]
[7076 7158]
[7159 7177]
[7178 7289]
[7290 7377]
[7378 7432]
[7433 7474]
[7475 7528]
[7529 7564]
[7565 7606]
[7607 7635]
[7636 7674]
[7675 7718]
[7719 7794]
[7795 7824]
[7825 7859]
[7860 7908]
[7909 8248]
[8249 8335]
[8336 8425]
[8426 8487]
[8488 8537]
[8538 8569]
[8570 8662]
[8663 8695]
[8696 8779]
[8780 8830]
[8831 8943]
[8944 8998]
[8999 9060]
[9061 9126]
[9127 9183]
[9184 9247]
[9248 9311]
[9312 9373]
[9374 9426]
[9427 9476]
[9477 9539]
[9540 10074]
[10075 10156]
[10157 10225]
[10226 10277]
[10278 10320]
[10321 10381]
[10382 10561]
[10562 10655]
[10656 10739]
[10740 10819]
[10820 10871]
[10872 11085]
[11086 11158]
[11159 11227]
[11228 11322]
[11323 11389]
[11390 11475]
[11476 11551]
[11552 11849]
[11850 11926]
[11927 11994]
[11995 12054]
[12055 12129]
[12130 12162]
[12163 12209]
[12210 12237]
[12238 12261]
[12262 12281]
[12282 12319]
[12320 12453]
[12454 12526]
[12527 12576]
[12577 12656]
[12657 12671]
[12672 12720]
[12721 12774]
[12775 12821]
[12822 12848]
[12849 12922]
[12923 12968]
[12969 13030]
[13031 13056]
[13057 13153]
[13154 13182]
[13183 13231]
[13232 13371]
[13372 13422]
[13423 13469]
[13470 13488]
[13489 13518]
[13519 13551]
[13552 13586]
[13587 13622]
[13623 13649]
[13650 13684]
[13685 13717]
[13718 13815]
[13816 14266]
[14267 14348]
[14349 14435]
[14436 14494]
[14495 14556]
[14557 14628]
[14629 14751]
[14752 14845]
[14846 14968]
[14969 15076]
[15077 15186]
[15187 15262]
[15263 15497]
[15498 15622]
[15623 15711]
[15712 15790]
[15791 15861]
[15862 15935]
[15936 16014]
[16015 16103]
[16104 16205]
[16206 16305]
[16306 16380]
[16381 16574]
[16575 16712]
[16713 16817]
[16818 16919]
[16920 17002]
[17003 17084]
[17085 17440]
[17441 17591]
[17592 17784]
[17785 17830]
[17831 17870]
[17871 17909]
[17910 18078]
[18079 18107]
[18108 18143]
[18144 18177]
[18178 18222]
[18223 18271]
[18272 18306]
[18307 18389]
[18390 18507]
[18508 18847]
[18848 18945]
[18946 19042]
[19043 19129]
[19130 19221]
[19222 19338]
[19339 19387]
[19388 19445]
[19446 19502]
[19503 19615]
[19616 19679]
[19680 19748]
[19749 19810]
[19811 19865]
[19866 19914]
[19915 19957]
[19958 20003]
[20004 20048]
[20049 20084]
[20085 20184]
[20185 20253]
[20254 20355]
[20356 20755]
[20757 20864]
[20865 20990]
[20991 21111]
[21112 21267]
[21268 21418]
[21419 21482]
[21483 21849]
[21850 22133]
[22134 22243]
[22244 22344]
[22345 22430]
[22431 22509]
[22510 22605]
[22606 22700]
[22701 22899]
[22900 23001]
[23002 23131]
[23132 23207]
[23208 23336]
[23337 23648]
[23649 23796]
[23797 23847]
[23848 23919]
[23920 23949]
[23950 24012]
[24013 24088]
[24089 24160]
[24161 24228]
[24229 24264]
[24265 24309]
[24310 24338]
[24339 24432]
[24433 24468]
[24469 24514]
[24515 24554]
[24555 24598]
[24599 24653]
[24654 24725]
[24726 24773]
[24774 24808]
[24809 24842]
[24843 24949]
[24950 24986]
[24987 25018]
[25019 25046]
[25047 25088]
[25089 25129]
[25130 25202]
[25203 25240]
[25241 25274]
[25275 25302]
[25303 25393]
[25394 25792]
[25793 25833]
[25834 25876]
[25877 25912]
[25913 25949]
[25950 25978]
[25979 26034]
[26035 26098]
[26099 26122]
[26123 26179]
[26180 26211]
[26212 26244]
[26245 26325]
[26326 26377]
[26378 26431]
[26432 26500]
[26501 26816]
[26817 26920]
[26921 26970]
[26971 27008]
[27009 27043]
[27044 27089]
[27090 27122]
[27123 27226]
[27227 27265]
[27266 27304]
[27305 27353]
[27354 27392]
[27393 27426]
[27427 27457]
[27458 27518]
[27519 27566]
[27567 27633]
[27634 27694]
[27695 27780]
[27781 27824]
[27825 27878]
[27879 27934]
[27935 28208]
[28209 28344]
[28345 28534]
[28535 28715]
[28716 28818]
[28819 28878]
[28879 28921]
[28922 29000]
[29001 29196]
[29197 29283]
[29284 29361]
[29362 29417]
[29418 29479]
[29480 29541]
[29542 29584]
[29585 29649]
[29650 29742]
[29743 29802]
[29803 29877]
[29878 29961]
[29962 30016]
[30017 30064]
[30065 30108]
[30109 30530]
[30531 30659]
[30660 30807]
[30808 30839]
[30840 30995]
[30996 31192]
[31193 31369]
[31370 31488]
[31489 31570]
[31571 31638]
[31639 31691]
[31692 32012]
[32013 32172]
[32173 32352]
[32353 32457]
[32458 32558]
[32559 32682]
[32683 32754]
[32755 32813]
[32814 32892]
[32893 32935]
[32936 33526]
[33527 33618]
[33619 33690]
[33691 33798]
[33799 33878]
[33879 33956]
[33957 34042]
[34043 34126]
[34127 34211]
[34212 34285]
[34286 34354]
[34355 34419]
[34420 34511]
[34512 34933]
[34934 35018]
