[0 3]
[4 46]
[47 330]
[331 380]
[381 422]
[423 463]
[464 507]
[508 560]
[561 600]
[601 631]
[632 664]
[665 695]
[696 726]
[727 756]
[757 793]
[794 838]
[839 879]
[880 955]
[956 1598]
[1599 1629]
[1630 1748]
[1749 1800]
[1801 1836]
[1837 1852]
[1853 1893]
[1894 1934]
[1935 1951]
[1952 2023]
[2024 2076]
[2077 2146]
[2147 2204]
[2205 2249]
[2250 2286]
[2287 2318]
[2319 2358]
[2359 2391]
[2392 2479]
[2480 2595]
[2596 2624]
[2625 2655]
[2656 2681]
[2682 2769]
[2770 2828]
[2829 2879]
[2880 2943]
[2944 3025]
[3026 3142]
[3143 3378]
[3379 3443]
[3444 3834]
[3835 3925]
[3926 3965]
[3966 4066]
[4067 4188]
[4189 4253]
[4254 4402]
[4403 4481]
[4482 4547]
[4548 4636]
[4637 4728]
[4729 4893]
[4894 5367]
[5368 5436]
[5437 5498]
[5499 5583]
[5584 5654]
[5655 5702]
[5703 5765]
[5766 5851]
[5852 5910]
[5911 5973]
[5974 6024]
[6025 6093]
[6094 6222]
[6223 6273]
[6274 6321]
[6322 6353]
[6354 6501]
[6502 6630]
[6631 6780]
[6781 6873]
[6874 7134]
[7135 7332]
[7333 7369]
[7370 7422]
[7423 7454]
[7455 7593]
[7594 7659]
[7660 7805]
[7806 7847]
[7848 7876]
[7877 7965]
[7966 7999]
[8000 8019]
[8020 8084]
[8085 8152]
[8153 8192]
[8193 8270]
[8271 8397]
[8398 8479]
[8480 8516]
[8517 8670]
[8671 8812]
[8813 9082]
[9083 9138]
[9139 9188]
[9189 9272]
[9273 9318]
[9319 9415]
[9416 9453]
[9454 9620]
[9621 9693]
[9694 9751]
[9752 9824]
[9825 9867]
[9868 9907]
[9908 9956]
[9957 10009]
[10010 10133]
[10134 10179]
[10180 10248]
[10249 10303]
[10304 10356]
[10357 10433]
[10434 10486]
[10487 10526]
[10527 10563]
[10564 10626]
[10627 10954]
[10955 11019]
[11020 11093]
[11094 11136]
[11137 11277]
[11278 11303]
[11304 11389]
[11390 11429]
[11430 11502]
[11503 11586]
[11587 11660]
[11661 11708]
[11709 11756]
[11757 11819]
[11820 11960]
[11961 12024]
[12025 12074]
[12075 12144]
[12145 12186]
[12187 12232]
[12233 12264]
[12265 12308]
[12309 12351]
[12352 12382]
[12383 12428]
[12429 12489]
[12490 12590]
[12591 12645]
[12646 12770]
[12771 12824]
[12825 12877]
[12878 12982]
[12983 13017]
[13018 13056]
[13057 13102]
[13103 13155]
[13156 13193]
[13194 13245]
[13246 13283]
[13284 13322]
[13323 13356]
[13357 13410]
[13411 13466]
[13467 13535]
[13536 13595]
[13596 13646]
[13647 13685]
[13686 13714]
[13715 13750]
[13751 13811]
[13812 13909]
[13910 14255]
[14256 14364]
[14365 14501]
[14502 14649]
[14650 14735]
[14736 14869]
[14870 14971]
[14972 15194]
[15195 15219]
[15220 15512]
[15513 15835]
[15836 15884]
[15885 15943]
[15944 15984]
[15985 16048]
[16049 16126]
[16127 16156]
[16157 16192]
[16193 16237]
[16238 16289]
[16290 16322]
[16323 16376]
[16377 16421]
[16422 16478]
[16479 16538]
[16539 16579]
[16580 16658]
[16659 16697]
[16698 16741]
[16742 16789]
[16790 16830]
[16831 16906]
[16907 16963]
[16964 17064]
[17065 17123]
[17124 17242]
[17243 17413]
[17414 17551]
[17552 17607]
[17608 17676]
[17677 17739]
[17740 17844]
[17845 17998]
[17999 18050]
[18051 18167]
[18168 18231]
[18232 18290]
[18291 18390]
[18391 18441]
[18442 18502]
[18503 18573]
[18574 18627]
[18628 18677]
[18678 18974]
[18975 19157]
[19158 19225]
[19226 19293]
[19294 19362]
[19363 19463]
[19464 19672]
[19673 19732]
[19733 20151]
[20152 20321]
[20322 20444]
[20445 20617]
[20618 20740]
[20741 20874]
[20875 21039]
[21040 21260]
[21261 21352]
[21353 21420]
[21421 21521]
[21522 21588]
[21589 21789]
[21790 21873]
[21874 21927]
[21928 22021]
[22022 22058]
[22059 22095]
[22096 22142]
[22143 22163]
[22164 22208]
[22209 22390]
[22391 22423]
[22424 22482]
[22483 22583]
[22584 22640]
[22641 22689]
[22690 22733]
[22734 22795]
[22796 22845]
[22846 22878]
[22879 22924]
[22925 22979]
[22980 23048]
[23049 23080]
[23081 23159]
[23160 23192]
[23193 23227]
[23228 23258]
[23259 23345]
[23346 23421]
[23422 23721]
[23722 23794]
[23795 23851]
[23852 23873]
[23874 23947]
[23948 24012]
[24013 24071]
[24072 24141]
[24142 24199]
[24200 24244]
[24245 24273]
[24274 24305]
[24306 24372]
[24373 24430]
[24431 24450]
[24451 24519]
[24520 24556]
[24557 25179]
[25180 25222]
[25223 25335]
[25336 25516]
[25517 25575]
[25576 25696]
[25697 25764]
[25765 25901]
[25902 25990]
[25991 26022]
[26023 26135]
[26136 26227]
[26228 26468]
[26469 26620]
[26621 26695]
[26696 26770]
[26771 26920]
[26921 26995]
[26996 27013]
[27014 27267]
[27268 27636]
[27637 27669]
[27670 27717]
[27718 27758]
[27759 27821]
[27822 27871]
[27872 28073]
[28074 28124]
[28125 28169]
[28170 28202]
[28203 28259]
[28260 28298]
[28299 28346]
[28347 28399]
[28400 28454]
[28455 28505]
[28506 28631]
[28632 28686]
[28687 28905]
[28906 28934]
[28935 28982]
[28983 29035]
[29036 29122]
[29123 29345]
[29346 29396]
[29397 29494]
[29495 29648]
[29649 29696]
[29697 29752]
[29753 29819]
[29820 29849]
[29850 29901]
[29902 29937]
[29938 30206]
[30207 30262]
[30263 30302]
[30303 30336]
[30337 30469]
[30470 30565]
[30566 30653]
[30654 30711]
[30712 30758]
[30759 30863]
[30864 30910]
[30911 30973]
[30974 31010]
[31011 31071]
[31072 31152]
[31153 31219]
[31220 31264]
[31265 31331]
[31332 31582]
[31583 31660]
[31661 31693]
[31694 31749]
[31750 31795]
[31796 31855]
[31856 31921]
[31922 31976]
[31977 32040]
[32041 32098]
[32099 32152]
[32153 32292]
[32293 32340]
[32341 32371]
[32372 32423]
[32424 32469]
[32470 32785]
[32786 32847]
[32848 32973]
[32974 33085]
[33086 33213]
[33214 33262]
[33263 33378]
[33379 33495]
[33496 33563]
[33564 33614]
[33615 33679]
[33680 33769]
[33770 33907]
[33908 33961]
[33962 34068]
[34069 34118]
[34119 34140]
[34141 34254]
[34255 34316]
[34317 34373]
[34374 34414]
[34415 34485]
[34486 34526]
[34527 34640]
[34641 34808]
[34809 34901]
[34902 34940]
[34941 35026]
[35027 35126]
[35127 35781]
[35782 35853]
[35854 35924]
[35925 36285]
[36286 36323]
[36324 36377]
[36378 36486]
[36487 36517]
[36518 36573]
[36574 36598]
[36599 36656]
[36657 36690]
[36691 36738]
[36739 36901]
[36902 36963]
[36964 37012]
[37013 37059]
[37060 37106]
[37107 37151]
[37152 37175]
[37176 37248]
[37249 37656]
[37658 37757]
