[ 0 29]
[30 81]
[ 82 181]
[182 227]
[228 264]
[265 308]
[309 350]
[351 394]
[395 424]
[425 495]
[496 583]
[584 706]
[707 730]
[731 784]
[785 832]
[833 870]
[ 871 1314]
[1315 1414]
[1415 1468]
[1469 1487]
[1488 1529]
[1530 1551]
[1552 1583]
[1584 1602]
[1603 1624]
[1625 1643]
[1644 1672]
[1673 1705]
[1706 1801]
[1802 2464]
[2465 2550]
[2551 2634]
[2635 2729]
[2730 2829]
[2830 2920]
[2921 3015]
[3016 3103]
[3104 3202]
[3203 3290]
[3291 3390]
[3391 3493]
[3494 3597]
[3598 3723]
[3724 3833]
[3834 3931]
[3932 4033]
[4034 4150]
[4151 4285]
[4286 4407]
[4408 4528]
[4529 4593]
[4594 5037]
[5038 5172]
[5173 5276]
[5277 5372]
[5373 5507]
[5508 5620]
[5621 5745]
[5746 5842]
[5843 6001]
[6002 6114]
[6115 6221]
[6222 6337]
[6338 6450]
[6451 7852]
[7853 7984]
[7985 8115]
[8116 8247]
[8248 8378]
[8379 8510]
[8511 8641]
[8642 8815]
[8816 9028]
[9029 9280]
[9281 9496]
[9497 9625]
[9626 9726]
[9727 9813]
[9814 9943]
[ 9944 10043]
[10044 10134]
[10135 10212]
[10213 10277]
[10278 10381]
[10382 10472]
[10473 10520]
[10521 10583]
[10584 10908]
[10909 10973]
[10974 11103]
[11104 11181]
[11182 11259]
[11260 11350]
[11351 11428]
[11429 11506]
[11507 11558]
[11559 11631]
[11632 11739]
[11740 11790]
[11791 11851]
[11852 11916]
[11917 11976]
[11977 12042]
[12043 12097]
[12098 12161]
[12162 12219]
[12220 12275]
[12276 12463]
[12464 12519]
[12520 12652]
[12653 12716]
[12717 12779]
[12780 12823]
[12824 12869]
[12870 12944]
[12945 13036]
[13037 13070]
[13071 13198]
[13199 13323]
[13324 13845]
[13846 13933]
[13934 14068]
[14069 14218]
[14219 14362]
[14363 14477]
[14478 14582]
[14583 14688]
[14689 14800]
[14801 14953]
[14954 15030]
[15031 15121]
[15122 15196]
[15197 15627]
[15628 15814]
[15815 15973]
[15974 16126]
[16127 16241]
[16242 16390]
[16391 16567]
[16568 16666]
[16667 16859]
[16860 16972]
[16973 17172]
[17173 17340]
[17341 17452]
[17453 17599]
[17600 17747]
[17748 17910]
[17911 19762]
[19763 19921]
[19922 20069]
[20070 20214]
[20215 20365]
[20366 20525]
[20526 20640]
[20641 20760]
[20761 20896]
[20897 21031]
[21032 21699]
[21700 22172]
[22173 22249]
