[ 0 29]
[30 81]
[ 82 181]
[182 241]
[242 305]
[306 358]
[359 414]
[415 468]
[469 520]
[521 574]
[575 628]
[629 682]
[683 736]
[737 790]
[791 844]
[845 902]
[903 950]
[ 951 1001]
[1002 1054]
[1055 1506]
[1507 1560]
[1561 1579]
[1580 1621]
[1622 1643]
[1644 1675]
[1676 1694]
[1695 1716]
[1717 1736]
[1737 1764]
[1765 1797]
[1798 1831]
[1832 1869]
[1870 1969]
[1970 2513]
[2514 2572]
[2573 2739]
[2740 3050]
[3051 3274]
[3275 3440]
[3441 3544]
[3545 3636]
[3637 4020]
[4021 4073]
[4074 4186]
[4187 4283]
[4284 4388]
[4389 4494]
[4495 4661]
[4662 4752]
[4753 4906]
[4907 5210]
[5211 5288]
[5289 5421]
[5422 5761]
[5762 5815]
[5816 5876]
[5877 5967]
[5968 6017]
[6018 6383]
[6384 6441]
[6442 6523]
[6524 6600]
[6601 6658]
[6659 6732]
[6733 6804]
[6805 6868]
[6869 6926]
[6927 6987]
[6988 7042]
[7043 7091]
[7092 7170]
[7171 7234]
[7235 7334]
[7335 7672]
[7673 7954]
[7955 8035]
[8036 8123]
[8124 8204]
[8205 8313]
[8314 8331]
[8332 8419]
[8420 8500]
[8501 8609]
[8610 8622]
[8623 8731]
[8732 8749]
[8750 8754]
[8755 8963]
[8964 9280]
[9281 9342]
[9343 9418]
[9419 9488]
[9489 9556]
[9557 9621]
[9622 9686]
[9687 9739]
[9740 9799]
[9800 9870]
[9871 9934]
[9935 9994]
[ 9995 10064]
[10065 10136]
[10137 10205]
[10206 10426]
[10427 10780]
[10781 11005]
[11006 11232]
[11233 11475]
[11476 11734]
[11735 11843]
[11844 11889]
[11890 11964]
[11965 12056]
[12057 12090]
[12091 12218]
[12219 12343]
[12344 12754]
[12755 12793]
[12794 12822]
[12823 12860]
[12861 12912]
[12913 12980]
[12981 13043]
[13044 13118]
[13119 13187]
[13188 13239]
[13240 13284]
[13285 13371]
[13372 13655]
[13656 13725]
[13726 13793]
[13794 13850]
[13851 13907]
[13908 13976]
[13977 14076]
[14077 14147]
[14148 14207]
[14208 14261]
[14262 14317]
[14318 14372]
[14373 14431]
[14432 14484]
[14485 14531]
[14532 14574]
[14575 14847]
[14848 14938]
[14939 15053]
[15054 15154]
[15155 15327]
[15328 15478]
[15479 15536]
[15537 15580]
[15581 15631]
[15632 15674]
[15675 15713]
[15714 15745]
[15746 15790]
[15791 15835]
[15836 15908]
[15909 16118]
[16119 16189]
[16190 16262]
[16263 16337]
[16338 16408]
[16409 16477]
[16478 16536]
[16537 16888]
[16889 16949]
[16950 17020]
[17021 17079]
[17080 17144]
[17145 17188]
[17189 17235]
[17236 17278]
[17279 17333]
[17334 17381]
[17382 17444]
[17445 17508]
[17509 17612]
[17613 18297]
[18298 18852]
[18853 18949]
