[ 0 29]
[30 81]
[ 82 181]
[182 241]
[242 305]
[306 358]
[359 414]
[415 468]
[469 520]
[521 574]
[575 628]
[629 682]
[683 736]
[737 790]
[791 902]
[903 950]
[ 951 1001]
[1002 1054]
[1055 1495]
[1496 1549]
[1550 1568]
[1569 1610]
[1611 1632]
[1633 1664]
[1665 1683]
[1684 1705]
[1706 1725]
[1726 1753]
[1754 1786]
[1787 1820]
[1821 1858]
[1859 1958]
[1959 2433]
[2434 2477]
[2478 2578]
[2579 2681]
[2682 2769]
[2770 2860]
[2861 2946]
[2947 3032]
[3033 3124]
[3125 3220]
[3221 3328]
[3329 3420]
[3421 3494]
[3495 3557]
[3558 3703]
[3704 4052]
[4053 4186]
[4187 4271]
[4272 4384]
[4385 4473]
[4474 4557]
[4558 5418]
[5419 5542]
[5543 5652]
[5653 5742]
[5743 5775]
[5776 7026]
[7027 7151]
[7152 7275]
[7276 7391]
[7392 7505]
[7506 7573]
[7574 8108]
[8109 8141]
[8142 8180]
[8181 8224]
[8225 8271]
[8272 8308]
[8309 8346]
[8347 8395]
[8396 8451]
[8452 8519]
[8520 8571]
[8572 8634]
[8635 8755]
[8756 8842]
[8843 8943]
[8944 9193]
[9194 9383]
[9384 9426]
[9427 9533]
[9534 9577]
[9578 9613]
[9614 9660]
[9661 9694]
[9695 9740]
[9741 9779]
[9780 9834]
[9835 9927]
[ 9928 10142]
[10143 10177]
[10178 10233]
[10234 10291]
[10292 10354]
[10355 10403]
[10404 10462]
[10463 10506]
[10507 10571]
[10572 10640]
[10641 10730]
[10731 10790]
[10791 10804]
[10805 10853]
[10854 10901]
[10902 10968]
[10969 11014]
[11015 11066]
[11067 11108]
[11109 11161]
[11162 11206]
[11207 11252]
[11253 11343]
[11344 11443]
[11444 11791]
[11792 11833]
[11834 11864]
[11865 11940]
[11941 12007]
[12008 12195]
[12196 12299]
[12300 12561]
[12562 12668]
[12669 12921]
[12922 13003]
[13004 13094]
[13095 13197]
[13198 13275]
[13276 13359]
[13360 13435]
[13436 13507]
[13508 13771]
[13772 14033]
[14034 14075]
[14076 14179]
[14180 14280]
[14281 14413]
[14414 14528]
[14529 14667]
[14668 14806]
[14807 14852]
[14853 14927]
[14928 15019]
[15020 15053]
[15054 15181]
[15182 15306]
[15307 16022]
[16023 16153]
[16154 16284]
[16285 16386]
[16387 16496]
[16497 16588]
[16589 16685]
[16686 16853]
[16854 16960]
[16961 17379]
[17380 17463]
[17464 17559]
[17560 17665]
[17666 17770]
[17771 17867]
[17868 17977]
[17978 18285]
[18286 18687]
[18688 18900]
[18901 19013]
[19014 19135]
[19136 19291]
[19292 19436]
[19437 19604]
[19605 19884]
[19885 20059]
[20060 20151]
[20152 20227]
[20228 20305]
[20306 20377]
[20378 20465]
[20466 20555]
[20556 20638]
[20639 20732]
[20733 20834]
[20835 21841]
[21842 21954]
[21955 22047]
[22048 22142]
[22143 22243]
[22244 22352]
[22353 22595]
[22596 22706]
[22707 23476]
[23477 23691]
[23692 23768]
[23769 23832]
[23833 23915]
[23916 23998]
[23999 24091]
[24092 24179]
[24180 24268]
[24269 24361]
[24362 24464]
[24465 25156]
[25157 25711]
[25712 25799]
