[ 0 29]
[30 81]
[ 82 181]
[182 206]
[207 254]
[255 309]
[310 355]
[356 435]
[436 498]
[499 537]
[538 570]
[571 626]
[627 672]
[673 705]
[706 749]
[750 797]
[798 840]
[ 841 1279]
[1280 1365]
[1366 1419]
[1420 1438]
[1439 1480]
[1481 1502]
[1503 1534]
[1535 1553]
[1554 1575]
[1576 1595]
[1596 1623]
[1624 1656]
[1657 1690]
[1691 1728]
[1729 2102]
[2103 2173]
[2174 2238]
[2239 2317]
[2318 2411]
[2412 2477]
[2478 2879]
[2880 2913]
[2914 2952]
[2953 3008]
[3009 3122]
[3123 3171]
[3172 3267]
[3268 3319]
[3320 3344]
[3345 3411]
[3412 3476]
[3477 3545]
[3546 3627]
[3628 3689]
[3690 3744]
[3745 3766]
[3767 4502]
[4503 4631]
[4632 4701]
[4702 4769]
[4770 4875]
[4876 5310]
[5311 5398]
[5399 5492]
[5493 5587]
[5588 5700]
[5701 5809]
[5810 5904]
[5905 6283]
[6284 6413]
[6414 6480]
[6481 6601]
[6602 6670]
[6671 7087]
[7088 7169]
[7170 7262]
[7263 7403]
[7404 7468]
[7469 7637]
[7638 7706]
[7707 7794]
[7795 7861]
[7862 7927]
[7928 8013]
[8014 8334]
[8335 8413]
[8414 8590]
[8591 8753]
[8754 8908]
[8909 9115]
[9116 9270]
[9271 9413]
[9414 9579]
[9580 9734]
[9735 9962]
[ 9963 10266]
[10267 10362]
[10363 10455]
[10456 10545]
[10546 10644]
[10645 10736]
[10737 10765]
[10766 10830]
[10831 10923]
[10924 11006]
[11007 11109]
[11110 11193]
[11194 11249]
[11250 11624]
[11625 11705]
[11706 11789]
[11790 11857]
[11858 11924]
[11925 11991]
[11992 12090]
[12091 12156]
[12157 12222]
[12223 12301]
[12302 12497]
[12498 12551]
[12552 12570]
[12571 12612]
[12613 12634]
[12635 12666]
[12667 12685]
[12686 12707]
[12708 12726]
[12728 12755]
[12756 12788]
[12789 12822]
[12823 12860]
[12861 12946]
[12947 13375]
[13376 13467]
[13468 13562]
[13563 13667]
[13668 13765]
[13766 13844]
[13845 13933]
[13934 14544]
[14545 14633]
[14634 14728]
[14729 14809]
[14810 14936]
[14937 15033]
[15034 15128]
[15129 15622]
[15623 15759]
[15760 15873]
[15874 15967]
[15968 16233]
[16234 16311]
[16312 16392]
[16393 16464]
[16465 16549]
[16550 16637]
[16638 16726]
[16727 16831]
[16832 16909]
[16910 16995]
[16996 17936]
[17937 18027]
[18028 18103]
[18104 18182]
[18183 18277]
[18278 18370]
[18371 18459]
[18460 18531]
[18532 18620]
[18621 19101]
[19102 19184]
[19185 19316]
[19317 19421]
[19422 19525]
[19526 19607]
[19608 19690]
[19691 19781]
[19782 19974]
[19975 20644]
[20645 21117]
[21118 21199]
