[ 0 29]
[30 81]
[ 82 181]
[182 241]
[242 305]
[306 358]
[359 423]
[424 468]
[469 520]
[521 574]
[575 628]
[629 736]
[737 790]
[791 895]
[896 949]
[ 950 1001]
[1002 1054]
[1055 1499]
[1500 1553]
[1554 1572]
[1573 1614]
[1615 1636]
[1637 1668]
[1669 1687]
[1688 1709]
[1710 1729]
[1730 1757]
[1758 1790]
[1791 1824]
[1825 1862]
[1863 1962]
[1963 2366]
[2367 2442]
[2443 2474]
[2475 2544]
[2545 2613]
[2614 2686]
[2687 2764]
[2765 2844]
[2845 2931]
[2932 3014]
[3015 3127]
[3128 3206]
[3207 3286]
[3287 3364]
[3365 3464]
[3465 3598]
[3599 3695]
[3696 3842]
[3843 4273]
[4274 4330]
[4331 4432]
[4433 4514]
[4515 4545]
[4546 4773]
[4774 5213]
[5214 6390]
[6391 6489]
[6490 6539]
[6540 6608]
[6609 6662]
[6663 6726]
[6727 7023]
[7024 7119]
[7120 7214]
[7215 7317]
[7318 7398]
[7399 7474]
[7475 7556]
[7557 7900]
[7901 7962]
[7963 8012]
[8013 8095]
[8096 8889]
[8890 9256]
[9257 9374]
[9375 9483]
[9484 9623]
[9624 9772]
[9773 9863]
[9864 9919]
[9920 9984]
[ 9985 10133]
[10134 10271]
[10272 10359]
[10360 10399]
[10400 10499]
[10500 10788]
[10789 10862]
[10863 10928]
[10929 10959]
[10960 11151]
[11152 11223]
[11224 11292]
[11293 11360]
[11361 11435]
[11436 11497]
[11498 11567]
[11568 11637]
[11638 11755]
[11756 11892]
[11893 11957]
[11958 12148]
[12149 12302]
[12303 12556]
[12557 12615]
[12616 12660]
[12661 12687]
[12688 12739]
[12740 12765]
[12766 12814]
[12815 12840]
[12841 12928]
[12929 13019]
[13020 13133]
[13134 13221]
[13222 13329]
[13330 13421]
[13422 13514]
[13515 13774]
[13775 13884]
[13885 14113]
[14114 14209]
[14210 14314]
[14315 14417]
[14418 14521]
[14522 14622]
[14623 14687]
[14688 14715]
[14716 14761]
[14762 14836]
[14837 14928]
[14930 14962]
[14963 15090]
[15091 15215]
[15216 15716]
[15717 15808]
[15809 15905]
[15906 15997]
[15998 16081]
[16082 16173]
[16174 16251]
[16252 16343]
[16344 16444]
[16445 16539]
[16540 16658]
[16659 16761]
[16762 16845]
[16846 16942]
[16943 17558]
[17559 17632]
[17633 17706]
[17707 17766]
[17767 17828]
[17829 17892]
[17893 17953]
[17954 18027]
[18028 18104]
[18105 18757]
[18758 18825]
[18826 18885]
[18886 18955]
[18956 19054]
[19055 19155]
[19156 19258]
[19259 19350]
[19351 19437]
[19438 19520]
[19521 19612]
[19613 19701]
[19702 19792]
[19793 19890]
[19891 19960]
[19961 20033]
[20034 20133]
[20134 20838]
[20839 21393]
[21394 21499]
