[ 0 29]
[30 81]
[ 82 181]
[182 241]
[242 305]
[306 414]
[415 468]
[469 520]
[521 628]
[629 682]
[683 736]
[737 790]
[791 844]
[845 902]
[903 950]
[ 951 1001]
[1002 1054]
[1055 1503]
[1504 1557]
[1558 1576]
[1577 1618]
[1619 1640]
[1641 1672]
[1673 1691]
[1692 1713]
[1714 1733]
[1734 1761]
[1762 1794]
[1795 1828]
[1829 1866]
[1867 1966]
[1967 2307]
[2308 2353]
[2354 2418]
[2419 2485]
[2486 2552]
[2553 2625]
[2626 2858]
[2859 2916]
[2917 3020]
[3021 3099]
[3100 3151]
[3152 3234]
[3235 3304]
[3305 3389]
[3390 3481]
[3482 3568]
[3569 3655]
[3656 3751]
[3752 3834]
[3835 3894]
[3895 3943]
[3944 4002]
[4003 4085]
[4086 4409]
[4410 4581]
[4582 4672]
[4673 4747]
[4748 4848]
[4849 4956]
[4957 5031]
[5032 5119]
[5120 5265]
[5266 5451]
[5452 5481]
[5482 5527]
[5528 5570]
[5571 5621]
[5622 5670]
[5671 6874]
[6875 6898]
[6899 6927]
[6928 6960]
[6961 6994]
[6995 7059]
[7060 7168]
[7169 7224]
[7225 7272]
[7273 7485]
[7486 7510]
[7511 7574]
[7575 7626]
[7627 7669]
[7670 7713]
[7714 7803]
[7804 7926]
[7927 8034]
[8035 8255]
[8256 8314]
[8315 8375]
[8376 8448]
[8449 8483]
[8484 8525]
[8526 8565]
[8566 8626]
[8627 8713]
[8714 8753]
[8754 8875]
[8876 8969]
[8970 9035]
[9036 9112]
[9113 9202]
[9203 9940]
[ 9941 10040]
[10041 10102]
[10103 10139]
[10140 10204]
[10205 10248]
[10249 10345]
[10346 10850]
[10851 10884]
[10885 10933]
[10934 10994]
[10995 11026]
[11027 11074]
[11075 11174]
[11175 11415]
[11416 12114]
[12115 12615]
[12616 12945]
[12946 13006]
[13007 13071]
[13072 13133]
[13134 13185]
[13186 13246]
[13247 13300]
[13301 13368]
[13369 13416]
[13417 13461]
[13462 13506]
[13507 13558]
[13559 13618]
[13619 13678]
[13679 13747]
[13748 13791]
[13792 13917]
[13918 13971]
[13972 14036]
[14037 14094]
[14095 14149]
[14150 14195]
[14196 14270]
[14271 14362]
[14363 14396]
[14397 14524]
[14525 14649]
[14650 14815]
[14816 15342]
[15343 15451]
[15452 15675]
[15676 15752]
[15753 15860]
[15861 15958]
[15959 16101]
[16102 16281]
[16282 16414]
[16415 16512]
[16513 16631]
[16632 16756]
[16757 16867]
[16868 16989]
[16990 17716]
[17717 17906]
[17907 18555]
[18556 18712]
[18713 18916]
[18917 19169]
[19170 20041]
[20042 20945]
[20946 21082]
[21083 21223]
[21224 21371]
[21372 21470]
[21471 21705]
[21706 21875]
[21876 22076]
[22077 22189]
[22190 22604]
[22605 23362]
[23363 23917]
[23918 23999]
