[ 0 29]
[30 81]
[ 82 241]
[242 305]
[306 358]
[359 418]
[419 468]
[469 520]
[521 574]
[575 628]
[629 682]
[683 736]
[737 790]
[791 895]
[896 949]
[ 950 1001]
[1002 1054]
[1055 1481]
[1482 1535]
[1536 1554]
[1555 1596]
[1597 1618]
[1619 1650]
[1651 1669]
[1670 1691]
[1692 1711]
[1712 1739]
[1740 1772]
[1773 1806]
[1807 1844]
[1845 1944]
[1945 2406]
[2407 2448]
[2449 2534]
[2535 2583]
[2584 2647]
[2648 2711]
[2712 2768]
[2769 2834]
[2835 2886]
[2887 2935]
[2936 2979]
[2980 3033]
[3034 3099]
[3100 3150]
[3151 3204]
[3205 3266]
[3267 3331]
[3332 3383]
[3384 3440]
[3441 3484]
[3485 3792]
[3793 3828]
[3829 3918]
[3919 4001]
[4002 4078]
[4079 4172]
[4173 4254]
[4255 4319]
[4320 4402]
[4403 4495]
[4496 4565]
[4566 4649]
[4650 4730]
[4731 4808]
[4809 4939]
[4940 5020]
[5021 5111]
[5112 5199]
[5200 5268]
[5269 5547]
[5548 5729]
[5730 5834]
[5835 6029]
[6030 6466]
[6467 6803]
[6804 7174]
[7175 7265]
[7266 7380]
[7381 7525]
[7526 7787]
[7788 7852]
[7853 7901]
[7902 7978]
[7979 8054]
[8055 8116]
[8117 8174]
[8175 8227]
[8228 8285]
[8286 8341]
[8342 8412]
[8413 8503]
[8504 8622]
[8623 8679]
[8680 8722]
[8723 8766]
[8767 8809]
[8810 8857]
[8858 8902]
[8903 8983]
[8984 9058]
[9059 9128]
[9129 9191]
[9192 9280]
[9281 9337]
[9338 9989]
[ 9990 10045]
[10046 10092]
[10093 10166]
[10167 10200]
[10201 10248]
[10249 10299]
[10300 10357]
[10358 10427]
[10428 10486]
[10487 10548]
[10549 10595]
[10596 10651]
[10652 10705]
[10706 10751]
[10752 10817]
[10818 10917]
[10918 11154]
[11155 11399]
[11400 11727]
[11728 11807]
[11808 11873]
[11874 11927]
[11928 12018]
[12019 12306]
[12307 12633]
[12635 12886]
[12887 13492]
[13493 13591]
[13592 13637]
[13638 13712]
[13713 13804]
[13805 13838]
[13839 13966]
[13967 14091]
[14092 14653]
[14654 14732]
[14733 14805]
[14806 14924]
[14925 15019]
[15020 15034]
[15035 15108]
[15109 15240]
[15241 15350]
[15351 15465]
[15466 15588]
[15589 15633]
[15634 15765]
[15766 15831]
[15832 15930]
[15931 15998]
[15999 16071]
[16072 16146]
[16147 16218]
[16219 16282]
[16283 16347]
[16348 16454]
[16455 16569]
[16570 16645]
[16646 16718]
[16719 16812]
[16813 16905]
[16906 17357]
[17358 17815]
[17816 17896]
[17897 17972]
[17973 18299]
[18300 18387]
[18388 18443]
[18444 18510]
[18511 18594]
[18595 18674]
[18675 18772]
[18773 19211]
[19212 19275]
[19276 19329]
[19330 19391]
[19392 19442]
[19443 19485]
[19486 19521]
[19522 19574]
[19575 19621]
[19622 19661]
[19662 19699]
[19700 19743]
[19744 19784]
[19785 20424]
[20425 20979]
[20980 21049]
