[ 0 29]
[30 81]
[ 82 181]
[182 226]
[227 250]
[251 309]
[310 354]
[355 398]
[399 447]
[448 496]
[497 524]
[525 582]
[583 621]
[622 664]
[665 717]
[718 761]
[762 806]
[807 852]
[ 853 1337]
[1338 1423]
[1424 1477]
[1478 1496]
[1497 1538]
[1539 1560]
[1561 1592]
[1593 1611]
[1612 1633]
[1634 1653]
[1654 1681]
[1682 1714]
[1715 1748]
[1749 1786]
[1787 2028]
[2029 2171]
[2172 2249]
[2250 2348]
[2349 2448]
[2449 2557]
[2558 2695]
[2696 2825]
[2826 2913]
[2914 3072]
[3073 3200]
[3201 3267]
[3268 3324]
[3325 3529]
[3530 3665]
[3666 3725]
[3726 3789]
[3790 3870]
[3871 3925]
[3926 3998]
[3999 4055]
[4056 4124]
[4125 4194]
[4195 4250]
[4251 4304]
[4305 4380]
[4381 4469]
[4470 4523]
[4524 5044]
[5045 5197]
[5198 5289]
[5290 6012]
[6013 6127]
[6128 6200]
[6201 6294]
[6295 6398]
[6399 6514]
[6515 6551]
[6552 6637]
[6638 7171]
[7172 7253]
[7254 7378]
[7379 7510]
[7511 7676]
[7677 8699]
[8700 8831]
[8832 8997]
[8998 9124]
[9125 9276]
[9277 9440]
[9441 9541]
[9542 9829]
[ 9830 10175]
[10176 10247]
[10248 10352]
[10353 10419]
[10420 10524]
[10525 10637]
[10638 10762]
[10763 10911]
[10912 11007]
[11008 11104]
[11105 11211]
[11212 11563]
[11564 11656]
[11657 11706]
[11707 11789]
[11790 11853]
[11854 11949]
[11950 12026]
[12027 12169]
[12170 12240]
[12241 12453]
[12454 12554]
[12555 12615]
[12616 12740]
[12741 12829]
[12830 12883]
[12884 12902]
[12903 12944]
[12945 12966]
[12967 12998]
[12999 13017]
[13018 13039]
[13040 13058]
[13060 13087]
[13088 13120]
[13121 13154]
[13155 13192]
[13193 13278]
[13279 13771]
[13772 13989]
[13990 14531]
[14532 14602]
[14603 14662]
[14663 14725]
[14726 14785]
[14786 14839]
[14840 14908]
[14909 14990]
[14991 15069]
[15070 15140]
[15141 15202]
[15203 15297]
[15298 15430]
[15431 15498]
[15499 15608]
[15609 15815]
[15816 15884]
[15885 15936]
[15937 16178]
[16179 16382]
[16383 16467]
[16468 16545]
[16546 16715]
[16716 16871]
[16872 16972]
[16973 17055]
[17056 17146]
[17147 17358]
[17359 17419]
[17420 17512]
[17513 17756]
[17757 17833]
[17834 17904]
[17905 17957]
[17958 18031]
[18032 18111]
[18112 18194]
[18195 18281]
[18282 18360]
[18361 18421]
[18422 18483]
[18484 18555]
[18556 18737]
[18738 18953]
[18954 19061]
[19062 19132]
[19133 19207]
[19208 19306]
[19307 19366]
[19367 19446]
[19447 19618]
[19619 20319]
[20320 20799]
