[ 0 29]
[30 81]
[ 82 181]
[182 272]
[273 327]
[328 547]
[548 603]
[604 677]
[678 745]
[746 810]
[811 861]
[862 903]
[904 910]
[ 911 1352]
[1353 1452]
[1453 1506]
[1507 1525]
[1526 1567]
[1568 1589]
[1590 1621]
[1622 1640]
[1641 1662]
[1663 1681]
[1683 1710]
[1711 1743]
[1744 1838]
[1839 2206]
[2207 2297]
[2298 2389]
[2390 2514]
[2515 2616]
[2617 2741]
[2742 2866]
[2867 2950]
[2951 3041]
[3042 3101]
[3102 3560]
[3561 3729]
[3730 3896]
[3897 4018]
[4019 4151]
[4152 4241]
[4242 4372]
[4373 5238]
[5239 5433]
[5434 5642]
[5643 5864]
[5865 5983]
[5984 6098]
[6099 6174]
[6175 6461]
[6462 6545]
[6546 6627]
[6628 6702]
[6703 6768]
[6769 6867]
[6868 6950]
[6951 7017]
[7018 7077]
[7078 7149]
[7150 7240]
[7241 7299]
[7300 7360]
[7361 7454]
[7455 7519]
[7520 7619]
[7620 7934]
[7935 8193]
[8194 8503]
[8504 9325]
[9326 9599]
[9600 9715]
[9716 9814]
[9815 9958]
[ 9959 10095]
[10096 10241]
[10242 10335]
[10337 10354]
[10355 10468]
[10469 10595]
[10596 10703]
[10704 10742]
[10743 11044]
[11045 11202]
[11203 11312]
[11313 11488]
[11489 11589]
[11590 11688]
[11689 11749]
[11750 11846]
[11847 11952]
[11953 12050]
[12051 12161]
[12162 12269]
[12270 12446]
[12447 12544]
[12545 12657]
[12658 12709]
[12710 12755]
[12756 12830]
[12831 12922]
[12923 12956]
[12957 13084]
[13085 13184]
[13185 13684]
[13685 13749]
[13750 13800]
[13801 13842]
[13843 13895]
[13896 13962]
[13963 14267]
[14268 14766]
[14767 14928]
[14929 14994]
[14995 15095]
[15096 15146]
[15147 15232]
[15233 15308]
[15309 15384]
[15385 16563]
[16564 16989]
[16990 17069]
[17070 17157]
[17158 17230]
[17231 17299]
[17300 17366]
[17367 17439]
[17440 17525]
[17526 17620]
[17621 17724]
[17725 17962]
[17963 18221]
[18222 18306]
[18307 18368]
[18369 18520]
[18521 18582]
[18583 19255]
[19256 19264]
[19265 19494]
[19495 19595]
[19596 19658]
[19659 19730]
[19731 20359]
[20361 20832]
[20833 20949]
