[ 0 29]
[30 81]
[ 82 181]
[182 213]
[214 254]
[255 298]
[299 319]
[320 356]
[357 470]
[471 513]
[514 584]
[585 609]
[610 658]
[659 692]
[693 729]
[730 788]
[ 789 1342]
[1343 1442]
[1443 1496]
[1497 1515]
[1516 1557]
[1558 1579]
[1580 1611]
[1612 1630]
[1631 1652]
[1653 1672]
[1673 1700]
[1701 1733]
[1734 1767]
[1768 1828]
[1829 2131]
[2132 2237]
[2238 2348]
[2349 2449]
[2450 2491]
[2492 2932]
[2933 3007]
[3008 3153]
[3154 3288]
[3289 3353]
[3354 3388]
[3389 3426]
[3427 3467]
[3468 3511]
[3512 3555]
[3556 3617]
[3618 3682]
[3683 3728]
[3729 3813]
[3814 3896]
[3897 3980]
[3981 4041]
[4042 4108]
[4109 4176]
[4177 4479]
[4480 4566]
[4567 4656]
[4657 4770]
[4771 4899]
[4900 5025]
[5026 5075]
[5076 6613]
[6614 6669]
[6670 6718]
[6719 6752]
[6753 6852]
[6853 7081]
[7082 7154]
[7155 7227]
[7228 7309]
[7310 7392]
[7393 7469]
[7470 7548]
[7549 7931]
[7932 8056]
[8057 8398]
[8399 8672]
[8673 8761]
[8762 8845]
[8846 8901]
[8902 8986]
[8987 9034]
[9035 9069]
[9070 9118]
[9119 9189]
[9190 9290]
[9291 9334]
[9335 9381]
[9382 9448]
[9449 9491]
[9492 9534]
[9535 9582]
[9583 9659]
[ 9660 10042]
[10043 10108]
[10109 10248]
[10249 10305]
[10306 10455]
[10456 10605]
[10606 10723]
[10724 11029]
[11030 11078]
[11079 11112]
[11113 11159]
[11160 11234]
[11235 11313]
[11314 11378]
[11379 11849]
[11850 11911]
[11912 11961]
[11962 12009]
[12010 12052]
[12053 12083]
[12084 12118]
[12119 12385]
[12386 12482]
[12483 12587]
[12588 12901]
[12902 12960]
[12961 13012]
[13013 13067]
[13068 13113]
[13114 13143]
[13144 13197]
[13198 13748]
[13749 14137]
[14138 14217]
[14218 14271]
[14272 14332]
[14333 14390]
[14391 14453]
[14454 14542]
[14543 14588]
[14589 14663]
[14664 14672]
[14673 14755]
[14756 14789]
[14790 14917]
[14918 15042]
[15043 15635]
[15636 15931]
[15932 16096]
[16097 16177]
[16178 16246]
[16247 16332]
[16333 16408]
[16409 16469]
[16470 16562]
[16563 16647]
[16648 16790]
[16791 16929]
[16930 17445]
[17446 17500]
[17501 17905]
[17906 17992]
[17993 18562]
[18563 18669]
[18670 18758]
[18759 18803]
[18804 18836]
[18837 18898]
[18899 19043]
[19044 19121]
[19122 19209]
[19210 19323]
[19324 19374]
[19375 19431]
[19432 19487]
[19488 19546]
[19547 19606]
[19607 19650]
[19651 19731]
[19732 19778]
[19779 19881]
[19882 19961]
[19962 20025]
[20026 20083]
[20084 20142]
[20143 20199]
[20200 20248]
[20249 20894]
[20895 21203]
[21204 21975]
[21976 22111]
[22112 22472]
[22473 22533]
[22534 22577]
[22578 22624]
[22625 22663]
[22664 22709]
[22710 22767]
[22768 22810]
[22811 22868]
[22869 22925]
[22926 22981]
[22982 23053]
[23054 23120]
[23121 23176]
[23177 23333]
[23334 24008]
[24009 24499]
