[ 0 29]
[30 81]
[ 82 181]
[182 241]
[242 305]
[306 358]
[359 423]
[424 468]
[469 520]
[521 574]
[575 628]
[629 682]
[683 736]
[737 790]
[791 844]
[845 895]
[896 949]
[ 950 1001]
[1002 1054]
[1055 1514]
[1515 1568]
[1569 1587]
[1588 1629]
[1630 1651]
[1652 1683]
[1684 1702]
[1703 1724]
[1725 1744]
[1745 1772]
[1773 1805]
[1806 1839]
[1840 1877]
[1878 1977]
[1978 2433]
[2434 2493]
[2494 2548]
[2549 2608]
[2609 2682]
[2683 2760]
[2761 2816]
[2817 2877]
[2878 2965]
[2966 3024]
[3025 3116]
[3117 3222]
[3223 3301]
[3302 3363]
[3364 3421]
[3422 3475]
[3476 3566]
[3567 3922]
[3923 3975]
[3976 4033]
[4034 4078]
[4079 4128]
[4129 4338]
[4339 4408]
[4409 4496]
[4497 4566]
[4567 4647]
[4648 4728]
[4729 4807]
[4808 5220]
[5221 5532]
[5533 5582]
[5583 5649]
[5650 5699]
[5700 5741]
[5742 5783]
[5784 5830]
[5831 5878]
[5879 5928]
[5929 6615]
[6616 6682]
[6683 6724]
[6725 6756]
[6757 6801]
[6802 6846]
[6847 7221]
[7222 7267]
[7268 7342]
[7343 7430]
[7431 7512]
[7513 7610]
[7611 7695]
[7696 7791]
[7792 7882]
[7883 7957]
[7958 8050]
[8051 8142]
[8143 8234]
[8235 8343]
[8344 8437]
[8438 8537]
[8538 8939]
[8940 8998]
[8999 9086]
[9087 9177]
[9178 9261]
[9262 9346]
[9347 9429]
[9430 9521]
[9522 9961]
[ 9962 10015]
[10016 10118]
[10119 10300]
[10301 10363]
[10364 10403]
[10404 10477]
[10478 10527]
[10528 10575]
[10576 10631]
[10632 10682]
[10683 10726]
[10727 10975]
[10976 11038]
[11039 11109]
[11110 11187]
[11188 11237]
[11238 11343]
[11344 11442]
[11443 11528]
[11529 11585]
[11586 11686]
[11687 11742]
[11743 11788]
[11789 11863]
[11864 11955]
[11956 11989]
[11990 12117]
[12118 12242]
[12243 12427]
[12428 12636]
[12637 12736]
[12737 12868]
[12869 13117]
[13118 13221]
[13222 13307]
[13308 13949]
[13950 14030]
[14031 14094]
[14095 14157]
[14158 14224]
[14225 14307]
[14308 14534]
[14535 14961]
[14962 15049]
[15050 15116]
[15117 15180]
[15181 15247]
[15248 15313]
[15314 15397]
[15398 15863]
[15864 15948]
[15949 16015]
[16016 16092]
[16093 16163]
[16164 16228]
[16229 16288]
[16289 16447]
[16448 17214]
[17215 17769]
[17770 17849]
