[ 0 29]
[30 81]
[ 82 181]
[182 230]
[231 265]
[266 370]
[371 405]
[406 422]
[423 471]
[472 521]
[522 606]
[607 649]
[650 683]
[684 718]
[719 764]
[765 810]
[811 905]
[906 946]
[947 999]
[1000 1486]
[1487 1572]
[1573 1626]
[1627 1645]
[1646 1687]
[1688 1709]
[1710 1741]
[1742 1760]
[1761 1782]
[1783 1802]
[1803 1830]
[1831 1863]
[1864 1897]
[1898 1935]
[1936 2354]
[2355 2440]
[2441 2529]
[2530 2582]
[2583 2645]
[2646 2734]
[2735 2819]
[2820 2897]
[2898 2987]
[2988 3056]
[3057 3134]
[3135 3205]
[3206 3262]
[3263 3319]
[3320 3405]
[3406 3877]
[3878 4014]
[4015 4140]
[4141 4249]
[4250 4329]
[4330 4404]
[4405 4477]
[4478 4598]
[4599 4702]
[4703 4782]
[4783 4883]
[4884 4967]
[4968 5039]
[5040 5172]
[5173 5474]
[5475 5524]
[5525 5625]
[5626 5689]
[5690 5766]
[5767 5854]
[5855 5958]
[5959 6052]
[6053 6134]
[6135 6209]
[6210 6271]
[6272 6339]
[6340 6401]
[6402 6453]
[6454 6517]
[6518 6603]
[6604 6884]
[6885 6952]
[6953 7017]
[7018 7078]
[7079 7149]
[7150 7217]
[7218 7284]
[7285 7353]
[7354 7419]
[7420 7491]
[7492 7589]
[7590 7644]
[7645 7716]
[7717 7779]
[7780 7846]
[7847 7912]
[7913 7976]
[7977 8043]
[8044 8112]
[8113 8168]
[8169 8237]
[8238 8292]
[8293 8356]
[8357 8419]
[8420 8488]
[8489 8544]
[8545 8601]
[8602 8704]
[8705 8784]
[8785 8794]
[8795 9088]
[9089 9138]
[9139 9233]
[9234 9336]
[9337 9425]
[9426 9517]
[9518 9608]
[9609 9709]
[ 9710 10091]
[10092 10184]
[10185 10233]
[10234 10329]
[10330 10444]
[10445 10577]
[10578 10715]
[10716 10800]
[10801 10979]
[10980 11086]
[11087 11206]
[11207 11312]
[11313 11478]
[11479 11532]
[11533 11551]
[11552 11593]
[11594 11615]
[11616 11647]
[11648 11666]
[11667 11688]
[11689 11707]
[11709 11736]
[11737 11769]
[11770 11803]
[11804 11841]
[11842 11927]
[11928 12685]
[12686 12886]
[12887 13012]
[13013 13086]
[13087 13262]
[13263 13376]
[13377 13447]
[13448 13535]
[13536 13630]
[13631 13716]
[13717 13872]
[13873 14355]
[14356 14696]
[14697 14821]
[14822 14929]
[14930 15083]
[15084 15291]
[15292 15445]
[15446 15728]
[15729 16027]
[16028 16154]
[16155 16256]
[16257 16413]
[16414 16613]
[16614 16727]
[16728 16814]
[16815 16905]
[16906 17024]
[17025 17130]
[17131 17276]
[17277 17459]
[17460 17648]
[17649 17770]
[17771 18127]
[18128 18231]
[18232 18372]
[18373 18560]
[18561 18661]
[18662 18837]
[18838 19032]
[19033 19766]
[19767 20239]
[20240 20349]
