[ 0 29]
[30 81]
[ 82 229]
[230 273]
[274 367]
[368 453]
[454 486]
[487 553]
[554 582]
[583 630]
[631 666]
[667 701]
[702 744]
[745 787]
[ 788 1696]
[1697 1750]
[1751 1769]
[1770 1811]
[1812 1833]
[1834 1865]
[1866 1884]
[1885 1906]
[1907 1925]
[1927 1954]
[1955 1987]
[1988 2021]
[2022 2059]
[2060 2159]
[2160 2445]
[2446 2549]
[2550 2625]
[2626 2685]
[2686 2773]
[2774 2841]
[2842 2907]
[2908 2980]
[2981 3051]
[3052 3105]
[3106 3165]
[3166 3226]
[3227 3260]
[3261 3297]
[3298 3377]
[3378 3511]
[3512 3616]
[3617 3696]
[3697 3776]
[3777 3875]
[3876 3974]
[3975 4057]
[4058 4119]
[4120 4191]
[4192 4250]
[4251 4286]
[4287 4621]
[4622 4728]
[4729 4895]
[4896 5043]
[5044 5142]
[5143 5227]
[5228 5380]
[5381 5497]
[5498 5848]
[5849 5931]
[5932 5990]
[5991 6054]
[6055 6113]
[6114 6177]
[6178 6250]
[6251 6332]
[6333 6405]
[6406 6469]
[6470 6541]
[6542 6584]
[6585 6617]
[6618 6936]
[6937 6978]
[6979 7051]
[7052 7131]
[7132 7213]
[7214 7307]
[7308 7395]
[7396 7469]
[7470 7556]
[7557 8087]
[8088 8176]
[8177 8267]
[8268 8356]
[8357 8436]
[8437 8692]
[8693 8788]
[8789 8874]
[8875 9299]
[9300 9436]
[9437 9569]
[9570 9654]
[9655 9741]
[9742 9862]
[9863 9937]
[9938 9997]
[ 9998 10068]
[10069 10128]
[10129 10228]
[10229 10448]
[10449 10595]
[10596 10648]
[10649 10703]
[10704 10780]
[10781 10830]
[10831 10938]
[10939 10989]
[10990 11106]
[11107 11209]
[11210 11241]
[11242 11291]
[11292 11536]
[11537 11697]
[11698 11736]
[11737 11782]
[11783 11828]
[11829 11879]
[11880 11928]
[11929 11976]
[11977 12027]
[12028 12128]
[12129 12174]
[12175 12221]
[12222 12229]
[12230 12346]
[12347 12849]
[12850 12918]
[12919 13001]
[13002 13068]
[13069 13136]
[13137 13271]
[13272 13600]
[13601 13837]
[13838 13929]
[13930 14027]
[14028 14343]
[14344 14429]
[14430 14504]
[14505 14590]
[14591 14673]
[14674 14770]
[14771 14855]
[14856 14985]
[14986 15080]
[15081 15164]
[15165 15235]
[15236 15301]
[15302 15394]
[15395 15494]
[15495 15580]
[15581 15730]
[15731 16202]
[16203 16267]
[16268 16321]
[16322 16369]
[16370 16439]
[16440 16496]
[16497 16546]
[16547 16614]
[16615 16700]
[16701 16779]
[16780 16849]
[16850 16932]
[16933 17031]
[17032 17109]
[17110 17179]
[17180 17270]
[17271 17361]
[17362 17468]
[17469 17701]
[17702 17784]
[17785 17860]
[17861 17956]
[17957 18045]
[18046 18118]
[18119 18197]
[18198 18291]
[18292 18438]
[18439 18528]
[18529 18593]
[18594 18694]
[18695 18868]
[18869 19201]
[19202 19421]
[19422 19496]
[19497 19567]
[19568 19651]
[19652 19952]
[19953 20120]
[20121 20236]
[20237 20419]
[20420 20541]
[20542 20612]
[20613 20714]
[20715 20799]
[20800 20901]
[20902 21572]
[21573 22045]
[22046 22149]
