[ 0 29]
[30 81]
[ 82 259]
[260 424]
[425 476]
[477 526]
[527 578]
[579 665]
[666 745]
[746 800]
[ 801 1246]
[1247 1346]
[1347 1400]
[1401 1419]
[1420 1461]
[1462 1483]
[1484 1515]
[1516 1534]
[1535 1556]
[1557 1576]
[1577 1604]
[1605 1637]
[1638 1671]
[1672 1733]
[1734 2149]
[2150 2205]
[2206 2285]
[2286 2392]
[2393 2460]
[2461 2523]
[2524 2599]
[2600 2666]
[2667 2724]
[2725 2818]
[2819 2949]
[2950 3029]
[3030 3169]
[3170 3260]
[3261 3340]
[3341 3447]
[3448 3494]
[3495 4482]
[4483 5225]
[5226 5342]
[5343 5576]
[5577 5750]
[5751 5819]
[5820 6146]
[6147 6181]
[6182 6233]
[6234 6322]
[6323 6392]
[6393 6596]
[6597 6706]
[6707 6822]
[6823 7656]
[7657 8040]
[8041 8286]
[8287 8357]
[8358 8413]
[8414 8485]
[8486 8539]
[8540 8602]
[8603 8672]
[8673 8739]
[8740 8796]
[8797 8848]
[8849 8924]
[8925 9791]
[ 9792 10138]
[10139 10374]
[10375 10518]
[10519 10629]
[10630 10744]
[10745 10838]
[10839 10908]
[10909 10995]
[10996 11121]
[11122 11219]
[11220 11348]
[11349 11466]
[11467 11604]
[11605 11869]
[11870 12032]
[12033 12206]
[12207 12338]
[12339 12367]
[12368 12467]
[12468 12559]
[12560 12737]
[12738 12879]
[12880 13005]
[13006 13140]
[13141 13285]
[13286 13402]
[13404 13565]
[13567 13970]
[13971 14048]
[14049 14119]
[14120 14217]
[14218 14283]
[14284 14343]
[14344 14416]
[14417 14496]
[14497 14595]
[14596 14673]
[14674 14754]
[14755 14828]
[14829 14906]
[14907 14948]
[14949 14994]
[14995 15069]
[15070 15162]
[15163 15195]
[15196 15323]
[15324 15448]
[15449 16085]
[16086 16185]
[16186 16252]
[16253 16320]
[16321 16403]
[16404 16481]
[16482 16554]
[16555 16615]
[16616 16673]
[16674 16759]
[16760 16972]
[16973 17042]
[17043 17142]
[17143 17427]
[17428 17496]
[17497 17571]
[17572 17629]
[17630 17689]
[17690 17752]
[17753 17811]
[17812 17886]
[17887 17954]
[17955 18022]
[18023 18090]
[18091 18233]
[18234 18492]
[18493 18586]
[18587 18668]
[18669 18743]
[18744 18837]
[18838 19026]
[19027 19263]
[19264 19364]
[19365 19428]
[19429 19696]
[19697 20641]
[20642 20714]
[20715 20811]
[20812 21030]
[21031 21073]
[21074 21094]
[21095 21198]
[21199 21834]
[21835 22307]
[22308 22399]
