[ 0 77]
[ 78 127]
[128 179]
[180 279]
[280 339]
[340 403]
[404 512]
[513 566]
[567 618]
[619 672]
[673 726]
[727 780]
[781 834]
[835 888]
[889 942]
[ 943 1000]
[1001 1048]
[1049 1099]
[1100 1152]
[1153 1596]
[1597 1650]
[1651 1669]
[1670 1711]
[1712 1733]
[1734 1765]
[1766 1784]
[1785 1806]
[1807 1826]
[1827 1854]
[1855 1887]
[1888 1921]
[1922 1959]
[1960 2059]
[2060 2362]
[2363 2518]
[2519 2591]
[2592 2664]
[2665 2739]
[2740 2817]
[2818 3000]
[3001 3068]
[3069 3127]
[3128 3205]
[3206 3333]
[3334 3665]
[3666 3759]
[3760 3890]
[3891 4029]
[4030 4175]
[4176 4367]
[4368 4476]
[4477 4557]
[4558 4650]
[4651 4758]
[4759 4931]
[4932 5056]
[5057 5185]
[5186 5308]
[5309 5421]
[5422 5506]
[5507 5596]
[5597 5689]
[5690 5773]
[5774 5872]
[5873 5986]
[5987 6058]
[6059 6225]
[6226 6308]
[6309 6423]
[6424 6507]
[6508 6642]
[6643 6767]
[6768 6859]
[6860 6898]
[6899 7062]
[7063 7269]
[7270 7323]
[7324 7389]
[7390 7477]
[7478 7570]
[7571 7951]
[7952 8010]
[8011 8147]
[8148 8257]
[8258 8396]
[8397 8669]
[8670 8813]
[8814 9223]
[9224 9291]
[9292 9354]
[9355 9434]
[9435 9494]
[9495 9537]
[9538 9596]
[9597 9652]
[9653 9706]
[9707 9774]
[9775 9821]
[9822 9854]
[9855 9905]
[9906 9959]
[ 9960 10000]
[10001 10048]
[10049 10096]
[10097 10409]
[10410 10453]
[10454 10500]
[10501 10579]
[10580 10664]
[10665 10764]
[10765 11043]
[11044 11287]
[11288 11386]
[11387 11532]
[11533 11693]
[11694 11827]
[11828 11996]
[11997 12141]
[12142 12253]
[12254 12365]
[12366 12590]
[12591 12763]
[12764 12767]
[12768 12811]
[12812 12936]
[12937 13061]
[13062 13186]
[13187 13428]
[13429 13469]
[13470 13518]
[13519 13578]
[13579 13647]
[13648 13722]
[13723 13765]
[13766 13800]
[13801 13833]
[13834 13871]
[13872 13910]
[13911 13951]
[13952 13984]
[13985 14104]
[14105 14206]
[14207 14282]
[14283 14362]
[14363 14408]
[14409 14483]
[14484 14575]
[14576 14609]
[14610 14737]
[14738 14862]
[14863 15420]
[15421 15597]
[15598 15705]
[15706 15799]
[15800 15890]
[15891 15993]
[15994 16073]
[16074 16172]
[16173 16577]
[16578 16669]
[16670 16753]
[16754 16804]
[16805 17000]
[17001 17065]
[17066 17119]
[17120 17183]
[17184 17261]
[17262 17334]
[17335 17403]
[17404 17470]
[17471 17548]
[17549 17625]
[17626 17674]
[17675 17736]
[17737 17821]
[17822 18750]
[18751 18918]
[18919 19249]
[19250 19323]
[19324 19418]
[19419 19511]
[19512 19801]
[19802 19890]
[19891 20020]
[20021 20621]
[20622 20792]
[20793 20933]
[20934 21283]
[21284 21373]
[21374 21456]
[21457 21528]
[21529 21588]
[21589 21760]
[21761 22429]
[22430 22984]
[22985 23099]
