[ 0 42]
[ 43 105]
[106 225]
[226 309]
[310 431]
[432 633]
[634 895]
[896 963]
[ 964 1042]
[1043 1084]
[1085 1624]
[1625 1744]
[1745 1808]
[1809 1831]
[1832 1881]
[1883 1908]
[1909 1946]
[1947 1969]
[1970 1995]
[1996 2019]
[2020 2053]
[2054 2092]
[2093 2133]
[2134 2207]
[2208 2603]
[2604 2668]
[2669 2728]
[2729 2812]
[2813 2942]
[2943 3059]
[3060 3121]
[3122 3179]
[3180 3241]
[3242 4362]
[4363 4440]
[4441 4545]
[4546 4643]
[4644 4745]
[4746 4818]
[4819 6177]
[6178 6226]
[6227 6355]
[6356 6462]
[6463 6571]
[6572 6671]
[6672 7090]
[7091 7433]
[7434 7517]
[7518 7636]
[7637 7684]
[7685 7789]
[7790 7933]
[7934 8079]
[8080 8197]
[8198 8492]
[8493 8574]
[8575 8649]
[8650 8734]
[8735 8819]
[8820 8934]
[8935 9006]
[9007 9093]
[9094 9189]
[9190 9289]
[9290 9410]
[9411 9527]
[9528 9604]
[9605 9684]
[9685 9768]
[9769 9804]
[9805 9924]
[ 9925 10303]
[10304 10381]
[10382 10447]
[10448 10525]
[10526 10609]
[10610 10687]
[10688 10786]
[10787 10893]
[10894 10995]
[10996 11122]
[11123 11219]
[11220 11338]
[11339 11447]
[11448 11594]
[11595 11684]
[11685 12053]
[12054 12318]
[12319 12450]
[12451 12546]
[12547 12630]
[12631 12786]
[12787 13094]
[13095 13295]
[13296 13404]
[13405 13673]
[13674 14041]
[14042 14137]
[14138 14926]
[14927 15072]
[15073 15168]
[15169 15268]
[15269 15375]
[15376 15430]
[15431 15520]
[15521 15531]
[15532 15631]
[15632 15671]
[15672 15825]
[15826 15975]
[15976 16471]
[16472 16556]
[16557 16641]
[16642 16726]
[16727 16797]
[16798 16878]
[16879 16973]
[16974 17062]
[17063 17141]
[17142 17231]
[17232 17320]
[17321 17403]
[17404 17497]
[17498 17584]
[17585 17695]
[17696 18588]
[18589 18686]
[18687 18764]
[18765 18814]
[18815 18891]
[18892 18976]
[18977 19059]
[19060 19129]
[19130 19209]
[19210 19289]
[19290 19390]
[19391 19485]
[19486 19597]
[19598 19715]
[19716 19867]
[19868 21005]
[21006 21085]
[21086 21222]
[21223 21326]
[21327 21457]
[21458 21578]
[21579 21701]
[21702 22359]
[22360 22476]
[22477 22574]
[22575 22703]
[22704 22814]
[22815 22908]
[22909 22987]
[22988 23079]
[23080 23879]
[23880 24446]
[24447 24549]
