[ 0 29]
[30 81]
[ 82 181]
[182 254]
[255 303]
[304 331]
[332 396]
[397 451]
[452 496]
[497 572]
[573 602]
[603 656]
[657 787]
[788 852]
[ 853 1804]
[1805 1904]
[1905 1958]
[1959 1977]
[1978 2019]
[2020 2041]
[2042 2073]
[2074 2092]
[2093 2114]
[2115 2134]
[2135 2162]
[2163 2195]
[2196 2229]
[2230 2291]
[2292 2651]
[2652 2724]
[2725 2773]
[2774 2818]
[2819 2861]
[2862 2912]
[2913 2958]
[2959 3008]
[3009 3049]
[3050 3084]
[3085 3118]
[3119 3158]
[3159 3583]
[3584 3980]
[3981 4025]
[4026 4066]
[4067 4118]
[4119 4172]
[4173 4229]
[4230 4275]
[4276 4320]
[4321 4378]
[4379 4430]
[4431 4494]
[4495 4779]
[4780 5056]
[5057 5097]
[5098 5147]
[5148 5185]
[5186 5226]
[5227 5289]
[5290 5323]
[5324 5378]
[5379 5441]
[5442 5482]
[5483 5596]
[5597 5659]
[5660 5729]
[5730 5787]
[5788 5805]
[5806 5960]
[5961 6091]
[6092 6305]
[6306 6448]
[6449 6508]
[6509 6574]
[6575 6673]
[6674 6882]
[6883 6959]
[6960 7018]
[7019 7081]
[7082 7139]
[7140 7203]
[7204 7282]
[7283 7344]
[7345 7406]
[7407 7458]
[7459 7493]
[7494 7616]
[7617 7701]
[7702 7779]
[7780 7950]
[7951 8487]
[8488 8540]
[8541 8627]
[8628 8689]
[8690 8773]
[8774 8876]
[8877 8936]
[8937 8990]
[8991 9117]
[9118 9179]
[9180 9240]
[9241 9329]
[9330 9400]
[9401 9479]
[9480 9544]
[9545 9601]
[9602 9677]
[9678 9756]
[9757 9811]
[9812 9873]
[ 9874 10047]
[10048 10108]
[10109 10190]
[10191 10456]
[10457 10534]
[10535 10608]
[10609 10679]
[10680 10760]
[10761 10788]
[10789 11392]
[11393 11549]
[11550 11676]
[11677 11875]
[11876 11964]
[11965 12079]
[12080 12187]
[12188 12318]
[12319 12421]
[12422 12513]
[12514 12611]
[12612 12728]
[12729 12841]
[12842 13052]
[13053 13168]
[13169 13262]
[13263 13348]
[13349 13468]
[13469 13561]
[13562 13669]
[13670 13795]
[13796 13910]
[13911 14105]
[14106 14232]
[14233 14278]
[14279 14353]
[14354 14446]
[14447 14479]
[14480 14607]
[14608 14732]
[14733 15257]
[15258 15327]
[15328 15416]
[15417 15477]
[15478 15543]
[15544 15577]
[15578 15614]
[15615 15681]
[15682 15725]
[15726 15781]
[15782 15825]
[15826 15870]
[15871 15917]
[15918 15975]
[15976 16149]
[16150 16226]
[16227 16296]
[16297 16430]
[16431 16572]
[16573 16657]
[16658 16785]
[16786 16938]
[16939 17057]
[17058 17118]
[17119 17176]
[17177 17219]
[17220 17453]
[17454 17505]
[17506 17549]
[17550 17607]
[17608 17726]
[17727 17782]
[17783 17826]
[17827 17882]
[17883 18007]
[18008 18054]
[18055 18102]
[18103 18204]
[18205 18253]
[18254 18312]
[18313 18494]
[18495 18580]
[18581 18643]
[18644 18742]
[18743 18810]
[18811 18920]
[18921 19219]
[19220 19288]
[19289 19374]
[19375 19485]
[19486 19651]
[19652 19731]
[19732 19924]
[19925 20010]
[20011 20219]
[20220 20295]
[20296 20372]
[20373 20502]
[20503 20573]
[20574 20769]
[20770 20827]
[20828 20879]
[20880 20930]
[20931 20996]
[20997 21072]
[21073 21256]
[21257 21305]
[21306 21368]
[21369 21440]
[21441 21488]
[21489 21544]
[21545 21598]
[21599 21642]
[21643 21701]
[21702 21748]
[21749 21818]
[21819 21868]
[21869 22005]
[22006 22061]
[22062 22733]
[22734 23206]
[23207 23299]
