[ 0 29]
[30 81]
[ 82 269]
[270 317]
[318 348]
[349 402]
[403 441]
[442 470]
[471 539]
[540 620]
[621 677]
[678 731]
[732 770]
[771 821]
[822 883]
[884 947]
[ 948 1436]
[1437 1536]
[1537 1590]
[1591 1609]
[1610 1651]
[1652 1673]
[1674 1705]
[1706 1724]
[1725 1746]
[1747 1766]
[1767 1794]
[1795 1827]
[1828 1861]
[1862 1922]
[1923 2240]
[2241 2302]
[2303 2381]
[2382 2451]
[2452 2505]
[2506 2562]
[2563 2730]
[2731 2774]
[2775 2897]
[2898 2964]
[2965 3122]
[3123 3201]
[3202 3249]
[3250 3362]
[3363 3718]
[3719 3806]
[3807 3922]
[3923 4016]
[4017 4125]
[4126 4232]
[4233 4337]
[4338 4473]
[4474 4609]
[4610 4744]
[4745 4802]
[4803 4913]
[4914 5038]
[5039 5162]
[5163 5264]
[5265 5691]
[5692 5719]
[5720 5763]
[5764 5806]
[5807 5859]
[5860 5900]
[5901 6739]
[6740 6770]
[6771 6824]
[6825 6863]
[6864 6957]
[6958 7028]
[7029 7099]
[7100 7154]
[7155 7226]
[7227 7302]
[7303 7382]
[7383 7735]
[7736 7809]
[7810 7897]
[7898 7968]
[7969 8067]
[8068 8128]
[8129 8183]
[8184 8267]
[8268 8329]
[8330 8404]
[8405 8481]
[8482 8581]
[8582 9017]
[9018 9208]
[9209 9332]
[9333 9484]
[9485 9594]
[9595 9755]
[9756 9877]
[ 9878 10044]
[10045 10146]
[10147 10206]
[10207 10590]
[10591 10710]
[10711 10855]
[10856 10979]
[10980 11191]
[11192 11677]
[11678 11734]
[11735 11788]
[11789 11841]
[11842 11921]
[11922 11972]
[11973 12034]
[12035 12099]
[12100 12146]
[12147 12203]
[12204 12375]
[12376 12432]
[12433 12498]
[12499 12560]
[12561 12633]
[12634 12700]
[12701 12746]
[12747 12821]
[12822 12830]
[12831 12913]
[12914 12947]
[12948 13075]
[13076 13200]
[13201 13892]
[13893 14000]
[14001 14057]
[14058 14119]
[14120 14192]
[14193 14268]
[14269 15066]
[15067 15127]
[15128 15191]
[15192 15257]
[15258 15322]
[15323 15414]
[15415 15781]
[15782 15909]
[15910 16007]
[16008 16152]
[16153 16499]
[16500 16606]
[16607 16691]
[16692 16774]
[16775 16846]
[16847 16923]
[16924 17018]
[17019 17107]
[17108 17226]
[17227 17310]
[17311 17380]
[17381 17449]
[17450 17884]
[17885 18841]
[18842 18941]
[18942 19026]
[19027 19107]
[19108 19195]
[19196 19274]
[19275 19410]
[19411 19485]
[19486 20086]
[20087 20549]
