[ 0 77]
[ 78 127]
[128 179]
[180 279]
[280 339]
[340 403]
[404 456]
[457 512]
[513 566]
[567 618]
[619 672]
[673 726]
[727 780]
[781 834]
[835 888]
[889 942]
[943 996]
[ 997 1050]
[1051 1104]
[1105 1162]
[1163 1210]
[1211 1261]
[1262 1314]
[1315 1809]
[1810 1863]
[1864 1882]
[1883 1924]
[1925 1946]
[1947 1978]
[1979 1997]
[1998 2019]
[2020 2039]
[2040 2067]
[2068 2100]
[2101 2134]
[2135 2172]
[2173 2272]
[2273 2609]
[2610 2656]
[2657 2737]
[2738 2831]
[2832 2896]
[2897 2951]
[2952 3010]
[3011 3088]
[3089 3165]
[3166 3234]
[3235 3306]
[3307 3382]
[3383 3434]
[3435 3514]
[3515 3619]
[3620 3711]
[3712 3797]
[3798 3855]
[3856 4307]
[4308 4372]
[4373 4404]
[4405 4415]
[4416 4442]
[4443 4477]
[4478 4511]
[4512 4541]
[4542 4575]
[4576 4751]
[4752 4815]
[4816 4955]
[4956 5031]
[5032 5133]
[5134 5457]
[5458 5534]
[5535 5906]
[5907 5933]
[5934 5991]
[5992 6041]
[6042 6091]
[6092 6144]
[6145 6195]
[6196 6249]
[6250 6606]
[6607 6732]
[6733 6809]
[6810 6939]
[6940 7020]
[7021 7126]
[7127 7210]
[7211 7289]
[7290 7341]
[7342 7443]
[7444 7541]
[7542 8203]
[8204 8419]
[8420 8565]
[8566 8777]
[8778 8919]
[8920 9180]
[9181 9274]
[9275 9422]
[9423 9493]
[9494 9553]
[9554 9613]
[9614 9685]
[9686 9865]
[9866 9965]
[ 9966 10275]
[10276 10382]
[10383 10435]
[10436 10499]
[10500 10606]
[10607 10667]
[10668 10735]
[10736 10793]
[10794 10852]
[10853 10922]
[10923 10978]
[10979 11041]
[11042 11110]
[11111 11172]
[11173 11229]
[11230 11291]
[11292 11356]
[11357 11417]
[11418 11475]
[11476 11539]
[11540 11592]
[11593 11657]
[11658 11724]
[11725 11787]
[11789 11849]
[11850 12227]
[12228 12287]
[12288 12334]
[12335 12392]
[12393 12455]
[12456 12521]
[12522 12568]
[12569 12619]
[12620 12669]
[12670 12704]
[12705 12767]
[12768 12841]
[12842 12881]
[12882 12948]
[12949 13027]
[13028 13104]
[13105 13167]
[13168 13226]
[13227 13297]
[13298 13354]
[13355 13423]
[13424 13479]
[13480 13532]
[13533 14023]
[14024 14080]
[14081 14157]
[14158 14263]
[14264 14353]
[14354 14453]
[14454 14735]
[14736 14809]
[14810 14893]
[14894 14991]
[14992 15080]
[15081 15161]
[15162 15249]
[15250 15340]
[15341 15423]
[15424 15469]
[15470 15544]
[15545 15636]
[15637 15670]
[15671 15798]
[15799 15923]
[15924 16646]
[16647 16730]
[16731 16821]
[16822 16897]
[16898 16981]
[16982 17081]
[17082 17181]
[17182 17300]
[17301 17429]
[17430 17538]
[17539 17625]
[17626 17686]
[17687 17747]
[17748 17819]
[17820 18536]
[18537 18596]
[18597 18666]
[18667 18726]
[18727 18787]
[18788 18835]
[18836 18886]
[18887 18944]
[18945 19005]
[19006 19053]
[19054 19114]
[19115 19191]
[19192 19267]
[19268 19340]
[19341 19422]
[19423 19511]
[19512 19578]
[19579 19817]
[19818 19877]
[19878 19928]
[19929 19982]
[19983 20033]
[20034 20079]
[20080 20123]
[20124 20162]
[20163 20290]
[20291 20342]
[20343 20396]
[20397 21192]
[21193 21302]
[21303 21358]
[21359 21424]
[21425 21520]
[21521 21584]
[21585 21648]
[21649 21833]
[21834 21929]
[21930 21981]
[21982 22037]
[22038 22094]
[22095 22178]
[22179 22928]
[22929 23483]
[23484 23599]
