[ 0 29]
[30 81]
[ 82 181]
[182 215]
[216 253]
[254 271]
[272 354]
[355 384]
[385 450]
[451 481]
[482 524]
[525 566]
[567 601]
[602 630]
[631 678]
[679 724]
[725 787]
[ 788 1265]
[1266 1319]
[1320 1338]
[1339 1380]
[1381 1402]
[1403 1434]
[1435 1453]
[1454 1475]
[1476 1494]
[1496 1523]
[1524 1556]
[1557 1590]
[1591 1628]
[1629 1728]
[1729 1963]
[1964 2073]
[2074 2138]
[2139 2218]
[2219 2294]
[2295 2348]
[2349 2504]
[2505 2575]
[2576 2635]
[2636 2730]
[2731 2813]
[2814 2889]
[2890 2950]
[2951 3019]
[3020 3106]
[3107 3196]
[3197 3602]
[3603 3709]
[3710 3802]
[3803 3886]
[3887 4304]
[4305 4391]
[4392 4465]
[4466 4544]
[4545 4623]
[4624 4684]
[4685 4750]
[4751 4820]
[4821 4895]
[4896 4980]
[4981 5057]
[5058 5139]
[5140 5230]
[5231 5322]
[5323 5420]
[5421 5510]
[5511 5609]
[5610 5691]
[5692 5776]
[5777 5865]
[5866 5953]
[5954 6043]
[6044 6131]
[6132 6217]
[6218 6303]
[6304 6402]
[6403 6491]
[6492 6587]
[6588 6680]
[6681 6769]
[6770 6869]
[6870 6957]
[6958 7009]
[7010 7315]
[7316 7652]
[7653 8009]
[8010 8413]
[8414 8520]
[8521 8750]
[8751 9165]
[9166 9339]
[9340 9703]
[9704 9744]
[9745 9840]
[ 9841 10231]
[10232 10358]
[10359 10458]
[10459 10925]
[10926 11031]
[11032 11147]
[11148 11240]
[11241 11299]
[11300 11390]
[11391 11546]
[11547 11659]
[11660 11706]
[11707 11756]
[11757 11813]
[11814 11879]
[11880 11930]
[11931 11964]
[11965 12010]
[12011 12085]
[12086 12177]
[12179 12211]
[12212 12339]
[12340 12464]
[12465 13199]
[13200 13260]
[13261 13330]
[13331 13400]
[13401 13477]
[13478 13544]
[13545 13679]
[13680 13752]
[13753 13819]
[13820 13912]
[13913 14006]
[14007 14102]
[14103 14227]
[14228 14606]
[14607 14629]
[14630 14805]
[14806 14897]
[14898 14899]
[14900 14999]
[15000 15115]
[15116 15210]
[15211 15327]
[15328 15522]
[15523 15640]
[15641 15722]
[15723 15828]
[15829 16083]
[16084 16189]
[16190 16296]
[16297 16370]
[16371 16475]
[16476 16585]
[16586 16667]
[16668 16751]
[16752 16849]
[16850 17092]
[17093 17182]
[17183 17270]
[17271 17391]
[17392 17645]
[17646 17744]
[17745 17839]
[17840 17932]
[17933 17991]
[17992 18084]
[18085 18204]
[18205 18288]
[18289 18385]
[18386 18510]
[18511 18626]
[18627 18747]
[18748 18970]
[18971 19062]
[19063 19163]
[19164 19408]
[19409 19495]
[19496 19570]
[19571 19639]
[19640 19734]
[19735 19846]
[19847 19870]
[19871 20596]
[20597 21069]
[21070 21149]
