[ 0 29]
[30 81]
[ 82 181]
[182 228]
[229 256]
[257 282]
[283 324]
[325 368]
[369 416]
[417 474]
[475 511]
[512 554]
[555 584]
[585 626]
[627 682]
[683 730]
[731 788]
[ 789 1268]
[1269 1322]
[1323 1341]
[1342 1383]
[1384 1405]
[1406 1437]
[1438 1456]
[1457 1478]
[1479 1498]
[1499 1526]
[1527 1559]
[1560 1593]
[1594 1631]
[1632 1731]
[1732 2213]
[2214 2270]
[2271 2327]
[2328 2388]
[2389 2452]
[2453 2495]
[2496 2537]
[2538 2612]
[2613 2683]
[2684 2765]
[2766 3009]
[3010 4022]
[4023 4101]
[4102 4171]
[4172 4239]
[4240 4291]
[4292 4695]
[4696 4798]
[4799 4882]
[4883 4973]
[4974 5058]
[5059 5158]
[5159 5240]
[5241 5333]
[5334 5427]
[5428 5551]
[5552 5648]
[5649 5744]
[5745 6178]
[6179 6216]
[6217 6273]
[6274 6323]
[6324 6370]
[6371 6428]
[6429 6485]
[6486 6551]
[6552 6598]
[6599 6658]
[6659 6715]
[6716 6761]
[6762 6830]
[6831 6899]
[6900 6982]
[6983 7101]
[7102 7217]
[7218 7964]
[7965 8074]
[8075 8130]
[8131 8230]
[8231 8510]
[8511 8612]
[8613 8723]
[8724 8827]
[8828 8908]
[8909 8973]
[8974 9027]
[9028 9115]
[9116 9185]
[9186 9230]
[9231 9642]
[9643 9701]
[9702 9804]
[9805 9848]
[9850 9906]
[9907 9961]
[ 9962 10023]
[10024 10082]
[10083 10159]
[10160 10218]
[10219 10275]
[10276 10425]
[10426 10573]
[10574 10660]
[10661 10719]
[10720 11273]
[11274 11321]
[11322 11364]
[11365 11409]
[11410 11485]
[11486 11657]
[11658 11711]
[11712 11761]
[11762 11808]
[11809 11868]
[11869 11930]
[11931 11992]
[11993 12016]
[12017 12211]
[12212 13247]
[13248 13293]
[13294 13368]
[13369 13377]
[13378 13461]
[13462 13494]
[13495 13622]
[13623 13747]
[13748 14267]
[14268 14326]
[14327 14403]
[14404 14476]
[14477 14553]
[14554 14640]
[14641 14719]
[14720 14795]
[14796 14876]
[14877 14983]
[14984 15060]
[15061 15139]
[15140 15224]
[15225 15304]
[15305 15373]
[15374 16249]
[16250 16256]
[16257 16321]
[16322 16401]
[16402 16477]
[16478 16573]
[16574 16651]
[16652 16749]
[16750 16826]
[16827 16925]
[16926 16978]
[16979 17058]
[17059 17123]
[17124 17199]
[17200 17280]
[17281 17361]
[17362 17426]
[17427 17506]
[17507 17572]
[17573 17651]
[17652 17720]
[17721 17761]
[17762 18188]
[18189 18284]
[18285 18368]
[18369 18446]
[18447 18531]
[18532 18616]
[18617 18704]
[18705 18880]
[18881 18955]
[18956 19035]
[19036 19104]
[19105 19179]
[19180 19280]
[19281 19345]
[19346 19439]
[19440 19530]
[19531 19628]
[19629 19700]
[19701 20436]
[20437 20909]
[20910 20999]
