[ 0 40]
[ 41 103]
[104 225]
[226 287]
[288 350]
[351 417]
[418 479]
[480 542]
[543 611]
[612 682]
[683 741]
[742 805]
[806 877]
[878 932]
[933 999]
[1000 1059]
[1060 1105]
[1106 1160]
[1161 1213]
[1214 1251]
[1252 1804]
[1805 1824]
[1825 1869]
[1870 1891]
[1892 1942]
[1943 1968]
[1969 2006]
[2007 2029]
[2030 2055]
[2057 2079]
[2080 2113]
[2114 2153]
[2154 2193]
[2194 2239]
[2240 2359]
[2360 2684]
[2685 2729]
[2730 2801]
[2802 2861]
[2862 2933]
[2934 3001]
[3002 3073]
[3074 3148]
[3149 3223]
[3224 3312]
[3313 3393]
[3394 3464]
[3465 3537]
[3538 3592]
[3593 3644]
[3645 3704]
[3705 3763]
[3764 3859]
[3860 3944]
[3945 4028]
[4029 4440]
[4441 4447]
[4448 4783]
[4784 4875]
[4876 4958]
[4959 5038]
[5039 5116]
[5117 5228]
[5229 5309]
[5310 5429]
[5430 5500]
[5501 5560]
[5561 5618]
[5619 5705]
[5706 5777]
[5778 5849]
[5850 5935]
[5936 6364]
[6365 6443]
[6444 6999]
[7000 7086]
[7087 7140]
[7141 7216]
[7217 7291]
[7292 7364]
[7365 7449]
[7450 7514]
[7515 7573]
[7574 7619]
[7620 8130]
[8131 8268]
[8269 8415]
[8416 8534]
[8535 8671]
[8672 8805]
[8806 8933]
[8934 9067]
[9068 9203]
[9204 9349]
[9350 9500]
[9501 9597]
[9598 9704]
[9705 9820]
[9821 9931]
[ 9932 10043]
[10044 10178]
[10179 10312]
[10313 10432]
[10433 10549]
[10550 10633]
[10634 10958]
[10959 11140]
[11141 11232]
[11233 11333]
[11334 11430]
[11431 11548]
[11549 11642]
[11643 11725]
[11726 11933]
[11934 12229]
[12230 12416]
[12417 12521]
[12522 12653]
[12654 12747]
[12748 12851]
[12852 12948]
[12949 13041]
[13042 13127]
[13128 13198]
[13199 13315]
[13316 13427]
[13428 13572]
[13573 13653]
[13654 13780]
[13781 14225]
[14226 14375]
[14376 14524]
[14525 14674]
[14675 15443]
[15445 15593]
[15594 16339]
[16340 16399]
[16400 16444]
[16445 16499]
[16500 16552]
[16553 16605]
[16606 16654]
[16655 16686]
[16687 16737]
[16738 16957]
[16958 17045]
[17046 17112]
[17113 17184]
[17185 17244]
[17245 17368]
[17369 18238]
[18239 18660]
[18661 18721]
[18722 18775]
[18776 18818]
[18819 18863]
[18864 18904]
[18905 18942]
[18943 18978]
[18979 19024]
[19025 19084]
[19085 19149]
[19150 19209]
[19210 19257]
[19258 19303]
[19304 19352]
[19353 19399]
[19400 19472]
[19473 19533]
[19534 19586]
[19587 19641]
[19642 19723]
[19724 20820]
[20821 21173]
[21174 21257]
[21258 21317]
[21318 21476]
[21477 21655]
[21656 21784]
[21785 21864]
[21865 21913]
[21914 21967]
[21968 22023]
[22024 22086]
[22087 22138]
[22139 22189]
[22190 22234]
[22235 22291]
[22292 22346]
[22347 22412]
[22413 23185]
[23186 23752]
[23753 23849]
