[ 0 29]
[30 81]
[ 82 181]
[182 235]
[236 287]
[288 343]
[344 395]
[396 447]
[448 505]
[506 564]
[565 613]
[614 667]
[668 723]
[724 773]
[774 829]
[830 884]
[885 934]
[935 985]
[ 986 1039]
[1040 1504]
[1505 1558]
[1559 1577]
[1578 1619]
[1620 1641]
[1642 1673]
[1674 1692]
[1693 1714]
[1715 1734]
[1735 1762]
[1763 1829]
[1830 1867]
[1868 1967]
[1968 2199]
[2200 2280]
[2281 2388]
[2389 2464]
[2465 2565]
[2566 2652]
[2653 2746]
[2747 3619]
[3620 3666]
[3667 3769]
[3770 3897]
[3898 4004]
[4005 4099]
[4100 4225]
[4226 4685]
[4686 4738]
[4739 4805]
[4806 4899]
[4900 4926]
[4927 4939]
[4940 4962]
[4963 4993]
[4994 5012]
[5013 5122]
[5123 5207]
[5208 5308]
[5309 5349]
[5350 5455]
[5456 5637]
[5638 5895]
[5896 5959]
[5960 6036]
[6037 6091]
[6092 6154]
[6155 6220]
[6221 6285]
[6286 6362]
[6363 6433]
[6434 6492]
[6493 6545]
[6546 6620]
[6621 6705]
[6706 6888]
[6889 6988]
[6989 7192]
[7193 7287]
[7288 7379]
[7380 7501]
[7502 7630]
[7631 7756]
[7757 7879]
[7880 8012]
[8013 8150]
[8151 8261]
[8262 8386]
[8387 8715]
[8716 8776]
[8777 8839]
[8840 8879]
[8880 8963]
[8964 9012]
[9013 9068]
[9069 9140]
[9141 9207]
[9208 9278]
[9279 9459]
[9460 9541]
[9542 9595]
[9596 9646]
[9647 9943]
[ 9944 10003]
[10004 10083]
[10084 10170]
[10171 10335]
[10336 10401]
[10402 10483]
[10484 10545]
[10546 10671]
[10672 10792]
[10793 10838]
[10839 10913]
[10914 10922]
[10923 11039]
[11040 11167]
[11168 11292]
[11293 11856]
[11857 11901]
[11902 11940]
[11941 11983]
[11984 12031]
[12032 12081]
[12082 12133]
[12134 12212]
[12213 12282]
[12283 12640]
[12641 12741]
[12742 12839]
[12840 12904]
[12905 12982]
[12983 13235]
[13236 13321]
[13322 13377]
[13378 13622]
[13623 13683]
[13684 13797]
[13798 13925]
[13926 14051]
[14052 14141]
[14142 14278]
[14279 14411]
[14412 14559]
[14560 14673]
[14674 14811]
[14812 14912]
[14913 15041]
[15042 15131]
[15132 15265]
[15266 15348]
[15349 15912]
[15913 16037]
[16038 16527]
[16528 17059]
[17060 17274]
[17276 17672]
[17673 17796]
[17797 17904]
[17905 17998]
[17999 18091]
[18092 18180]
[18181 18309]
[18310 18375]
[18376 18448]
[18449 18574]
[18575 19429]
[19430 20192]
[20193 20285]
[20286 20459]
[20460 20601]
[20602 20706]
[20707 20822]
[20823 20882]
[20883 20936]
[20937 21024]
[21025 21103]
[21104 21476]
[21477 21536]
[21537 21617]
[21618 21684]
[21685 21741]
[21742 21807]
[21808 21862]
[21863 21905]
[21906 22012]
[22013 22724]
[22725 23197]
[23198 23299]
