[ 0 29]
[30 81]
[ 82 264]
[265 328]
[329 408]
[409 454]
[455 498]
[499 573]
[574 612]
[613 683]
[684 743]
[744 807]
[808 839]
[840 907]
[908 932]
[ 933 1396]
[1397 1496]
[1497 1550]
[1551 1569]
[1570 1611]
[1612 1633]
[1634 1665]
[1666 1684]
[1685 1706]
[1707 1726]
[1727 1754]
[1755 1787]
[1788 1821]
[1822 1882]
[1883 2195]
[2196 2273]
[2274 2353]
[2354 2445]
[2446 2532]
[2533 2611]
[2612 2700]
[2701 2781]
[2782 2870]
[2871 2941]
[2942 3019]
[3020 3105]
[3106 3186]
[3187 3238]
[3239 3697]
[3698 3819]
[3820 3976]
[3977 4185]
[4186 4406]
[4407 4596]
[4597 4744]
[4745 4883]
[4884 4991]
[4992 5144]
[5145 5270]
[5271 5410]
[5411 5616]
[5617 5732]
[5733 5851]
[5852 5968]
[5969 6086]
[6087 6147]
[6148 6588]
[6589 6930]
[6931 7029]
[7030 7102]
[7103 7200]
[7201 7300]
[7301 7436]
[7437 7559]
[7560 7850]
[7851 7928]
[7929 7986]
[7987 8073]
[8074 8139]
[8140 8224]
[8225 8355]
[8356 8422]
[8423 8485]
[8486 8555]
[8556 8624]
[8625 8691]
[8692 8755]
[8756 8823]
[8824 8884]
[8885 8944]
[8945 9044]
[9045 9350]
[9351 9422]
[9423 9497]
[9498 9572]
[9573 9647]
[9648 9722]
[9723 9797]
[9798 9872]
[9873 9947]
[ 9948 10093]
[10094 10125]
[10126 10747]
[10748 10803]
[10804 10866]
[10867 10922]
[10923 10967]
[10968 11051]
[11052 11194]
[11195 11265]
[11266 11416]
[11417 11522]
[11523 11585]
[11586 11660]
[11661 12084]
[12085 12630]
[12631 12700]
[12701 12792]
[12793 13156]
[13157 13493]
[13494 13803]
[13804 13892]
[13893 13995]
[13996 14073]
[14074 14119]
[14120 14194]
[14195 14203]
[14204 14286]
[14287 14320]
[14321 14448]
[14449 14573]
[14574 15226]
[15227 15378]
[15379 15556]
[15557 15699]
[15700 15787]
[15788 15819]
[15820 15887]
[15888 15995]
[15996 16085]
[16086 16163]
[16164 16304]
[16305 16444]
[16445 17301]
[17302 17550]
[17551 17628]
[17629 17707]
[17708 17819]
[17820 17910]
[17911 18124]
[18125 18247]
[18248 18373]
[18374 18486]
[18487 19032]
[19033 19308]
[19309 19645]
[19646 20114]
[20115 20301]
[20302 20530]
[20531 20846]
[20847 21477]
[21478 21949]
