[ 0 29]
[30 81]
[ 82 181]
[182 226]
[227 255]
[256 299]
[300 330]
[331 359]
[360 388]
[389 425]
[426 478]
[479 496]
[497 536]
[537 582]
[583 620]
[621 671]
[672 721]
[722 777]
[ 778 1266]
[1267 1320]
[1321 1339]
[1340 1381]
[1382 1403]
[1404 1435]
[1436 1454]
[1455 1476]
[1477 1496]
[1497 1524]
[1525 1557]
[1558 1591]
[1592 1629]
[1630 1729]
[1730 2189]
[2190 2354]
[2356 2507]
[2508 2705]
[2706 2860]
[2861 2986]
[2987 3124]
[3125 3260]
[3261 4060]
[4061 4149]
[4150 4283]
[4284 4442]
[4443 4606]
[4607 4743]
[4744 4827]
[4828 4911]
[4912 4966]
[4967 5337]
[5338 5421]
[5422 5496]
[5497 5589]
[5590 5685]
[5686 5792]
[5793 5881]
[5882 5997]
[5998 6285]
[6286 6353]
[6354 6438]
[6439 6517]
[6518 6588]
[6589 6674]
[6675 6751]
[6752 6828]
[6829 6913]
[6914 7063]
[7064 7153]
[7154 7267]
[7268 7400]
[7401 7521]
[7522 7601]
[7602 7699]
[7700 7790]
[7791 7875]
[7876 7969]
[7970 8103]
[8104 8378]
[8379 8466]
[8467 8567]
[8568 8662]
[8663 8771]
[8772 8968]
[8969 9018]
[9019 9110]
[9111 9225]
[9226 9275]
[9276 9325]
[9326 9376]
[9377 9418]
[9419 9468]
[9469 9518]
[9519 9594]
[9595 9650]
[9651 9740]
[9741 9793]
[9794 9882]
[9883 9955]
[ 9956 10080]
[10081 10205]
[10206 10295]
[10296 10387]
[10388 10485]
[10486 10617]
[10618 10722]
[10723 10821]
[10822 10904]
[10905 10999]
[11000 11143]
[11144 11244]
[11245 11344]
[11345 11443]
[11444 11630]
[11631 11678]
[11679 11751]
[11752 11823]
[11824 12019]
[12020 12097]
[12098 12169]
[12170 12232]
[12233 12307]
[12308 12376]
[12377 12455]
[12456 12518]
[12519 12587]
[12588 12743]
[12744 12803]
[12804 12878]
[12879 12922]
[12923 12997]
[12998 13198]
[13199 13251]
[13252 13326]
[13327 13439]
[13440 13485]
[13486 13557]
[13558 13624]
[13625 13672]
[13673 13785]
[13786 13888]
[13889 13972]
[13973 14072]
[14073 14117]
[14118 14163]
[14164 14238]
[14239 14331]
[14332 14364]
[14365 14492]
[14493 14617]
[14618 15028]
[15029 15104]
[15105 15276]
[15277 15341]
[15342 15413]
[15414 15498]
[15499 15571]
[15572 15680]
[15682 15779]
[15780 15921]
[15922 16048]
[16049 16180]
[16181 16331]
[16332 16476]
[16477 16636]
[16637 16776]
[16777 16908]
[16909 17024]
[17025 17156]
[17157 17296]
[17297 17547]
[17548 17684]
[17685 17856]
[17857 18021]
[18022 18184]
[18185 18328]
[18329 18472]
[18473 18586]
[18587 18721]
[18722 18877]
[18878 19445]
[19446 19702]
[19703 19794]
[19795 19856]
[19857 19938]
[19939 20027]
[20028 20221]
[20222 20364]
[20365 21082]
[21083 21752]
[21753 22225]
[22226 22299]
