[ 0 29]
[30 81]
[ 82 181]
[182 217]
[218 273]
[274 329]
[330 413]
[414 495]
[496 654]
[655 866]
[867 957]
[ 958 1418]
[1419 1518]
[1519 1572]
[1573 1591]
[1592 1633]
[1634 1655]
[1656 1687]
[1688 1706]
[1707 1728]
[1729 1748]
[1749 1776]
[1777 1809]
[1810 1905]
[1906 2173]
[2174 2333]
[2334 2463]
[2464 2581]
[2582 2714]
[2715 2845]
[2846 3039]
[3040 3238]
[3239 3481]
[3482 3777]
[3778 4052]
[4053 4183]
[4184 4555]
[4556 4613]
[4614 4664]
[4665 4720]
[4721 4770]
[4771 4834]
[4835 4908]
[4909 4978]
[4979 5031]
[5032 5118]
[5119 5172]
[5173 5232]
[5233 5337]
[5338 5371]
[5372 5556]
[5557 5637]
[5638 5718]
[5719 5779]
[5780 5834]
[5835 5903]
[5904 6075]
[6076 6387]
[6388 6455]
[6456 6528]
[6529 6594]
[6595 6664]
[6665 6756]
[6757 6842]
[6843 6870]
[6871 7160]
[7161 7210]
[7211 7407]
[7408 7482]
[7483 7598]
[7599 7695]
[7696 8037]
[8038 8153]
[8154 8485]
[8486 8571]
[8572 8777]
[8778 8855]
[8856 8955]
[8956 9168]
[9169 9308]
[9309 9440]
[9441 9551]
[9552 9634]
[9635 9728]
[9729 9935]
[ 9936 10043]
[10044 10350]
[10351 11247]
[11248 11547]
[11548 11904]
[11905 11994]
[11995 12197]
[12198 12514]
[12515 12606]
[12607 12690]
[12691 12762]
[12763 12800]
[12801 12846]
[12847 12884]
[12885 12930]
[12931 13005]
[13006 13098]
[13099 13131]
[13132 13259]
[13260 13384]
[13385 14025]
[14026 14570]
[14571 14625]
[14626 14683]
[14684 14729]
[14730 14803]
[14804 14867]
[14868 15006]
[15007 15190]
[15191 15456]
[15457 16373]
[16374 16623]
[16624 16764]
[16765 16972]
[16973 17174]
[17175 17258]
[17259 17358]
[17359 17682]
[17683 17979]
[17980 18268]
[18269 18331]
[18332 18405]
[18406 18587]
[18588 18665]
[18666 18766]
[18767 19482]
[19483 19955]
[19956 20049]
