[ 0 29]
[30 81]
[ 82 181]
[182 216]
[217 248]
[249 282]
[283 314]
[315 356]
[357 388]
[389 441]
[442 479]
[480 512]
[513 588]
[589 626]
[627 684]
[685 722]
[723 762]
[763 819]
[ 820 1625]
[1626 1679]
[1680 1698]
[1699 1740]
[1741 1762]
[1763 1794]
[1795 1813]
[1814 1835]
[1836 1855]
[1856 1883]
[1884 1916]
[1917 1950]
[1951 1988]
[1989 2088]
[2089 2455]
[2456 2525]
[2526 2576]
[2577 2653]
[2654 2788]
[2789 2882]
[2883 2963]
[2964 3061]
[3062 3127]
[3128 3213]
[3214 3297]
[3298 3362]
[3363 3455]
[3456 3511]
[3512 3586]
[3587 3671]
[3672 3738]
[3739 3802]
[3803 3864]
[3865 3944]
[3945 4022]
[4023 4065]
[4066 4119]
[4120 4593]
[4594 4653]
[4654 4717]
[4718 4809]
[4810 4882]
[4883 4957]
[4958 5040]
[5041 5126]
[5127 5204]
[5205 5262]
[5263 5339]
[5340 5413]
[5414 5492]
[5493 5582]
[5583 5925]
[5926 6031]
[6032 6391]
[6392 6449]
[6450 6528]
[6529 6585]
[6586 6936]
[6937 7009]
[7010 7080]
[7081 7346]
[7347 7590]
[7591 7653]
[7654 7726]
[7727 7823]
[7824 7936]
[7937 8037]
[8038 8106]
[8107 8178]
[8179 8264]
[8265 8307]
[8308 8678]
[8679 8733]
[8734 8818]
[8819 8879]
[8880 8955]
[8956 9006]
[9007 9086]
[9087 9156]
[9157 9228]
[9229 9295]
[9296 9380]
[9381 9465]
[9466 9541]
[9542 9612]
[9613 9681]
[9682 9733]
[ 9734 10178]
[10179 10283]
[10284 10370]
[10371 10434]
[10435 10600]
[10601 10657]
[10658 10750]
[10751 10844]
[10845 10972]
[10973 11091]
[11092 11170]
[11171 11305]
[11306 11423]
[11424 11473]
[11474 11562]
[11563 11662]
[11663 11868]
[11869 12009]
[12010 12150]
[12151 12246]
[12247 12344]
[12345 12381]
[12382 12520]
[12521 12627]
[12628 12711]
[12712 12781]
[12782 12848]
[12849 12926]
[12927 12983]
[12984 13051]
[13052 13130]
[13131 13198]
[13199 13242]
[13243 13367]
[13368 13401]
[13402 13447]
[13448 13522]
[13523 13614]
[13616 13648]
[13649 13776]
[13777 13901]
[13902 14726]
[14727 14804]
[14805 14899]
[14900 15003]
[15004 15103]
[15104 15145]
[15146 15234]
[15235 15317]
[15318 15395]
[15396 15485]
[15486 15561]
[15562 15640]
[15641 15738]
[15739 15883]
[15884 16811]
[16812 16892]
[16893 16957]
[16958 17016]
[17017 17091]
[17092 17163]
[17164 17237]
[17238 17324]
[17325 17405]
[17406 17517]
[17518 18146]
[18147 18490]
[18491 20015]
[20016 20096]
[20097 20156]
[20157 20233]
[20234 20308]
[20309 20380]
[20381 20463]
[20464 20539]
[20540 20623]
[20624 20704]
[20705 20797]
[20798 20893]
[20894 20976]
[20977 21062]
[21063 21784]
[21785 22257]
[22258 22349]
