[ 0 16]
[18 37]
[38 57]
[ 59 102]
[104 184]
[185 465]
[466 529]
[530 566]
[567 590]
[591 619]
[620 656]
[657 708]
[709 734]
[735 763]
[764 779]
[780 828]
[ 830 1157]
[1158 1259]
[1260 1329]
[1330 1399]
[1400 1460]
[1461 1526]
[1527 1594]
[1595 1663]
[1664 1728]
[1729 1826]
[1827 1899]
[1900 1974]
[1975 2044]
[2045 2095]
[2096 2409]
[2410 2971]
[2973 3313]
[3314 3397]
[3398 3530]
[3531 3838]
[3839 3887]
[3888 3983]
[3984 4012]
[4013 4083]
[4084 4195]
[4196 4419]
[4420 4467]
[4468 4545]
[4546 4603]
[4604 4661]
[4663 4746]
[4747 5109]
[5110 5176]
[5177 5240]
[5241 5291]
[5292 5314]
[5315 5350]
[5351 5422]
[5423 5470]
[5471 5504]
[5505 5565]
[5566 5945]
[5946 5980]
[5981 6037]
[6038 6058]
[6059 6110]
[6111 6136]
[6137 6165]
[6166 6227]
[6228 6241]
[6242 6317]
[6318 6382]
[6384 6439]
[6440 6492]
[6493 6546]
[6547 6598]
[6599 6631]
[6632 6789]
[6790 6801]
[6802 6829]
[6830 6853]
[6854 6871]
[6872 6895]
[6896 6925]
[6926 6964]
[6965 6987]
[6988 7015]
[7016 7071]
[7072 7102]
[7103 7133]
[7134 7173]
[7174 7202]
[7203 7558]
[7559 7625]
[7626 7680]
[7681 7769]
[7770 7802]
[7803 7890]
[7891 7906]
[7907 7967]
[7968 8050]
[8051 8109]
[8110 8202]
[8203 8296]
[8297 8607]
[8608 8699]
[8700 8783]
[8784 8844]
[8845 8902]
[8903 9020]
[9021 9056]
[9057 9102]
[9103 9133]
[9134 9184]
[9185 9229]
[9230 9295]
[9296 9344]
[9345 9397]
[9398 9459]
[9460 9500]
[9501 9638]
[9639 9693]
[9695 9759]
[9760 9812]
[9813 9855]
[9856 9900]
[9901 9940]
[9941 9975]
[ 9976 10053]
[10054 10106]
[10107 10200]
[10201 10487]
[10488 10566]
[10567 10639]
[10640 10723]
[10724 10775]
[10776 10831]
[10832 10952]
[10953 11033]
[11034 11085]
[11086 11155]
[11156 11236]
[11237 11369]
[11370 11417]
[11418 11499]
[11500 11567]
[11568 11670]
[11671 11717]
[11718 11783]
[11784 11857]
[11858 11897]
[11898 12063]
[12064 12145]
[12146 12223]
[12224 12299]
[12300 12381]
[12382 12469]
[12470 12551]
[12552 12612]
[12613 12662]
[12663 12736]
[12737 12809]
[12810 12819]
[12820 12897]
[12898 12973]
[12974 13024]
[13025 13380]
[13381 13442]
[13443 13519]
[13520 13547]
[13548 13672]
[13673 13720]
[13721 13866]
[13867 13940]
[13941 14031]
[14032 14176]
[14177 14205]
[14206 14256]
[14257 14295]
[14296 14479]
[14480 14529]
[14530 14641]
[14642 14774]
[14775 14875]
[14876 15380]
[15381 15423]
[15424 15512]
[15513 15579]
[15580 15642]
[15643 15696]
[15697 15777]
[15778 16079]
[16080 16144]
[16145 16196]
[16197 16253]
[16254 16293]
[16294 16344]
[16345 16405]
[16406 16487]
[16488 16553]
[16554 16593]
[16594 16707]
[16709 17171]
[17172 17222]
[17224 17310]
[17311 17394]
[17395 17450]
[17451 17529]
[17530 17728]
[17729 17825]
[17826 17883]
[17884 17933]
[17934 18004]
[18005 18050]
[18051 18065]
[18066 18113]
[18114 18167]
[18168 18192]
[18193 18370]
[18371 18392]
[18393 18463]
[18464 18512]
[18513 18552]
[18553 18593]
[18594 18630]
[18631 18655]
[18656 18678]
[18679 19151]
[19152 19211]
[19212 19326]
[19327 19429]
[19430 19537]
[19538 19551]
[19552 19917]
[19918 19999]
