[ 0 13]
[15 34]
[35 54]
[56 76]
[77 99]
[101 185]
[186 480]
[481 532]
[533 568]
[569 611]
[612 659]
[660 711]
[712 739]
[740 783]
[784 907]
[908 961]
[ 962 1348]
[1350 1965]
[1966 2523]
[2524 2927]
[2929 3225]
[3226 3299]
[3300 3335]
[3336 3377]
[3378 3476]
[3477 3574]
[3575 3608]
[3609 3678]
[3679 3742]
[3743 3783]
[3784 3853]
[3854 3920]
[3921 3991]
[3992 4062]
[4063 4133]
[4134 4200]
[4201 4242]
[4243 4282]
[4283 4680]
[4681 4724]
[4725 4770]
[4771 4790]
[4791 4821]
[4822 4880]
[4881 4901]
[4902 5122]
[5123 5304]
[5305 5339]
[5340 5382]
[5383 5397]
[5398 5460]
[5461 5494]
[5495 5542]
[5543 5597]
[5598 5667]
[5668 5718]
[5719 5753]
[5754 5918]
[5919 5960]
[5961 6011]
[6012 6063]
[6064 6115]
[6116 6136]
[6137 6181]
[6182 6221]
[6222 6255]
[6256 6295]
[6296 6328]
[6329 6342]
[6343 6369]
[6370 6405]
[6406 6803]
[6804 6890]
[6891 6995]
[6996 7047]
[7048 7099]
[7100 7296]
[7297 7411]
[7412 7481]
[7482 7578]
[7579 7619]
[7620 7686]
[7687 7820]
[7821 7937]
[7938 8173]
[8174 8296]
[8297 8396]
[8397 8438]
[8439 8509]
[8510 8840]
[8841 8888]
[8889 8940]
[8941 8980]
[8981 9046]
[9047 9093]
[9094 9130]
[9131 9184]
[9185 9241]
[9242 9286]
[9287 9338]
[9339 9400]
[9401 9465]
[9466 9504]
[9505 9549]
[9550 9597]
[9598 9691]
[9692 9969]
[ 9970 10040]
[10041 10141]
[10142 10184]
[10185 10307]
[10308 10340]
[10341 10394]
[10395 10421]
[10422 10494]
[10495 10560]
[10561 10692]
[10693 10747]
[10748 10777]
[10778 10809]
[10810 11156]
[11157 11230]
[11231 11274]
[11275 11328]
[11329 11373]
[11374 11394]
[11395 11440]
[11441 11488]
[11489 11509]
[11510 11552]
[11553 11607]
[11608 11681]
[11682 11939]
[11940 11992]
[11993 12041]
[12042 12095]
[12096 12155]
[12156 12198]
[12199 12256]
[12257 12293]
[12294 12346]
[12347 12402]
[12403 12444]
[12445 12492]
[12493 12913]
[12914 12973]
[12974 13041]
[13042 13068]
[13069 13113]
[13114 13161]
[13162 13207]
[13208 13270]
[13271 13316]
[13317 13380]
[13381 13481]
[13482 13516]
[13517 13550]
[13551 13573]
[13574 13631]
[13632 13701]
[13702 13756]
[13757 13816]
[13817 13918]
[13919 13998]
[13999 14134]
[14135 14621]
[14622 15069]
[15070 15817]
[15818 16263]
[16264 16311]
[16312 16385]
[16386 16470]
[16471 16529]
[16530 16636]
[16637 16687]
[16688 16746]
[16747 16809]
[16810 16881]
[16882 16945]
[16946 17041]
[17042 17129]
[17130 17189]
[17190 17247]
[17248 17292]
[17293 17360]
[17361 17407]
[17408 18375]
[18376 18499]
