[ 0 26]
[28 47]
[48 67]
[ 69 112]
[114 210]
[212 688]
[689 750]
[751 776]
[777 802]
[803 840]
[841 877]
[878 908]
[909 937]
[938 955]
[956 981]
[ 982 1001]
[1002 1032]
[1033 1065]
[1066 1096]
[1097 1122]
[1123 1172]
[1173 1430]
[1431 1510]
[1511 1599]
[1600 1708]
[1709 1791]
[1792 1886]
[1887 1993]
[1994 2107]
[2108 2184]
[2185 2282]
[2283 2365]
[2366 2426]
[2427 2470]
[2471 2796]
[2797 2873]
[2874 2946]
[2947 2988]
[2989 3063]
[3064 3122]
[3123 3186]
[3187 3273]
[3274 3420]
[3421 3477]
[3479 3519]
[3520 3570]
[3571 3631]
[3632 3705]
[3706 3744]
[3745 3783]
[3784 3831]
[3832 3852]
[3853 3956]
[3957 4001]
[4002 4067]
[4068 4098]
[4099 4150]
[4151 4181]
[4182 4239]
[4240 4283]
[4284 4307]
[4308 4728]
[4730 4796]
[4797 4847]
[4848 4892]
[4893 4916]
[4917 4968]
[4969 5026]
[5027 5105]
[5106 5169]
[5170 5214]
[5215 5253]
[5254 5305]
[5306 5381]
[5382 5432]
[5433 5451]
[5452 5487]
[5488 5525]
[5526 5556]
[5557 5582]
[5583 5669]
[5670 5713]
[5714 5774]
[5775 5817]
[5818 5868]
[5869 5886]
[5887 5925]
[5926 5993]
[5994 6007]
[6008 6048]
[6049 6080]
[6081 6126]
[6127 6147]
[6148 6189]
[6190 6231]
[6232 6287]
[6288 6327]
[6328 6656]
[6657 6721]
[6722 6819]
[6820 6865]
[6866 6926]
[6927 6990]
[6991 7049]
[7050 7113]
[7114 7327]
[7328 7378]
[7379 7438]
[7439 7488]
[7489 7539]
[7540 7614]
[7615 7669]
[7670 7709]
[7710 7764]
[7765 7801]
[7802 7897]
[7898 7950]
[7951 8007]
[8008 8076]
[8077 8136]
[8137 8198]
[8199 8254]
[8255 8289]
[8290 8317]
[8318 8344]
[8345 8723]
[8724 8753]
[8754 8832]
[8833 8936]
[8937 9015]
[9016 9068]
[9069 9209]
[9210 9275]
[9276 9307]
[9308 9338]
[9339 9361]
[9362 9475]
[9476 9729]
[9730 9778]
[9779 9839]
[9840 9889]
[9890 9914]
[9915 9977]
[ 9978 10038]
[10039 10100]
[10101 10195]
[10196 10252]
[10253 10293]
[10294 10320]
[10321 10346]
[10347 10375]
[10376 10443]
[10444 10487]
[10488 10528]
[10529 10549]
[10550 10635]
[10636 10867]
[10868 10992]
[10993 11052]
[11053 11182]
[11183 11282]
[11283 11455]
[11456 11542]
[11543 11757]
[11758 11836]
[11837 11958]
[11959 12195]
[12196 12220]
[12221 12284]
[12285 12356]
[12357 12429]
[12430 12485]
[12486 12542]
[12543 12579]
[12580 12611]
[12612 12692]
[12693 12802]
[12803 12906]
[12907 12942]
[12943 13029]
[13030 13055]
[13056 13415]
[13416 13519]
[13520 13619]
[13620 13689]
[13690 13799]
[13800 13859]
[13860 13919]
[13920 14019]
[14020 14103]
[14104 14229]
[14230 14298]
[14299 14350]
[14351 14988]
[14989 15086]
[15087 15197]
[15198 15240]
[15241 15305]
[15306 15352]
[15353 15424]
[15425 15520]
[15521 15592]
[15593 15647]
[15648 15711]
[15712 15921]
[15922 16038]
[16039 16158]
[16159 16320]
[16321 16401]
[16402 16452]
[16453 16528]
[16529 16616]
[16617 16644]
[16645 16667]
[16668 17072]
[17073 17144]
[17145 17252]
[17253 17382]
[17383 17485]
[17486 17602]
[17603 17715]
[17716 17844]
[17845 17891]
[17893 17963]
[17964 18019]
[18020 18080]
[18081 18138]
[18139 18170]
[18171 18204]
[18205 18236]
[18237 18260]
[18261 18328]
[18329 18379]
[18380 18404]
[18405 18440]
[18441 18521]
[18522 18960]
[18961 19071]
[19072 19122]
[19123 19164]
[19165 19212]
[19213 19270]
[19271 19321]
[19322 19381]
[19382 19431]
[19432 19494]
[19495 19529]
[19530 19568]
[19569 19613]
[19614 19673]
[19674 19725]
[19726 19835]
[19836 19925]
[19926 20064]
[20065 20415]
[20416 20487]
[20488 20557]
[20558 20627]
[20628 20703]
[20704 20779]
[20780 20945]
[20946 21039]
[21040 21162]
[21163 21227]
[21228 21365]
[21366 21479]
[21480 21559]
[21560 21649]
[21650 21717]
[21718 21779]
[21780 21858]
[21859 21907]
[21908 22261]
[22262 22334]
[22335 22493]
[22494 22620]
[22621 22728]
[22729 22862]
[22863 23044]
[23045 23130]
[23131 23201]
[23202 23296]
[23297 23376]
[23377 23704]
[23705 23748]
[23749 23789]
[23790 23819]
[23820 23860]
[23861 23945]
[23946 23983]
[23984 24047]
[24048 24087]
[24088 24127]
[24128 24159]
[24160 24237]
[24238 24272]
[24273 24361]
[24362 24442]
[24443 24536]
[24538 24663]
[24664 24729]
[24730 24884]
[24885 24922]
[24923 24975]
[24977 25030]
[25031 25080]
[25081 25140]
[25141 25270]
[25271 25330]
[25331 25420]
[25421 25470]
[25471 25600]
[25601 25653]
[25654 25735]
[25736 25764]
[25765 25906]
[25907 25981]
[25982 26056]
[26057 26136]
[26137 26196]
[26197 26238]
[26239 26271]
[26272 26399]
[26400 26437]
[26438 26633]
[26634 26698]
[26699 26751]
[26752 26794]
[26795 26812]
[26813 26903]
[26904 26979]
[26980 27029]
[27030 27073]
[27074 27104]
[27105 27174]
[27175 27287]
[27288 27440]
[27441 27474]
[27475 27528]
[27529 27545]
[27546 27930]
[27931 28036]
[28037 28076]
[28077 28134]
[28135 28217]
[28218 28266]
[28267 28324]
[28325 28389]
[28390 28536]
[28537 28555]
[28556 28626]
[28627 28672]
[28673 28758]
[28759 28826]
[28827 28876]
[28877 28928]
[28929 28978]
[28979 29033]
[29034 29321]
[29322 29390]
[29391 29480]
[29481 29556]
[29557 29570]
[29571 29637]
[29638 29650]
[29651 29703]
[29704 29718]
[29719 29909]
[29910 30306]
[30307 30399]
