[ 0 27]
[29 48]
[49 68]
[ 70 113]
[115 183]
[185 486]
[487 499]
[500 543]
[544 585]
[586 626]
[627 670]
[671 711]
[712 751]
[752 794]
[795 838]
[839 874]
[875 919]
[920 974]
[ 976 1434]
[1435 1497]
[1498 1538]
[1539 1593]
[1594 1640]
[1641 1673]
[1674 1781]
[1782 1954]
[1955 1983]
[1984 2012]
[2013 2041]
[2042 2142]
[2143 2210]
[2211 2244]
[2245 2277]
[2278 2325]
[2326 2366]
[2367 2403]
[2404 2705]
[2706 3169]
[3170 3265]
[3266 3483]
[3484 3697]
[3698 3794]
[3795 3865]
[3866 3996]
[3997 4042]
[4043 4213]
[4214 4253]
[4254 4295]
[4296 4323]
[4324 4374]
[4375 4411]
[4412 4460]
[4461 4509]
[4510 4570]
[4571 4615]
[4616 4691]
[4692 4788]
[4789 4831]
[4832 4878]
[4879 4925]
[4926 4995]
[4996 5074]
[5075 5109]
[5110 5167]
[5168 5212]
[5213 5339]
[5340 5427]
[5428 5511]
[5512 5583]
[5584 5635]
[5636 5694]
[5695 5707]
[5708 6209]
[6210 6265]
[6266 6311]
[6312 6347]
[6348 6382]
[6383 6429]
[6430 6467]
[6468 6522]
[6523 6562]
[6563 6615]
[6616 6659]
[6660 6711]
[6712 6743]
[6744 6831]
[6832 6883]
[6884 6932]
[6933 6968]
[6969 7006]
[7007 7059]
[7060 7088]
[7089 7142]
[7143 7163]
[7164 7198]
[7199 7230]
[7231 7278]
[7279 7317]
[7318 7370]
[7371 7391]
[7392 7448]
[7449 7488]
[7489 7505]
[7506 7556]
[7557 7578]
[7579 7627]
[7628 7644]
[7645 7660]
[7661 7698]
[7699 7925]
[7926 8175]
[8176 8354]
[8356 8524]
[8525 8683]
[8684 8788]
[8789 8833]
[8834 8887]
[8888 8930]
[8931 9206]
[9207 9285]
[9286 9366]
[9367 9446]
[9447 9525]
[9526 9649]
[9650 9746]
[9747 9875]
[ 9876 10013]
[10014 10088]
[10089 10242]
[10243 10312]
[10313 10592]
[10593 10678]
[10679 10731]
[10732 10800]
[10801 10883]
[10884 10962]
[10963 11022]
[11023 11089]
[11090 11205]
[11206 11265]
[11266 11356]
[11357 11414]
[11415 11469]
[11470 11514]
[11515 11886]
[11887 12543]
[12544 12940]
[12941 12999]
[13000 13061]
[13062 13109]
[13110 13180]
[13181 13263]
[13264 13318]
[13319 13360]
[13361 13432]
[13433 13669]
[13670 13897]
[13898 13955]
[13956 14072]
[14073 14130]
[14131 14180]
[14181 14218]
[14219 14261]
[14262 14576]
[14577 14709]
[14710 14834]
[14835 14957]
[14958 15000]
[15001 15106]
[15107 15131]
[15132 15195]
[15196 15302]
[15303 15397]
[15398 15455]
[15456 15514]
[15515 15547]
[15548 15736]
[15737 15852]
[15853 15898]
[15899 15961]
[15962 16009]
[16010 16111]
[16112 16162]
[16163 16228]
[16229 16297]
[16298 16586]
[16587 16660]
[16661 16732]
[16733 16813]
[16814 16893]
[16894 16949]
[16950 17203]
[17204 17509]
[17510 17721]
[17722 17771]
[17772 17812]
[17813 17860]
[17861 17919]
[17920 17967]
[17968 18021]
[18022 18057]
[18058 18552]
[18553 18640]
[18641 18725]
[18726 18820]
[18821 18871]
[18872 18942]
[18943 19015]
[19016 19083]
[19084 19180]
[19181 19247]
[19248 19325]
[19326 19588]
[19589 19755]
[19756 19818]
[19819 19853]
[19854 19923]
[19924 20363]
[20364 20431]
[20432 20652]
[20653 20769]
[20770 20862]
[20863 20917]
[20918 20964]
[20965 21027]
[21028 21312]
[21313 21588]
[21589 21846]
[21847 21935]
[21936 22219]
[22220 22334]
[22335 22434]
[22435 22636]
[22637 22737]
[22738 22761]
[22762 22835]
[22836 22860]
[22861 22898]
[22899 23047]
[23048 23135]
[23136 23168]
[23169 23214]
[23215 23256]
[23257 23303]
[23304 23555]
[23556 23639]
[23640 23905]
[23906 24038]
[24039 24121]
[24122 24396]
[24397 24517]
[24518 24733]
[24734 24840]
[24841 24911]
[24912 25621]
[25622 25699]
