[ 0 17]
[19 38]
[39 58]
[ 60 103]
[105 183]
[185 399]
[400 455]
[456 491]
[492 521]
[522 549]
[550 582]
[583 608]
[609 638]
[639 673]
[674 706]
[707 743]
[744 801]
[802 828]
[829 880]
[ 881 1200]
[1201 1242]
[1243 1282]
[1283 1299]
[1300 1347]
[1348 1473]
[1474 1616]
[1617 1671]
[1672 1711]
[1712 1791]
[1792 1913]
[1914 1982]
[1983 2026]
[2027 2073]
[2074 2191]
[2192 2234]
[2235 2269]
[2270 2293]
[2294 2414]
[2415 2563]
[2564 2610]
[2611 2660]
[2661 2715]
[2716 2766]
[2767 2810]
[2811 3205]
[3206 3297]
[3298 3330]
[3331 3373]
[3374 3413]
[3414 3440]
[3441 3520]
[3521 3595]
[3596 3652]
[3653 3683]
[3684 3754]
[3755 3823]
[3824 3873]
[3874 3939]
[3940 4017]
[4018 4136]
[4137 4164]
[4165 4249]
[4250 4316]
[4317 4400]
[4401 4512]
[4513 4780]
[4782 4833]
[4834 4882]
[4883 4927]
[4928 4976]
[4977 5050]
[5051 5107]
[5108 5144]
[5145 5194]
[5195 5256]
[5257 5298]
[5299 5333]
[5334 5388]
[5389 5486]
[5487 5583]
[5584 5654]
[5655 5737]
[5738 5807]
[5808 5836]
[5837 5897]
[5898 5951]
[5952 6016]
[6017 6065]
[6066 6132]
[6133 6249]
[6250 6370]
[6371 6414]
[6415 6916]
[6918 6946]
[6947 7110]
[7111 7144]
[7145 7224]
[7225 7242]
[7243 7356]
[7357 7402]
[7403 7443]
[7444 7500]
[7501 7552]
[7553 7625]
[7626 7666]
[7667 7711]
[7712 7761]
[7762 7796]
[7797 7873]
[7874 7921]
[7922 7950]
[7951 8010]
[8011 8059]
[8060 8127]
[8128 8206]
[8207 8309]
[8310 8402]
[8403 8931]
[8932 9039]
[9041 9271]
[9272 9397]
[9399 9773]
[9775 9980]
[ 9981 10187]
[10188 10438]
[10439 10563]
[10565 10686]
[10687 10937]
[10938 11023]
[11024 11066]
[11067 11342]
[11343 11428]
[11429 11505]
[11506 11575]
[11576 11635]
[11636 11716]
[11717 11777]
[11778 12092]
[12093 12186]
[12187 12355]
[12356 12426]
[12427 12527]
[12528 12596]
[12597 12653]
[12654 12744]
[12745 13096]
[13097 13184]
[13185 13258]
[13259 13331]
[13332 13379]
[13380 13468]
[13469 13515]
[13516 13614]
[13615 13694]
[13695 13791]
[13792 13876]
[13877 13942]
[13943 14078]
[14079 14161]
[14162 14271]
[14272 14683]
[14684 14740]
[14741 14789]
[14790 14837]
[14838 14881]
[14882 14920]
[14921 14971]
[14972 15003]
[15004 15066]
[15067 15119]
[15120 15172]
[15173 15229]
[15230 15245]
[15246 15721]
[15722 15787]
[15788 15844]
[15845 15923]
[15924 16016]
[16017 16226]
[16227 16473]
[16474 16688]
[16689 16767]
[16768 16836]
[16837 17131]
[17132 17231]
[17232 17293]
[17294 17346]
[17347 17399]
[17400 17508]
[17509 17572]
[17573 17638]
[17639 17677]
[17678 17732]
[17733 17830]
[17831 17909]
[17910 18006]
[18007 18063]
[18064 18106]
[18107 18158]
[18159 18443]
[18444 18581]
[18582 18726]
[18727 18841]
[18842 18987]
[18988 19128]
[19129 19183]
[19184 19303]
[19304 19727]
[19728 19849]
