[ 0 21]
[23 42]
[43 62]
[ 64 107]
[109 213]
[214 575]
[576 620]
[621 662]
[663 706]
[707 766]
[767 810]
[811 829]
[830 861]
[862 896]
[897 940]
[941 952]
[ 953 1031]
[1032 1580]
[1581 1649]
[1650 1691]
[1692 1739]
[1740 1760]
[1761 1877]
[1878 1936]
[1937 1987]
[1988 2037]
[2038 2098]
[2099 2151]
[2152 2214]
[2215 2527]
[2528 2578]
[2579 2635]
[2636 2677]
[2678 2726]
[2727 2763]
[2764 2809]
[2810 2854]
[2855 2903]
[2904 2949]
[2950 2990]
[2991 3417]
[3418 3485]
[3486 3516]
[3517 3616]
[3617 3704]
[3705 3751]
[3752 3780]
[3781 3814]
[3815 3856]
[3857 4169]
[4170 4239]
[4240 4318]
[4319 4389]
[4390 4435]
[4436 4488]
[4489 4626]
[4627 4745]
[4746 4898]
[4899 4968]
[4969 5041]
[5042 5165]
[5166 5215]
[5216 5248]
[5249 5308]
[5309 5372]
[5373 5414]
[5415 5475]
[5476 5541]
[5542 5590]
[5591 5887]
[5888 5949]
[5950 5993]
[5994 6015]
[6016 6050]
[6051 6077]
[6078 6125]
[6126 6143]
[6144 6177]
[6178 6329]
[6330 6375]
[6376 6458]
[6459 6527]
[6528 6705]
[6706 6851]
[6852 6891]
[6892 6943]
[6944 6987]
[6988 7045]
[7046 7121]
[7122 7217]
[7218 7286]
[7287 7418]
[7420 7861]
[7862 7908]
[7909 7979]
[7980 8001]
[8002 8035]
[8036 8100]
[8101 8210]
[8211 8259]
[8260 8299]
[8300 8348]
[8349 8408]
[8409 8436]
[8437 8585]
[8586 8700]
[8701 8900]
[8901 8989]
[8990 9050]
[9051 9088]
[9089 9133]
[9134 9173]
[9174 9207]
[9208 9242]
[9243 9290]
[9291 9371]
[9372 9659]
[9660 9738]
[9739 9833]
[9834 9863]
[9864 9900]
[9901 9943]
[9944 9994]
[ 9995 10059]
[10060 10094]
[10095 10109]
[10110 10664]
[10665 10739]
[10741 10825]
[10826 10922]
[10923 10964]
[10965 10999]
[11000 11035]
[11036 11076]
[11077 11126]
[11127 11367]
[11368 11658]
[11659 11693]
[11694 11737]
[11738 11838]
[11839 11896]
[11897 11948]
[11949 12015]
[12016 12080]
[12081 12116]
[12117 12176]
[12177 12209]
[12210 12253]
[12254 12336]
[12337 12760]
[12761 12845]
[12846 12914]
[12915 12981]
[12982 13050]
[13051 13136]
[13137 13187]
[13188 13246]
[13247 13315]
[13316 13367]
[13368 13398]
[13399 13444]
[13445 13470]
[13471 13710]
[13711 13861]
[13862 13941]
[13942 13984]
[13985 14489]
[14490 14586]
[14587 14700]
[14701 14875]
[14876 15039]
[15040 15107]
[15108 15252]
[15253 15332]
[15333 15382]
[15383 15419]
[15420 15467]
[15468 15521]
[15522 15901]
[15902 15990]
[15991 16031]
[16032 16087]
[16088 16150]
[16151 16234]
[16235 16318]
[16319 16412]
[16413 16490]
[16491 16569]
[16570 16606]
[16607 16731]
[16732 16859]
[16860 16931]
[16932 16991]
[16992 17032]
[17033 17094]
[17095 17344]
[17345 17452]
[17453 17544]
[17545 17640]
[17641 17746]
[17747 17843]
[17844 17903]
[17904 17991]
[17992 18091]
[18092 18191]
[18192 18291]
[18292 18391]
[18392 18491]
[18492 18547]
[18548 18681]
[18682 18739]
[18740 18817]
[18818 18866]
[18867 18912]
[18913 18962]
[18963 18990]
[18991 19020]
[19021 19124]
[19125 19541]
[19542 19625]
[19626 19747]
[19748 19825]
[19826 19916]
[19917 20016]
[20017 20118]
[20119 20236]
[20237 20343]
[20344 20435]
[20436 20498]
[20499 20578]
[20579 20655]
[20656 20749]
[20750 20812]
[20813 20857]
[20858 20928]
[20929 20992]
[20993 21068]
[21069 21246]
[21247 21311]
[21312 21563]
[21564 21646]
[21647 21735]
[21736 21844]
[21845 21927]
[21928 22025]
[22026 22151]
[22152 22277]
[22278 22391]
[22392 22468]
[22469 22566]
[22567 22649]
[22650 22710]
[22711 22758]
[22759 22796]
[22797 23182]
[23183 23277]
[23278 23349]
[23350 23425]
[23426 23503]
[23504 23576]
[23577 23652]
[23653 23676]
[23677 23807]
[23808 23914]
[23915 24028]
[24029 24145]
[24146 24193]
[24194 24234]
[24235 24392]
[24393 24545]
[24546 24688]
[24689 24739]
[24740 24820]
[24821 24866]
[24867 24967]
[24968 25010]
[25011 25049]
[25050 25097]
[25098 25147]
[25148 25196]
[25197 25242]
[25243 25279]
[25280 25299]
[25300 25343]
[25344 25400]
[25401 25450]
[25451 25480]
[25481 25582]
[25583 25633]
[25634 25682]
[25683 25702]
[25703 25748]
[25749 25852]
[25853 25952]
[25953 26021]
[26022 26126]
[26127 26208]
[26209 26594]
[26595 26658]
[26659 26718]
[26719 26768]
[26769 26938]
[26939 27016]
[27017 27253]
[27254 27394]
[27395 27461]
[27462 27524]
[27525 27567]
[27568 27617]
[27618 27660]
[27661 27707]
[27708 27757]
[27758 27804]
[27805 27846]
[27847 28301]
[28302 28470]
[28471 28579]
[28580 28634]
[28635 28717]
[28718 28879]
[28880 28998]
[28999 29058]
[29059 29148]
[29149 29264]
[29265 29445]
[29446 29506]
[29507 29564]
[29565 29620]
[29621 29660]
[29661 29701]
[29702 29740]
[29741 29778]
[29779 29811]
[29812 29905]
[29906 29974]
[29975 30099]
[30100 30207]
[30208 30296]
[30297 30389]
[30390 30512]
[30513 30611]
[30612 30763]
[30764 30917]
[30918 31019]
[31020 31080]
[31081 31175]
[31176 31271]
[31272 31379]
[31380 31808]
[31809 31899]
