[ 0 23]
[25 44]
[45 64]
[ 66 110]
[111 196]
[198 602]
[603 655]
[656 687]
[688 718]
[719 743]
[744 766]
[767 782]
[783 813]
[814 849]
[850 879]
[880 907]
[908 940]
[941 972]
[ 973 1000]
[1001 1030]
[1031 1094]
[1095 1770]
[1771 1795]
[1796 1852]
[1853 1892]
[1893 1959]
[1960 1985]
[1986 2047]
[2048 2077]
[2078 2144]
[2145 2207]
[2208 2240]
[2241 2327]
[2328 2334]
[2335 2415]
[2416 2502]
[2503 2564]
[2565 2588]
[2589 2630]
[2631 2957]
[2958 3013]
[3014 3070]
[3071 3122]
[3123 3156]
[3157 3254]
[3255 3312]
[3313 3406]
[3407 3426]
[3427 3479]
[3480 3552]
[3553 3645]
[3646 3677]
[3678 3735]
[3736 3778]
[3779 3889]
[3890 3930]
[3931 3956]
[3957 4199]
[4200 4275]
[4276 4446]
[4447 4805]
[4806 4921]
[4922 4948]
[4949 5067]
[5068 5116]
[5117 5184]
[5185 5222]
[5223 5310]
[5311 5467]
[5468 5538]
[5539 5640]
[5641 5706]
[5707 5724]
[5725 5774]
[5775 5922]
[5923 6089]
[6090 6212]
[6213 6305]
[6306 6364]
[6365 6414]
[6415 6456]
[6457 6552]
[6553 6581]
[6582 6680]
[6681 6827]
[6828 6894]
[6895 6967]
[6968 7108]
[7109 7136]
[7137 7172]
[7173 7217]
[7218 7381]
[7382 7434]
[7435 7526]
[7527 7633]
[7634 7657]
[7658 7720]
[7721 7778]
[7779 7812]
[7813 7838]
[7839 7885]
[7886 7963]
[7964 8080]
[8081 8462]
[8463 8636]
[8637 8748]
[8749 8856]
[8857 8970]
[8971 9029]
[9030 9081]
[9082 9418]
[9419 9553]
[9554 9621]
[9622 9810]
[9811 9867]
[9868 9952]
[ 9953 10032]
[10033 10103]
[10104 10170]
[10171 10248]
[10249 10319]
[10320 10398]
[10399 10468]
[10469 10556]
[10557 10660]
[10661 10759]
[10760 10841]
[10842 11165]
[11166 11242]
[11243 11327]
[11328 11379]
[11380 11458]
[11459 11486]
[11487 11540]
[11541 11585]
[11586 11651]
[11652 11696]
[11697 11826]
[11827 11931]
[11932 12029]
[12030 12062]
[12063 12130]
[12131 12367]
[12368 12421]
[12422 12499]
[12500 12594]
[12595 12639]
[12640 12716]
[12717 12796]
[12797 12868]
[12869 12941]
[12942 13018]
[13019 13091]
[13092 13136]
[13137 13175]
[13176 13232]
[13233 13295]
[13296 13570]
[13571 13635]
[13636 13674]
[13675 13726]
[13727 13804]
[13805 13873]
[13874 13933]
[13934 14023]
[14024 14075]
[14076 14124]
[14125 14174]
[14175 14211]
[14212 14276]
[14277 14328]
[14329 14380]
[14381 14406]
[14407 14463]
[14464 14528]
[14529 14567]
[14568 14652]
[14653 14707]
[14708 14753]
[14754 14777]
[14778 14814]
[14815 14852]
[14853 14877]
[14878 14886]
[14887 14933]
[14934 14973]
[14974 15017]
[15018 15074]
[15075 15149]
[15150 15627]
[15628 15785]
[15786 15957]
[15958 16008]
[16009 16256]
[16257 16285]
[16286 16496]
[16497 16728]
[16729 16772]
[16773 16903]
[16904 17028]
[17029 17126]
[17127 17574]
[17575 17638]
[17639 17711]
[17712 18122]
[18123 18158]
[18159 18198]
[18199 18236]
[18237 18261]
[18262 18277]
[18278 18291]
[18292 18332]
[18333 18356]
[18357 18371]
[18372 18409]
[18410 18454]
[18455 18507]
[18508 18574]
[18575 18618]
[18619 18657]
[18658 18715]
[18716 18752]
[18753 18766]
[18767 18793]
[18794 18819]
[18820 18862]
[18863 18894]
[18895 19355]
[19356 19539]
[19540 19676]
[19677 19827]
[19828 19923]
[19924 20049]
[20050 20228]
[20229 20529]
[20530 21092]
[21093 21150]
[21151 21202]
[21203 22129]
[22130 22574]
[22575 22650]
[22651 22697]
[22698 22805]
[22806 22942]
[22943 23287]
[23288 23352]
[23353 23391]
[23392 23690]
[23691 23817]
[23818 23972]
[23973 24043]
[24044 24515]
[24516 24574]
[24575 24614]
[24615 24658]
[24659 24715]
[24716 24767]
[24768 24848]
[24849 24910]
[24911 25036]
[25037 25074]
[25075 25134]
[25135 25247]
[25248 25326]
[25327 25367]
[25368 25438]
[25439 25505]
[25506 25587]
[25588 25681]
[25682 25783]
[25784 25917]
[25918 26012]
[26013 26352]
[26353 26585]
[26586 26947]
[26948 27153]
[27154 27309]
[27310 27402]
[27403 27644]
[27645 28025]
[28026 28185]
[28186 28518]
[28519 28599]
