[ 0 16]
[18 37]
[38 57]
[ 59 102]
[104 180]
[182 483]
[484 540]
[541 586]
[587 601]
[602 615]
[616 667]
[668 707]
[708 734]
[735 753]
[754 791]
[792 841]
[842 877]
[878 916]
[917 972]
[ 973 1377]
[1378 1454]
[1455 1554]
[1555 1627]
[1628 1742]
[1743 1916]
[1917 1950]
[1951 2004]
[2005 2111]
[2112 2177]
[2178 2249]
[2250 2269]
[2270 2283]
[2284 2358]
[2359 2427]
[2428 2486]
[2487 2511]
[2512 2993]
[2994 3033]
[3034 3087]
[3088 3107]
[3108 3254]
[3255 3277]
[3278 3304]
[3305 3343]
[3344 3368]
[3369 3417]
[3418 3432]
[3433 3488]
[3489 3693]
[3694 3733]
[3734 3790]
[3791 3841]
[3842 3861]
[3862 3950]
[3951 4198]
[4199 4253]
[4254 4305]
[4306 4368]
[4369 4404]
[4405 4430]
[4431 4787]
[4788 4856]
[4857 4894]
[4895 4967]
[4968 5024]
[5025 5103]
[5104 5151]
[5152 5194]
[5195 5252]
[5253 5304]
[5305 5368]
[5369 5447]
[5448 5592]
[5593 5636]
[5637 5679]
[5680 5733]
[5734 5971]
[5972 6039]
[6040 6099]
[6100 6143]
[6144 6191]
[6192 6231]
[6232 6291]
[6292 6673]
[6674 6805]
[6806 6838]
[6839 6908]
[6909 6937]
[6938 6972]
[6973 7020]
[7021 7092]
[7093 7126]
[7127 7194]
[7195 7337]
[7338 7371]
[7372 7436]
[7437 7482]
[7483 7513]
[7514 7558]
[7559 7666]
[7667 7709]
[7710 7757]
[7758 7834]
[7835 7855]
[7856 7918]
[7919 7974]
[7975 8104]
[8105 8202]
[8203 8259]
[8260 8305]
[8306 8351]
[8352 8384]
[8385 8420]
[8421 8476]
[8477 8637]
[8638 9061]
[9062 9123]
[9124 9209]
[9210 9274]
[9275 9320]
[9321 9366]
[9367 9435]
[9436 9499]
[9500 9562]
[9563 9620]
[9621 9673]
[9674 9739]
[9740 9797]
[9798 9856]
[9857 9915]
[9916 9957]
[ 9958 10002]
[10003 10050]
[10051 10095]
[10096 10148]
[10149 10206]
[10207 10242]
[10243 10276]
[10277 10623]
[10624 10693]
[10694 10759]
[10760 10811]
[10812 10916]
[10917 10971]
[10972 11021]
[11022 11252]
[11253 11344]
[11345 11405]
[11406 11459]
[11460 11742]
[11743 11787]
[11788 11863]
[11864 11913]
[11914 12078]
[12079 12132]
[12133 12177]
[12178 12277]
[12278 12302]
[12303 12335]
[12336 12436]
[12437 12504]
[12505 12713]
[12714 12774]
[12775 12810]
[12811 12866]
[12867 13066]
[13067 13139]
[13140 13200]
[13201 13297]
[13298 13343]
[13344 13482]
[13483 13763]
[13764 13928]
[13929 14288]
[14289 14630]
[14631 14879]
[14880 15758]
[15759 15827]
[15828 15878]
[15879 15940]
[15941 15976]
[15977 16037]
[16038 16075]
[16076 16124]
[16125 16194]
[16195 16607]
[16608 16705]
[16706 16840]
[16841 16999]
[17000 17143]
[17144 17237]
[17238 17292]
[17293 17570]
[17571 17666]
[17667 17833]
[17834 18279]
[18280 18333]
[18334 18518]
[18519 18581]
[18582 18685]
[18686 18785]
[18786 18802]
[18803 18876]
[18877 19098]
[19099 19216]
[19217 19232]
[19233 19289]
[19290 19392]
[19393 19494]
[19495 19574]
[19575 19837]
[19838 19932]
[19933 20000]
[20001 20351]
[20352 20455]
[20456 20504]
[20505 20600]
[20601 20668]
[20669 20671]
[20672 21147]
[21148 21235]
[21236 21333]
[21334 21450]
[21451 21635]
[21636 21694]
[21695 21731]
[21732 21792]
[21793 21830]
[21831 21879]
[21880 21945]
[21946 22013]
[22014 22070]
[22071 22120]
[22121 22154]
[22155 22559]
[22560 22692]
[22693 22751]
[22752 22871]
[22872 22923]
[22924 23079]
[23080 23346]
[23347 23803]
[23804 23899]
