[ 0 21]
[23 42]
[43 62]
[ 64 107]
[109 183]
[184 488]
[489 543]
[544 579]
[580 609]
[610 637]
[638 670]
[671 706]
[707 753]
[754 794]
[795 831]
[832 859]
[860 890]
[891 919]
[920 948]
[949 986]
[ 987 1027]
[1029 1122]
[1123 1511]
[1512 1592]
[1593 1656]
[1657 1718]
[1719 1808]
[1809 1862]
[1863 1916]
[1917 1971]
[1972 2027]
[2028 2088]
[2089 2128]
[2129 2194]
[2195 2241]
[2242 2734]
[2735 2775]
[2776 2816]
[2817 2894]
[2895 2954]
[2955 3020]
[3021 3187]
[3189 3337]
[3338 3428]
[3429 3544]
[3545 3667]
[3668 3706]
[3707 3743]
[3744 3784]
[3785 3835]
[3836 3890]
[3891 3934]
[3935 3973]
[3974 4010]
[4011 4428]
[4429 4475]
[4476 4533]
[4534 4563]
[4564 4589]
[4590 4613]
[4614 4647]
[4648 4687]
[4688 4722]
[4723 4762]
[4763 4783]
[4784 4806]
[4807 4881]
[4882 4923]
[4924 4949]
[4950 4972]
[4973 5015]
[5016 5037]
[5038 5141]
[5142 5207]
[5208 5235]
[5236 5281]
[5282 5304]
[5305 5331]
[5332 5387]
[5388 5440]
[5441 5468]
[5469 5502]
[5503 5539]
[5540 5571]
[5572 6165]
[6166 6266]
[6267 6354]
[6355 6478]
[6479 6613]
[6614 6741]
[6742 6850]
[6851 7089]
[7090 7177]
[7178 7260]
[7261 7353]
[7354 7477]
[7478 7584]
[7585 7690]
[7691 7760]
[7761 8122]
[8123 8183]
[8184 8242]
[8243 8303]
[8304 8376]
[8377 8433]
[8434 8471]
[8472 8572]
[8573 8648]
[8649 8717]
[8718 8792]
[8793 8829]
[8830 8856]
[8857 8932]
[8933 9012]
[9013 9073]
[9074 9152]
[9153 9222]
[9223 9297]
[9298 9334]
[9335 9366]
[9367 9634]
[9635 9880]
[ 9881 10137]
[10138 10355]
[10356 10605]
[10606 10696]
[10697 10907]
[10908 11100]
[11101 11181]
[11182 11266]
[11267 11529]
[11530 11913]
[11914 11991]
[11992 12063]
[12064 12135]
[12136 12203]
[12204 12373]
[12374 12670]
[12671 12728]
[12729 12797]
[12798 12842]
[12843 12915]
[12916 12975]
[12976 13026]
[13027 13070]
[13071 13114]
[13115 13182]
[13183 13247]
[13248 13280]
[13281 13362]
[13363 13418]
[13419 13548]
[13549 13598]
[13599 13627]
[13628 13653]
[13654 13668]
[13669 13697]
[13698 13728]
[13729 13779]
[13780 13812]
[13813 13846]
[13847 13878]
[13879 13908]
[13909 13987]
[13988 14613]
[14614 14637]
[14638 14713]
[14714 14802]
[14803 14876]
[14877 14916]
[14917 15014]
[15015 15079]
[15080 15177]
[15178 15284]
[15285 15382]
[15383 15458]
[15459 15521]
[15522 16133]
[16134 16207]
[16208 16312]
[16313 16408]
[16409 16462]
[16463 16590]
[16591 16728]
[16729 16842]
[16843 16902]
[16903 16957]
[16958 17012]
[17013 17070]
[17071 17468]
[17469 17568]
[17569 17704]
[17705 17841]
[17842 17958]
[17959 18199]
[18200 18266]
[18267 18343]
[18344 18385]
[18386 18749]
[18750 18814]
[18815 18866]
[18867 18919]
[18920 18967]
[18968 19027]
[19028 19074]
[19075 19115]
[19116 19161]
[19162 19221]
[19222 19276]
[19277 19326]
[19327 19380]
[19381 19423]
[19424 19466]
[19467 19510]
[19511 19888]
[19889 19991]
[19992 20069]
[20070 20202]
[20203 20359]
[20360 20443]
[20444 20581]
[20582 20770]
[20771 21075]
[21076 21137]
[21138 21204]
[21205 21253]
[21254 21360]
[21361 21412]
[21413 21462]
[21463 21521]
[21522 21651]
[21652 21730]
[21731 21829]
[21830 21876]
[21877 21976]
[21977 22009]
[22010 22104]
[22105 22175]
[22176 22663]
[22665 22764]
[22765 22807]
[22808 22865]
[22866 22930]
[22931 23008]
[23009 23013]
[23014 23152]
[23153 23197]
[23198 23270]
[23271 23333]
[23334 23416]
[23417 23454]
[23455 23512]
[23513 23930]
[23931 24137]
[24138 24312]
[24313 24371]
[24372 24411]
[24412 24443]
[24444 24479]
[24480 24512]
[24513 24571]
[24572 24645]
[24646 24701]
[24702 24736]
[24737 24783]
[24784 24829]
[24830 24927]
[24928 24978]
[24979 25036]
[25037 25072]
[25073 25560]
[25561 25649]
