[ 0 14]
[16 35]
[36 55]
[57 77]
[ 78 100]
[102 189]
[190 860]
[861 909]
[910 936]
[937 960]
[961 983]
[ 984 1014]
[1015 1036]
[1037 1054]
[1055 1074]
[1075 1093]
[1094 1118]
[1119 1138]
[1139 1160]
[1161 1173]
[1174 1200]
[1201 1223]
[1224 1249]
[1250 1285]
[1286 1341]
[1342 2240]
[2241 2259]
[2260 2291]
[2292 2592]
[2593 2662]
[2663 2923]
[2924 2940]
[2941 2990]
[2991 3053]
[3054 3143]
[3144 3225]
[3226 3341]
[3342 3489]
[3490 3535]
[3536 3590]
[3591 3640]
[3641 3681]
[3682 3725]
[3727 4234]
[4235 4257]
[4258 4286]
[4287 4308]
[4309 4324]
[4325 4355]
[4356 4390]
[4391 4420]
[4421 4437]
[4438 4458]
[4459 4502]
[4503 4512]
[4513 4572]
[4573 4614]
[4615 4644]
[4645 4712]
[4713 4731]
[4732 4754]
[4755 4773]
[4774 4829]
[4830 4857]
[4858 4935]
[4936 4951]
[4952 4978]
[4979 5032]
[5033 5107]
[5108 5194]
[5195 5248]
[5249 5278]
[5279 5341]
[5342 5363]
[5364 5395]
[5396 5419]
[5420 5442]
[5443 5472]
[5473 5488]
[5489 5522]
[5523 5543]
[5544 5579]
[5580 5715]
[5716 5776]
[5777 5805]
[5806 5842]
[5843 5896]
[5897 5928]
[5929 5944]
[5945 5975]
[5976 6012]
[6013 6061]
[6062 6499]
[6500 6521]
[6522 6558]
[6559 6611]
[6612 6670]
[6671 6721]
[6722 6772]
[6773 6845]
[6846 6894]
[6895 6998]
[6999 7039]
[7040 7190]
[7191 7250]
[7251 7376]
[7377 7481]
[7482 7572]
[7573 7638]
[7639 7706]
[7707 7835]
[7836 7878]
[7879 7960]
[7961 8011]
[8012 8053]
[8054 8092]
[8093 8140]
[8141 8221]
[8222 8392]
[8393 8515]
[8516 8584]
[8585 8607]
[8608 8627]
[8628 8689]
[8690 8780]
[8781 8852]
[8853 8912]
[8913 8931]
[8932 8984]
[8985 9062]
[9063 9144]
[9145 9172]
[9173 9208]
[9209 9272]
[9273 9310]
[9311 9391]
[9392 9433]
[9434 9534]
[9535 9614]
[9615 9686]
[9687 9772]
[9773 9878]
[9880 9986]
[ 9987 10201]
[10202 10239]
[10240 10278]
[10279 10300]
[10301 10329]
[10330 10349]
[10350 10374]
[10375 10398]
[10399 10423]
[10424 10438]
[10439 10683]
[10684 10756]
[10757 10789]
[10790 10819]
[10820 10837]
[10838 10857]
[10858 10912]
[10913 10996]
[10997 11042]
[11043 11089]
[11090 11145]
[11146 11188]
[11189 11218]
[11219 11262]
[11263 11539]
[11540 11786]
[11787 12007]
[12008 12227]
[12228 12261]
[12262 12292]
[12293 12325]
[12326 12352]
[12353 12424]
[12425 12471]
[12472 12571]
[12572 12657]
[12658 12718]
[12719 12752]
[12753 12787]
[12788 12822]
[12823 12858]
[12859 12898]
[12899 12940]
[12941 12966]
[12967 12984]
[12985 13019]
[13020 13038]
[13039 13061]
[13062 13090]
[13091 13162]
[13163 13492]
[13493 13551]
[13552 13682]
[13683 13715]
[13716 13754]
[13755 13799]
[13800 13865]
[13866 13949]
[13950 14114]
[14115 14197]
[14198 14250]
[14251 14305]
[14306 14342]
[14343 14362]
[14363 14471]
[14472 14530]
[14531 14585]
[14586 14679]
[14680 14743]
[14744 14785]
[14786 14817]
[14818 14831]
[14832 15206]
[15207 15237]
[15238 15280]
[15281 15334]
[15335 15402]
[15403 15464]
[15465 15494]
[15495 15542]
[15543 15592]
[15593 15647]
[15648 15700]
[15701 15977]
[15978 16048]
[16049 16191]
[16192 16254]
[16255 16299]
[16300 16340]
[16341 16381]
[16382 16426]
[16427 16468]
[16469 16648]
[16649 16707]
[16708 16768]
[16769 16814]
[16815 16852]
[16853 17008]
[17009 17023]
[17024 17081]
[17082 17091]
[17092 17150]
[17151 17177]
[17178 17225]
[17226 17279]
[17280 17306]
[17307 17355]
[17356 17373]
[17374 17878]
[17879 17935]
[17936 17955]
[17956 17991]
[17992 18132]
[18133 18186]
[18187 18259]
[18260 18298]
[18299 18438]
[18439 18523]
[18524 18544]
[18545 18615]
[18616 18634]
[18635 18660]
[18661 18688]
[18689 18731]
[18732 18758]
[18759 18805]
[18806 18852]
[18853 18899]
[18900 18947]
[18948 19110]
[19111 19156]
[19157 19218]
[19219 19574]
[19575 19641]
[19642 19736]
[19737 19799]
[19800 19886]
[19887 19912]
[19913 19945]
[19946 19990]
[19991 20018]
[20019 20069]
[20070 20137]
[20138 20305]
[20306 20371]
[20372 20429]
[20430 20498]
[20499 20537]
[20538 20558]
[20559 20584]
[20585 20609]
[20610 20677]
[20678 20713]
[20714 20741]
[20742 20769]
[20770 20879]
[20880 21218]
[21219 21410]
[21411 21464]
[21465 21510]
[21511 21537]
[21538 21557]
[21558 21615]
[21616 21676]
[21677 21752]
[21753 21779]
[21780 21896]
[21897 22005]
[22006 22105]
[22106 22157]
[22158 22575]
[22576 22657]
[22658 22910]
[22911 22988]
[22989 23064]
[23065 23198]
[23199 23223]
[23224 23271]
[23272 23294]
[23295 23336]
[23337 23390]
[23391 23453]
[23454 23547]
[23548 23593]
[23594 23711]
[23712 23831]
[23832 23862]
[23863 23942]
[23943 24349]
[24350 24485]
[24486 24549]
[24550 24605]
[24606 24695]
[24696 24749]
[24750 24892]
[24893 24940]
[24941 25028]
[25029 25080]
[25081 25120]
[25121 25231]
[25232 25295]
[25296 25446]
[25447 25631]
[25632 25677]
[25678 25742]
[25743 25803]
[25804 25835]
[25836 25924]
[25925 25990]
[25991 26042]
[26043 26093]
[26094 26175]
[26176 26357]
[26358 26420]
[26421 26456]
[26457 26517]
[26518 26537]
[26538 26610]
[26611 26658]
[26659 26692]
[26693 26764]
[26765 26861]
[26862 27191]
[27192 27353]
[27354 27428]
[27429 27532]
[27533 27585]
[27586 27653]
[27654 27751]
[27752 27910]
[27912 28694]
[28695 28874]
[28875 29037]
[29038 29172]
[29173 29336]
[29337 29525]
[29526 29666]
[29667 29797]
[29798 30015]
[30016 30097]
[30098 30612]
[30613 30749]
