[ 0 18]
[20 39]
[40 59]
[ 61 104]
[106 186]
[187 514]
[515 578]
[579 592]
[593 611]
[612 639]
[640 672]
[673 705]
[706 738]
[739 780]
[781 830]
[831 865]
[866 897]
[898 922]
[923 953]
[ 954 1001]
[1002 1393]
[1394 1460]
[1461 1507]
[1508 1559]
[1560 1624]
[1625 1687]
[1688 1749]
[1750 1837]
[1838 2310]
[2311 2418]
[2419 2499]
[2500 2624]
[2625 2687]
[2688 3212]
[3213 3238]
[3239 3306]
[3307 3368]
[3369 3430]
[3431 3519]
[3520 3577]
[3578 3617]
[3618 3785]
[3786 3832]
[3833 3906]
[3907 3971]
[3972 3992]
[3993 4058]
[4059 4143]
[4144 4199]
[4200 4269]
[4270 4496]
[4497 4544]
[4545 4599]
[4600 4647]
[4648 4694]
[4695 4717]
[4718 5118]
[5119 5168]
[5169 5237]
[5238 5270]
[5271 5325]
[5326 5390]
[5391 5461]
[5462 5517]
[5518 5573]
[5574 5605]
[5606 5672]
[5673 5748]
[5749 5812]
[5813 5879]
[5880 5950]
[5951 6012]
[6013 6086]
[6087 6164]
[6165 6176]
[6177 6552]
[6553 6612]
[6613 6657]
[6658 6710]
[6711 6755]
[6756 6867]
[6868 6919]
[6920 6985]
[6986 7036]
[7037 7110]
[7111 7154]
[7155 7202]
[7203 7238]
[7239 7284]
[7285 7326]
[7327 7381]
[7382 7428]
[7429 7480]
[7481 7523]
[7524 7590]
[7591 7645]
[7646 7746]
[7747 7781]
[7782 7821]
[7822 7864]
[7865 7925]
[7926 7986]
[7987 8049]
[8050 8088]
[8089 8116]
[8117 8150]
[8151 8199]
[8200 8229]
[8230 8273]
[8274 8293]
[8294 8345]
[8346 8410]
[8411 8488]
[8489 8920]
[8921 9045]
[9046 9124]
[9125 9219]
[9220 9318]
[9319 9396]
[9397 9493]
[9494 9574]
[9575 9631]
[9632 9700]
[9701 9767]
[9768 9808]
[9809 9865]
[9866 9920]
[9921 9969]
[ 9970 10034]
[10035 10090]
[10091 10384]
[10385 10556]
[10557 10618]
[10619 10688]
[10689 10751]
[10752 10886]
[10887 10948]
[10949 11012]
[11013 11077]
[11078 11141]
[11142 11225]
[11226 11314]
[11315 11383]
[11384 11450]
[11451 11506]
[11507 11559]
[11560 11611]
[11612 11659]
[11660 11687]
[11688 11739]
[11740 11763]
[11764 11827]
[11828 11944]
[11945 12299]
[12300 12361]
[12362 12415]
[12416 12452]
[12453 12511]
[12512 12581]
[12582 12685]
[12686 12794]
[12795 12846]
[12847 12915]
[12916 12978]
[12979 13053]
[13054 13096]
[13097 13162]
[13163 13332]
[13333 13401]
[13402 13448]
[13449 13498]
[13499 13531]
[13532 13566]
[13567 13615]
[13616 13666]
[13667 13885]
[13886 13961]
[13962 14101]
[14102 14245]
[14246 14301]
[14302 14352]
[14353 14411]
[14412 14438]
[14439 14512]
[14513 14589]
[14590 14678]
[14679 14746]
[14747 14813]
[14814 14945]
[14946 15082]
[15083 15138]
[15139 15443]
[15444 15510]
[15511 15532]
[15533 15558]
[15559 15611]
[15612 15664]
[15665 15729]
[15730 15769]
[15770 15809]
[15810 15869]
[15870 15999]
[16000 16040]
[16041 16062]
[16063 16136]
[16137 16197]
[16198 16295]
[16296 16449]
[16450 16557]
[16558 16617]
[16618 16695]
[16696 16742]
[16743 16808]
[16809 16869]
[16870 16917]
[16918 17023]
[17024 17092]
[17093 17141]
[17142 17208]
[17209 17254]
[17255 17322]
[17323 17354]
[17355 17424]
[17425 17469]
[17470 17661]
[17662 17726]
[17727 17786]
[17787 17809]
[17810 18329]
[18331 18449]
