[ 0 26]
[28 47]
[48 67]
[ 69 112]
[114 215]
[216 596]
[597 652]
[653 687]
[688 732]
[733 754]
[755 776]
[777 821]
[822 868]
[869 903]
[ 904 1000]
[1001 1028]
[1029 1132]
[1133 1234]
[1235 1598]
[1600 1637]
[1638 1697]
[1698 1804]
[1805 1928]
[1929 1990]
[1991 2018]
[2019 2068]
[2069 2143]
[2144 2191]
[2192 2241]
[2242 2293]
[2294 2324]
[2325 2339]
[2340 2398]
[2399 2423]
[2424 2463]
[2464 2508]
[2509 2530]
[2531 2553]
[2554 2604]
[2605 2648]
[2649 2688]
[2689 2727]
[2728 2753]
[2754 2788]
[2789 2829]
[2830 3186]
[3187 3224]
[3225 3293]
[3294 3374]
[3375 3474]
[3475 3583]
[3584 3602]
[3603 3703]
[3704 3771]
[3772 3851]
[3852 3955]
[3956 4040]
[4041 4093]
[4094 4132]
[4133 4162]
[4163 4539]
[4540 4584]
[4585 4656]
[4657 4695]
[4696 4758]
[4759 4791]
[4792 4831]
[4832 4873]
[4874 4925]
[4926 4987]
[4988 5053]
[5054 5137]
[5138 5190]
[5191 5331]
[5332 5388]
[5389 5437]
[5438 5509]
[5510 5548]
[5549 5619]
[5620 5687]
[5688 5752]
[5753 6047]
[6048 6093]
[6094 6145]
[6146 6240]
[6241 6290]
[6291 6363]
[6364 6411]
[6412 6464]
[6465 6505]
[6506 6543]
[6544 6579]
[6580 6622]
[6623 6674]
[6675 6698]
[6699 6911]
[6912 6971]
[6972 7026]
[7027 7087]
[7088 7129]
[7130 7193]
[7194 7340]
[7341 7555]
[7556 7669]
[7670 7796]
[7797 7846]
[7847 7877]
[7878 7940]
[7941 7986]
[7987 8043]
[8044 8153]
[8154 8228]
[8229 8292]
[8293 8382]
[8383 8525]
[8526 8715]
[8716 8749]
[8750 8809]
[8810 8861]
[8862 8921]
[8922 8984]
[8985 9031]
[9032 9086]
[9087 9149]
[9150 9194]
[9195 9232]
[9233 9273]
[9274 9330]
[9331 9389]
[9390 9452]
[9453 9490]
[9491 9597]
[9598 9837]
[9838 9959]
[ 9960 10053]
[10054 10072]
[10073 10110]
[10111 10158]
[10159 10224]
[10225 10311]
[10312 10779]
[10780 10885]
[10886 10950]
[10951 11014]
[11015 11047]
[11048 11144]
[11145 11263]
[11264 11299]
[11300 11370]
[11371 11400]
[11401 11449]
[11450 11566]
[11567 11592]
[11593 11679]
[11680 11718]
[11719 11765]
[11766 11798]
[11799 11824]
[11825 11851]
[11852 11886]
[11887 12237]
[12238 12329]
[12330 12436]
[12437 12534]
[12535 12642]
[12643 12737]
[12738 12847]
[12848 12929]
[12930 12989]
[12990 13106]
[13107 13216]
[13217 13312]
[13313 13495]
[13496 13598]
[13599 13709]
[13710 13792]
[13793 13898]
[13899 14038]
[14039 14194]
[14195 14270]
[14271 14293]
[14294 14325]
[14326 14592]
[14593 14689]
[14690 14775]
[14776 14890]
[14891 15002]
[15003 15091]
[15092 15157]
[15158 15233]
[15234 15296]
[15297 15341]
[15342 15399]
[15400 15493]
[15494 15517]
[15518 15544]
[15545 15582]
[15583 15643]
[15644 15677]
[15678 15720]
[15721 15847]
[15848 16108]
[16109 16213]
[16214 16314]
[16315 16424]
[16425 16574]
[16575 16691]
[16692 16785]
[16786 16860]
[16861 16982]
[16983 17062]
[17063 17120]
[17121 17215]
[17216 17261]
[17262 17356]
[17357 17491]
[17492 17578]
[17579 17596]
[17597 17790]
[17794 17799]
[17800 18128]
[18129 18494]
[18495 18581]
[18582 18851]
[18852 18977]
[18978 19457]
[19458 19549]
