[ 0 25]
[27 46]
[47 66]
[ 68 111]
[113 196]
[197 450]
[451 508]
[509 544]
[545 574]
[575 602]
[603 635]
[636 676]
[677 718]
[719 759]
[760 798]
[799 859]
[860 884]
[885 928]
[929 957]
[958 992]
[ 993 1086]
[1087 1510]
[1511 1568]
[1569 1673]
[1674 1705]
[1706 1750]
[1751 1807]
[1808 1867]
[1868 1925]
[1926 1958]
[1959 2024]
[2025 2100]
[2101 2174]
[2175 2246]
[2247 2318]
[2319 2388]
[2389 2453]
[2454 2515]
[2516 2576]
[2577 2614]
[2615 2639]
[2640 2671]
[2672 2696]
[2697 2730]
[2731 3160]
[3161 3232]
[3233 3309]
[3310 3390]
[3391 3501]
[3502 3524]
[3525 3553]
[3554 3607]
[3608 3678]
[3679 3748]
[3749 3801]
[3802 3848]
[3849 3885]
[3886 3936]
[3937 4007]
[4008 4077]
[4078 4147]
[4148 4212]
[4213 4282]
[4283 4320]
[4321 4709]
[4710 4782]
[4783 4975]
[4976 5131]
[5132 5186]
[5187 5248]
[5249 5655]
[5656 6014]
[6015 6071]
[6072 6110]
[6111 6171]
[6172 6201]
[6202 6229]
[6230 6373]
[6374 6441]
[6442 6513]
[6514 6594]
[6595 6649]
[6651 6795]
[6796 6864]
[6865 6904]
[6905 6940]
[6941 6963]
[6964 6989]
[6990 7029]
[7030 7160]
[7161 7179]
[7180 7214]
[7215 7247]
[7248 7275]
[7276 7312]
[7313 7366]
[7367 7398]
[7399 7436]
[7437 7488]
[7489 7798]
[7799 7871]
[7872 7918]
[7919 7957]
[7958 8002]
[8003 8075]
[8076 8121]
[8122 8179]
[8180 8240]
[8241 8307]
[8308 8367]
[8368 8442]
[8443 8484]
[8485 8568]
[8569 8596]
[8597 8654]
[8655 8727]
[8728 8788]
[8789 8836]
[8837 9068]
[9069 9219]
[9220 9249]
[9250 9404]
[9405 9444]
[9445 9502]
[9503 9549]
[9550 9657]
[9658 9733]
[9734 9788]
[9789 9820]
[9821 9950]
[9951 9958]
[ 9959 10136]
[10137 10186]
[10187 10246]
[10247 10318]
[10319 10406]
[10408 10466]
[10467 10532]
[10533 10602]
[10603 10671]
[10672 10772]
[10773 10827]
[10828 10913]
[10914 10968]
[10969 11017]
[11018 11288]
[11289 11349]
[11350 11383]
[11384 11426]
[11427 11454]
[11455 11521]
[11522 11580]
[11581 11622]
[11623 11679]
[11680 11761]
[11762 11992]
[11993 12043]
[12044 12090]
[12091 12131]
[12132 12172]
[12173 12237]
[12238 12291]
[12292 12338]
[12339 12433]
[12434 12660]
[12661 12722]
[12723 12769]
[12770 12856]
[12857 12889]
[12890 12953]
[12954 12982]
[12983 13138]
[13139 13231]
[13232 13308]
[13309 13327]
[13328 13383]
[13384 13421]
[13422 13495]
[13496 13798]
[13799 13860]
[13861 13927]
[13929 13988]
[13989 14050]
[14051 14110]
[14111 14172]
[14173 14227]
[14228 14291]
[14292 14338]
[14339 14449]
[14450 14543]
[14544 14615]
[14616 14689]
[14690 14755]
[14756 14819]
[14820 14918]
[14919 15026]
[15027 15180]
[15181 15247]
[15248 15339]
[15340 15377]
[15378 15466]
[15467 15786]
[15787 15949]
[15950 16096]
[16097 16240]
[16241 16369]
[16370 16454]
[16456 16544]
[16545 16798]
[16799 16886]
[16887 16964]
[16965 16995]
[16996 17043]
[17044 17087]
[17088 17137]
[17138 17225]
[17226 17341]
[17342 17367]
[17368 17419]
[17420 17447]
[17448 17467]
[17468 17505]
[17506 17598]
[17599 17706]
[17707 17917]
[17918 18025]
[18026 18083]
[18084 18147]
[18148 18210]
[18211 18379]
[18380 18465]
[18466 18499]
[18500 18540]
[18541 18574]
[18575 18616]
[18617 18762]
[18763 18804]
[18805 18866]
[18867 18904]
[18905 18928]
[18929 19064]
[19065 19201]
[19202 19452]
[19453 19506]
[19507 19756]
[19757 19885]
[19886 19951]
[19952 20047]
[20048 20144]
[20145 20240]
[20241 20376]
[20377 20564]
[20565 20782]
[20783 20861]
[20862 21045]
[21046 21146]
[21147 21195]
[21196 21260]
[21261 21318]
[21319 21331]
[21332 21671]
[21672 21749]
