[ 0 20]
[22 41]
[42 61]
[ 63 106]
[108 205]
[207 566]
[567 621]
[622 669]
[670 693]
[694 748]
[749 799]
[800 822]
[823 848]
[849 872]
[873 923]
[924 941]
[942 959]
[960 999]
[1000 1078]
[1079 1315]
[1316 1474]
[1476 1630]
[1631 1781]
[1782 1939]
[1940 2031]
[2032 2106]
[2107 2171]
[2172 2231]
[2232 2296]
[2297 2320]
[2321 2363]
[2364 2668]
[2669 2722]
[2723 2779]
[2780 2810]
[2811 2899]
[2900 2994]
[2995 3055]
[3056 3183]
[3184 3228]
[3229 3274]
[3275 3393]
[3394 3427]
[3428 3496]
[3497 3531]
[3532 3552]
[3553 3607]
[3608 3642]
[3643 3743]
[3744 3894]
[3895 3942]
[3943 3980]
[3981 4025]
[4026 4046]
[4047 4098]
[4099 4144]
[4145 4196]
[4197 4206]
[4207 4493]
[4494 4544]
[4545 4600]
[4601 4646]
[4647 4696]
[4697 4736]
[4737 4787]
[4788 4923]
[4924 4987]
[4988 5089]
[5090 5154]
[5155 5207]
[5208 5283]
[5284 5448]
[5449 5690]
[5691 5840]
[5841 5925]
[5926 6358]
[6359 6461]
[6462 6523]
[6524 6605]
[6606 6721]
[6722 6840]
[6841 6913]
[6914 7055]
[7056 7141]
[7142 7216]
[7217 7274]
[7275 7774]
[7775 7871]
[7872 8020]
[8021 8111]
[8112 8285]
[8286 8423]
[8424 8503]
[8504 8562]
[8563 8643]
[8644 8813]
[8814 8923]
[8924 9032]
[9033 9122]
[9123 9179]
[9180 9284]
[9285 9379]
[9380 9528]
[9529 9678]
[9679 9949]
[ 9950 10268]
[10269 10525]
[10526 10807]
[10808 11070]
[11071 11147]
[11148 11208]
[11209 11380]
[11381 11446]
[11447 11614]
[11615 11734]
[11735 12063]
[12064 12186]
[12187 12458]
[12459 12548]
[12549 12643]
[12644 12732]
[12733 12817]
[12818 12908]
[12909 12993]
[12994 13083]
[13084 13139]
[13140 13214]
[13215 13302]
[13303 13388]
[13389 13439]
[13440 13525]
[13526 13587]
[13588 13657]
[13658 13959]
[13960 14018]
[14019 14093]
[14094 14180]
[14181 14204]
[14205 14321]
[14322 14372]
[14373 14447]
[14448 14632]
[14633 14657]
[14658 14705]
[14706 14726]
[14727 14792]
[14793 14829]
[14830 14871]
[14872 15206]
[15207 15838]
[15839 15893]
[15894 15996]
[15997 16021]
[16022 16078]
[16079 16122]
[16123 16169]
[16170 16210]
[16211 16249]
[16250 16338]
[16339 16718]
[16719 16810]
[16811 16876]
[16877 16949]
[16950 17024]
[17025 17066]
[17067 17114]
[17115 17192]
[17193 17262]
[17263 17307]
[17308 17350]
[17351 17398]
[17399 17486]
[17487 17568]
[17569 17724]
[17725 17810]
[17811 17946]
[17947 18011]
[18012 18121]
[18122 18235]
[18237 18283]
[18284 18397]
[18398 18447]
[18448 18512]
[18513 18546]
[18547 18679]
[18680 18740]
[18741 18846]
[18847 18969]
[18970 18991]
[18992 19057]
[19058 19088]
[19089 19155]
[19156 19172]
[19173 19283]
[19284 19395]
[19396 19503]
[19504 19573]
[19574 19636]
[19637 19876]
[19877 19965]
[19966 20015]
[20016 20058]
[20059 20110]
[20111 20150]
[20151 20178]
[20179 20240]
[20241 20285]
[20286 20332]
[20333 20402]
[20403 20435]
[20436 20588]
[20589 20628]
[20629 20678]
[20679 20718]
[20719 20762]
[20763 20801]
[20802 20879]
[20880 20961]
[20962 21017]
[21018 21077]
[21078 21151]
[21152 21232]
[21233 21311]
[21312 21733]
[21734 21796]
[21797 21847]
[21848 21956]
[21957 22002]
[22003 22061]
[22062 22088]
[22089 22161]
[22162 22200]
[22201 22243]
[22244 22367]
[22368 22412]
[22413 22450]
[22451 22490]
[22491 22537]
[22538 22585]
[22586 22700]
[22701 22755]
[22756 22824]
[22825 22879]
[22880 22942]
[22943 22983]
[22984 23329]
[23330 23449]
