[ 0 34]
[ 36 383]
[384 445]
[446 481]
[482 511]
[512 539]
[540 572]
[573 602]
[603 632]
[633 665]
[666 696]
[697 729]
[730 791]
[792 821]
[822 854]
[855 887]
[888 920]
[ 921 1026]
[1027 1829]
[1830 1906]
[1907 1956]
[1957 1991]
[1992 2166]
[2167 2214]
[2215 2257]
[2258 2356]
[2357 2401]
[2402 2439]
[2440 2473]
[2474 2525]
[2526 2602]
[2603 2655]
[2656 2692]
[2693 2749]
[2750 2947]
[2948 2994]
[2995 3035]
[3036 3104]
[3105 3120]
[3121 3137]
[3138 3152]
[3153 3202]
[3203 3245]
[3246 3277]
[3278 3287]
[3288 3328]
[3329 3352]
[3353 3378]
[3379 3411]
[3412 3431]
[3432 3491]
[3492 4083]
[4085 4133]
[4134 4214]
[4215 4297]
[4298 4346]
[4347 4402]
[4403 4459]
[4460 4514]
[4515 4539]
[4540 4681]
[4682 4738]
[4739 4796]
[4797 4837]
[4838 4865]
[4866 4932]
[4933 4986]
[4987 5144]
[5145 5216]
[5217 5286]
[5287 5340]
[5341 5384]
[5385 5419]
[5420 5453]
[5454 5495]
[5496 5545]
[5546 5611]
[5612 5939]
[5940 6008]
[6009 6047]
[6048 6150]
[6151 6193]
[6194 6259]
[6260 6305]
[6306 6356]
[6357 6402]
[6403 6455]
[6456 6510]
[6511 6558]
[6559 6619]
[6620 6652]
[6653 6684]
[6685 6740]
[6741 6778]
[6779 6847]
[6848 6867]
[6868 6908]
[6909 6949]
[6950 7012]
[7013 7069]
[7070 7110]
[7111 7148]
[7149 7207]
[7208 7245]
[7246 7288]
[7289 7343]
[7344 7400]
[7401 7452]
[7453 7506]
[7507 7648]
[7649 7696]
[7697 7751]
[7752 7777]
[7778 7798]
[7799 7818]
[7819 7974]
[7975 8063]
[8064 8126]
[8127 8214]
[8215 8284]
[8285 8349]
[8350 8410]
[8411 8479]
[8480 8549]
[8550 8603]
[8604 8638]
[8639 8685]
[8686 8982]
[8983 9109]
[9111 9261]
[9263 9477]
[9478 9771]
[9772 9886]
[9887 9997]
[ 9998 10255]
[10256 10333]
[10334 10381]
[10382 10441]
[10442 10491]
[10492 10550]
[10551 10593]
[10594 10646]
[10647 10706]
[10707 10760]
[10761 10869]
[10870 10914]
[10915 10963]
[10964 11029]
[11030 11099]
[11100 11156]
[11157 11231]
[11232 11281]
[11282 11328]
[11329 11359]
[11360 11413]
[11414 11448]
[11449 11483]
[11484 11518]
[11519 11553]
[11554 11593]
[11594 11628]
[11629 11663]
[11664 11698]
[11699 11733]
[11734 11768]
[11769 11840]
[11841 12194]
[12195 12242]
[12243 12288]
[12289 12337]
[12338 12371]
[12372 12429]
[12430 12461]
[12462 12508]
[12509 12555]
[12556 12584]
[12585 12628]
[12629 12654]
[12655 12690]
[12691 12745]
[12746 12784]
[12785 12822]
[12823 12880]
[12881 12923]
[12924 12977]
[12978 13119]
[13120 13199]
[13200 13504]
[13505 13546]
[13547 13613]
[13614 13707]
[13708 13831]
[13832 13887]
[13888 13932]
[13933 14028]
[14029 14088]
[14089 14146]
[14147 14195]
[14196 14242]
[14243 14292]
[14293 14372]
[14373 14440]
[14441 14469]
[14470 14518]
[14519 14853]
[14854 15383]
[15384 15510]
[15511 15560]
[15561 16060]
[16061 16135]
[16136 16210]
[16211 16267]
[16268 16331]
[16332 16398]
[16399 16455]
[16456 16503]
[16504 16578]
[16579 16629]
[16630 16694]
[16695 16762]
[16763 16836]
[16837 16893]
[16894 16940]
[16941 16991]
[16992 17070]
[17071 17473]
[17474 17558]
[17559 17668]
[17669 17737]
[17738 17802]
[17803 17868]
[17869 17930]
[17931 17965]
[17966 18049]
[18050 18123]
[18124 18180]
[18181 18262]
[18263 18332]
[18333 18403]
[18404 18528]
[18529 18730]
[18731 18813]
[18814 18892]
[18893 18948]
[18949 19014]
[19015 19070]
[19071 19120]
[19121 19170]
[19171 19222]
[19223 19276]
[19277 19360]
[19361 19417]
[19418 19494]
[19495 19579]
[19580 19650]
[19651 19730]
[19731 19861]
[19862 20144]
[20145 20210]
[20211 20256]
[20257 20318]
[20319 20380]
[20381 20439]
[20440 20502]
[20503 20542]
[20543 20604]
[20605 20658]
[20659 20712]
[20713 20767]
[20768 20854]
[20855 20910]
[20911 20972]
[20973 21272]
[21273 21410]
[21411 21504]
[21505 21648]
[21649 21892]
[21893 22294]
[22295 22342]
[22343 22377]
[22378 22465]
[22466 22494]
[22495 22522]
[22523 22557]
[22558 22592]
[22593 22627]
[22628 22662]
[22663 22697]
[22698 23286]
[23287 23359]
[23360 23451]
[23452 23539]
[23540 23614]
[23615 23712]
[23713 23805]
[23806 23898]
[23899 23981]
[23982 24085]
[24086 24206]
[24207 24323]
[24324 24416]
[24417 24495]
[24496 24572]
[24573 24637]
[24638 24704]
[24705 24798]
[24799 24803]
[24804 25142]
[25143 25273]
[25274 25326]
[25327 25380]
[25381 25423]
[25424 25472]
[25473 25528]
[25529 25587]
[25588 25635]
[25636 25677]
[25678 25726]
[25727 25769]
[25770 25829]
[25830 25876]
[25877 25923]
[25924 25965]
[25966 26023]
[26024 26081]
[26082 26130]
[26131 26174]
[26175 26219]
[26220 26446]
[26447 26549]
