[ 0 34]
[ 36 292]
[293 356]
[357 387]
[388 444]
[445 483]
[484 521]
[522 550]
[551 577]
[578 607]
[608 634]
[635 674]
[675 698]
[699 732]
[733 777]
[778 831]
[832 936]
[ 937 1373]
[1374 1444]
[1445 1512]
[1513 1561]
[1562 1618]
[1619 1672]
[1673 1743]
[1744 1797]
[1798 1858]
[1859 1915]
[1916 1986]
[1987 2040]
[2041 2084]
[2085 2142]
[2143 2275]
[2276 2337]
[2338 2378]
[2379 2414]
[2415 2465]
[2466 2535]
[2536 2930]
[2932 3061]
[3062 3105]
[3106 3241]
[3242 3312]
[3313 3365]
[3366 3426]
[3427 3480]
[3481 3623]
[3624 3829]
[3830 4030]
[4031 4089]
[4090 4133]
[4134 4167]
[4168 4221]
[4222 4292]
[4293 4366]
[4367 4745]
[4747 4835]
[4836 4950]
[4951 5092]
[5093 5138]
[5139 5318]
[5319 5320]
[5321 5784]
[5786 6284]
[6285 6774]
[6776 6822]
[6823 6868]
[6869 6901]
[6902 6946]
[6947 6986]
[6987 7036]
[7037 7078]
[7079 7110]
[7111 7149]
[7150 7264]
[7265 7314]
[7315 7357]
[7358 7393]
[7394 7449]
[7450 7491]
[7492 7529]
[7530 7616]
[7617 7662]
[7663 7697]
[7698 7752]
[7753 7786]
[7787 7840]
[7841 7866]
[7867 7935]
[7936 7974]
[7975 8021]
[8022 8064]
[8065 8101]
[8102 8134]
[8135 8577]
[8578 8651]
[8652 8719]
[8720 8777]
[8778 8819]
[8820 8987]
[8988 9113]
[9114 9209]
[9210 9277]
[9278 9383]
[9384 9464]
[9465 9574]
[9575 9657]
[9658 9780]
[9781 9843]
[9844 9865]
[9866 9924]
[ 9925 10080]
[10081 10148]
[10149 10204]
[10205 10252]
[10253 10586]
[10587 10648]
[10649 10717]
[10718 10778]
[10779 10831]
[10832 10889]
[10890 10951]
[10952 11044]
[11045 11130]
[11131 11164]
[11165 11245]
[11246 11298]
[11299 11331]
[11332 11386]
[11387 11488]
[11489 11558]
[11559 11672]
[11673 11726]
[11727 11814]
[11815 11925]
[11926 11963]
[11964 12149]
[12150 12218]
[12219 12274]
[12275 12329]
[12330 12397]
[12398 12463]
[12464 12508]
[12509 12596]
[12597 13194]
[13195 13341]
[13342 13437]
[13438 13601]
[13602 13758]
[13759 14063]
[14064 14133]
[14134 14202]
[14203 14310]
[14311 14380]
[14381 14531]
[14532 14574]
[14575 14636]
[14637 15136]
[15137 15460]
[15461 15703]
[15704 16034]
[16035 16173]
[16174 16463]
[16464 16819]
[16820 16899]
[16900 16986]
[16987 17053]
[17054 17155]
[17156 17202]
[17203 17305]
[17306 17368]
[17369 17421]
[17422 17475]
[17476 17565]
[17566 17666]
[17667 17802]
[17803 17926]
[17927 18028]
[18029 18140]
[18141 18321]
[18322 18423]
[18424 18504]
[18505 18576]
[18577 18617]
[18618 18702]
[18703 18812]
[18813 18862]
[18863 18949]
[18950 18993]
[18994 19036]
[19037 19094]
[19095 19111]
[19112 19125]
[19126 19369]
[19370 19430]
[19431 19529]
[19530 19693]
[19694 19793]
[19794 20179]
[20180 20334]
[20335 20377]
[20378 20423]
[20424 20463]
[20464 20509]
[20510 20528]
[20529 20540]
[20541 20634]
[20635 20652]
[20653 20670]
[20671 20687]
[20688 20711]
[20712 20758]
[20759 20783]
[20784 20802]
[20803 20824]
[20825 20851]
[20852 20869]
[20870 20883]
[20884 20905]
[20906 20939]
[20940 20975]
[20976 21027]
[21028 21060]
[21061 21142]
[21143 21477]
[21478 21576]
[21577 21680]
[21681 21772]
[21773 21870]
[21871 21989]
[21990 22094]
[22095 22292]
[22293 22435]
[22436 22505]
[22506 22585]
[22586 22641]
[22642 22755]
[22756 22825]
[22826 22898]
[22899 23198]
[23199 23248]
[23249 23284]
[23285 23321]
[23322 23368]
[23369 23388]
[23389 23436]
[23437 23469]
[23470 23635]
[23636 23669]
[23670 23864]
[23865 23902]
[23903 23956]
[23957 24032]
[24033 24075]
[24076 24097]
[24098 24178]
[24179 24234]
[24235 24327]
[24328 24400]
[24401 24466]
[24467 24608]
[24609 24654]
[24655 24730]
[24731 24788]
[24789 24836]
[24837 24906]
[24907 24948]
[24949 25050]
[25051 25663]
[25664 25740]
[25741 25811]
[25812 25881]
[25882 25948]
[25949 26006]
[26007 26066]
[26067 26441]
[26442 26483]
[26484 26523]
[26524 26563]
[26564 26602]
[26603 26677]
[26678 26741]
[26742 26809]
[26810 26937]
[26938 26980]
[26981 27037]
[27038 27109]
[27110 27169]
[27170 27290]
[27291 27379]
[27380 27725]
[27726 27863]
[27864 27909]
[27910 28003]
[28004 28080]
[28081 28156]
[28157 28206]
[28207 28237]
[28238 28297]
[28298 28390]
[28391 28444]
[28445 28492]
[28493 28546]
[28547 28575]
[28576 28634]
[28635 29118]
[29119 29206]
[29207 29278]
[29279 29354]
[29355 29434]
[29435 29514]
[29515 29642]
[29643 29748]
[29749 29806]
[29807 29906]
[29907 29989]
[29990 30291]
[30292 30414]
[30415 30494]
[30495 30536]
[30537 30571]
[30572 30665]
[30666 30695]
[30696 30762]
[30763 30852]
[30853 30894]
[30895 30946]
[30947 31004]
[31005 31047]
[31048 31102]
[31103 31198]
[31199 31238]
[31239 31299]
[31300 31331]
[31332 31386]
[31387 31475]
[31476 31867]
[31868 31937]
[31938 32007]
[32008 32024]
[32025 32069]
[32070 32140]
[32141 32183]
[32184 32466]
[32467 32567]
[32568 32647]
[32648 32717]
[32718 32767]
[32768 32891]
[32892 33400]
[33401 33516]
[33517 33577]
[33578 33677]
[33678 33792]
[33793 33863]
[33864 33931]
[33932 33985]
[33986 34099]
[34100 34206]
[34207 34276]
[34277 34310]
[34311 34382]
[34383 34417]
[34418 34533]
[34534 34599]
[34600 34712]
[34713 34908]
[34909 34999]
