[ 0 14]
[ 16 343]
[344 379]
[380 409]
[410 437]
[438 470]
[471 506]
[507 536]
[537 564]
[565 594]
[595 627]
[628 658]
[659 689]
[690 719]
[720 751]
[752 782]
[783 812]
[813 842]
[843 925]
[ 926 1273]
[1274 1337]
[1338 1408]
[1409 1475]
[1476 1535]
[1536 1597]
[1598 1713]
[1714 1765]
[1766 1856]
[1857 1909]
[1910 1954]
[1955 2013]
[2014 2107]
[2108 2146]
[2147 2192]
[2193 2214]
[2215 2236]
[2237 2291]
[2292 2436]
[2437 2486]
[2487 2551]
[2552 2625]
[2626 2687]
[2688 2729]
[2730 2794]
[2795 2839]
[2840 3169]
[3170 3243]
[3244 3330]
[3331 3389]
[3390 3487]
[3488 3573]
[3574 3644]
[3645 3741]
[3742 3826]
[3827 3905]
[3906 3964]
[3965 4043]
[4044 4365]
[4366 4433]
[4434 4505]
[4506 4552]
[4553 4632]
[4633 4673]
[4674 4708]
[4709 4823]
[4824 5099]
[5100 5195]
[5196 5284]
[5285 5353]
[5354 5372]
[5373 5439]
[5440 6312]
[6313 6389]
[6390 6455]
[6456 6550]
[6551 6612]
[6613 6784]
[6785 6824]
[6825 7007]
[7008 7073]
[7074 7134]
[7135 7189]
[7190 7316]
[7317 7381]
[7382 7454]
[7455 7521]
[7522 7677]
[7678 7767]
[7768 7862]
[7863 7866]
[7867 8248]
[8249 8399]
[8400 8467]
[8468 8580]
[8581 8629]
[8630 8703]
[8704 8794]
[8795 8802]
[8803 8834]
[8835 9004]
[9005 9057]
[9058 9122]
[9123 9183]
[9184 9311]
[9312 9412]
[9413 9458]
[9459 9509]
[9510 9548]
[9549 9870]
[9871 9905]
[9906 9956]
[ 9957 10007]
[10008 10058]
[10059 10109]
[10110 10160]
[10161 10211]
[10212 10290]
[10291 10341]
[10342 10392]
[10393 10488]
[10489 10532]
[10533 10583]
[10584 10671]
[10672 10722]
[10723 10773]
[10774 10823]
[10824 10874]
[10875 10925]
[10926 10981]
[10982 11046]
[11047 11133]
[11134 11168]
[11169 11203]
[11204 11238]
[11239 11273]
[11274 11313]
[11314 11348]
[11349 11383]
[11384 11418]
[11419 11453]
[11454 11488]
[11489 11577]
[11578 11987]
[11988 12084]
[12085 12129]
[12130 12169]
[12170 12218]
[12219 12254]
[12255 12492]
[12493 12643]
[12644 12799]
[12800 12893]
[12894 12998]
[12999 13092]
[13093 13152]
[13153 13217]
[13218 13394]
[13395 13465]
[13466 13674]
[13675 13733]
[13734 13810]
[13811 13952]
[13953 14047]
[14048 14114]
[14115 14241]
[14242 14307]
[14308 14365]
[14366 14501]
[14502 14612]
[14613 14726]
[14727 14812]
[14813 14885]
[14886 14978]
[14979 15118]
[15119 15159]
[15160 15434]
[15435 15548]
[15549 15686]
[15687 15996]
[15997 16051]
[16052 16147]
[16148 16392]
[16393 16716]
[16717 16811]
[16812 16926]
[16927 17104]
[17105 17187]
[17188 17264]
[17265 17333]
[17334 17392]
[17393 17476]
[17477 17767]
[17768 17830]
[17831 17922]
[17923 17989]
[17990 18043]
[18044 18085]
[18086 18112]
[18113 18269]
[18270 18416]
[18417 18485]
[18486 18535]
[18536 18594]
[18595 18642]
[18643 18674]
[18675 18955]
[18956 18960]
[18961 19085]
[19086 19207]
[19208 19330]
[19331 19569]
[19570 19657]
[19658 19734]
[19735 19821]
[19822 19965]
[19966 20087]
[20088 20188]
[20189 20262]
[20263 20333]
[20334 20473]
[20474 20508]
[20509 20543]
[20544 20578]
[20579 20613]
[20614 20653]
[20654 20688]
[20689 20723]
[20724 20758]
[20759 20793]
[20794 20828]
[20829 20914]
[20915 21341]
[21342 21447]
[21448 21543]
[21544 21641]
[21642 21728]
[21729 21800]
[21801 21900]
[21901 21984]
[21985 22074]
[22075 22168]
[22169 22268]
[22269 22647]
[22648 22720]
[22721 22796]
[22797 22858]
[22859 22915]
[22916 23004]
[23005 23090]
[23091 23166]
[23167 23252]
[23253 23353]
[23354 23420]
[23421 23479]
[23480 23547]
[23548 23610]
[23611 23682]
[23683 23746]
[23747 23785]
[23786 23871]
[23872 23922]
[23923 24012]
[24013 24294]
[24295 24388]
[24389 24474]
[24475 24575]
[24576 24660]
[24661 24732]
[24733 24811]
[24812 24891]
[24892 25003]
[25004 25119]
[25120 25224]
[25225 25338]
[25339 25447]
[25448 25583]
[25584 25964]
[25965 26056]
[26057 26188]
[26189 26289]
[26290 26419]
[26420 26484]
[26485 26589]
[26590 26669]
[26670 26780]
[26781 26819]
[26820 27229]
[27230 27371]
[27372 27465]
[27466 27711]
[27712 27959]
[27960 28040]
[28041 28166]
[28167 28573]
[28574 28616]
[28617 28701]
[28702 28833]
[28834 28919]
[28920 29007]
[29008 29116]
[29117 29224]
[29225 29324]
[29325 29443]
[29444 29516]
[29517 29570]
[29571 29886]
[29887 29949]
[29950 30143]
[30144 30203]
[30204 30268]
[30269 30340]
[30341 30407]
[30408 30457]
[30458 30513]
[30514 30569]
[30570 30662]
[30663 30782]
[30783 30896]
[30897 30994]
[30995 31067]
[31068 31144]
[31145 31312]
[31313 31409]
[31410 31763]
[31764 32031]
[32032 32131]
[32132 32287]
[32288 32399]
[32400 32516]
[32517 32631]
[32632 32693]
[32694 33070]
[33071 33149]
