[ 0 39]
[ 40 376]
[377 432]
[433 470]
[471 522]
[523 557]
[558 599]
[600 632]
[633 674]
[675 703]
[704 731]
[732 758]
[759 787]
[788 876]
[ 877 1415]
[1416 1473]
[1474 1535]
[1536 1634]
[1635 1693]
[1694 1760]
[1761 1891]
[1892 1936]
[1937 2004]
[2005 2126]
[2127 2193]
[2194 2235]
[2236 2377]
[2378 2518]
[2519 2688]
[2689 3026]
[3027 3094]
[3095 3162]
[3163 3232]
[3233 3315]
[3316 3382]
[3383 3447]
[3448 3515]
[3516 3578]
[3579 3684]
[3685 3710]
[3711 3791]
[3792 3863]
[3864 3920]
[3921 4011]
[4012 4073]
[4074 4136]
[4137 4197]
[4198 4268]
[4269 4331]
[4332 4396]
[4397 4441]
[4442 4526]
[4527 4554]
[4555 4633]
[4634 4686]
[4687 4746]
[4747 4785]
[4786 4836]
[4837 4857]
[4858 4900]
[4901 5200]
[5201 5281]
[5282 5355]
[5356 5425]
[5426 5501]
[5502 5571]
[5572 5647]
[5648 5728]
[5729 5798]
[5799 5875]
[5876 5953]
[5954 6026]
[6027 6093]
[6094 6148]
[6149 6189]
[6190 6238]
[6239 6300]
[6301 6338]
[6339 6373]
[6374 6425]
[6426 6467]
[6468 6491]
[6492 6874]
[6875 7138]
[7139 7250]
[7251 7441]
[7442 7677]
[7678 7920]
[7921 8136]
[8137 8313]
[8314 8736]
[8737 8790]
[8791 8900]
[8901 8969]
[8970 9201]
[9202 9287]
[9288 9552]
[9553 9631]
[9632 9721]
[9722 9770]
[9771 9824]
[9825 9874]
[9875 9922]
[ 9923 10118]
[10119 10184]
[10185 10231]
[10232 10280]
[10281 10327]
[10328 10392]
[10393 10453]
[10454 10508]
[10509 10561]
[10562 10598]
[10599 10635]
[10636 10722]
[10723 10812]
[10813 10896]
[10897 11168]
[11169 11236]
[11237 11318]
[11319 11387]
[11388 11455]
[11456 11502]
[11503 11585]
[11586 11644]
[11645 11711]
[11712 11775]
[11776 11856]
[11857 11948]
[11949 12055]
[12056 12142]
[12143 12187]
[12188 12259]
[12260 12570]
[12571 12664]
[12665 12738]
[12739 12765]
[12766 12824]
[12825 12879]
[12880 13062]
[13063 13115]
[13116 13185]
[13186 13226]
[13227 13281]
[13282 13364]
[13365 13439]
[13440 13508]
[13509 13575]
[13576 13660]
[13661 13741]
[13742 13766]
[13767 13815]
[13816 13856]
[13857 14223]
[14224 14309]
[14310 14405]
[14406 14524]
[14525 14619]
[14620 14728]
[14729 14816]
[14817 14906]
[14907 14986]
[14987 15072]
[15073 15151]
[15152 15205]
[15206 15251]
[15252 15316]
[15317 15831]
[15832 15878]
[15879 15912]
[15913 15940]
[15941 15970]
[15971 16069]
[16070 16108]
[16109 16269]
[16270 16301]
[16302 16324]
[16325 16350]
[16351 16381]
[16382 16421]
[16422 16450]
[16451 16479]
[16480 16509]
[16510 16529]
[16530 16561]
[16562 16588]
[16589 16609]
[16610 16636]
[16637 16703]
[16704 16827]
[16828 16868]
[16869 16934]
[16935 16986]
[16987 17028]
[17029 17089]
[17090 17229]
[17230 17545]
[17546 17668]
[17669 17795]
[17796 17919]
[17920 18042]
[18043 18153]
[18154 18278]
[18279 18397]
[18398 18539]
[18540 18673]
[18674 18807]
[18808 18868]
[18869 19049]
[19050 19158]
[19159 19199]
[19200 19312]
[19313 19578]
[19579 19843]
[19844 19923]
[19924 20021]
[20022 20198]
[20199 20290]
[20291 20428]
[20429 20528]
[20529 20623]
[20624 20682]
[20683 20736]
[20737 20835]
[20836 21241]
[21242 22085]
[22086 22374]
[22375 22443]
[22444 22515]
[22516 22589]
[22590 22745]
[22746 22821]
[22822 22892]
[22893 22971]
[22972 23042]
[23043 23148]
[23149 23236]
[23237 23304]
[23305 23373]
[23374 23862]
[23863 23895]
[23896 23945]
[23946 23979]
[23980 24161]
[24162 24232]
[24233 24263]
[24264 24321]
[24322 24369]
[24370 24412]
[24413 24429]
[24430 24482]
[24483 24530]
[24531 24576]
[24577 24624]
[24625 24656]
[24657 24703]
[24704 24742]
[24743 25052]
[25053 25175]
[25176 25298]
[25299 25428]
[25429 25599]
[25600 25713]
[25714 25786]
[25787 25879]
[25880 25947]
[25948 26023]
[26024 26116]
[26117 26488]
[26489 26559]
[26560 26610]
[26611 26683]
[26684 26754]
[26755 26831]
[26832 26863]
[26864 26907]
[26908 26951]
[26952 26982]
[26983 27138]
[27140 27273]
[27274 27403]
[27404 27444]
[27445 27549]
[27550 27575]
[27576 27851]
[27852 27986]
[27987 28050]
[28051 28102]
[28103 28571]
[28572 28638]
[28639 28692]
[28693 28790]
[28791 28872]
[28873 28910]
[28911 28957]
[28958 29147]
[29148 29236]
[29237 29267]
[29268 29295]
[29296 29375]
[29376 29519]
[29520 29650]
[29651 29789]
[29790 29838]
[29839 29929]
[29930 29985]
[29986 30031]
[30032 30065]
[30066 30095]
[30096 30192]
[30193 30304]
[30305 30447]
[30448 30469]
[30470 30542]
[30543 30643]
[30644 30722]
[30723 30835]
[30836 30922]
[30923 31061]
[31062 31144]
[31145 31212]
[31213 31255]
[31256 31280]
[31281 31313]
[31314 31394]
[31395 31407]
[31408 31531]
[31532 31606]
[31607 31940]
[31941 31984]
[31985 32026]
[32027 32080]
[32081 32159]
[32160 32220]
[32221 32289]
[32290 32390]
[32391 32438]
[32439 32503]
[32504 32557]
[32558 32625]
[32626 32650]
[32651 32721]
[32722 32747]
[32748 32889]
[32890 32940]
[32941 33066]
[33067 33071]
[33072 33423]
[33425 33499]
