[ 0 24]
[ 25 324]
[325 384]
[385 417]
[418 448]
[449 479]
[480 511]
[512 546]
[547 570]
[571 600]
[601 635]
[636 692]
[693 761]
[762 778]
[779 810]
[811 863]
[864 971]
[ 972 1530]
[1531 1696]
[1697 1719]
[1720 1794]
[1795 1813]
[1814 1840]
[1841 1942]
[1943 1986]
[1987 2020]
[2021 2051]
[2052 2090]
[2091 2125]
[2126 2222]
[2223 2248]
[2249 2277]
[2278 2302]
[2303 2335]
[2336 2480]
[2481 2596]
[2597 2753]
[2754 2802]
[2803 2840]
[2841 2871]
[2872 2907]
[2908 2942]
[2943 2987]
[2988 3037]
[3038 3776]
[3777 3846]
[3847 4007]
[4008 4258]
[4259 4419]
[4420 4803]
[4804 4909]
[4910 4989]
[4990 5036]
[5037 5120]
[5121 5188]
[5189 5222]
[5223 5261]
[5262 5290]
[5291 5553]
[5554 5637]
[5638 5687]
[5688 5736]
[5737 5807]
[5808 5879]
[5880 5938]
[5939 6048]
[6049 6106]
[6107 6179]
[6180 6217]
[6218 6237]
[6238 6287]
[6288 6329]
[6330 6375]
[6376 6399]
[6400 6441]
[6442 6486]
[6487 6567]
[6568 6619]
[6620 6664]
[6665 6702]
[6703 6722]
[6723 6771]
[6772 6801]
[6802 6863]
[6864 6912]
[6913 6965]
[6966 7004]
[7005 7065]
[7066 7140]
[7141 7205]
[7206 7263]
[7264 7320]
[7321 7376]
[7377 7438]
[7439 7503]
[7504 7570]
[7571 7620]
[7621 7664]
[7665 7853]
[7854 7968]
[7969 8229]
[8230 8277]
[8278 8319]
[8320 8373]
[8374 8377]
[8378 8415]
[8416 8462]
[8463 8506]
[8507 8565]
[8566 8584]
[8585 8614]
[8615 8656]
[8657 8680]
[8681 8723]
[8724 8759]
[8760 8792]
[8793 8830]
[8831 8855]
[8856 8885]
[8886 8919]
[8920 8927]
[8928 8945]
[8946 8974]
[8975 9058]
[9059 9109]
[9110 9170]
[9171 9226]
[9227 9288]
[9289 9348]
[9349 9497]
[9498 9536]
[9537 9580]
[9581 9641]
[9642 9721]
[9722 9790]
[ 9791 10306]
[10307 10326]
[10327 10383]
[10384 10459]
[10460 10515]
[10516 10571]
[10572 10828]
[10829 10894]
[10895 10940]
[10941 10999]
[11000 11055]
[11056 11095]
[11096 11175]
[11176 11348]
[11349 11690]
[11691 11742]
[11743 11814]
[11815 11875]
[11876 11924]
[11925 12309]
[12310 12702]
[12703 12792]
[12793 12841]
[12842 12875]
[12876 12931]
[12932 12955]
[12956 13019]
[13020 13075]
[13076 13139]
[13140 13166]
[13167 13187]
[13188 13255]
[13256 13286]
[13287 13394]
[13395 13567]
[13568 13572]
[13574 13669]
[13670 14123]
[14124 14581]
[14582 14655]
[14656 14729]
[14730 14891]
[14892 14950]
[14951 15018]
[15019 15139]
[15140 15261]
[15262 15314]
[15315 15574]
[15575 15652]
[15653 15707]
[15708 16003]
[16004 16050]
[16051 16102]
[16103 16148]
[16149 16213]
[16214 16253]
[16254 16297]
[16298 16382]
[16383 16438]
[16439 16486]
[16487 16557]
[16558 16622]
[16623 16666]
[16667 16680]
[16681 16730]
[16731 17043]
[17044 17110]
[17111 17272]
[17273 17386]
[17387 17472]
[17473 17520]
[17521 17582]
[17583 17699]
[17700 17927]
[17928 18028]
[18029 18074]
[18075 18150]
[18151 18240]
[18241 18341]
[18342 18469]
[18470 18702]
[18703 18782]
[18783 18890]
[18891 18985]
[18986 19158]
[19159 19229]
[19230 19304]
[19305 19379]
[19380 19451]
[19452 19663]
[19664 20048]
[20049 20265]
[20266 20445]
[20447 20517]
[20518 20585]
[20586 20622]
[20623 20703]
[20704 20908]
[20909 21036]
[21037 21116]
[21117 21194]
[21195 21361]
[21362 21455]
[21456 21541]
[21542 21623]
[21624 21849]
[21850 22020]
[22021 22099]
[22100 22158]
[22159 22237]
[22238 22411]
[22412 22469]
[22470 22569]
[22570 22625]
[22626 22679]
[22680 22754]
[22755 22797]
[22798 22866]
[22867 22914]
[22915 22974]
[22975 23034]
[23035 23089]
[23090 23146]
[23147 23180]
[23181 23214]
[23215 23318]
[23319 23366]
[23367 23475]
[23476 23767]
[23768 23836]
[23837 23898]
[23899 23955]
[23956 24064]
[24065 24114]
[24115 24191]
[24192 24239]
[24240 24279]
[24280 24315]
[24316 24360]
[24361 24423]
[24424 24475]
[24476 24524]
[24525 24568]
[24569 24613]
[24614 24664]
[24665 24976]
[24977 25054]
[25055 25121]
[25122 25192]
[25193 25269]
[25270 25382]
[25383 25452]
[25453 25496]
[25497 25629]
[25630 25695]
[25696 25764]
[25765 25835]
[25836 25914]
[25915 26012]
[26013 26082]
[26083 26154]
[26155 26222]
[26223 26280]
[26281 26708]
[26709 26813]
[26814 26971]
[26972 27044]
[27045 27144]
[27145 27239]
[27240 27320]
[27321 27394]
[27395 27591]
[27592 27722]
[27723 27897]
[27898 27998]
[27999 28065]
[28066 28135]
[28136 28218]
[28219 28290]
[28291 28358]
[28359 28423]
[28424 28485]
[28486 28548]
[28549 28612]
[28613 28679]
[28680 28748]
[28749 28819]
[28820 28886]
[28887 28952]
[28953 29020]
[29021 29321]
[29322 29365]
[29366 29417]
[29418 29548]
[29549 29596]
[29597 29662]
[29663 29738]
[29739 29800]
[29801 29856]
[29857 29877]
[29878 29942]
[29943 29967]
[29968 30024]
[30025 30060]
[30061 30262]
[30263 30787]
[30788 30870]
[30871 30890]
[30891 31026]
[31027 31111]
[31112 31207]
[31208 31347]
[31348 31427]
[31428 31510]
[31511 31590]
[31591 31669]
[31670 31748]
[31749 31827]
[31828 31903]
[31904 31978]
[31979 32040]
[32041 32102]
[32103 32165]
[32166 32225]
[32226 32471]
[32472 32557]
[32558 33500]
[33501 34721]
[34722 34849]
