[ 0 18]
[ 20 355]
[356 411]
[412 436]
[437 462]
[463 487]
[488 513]
[514 538]
[539 579]
[580 631]
[632 662]
[663 732]
[733 764]
[765 787]
[788 818]
[819 841]
[842 867]
[868 890]
[891 912]
[913 993]
[ 994 1644]
[1645 1711]
[1712 1757]
[1758 1805]
[1806 1862]
[1863 1944]
[1945 1984]
[1985 2022]
[2023 2047]
[2048 2068]
[2069 2126]
[2127 2167]
[2168 2207]
[2208 2235]
[2236 2296]
[2297 2351]
[2352 2378]
[2379 2416]
[2417 2453]
[2454 2470]
[2471 2519]
[2520 2567]
[2568 2608]
[2609 2642]
[2643 2662]
[2663 2686]
[2687 2722]
[2723 2777]
[2778 3334]
[3335 3408]
[3409 3474]
[3475 3527]
[3528 3583]
[3584 3645]
[3646 3706]
[3707 3784]
[3785 3858]
[3859 3909]
[3910 3951]
[3952 4018]
[4019 4071]
[4072 4130]
[4131 4189]
[4190 4232]
[4233 4279]
[4280 4346]
[4347 4382]
[4383 4413]
[4414 4464]
[4465 4502]
[4503 4542]
[4543 4593]
[4594 4649]
[4650 4700]
[4701 4761]
[4762 4821]
[4822 5462]
[5464 5493]
[5494 5554]
[5555 5577]
[5578 5603]
[5604 5640]
[5641 5679]
[5680 5700]
[5701 5729]
[5730 5768]
[5769 5907]
[5908 5934]
[5935 5967]
[5968 6043]
[6044 6144]
[6145 6201]
[6202 6266]
[6267 6317]
[6318 6350]
[6351 6390]
[6391 6428]
[6429 6472]
[6473 6519]
[6520 6553]
[6554 6667]
[6668 6716]
[6717 6770]
[6771 6823]
[6824 6887]
[6888 6928]
[6929 6997]
[6998 7030]
[7031 7062]
[7063 7124]
[7125 7758]
[7759 7860]
[7862 7902]
[7903 7961]
[7962 8037]
[8038 8098]
[8099 8203]
[8204 8261]
[8262 8359]
[8360 8434]
[8435 8541]
[8542 8635]
[8636 8697]
[8698 8756]
[8757 8857]
[8858 8946]
[8947 9011]
[9012 9119]
[9120 9215]
[9216 9344]
[9345 9402]
[9403 9424]
[9425 9870]
[9871 9919]
[9920 9969]
[ 9970 10020]
[10021 10070]
[10071 10120]
[10121 10175]
[10176 10225]
[10226 10275]
[10276 10325]
[10326 10375]
[10376 10425]
[10426 10475]
[10476 10527]
[10528 10614]
[10615 10649]
[10650 10681]
[10682 10734]
[10735 10783]
[10784 10833]
[10834 10883]
[10884 10933]
[10934 10983]
[10984 11033]
[11034 11056]
[11057 11087]
[11088 11144]
[11145 11218]
[11219 11268]
[11269 11310]
[11311 11741]
[11743 11801]
[11802 11828]
[11829 11905]
[11906 11947]
[11948 11989]
[11990 12053]
[12054 12120]
[12121 12163]
[12164 12233]
[12234 12287]
[12288 12328]
[12329 12385]
[12386 12465]
[12466 12495]
[12496 12527]
[12528 12560]
[12561 12697]
[12698 12749]
[12750 12848]
[12849 12873]
[12874 12915]
[12916 12971]
[12972 13004]
[13005 13059]
[13060 13091]
[13092 13125]
[13126 13214]
[13215 13238]
[13239 13265]
[13266 13291]
[13292 13315]
[13316 13339]
[13340 13394]
[13395 13431]
[13432 13459]
[13460 13491]
[13492 13521]
[13522 13551]
[13552 13577]
[13578 13667]
[13668 13847]
[13848 14034]
[14036 14073]
[14074 14115]
[14116 14195]
[14196 14253]
[14254 14333]
[14334 14390]
[14391 14443]
[14444 14484]
[14485 14578]
[14579 14636]
[14637 14699]
[14700 14814]
[14815 14888]
[14889 14935]
[14936 15069]
[15070 15103]
[15104 15158]
[15159 15199]
[15200 15256]
[15257 15358]
[15359 15399]
[15400 15453]
[15454 15495]
[15496 15591]
[15592 15682]
[15683 15833]
[15834 15929]
[15930 16066]
[16067 16134]
[16135 16165]
[16166 16253]
[16254 16327]
[16328 16422]
[16423 16554]
[16555 16660]
[16661 16714]
[16715 16745]
[16746 16765]
[16766 16793]
[16794 16896]
[16897 16933]
[16934 16976]
[16977 17054]
[17055 17129]
[17130 17154]
[17155 17222]
[17223 17268]
[17269 17336]
[17337 17360]
[17361 17378]
[17379 18068]
[18069 18130]
[18131 18190]
[18191 18250]
[18251 18310]
[18311 18370]
[18371 18430]
[18431 18490]
[18491 18545]
[18546 18733]
[18735 18808]
[18809 18861]
[18862 18964]
[18965 19346]
[19347 19415]
[19416 19609]
[19610 19680]
[19681 19749]
[19750 19876]
[19877 19926]
[19927 19978]
[19979 20018]
[20019 20085]
[20086 20142]
[20143 20192]
[20193 20263]
[20264 20323]
[20324 20373]
[20374 20417]
[20418 20474]
[20475 20871]
[20872 21003]
[21004 21110]
[21111 21203]
[21204 21314]
[21315 21415]
[21416 21507]
[21508 21578]
[21579 21629]
[21630 21692]
[21693 21744]
[21745 21835]
[21836 21915]
[21916 22011]
[22012 22060]
[22061 22102]
[22103 22221]
[22222 22440]
[22441 22492]
[22493 22572]
[22573 22636]
[22637 22727]
[22728 22834]
[22835 22884]
[22885 22930]
[22931 22999]
[23000 23063]
[23064 23123]
[23124 23176]
[23177 23250]
[23251 23340]
[23341 23401]
[23402 23438]
[23439 23481]
[23482 23535]
[23536 23579]
[23580 23699]
[23700 23743]
[23744 23782]
[23783 23813]
[23814 23879]
[23880 23944]
[23945 24048]
[24049 24141]
[24142 24484]
[24485 24691]
[24692 24769]
[24770 24815]
[24816 24872]
[24873 24909]
[24910 24966]
[24967 25063]
[25064 25158]
[25159 25223]
[25224 25275]
[25276 25323]
[25324 25386]
[25387 25479]
[25480 25915]
[25916 25982]
[25983 26042]
[26043 26116]
[26117 26174]
[26175 26227]
[26228 26294]
[26295 26350]
[26351 26401]
[26402 26475]
[26476 26601]
[26602 26722]
[26723 26788]
[26789 26847]
[26848 27094]
[27095 27232]
[27233 27330]
[27331 27417]
[27418 27518]
[27519 27613]
[27614 27704]
[27705 27790]
[27791 28005]
[28006 28218]
[28219 28395]
[28396 28460]
[28461 28510]
[28511 28630]
[28631 29098]
[29100 29177]
[29178 29239]
[29240 29294]
[29295 29374]
[29375 29478]
[29479 29555]
[29556 29664]
[29665 29747]
[29748 29854]
[29855 29939]
[29940 30037]
[30038 30141]
[30142 30228]
[30229 30370]
[30371 30681]
[30682 30848]
[30849 31037]
[31038 31173]
[31174 31255]
[31256 31323]
[31324 31421]
[31422 31518]
[31519 31796]
[31797 31899]
