[ 0 42]
[ 43 293]
[294 346]
[347 435]
[436 473]
[474 516]
[517 550]
[551 597]
[598 641]
[642 681]
[682 722]
[723 774]
[775 822]
[823 925]
[ 926 1325]
[1326 1457]
[1458 1525]
[1526 1591]
[1592 1686]
[1687 1706]
[1707 1972]
[1973 2047]
[2048 2144]
[2145 2220]
[2221 2298]
[2299 2357]
[2358 2443]
[2444 2543]
[2544 2606]
[2607 2668]
[2669 2728]
[2729 2773]
[2774 2840]
[2841 2909]
[2910 2978]
[2979 3039]
[3040 3102]
[3103 3162]
[3163 3212]
[3213 3255]
[3256 3538]
[3539 3640]
[3641 3701]
[3702 3752]
[3753 3817]
[3818 3889]
[3890 3940]
[3941 4160]
[4161 4200]
[4201 4256]
[4257 4343]
[4344 4655]
[4656 4761]
[4762 4863]
[4864 5006]
[5007 5059]
[5060 5113]
[5114 5164]
[5165 5300]
[5301 5371]
[5372 5439]
[5440 5467]
[5468 5500]
[5501 5555]
[5556 5592]
[5593 5673]
[5674 5722]
[5723 5768]
[5769 5839]
[5840 5890]
[5891 5964]
[5965 6028]
[6029 6147]
[6148 6220]
[6221 6513]
[6514 6868]
[6869 6953]
[6954 7045]
[7046 7103]
[7104 7146]
[7147 7540]
[7541 7583]
[7584 7627]
[7628 7657]
[7658 7681]
[7682 7727]
[7728 7787]
[7788 7817]
[7818 7862]
[7863 7943]
[7944 7980]
[7981 8041]
[8042 8074]
[8075 8130]
[8131 8176]
[8177 8247]
[8248 8305]
[8306 8370]
[8371 8443]
[8444 8491]
[8492 8528]
[8529 8595]
[8596 8642]
[8643 8687]
[8688 8734]
[8735 8796]
[8797 8836]
[8837 8881]
[8882 8901]
[8902 9047]
[9048 9425]
[9426 9472]
[9473 9518]
[9519 9565]
[9566 9635]
[9636 9655]
[9656 9756]
[9757 9835]
[9836 9916]
[ 9917 10032]
[10033 10067]
[10068 10109]
[10110 10146]
[10147 10186]
[10187 10212]
[10213 10254]
[10255 10292]
[10293 10340]
[10341 10440]
[10441 10546]
[10547 10596]
[10597 10709]
[10710 10749]
[10750 10863]
[10864 10912]
[10913 10965]
[10966 11017]
[11018 11061]
[11062 11115]
[11116 11157]
[11158 11184]
[11185 11247]
[11248 11295]
[11296 11363]
[11364 11396]
[11397 11443]
[11444 11560]
[11561 11961]
[11962 12016]
[12017 12072]
[12073 12104]
[12105 12319]
[12320 12362]
[12363 12417]
[12418 12464]
[12465 12538]
[12539 12604]
[12605 12666]
[12667 12765]
[12766 12941]
[12942 12981]
[12982 13031]
[13032 13097]
[13098 13117]
[13118 13190]
[13191 13288]
[13289 13365]
[13366 13428]
[13429 13927]
[13928 14091]
[14092 14231]
[14232 14418]
[14419 14571]
[14572 14696]
[14697 14823]
[14824 14895]
[14896 14983]
[14984 15054]
[15055 15090]
[15091 15147]
[15148 15207]
[15208 15277]
[15278 15367]
[15368 15442]
[15443 15713]
[15714 15790]
[15791 15831]
[15832 15871]
[15872 15902]
[15903 15945]
[15946 16010]
[16011 16062]
[16063 16099]
[16100 16277]
[16278 16371]
[16372 16429]
[16430 16466]
[16467 16535]
[16536 16597]
[16598 16639]
[16640 16723]
[16724 16756]
[16757 16808]
[16809 16868]
[16869 17004]
[17005 17080]
[17081 17526]
[17527 17570]
[17571 17615]
[17616 17663]
[17664 17691]
[17692 17749]
[17750 17804]
[17805 17831]
[17832 17864]
[17865 17939]
[17940 17967]
[17968 18019]
[18020 18096]
[18097 18160]
[18161 18184]
[18185 18292]
[18293 18326]
[18327 18370]
[18371 18380]
[18381 18460]
[18461 18550]
[18551 18595]
[18596 18640]
[18641 18725]
[18726 18785]
[18786 19214]
[19215 19286]
[19287 19364]
[19365 19411]
[19412 19457]
[19458 19541]
[19542 19610]
[19611 19670]
[19671 19724]
[19725 19768]
[19769 19876]
[19877 19917]
[19918 19958]
[19959 20047]
[20048 20089]
[20090 20133]
[20134 20178]
[20179 20245]
[20246 20319]
[20320 20396]
[20397 20477]
[20478 20569]
[20570 20812]
[20813 20945]
[20946 21011]
[21012 21071]
[21072 21131]
[21132 21241]
[21242 21379]
[21380 21499]
[21500 21561]
[21562 21684]
[21685 21744]
[21745 21824]
[21825 21884]
[21885 21954]
[21955 22015]
[22016 22099]
[22100 22490]
[22491 22570]
[22571 22640]
[22641 22703]
[22704 22805]
[22806 22873]
[22874 22926]
[22927 22989]
[22990 23069]
[23070 23121]
[23122 23184]
[23185 23240]
[23241 23292]
[23293 23453]
[23454 23502]
[23503 23551]
[23552 23616]
[23617 23664]
[23665 23727]
[23728 23787]
[23788 23826]
[23827 23856]
[23857 23889]
[23890 23934]
[23935 23967]
[23968 24033]
[24034 24085]
[24086 24131]
[24132 24229]
[24230 24689]
[24690 24748]
[24749 24813]
[24814 24878]
[24879 24949]
[24950 25039]
[25040 25081]
[25082 25116]
[25117 25187]
[25188 25264]
[25265 25328]
[25329 25394]
[25395 25442]
[25443 25757]
[25758 26292]
[26293 26392]
[26393 26472]
[26473 26544]
[26545 26629]
[26630 26702]
[26703 26743]
[26744 27010]
[27011 27594]
[27595 27872]
[27873 27938]
[27939 28011]
[28012 28068]
[28069 28113]
[28114 28158]
[28159 28208]
[28209 28264]
[28265 28320]
[28321 28367]
[28368 28417]
[28418 28462]
[28463 28506]
[28507 28544]
[28545 28595]
[28596 28642]
[28643 28685]
[28686 28725]
[28726 28762]
[28763 28798]
[28799 28830]
[28831 28874]
[28875 29191]
[29192 29262]
[29263 29325]
[29326 29418]
[29419 29601]
[29602 29623]
[29624 29674]
[29675 29736]
[29737 29785]
[29786 29869]
[29870 29911]
[29912 29964]
[29965 30297]
[30298 30430]
[30431 30509]
[30510 30571]
[30572 30660]
[30661 30717]
[30718 30777]
[30778 30830]
[30831 30885]
[30886 30942]
[30943 31016]
[31017 31052]
[31053 31123]
[31124 31177]
[31178 31216]
[31217 31264]
[31265 31614]
[31615 31677]
[31678 31740]
[31741 31789]
[31790 31831]
[31832 31880]
[31881 32011]
[32012 32066]
[32067 32130]
[32131 32183]
[32184 32233]
[32234 32285]
[32286 32340]
[32341 32387]
[32388 32432]
[32433 32480]
[32481 32927]
[32928 32953]
[32954 33057]
[33058 33170]
[33171 33260]
[33261 33312]
[33313 33368]
[33369 33429]
[33430 33488]
[33489 33572]
[33573 33841]
[33842 33959]
[33960 34066]
[34067 34142]
[34143 34233]
[34234 34632]
[34633 34729]
[34730 34999]
[35000 35069]
[35070 35126]
[35127 35239]
[35240 35297]
[35298 35351]
[35352 35416]
[35417 35489]
[35490 35549]
[35550 35918]
[35920 35999]
