[ 0 18]
[ 19 325]
[326 381]
[382 439]
[440 508]
[509 571]
[572 605]
[606 632]
[633 669]
[670 700]
[701 727]
[728 757]
[758 789]
[790 823]
[824 864]
[865 966]
[ 967 1369]
[1370 1979]
[1980 2260]
[2261 2370]
[2371 2483]
[2484 2591]
[2592 2697]
[2698 2800]
[2801 3125]
[3126 3314]
[3315 3376]
[3377 3412]
[3413 3453]
[3454 3489]
[3490 3636]
[3637 3691]
[3692 3726]
[3727 3864]
[3865 3962]
[3963 4041]
[4042 4236]
[4237 4274]
[4275 4317]
[4318 4353]
[4354 4394]
[4395 4492]
[4493 4543]
[4544 4584]
[4585 4747]
[4748 4788]
[4789 4849]
[4850 4911]
[4912 5335]
[5336 5401]
[5402 5456]
[5457 5542]
[5543 5676]
[5677 5745]
[5746 5870]
[5871 5926]
[5927 5992]
[5993 6072]
[6073 6151]
[6152 6215]
[6216 6274]
[6275 6321]
[6322 6366]
[6367 6428]
[6429 6533]
[6534 6588]
[6589 6642]
[6643 6732]
[6733 6791]
[6792 6834]
[6835 6848]
[6850 6968]
[6969 6996]
[6997 7073]
[7074 7126]
[7127 7147]
[7148 7222]
[7223 7245]
[7246 7289]
[7290 7378]
[7379 7451]
[7452 7500]
[7501 7546]
[7547 7621]
[7622 7687]
[7688 7749]
[7750 7800]
[7801 7820]
[7821 7934]
[7935 7986]
[7987 8020]
[8021 8076]
[8077 8115]
[8116 8147]
[8148 8244]
[8245 8333]
[8334 8355]
[8356 8395]
[8396 8447]
[8448 8489]
[8490 8531]
[8532 8554]
[8555 8597]
[8598 8631]
[8632 8642]
[8643 9053]
[9054 9077]
[9078 9106]
[9107 9156]
[9157 9175]
[9176 9238]
[9239 9289]
[9290 9340]
[9341 9411]
[9412 9472]
[9473 9523]
[9524 9574]
[9575 9669]
[9670 9719]
[9720 9770]
[9771 9796]
[9797 9871]
[9872 9889]
[9890 9926]
[9927 9967]
[ 9968 10017]
[10018 10053]
[10054 10139]
[10140 10251]
[10252 10299]
[10300 10327]
[10328 10382]
[10383 10433]
[10434 10542]
[10543 10589]
[10590 10673]
[10674 10730]
[10731 10781]
[10782 10836]
[10837 10866]
[10867 11281]
[11282 11340]
[11341 11402]
[11403 11477]
[11478 11538]
[11539 11607]
[11608 11645]
[11646 11684]
[11685 11739]
[11740 11798]
[11799 11859]
[11860 11917]
[11918 12004]
[12005 12077]
[12078 12102]
[12103 12139]
[12140 12184]
[12185 12240]
[12241 12259]
[12260 12312]
[12313 12343]
[12344 12407]
[12408 12461]
[12462 12498]
[12499 12549]
[12550 12573]
[12574 12612]
[12613 12644]
[12645 12681]
[12682 12713]
[12714 12749]
[12750 12771]
[12772 13158]
[13159 13325]
[13326 13412]
[13413 13551]
[13552 13653]
[13654 13728]
[13729 13797]
[13798 13884]
[13885 13951]
[13952 14015]
[14016 14112]
[14113 14170]
[14171 14221]
[14222 14268]
[14269 14309]
[14310 14350]
[14351 14415]
[14416 14464]
[14465 14517]
[14518 14607]
[14608 15005]
[15006 15123]
[15124 15172]
[15173 15247]
[15248 15269]
[15270 15412]
[15413 15450]
[15451 15570]
[15571 15623]
[15624 15649]
[15650 15711]
[15712 15775]
[15776 15879]
[15880 16022]
[16023 16280]
[16281 16381]
[16382 16472]
[16473 16570]
[16571 16670]
[16671 16762]
[16763 16831]
[16832 16934]
[16935 16989]
[16990 17110]
[17111 17148]
[17149 17213]
[17214 17338]
[17339 17472]
[17473 17503]
[17504 17540]
[17541 17850]
[17851 17949]
[17950 17982]
[17983 18043]
[18044 18108]
[18109 18167]
[18168 18229]
[18230 18271]
[18272 18329]
[18330 18428]
[18429 18491]
[18492 18593]
[18594 18630]
[18631 18692]
[18693 18760]
[18761 18798]
[18799 19043]
[19044 19167]
[19168 19221]
[19222 19266]
[19267 19318]
[19319 19678]
[19679 19898]
[19899 19947]
[19948 20030]
[20031 20092]
[20093 20127]
[20128 20270]
[20271 20317]
[20318 20367]
[20368 20408]
[20409 20447]
[20448 20552]
[20553 20695]
[20696 20787]
[20788 21092]
[21093 21286]
[21287 21384]
[21385 21469]
[21470 21516]
[21517 21616]
[21617 21707]
[21708 21751]
[21752 21841]
[21842 22159]
[22160 22263]
[22264 22381]
[22382 22491]
[22492 22557]
[22558 22624]
[22625 22651]
[22652 22766]
[22767 22877]
[22878 22944]
[22945 23011]
[23012 23057]
[23058 23094]
[23095 23302]
[23303 23415]
[23416 23473]
[23474 23542]
[23543 23579]
[23580 23614]
[23615 23653]
[23654 23695]
[23696 23794]
[23795 23831]
[23832 23914]
[23915 24164]
[24165 24286]
[24287 24353]
[24354 24436]
[24437 24512]
[24513 24574]
[24575 24643]
[24644 24716]
[24717 24784]
[24785 24840]
[24841 24908]
[24909 24980]
[24981 25046]
[25047 25304]
[25305 25452]
[25453 25574]
[25575 25651]
[25652 25785]
[25786 25945]
[25946 26201]
[26202 26279]
[26280 26333]
[26334 26365]
[26366 26641]
[26642 26746]
[26747 26822]
[26823 26909]
[26910 27027]
[27028 27105]
[27106 27189]
[27190 27265]
[27266 27315]
[27316 27382]
[27383 27479]
[27480 27551]
[27552 27615]
[27616 27672]
[27673 27932]
[27933 27999]
[28000 28045]
[28046 28087]
[28088 28131]
[28132 28173]
[28174 28285]
[28286 28336]
[28337 28392]
[28393 28440]
[28441 28499]
[28500 28560]
[28561 28693]
[28694 28760]
[28761 28836]
[28837 29326]
[29327 29562]
[29563 29653]
[29654 29795]
[29796 29870]
[29871 29900]
[29901 29975]
[29976 30050]
[30051 30125]
[30126 30189]
[30190 30341]
[30342 30424]
[30425 30475]
[30476 30592]
[30593 30630]
[30631 30706]
[30707 30782]
[30783 30852]
[30853 30893]
[30894 30930]
[30931 31001]
[31002 31090]
[31091 31389]
[31390 31474]
[31475 31582]
[31583 31627]
[31628 31783]
[31784 31833]
[31834 31913]
[31914 31987]
[31988 32052]
[32053 32078]
[32079 32113]
[32114 32193]
[32194 32265]
[32266 32332]
[32333 32399]
[32400 32500]
[32501 32617]
[32618 32649]
[32650 32816]
[32817 32869]
[32870 32893]
[32894 33348]
[33349 33786]
[33787 34028]
[34029 34169]
[34170 34438]
[34439 34549]
