[ 0 27]
[ 28 328]
[329 382]
[383 406]
[407 431]
[432 458]
[459 485]
[486 509]
[510 537]
[538 560]
[561 585]
[586 609]
[610 633]
[634 692]
[693 758]
[759 799]
[800 842]
[843 873]
[874 960]
[ 961 1424]
[1425 1509]
[1510 1588]
[1589 1696]
[1697 1754]
[1755 1842]
[1843 1940]
[1941 1975]
[1976 2053]
[2054 2130]
[2131 2207]
[2208 2246]
[2247 2289]
[2290 2308]
[2309 2360]
[2361 2421]
[2422 2510]
[2511 2581]
[2582 2645]
[2646 2764]
[2765 2869]
[2870 2915]
[2916 3566]
[3567 3595]
[3596 3654]
[3655 3717]
[3718 3758]
[3759 3810]
[3811 3863]
[3864 4025]
[4026 4107]
[4108 4148]
[4149 4215]
[4216 4301]
[4302 4330]
[4331 4441]
[4442 4478]
[4479 4517]
[4518 4550]
[4551 4588]
[4589 4625]
[4626 4663]
[4664 4696]
[4697 4733]
[4734 4803]
[4804 4843]
[4844 4879]
[4880 4917]
[4918 4965]
[4966 5013]
[5014 5056]
[5057 5098]
[5099 5137]
[5138 5191]
[5192 5525]
[5526 5591]
[5592 5661]
[5662 5705]
[5706 5739]
[5740 5784]
[5785 5969]
[5970 6001]
[6002 6039]
[6040 6080]
[6081 6122]
[6123 6164]
[6165 6223]
[6224 6359]
[6360 6408]
[6409 6451]
[6452 6495]
[6496 6680]
[6681 6832]
[6833 6887]
[6888 6938]
[6939 6984]
[6985 7055]
[7056 7629]
[7630 7693]
[7694 7753]
[7754 7812]
[7813 7843]
[7844 7893]
[7894 7945]
[7946 8007]
[8008 8063]
[8064 8120]
[8121 8182]
[8183 8253]
[8254 8303]
[8304 8380]
[8381 8437]
[8438 8513]
[8514 8565]
[8566 8616]
[8617 8928]
[8929 9054]
[9055 9107]
[9108 9190]
[9191 9237]
[9238 9303]
[9304 9364]
[9365 9419]
[9420 9510]
[9511 9534]
[9535 9585]
[9586 9620]
[9621 9666]
[9667 9710]
[9711 9749]
[9750 9771]
[9772 9813]
[9814 9860]
[9861 9908]
[9909 9993]
[ 9994 10075]
[10076 10151]
[10152 10250]
[10251 10326]
[10327 10409]
[10410 10504]
[10505 10593]
[10594 10662]
[10663 10793]
[10794 11231]
[11232 11415]
[11416 11698]
[11699 11795]
[11796 12027]
[12028 12069]
[12070 12236]
[12237 12338]
[12339 12403]
[12404 12437]
[12438 12475]
[12476 12573]
[12574 12631]
[12632 12702]
[12703 12759]
[12760 12817]
[12818 12875]
[12876 12912]
[12913 12947]
[12948 12996]
[12997 13084]
[13085 13121]
[13122 13150]
[13151 13175]
[13176 13267]
[13268 13578]
[13579 13844]
[13845 14104]
[14105 14372]
[14373 14640]
[14641 15157]
[15158 15850]
[15851 15921]
[15922 15969]
[15970 16107]
[16108 16280]
[16281 16380]
[16381 16505]
[16506 16609]
[16610 16710]
[16711 16765]
[16766 16831]
[16832 16876]
[16877 17304]
[17305 17352]
[17353 17391]
[17392 17444]
[17445 17475]
[17476 17496]
[17497 17525]
[17526 17559]
[17560 17792]
[17793 17853]
[17854 17910]
[17911 17979]
[17980 18005]
[18006 18074]
[18075 18104]
[18105 18181]
[18182 18242]
[18243 18297]
[18298 18368]
[18369 18462]
[18463 18545]
[18546 18638]
[18639 18720]
[18721 18786]
[18787 18895]
[18896 19148]
[19149 19267]
[19268 19441]
[19442 19510]
[19511 19764]
[19765 19976]
[19977 20083]
[20084 20135]
[20136 20207]
[20208 20280]
[20281 20624]
[20625 20702]
[20703 20765]
[20766 20917]
[20918 21036]
[21037 21143]
[21144 21211]
[21212 21317]
[21318 21423]
[21424 21629]
[21630 21748]
[21749 22032]
[22033 22131]
[22132 22202]
[22203 22324]
[22325 22443]
[22444 22502]
[22503 22677]
[22678 23103]
[23104 23221]
[23222 23326]
[23327 23400]
[23401 23463]
[23464 23516]
[23517 23564]
[23565 23632]
[23633 23703]
[23704 24007]
[24008 24472]
[24473 24487]
[24488 24591]
[24592 24663]
[24664 24718]
[24719 24761]
[24762 24813]
[24814 24856]
[24857 24919]
[24920 24947]
[24948 25396]
[25397 25436]
[25437 25619]
[25620 25659]
[25660 25708]
[25709 25759]
[25760 25864]
[25865 25902]
[25903 25942]
[25943 26028]
[26029 26083]
[26084 26116]
[26117 26165]
[26166 26255]
[26256 26296]
[26297 26446]
[26447 26542]
[26543 26687]
[26688 26846]
[26847 27191]
[27193 27299]
