[ 0 33]
[ 34 364]
[365 420]
[421 487]
[488 549]
[550 598]
[599 631]
[632 671]
[672 705]
[706 742]
[743 768]
[769 796]
[797 838]
[839 888]
[ 889 1007]
[1008 1523]
[1524 1583]
[1584 1686]
[1687 1804]
[1805 1908]
[1909 1993]
[1994 2066]
[2067 2189]
[2190 2253]
[2254 2318]
[2319 2378]
[2379 2445]
[2446 2529]
[2530 2592]
[2593 2656]
[2657 2721]
[2722 2795]
[2796 2850]
[2851 2915]
[2916 2968]
[2969 3394]
[3395 3540]
[3541 3630]
[3631 3704]
[3705 3796]
[3797 3864]
[3865 3917]
[3918 3944]
[3945 4011]
[4012 4096]
[4097 4178]
[4179 4249]
[4250 4295]
[4296 4372]
[4373 4420]
[4421 4829]
[4830 4881]
[4882 4956]
[4957 5003]
[5004 5055]
[5056 5263]
[5264 5304]
[5305 5383]
[5384 5452]
[5453 5498]
[5499 5553]
[5554 5587]
[5588 5655]
[5656 5717]
[5718 5753]
[5754 5796]
[5797 5846]
[5847 5887]
[5888 6028]
[6029 6065]
[6066 6097]
[6098 6191]
[6192 6296]
[6297 6662]
[6663 6755]
[6756 6796]
[6797 6842]
[6843 6888]
[6889 6912]
[6913 6970]
[6971 7090]
[7091 7156]
[7157 7214]
[7215 7269]
[7270 7369]
[7370 7436]
[7437 7500]
[7501 7566]
[7567 7660]
[7661 7716]
[7717 7767]
[7768 7832]
[7833 7919]
[7920 8225]
[8226 8296]
[8297 8371]
[8372 8429]
[8430 8473]
[8474 8535]
[8536 8632]
[8633 8705]
[8706 8766]
[8767 8812]
[8813 8883]
[8884 8924]
[8925 8969]
[8970 9029]
[9030 9442]
[9443 9521]
[9522 9580]
[9581 9750]
[9751 9761]
[9762 9798]
[9799 9820]
[9821 9847]
[9848 9902]
[9903 9925]
[9926 9952]
[9953 9994]
[ 9995 10058]
[10059 10124]
[10125 10173]
[10174 10225]
[10226 10266]
[10267 10327]
[10328 10365]
[10366 10472]
[10473 10513]
[10514 10553]
[10554 10612]
[10613 10639]
[10640 10697]
[10698 10748]
[10749 10797]
[10798 10868]
[10869 10907]
[10908 10958]
[10959 10980]
[10981 11044]
[11045 11082]
[11083 11109]
[11110 11151]
[11152 11189]
[11190 11213]
[11214 11244]
[11245 11291]
[11292 11352]
[11353 11410]
[11411 11444]
[11445 11468]
[11469 11536]
[11537 11652]
[11653 11688]
[11689 11799]
[11800 12201]
[12202 12260]
[12261 12305]
[12306 12355]
[12356 12394]
[12395 12435]
[12436 12480]
[12481 12535]
[12536 12600]
[12601 12613]
[12614 12746]
[12747 12780]
[12781 12843]
[12844 12889]
[12890 12929]
[12930 12962]
[12963 13038]
[13039 13124]
[13125 13196]
[13197 13236]
[13237 13302]
[13303 13377]
[13378 13473]
[13474 13535]
[13536 13575]
[13576 13609]
[13610 13955]
[13956 14059]
[14060 14185]
[14186 14307]
[14308 14368]
[14369 14436]
[14437 14553]
[14554 14668]
[14669 14727]
[14728 14807]
[14808 14868]
[14869 14926]
[14927 15043]
[15044 15118]
[15119 15172]
[15173 15245]
[15246 15640]
[15641 15696]
[15697 15747]
[15748 15813]
[15814 15871]
[15872 16005]
[16006 16155]
[16156 16201]
[16202 16279]
[16280 16350]
[16351 16419]
[16420 16476]
[16477 16525]
[16526 16735]
[16736 17030]
[17031 17103]
[17104 17142]
[17143 17181]
[17182 17195]
[17196 17276]
[17277 17346]
[17347 17544]
[17545 17580]
[17581 17743]
[17744 17846]
[17847 17946]
[17947 18015]
[18016 18044]
[18045 18092]
[18093 18126]
[18127 18140]
[18141 18177]
[18178 18285]
[18286 18442]
[18443 18536]
[18537 18615]
[18616 18675]
[18676 18702]
[18703 18738]
[18739 19229]
[19230 19294]
[19295 19354]
[19355 19414]
[19415 19464]
[19465 19549]
[19550 19651]
[19652 19737]
[19738 19807]
[19808 19928]
[19929 20076]
[20077 20168]
[20169 20224]
[20225 20282]
[20283 20354]
[20355 20436]
[20437 20908]
[20909 20968]
[20969 21037]
[21038 21205]
[21206 21275]
[21276 21345]
[21346 21483]
[21484 21552]
[21553 21647]
[21648 21713]
[21714 21777]
[21778 21853]
[21854 21950]
[21951 21985]
[21986 22005]
[22006 22054]
[22055 22104]
[22105 22232]
[22233 22272]
[22273 22322]
[22323 22372]
[22373 22418]
[22419 22678]
[22679 22776]
[22777 23096]
[23097 23175]
[23176 23211]
[23212 23275]
[23276 23520]
[23521 23571]
[23572 23653]
[23654 23728]
[23729 23842]
[23843 23920]
[23921 23972]
[23973 24016]
[24017 24077]
[24078 24130]
[24131 24194]
[24195 24225]
[24226 24284]
[24285 24333]
[24334 24395]
[24396 24439]
[24440 24458]
[24459 24573]
[24574 24806]
[24807 24907]
[24908 24968]
[24969 25035]
[25036 25108]
[25109 25190]
[25191 25280]
[25281 25341]
[25342 25395]
[25396 25447]
[25448 25509]
[25510 25595]
[25596 25641]
[25642 25762]
[25763 25818]
[25819 25878]
[25879 25950]
[25951 25994]
[25995 26038]
[26039 26092]
[26093 26447]
[26448 27213]
[27214 27433]
[27434 27522]
[27523 27622]
[27623 27782]
[27783 27867]
[27868 28027]
[28028 28149]
[28150 28401]
[28402 28452]
[28453 28867]
[28868 28911]
[28912 28981]
[28982 29056]
[29057 29125]
[29126 29175]
[29176 29195]
[29196 29260]
[29261 29323]
[29324 29415]
[29416 29473]
[29474 29519]
[29520 29570]
[29571 29629]
[29630 29689]
[29690 29772]
[29773 29875]
[29876 29965]
[29966 30072]
[30073 30125]
[30126 30179]
[30180 30367]
[30368 30426]
[30427 30544]
[30545 30628]
[30629 30694]
[30695 30753]
[30754 30785]
[30786 30913]
[30914 30962]
[30963 31073]
[31074 31178]
[31179 31335]
[31336 31393]
[31394 31516]
[31517 31583]
[31584 31677]
[31678 31792]
[31793 31850]
[31851 31879]
[31880 32199]
[32200 32252]
[32253 32417]
[32418 32456]
[32457 32507]
[32508 32644]
[32645 32687]
[32688 32805]
[32806 32845]
[32846 32910]
[32911 32956]
[32957 33077]
[33078 33116]
[33117 33146]
[33147 33457]
[33458 33549]
