[ 0 26]
[ 27 323]
[324 376]
[377 412]
[413 442]
[443 470]
[471 503]
[504 539]
[540 569]
[570 597]
[598 627]
[628 660]
[661 691]
[692 722]
[723 752]
[753 815]
[816 841]
[842 869]
[870 957]
[ 958 1362]
[1363 1437]
[1438 1487]
[1488 1554]
[1555 1620]
[1621 1684]
[1685 1740]
[1741 1802]
[1803 1848]
[1849 1902]
[1903 1961]
[1962 2021]
[2022 2030]
[2031 2467]
[2468 2645]
[2646 2705]
[2706 2751]
[2752 2944]
[2945 3026]
[3027 3095]
[3096 3189]
[3190 3302]
[3303 3339]
[3340 3413]
[3414 3455]
[3456 3535]
[3536 3595]
[3596 3693]
[3694 3750]
[3751 3793]
[3794 3935]
[3936 3964]
[3965 4000]
[4001 4030]
[4031 4411]
[4412 4477]
[4478 4593]
[4594 4715]
[4716 4796]
[4797 4860]
[4861 4905]
[4906 4964]
[4965 5016]
[5017 5105]
[5106 5197]
[5198 5286]
[5287 5367]
[5368 5432]
[5433 5492]
[5493 5540]
[5541 5613]
[5614 5654]
[5655 5719]
[5720 5773]
[5774 5828]
[5829 6242]
[6243 6318]
[6319 6373]
[6374 6442]
[6443 6511]
[6512 6558]
[6559 6595]
[6596 6665]
[6666 6740]
[6741 6793]
[6794 6876]
[6877 6920]
[6921 7061]
[7062 7110]
[7111 7166]
[7167 7224]
[7225 7260]
[7261 7368]
[7369 7657]
[7658 7725]
[7726 7780]
[7781 7847]
[7848 7881]
[7882 7915]
[7916 7948]
[7949 7990]
[7991 8043]
[8044 8160]
[8161 8215]
[8216 8261]
[8262 8341]
[8342 8414]
[8415 8449]
[8450 8512]
[8513 8575]
[8576 8687]
[8688 8701]
[8702 8727]
[8728 8864]
[8865 8897]
[8898 8941]
[8942 8993]
[8994 9043]
[9044 9087]
[9088 9131]
[9132 9175]
[9176 9223]
[9224 9267]
[9268 9355]
[9356 9401]
[9402 9483]
[9484 9779]
[ 9780 10061]
[10062 10156]
[10157 10279]
[10280 10375]
[10376 10511]
[10512 10627]
[10628 10801]
[10802 10873]
[10874 11244]
[11245 11292]
[11293 11336]
[11337 11369]
[11370 11422]
[11423 11459]
[11460 11537]
[11538 11610]
[11611 11654]
[11655 11717]
[11718 11841]
[11842 11893]
[11894 12016]
[12017 12093]
[12094 12174]
[12175 12232]
[12233 12406]
[12407 12746]
[12747 12809]
[12810 12858]
[12859 12935]
[12936 12996]
[12997 13104]
[13105 13188]
[13189 13432]
[13433 13491]
[13492 13534]
[13535 13572]
[13573 13625]
[13626 13662]
[13663 13703]
[13704 13745]
[13746 13783]
[13784 13821]
[13822 13862]
[13863 13913]
[13914 13960]
[13961 14090]
[14091 14484]
[14485 14500]
[14501 14559]
[14560 14588]
[14589 14617]
[14618 14642]
[14643 14672]
[14673 14693]
[14694 14708]
[14709 14732]
[14733 14759]
[14760 14790]
[14791 14808]
[14809 14844]
[14845 14879]
[14880 14911]
[14912 14955]
[14956 15015]
[15016 15072]
[15073 15099]
[15100 15147]
[15148 15190]
[15191 15218]
[15219 15244]
[15245 15274]
[15275 15306]
[15307 15343]
[15344 15369]
[15370 15403]
[15404 15429]
[15430 15455]
[15456 15507]
[15508 15548]
[15549 15591]
[15592 15918]
[15919 16003]
[16004 16096]
[16097 16180]
[16181 16265]
[16266 16366]
[16367 16456]
[16457 16503]
[16504 16637]
[16638 16701]
[16702 16761]
[16762 16870]
[16871 16928]
[16929 17021]
[17022 17078]
[17079 17115]
[17116 17539]
[17540 17654]
[17655 17812]
[17813 17946]
[17947 18108]
[18109 18254]
[18255 18353]
[18354 18442]
[18443 18529]
[18530 18624]
[18625 18705]
[18706 18804]
[18805 18935]
[18936 18994]
[18995 19029]
[19030 19064]
[19065 19099]
[19100 19134]
[19135 19174]
[19175 19214]
[19215 19254]
[19255 19294]
[19295 19334]
[19335 19438]
[19439 19802]
[19803 19926]
[19927 20029]
[20030 20192]
[20193 20367]
[20368 20417]
[20418 20690]
[20691 20865]
[20866 21037]
[21038 21491]
[21492 21597]
[21598 21730]
[21731 21830]
[21831 21936]
[21937 21972]
[21973 22051]
[22052 22130]
[22131 22168]
[22169 22214]
[22215 22287]
[22288 22340]
[22341 22374]
[22375 22453]
[22454 22493]
[22494 22534]
[22535 22580]
[22581 22606]
[22607 22967]
[22968 23113]
[23114 23175]
[23176 23230]
[23231 23283]
[23284 23374]
[23375 23498]
[23499 23574]
[23575 23642]
[23643 23735]
[23736 23827]
[23828 23897]
[23898 23955]
[23956 24019]
[24020 24103]
[24104 24176]
[24177 24241]
[24242 24305]
[24306 24364]
[24365 24439]
[24440 24696]
[24697 24776]
[24777 24855]
[24856 24934]
[24935 25003]
[25004 25091]
[25092 25180]
[25181 25412]
[25413 25510]
[25511 25586]
[25587 25648]
[25649 25740]
[25741 25857]
[25858 26004]
[26005 26290]
[26291 26711]
[26712 27057]
[27058 27364]
[27365 27439]
[27440 27505]
[27506 27561]
[27562 27615]
[27616 27678]
[27679 27766]
[27767 27862]
[27863 27931]
[27932 28054]
[28055 28288]
[28289 28369]
[28370 28459]
[28460 28626]
[28627 28696]
[28697 28755]
[28756 28834]
[28835 28898]
[28899 28979]
[28980 29236]
[29237 29308]
[29309 29487]
[29488 29521]
[29522 29554]
[29555 29625]
[29626 29694]
[29695 29812]
[29813 30323]
[30324 30544]
[30546 30692]
[30693 30720]
[30721 30748]
[30749 30778]
[30779 30822]
[30823 30848]
[30849 30876]
[30877 30917]
[30918 30955]
[30956 30994]
[30995 31031]
[31032 31064]
[31065 31084]
[31085 31109]
[31110 31132]
[31133 31189]
[31190 31210]
[31211 31557]
[31558 31649]
