[ 0 15]
[ 17 250]
[251 303]
[304 333]
[334 359]
[360 395]
[396 430]
[431 455]
[456 479]
[480 503]
[504 529]
[530 555]
[556 586]
[587 619]
[620 647]
[648 679]
[680 708]
[709 737]
[738 767]
[768 888]
[ 889 1221]
[1222 1262]
[1263 1312]
[1313 1361]
[1362 1392]
[1393 1420]
[1421 1499]
[1500 1539]
[1540 1568]
[1569 1624]
[1625 1665]
[1666 1746]
[1747 1789]
[1790 1837]
[1838 1908]
[1909 1950]
[1951 1988]
[1989 2027]
[2028 2113]
[2114 2443]
[2444 2524]
[2525 2557]
[2558 2590]
[2591 2646]
[2647 2688]
[2689 2755]
[2756 2820]
[2821 2891]
[2892 2937]
[2938 2990]
[2991 3025]
[3026 3061]
[3062 3151]
[3152 3259]
[3260 3320]
[3321 3361]
[3362 3385]
[3386 3448]
[3449 3550]
[3551 3581]
[3582 3617]
[3618 3682]
[3683 3737]
[3738 3796]
[3797 3827]
[3828 3860]
[3861 4215]
[4216 4245]
[4246 4291]
[4292 4325]
[4326 4398]
[4399 4498]
[4499 4555]
[4556 4643]
[4644 4690]
[4691 4758]
[4759 4811]
[4812 4892]
[4893 4924]
[4925 4998]
[4999 5029]
[5030 5128]
[5129 5228]
[5229 5295]
[5296 5347]
[5348 5411]
[5412 5448]
[5449 5539]
[5540 5590]
[5591 5625]
[5626 5980]
[5981 6067]
[6068 6158]
[6159 6246]
[6247 6363]
[6364 6470]
[6471 6594]
[6595 6714]
[6715 6839]
[6840 6955]
[6956 7202]
[7203 7232]
[7233 7279]
[7280 7329]
[7330 7391]
[7392 7438]
[7439 7483]
[7484 7521]
[7522 7571]
[7572 7600]
[7601 7827]
[7828 8178]
[8179 8220]
[8221 8270]
[8271 8320]
[8321 8382]
[8383 8444]
[8445 8494]
[8495 8544]
[8545 8594]
[8595 8656]
[8657 8701]
[8702 8742]
[8743 8804]
[8805 8855]
[8856 8903]
[8904 8943]
[8944 8984]
[8985 9013]
[9014 9042]
[9043 9084]
[9085 9134]
[9135 9246]
[9247 9630]
[9631 9746]
[9747 9863]
[9864 9980]
[ 9981 10251]
[10252 10358]
[10359 10459]
[10460 10532]
[10533 10577]
[10578 10640]
[10641 10702]
[10703 10751]
[10752 10802]
[10803 10836]
[10837 10871]
[10872 11267]
[11268 11384]
[11385 11615]
[11616 11744]
[11745 11852]
[11853 12021]
[12022 12332]
[12333 12456]
[12457 12567]
[12568 12657]
[12658 12721]
[12722 12822]
[12823 12869]
[12870 12917]
[12918 12961]
[12962 13004]
[13005 13055]
[13056 13076]
[13077 13121]
[13122 13162]
[13163 13278]
[13279 13369]
[13370 13418]
[13419 13466]
[13467 13494]
[13495 13521]
[13522 13604]
[13605 13990]
[13991 14119]
[14120 14251]
[14252 14357]
[14358 14446]
[14447 14547]
[14548 14676]
[14677 14760]
[14761 14854]
[14855 15196]
[15197 15297]
[15298 15368]
[15369 15448]
[15449 15498]
[15499 15563]
[15564 15626]
[15627 15716]
[15717 15740]
[15741 15991]
[15992 16096]
[16097 16308]
[16309 16372]
[16373 16403]
[16404 16531]
[16532 16563]
[16564 16640]
[16641 17176]
[17177 17241]
[17242 17311]
[17312 17369]
[17370 17411]
[17412 17449]
[17450 17511]
[17512 17551]
[17552 17630]
[17631 17696]
[17697 17771]
[17772 17807]
[17808 17864]
[17865 17922]
[17923 17984]
[17985 18032]
[18033 18086]
[18087 18158]
[18159 18225]
[18226 18278]
[18279 18314]
[18315 18369]
[18370 18419]
[18420 18703]
[18704 18864]
[18865 19158]
[19159 19257]
[19258 19336]
[19337 19458]
[19459 19601]
[19602 19679]
[19680 19745]
[19746 19980]
[19981 20348]
[20349 21015]
[21016 21080]
[21082 21205]
[21206 21313]
[21314 21625]
[21626 21688]
[21689 21742]
[21743 21804]
[21805 21872]
[21873 21931]
[21932 21992]
[21993 22049]
[22050 22111]
[22112 22180]
[22181 22247]
[22248 22317]
[22318 22389]
[22390 22447]
[22448 22522]
[22523 22584]
[22585 22639]
[22640 22707]
[22708 22905]
[22906 22976]
[22977 23025]
[23026 23079]
[23080 23146]
[23147 23197]
[23198 23262]
[23263 23348]
[23349 23386]
[23387 23430]
[23431 23486]
[23487 23552]
[23553 23627]
[23628 23701]
[23702 23763]
[23764 24082]
[24083 24183]
[24184 24290]
[24291 24360]
[24361 24462]
[24463 24570]
[24571 24676]
[24677 24700]
[24701 24759]
[24760 24851]
[24852 24934]
[24935 25135]
[25136 25303]
[25304 25446]
[25447 25506]
[25507 25565]
[25566 25593]
[25594 25702]
[25703 25757]
[25758 25798]
[25799 25909]
[25910 25950]
[25951 26039]
[26040 26191]
[26192 26320]
[26321 26371]
[26372 26464]
[26465 26511]
[26512 26570]
[26571 26717]
[26718 26918]
[26919 27265]
[27266 27496]
[27497 27801]
[27802 27903]
[27904 28029]
[28030 28149]
[28150 28251]
[28252 28691]
[28693 28749]
