[0 2]
[  4 238]
[239 291]
[292 320]
[321 349]
[350 379]
[380 418]
[419 449]
[450 471]
[472 510]
[511 543]
[544 579]
[580 632]
[633 667]
[668 719]
[720 759]
[760 791]
[792 871]
[ 872 1275]
[1276 1428]
[1429 1457]
[1458 1508]
[1509 1575]
[1576 1636]
[1637 1689]
[1690 1788]
[1789 1843]
[1844 1917]
[1918 2155]
[2156 2258]
[2259 2393]
[2394 2592]
[2593 2636]
[2637 2682]
[2683 2741]
[2742 3244]
[3245 3287]
[3288 3337]
[3338 3657]
[3658 3756]
[3757 3784]
[3785 3912]
[3913 3968]
[3969 4015]
[4016 4044]
[4045 4093]
[4094 4140]
[4141 4191]
[4192 4281]
[4282 4304]
[4305 4351]
[4352 4399]
[4400 4451]
[4452 4493]
[4494 4525]
[4526 4583]
[4584 4621]
[4622 4659]
[4660 4704]
[4705 4779]
[4780 5370]
[5371 5429]
[5430 5510]
[5511 5643]
[5644 5740]
[5741 5994]
[5995 6080]
[6081 6176]
[6177 6229]
[6230 6311]
[6312 6348]
[6349 6386]
[6387 6460]
[6461 6544]
[6545 6594]
[6595 6673]
[6674 6711]
[6712 6777]
[6778 6851]
[6852 6969]
[6970 7212]
[7213 7286]
[7287 7357]
[7358 7424]
[7425 7484]
[7485 7546]
[7547 7662]
[7663 7714]
[7715 7805]
[7806 7858]
[7859 7903]
[7904 7962]
[7963 7987]
[7988 8098]
[8099 8483]
[8484 8536]
[8537 8634]
[8635 8689]
[8690 8824]
[8825 9213]
[9214 9305]
[9306 9398]
[9399 9518]
[9519 9564]
[9565 9644]
[9645 9702]
[9703 9753]
[9754 9797]
[9798 9830]
[9831 9951]
[ 9952 10013]
[10014 10390]
[10391 10485]
[10486 10569]
[10570 10608]
[10609 10653]
[10654 10725]
[10726 10807]
[10808 10904]
[10905 10968]
[10969 11003]
[11004 11034]
[11035 11081]
[11082 11105]
[11106 11209]
[11210 11278]
[11279 11412]
[11413 11457]
[11458 11495]
[11496 11552]
[11553 11588]
[11589 11653]
[11654 11767]
[11768 11833]
[11834 11868]
[11869 11918]
[11919 12278]
[12279 12569]
[12570 12609]
[12610 12632]
[12633 12675]
[12676 12768]
[12769 12790]
[12791 12973]
[12974 13036]
[13037 13080]
[13081 13112]
[13113 13219]
[13220 13300]
[13301 13382]
[13383 13448]
[13449 13503]
[13504 13551]
[13552 13590]
[13591 13937]
[13938 13972]
[13973 14019]
[14020 14121]
[14122 14191]
[14192 14194]
[14195 14707]
[14708 14825]
[14826 14904]
[14905 14990]
[14991 15062]
[15063 15172]
[15173 15272]
[15273 15342]
[15343 15452]
[15453 15522]
[15523 15549]
[15550 15709]
[15710 15789]
[15790 15973]
[15974 16139]
[16140 16186]
[16187 16238]
[16239 16266]
[16267 16331]
[16332 16398]
[16399 16434]
[16435 16535]
[16536 16647]
[16648 16753]
[16754 16807]
[16808 16854]
[16855 16937]
[16938 17061]
[17062 17158]
[17159 17241]
[17242 17358]
[17359 17415]
[17416 17461]
[17462 17839]
[17840 17983]
[17984 18022]
[18023 18064]
[18065 18124]
[18125 18183]
[18184 18346]
[18347 18457]
[18458 18500]
[18501 18552]
[18553 18580]
[18581 18640]
[18641 18686]
[18687 18737]
[18738 18796]
[18797 18866]
[18867 18910]
[18911 18961]
[18962 19000]
[19001 19103]
[19104 19343]
[19344 19456]
[19457 19536]
[19537 19668]
[19669 19758]
[19759 19811]
[19812 19878]
[19879 19911]
[19912 19982]
[19983 20061]
[20062 20259]
[20260 20310]
[20311 20330]
[20331 20427]
[20428 20706]
[20707 20818]
[20819 20900]
[20901 20990]
[20991 21096]
[21097 21385]
[21386 21524]
[21525 21604]
[21605 21722]
[21723 21818]
[21819 21857]
[21858 21941]
[21942 22041]
[22042 22075]
[22076 22379]
[22380 22489]
[22490 22591]
[22592 22677]
[22678 22784]
[22785 22816]
[22817 22916]
[22917 23002]
[23003 23124]
[23125 23394]
[23395 23520]
[23521 23902]
[23903 24109]
[24110 24377]
[24378 24691]
[24692 24787]
[24788 24951]
[24952 25080]
[25081 25233]
[25234 25326]
[25327 25653]
[25654 25712]
[25713 25767]
[25768 25835]
[25836 25902]
[25903 25990]
[25991 26046]
[26047 26088]
[26089 26151]
[26152 26215]
[26216 26267]
[26268 26271]
[26272 26316]
[26317 26394]
[26395 26663]
[26664 26750]
[26751 26815]
[26816 26880]
[26881 26926]
[26927 26973]
[26974 27043]
[27044 27093]
[27094 27118]
[27119 27161]
[27162 27221]
[27222 27705]
[27706 27799]
[27800 27876]
[27877 27953]
[27954 28060]
[28061 28136]
[28137 28221]
[28222 28359]
[28360 28425]
[28426 28591]
[28592 28671]
[28672 28746]
[28747 28827]
[28828 28915]
[28916 28988]
[28989 29505]
[29506 29599]
