[  0 410]
[411 465]
[466 489]
[490 515]
[516 543]
[544 592]
[593 615]
[616 637]
[638 663]
[664 689]
[690 716]
[717 745]
[746 773]
[774 803]
[804 842]
[843 876]
[877 913]
[914 948]
[ 949 1046]
[1047 1538]
[1539 1560]
[1561 1591]
[1592 1769]
[1770 1820]
[1821 1888]
[1889 2035]
[2036 2183]
[2184 2273]
[2274 2359]
[2360 2434]
[2435 2507]
[2508 2561]
[2562 2640]
[2641 2703]
[2704 2755]
[2756 2780]
[2781 2830]
[2831 2902]
[2903 2967]
[2968 3064]
[3065 3103]
[3104 3236]
[3237 3341]
[3342 3409]
[3410 3472]
[3473 3517]
[3518 3602]
[3603 3759]
[3760 4190]
[4191 4237]
[4238 4300]
[4301 4353]
[4354 4411]
[4412 4452]
[4453 4608]
[4609 4654]
[4655 4736]
[4737 4805]
[4806 4975]
[4976 5021]
[5022 5162]
[5163 5307]
[5308 5361]
[5362 5378]
[5379 5434]
[5435 5500]
[5501 5565]
[5566 5603]
[5604 5689]
[5690 5762]
[5763 5797]
[5798 6094]
[6095 6167]
[6168 6299]
[6300 6429]
[6430 6528]
[6529 6592]
[6593 6712]
[6713 6735]
[6736 6991]
[6992 7047]
[7048 7123]
[7124 7191]
[7192 7253]
[7254 7321]
[7322 7390]
[7391 7404]
[7405 7430]
[7431 7451]
[7452 7486]
[7487 7506]
[7507 7534]
[7535 7582]
[7583 7646]
[7647 7717]
[7718 7899]
[7900 7954]
[7955 8016]
[8018 8291]
[8292 8330]
[8331 8371]
[8372 8434]
[8435 8484]
[8485 8865]
[8866 8925]
[8926 8969]
[8970 9023]
[9024 9097]
[9098 9179]
[9180 9232]
[9233 9299]
[9300 9375]
[9376 9445]
[9446 9521]
[9522 9583]
[9584 9671]
[9672 9848]
[9849 9913]
[ 9914 10018]
[10019 10058]
[10059 10094]
[10095 10149]
[10150 10211]
[10212 10250]
[10251 10295]
[10296 10340]
[10341 10436]
[10437 10567]
[10568 10604]
[10605 10636]
[10637 10678]
[10679 10711]
[10712 10747]
[10748 10772]
[10773 10804]
[10805 10834]
[10835 10880]
[10881 10905]
[10906 10927]
[10928 11008]
[11009 11244]
[11245 11372]
[11373 11535]
[11536 11607]
[11608 11741]
[11742 11845]
[11846 11945]
[11946 11974]
[11975 12036]
[12037 12091]
[12092 12185]
[12186 12459]
[12460 12517]
[12518 12597]
[12598 12797]
[12798 12932]
[12933 13017]
[13018 13077]
[13078 13147]
[13148 13206]
[13207 13267]
[13268 13327]
[13328 13386]
[13387 13457]
[13458 13527]
[13528 13601]
[13602 14027]
[14028 14143]
[14144 14225]
[14226 14278]
[14279 14412]
[14413 14524]
[14525 14628]
[14629 14856]
[14857 14992]
[14993 15336]
[15337 15466]
[15467 15692]
[15693 15742]
[15743 15792]
[15793 15842]
[15843 16073]
[16074 16522]
[16523 16586]
[16587 16646]
[16647 16716]
[16717 16776]
[16777 16876]
[16877 16946]
[16947 17016]
[17017 17077]
[17078 17145]
[17146 17202]
[17203 17277]
[17278 17332]
[17333 17470]
[17471 17562]
[17563 17636]
[17637 17716]
[17717 17801]
[17802 17943]
[17944 18050]
[18051 18168]
[18169 18214]
[18215 18283]
[18284 18344]
[18345 18413]
[18414 18537]
[18538 18682]
[18683 18748]
[18749 18833]
[18834 18934]
[18935 19006]
[19007 19072]
[19073 19137]
[19138 19252]
[19253 19309]
[19310 19361]
[19362 19407]
[19408 19458]
[19459 19498]
[19499 19612]
[19613 19634]
[19635 19658]
[19659 19681]
[19682 19721]
[19722 19747]
[19748 19793]
[19794 19854]
[19855 19908]
[19909 19961]
[19962 20056]
[20057 20657]
[20658 20769]
[20770 20870]
[20871 20974]
[20975 21080]
[21081 21170]
[21171 21273]
[21274 21379]
[21380 21478]
[21479 21571]
[21572 21663]
[21664 21775]
[21776 21873]
[21874 21976]
[21977 22074]
[22075 22165]
[22166 22272]
[22273 22533]
[22534 22567]
[22568 22603]
[22604 22657]
[22658 22685]
[22686 22728]
[22729 22788]
[22789 22821]
[22822 22868]
[22869 23033]
[23034 23066]
[23067 23088]
[23089 23124]
[23125 23242]
[23243 23396]
[23397 23674]
[23675 23726]
[23727 23807]
[23808 23875]
[23876 23969]
[23970 24209]
[24210 24214]
[24215 24267]
[24268 24282]
[24283 24416]
[24417 24490]
[24491 24675]
[24676 24824]
[24825 25031]
[25032 25168]
[25169 25392]
[25393 25443]
[25444 25626]
[25627 25779]
[25780 25861]
[25862 25957]
[25958 26056]
[26057 26171]
[26172 26262]
[26263 26335]
[26336 26516]
[26517 26616]
[26617 26671]
[26672 26750]
[26751 26821]
[26822 26916]
[26917 26947]
[26948 27072]
[27073 27156]
[27157 27244]
[27245 27440]
[27441 27648]
[27649 27847]
[27848 27967]
[27968 28090]
[28091 28220]
[28221 28365]
[28366 28478]
[28479 28554]
[28555 28708]
[28709 28836]
[28837 28923]
[28924 29009]
[29010 29077]
[29078 29108]
[29109 29201]
[29202 29253]
[29254 29301]
[29302 29351]
[29352 29442]
[29443 29506]
[29507 29596]
[29597 29658]
[29659 29728]
[29729 29795]
[29796 29882]
[29883 30027]
[30028 30510]
[30511 30568]
[30569 30695]
[30696 30812]
[30813 30871]
[30872 30906]
[30907 30982]
[30983 31175]
[31176 31269]
[31270 31389]
[31390 31463]
[31464 31593]
[31594 31633]
[31634 31670]
[31671 31725]
[31726 31768]
[31769 31840]
[31841 31936]
[31937 32007]
[32008 32088]
[32089 32337]
[32338 32449]
