[ 0 33]
[ 34 348]
[349 405]
[406 471]
[472 499]
[500 532]
[533 656]
[657 689]
[690 720]
[721 751]
[752 781]
[782 813]
[814 844]
[845 874]
[875 904]
[905 983]
[ 984 1544]
[1545 1652]
[1653 1783]
[1784 1894]
[1895 1991]
[1992 2061]
[2062 2121]
[2122 2173]
[2174 2221]
[2222 2281]
[2282 2335]
[2336 2447]
[2448 2582]
[2583 2691]
[2692 2735]
[2736 2853]
[2854 2900]
[2901 3033]
[3034 3078]
[3079 4023]
[4024 4221]
[4222 4359]
[4360 4476]
[4477 4638]
[4639 5157]
[5158 5588]
[5589 5648]
[5649 5680]
[5681 5745]
[5746 5789]
[5790 5821]
[5822 5842]
[5843 5880]
[5881 5930]
[5931 5996]
[5997 6036]
[6037 6080]
[6081 6106]
[6107 6152]
[6153 6181]
[6182 6201]
[6202 6266]
[6267 6342]
[6343 6441]
[6442 6493]
[6494 6528]
[6529 6579]
[6580 6631]
[6632 6690]
[6691 6759]
[6760 6819]
[6820 6852]
[6853 6907]
[6908 7048]
[7049 7093]
[7094 7548]
[7549 7857]
[7858 7877]
[7878 7935]
[7936 7986]
[7987 8020]
[8021 8083]
[8084 8131]
[8132 8188]
[8189 8327]
[8328 8420]
[8421 8473]
[8474 8522]
[8523 8585]
[8586 8636]
[8637 8670]
[8671 8724]
[8725 8739]
[8740 8773]
[8774 8833]
[8834 8895]
[8896 8925]
[8926 8987]
[8988 9016]
[9017 9049]
[9050 9081]
[9082 9143]
[9144 9161]
[9162 9180]
[9181 9226]
[9227 9268]
[9269 9286]
[9287 9305]
[9306 9341]
[9342 9390]
[9391 9447]
[9448 9493]
[9494 9531]
[9532 9572]
[9573 9627]
[9628 9662]
[9663 9697]
[9698 9732]
[9733 9767]
[9768 9802]
[9803 9886]
[ 9887 10267]
[10268 10403]
[10404 10550]
[10551 10659]
[10660 10896]
[10897 10934]
[10935 10960]
[10961 10998]
[10999 11101]
[11102 11165]
[11166 11317]
[11318 11414]
[11415 11476]
[11477 11581]
[11582 11635]
[11636 11760]
[11761 11854]
[11855 11955]
[11956 12068]
[12069 12146]
[12147 12221]
[12222 12294]
[12295 12407]
[12408 12466]
[12467 12573]
[12574 12845]
[12846 12952]
[12953 13036]
[13037 13207]
[13208 13250]
[13251 13330]
[13331 13460]
[13461 13734]
[13735 13893]
[13894 13934]
[13935 13988]
[13989 14034]
[14035 14314]
[14315 14417]
[14418 14506]
[14507 14677]
[14678 14834]
[14835 14897]
[14898 15025]
[15026 15319]
[15320 15399]
[15400 15465]
[15466 15918]
[15919 16011]
[16012 16091]
[16092 16125]
[16126 16184]
[16185 16242]
[16243 16303]
[16304 16390]
[16391 16454]
[16455 16501]
[16502 16553]
[16554 16609]
[16610 16959]
[16960 17061]
[17062 17134]
[17135 17197]
[17198 17268]
[17269 17674]
[17675 17751]
[17752 17791]
[17792 17871]
[17872 17930]
[17931 18005]
[18006 18047]
[18048 18102]
[18103 18157]
[18158 18187]
[18188 18265]
[18266 18330]
[18331 18377]
[18378 18469]
[18470 18537]
[18538 18583]
[18584 18626]
[18627 18687]
[18688 18841]
[18842 18944]
[18945 19137]
[19138 19218]
[19219 19287]
[19288 19354]
[19355 19418]
[19419 19549]
[19550 19610]
[19611 19666]
[19667 19719]
[19720 19772]
[19773 19831]
[19832 19891]
[19892 19955]
[19956 20007]
[20009 20096]
[20097 20234]
[20235 20302]
[20303 20370]
[20371 20427]
[20428 20483]
[20484 20543]
[20544 20589]
[20590 20630]
[20631 20667]
[20668 20699]
[20700 21025]
[21026 21326]
[21327 21692]
[21693 21772]
[21773 22038]
[22039 22074]
[22075 22144]
[22145 22190]
[22191 22272]
[22273 22976]
[22977 23255]
[23256 23345]
[23346 23436]
[23437 23486]
[23487 23539]
[23540 23661]
[23662 23811]
[23812 23978]
[23979 24085]
[24086 24217]
[24218 24302]
[24303 24380]
[24381 24432]
[24433 24467]
[24468 24502]
[24503 24537]
[24538 24572]
[24573 24612]
[24613 24647]
[24648 24682]
[24683 24717]
[24718 24752]
[24753 24787]
[24788 24875]
[24876 25382]
[25383 25521]
[25522 25561]
[25562 25610]
[25611 25663]
[25664 25736]
[25737 25811]
[25812 25909]
[25910 26004]
[26005 26078]
[26079 26163]
[26164 26254]
[26255 26347]
[26348 26454]
[26455 26531]
[26532 26611]
[26612 26659]
[26660 26721]
[26722 26764]
[26765 27123]
[27124 27227]
[27228 27289]
[27290 27323]
[27324 27379]
[27380 27420]
[27421 27449]
[27450 27483]
[27484 27563]
[27564 27631]
[27632 27726]
[27727 27803]
[27804 27897]
[27898 27929]
[27930 27970]
[27971 28021]
[28022 28074]
[28075 28120]
[28121 28180]
[28181 28473]
[28474 28564]
[28565 28627]
[28628 28692]
[28693 28749]
[28750 28798]
[28799 28856]
[28857 28906]
[28907 28945]
[28946 29003]
[29004 29057]
[29058 29113]
[29114 29165]
[29166 29217]
[29218 29273]
[29274 29319]
[29320 29380]
[29381 29447]
[29448 29504]
[29505 29588]
[29589 29649]
[29650 30249]
